430418 苏轴股份 日线 不复权
      日期	    开盘	    最高	    最低	    收盘	    成交量	    成交额
2014/12/29	8.50	8.50	8.50	8.50	2026000	17221000.00
2015/01/12	8.50	8.50	8.50	8.50	100000	850000.00
2015/02/02	11.25	15.00	11.25	13.80	449000	5955470.00
2015/02/03	13.60	15.00	13.60	14.72	220000	3206450.00
2015/02/04	14.60	14.72	14.00	14.13	98000	1408120.00
2015/02/05	14.13	14.40	13.98	14.20	82000	1155440.00
2015/02/06	14.35	14.40	14.19	14.19	40000	573850.00
2015/02/09	14.00	14.44	13.75	14.40	59000	823920.00
2015/02/10	14.00	14.15	14.00	14.15	21000	297000.00
2015/02/11	14.20	14.25	14.08	14.25	61000	865840.00
2015/02/12	14.44	14.44	13.90	13.90	2000	28340.00
2015/02/13	13.90	14.00	13.90	14.00	20000	279000.00
2015/02/16	13.90	14.19	13.90	14.00	19000	265380.00
2015/02/17	14.00	14.19	13.95	14.00	46000	642750.00
2015/02/25	14.50	14.50	14.10	14.10	18000	254600.00
2015/02/26	14.05	14.05	13.90	13.99	23000	321610.00
2015/02/27	14.02	14.07	13.93	14.05	40000	560660.00
2015/03/02	14.05	14.05	14.02	14.02	21000	294870.00
2015/03/03	14.20	14.40	13.80	13.80	54000	758600.00
2015/03/04	14.16	14.20	14.00	14.20	53000	747010.00
2015/03/05	14.30	15.88	14.30	15.50	401000	6038120.00
2015/03/06	15.68	17.80	15.60	17.80	544000	9011010.00
2015/03/09	17.80	19.50	17.80	18.60	495000	9147780.00
2015/03/10	18.66	19.50	17.28	17.30	123000	2281360.00
2015/03/11	17.25	18.08	16.67	18.08	116000	1999880.00
2015/03/12	17.40	17.40	17.00	17.00	16000	275980.00
2015/03/13	17.00	17.00	16.70	16.70	34000	570200.00
2015/03/16	16.75	17.15	16.75	17.04	127000	2157510.00
2015/03/17	16.90	17.18	16.80	16.90	143000	2440350.00
2015/03/18	16.91	17.15	16.90	16.90	73000	1243100.00
2015/03/19	16.76	17.05	16.60	16.60	71000	1188540.00
2015/03/20	16.20	16.60	15.50	16.42	106000	1728330.00
2015/03/23	16.30	16.73	16.30	16.70	105000	1736200.00
2015/03/24	16.40	16.80	15.40	16.80	324000	5200130.00
2015/03/25	15.18	17.15	15.18	17.15	126000	2117140.00
2015/03/26	16.75	17.73	16.75	17.45	75000	1295830.00
2015/03/27	17.55	18.35	17.50	18.15	132000	2375300.00
2015/03/30	18.50	19.75	18.50	19.75	101000	1928860.00
2015/03/31	19.20	19.60	18.30	18.30	128000	2400460.00
2015/04/01	18.90	20.15	18.90	19.65	531000	10433600.00
2015/04/02	20.10	20.81	19.50	19.50	461000	9322750.00
2015/04/03	20.60	21.47	20.00	20.85	557000	11525680.00
2015/04/07	21.00	23.30	20.85	22.37	774000	17297640.00
2015/04/08	22.37	22.61	20.20	20.85	194000	4138370.00
2015/04/09	20.85	21.05	20.10	20.52	107000	2200760.00
2015/04/10	20.60	21.65	20.60	21.30	204000	4322780.00
2015/04/13	21.50	21.50	20.23	20.85	119000	2504860.00
2015/04/14	20.50	20.52	19.35	19.55	77000	1527640.00
2015/04/15	19.55	20.25	19.15	20.25	65000	1268560.00
2015/04/16	19.65	21.50	19.65	21.50	99000	2068590.00
2015/04/17	21.95	22.55	21.50	22.40	165000	3637860.00
2015/04/20	22.00	22.00	21.40	21.45	130000	2814100.00
2015/04/21	21.30	21.40	19.65	20.50	85000	1767030.00
2015/04/22	19.98	19.98	19.00	19.00	83000	1605860.00
2015/04/23	19.55	19.75	18.80	19.20	75000	1440000.00
2015/04/24	18.77	19.15	18.30	19.15	41000	766760.00
2015/04/27	19.25	19.26	17.30	18.00	56000	1032340.00
2015/04/28	17.25	18.00	16.37	16.96	44000	754710.00
2015/04/29	17.10	17.70	16.50	17.10	32000	549230.00
2015/04/30	17.70	17.75	17.50	17.70	35000	619450.00
2015/05/04	17.70	18.45	17.50	18.35	170000	3098690.00
2015/05/05	18.31	18.40	17.80	17.80	41000	742890.00
2015/05/06	18.00	18.00	17.30	17.63	21000	370430.00
2015/05/07	17.50	17.70	17.40	17.70	26000	457400.00
2015/05/08	17.40	17.70	17.35	17.70	20000	350150.00
2015/05/11	17.40	17.60	17.10	17.10	20000	348600.00
2015/05/12	17.90	17.90	17.45	17.55	61000	1074070.00
2015/05/13	17.80	17.80	17.30	17.50	28000	490100.00
2015/05/14	17.80	17.80	17.30	17.50	16000	279150.00
2015/05/15	17.70	17.80	17.70	17.80	32000	567950.00
2015/05/18	17.90	18.24	17.75	18.00	81000	1461010.00
2015/05/19	17.68	18.20	17.68	18.20	31000	551360.00
2015/05/20	17.90	18.05	17.76	17.90	75000	1345830.00
2015/05/21	17.70	18.10	17.50	17.50	70000	1245150.00
2015/05/22	17.50	17.90	17.43	17.90	119000	2091650.00
2015/05/25	17.46	17.80	17.46	17.70	92000	1624440.00
2015/05/26	17.75	17.75	16.94	17.55	114000	1985790.00
2015/05/27	17.75	17.75	17.02	17.10	70000	1198760.00
2015/05/28	17.20	17.35	17.04	17.04	53000	911510.00
2015/05/29	17.00	17.46	17.00	17.04	16000	274900.00
2015/06/01	17.00	17.80	17.00	17.60	32000	564180.00
2015/06/02	17.16	17.70	17.16	17.60	36000	632260.00
2015/06/03	17.40	17.60	17.40	17.60	8000	139500.00
2015/06/04	17.30	17.30	17.20	17.20	6000	103700.00
2015/06/08	17.00	17.15	16.33	16.33	44000	732240.00
2015/06/09	16.36	16.40	16.36	16.40	12000	196700.00
2015/06/10	16.50	16.50	16.50	16.50	1000	16500.00
2015/06/12	16.60	16.60	16.60	16.60	1000	16600.00
2015/06/15	16.19	16.26	15.80	16.26	24000	385720.00
2015/06/16	15.86	15.86	15.86	15.86	3000	47580.00
2015/06/17	15.70	15.70	15.70	15.70	4000	62800.00
2015/06/19	15.50	15.50	15.40	15.40	5000	77300.00
2015/06/23	15.40	15.40	15.00	15.00	29000	440620.00
2015/06/24	14.80	14.85	14.63	14.85	9000	132980.00
2015/06/25	14.55	14.90	14.30	14.30	51000	745240.00
2015/06/26	14.00	14.00	13.30	13.74	68000	924040.00
2015/06/29	13.50	13.50	12.50	12.84	55000	720310.00
2015/06/30	13.00	13.10	12.12	12.53	161000	2015670.00
2015/07/01	12.80	12.84	12.40	12.44	33000	417520.00
2015/07/02	12.40	12.40	11.98	11.98	15000	182870.00
2015/07/03	11.90	11.90	11.00	11.00	32000	366180.00
2015/07/06	11.20	11.20	10.36	10.36	22000	239400.00
2015/07/07	10.30	10.30	7.60	7.60	92000	775500.00
2015/07/08	7.49	7.49	6.49	7.12	148000	1012530.00
2015/07/09	7.26	9.70	7.26	9.70	226000	2013310.00
2015/07/10	9.89	11.57	9.70	11.57	200000	2234960.00
2015/07/13	11.50	11.50	11.30	11.35	16000	182060.00
2015/07/14	11.50	11.88	11.40	11.88	96000	1112150.00
2015/07/15	11.41	11.50	10.84	10.84	28000	313590.00
2015/07/16	11.18	11.33	11.18	11.33	4000	44870.00
2015/07/17	11.11	11.36	11.11	11.36	12000	135650.00
2015/07/20	11.40	11.50	11.40	11.50	6000	68600.00
2015/07/21	11.70	11.73	11.30	11.73	19000	220180.00
2015/07/22	11.40	12.25	11.40	12.10	23000	275110.00
2015/07/23	12.20	12.20	12.20	12.20	3000	36600.00
2015/07/24	12.40	12.40	11.92	12.30	6000	72920.00
2015/07/27	12.40	12.75	12.40	12.70	11000	137900.00
2015/07/29	12.37	12.72	12.30	12.43	31000	385320.00
2015/07/31	12.74	12.74	12.42	12.42	5000	62700.00
2015/08/03	12.66	12.80	11.90	12.23	64000	811060.00
2015/08/05	12.22	12.35	12.05	12.35	36000	435960.00
2015/08/06	12.11	12.62	11.85	12.62	38000	462070.00
2015/08/07	12.40	12.80	12.40	12.40	7000	87300.00
2015/08/10	12.64	12.80	12.64	12.80	6000	76640.00
2015/08/11	12.88	12.91	12.60	12.60	6000	76970.00
2015/08/12	12.85	12.85	12.85	12.85	1000	12850.00
2015/08/13	12.60	13.10	12.60	12.90	11000	142590.00
2015/08/14	12.70	12.75	12.70	12.75	2000	25450.00
2015/08/18	12.54	12.54	12.35	12.35	8000	99860.00
2015/08/19	12.59	12.59	12.59	12.59	1000	12590.00
2015/08/21	12.80	12.80	12.37	12.37	30000	374550.00
2015/08/24	12.35	12.39	10.85	10.85	58000	665840.00
2015/08/25	10.65	10.80	10.00	10.19	91000	951260.00
2015/08/26	10.22	10.22	10.00	10.18	22000	222020.00
2015/08/28	10.21	10.21	10.19	10.20	5000	51000.00
2015/08/31	10.22	10.30	10.00	10.30	8000	80740.00
2015/09/01	10.45	10.45	10.30	10.30	6000	61950.00
2015/09/02	10.15	10.15	10.15	10.15	5000	50750.00
2015/09/09	10.28	10.35	10.28	10.35	10000	103270.00
2015/09/10	10.20	10.35	10.20	10.35	60000	616500.00
2015/09/11	10.32	10.32	10.25	10.25	65000	668500.00
2015/09/14	10.05	10.05	10.05	10.05	2000	20100.00
2015/09/15	10.00	10.10	10.00	10.00	40000	401560.00
2015/09/16	10.00	10.19	9.98	10.19	39000	392790.00
2015/09/17	10.05	10.19	10.02	10.06	42000	424150.00
2015/09/21	10.02	10.02	10.02	10.02	10000	100200.00
2015/09/22	10.02	10.03	9.96	10.03	16000	159970.00
2015/09/24	10.10	10.22	10.10	10.22	14000	142130.00
2015/09/25	10.30	10.30	10.20	10.20	3000	30700.00
2015/09/28	10.16	10.16	10.16	10.16	1000	10160.00
2015/10/09	10.12	10.14	10.09	10.09	6000	60700.00
2015/10/12	10.10	10.16	10.10	10.15	5000	50630.00
2015/10/13	10.19	10.20	10.12	10.14	8000	81360.00
2015/10/14	10.20	10.28	10.15	10.25	7000	71550.00
2015/10/15	10.26	10.28	10.25	10.25	14000	143710.00
2015/10/16	10.24	10.26	10.23	10.25	5000	51230.00
2015/10/19	10.25	10.27	10.25	10.27	14000	143520.00
2015/10/20	10.06	10.15	10.06	10.07	17000	171200.00
2015/10/21	10.07	10.10	10.00	10.10	15000	151050.00
2015/10/22	10.00	10.00	9.41	9.78	76000	741320.00
2015/10/23	9.50	9.60	9.13	9.60	44000	411090.00
2015/10/26	9.63	9.68	9.60	9.60	9000	86660.00
2015/10/27	9.41	9.43	8.90	9.32	21000	194470.00
2015/10/28	9.32	9.32	9.20	9.22	25000	231520.00
2015/10/29	9.12	9.22	9.12	9.20	14000	128230.00
2015/10/30	9.23	9.23	9.12	9.12	25000	229540.00
2015/11/02	9.20	9.20	9.06	9.17	35000	319640.00
2015/11/03	9.06	9.06	8.00	8.93	44000	386760.00
2015/11/04	8.91	8.93	8.90	8.90	6000	53530.00
2015/11/05	8.95	9.10	8.95	9.10	10000	90380.00
2015/11/06	9.12	9.12	9.12	9.12	2000	18240.00
2015/11/09	9.10	9.30	9.10	9.30	15000	137700.00
2015/11/10	9.40	9.40	9.40	9.40	2000	18800.00
2015/11/11	9.30	9.40	9.25	9.30	4000	37250.00
2015/11/12	9.40	9.65	9.39	9.40	29000	274850.00
2015/11/13	9.58	9.58	9.58	9.58	1000	9580.00
2015/11/16	9.75	10.20	9.71	10.20	27000	267400.00
2015/11/17	10.27	10.50	10.20	10.50	49000	507020.00
2015/11/18	10.50	10.65	10.50	10.50	11000	115650.00
2015/11/19	10.40	10.50	10.40	10.43	13000	135790.00
2015/11/20	10.45	10.46	10.45	10.46	6000	62730.00
2015/11/23	10.55	10.74	10.53	10.60	77000	815550.00
2015/11/24	10.62	10.80	10.60	10.80	22000	234950.00
2015/11/25	10.90	12.19	10.90	12.19	76000	875080.00
2015/11/26	12.21	12.30	11.70	11.95	98000	1180200.00
2015/11/27	11.92	12.10	11.92	12.03	22000	265150.00
2015/11/30	12.10	12.10	11.90	12.10	15000	181200.00
2015/12/01	12.18	12.18	12.00	12.12	38000	461870.00
2015/12/02	12.10	12.10	12.00	12.05	16000	192350.00
2015/12/03	11.50	12.03	11.50	11.85	34000	400590.00
2015/12/04	11.85	11.90	11.82	11.85	11000	130340.00
2015/12/07	11.83	11.85	11.75	11.75	8000	94470.00
2015/12/08	11.60	11.99	11.60	11.99	7000	82990.00
2015/12/09	11.80	12.09	11.70	11.80	9000	105990.00
2015/12/10	11.80	12.00	11.50	11.60	22000	258550.00
2015/12/11	11.70	11.70	11.70	11.70	1000	11700.00
2015/12/14	11.45	11.45	11.32	11.32	9000	102920.00
2015/12/15	11.40	11.60	11.40	11.40	15000	172000.00
2015/12/16	11.41	11.41	11.41	11.41	1000	11410.00
2015/12/17	11.63	12.24	11.45	11.45	13000	151260.00
2015/12/18	11.80	11.80	11.45	11.45	7000	80550.00
2015/12/22	11.45	11.45	11.44	11.44	3000	34340.00
2015/12/23	11.40	11.55	11.40	11.55	3000	34350.00
2015/12/24	11.40	11.50	11.40	11.50	13000	149000.00
2015/12/29	11.60	11.60	11.60	11.60	6000	69600.00
2015/12/30	11.21	11.21	11.21	11.21	1000	11210.00
2015/12/31	11.20	11.30	11.20	11.21	31000	348040.00
2016/01/04	11.20	11.28	11.00	11.00	28000	313450.00
2016/01/05	11.04	11.04	11.04	11.04	1000	11040.00
2016/01/06	10.65	10.70	10.59	10.70	27000	286840.00
2016/01/07	10.60	10.90	10.45	10.60	18000	191770.00
2016/01/08	10.50	10.50	10.50	10.50	3000	31500.00
2016/01/11	10.46	10.50	10.41	10.41	18000	188320.00
2016/01/12	10.48	10.50	10.35	10.35	22000	228780.00
2016/01/14	10.48	10.48	10.48	10.48	1000	10480.00
2016/01/18	10.08	10.20	10.00	10.05	15000	151410.00
2016/01/19	10.28	10.28	10.20	10.27	24000	245900.00
2016/01/21	10.28	10.28	10.28	10.28	1000	10280.00
2016/01/22	10.08	10.08	10.08	10.08	1000	10080.00
2016/01/26	10.08	10.08	9.90	9.90	22000	220730.00
2016/01/27	9.80	9.80	9.80	9.80	2000	19600.00
2016/01/28	9.79	10.10	9.68	10.10	7000	69970.00
2016/01/29	9.75	10.19	9.75	10.19	31000	311850.00
2016/02/01	10.22	10.22	10.22	10.22	1000	10220.00
2016/02/02	10.02	10.05	9.82	10.05	14000	139720.00
2016/02/04	10.10	10.15	10.10	10.15	4000	40550.00
2016/02/15	10.20	10.20	10.20	10.20	1000	10200.00
2016/02/18	10.15	10.15	10.15	10.15	1000	10150.00
2016/02/19	10.20	10.20	10.00	10.00	5000	50800.00
2016/02/22	9.95	10.10	9.95	10.10	9000	89850.00
2016/02/23	9.95	10.05	9.92	10.05	6000	59740.00
2016/02/25	10.01	10.08	10.01	10.08	6000	60340.00
2016/02/26	10.09	10.09	10.09	10.09	1000	10090.00
2016/02/29	9.91	9.91	9.91	9.91	4000	39640.00
2016/03/03	9.79	9.79	9.77	9.77	3000	29350.00
2016/03/07	9.72	10.08	9.72	10.08	8000	79780.00
2016/03/08	10.23	10.23	10.08	10.08	2000	20310.00
2016/03/09	9.90	10.23	9.90	10.23	2000	20130.00
2016/03/10	9.90	9.90	9.90	9.90	1000	9900.00
2016/03/11	10.00	10.00	10.00	10.00	1000	10000.00
2016/03/14	10.20	10.20	10.20	10.20	2000	20400.00
2016/03/15	10.24	10.24	10.24	10.24	1000	10240.00
2016/03/16	10.25	10.30	10.00	10.30	7000	71330.00
2016/03/17	10.38	10.38	10.25	10.25	4000	41390.00
2016/03/18	10.10	10.35	10.10	10.35	2000	20450.00
2016/03/21	10.00	10.35	10.00	10.35	7000	71050.00
2016/03/22	10.39	10.40	10.39	10.40	3000	31180.00
2016/03/23	10.30	10.40	10.30	10.40	2000	20700.00
2016/03/24	10.20	10.30	10.16	10.30	9000	91640.00
2016/03/25	10.36	10.36	10.29	10.29	12000	123840.00
2016/03/28	10.22	10.22	10.22	10.22	1000	10220.00
2016/03/29	10.22	10.22	10.20	10.20	4000	40860.00
2016/03/30	10.40	10.51	10.35	10.40	23000	239260.00
2016/03/31	10.28	10.45	10.28	10.45	15000	155050.00
2016/04/01	10.52	10.63	10.52	10.63	5000	52910.00
2016/04/05	10.44	10.44	10.44	10.44	1000	10440.00
2016/04/06	10.73	10.73	10.30	10.50	101000	1055700.00
2016/04/07	10.70	10.70	10.70	10.70	8000	85600.00
2016/04/11	10.40	10.40	10.40	10.40	1000	10400.00
2016/04/12	10.34	10.34	10.34	10.34	1000	10340.00
2016/04/13	10.50	10.50	10.33	10.33	13000	134730.00
2016/04/14	10.30	10.50	10.13	10.20	64000	653960.00
2016/04/15	10.00	10.19	10.00	10.19	3000	30190.00
2016/04/18	9.88	9.90	9.50	9.65	106000	1024420.00
2016/04/19	9.67	9.85	9.40	9.85	67000	638770.00
2016/04/20	9.84	9.91	9.75	9.75	12000	117650.00
2016/04/21	9.95	9.95	9.95	9.95	1000	9950.00
2016/04/22	10.00	10.00	10.00	10.00	6000	60000.00
2016/04/25	10.05	10.05	9.90	9.90	2000	19950.00
2016/04/26	9.80	10.00	9.80	10.00	2000	19800.00
2016/04/27	10.00	10.00	10.00	10.00	16000	160000.00
2016/04/28	10.00	10.15	10.00	10.00	34000	341310.00
2016/04/29	10.00	10.00	10.00	10.00	3000	30000.00
2016/05/03	10.19	10.24	10.19	10.20	26000	265590.00
2016/05/05	10.24	10.25	10.00	10.20	35000	355890.00
2016/05/06	10.20	10.20	10.20	10.20	5000	51000.00
2016/05/09	10.00	10.25	10.00	10.15	82000	830550.00
2016/05/10	10.00	10.00	10.00	10.00	5000	50000.00
2016/05/11	10.00	10.00	10.00	10.00	5000	50000.00
2016/05/12	10.00	10.00	9.80	9.80	2000	19800.00
2016/05/16	9.80	9.80	9.59	9.80	13000	127130.00
2016/05/17	9.80	9.80	9.80	9.80	1000	9800.00
2016/05/18	9.83	9.83	9.83	9.83	1000	9830.00
2016/05/19	9.85	9.98	9.65	9.98	14000	137080.00
2016/05/20	10.10	10.10	9.90	9.90	12000	119800.00
2016/05/23	10.08	10.08	10.08	10.08	6000	60480.00
2016/05/24	10.10	10.10	10.00	10.10	5000	50200.00
2016/05/25	10.10	10.10	10.10	10.10	2000	20200.00
2016/05/26	10.10	10.34	10.10	10.20	36000	366800.00
2016/05/27	10.24	10.35	10.20	10.20	6000	61690.00
2016/05/30	10.50	10.50	10.50	10.50	1000	10500.00
2016/06/01	10.11	10.11	10.11	10.11	3000	30330.00
2016/06/02	10.05	10.05	10.00	10.00	5000	50050.00
2016/06/07	9.95	9.95	9.95	9.95	4000	39800.00
2016/06/08	10.20	10.20	10.00	10.00	12000	121250.00
2016/06/13	10.00	10.00	10.00	10.00	1000	10000.00
2016/06/14	10.10	10.10	10.10	10.10	1000	10100.00
2016/06/15	9.96	10.00	9.95	10.00	8000	79670.00
2016/06/16	9.92	9.92	9.90	9.90	6000	59420.00
2016/06/17	10.00	10.10	10.00	10.00	24000	240600.00
2016/06/20	10.15	10.18	10.15	10.18	6000	60930.00
2016/06/21	10.00	10.00	10.00	10.00	5000	50000.00
2016/06/24	6.59	6.59	6.59	6.59	3000	19770.00
2016/06/27	6.60	6.60	6.60	6.60	6000	39600.00
2016/06/29	6.60	6.60	6.60	6.60	1000	6600.00
2016/06/30	6.60	6.65	6.60	6.60	16000	105690.00
2016/07/01	6.64	6.80	6.64	6.80	15000	100560.00
2016/07/04	6.89	6.90	6.89	6.90	7000	48240.00
2016/07/05	6.80	7.00	6.78	7.00	8500	58070.00
2016/07/06	6.78	6.90	6.75	6.75	13500	91550.00
2016/07/07	6.85	6.88	6.75	6.75	5000	34100.00
2016/07/08	6.60	6.75	6.60	6.75	17500	117000.00
2016/07/11	6.60	6.60	6.60	6.60	2000	13200.00
2016/07/12	6.60	6.60	6.60	6.60	3000	19800.00
2016/07/13	6.60	6.65	6.57	6.57	4000	26405.00
2016/07/14	6.57	6.57	6.57	6.57	1000	6570.00
2016/07/15	6.57	6.57	6.57	6.57	1000	6570.00
2016/07/18	6.60	6.60	6.60	6.60	3500	23100.00
2016/07/19	6.56	6.56	6.56	6.56	1000	6560.00
2016/07/20	6.53	6.54	6.53	6.54	2000	13070.00
2016/07/21	6.70	6.70	6.60	6.60	2000	13300.00
2016/07/22	6.52	6.52	6.52	6.52	1000	6520.00
2016/07/25	6.52	6.70	6.52	6.60	15000	99200.00
2016/07/26	6.70	6.70	6.60	6.65	5000	33350.00
2016/07/28	6.54	6.60	6.54	6.60	2500	16410.00
2016/08/01	6.50	6.60	6.48	6.50	24000	156580.00
2016/08/02	6.47	6.50	6.40	6.40	14000	90320.00
2016/08/03	6.30	6.50	6.20	6.20	35000	221450.00
2016/08/04	6.25	6.35	6.25	6.35	2000	12600.00
2016/08/05	6.21	6.21	6.04	6.04	11000	67890.00
2016/08/08	6.00	6.04	6.00	6.04	75000	451600.00
2016/08/09	5.98	5.98	5.80	5.90	47500	281520.00
2016/08/10	5.90	5.94	5.90	5.94	2000	11840.00
2016/08/15	5.78	5.88	5.60	5.68	48000	274950.00
2016/08/16	5.72	5.80	5.60	5.60	34500	195610.00
2016/08/17	5.75	5.78	5.75	5.78	4000	23030.00
2016/08/18	5.57	5.68	5.53	5.68	44000	245340.00
2016/08/19	5.53	5.60	5.50	5.50	62000	343750.00
2016/08/22	5.58	5.61	5.58	5.61	6000	33580.00
2016/08/23	5.50	5.80	5.50	5.80	91000	515950.00
2016/08/25	5.66	5.66	5.50	5.62	20500	115070.00
2016/08/26	5.63	5.76	5.63	5.76	11000	63060.00
2016/08/29	5.78	5.84	5.72	5.84	48000	278940.00
2016/08/30	5.75	5.80	5.70	5.70	25000	143900.00
2016/08/31	5.85	5.86	5.85	5.85	13000	76140.00
2016/09/05	5.97	5.98	5.97	5.97	12000	71660.00
2016/09/06	5.99	6.08	5.90	6.08	43000	257490.00
2016/09/07	5.83	5.88	5.83	5.86	4500	26315.00
2016/09/09	6.05	6.05	6.05	6.05	1000	6050.00
2016/09/13	6.00	6.10	6.00	6.10	41000	246100.00
2016/09/14	5.90	6.20	5.82	6.20	92000	553870.00
2016/09/19	6.21	6.63	6.21	6.40	51500	330105.00
2016/09/20	6.63	6.93	6.60	6.80	207000	1414320.00
2016/09/21	7.00	7.15	6.85	7.15	99000	699850.00
2016/09/22	7.17	7.17	6.95	7.15	57500	406000.00
2016/09/23	7.19	7.19	6.97	6.97	3000	21130.00
2016/09/26	7.20	7.20	6.89	6.89	24000	168250.00
2016/09/27	6.95	7.00	6.80	6.80	30000	206880.00
2016/09/28	6.75	6.95	6.57	6.57	22000	148330.00
2016/09/29	6.79	6.85	6.65	6.85	13000	87990.00
2016/09/30	6.90	6.90	6.65	6.65	12500	83840.00
2016/10/10	6.85	6.90	6.70	6.70	70000	474510.00
2016/10/11	6.82	6.83	6.82	6.83	6000	40930.00
2016/10/12	6.84	6.88	6.83	6.84	58000	397230.00
2016/10/13	6.89	6.93	6.77	6.93	107000	726030.00
2016/10/14	6.94	6.94	6.66	6.71	161000	1093980.00
2016/10/17	6.71	6.84	6.60	6.68	129000	863970.00
2016/10/18	6.72	6.80	6.61	6.61	86000	578290.00
2016/10/19	6.79	6.80	6.50	6.56	158500	1052630.00
2016/10/20	6.65	6.65	6.65	6.65	5000	33250.00
2016/10/21	6.66	6.75	6.45	6.64	144000	944440.00
2016/10/24	6.64	6.80	6.55	6.75	63000	418160.00
2016/10/27	6.80	6.80	6.70	6.80	20000	135700.00
2016/10/28	6.80	6.80	6.65	6.80	82000	552620.00
2016/10/31	6.80	6.80	6.80	6.80	6000	40800.00
2016/11/01	6.80	6.80	6.80	6.80	29000	197200.00
2016/11/02	6.85	6.90	6.85	6.85	10000	68850.00
2016/11/03	6.90	6.95	6.68	6.90	34000	231410.00
2016/11/04	6.99	7.00	6.80	6.88	20000	138920.00
2016/11/07	7.00	7.01	7.00	7.01	2000	14010.00
2016/11/09	6.80	7.00	6.80	7.00	8000	55150.00
2016/11/10	7.01	7.01	6.91	6.91	24000	167020.00
2016/11/11	7.00	7.00	7.00	7.00	5000	35000.00
2016/11/14	7.05	7.05	6.98	6.98	23000	161240.00
2016/11/15	7.01	7.01	6.85	7.00	37000	257100.00
2016/11/16	6.86	6.98	6.85	6.85	25500	174975.00
2016/11/17	7.02	7.02	6.86	6.86	35000	244360.00
2016/11/18	7.05	7.05	6.80	6.98	24000	164770.00
2016/11/22	6.81	6.99	6.81	6.99	6000	41220.00
2016/11/23	6.81	6.89	6.60	6.89	55000	369010.00
2016/11/24	6.65	6.90	6.65	6.90	28000	191200.00
2016/11/25	6.94	7.01	6.90	6.91	19000	132690.00
2016/11/28	7.05	7.20	6.94	7.02	152000	1069590.00
2016/11/29	7.22	7.22	7.03	7.15	374000	2683555.00
2016/11/30	7.35	7.35	7.10	7.10	20000	145900.00
2016/12/01	7.10	7.10	7.10	7.10	8000	56800.00
2016/12/02	7.10	7.10	7.10	7.10	10000	71000.00
2016/12/05	7.18	7.18	7.18	7.18	1000	7180.00
2016/12/06	7.01	7.01	7.01	7.01	4000	28040.00
2016/12/08	7.01	7.01	7.01	7.01	2000	14020.00
2016/12/12	7.00	7.00	7.00	7.00	9000	63000.00
2016/12/13	7.00	7.00	7.00	7.00	6000	42000.00
2016/12/14	7.00	7.00	6.99	6.99	6000	41990.00
2016/12/15	6.95	7.04	6.77	7.04	17500	120775.00
2016/12/22	6.71	7.00	6.71	7.00	9000	60760.00
2016/12/23	6.75	7.00	6.60	6.79	17500	117810.00
2016/12/27	6.58	6.80	6.58	6.75	14000	94410.00
2016/12/28	6.59	6.64	6.56	6.64	69000	455410.00
2016/12/29	6.60	6.65	6.60	6.65	11000	72650.00
2016/12/30	6.75	6.75	6.65	6.65	30000	201500.00
2017/01/04	6.82	6.82	6.60	6.79	97000	654980.00
2017/01/05	6.60	6.77	6.50	6.59	86000	568030.00
2017/01/06	6.43	6.59	6.38	6.59	64500	420270.00
2017/01/09	6.60	6.80	6.58	6.75	56000	374630.00
2017/01/10	6.81	6.82	6.80	6.80	43000	292720.00
2017/01/11	6.80	6.82	6.75	6.82	48000	325950.00
2017/01/12	6.82	6.83	6.81	6.81	24500	167045.00
2017/01/13	6.80	6.95	6.80	6.81	252000	1717270.00
2017/01/16	6.81	6.85	6.80	6.80	13000	88710.00
2017/01/17	6.88	6.88	6.88	6.88	10000	68800.00
2017/01/19	6.81	6.81	6.81	6.81	30000	204300.00
2017/01/20	6.81	6.90	6.81	6.83	56500	387965.00
2017/01/23	6.83	6.95	6.83	6.90	23000	158350.00
2017/01/24	6.86	6.90	6.85	6.88	110000	756040.00
2017/01/25	6.90	6.91	6.86	6.88	271000	1865830.00
2017/01/26	6.85	6.99	6.85	6.99	8500	58505.00
2017/02/03	6.88	6.89	6.88	6.89	6000	41310.00
2017/02/06	6.96	6.96	6.90	6.90	10000	69380.00
2017/02/07	6.94	7.00	6.92	7.00	40000	277940.00
2017/02/08	6.94	6.94	6.90	6.94	60000	415600.00
2017/02/09	6.96	7.00	6.96	7.00	24000	167450.00
2017/02/10	7.01	7.15	7.00	7.15	99000	695930.00
2017/02/13	7.03	7.03	6.99	7.02	68000	477270.00
2017/02/14	7.03	7.16	7.03	7.16	31000	218060.00
2017/02/15	7.05	7.10	7.00	7.00	70000	491310.00
2017/02/16	7.00	7.02	7.00	7.02	34000	238280.00
2017/02/17	7.02	7.03	6.99	7.03	46000	322380.00
2017/02/20	7.02	7.08	7.00	7.02	128000	898800.00
2017/02/21	7.08	7.10	7.08	7.10	18000	127500.00
2017/02/22	7.10	7.11	7.07	7.07	67000	474730.00
2017/02/23	7.06	7.06	7.05	7.05	8000	56450.00
2017/02/24	7.08	7.22	7.08	7.22	106000	755970.00
2017/02/27	7.40	8.48	7.40	8.30	673500	5352575.00
2017/02/28	8.30	9.01	8.30	8.90	324500	2873155.00
2017/03/01	8.94	9.38	8.92	9.13	264000	2394940.00
2017/03/02	9.10	9.34	8.89	8.89	56000	512410.00
2017/03/03	8.88	9.10	8.80	9.05	70000	631010.00
2017/03/06	8.88	8.95	8.47	8.62	134500	1175770.00
2017/03/07	8.70	8.82	8.60	8.60	57000	496660.00
2017/03/08	8.51	8.65	8.32	8.54	45000	381550.00
2017/03/09	8.31	8.55	8.31	8.34	4000	33700.00
2017/03/13	8.55	8.68	8.55	8.68	17000	146080.00
2017/03/15	8.70	8.70	8.53	8.53	2000	17230.00
2017/03/16	8.55	8.84	8.55	8.84	28000	244890.00
2017/03/17	8.85	8.90	8.85	8.85	58000	514450.00
2017/03/20	8.87	9.15	8.87	9.15	67500	608585.00
2017/03/21	9.15	9.32	9.06	9.19	91000	827500.00
2017/03/22	9.38	10.10	9.38	9.70	195000	1893300.00
2017/03/23	9.76	9.76	9.50	9.50	135000	1302870.00
2017/03/27	9.63	9.63	9.63	9.63	1000	9630.00
2017/03/28	9.76	9.78	9.55	9.56	32000	307290.00
2017/03/29	9.36	9.59	9.36	9.38	52000	489140.00
2017/03/30	9.40	9.40	9.40	9.40	1000	9400.00
2017/03/31	9.38	9.50	9.38	9.50	21000	197300.00
2017/04/05	9.40	9.50	9.38	9.45	22000	207030.00
2017/04/06	9.40	9.45	9.38	9.38	11000	103370.00
2017/04/07	9.48	10.00	9.48	9.54	140000	1351710.00
2017/04/10	9.61	9.65	9.50	9.54	82000	784130.00
2017/04/11	9.51	9.59	9.41	9.58	73000	691980.00
2017/04/12	9.46	9.50	9.38	9.38	140000	1321150.00
2017/04/13	9.38	9.38	9.38	9.38	10000	93800.00
2017/04/14	9.36	9.39	9.10	9.37	37000	345560.00
2017/04/17	9.37	9.68	9.35	9.68	141000	1329500.00
2017/04/18	9.40	9.49	9.40	9.42	65000	611860.00
2017/04/20	9.37	9.38	8.48	9.32	428000	3696020.00
2017/04/21	9.34	9.34	9.25	9.27	84000	780890.00
2017/04/24	9.11	9.15	9.10	9.10	17000	154870.00
2017/04/25	9.19	9.20	9.00	9.20	11000	99870.00
2017/04/26	9.22	9.38	9.21	9.38	17000	157540.00
2017/04/27	9.17	9.47	9.17	9.47	14000	130750.00
2017/04/28	9.16	9.16	8.57	8.78	65600	571670.00
2017/05/02	8.70	8.78	8.66	8.77	25100	218670.00
2017/05/03	8.67	8.84	8.67	8.84	21500	188548.50
2017/05/04	8.90	8.90	8.90	8.90	2000	17800.00
2017/05/05	8.90	9.00	8.62	8.70	134300	1170074.00
2017/05/08	8.80	8.99	8.57	8.70	312000	2708350.00
2017/05/09	8.68	8.68	8.63	8.66	81500	705585.00
2017/05/10	8.62	8.68	8.45	8.62	97300	838145.00
2017/05/11	8.41	8.62	8.40	8.59	96700	822349.00
2017/05/12	8.37	8.64	8.35	8.58	19200	162647.50
2017/05/15	8.41	8.62	8.41	8.62	5000	42340.00
2017/05/16	8.45	8.62	8.45	8.62	29000	245220.00
2017/05/17	8.61	8.61	8.61	8.61	1000	8610.00
2017/05/19	8.41	8.69	8.41	8.69	22000	187730.00
2017/05/22	8.41	8.62	8.40	8.62	34000	287000.00
2017/05/23	8.45	8.60	8.45	8.60	6000	50850.00
2017/05/25	8.53	8.55	8.40	8.42	85000	717890.00
2017/05/26	8.30	8.48	8.30	8.38	71000	595860.00
2017/05/31	8.31	8.34	8.30	8.30	17500	145630.00
2017/06/01	8.26	8.30	8.26	8.28	25900	214606.00
2017/06/02	8.28	8.28	8.20	8.20	10700	88406.00
2017/06/06	8.19	8.21	8.18	8.21	270400	2215526.00
2017/06/07	8.21	8.22	8.20	8.22	5400	44320.00
2017/06/08	8.23	8.35	8.19	8.35	44900	370460.50
2017/06/09	8.18	8.18	8.18	8.18	1000	8180.00
2017/06/12	8.32	8.32	8.00	8.10	153000	1242290.00
2017/06/13	8.10	8.10	8.08	8.10	6000	48520.00
2017/06/14	8.05	8.10	8.05	8.07	53000	426730.00
2017/06/16	8.01	8.04	8.00	8.04	13000	104150.00
2017/06/20	8.00	8.01	7.95	7.95	33000	263200.00
2017/06/21	8.00	8.00	8.00	8.00	6000	48000.00
2017/06/22	7.95	7.95	7.95	7.95	10000	79500.00
2017/06/23	8.00	8.00	7.90	7.98	18000	142860.00
2017/06/26	7.90	7.95	7.88	7.94	90000	712600.00
2017/06/27	8.00	8.05	7.98	8.05	8000	64190.00
2017/06/28	8.00	8.00	7.95	7.95	12000	95500.00
2017/06/30	8.00	8.00	7.88	7.88	54000	429980.00
2017/07/03	7.98	7.98	7.88	7.91	13000	102590.00
2017/07/06	7.89	7.89	7.89	7.89	1000	7890.00
2017/07/07	7.93	7.93	7.91	7.91	25000	198050.00
2017/07/10	7.90	7.91	7.90	7.91	21000	165910.00
2017/07/11	7.81	7.81	7.79	7.81	9000	70190.00
2017/07/12	7.78	7.78	7.78	7.78	1000	7780.00
2017/07/13	7.78	7.80	7.55	7.60	23000	174840.00
2017/07/17	7.65	7.66	7.65	7.66	26000	199100.00
2017/07/18	7.56	7.62	7.45	7.62	52000	390170.00
2017/07/19	7.59	7.62	7.59	7.62	22000	167140.00
2017/07/20	7.56	7.56	7.55	7.55	20000	151100.00
2017/07/21	7.57	7.57	7.57	7.57	1000	7570.00
2017/07/24	7.57	7.57	7.17	7.41	116000	870460.00
2017/07/25	7.21	7.21	7.09	7.15	132600	945996.00
2017/07/26	7.13	7.14	7.08	7.10	31000	220450.00
2017/07/27	7.07	7.11	7.07	7.11	5000	35510.00
2017/07/31	7.10	7.11	7.08	7.08	21000	149180.00
2017/08/01	7.09	7.09	7.09	7.09	1000	7090.00
2017/08/02	7.06	7.08	7.05	7.05	5000	35290.00
2017/08/03	7.10	7.10	7.10	7.10	3000	21300.00
2017/08/08	6.96	7.03	6.95	7.03	11600	81687.50
2017/08/09	7.07	7.09	7.05	7.09	16200	114540.00
2017/08/10	7.10	7.23	7.10	7.23	56000	401550.00
2017/08/14	7.25	7.43	7.25	7.43	37000	272530.00
2017/08/15	7.44	7.60	7.44	7.48	24000	180130.00
2017/08/16	7.50	7.50	7.49	7.49	13000	97480.00
2017/08/17	7.50	7.55	7.50	7.53	149000	1119310.00
2017/08/18	7.52	7.52	7.52	7.52	1000	7520.00
2017/08/21	7.49	7.52	7.49	7.50	12000	90110.00
2017/08/22	7.49	7.51	7.48	7.49	44200	331266.00
2017/08/23	7.60	8.02	7.60	7.80	257300	2013154.00
2017/08/24	7.86	7.87	7.78	7.83	101000	788350.00
2017/08/25	7.88	7.93	7.87	7.89	46000	363360.00
2017/08/28	7.94	8.08	7.93	7.96	70000	559890.00
2017/08/29	8.04	8.10	8.01	8.05	90000	725400.00
2017/08/30	8.04	8.09	8.00	8.03	27000	216770.00
2017/08/31	8.03	8.09	8.00	8.02	34000	273620.00
2017/09/01	7.96	8.04	7.96	8.02	13000	104280.00
2017/09/04	8.06	8.06	8.01	8.03	45000	361110.00
2017/09/05	7.98	8.02	7.98	8.00	351000	2804620.00
2017/09/06	8.02	8.04	7.96	8.00	287700	2298977.50
2017/09/07	8.02	8.04	8.02	8.02	34000	272980.00
2017/09/08	8.08	8.15	8.08	8.10	14000	113390.00
2017/09/11	8.11	8.12	8.11	8.12	8000	64910.00
2017/09/12	8.11	8.17	8.11	8.15	20000	162540.00
2017/09/13	8.08	8.20	8.08	8.20	83000	678920.00
2017/09/14	8.20	8.20	8.17	8.20	48600	398350.50
2017/09/15	8.21	8.42	8.21	8.40	108000	900440.00
2017/09/18	8.42	8.52	8.41	8.52	54200	459412.00
2017/09/19	8.55	8.55	8.51	8.51	126600	1081108.00
2017/09/20	8.54	8.57	8.50	8.55	170300	1452830.00
2017/09/21	8.58	8.58	8.50	8.56	111000	948440.00
2017/09/22	8.54	8.58	8.52	8.56	143000	1222233.00
2017/09/25	8.59	8.60	8.56	8.60	29000	249340.00
2017/09/26	8.58	8.70	8.58	8.60	44000	379380.00
2017/09/27	8.72	8.72	8.63	8.63	15000	130500.00
2017/09/28	8.63	8.70	8.48	8.48	27000	233110.00
2017/09/29	8.48	8.52	8.44	8.46	126000	1066830.00
2017/10/09	8.37	8.60	8.33	8.55	142000	1199940.00
2017/10/10	8.37	8.57	8.32	8.53	113000	951170.00
2017/10/11	8.33	8.54	8.31	8.52	121600	1030992.00
2017/10/12	8.55	8.55	8.33	8.44	114000	964570.00
2017/10/13	8.41	8.58	8.41	8.52	203000	1723520.00
2017/10/16	8.57	8.65	8.52	8.62	143800	1234108.00
2017/10/17	8.67	8.85	8.64	8.75	46000	401840.00
2017/10/18	8.79	9.13	8.79	9.08	69000	622330.00
2017/10/19	9.13	9.30	9.10	9.24	192000	1776920.00
2017/10/20	9.28	9.28	9.20	9.20	5000	46230.00
2017/10/23	9.28	9.29	9.25	9.26	36000	333650.00
2017/10/24	9.29	9.29	9.29	9.29	1000	9290.00
2017/10/25	9.31	9.44	9.30	9.44	12000	112000.00
2017/10/26	9.23	9.45	9.23	9.40	21000	197240.00
2017/10/30	9.20	9.25	9.20	9.20	19000	175130.00
2017/10/31	9.10	9.21	9.10	9.10	17000	154950.00
2017/11/02	9.19	9.19	9.10	9.10	4000	36580.00
2017/11/03	9.09	9.19	9.09	9.15	3000	27430.00
2017/11/07	9.06	9.08	8.97	8.99	41000	368790.00
2017/11/08	8.96	8.97	8.84	8.97	12000	106960.00
2017/11/09	8.86	9.02	8.86	9.00	86100	769876.00
2017/11/10	9.00	9.00	9.00	9.00	40000	360000.00
2017/11/13	9.02	9.02	8.88	8.96	123500	1109780.00
2017/11/14	8.87	8.87	8.67	8.67	27000	237780.00
2017/11/15	8.65	8.65	8.50	8.64	145000	1243460.00
2017/11/16	8.46	8.61	8.46	8.54	18000	153520.00
2017/11/17	8.54	8.54	8.46	8.54	26000	221640.00
2017/11/20	8.57	8.57	8.50	8.50	40000	341400.00
2017/11/21	8.44	8.48	8.43	8.45	105000	887080.00
2017/11/22	8.47	8.47	8.46	8.46	76000	643120.00
2017/11/23	8.46	8.47	8.44	8.47	111000	938840.00
2017/11/24	8.49	8.49	8.47	8.47	40000	339200.00
2017/11/27	8.50	8.52	8.48	8.48	10000	84980.00
2017/11/29	8.47	8.47	8.37	8.45	65200	549680.00
2017/11/30	8.45	8.45	8.37	8.43	77000	649250.00
2017/12/01	8.45	8.45	8.43	8.43	40000	337600.00
2017/12/04	8.46	8.46	8.43	8.43	38900	328547.00
2017/12/05	8.45	8.48	8.43	8.46	188000	1589510.00
2017/12/06	8.46	8.47	8.44	8.46	121000	1023590.00
2017/12/07	8.46	8.47	8.43	8.45	121000	1022230.00
2017/12/08	8.44	8.46	8.44	8.44	59800	505334.00
2017/12/12	8.49	8.49	8.45	8.47	80000	678300.00
2017/12/13	8.49	8.50	8.42	8.49	48000	405730.00
2017/12/14	8.49	8.49	8.42	8.49	87300	738566.00
2017/12/15	8.49	8.49	8.45	8.49	70000	594100.00
2017/12/18	8.50	8.50	8.47	8.47	25000	212190.00
2017/12/19	8.50	8.50	8.46	8.46	64000	543020.00
2017/12/20	8.42	8.42	8.42	8.42	3000	25260.00
2017/12/22	8.45	8.45	8.40	8.40	28000	235760.00
2017/12/25	8.43	8.49	8.43	8.44	8000	67660.00
2017/12/26	8.40	8.42	8.40	8.41	15000	126180.00
2017/12/27	8.45	8.45	8.32	8.32	47000	392400.00
2017/12/28	8.35	8.37	8.31	8.31	12000	100070.00
2018/01/02	8.28	8.28	8.20	8.20	6000	49590.00
2018/01/03	8.22	8.22	8.13	8.13	18400	150372.00
2018/01/04	8.16	8.19	8.14	8.17	130000	1062710.00
2018/01/05	8.19	8.19	8.07	8.07	54000	436860.00
2018/01/08	8.07	8.07	8.01	8.05	20000	161000.00
2018/01/09	8.03	8.10	8.02	8.02	69000	554850.00
2018/01/10	8.04	8.04	8.02	8.03	12000	96350.00
2018/01/11	8.03	8.18	8.03	8.10	28000	226650.00
2018/01/16	8.05	8.05	8.05	8.05	1000	8050.00
2018/01/17	8.05	8.05	8.05	8.05	5000	40250.00
2018/01/18	8.03	8.05	8.03	8.05	8000	64270.00
2018/01/22	8.06	8.07	8.06	8.07	17000	137050.00
2018/01/24	8.07	8.07	8.01	8.01	7000	56130.00
2018/01/25	8.01	8.01	8.00	8.01	5000	40040.00
2018/01/26	7.98	7.98	7.98	7.98	11000	87780.00
2018/01/29	7.98	7.98	7.94	7.95	35700	285187.50
2018/01/30	7.95	7.95	7.92	7.92	8000	63530.00
2018/01/31	7.87	7.87	7.86	7.86	3300	25948.00
2018/02/01	7.86	7.86	7.83	7.83	151000	1184130.00
2018/02/02	7.82	7.82	7.79	7.80	22300	174007.00
2018/02/05	7.73	7.73	7.68	7.69	11000	84760.00
2018/02/06	7.65	7.65	7.65	7.65	8000	61200.00
2018/02/07	7.65	7.65	7.60	7.63	29000	221600.00
2018/02/08	7.62	7.64	7.60	7.63	13000	99030.00
2018/02/09	7.58	7.60	7.58	7.58	11000	83520.00
2018/02/12	7.58	7.58	7.00	7.27	118000	861540.00
2018/02/13	7.40	7.55	7.40	7.49	19000	142530.00
2018/02/22	7.41	7.41	7.38	7.40	10000	73960.00
2018/02/23	7.37	7.37	7.28	7.30	12000	87940.00
2018/02/26	7.32	7.34	7.29	7.30	33600	245794.00
2018/02/27	7.28	7.30	7.27	7.30	6600	48475.50
2018/02/28	7.27	7.31	7.27	7.31	21000	153460.00
2018/03/01	7.29	7.31	7.29	7.31	6000	43760.00
2018/03/02	7.31	7.31	7.28	7.31	9000	65750.00
2018/03/06	7.32	7.53	7.32	7.52	34000	253390.00
2018/03/12	7.43	7.43	7.35	7.39	11000	81320.00
2018/03/13	7.37	7.39	7.32	7.36	18000	132480.00
2018/03/15	7.36	7.39	7.36	7.37	26000	191670.00
2018/03/19	7.43	7.43	7.41	7.41	92000	682560.00
2018/03/20	7.39	7.41	7.39	7.40	3000	22190.00
2018/03/21	7.29	7.29	7.27	7.27	16000	116380.00
2018/03/22	7.33	7.51	7.33	7.48	135400	999539.00
2018/03/23	7.46	7.46	7.41	7.41	4000	29780.00
2018/03/26	7.48	7.72	7.48	7.70	34000	258720.00
2018/03/27	7.70	7.77	7.70	7.75	222000	1715865.00
2018/03/29	7.70	7.78	7.70	7.78	24000	186190.00
2018/04/02	7.78	7.78	7.78	7.78	5000	38900.00
2018/04/03	7.78	7.95	7.78	7.92	64900	512081.00
2018/04/04	7.95	8.00	7.95	7.98	201000	1601870.00
2018/04/09	8.01	8.12	8.00	8.10	113300	913722.50
2018/04/10	8.12	8.13	8.12	8.12	4000	32490.00
2018/04/11	8.12	8.12	8.11	8.11	15000	121750.00
2018/04/12	8.08	8.09	8.04	8.05	33000	266390.00
2018/04/13	8.08	8.08	8.05	8.05	15000	121000.00
2018/04/16	8.00	8.00	7.99	7.99	6000	47970.00
2018/04/17	7.98	7.98	7.90	7.90	25000	198200.00
2018/04/18	7.86	7.86	7.76	7.77	103000	805060.00
2018/04/19	7.75	7.75	7.74	7.74	15000	116230.00
2018/04/20	7.74	7.77	7.74	7.75	48000	371870.00
2018/04/23	7.75	7.75	7.75	7.75	39000	302250.00
2018/04/24	7.75	7.77	7.75	7.75	128000	992240.00
2018/04/25	7.75	7.75	7.74	7.74	15000	116190.00
2018/04/26	7.73	7.73	7.72	7.72	5000	38620.00
2018/04/27	7.67	7.70	7.65	7.70	30000	230200.00
2018/05/02	7.62	7.62	7.51	7.56	8000	60480.00
2018/05/03	7.56	7.77	7.56	7.77	13000	99940.00
2018/05/04	7.77	7.80	7.77	7.80	39000	303960.00
2018/05/07	7.80	7.87	7.80	7.82	58000	454340.00
2018/05/08	7.81	7.81	7.80	7.80	10000	78080.00
2018/05/09	7.79	7.79	7.68	7.72	30400	235332.00
2018/05/11	7.72	7.72	7.72	7.72	5000	38600.00
2018/05/14	7.72	7.72	7.72	7.72	1000	7720.00
2018/05/15	7.70	7.70	7.65	7.65	13000	99570.00
2018/05/16	7.64	7.64	7.63	7.63	11000	84030.00
2018/05/17	7.61	7.61	7.59	7.61	66000	501810.00
2018/05/18	7.61	7.61	7.60	7.61	71000	540240.00
2018/05/21	7.56	7.56	7.56	7.56	11000	83160.00
2018/05/22	7.55	7.55	7.53	7.53	21000	158530.00
2018/05/23	7.52	7.55	7.49	7.53	33000	248400.00
2018/05/24	7.53	7.53	7.52	7.53	25000	188240.00
2018/05/25	7.53	7.56	7.50	7.53	41000	308780.00
2018/05/28	7.52	7.56	7.50	7.55	38000	286150.00
2018/05/29	7.00	7.45	7.00	7.28	18000	131250.00
2018/05/30	7.28	7.29	7.28	7.29	4000	29140.00
2018/05/31	7.29	7.29	7.28	7.28	11000	80090.00
2018/06/01	7.28	7.45	7.28	7.45	12000	88960.00
2018/06/05	7.43	7.43	7.43	7.43	2900	21918.50
2018/06/08	7.42	7.42	7.41	7.41	25000	185350.00
2018/06/11	7.40	7.40	7.40	7.40	1000	7400.00
2018/06/12	7.40	7.40	7.40	7.40	1000	7400.00
2018/06/13	7.40	7.40	7.40	7.40	1000	7400.00
2018/06/14	7.41	7.44	7.40	7.43	20000	148260.00
2018/06/19	7.43	7.43	7.36	7.36	25100	186216.00
2018/06/20	7.36	7.36	7.35	7.35	54000	396990.00
2018/06/21	7.35	7.35	7.35	7.35	1000	7350.00
2018/06/25	7.35	7.42	7.35	7.42	632000	5051770.00
2018/06/26	7.36	7.40	7.36	7.40	12000	88600.00
2018/06/28	7.40	7.40	7.38	7.39	8000	59100.00
2018/06/29	7.36	7.38	7.35	7.38	13700	101192.50
2018/07/03	7.34	7.34	7.25	7.29	14000	102000.00
2018/07/04	7.23	7.23	7.14	7.14	19000	136780.00
2018/07/05	7.14	7.14	6.92	6.93	65300	459359.50
2018/07/06	6.93	6.95	6.90	6.91	38300	265129.00
2018/07/09	6.91	6.91	6.89	6.90	13000	89710.00
2018/07/10	6.90	6.94	6.90	6.94	7000	48490.00
2018/07/11	6.91	6.91	6.83	6.83	27000	185210.00
2018/07/12	6.83	6.89	6.83	6.86	28000	191860.00
2018/07/13	6.84	6.84	6.83	6.83	5000	34180.00
2018/07/16	6.82	6.82	6.82	6.82	3000	20460.00
2018/07/17	6.81	6.81	6.81	6.81	7000	47670.00
2018/07/18	6.81	6.81	6.80	6.80	2000	13610.00
2018/07/20	6.80	6.80	6.77	6.77	13000	88220.00
2018/07/23	6.77	6.77	6.77	6.77	6000	40620.00
2018/07/24	6.77	6.77	6.77	6.77	9000	60930.00
2018/07/25	6.77	6.77	6.77	6.77	6000	40620.00
2018/07/26	6.74	6.76	6.74	6.76	17500	118150.00
2018/07/27	6.74	6.74	6.74	6.74	1000	6740.00
2018/07/30	6.74	6.74	6.72	6.73	28300	190892.00
2018/08/01	6.73	6.73	6.73	6.73	1000	6730.00
2018/08/02	6.71	6.71	6.71	6.71	1000	6710.00
2018/08/03	6.71	6.71	6.71	6.71	4000	26840.00
2018/08/06	6.69	6.69	6.69	6.69	5900	39471.00
2018/08/07	6.69	6.69	6.69	6.69	4000	26760.00
2018/08/09	6.69	6.69	6.69	6.69	3000	20070.00
2018/08/10	6.69	6.69	6.69	6.69	1000	6690.00
2018/08/13	6.69	6.69	6.69	6.69	2000	13380.00
2018/08/14	6.69	6.69	6.69	6.69	12000	80280.00
2018/08/20	6.64	6.64	6.61	6.63	17000	112670.00
2018/08/21	6.62	6.62	6.59	6.61	30000	198250.00
2018/08/22	6.61	6.61	6.59	6.61	58000	382810.00
2018/08/23	6.61	6.63	6.60	6.63	170600	1127890.00
2018/08/24	6.59	6.59	6.59	6.59	5000	32950.00
2018/08/27	6.58	6.58	6.58	6.58	12000	78960.00
2018/08/28	6.58	6.58	6.58	6.58	13000	85540.00
2018/08/29	6.57	6.57	6.57	6.57	2000	13140.00
2018/08/30	6.57	6.57	6.57	6.57	3000	19710.00
2018/08/31	6.57	6.57	6.57	6.57	1000	6570.00
2018/09/03	6.57	6.63	6.55	6.56	33000	217020.00
2018/09/04	6.56	6.56	6.56	6.56	1000	6560.00
2018/09/05	6.54	6.54	6.54	6.54	3000	19620.00
2018/09/06	6.53	6.53	6.53	6.53	4000	26120.00
2018/09/07	6.53	6.62	6.53	6.62	7000	46150.00
2018/09/10	6.55	6.55	6.55	6.55	1000	6550.00
2018/09/11	6.55	6.55	6.55	6.55	1000	6550.00
2018/09/12	6.55	6.55	6.55	6.55	3000	19650.00
2018/09/13	6.55	6.55	6.55	6.55	1000	6550.00
2018/09/14	6.56	6.56	6.56	6.56	1000	6560.00
2018/09/18	6.56	6.56	6.55	6.55	6000	39310.00
2018/09/19	6.55	6.65	6.55	6.65	3000	19850.00
2018/10/10	6.62	6.62	6.59	6.61	11000	72770.00
2018/10/11	6.60	6.60	6.59	6.60	7000	46190.00
2018/10/15	6.59	6.59	6.59	6.59	7000	46130.00
2018/10/16	6.58	6.58	6.58	6.58	1000	6580.00
2018/10/19	6.56	6.56	6.56	6.56	10000	65600.00
2018/10/22	6.54	6.56	6.51	6.55	18000	117750.00
2018/10/23	6.55	6.55	6.53	6.53	2000	13080.00
2018/10/24	6.53	6.53	6.53	6.53	1000	6530.00
2018/10/25	6.53	6.53	6.53	6.53	6000	39180.00
2018/10/26	6.53	6.53	6.51	6.52	4000	26060.00
2018/10/29	6.51	6.55	6.51	6.52	28000	182500.00
2018/10/30	6.51	6.59	6.27	6.41	39000	250910.00
2018/10/31	6.40	6.49	6.40	6.49	5000	32180.00
2018/11/01	6.49	6.53	6.49	6.49	26500	172195.00
2018/11/02	6.53	6.54	6.53	6.54	9000	58800.00
2018/11/05	6.54	6.54	6.50	6.51	7000	45580.00
2018/11/06	6.51	6.51	6.51	6.51	2000	13020.00
2018/11/08	6.49	6.52	6.49	6.52	4000	26050.00
2018/11/09	6.52	6.52	6.50	6.50	10000	65100.00
2018/11/13	6.50	6.52	6.50	6.52	13600	88440.00
2018/11/15	6.52	6.52	6.52	6.52	1000	6520.00
2018/11/23	6.48	6.48	6.48	6.48	1000	6480.00
2018/11/26	6.52	6.52	6.52	6.52	1000	6520.00
2018/11/28	6.52	6.52	6.50	6.51	27000	175840.00
2018/11/29	6.50	6.53	6.50	6.52	42000	273750.00
2018/11/30	6.50	6.50	6.50	6.50	5000	32500.00
2018/12/03	6.50	6.50	6.49	6.49	12000	77950.00
2018/12/05	6.46	6.48	6.46	6.47	9000	58220.00
2018/12/06	6.43	6.50	6.43	6.45	73300	473312.00
2018/12/07	6.45	6.57	6.45	6.57	34000	221590.00
2018/12/10	6.51	6.51	6.38	6.43	13800	89174.00
2018/12/13	6.43	6.43	6.38	6.40	23000	147440.00
2018/12/14	6.42	6.42	6.42	6.42	10000	64200.00
2018/12/17	6.44	6.50	6.44	6.45	13000	83860.00
2018/12/18	6.52	6.54	6.50	6.53	36000	234720.00
2018/12/20	6.54	6.74	6.54	6.73	76000	505790.00
2018/12/21	6.76	7.00	6.76	6.97	39000	268300.00
2018/12/24	7.01	7.01	6.95	6.97	18000	125760.00
2018/12/26	6.97	6.97	6.91	6.92	20000	138820.00
2018/12/27	6.91	6.95	6.85	6.88	21100	145955.00
2018/12/28	6.89	6.89	6.89	6.89	5000	34450.00
2019/01/03	6.85	6.85	6.85	6.85	7000	47950.00
2019/01/04	6.85	6.85	6.85	6.85	5000	34250.00
2019/01/07	6.84	6.84	6.84	6.84	2000	13680.00
2019/01/08	6.84	6.84	6.84	6.84	5000	34200.00
2019/01/09	6.87	6.87	6.84	6.84	20000	137150.00
2019/01/14	6.83	6.83	6.83	6.83	7000	47810.00
2019/01/15	6.79	6.79	6.79	6.79	13000	88270.00
2019/01/17	6.82	6.82	6.82	6.82	2000	13640.00
2019/01/18	6.82	6.82	6.82	6.82	5000	34100.00
2019/01/22	6.82	6.82	6.82	6.82	5000	34100.00
2019/01/25	6.78	6.85	6.78	6.82	13000	88580.00
2019/01/28	6.84	6.85	6.80	6.81	9000	61420.00
2019/01/29	6.80	6.80	6.78	6.78	10000	67900.00
2019/01/31	6.81	6.89	6.81	6.84	30000	205080.00
2019/02/01	6.90	6.90	6.83	6.84	37000	253310.00
2019/02/11	6.90	6.91	6.88	6.89	31000	213750.00
2019/02/12	6.94	7.04	6.94	7.04	11000	76930.00
2019/02/13	7.04	7.45	7.04	7.41	189000	1380850.00
2019/02/14	7.45	7.50	7.30	7.31	76000	563290.00
2019/02/15	7.36	7.36	7.36	7.36	6000	44160.00
2019/02/18	7.30	7.31	7.25	7.27	19000	138480.00
2019/02/19	7.30	7.30	7.20	7.24	13000	93910.00
2019/02/20	7.25	7.25	7.25	7.25	5000	36250.00
2019/02/21	7.12	7.25	7.00	7.12	216500	1541355.00
2019/02/22	7.14	7.14	7.14	7.14	2000	14280.00
2019/02/25	7.09	7.09	6.87	7.01	79500	554835.00
2019/02/26	7.10	7.10	7.10	7.10	8000	56800.00
2019/02/27	7.13	7.13	7.13	7.13	3000	21390.00
2019/02/28	7.13	7.14	7.13	7.14	21000	149840.00
2019/03/01	7.13	7.13	7.08	7.11	21300	151464.00
2019/03/04	7.13	7.13	7.13	7.13	5000	35650.00
2019/03/05	7.14	7.22	7.14	7.22	129000	928860.00
2019/03/06	7.23	7.39	7.23	7.28	78000	569570.00
2019/03/07	7.30	7.30	7.30	7.30	15000	109500.00
2019/03/08	7.23	7.30	7.23	7.30	91000	661140.00
2019/03/11	7.30	7.38	7.30	7.38	67000	490290.00
2019/03/12	7.36	7.43	7.36	7.40	19000	140580.00
2019/03/13	7.30	7.30	7.30	7.30	10000	73000.00
2019/03/14	7.29	7.31	7.26	7.27	28400	207387.00
2019/03/18	7.27	7.28	7.26	7.28	22000	160020.00
2019/03/19	7.22	7.22	7.18	7.18	11000	79280.00
2019/03/20	7.24	7.30	7.18	7.28	17000	122930.00
2019/03/21	7.31	7.31	7.31	7.31	1000	7310.00
2019/03/22	7.31	7.42	7.31	7.42	7000	51280.00
2019/03/26	7.33	7.43	7.25	7.25	12000	87370.00
2019/03/28	7.28	7.28	7.23	7.28	61300	445060.50
2019/03/29	7.38	7.39	7.22	7.36	19000	139830.00
2019/04/01	7.39	7.39	7.30	7.36	8000	58880.00
2019/04/08	7.40	7.40	7.36	7.36	11000	81200.00
2019/04/10	7.25	7.30	7.25	7.27	97000	704600.00
2019/04/12	7.15	7.26	7.15	7.26	4000	28820.00
2019/04/15	7.15	7.22	7.14	7.15	10400	74490.00
2019/04/16	7.14	7.14	6.84	7.02	40000	280380.00
2019/04/17	6.84	6.96	6.84	6.85	38000	261540.00
2019/04/18	6.84	6.84	6.73	6.76	158000	1069720.00
2019/04/19	6.74	6.74	6.63	6.63	18000	120490.00
2019/04/22	6.63	6.75	6.57	6.68	30000	199000.00
2019/04/23	6.60	6.60	6.40	6.44	203000	1319100.00
2019/04/24	6.33	6.50	6.28	6.30	214000	1356610.00
2019/04/25	6.34	6.35	6.30	6.30	275000	1735110.00
2019/04/26	6.33	6.36	6.20	6.22	135900	855700.00
2019/04/29	6.29	6.50	6.26	6.50	50000	315170.00
2019/04/30	6.51	6.55	6.50	6.55	33000	214820.00
2019/05/06	6.46	6.46	6.40	6.40	35000	224630.00
2019/05/08	6.36	6.36	6.36	6.36	1000	6360.00
2019/05/10	6.49	6.66	6.49	6.64	22000	144070.00
2019/05/14	6.74	6.75	6.70	6.73	10000	67320.00
2019/05/15	6.50	6.55	6.50	6.55	4000	26140.00
2019/05/16	6.55	6.62	6.54	6.61	49000	322430.00
2019/05/17	6.67	6.82	6.67	6.69	30000	202250.00
2019/05/20	6.68	6.68	6.54	6.55	12000	79050.00
2019/05/21	6.49	6.50	6.48	6.48	14000	90830.00
2019/05/22	6.52	6.52	6.48	6.49	19000	123440.00
2019/05/23	6.47	6.47	6.45	6.46	5000	32290.00
2019/05/28	6.39	6.48	6.38	6.39	14000	89780.00
2019/05/29	6.35	6.35	6.32	6.33	19000	120450.00
2019/05/30	6.28	6.28	6.26	6.26	9000	56430.00
2019/05/31	6.24	6.26	6.19	6.25	8800	55271.50
2019/06/03	6.22	6.25	6.21	6.25	14000	87270.00
2019/06/04	6.27	6.27	6.17	6.23	17600	109680.50
2019/06/06	6.21	6.21	6.21	6.21	8000	49680.00
2019/06/10	6.21	6.21	6.21	6.21	8000	49680.00
2019/06/12	6.23	6.23	6.18	6.21	24000	149010.00
2019/06/14	6.20	6.22	6.20	6.22	11000	68220.00
2019/06/18	6.22	6.30	6.20	6.20	7000	43600.00
2019/06/21	6.19	6.25	6.18	6.22	20000	124380.00
2019/06/24	6.20	6.22	6.19	6.20	22000	136360.00
2019/06/25	6.20	6.20	6.20	6.20	1000	6200.00
2019/06/28	6.20	6.32	6.15	6.31	8000	49970.00
2019/07/01	6.30	6.30	6.30	6.30	2000	12600.00
2019/07/03	6.20	6.20	6.20	6.20	5000	31000.00
2019/07/04	6.30	6.30	6.20	6.21	81000	503990.00
2019/07/05	6.21	6.28	6.18	6.28	12000	74550.00
2019/07/08	6.23	6.23	6.19	6.20	4000	24850.00
2019/07/10	6.30	6.49	6.30	6.46	16000	102610.00
2019/07/11	6.51	6.58	6.48	6.52	56000	364960.00
2019/07/12	6.58	6.58	6.58	6.58	2000	13160.00
2019/07/15	6.52	6.52	6.42	6.45	4000	25930.00
2019/07/16	6.41	6.50	6.39	6.50	12000	77240.00
2019/07/17	6.50	6.56	6.50	6.56	6000	39060.00
2019/07/18	6.50	6.50	6.50	6.50	4000	26000.00
2019/07/19	6.58	6.58	6.51	6.51	9000	58940.00
2019/07/23	6.46	6.46	6.46	6.46	1000	6460.00
2019/07/24	6.56	6.59	6.55	6.57	9000	59120.00
2019/07/25	6.47	6.59	6.47	6.56	28000	182280.00
2019/07/26	6.59	6.59	6.50	6.55	6000	39270.00
2019/07/30	6.43	6.50	6.43	6.45	2900	18717.00
2019/07/31	6.43	6.65	6.42	6.65	166000	1096090.00
2019/08/01	6.58	6.63	6.57	6.61	28000	184650.00
2019/08/02	6.57	6.65	6.55	6.62	143000	948710.00
2019/08/05	6.62	6.65	6.56	6.57	110000	726250.00
2019/08/06	6.51	6.55	6.44	6.47	111500	722910.00
2019/08/07	6.57	6.57	6.57	6.57	1000	6570.00
2019/08/08	6.40	6.57	6.40	6.57	3000	19370.00
2019/08/13	6.57	6.57	6.45	6.45	11000	72050.00
2019/08/14	6.55	6.59	6.45	6.55	27000	176960.00
2019/08/16	6.56	6.56	6.55	6.56	22000	144220.00
2019/08/19	6.57	6.57	6.55	6.57	35000	229700.00
2019/08/20	6.47	6.47	6.47	6.47	5000	32350.00
2019/08/21	6.52	6.52	6.50	6.51	4000	26040.00
2019/08/23	6.40	6.55	6.40	6.55	7000	45700.00
2019/08/26	6.55	6.55	6.37	6.38	26000	166580.00
2019/08/27	6.38	6.45	6.36	6.45	21000	134230.00
2019/08/28	6.35	6.49	6.35	6.45	157500	1019985.00
2019/08/29	6.39	6.51	6.39	6.48	28300	182631.00
2019/08/30	6.53	6.53	6.50	6.51	20000	130250.00
2019/09/03	6.53	6.66	6.53	6.66	46700	310632.00
2019/09/04	6.54	6.60	6.54	6.60	5000	32830.00
2019/09/05	6.48	6.50	6.48	6.50	24000	155540.00
2019/09/09	6.50	6.50	6.50	6.50	9000	58500.00
2019/09/10	6.47	6.50	6.46	6.47	4200	27202.00
2019/09/16	6.54	6.57	6.54	6.56	6000	39310.00
2019/09/17	6.59	6.59	6.52	6.58	6000	39370.00
2019/09/18	6.57	6.57	6.55	6.56	4000	26240.00
2019/09/25	6.57	6.62	6.50	6.62	57000	375850.00
2019/09/27	6.65	6.68	6.64	6.67	57000	379860.00
2019/09/30	6.69	6.77	6.69	6.74	23000	154820.00
2019/10/09	6.68	6.70	6.68	6.69	10000	66900.00
2019/10/10	6.68	6.82	6.68	6.79	11000	74110.00
2019/10/11	6.71	7.00	6.71	6.98	28000	192970.00
2019/10/14	7.00	7.00	6.80	6.80	28000	193310.00
2019/10/15	6.87	6.87	6.80	6.80	33000	225450.00
2019/10/16	6.78	6.80	6.69	6.69	70000	471480.00
2019/10/17	6.68	6.70	6.65	6.65	27500	183495.00
2019/10/18	6.60	6.60	6.58	6.59	42000	276780.00
2019/10/21	6.58	6.60	6.58	6.59	2000	13180.00
2019/10/23	6.72	6.72	6.72	6.72	1000	6720.00
2019/10/24	6.72	6.73	6.65	6.71	50000	334440.00
2019/10/25	6.68	7.04	6.68	7.03	41000	281100.00
2019/10/28	7.04	7.52	7.04	7.43	189000	1394700.00
2019/10/29	7.53	7.57	7.25	7.26	62000	457040.00
2019/10/30	7.35	7.41	7.29	7.30	144000	1055460.00
2019/10/31	7.29	7.30	7.12	7.23	10000	72270.00
2019/11/04	7.37	7.57	7.35	7.54	207000	1548900.00
2019/11/05	7.66	7.72	7.58	7.71	141800	1084804.00
2019/11/06	7.75	8.10	7.75	8.01	277000	2211960.00
2019/11/07	8.15	8.28	8.07	8.24	213000	1735770.00
2019/11/08	8.21	8.36	8.15	8.29	188000	1549820.00
2019/11/11	8.42	9.15	8.40	8.90	569000	5041720.00
2019/11/12	8.88	9.12	8.53	8.69	174000	1528140.00
2019/11/13	8.72	8.79	8.63	8.75	55000	478010.00
2019/11/14	8.65	9.12	8.65	9.05	135000	1213870.00
2019/11/15	9.07	9.13	8.99	9.03	150000	1361800.00
2019/11/18	9.19	9.26	9.05	9.21	289000	2642850.00
2019/11/19	9.10	9.50	9.10	9.40	740000	6865980.00
2019/11/20	9.48	9.50	9.48	9.50	9000	85380.00
2019/11/21	9.50	9.55	9.48	9.49	55000	522280.00
2019/11/22	9.49	9.54	9.45	9.51	227000	2152430.00
2019/11/25	9.36	9.45	9.22	9.25	232000	2165900.00
2019/11/26	9.30	9.36	9.20	9.20	44000	406280.00
2019/11/27	9.17	9.30	9.14	9.15	24000	220350.00
2019/11/28	9.13	9.16	9.00	9.04	93000	846930.00
2019/11/29	9.10	9.13	8.88	9.00	111000	993320.00
2019/12/03	8.86	9.09	8.86	8.92	42000	375710.00
2019/12/04	9.05	9.05	8.75	8.94	84100	745443.00
2019/12/05	9.01	9.01	8.84	8.89	11000	97730.00
2019/12/06	9.06	9.07	8.80	9.04	13000	117230.00
2019/12/09	9.07	9.10	8.88	8.90	43000	386790.00
2019/12/10	9.02	9.02	8.98	8.99	30000	270080.00
2019/12/11	9.02	9.04	8.82	9.00	235600	2121420.00
2019/12/12	9.02	9.03	8.90	9.02	100100	896452.00
2019/12/13	9.03	9.15	8.99	9.06	156000	1412220.00
2019/12/16	8.99	9.11	8.97	9.05	30000	271060.00
2019/12/17	9.05	9.05	8.78	8.82	470000	4194040.00
2019/12/18	8.92	8.92	8.77	8.91	44000	387550.00
2019/12/19	8.93	8.99	8.74	8.97	146000	1292200.00
2019/12/20	8.88	9.13	8.87	9.11	117000	1051010.00
2019/12/23	9.15	9.20	9.05	9.07	88000	800150.00
2019/12/24	9.17	9.17	9.08	9.09	38000	345570.00
2019/12/25	9.14	9.31	9.13	9.28	111500	1034537.50
2019/12/26	9.02	9.30	8.99	9.27	109900	1018090.00
2019/12/27	9.31	9.44	9.21	9.29	184300	1721037.00
2019/12/30	9.51	10.20	9.44	10.08	213000	2088980.00
2019/12/31	10.21	10.41	10.20	10.30	41000	421210.00
2020/01/02	10.42	11.05	10.40	10.96	106000	1132650.00
2020/01/03	11.26	13.83	11.06	13.48	954600	12570255.00
2020/01/06	13.74	15.16	13.72	14.18	617700	8978384.00
2020/01/07	14.37	14.69	13.21	13.26	203500	2782206.00
2020/01/08	13.50	13.62	13.32	13.39	27000	363900.00
2020/01/09	13.32	13.61	13.11	13.33	146000	1948130.00
2020/01/10	13.43	13.43	13.22	13.34	72000	960880.00
2020/01/13	13.17	13.49	13.17	13.45	166000	2223920.00
2020/01/14	13.52	13.80	13.45	13.75	196000	2653530.00
2020/01/15	13.99	14.83	13.88	14.78	297500	4230540.00
2020/01/16	14.84	15.57	14.84	15.50	250000	3828030.00
2020/01/17	15.70	16.20	15.63	15.98	217000	3438620.00
2020/01/20	16.20	16.41	16.12	16.17	190000	3088170.00
2020/01/21	16.12	16.19	16.02	16.10	142600	2296082.00
2020/01/22	16.30	17.20	16.18	17.07	193500	3241235.00
2020/01/23	17.27	17.36	16.34	16.50	332000	5639630.00
2020/02/03	16.15	16.15	13.95	14.02	410400	5863544.00
2020/02/04	14.30	15.39	14.30	15.33	208800	3155484.00
2020/02/05	15.60	16.55	15.60	15.94	97000	1561250.00
2020/02/06	15.84	16.09	15.75	16.09	77000	1219060.00
2020/02/07	16.06	16.39	16.03	16.13	49000	788320.00
2020/02/10	16.06	16.38	15.77	16.12	79000	1261270.00
2020/02/11	16.35	17.08	16.17	17.01	218900	3633507.00
2020/02/12	16.89	17.77	16.85	17.70	319300	5563972.00
2020/02/13	17.74	17.91	17.50	17.60	91000	1615190.00
2020/02/14	17.75	17.82	17.50	17.67	13000	229600.00
2020/02/17	17.79	17.80	17.05	17.13	137900	2373747.00
2020/02/18	17.40	17.76	17.20	17.37	34000	589900.00
2020/02/19	17.04	17.08	16.59	16.70	88000	1487970.00
2020/02/20	17.01	17.02	16.61	16.79	41000	688710.00
2020/02/21	16.98	16.98	16.45	16.73	136400	2270584.00
2020/02/24	16.79	17.03	16.79	16.90	91000	1537190.00
2020/02/25	16.84	17.19	16.76	17.14	277000	4702020.00
2020/02/26	17.29	17.34	17.22	17.30	83600	1446906.00
2020/02/27	17.30	17.33	16.85	16.90	67100	1136450.00
2020/02/28	16.71	16.77	16.46	16.52	108600	1804031.50
2020/03/02	16.78	16.78	16.50	16.62	45000	747450.00
2020/03/03	16.68	16.88	16.58	16.77	82000	1368750.00
2020/03/04	16.98	18.06	16.98	17.54	104900	1834550.00
2020/03/05	17.64	17.77	17.35	17.50	79000	1387480.00
2020/03/06	17.51	17.52	17.20	17.23	18000	311460.00
2020/03/09	17.56	17.56	17.46	17.52	333000	5836210.00
2020/03/10	17.27	17.62	17.27	17.54	188000	3300760.00
2020/03/11	17.16	17.54	17.10	17.52	61000	1062500.00
2020/03/12	17.54	17.63	17.46	17.50	45000	787640.00
2020/03/13	17.47	17.55	17.26	17.35	23200	405937.50
2020/03/16	17.55	17.56	17.05	17.08	61000	1056510.00
2020/03/17	17.11	17.23	16.60	16.67	45000	758040.00
2020/03/18	16.70	16.70	16.53	16.64	22900	380817.00
2020/03/19	16.53	16.84	16.30	16.44	36000	595670.00
2020/03/20	16.44	16.70	16.31	16.61	139000	2301890.00
2020/03/23	16.36	16.40	16.22	16.30	39000	635390.00
2020/03/24	16.26	16.60	16.26	16.60	24000	393100.00
2020/03/25	16.68	16.68	16.15	16.57	160000	2648000.00
2020/03/26	16.16	16.70	16.15	16.54	30000	491690.00
2020/03/27	16.21	16.25	16.21	16.23	2000	32460.00
2020/03/30	16.25	16.45	15.91	15.97	32300	521812.00
2020/03/31	16.28	16.32	16.25	16.29	15000	244380.00
2020/04/01	16.45	17.19	16.45	17.16	62200	1044380.00
2020/04/02	17.10	17.35	16.96	17.32	24400	417909.00
2020/04/03	17.05	17.39	16.90	17.25	27500	471852.00
2020/04/07	17.29	17.58	17.20	17.53	39500	689183.00
2020/04/08	17.59	17.59	17.48	17.52	11500	201453.00
2020/04/09	17.59	17.86	17.52	17.55	111900	1970977.00
2020/04/10	17.87	17.89	17.38	17.38	28500	503189.00
2020/04/13	17.72	18.60	17.68	18.11	141700	2564332.75
2020/04/14	18.19	18.30	18.11	18.26	27900	508265.00
2020/04/15	18.30	18.64	18.26	18.59	42400	788010.75
2020/04/16	18.60	18.88	18.36	18.77	153300	2866164.00
2020/04/17	18.89	19.04	18.80	19.02	32400	614812.81
2020/04/20	19.02	19.51	18.55	19.14	619100	11731549.00
2020/04/21	19.17	19.17	18.26	18.70	153100	2850821.00
2020/04/22	18.64	19.18	18.60	19.13	141900	2693915.50
2020/04/23	19.19	19.34	18.46	18.55	77300	1463040.25
2020/04/24	18.45	18.59	18.26	18.40	25500	470322.00
2020/04/27	18.52	19.18	18.51	18.68	127400	2404126.50
2020/04/28	19.00	19.31	18.76	19.10	160300	3058172.00
2020/04/29	19.14	19.24	18.49	18.65	118900	2229447.25
2020/04/30	18.87	19.00	18.60	18.80	193200	3628398.50
2020/05/06	18.50	18.50	17.86	17.96	157000	2854566.75
2020/05/07	18.10	18.43	17.58	18.25	506200	9215347.00
2020/07/27	16.95	16.95	10.50	12.44	3440700	44964608.00
2020/07/28	12.40	13.15	12.00	12.91	1303400	16400271.00
2020/07/29	13.05	14.63	13.05	14.49	1722700	24405552.00
2020/07/30	14.40	15.33	14.28	14.55	1273700	18813656.00
2020/07/31	14.44	14.70	14.34	14.69	729200	10587316.00
2020/08/03	15.01	15.28	14.75	14.96	780400	11675304.00
2020/08/04	14.76	14.99	14.35	14.65	483900	7077616.00
2020/08/05	14.40	14.69	14.34	14.56	403000	5838510.50
2020/08/06	14.50	14.50	13.78	13.83	493800	6918971.00
2020/08/07	13.75	13.86	13.22	13.31	495300	6689617.00
2020/08/10	13.13	13.47	13.13	13.33	277100	3679806.25
2020/08/11	13.43	13.43	13.12	13.15	224800	2978281.00
2020/08/12	13.16	13.25	12.88	13.08	153100	1990459.38
2020/08/13	13.09	13.25	13.09	13.23	139400	1834410.38
2020/08/14	13.32	13.33	13.12	13.22	56800	751753.44
2020/08/17	13.08	13.24	13.08	13.20	141600	1863921.50
2020/08/18	13.07	13.23	13.07	13.11	99800	1313774.75
2020/08/19	13.03	13.10	13.03	13.03	111300	1452528.13
2020/08/20	13.03	13.09	12.96	13.02	82100	1069319.25
2020/08/21	13.10	13.11	12.88	12.89	112300	1451171.63
2020/08/24	12.77	12.77	12.60	12.60	154000	1952656.25
2020/08/25	12.58	12.83	12.58	12.61	104500	1321305.63
2020/08/26	12.61	13.24	12.61	12.85	217300	2816741.25
2020/08/27	12.61	12.85	12.61	12.75	68000	867806.94
2020/08/28	12.75	12.96	12.69	12.93	57600	740044.81
2020/08/31	13.00	13.09	12.94	12.96	52600	682955.44
2020/09/01	12.99	13.12	12.96	13.01	112400	1466337.50
2020/09/02	12.79	13.16	12.79	13.06	98900	1284686.25
2020/09/03	12.90	13.07	12.86	13.05	72700	940852.44
2020/09/04	12.79	12.93	12.77	12.86	102200	1310435.13
2020/09/07	12.74	12.98	12.58	12.59	107900	1369788.00
2020/09/08	12.59	12.59	12.40	12.45	169600	2118949.25
2020/09/09	12.51	12.70	12.28	12.46	88700	1098111.25
2020/09/10	12.64	12.64	12.22	12.22	184400	2341796.75
2020/09/11	12.15	12.15	11.61	11.77	306600	3595830.75
2020/09/14	11.70	11.88	11.61	11.83	107900	1273464.75
2020/09/15	11.73	11.90	11.72	11.89	97600	1154107.38
2020/09/16	11.89	11.89	11.65	11.65	94800	1118609.88
2020/09/17	11.81	11.81	11.67	11.72	19600	230390.09
2020/09/18	11.66	11.96	11.66	11.91	52100	614279.25
2020/09/21	11.92	11.92	11.76	11.79	56400	667528.00
2020/09/22	11.73	11.87	11.72	11.73	47800	561750.69
2020/09/23	11.73	11.73	11.65	11.69	87000	1016677.94
2020/09/24	11.61	11.71	11.58	11.59	34800	405387.66
2020/09/25	11.65	11.65	11.43	11.50	84400	970463.94
2020/09/28	11.50	11.50	11.36	11.38	49100	559884.88
2020/09/29	11.50	11.50	11.18	11.22	214700	2409166.00
2020/09/30	11.47	11.47	11.19	11.26	21500	242963.31
2020/10/09	11.34	11.56	11.30	11.49	140200	1597645.25
2020/10/12	11.57	11.99	11.57	11.97	157900	1867703.88
2020/10/13	12.01	12.68	12.01	12.66	265500	3289125.00
2020/10/14	12.65	12.89	12.61	12.77	211600	2698940.75
2020/10/15	12.76	12.80	12.56	12.61	116400	1479048.50
2020/10/16	12.61	12.67	12.50	12.50	146700	1839239.38
2020/10/19	12.79	12.80	12.50	12.64	131800	1667645.00
2020/10/20	12.63	12.69	12.60	12.61	53500	675613.75
2020/10/21	12.56	12.68	12.48	12.60	72600	909864.31
2020/10/22	12.61	12.65	12.54	12.60	42100	530289.38
2020/10/23	12.60	12.65	12.50	12.51	48600	610497.31
2020/10/26	12.40	12.56	12.31	12.39	61400	762947.75
2020/10/27	12.35	12.43	12.28	12.29	93200	1148587.25
2020/10/28	12.32	12.32	12.01	12.23	69900	845291.25
2020/10/29	12.05	12.22	11.94	12.07	86100	1037618.94
2020/10/30	12.07	12.07	11.66	11.80	149000	1771154.38
2020/11/02	11.63	11.74	11.50	11.60	74200	859151.75
2020/11/03	11.49	11.78	11.49	11.61	115100	1337902.25
2020/11/04	11.60	11.69	11.42	11.45	109600	1259001.38
2020/11/05	11.47	11.50	11.38	11.50	124800	1425919.13
2020/11/06	11.40	11.41	11.18	11.28	299500	3381921.50
2020/11/09	11.29	11.37	11.22	11.28	159500	1800718.38
2020/11/10	11.38	11.42	11.03	11.12	222400	2484730.75
2020/11/11	11.11	11.19	10.64	10.80	307800	3379120.75
2020/11/12	10.74	10.90	10.74	10.86	79800	865620.00
2020/11/13	10.85	10.88	10.72	10.77	80200	866409.56
2020/11/16	10.76	10.80	10.69	10.72	246800	2645904.50
2020/11/17	10.70	10.71	10.61	10.68	91700	977758.38
2020/11/18	10.63	10.86	10.63	10.70	92300	987037.88
2020/11/19	10.63	10.80	10.63	10.80	137600	1477218.88
2020/11/20	10.91	10.99	10.78	10.97	113300	1239299.13
2020/11/23	10.95	11.17	10.86	11.00	81200	892649.13
2020/11/24	11.09	11.09	10.92	10.92	84100	921520.75
2020/11/25	10.92	11.02	10.90	10.99	140800	1543605.88
2020/11/26	10.96	11.10	10.96	10.99	58100	637403.44
2020/11/27	11.13	11.13	10.90	11.01	48600	533128.25
2020/11/30	11.32	11.49	11.11	11.33	369000	4179868.25
2020/12/01	11.19	12.00	11.10	11.99	615300	7178493.50
2020/12/02	11.93	12.01	11.70	11.85	304100	3589832.25
2020/12/03	11.78	11.78	11.60	11.63	133100	1552073.13
2020/12/04	11.63	11.68	11.46	11.57	106100	1231585.25
2020/12/07	11.51	11.58	11.41	11.47	145600	1677237.38
2020/12/08	11.39	11.43	11.30	11.30	111400	1264443.13
2020/12/09	11.27	11.40	11.22	11.29	52300	589438.94
2020/12/10	11.29	11.35	11.21	11.28	43100	486295.84
2020/12/11	11.36	11.36	11.05	11.10	81600	911131.50
2020/12/14	11.24	11.24	10.84	10.93	105500	1159808.88
2020/12/15	10.77	10.99	10.77	10.96	30000	327092.19
2020/12/16	10.82	10.95	10.81	10.94	91400	991678.31
2020/12/17	10.81	11.22	10.75	11.08	88000	965343.19
2020/12/18	10.90	11.08	10.90	11.08	58100	640036.19
2020/12/21	11.03	11.35	11.00	11.35	164000	1835334.75
2020/12/22	11.31	11.40	10.99	11.19	140400	1572423.00
2020/12/23	11.28	11.28	11.06	11.10	36300	402966.97
2020/12/24	11.10	11.17	10.88	10.93	48600	532590.25
2020/12/25	10.84	11.10	10.83	10.97	46700	509503.41
2020/12/28	10.83	10.88	10.68	10.81	131300	1414188.63
2020/12/29	10.75	10.85	10.71	10.85	71000	766657.56
2020/12/30	10.81	10.90	10.80	10.83	82500	893682.75
2020/12/31	10.81	10.85	10.73	10.82	112100	1209587.25
2021/01/04	10.88	10.88	10.72	10.82	168900	1816718.63
2021/01/05	10.73	10.80	10.69	10.73	168500	1813209.38
2021/01/06	10.72	10.74	10.69	10.72	77000	824820.50
2021/01/07	10.68	10.71	10.36	10.46	172100	1814546.50
2021/01/08	10.40	10.40	10.11	10.20	144400	1472088.13
2021/01/11	10.13	10.25	9.77	9.90	222000	2210158.00
2021/01/12	9.71	10.03	9.71	9.84	146100	1424921.63
2021/01/13	9.73	9.94	9.70	9.72	107200	1046980.75
2021/01/14	9.68	9.88	9.50	9.87	112100	1084504.88
2021/01/15	9.78	10.00	9.59	9.87	140500	1369956.00
2021/01/18	9.81	9.96	9.68	9.89	85200	834030.31
2021/01/19	9.78	10.28	9.67	10.00	82600	813043.94
2021/01/20	9.91	10.20	9.90	10.19	82500	824422.88
2021/01/21	10.10	10.36	10.10	10.35	106300	1089808.63
2021/01/22	10.30	10.35	10.16	10.35	103200	1056609.63
2021/01/25	10.20	10.48	10.06	10.13	169900	1746381.00
2021/01/26	10.33	10.33	9.82	10.16	111800	1118590.75
2021/01/27	9.86	10.29	9.80	9.83	163100	1605275.25
2021/01/28	9.77	9.88	9.70	9.75	86300	842737.56
2021/01/29	9.80	9.99	9.70	9.89	62600	613027.13
2021/02/01	9.70	9.88	9.49	9.86	55700	539737.50
2021/02/02	9.68	9.96	9.68	9.94	27200	267000.97
2021/02/03	9.80	9.87	9.75	9.76	34600	338236.88
2021/02/04	9.77	9.77	9.59	9.60	52100	504363.00
2021/02/05	9.60	9.60	9.50	9.57	74700	713875.56
2021/02/08	9.69	9.69	9.50	9.57	29400	280890.03
2021/02/09	9.50	9.69	9.50	9.55	95800	917309.31
2021/02/10	9.55	9.68	9.51	9.68	92400	885861.44
2021/02/18	9.63	9.85	9.60	9.75	51600	501042.84
2021/02/19	9.75	9.85	9.72	9.81	62600	611663.56
2021/02/22	9.79	9.90	9.76	9.83	119700	1174471.75
2021/02/23	9.77	9.89	9.69	9.71	86400	841807.19
2021/02/24	9.69	9.80	9.66	9.74	51100	496461.34
2021/02/25	9.66	9.74	9.61	9.65	54600	527051.38
2021/02/26	9.55	9.74	9.51	9.66	61700	592415.06
2021/03/01	9.99	10.08	9.86	9.96	210000	2105336.75
2021/03/02	10.07	10.07	9.86	9.90	67400	669767.06
2021/03/03	9.99	10.18	9.86	10.18	202900	2037299.50
2021/03/04	10.15	10.30	10.15	10.25	122200	1251819.25
2021/03/05	10.25	10.29	10.16	10.23	90100	923775.31
2021/03/08	10.30	10.36	10.20	10.30	180300	1852771.50
2021/03/09	10.22	10.35	10.06	10.20	91300	934979.75
2021/03/10	10.30	10.30	10.18	10.25	61300	626660.38
2021/03/11	10.30	10.31	10.21	10.28	44500	456586.13
2021/03/12	10.30	10.30	10.19	10.27	36800	375848.75
2021/03/15	10.25	10.26	10.15	10.20	85000	865629.81
2021/03/16	10.19	10.29	10.19	10.21	90100	920529.63
2021/03/17	10.19	10.26	10.05	10.23	106400	1087897.00
2021/03/18	10.25	10.32	10.15	10.27	219600	2249457.50
2021/03/19	10.29	10.47	10.23	10.43	276400	2854819.00
2021/03/22	10.45	11.15	10.43	11.07	447100	4848051.00
2021/03/23	10.90	10.90	10.60	10.71	387200	4143602.00
2021/03/24	10.77	10.77	10.61	10.69	111400	1189136.75
2021/03/25	10.76	10.76	10.49	10.51	72300	764086.31
2021/03/26	10.51	10.63	10.49	10.59	128600	1353000.38
2021/03/29	10.70	10.70	10.56	10.66	52300	554163.63
2021/03/30	10.66	10.66	10.51	10.65	51600	545142.50
2021/03/31	10.52	10.65	10.52	10.61	45900	485602.88
2021/04/01	10.55	10.69	10.50	10.63	57300	605730.50
2021/04/02	10.57	10.69	10.55	10.66	52600	559318.94
2021/04/06	10.66	10.83	10.61	10.82	48900	525218.38
2021/04/07	10.85	10.96	10.83	10.96	92400	1007989.44
2021/04/08	10.99	11.08	10.99	11.01	109700	1210524.25
2021/04/09	11.01	11.05	10.92	10.99	101300	1115858.88
2021/04/12	11.05	11.08	10.96	11.00	106800	1175533.50
2021/04/13	11.00	11.01	10.84	10.84	63100	689105.63
2021/04/14	10.81	10.90	10.60	10.89	122400	1316446.25
2021/04/15	10.89	10.92	10.80	10.92	29700	322385.09
2021/04/16	10.81	10.97	10.81	10.92	20200	220823.14
2021/04/19	10.89	11.01	10.82	10.97	65500	719585.63
2021/04/20	10.97	11.05	10.93	10.96	75100	823798.69
2021/04/21	10.94	10.97	10.87	10.93	36000	393991.44
2021/04/22	10.93	10.97	10.88	10.92	78500	855625.75
2021/04/23	10.85	10.95	10.72	10.90	53000	576480.88
2021/04/26	10.85	10.91	10.80	10.87	81600	885978.25
2021/04/27	10.86	10.92	10.74	10.87	37300	402795.03
2021/04/28	10.89	10.91	10.78	10.87	128700	1396727.75
2021/04/29	10.81	10.92	10.80	10.88	110400	1197800.00
2021/04/30	10.84	10.88	10.80	10.88	66300	717932.50
2021/05/06	10.83	10.98	10.83	10.92	117400	1279594.88
2021/05/07	10.86	10.95	10.86	10.89	65500	716524.00
2021/05/10	10.78	10.88	10.78	10.79	59400	643859.88
2021/05/11	10.73	10.76	10.68	10.70	94900	1018593.94
2021/05/12	10.68	10.85	10.58	10.69	87400	930151.44
2021/05/13	10.58	10.72	10.58	10.72	45500	483357.66
2021/05/14	10.66	10.73	10.66	10.73	42300	453204.97
2021/05/17	10.71	10.73	10.61	10.70	112400	1198882.13
2021/05/18	10.61	10.71	10.61	10.71	30600	326852.94
2021/05/19	10.63	10.80	10.63	10.71	37200	399479.31
2021/05/20	10.73	10.74	10.62	10.74	189500	2025874.13
2021/05/21	10.76	10.76	10.65	10.65	48900	523138.38
2021/05/24	10.78	10.84	10.59	10.69	51400	546191.50
2021/05/25	10.69	10.72	10.63	10.70	67700	723824.50
2021/05/26	10.67	10.75	10.66	10.73	109900	1173912.75
2021/05/27	10.73	10.81	10.73	10.75	56500	608164.63
2021/05/28	10.45	10.65	10.45	10.58	95200	1008790.44
2021/05/31	10.60	10.74	10.56	10.61	52200	552433.00
2021/06/01	10.58	10.65	10.56	10.64	15700	166501.00
2021/06/02	10.60	10.68	10.50	10.60	71100	751043.69
2021/06/03	10.72	10.72	10.52	10.70	147200	1571814.88
2021/06/04	10.60	10.70	10.51	10.64	113000	1194008.75
2021/06/07	10.65	10.96	10.64	10.94	216700	2352665.50
2021/06/08	11.00	11.12	10.93	11.08	165600	1834840.50
2021/06/09	11.09	11.87	11.09	11.80	514500	5941542.50
2021/06/10	11.86	12.44	11.86	12.15	515800	6286127.50
2021/06/11	11.93	12.25	11.91	12.12	169400	2035104.63
2021/06/15	12.10	12.11	11.80	11.91	145200	1731696.38
2021/06/16	11.88	11.90	11.66	11.79	135700	1600959.25
2021/06/17	11.78	11.78	11.51	11.75	113700	1328989.38
2021/06/18	11.61	11.81	11.61	11.81	124900	1462768.00
2021/06/21	11.89	11.90	11.70	11.87	88800	1053716.13
2021/06/22	11.81	11.91	11.72	11.80	90200	1069075.75
2021/06/23	11.90	11.90	11.61	11.64	173300	2028077.75
2021/06/24	11.78	11.88	11.65	11.79	166900	1968647.75
2021/06/25	11.79	12.18	11.72	12.10	247100	2958020.75
2021/06/28	11.90	12.10	11.82	11.93	134200	1597638.50
2021/06/29	11.86	11.99	11.53	11.70	195000	2280121.75
2021/06/30	11.71	11.75	11.60	11.71	93200	1087237.13
2021/07/01	11.84	11.84	11.53	11.68	30900	359055.72
2021/07/02	11.89	11.89	11.68	11.80	103800	1227757.38
2021/07/05	11.83	11.84	11.71	11.81	68900	813124.00
2021/07/06	11.71	11.88	11.68	11.80	60500	709184.63
2021/07/07	11.77	11.77	11.65	11.69	88100	1031072.94
2021/07/08	11.69	11.70	11.60	11.62	86400	1006483.75
2021/07/09	11.62	11.85	11.62	11.80	120300	1413193.00
2021/07/12	11.96	12.05	11.83	11.90	157600	1880310.63
2021/07/13	11.92	12.05	11.90	11.92	150800	1809226.75
2021/07/14	12.03	12.03	11.83	12.00	130900	1566982.88
2021/07/15	11.99	12.02	11.93	12.01	109100	1306995.00
2021/07/16	12.00	12.04	11.95	11.98	163000	1955986.50
2021/07/19	12.07	12.37	12.04	12.07	538300	6576181.00
2021/07/20	12.01	12.08	11.86	12.07	107700	1285568.00
2021/07/21	12.02	12.07	11.91	11.98	61800	739272.00
2021/07/22	11.91	12.01	11.83	11.90	116700	1387935.75
2021/07/23	11.82	11.88	11.77	11.81	60000	707538.63
2021/07/26	11.79	11.97	11.60	11.79	97300	1143772.13
2021/07/27	11.78	11.92	11.39	11.50	154300	1781487.13
2021/07/28	11.59	11.59	11.06	11.36	149900	1691960.75
2021/07/29	11.30	11.37	11.23	11.30	102200	1157215.63
2021/07/30	11.25	11.29	11.06	11.18	39600	441085.38
2021/08/02	11.07	11.29	11.07	11.25	34700	389158.69
2021/08/03	11.23	11.35	11.03	11.25	103100	1149348.88
2021/08/04	11.25	11.36	11.08	11.26	40400	454332.84
2021/08/05	11.26	11.26	11.11	11.19	58000	648666.06
2021/08/06	11.17	11.28	11.08	11.23	35200	392221.44
2021/08/09	11.20	11.31	11.03	11.19	40400	450737.34
2021/08/10	11.15	11.25	11.13	11.20	34500	385873.97
2021/08/11	11.17	11.30	11.11	11.26	108700	1214624.50
2021/08/12	11.50	11.90	11.50	11.72	262900	3080335.50
2021/08/13	11.73	11.94	11.60	11.85	277200	3260872.00
2021/08/16	11.86	12.03	11.61	11.80	124100	1474592.50
2021/08/17	11.79	12.09	11.65	11.85	349100	4185183.75
2021/08/18	11.76	11.94	11.76	11.90	30100	356524.56
2021/08/19	11.93	12.04	11.81	12.01	168300	2010003.25
2021/08/20	12.05	12.05	11.93	12.05	123300	1480539.88
2021/08/23	12.10	12.19	11.85	11.97	128100	1536053.25
2021/08/24	11.95	12.06	11.89	11.99	191000	2288305.25
2021/08/25	11.98	12.02	11.91	12.00	88100	1054509.00
2021/08/26	12.04	12.04	11.55	11.68	120400	1410568.88
2021/08/27	11.63	11.87	11.63	11.85	204000	2397431.25
2021/08/30	11.85	12.08	11.70	11.95	357400	4276638.50
2021/08/31	11.95	12.25	11.95	12.23	332800	4053848.00
2021/09/01	12.27	12.50	12.05	12.40	368400	4562010.00
2021/09/02	12.39	12.90	12.39	12.89	404900	5089516.50
2021/09/03	14.79	15.49	13.33	14.00	2085400	29513718.00
2021/09/06	14.76	17.98	14.45	15.16	3067200	49647216.00
2021/09/07	15.47	16.67	15.47	15.70	1628700	25799862.00
2021/09/08	15.70	16.18	15.54	16.04	875600	13980717.00
2021/09/09	16.00	17.26	16.00	17.05	925900	15646472.00
2021/09/10	17.43	18.49	16.00	17.09	1055300	18025544.00
2021/09/13	17.00	17.49	16.13	16.36	728200	12122694.00
2021/09/14	16.36	16.36	15.83	15.83	431500	6928453.00
2021/09/15	16.20	16.20	15.20	15.38	420900	6555127.00
2021/09/16	15.55	15.55	14.88	14.88	265900	4007253.75
2021/09/17	14.96	15.96	14.81	15.82	307000	4738584.50
2021/09/22	16.80	17.28	16.31	17.03	1000600	16814690.00
2021/09/23	17.14	17.38	16.68	16.75	281500	4778077.00
2021/09/24	16.81	16.93	16.40	16.70	306100	5108336.50
2021/09/27	16.69	16.69	15.99	16.12	292000	4715593.00
2021/09/28	16.10	16.29	16.10	16.23	99000	1601645.63
2021/09/29	16.29	16.35	16.03	16.16	142700	2309545.75
2021/09/30	16.22	16.88	16.06	16.69	395100	6514273.50
2021/10/08	16.72	16.72	16.19	16.38	160900	2628655.00
2021/10/11	16.05	16.28	16.05	16.12	200600	3238684.25
2021/10/12	16.07	16.40	15.68	15.85	147300	2340347.00
2021/10/13	16.00	16.16	15.61	16.15	144700	2323357.50
2021/10/14	15.87	16.28	15.87	16.13	81900	1318790.50
2021/10/15	15.96	16.22	15.96	16.19	91800	1480462.13
2021/10/18	16.26	16.27	15.89	15.95	64100	1026835.00
2021/10/19	15.91	16.05	15.82	15.87	61100	969954.38
2021/10/20	15.87	16.03	15.83	16.03	111200	1771885.00
2021/10/21	16.08	16.08	15.88	15.99	245500	3922986.50
2021/10/22	15.99	16.00	15.80	15.97	123700	1963884.50
2021/10/25	15.98	15.98	15.60	15.65	95300	1501596.63
2021/10/26	15.77	15.78	14.80	14.80	283100	4263321.50
2021/10/27	14.82	14.96	14.16	14.32	167700	2415935.50
2021/10/28	14.20	14.50	13.78	13.99	206500	2886466.25
2021/10/29	13.60	14.50	13.60	14.37	269000	3785781.00
2021/11/01	14.69	15.28	14.69	15.08	447900	6737501.50
2021/11/02	15.10	15.10	14.77	14.83	131200	1959897.25
2021/11/03	14.72	15.37	14.72	15.27	155000	2344251.75
2021/11/04	15.38	16.29	15.36	15.96	467200	7406610.50
2021/11/05	16.02	16.35	15.80	16.14	265900	4273592.00
2021/11/08	16.20	16.99	16.20	16.94	603300	10095652.00
2021/11/09	17.88	17.88	16.61	16.85	389100	6629132.00
2021/11/10	16.85	16.99	16.48	16.99	254800	4258269.50
2021/11/11	17.10	17.47	16.80	17.03	652800	11147644.00
2021/11/12	17.19	18.14	17.00	17.98	1184300	20866312.00
2021/11/15	17.98	19.20	16.21	16.21	2371800	41796312.00
2021/11/16	16.25	16.28	15.51	15.61	908600	14321224.00
2021/11/17	15.70	15.94	15.49	15.79	548000	8586034.00
2021/11/18	15.96	15.96	15.05	15.30	419700	6493187.00
2021/11/19	15.58	15.58	15.08	15.29	371000	5658606.50
2021/11/22	15.33	15.50	15.29	15.39	312700	4815305.00
2021/11/23	15.43	16.16	15.43	16.00	911600	14547339.00
2021/11/24	16.06	16.36	15.75	15.86	366700	5872364.00
2021/11/25	15.86	16.19	15.86	15.98	412600	6625845.00
2021/11/26	15.55	16.14	15.55	15.86	456500	7267311.00
2021/11/29	15.61	15.81	15.51	15.77	471100	7382020.00
2021/11/30	15.76	15.84	15.56	15.63	350600	5480687.00
2021/12/01	15.53	15.63	15.50	15.52	228700	3554065.75
2021/12/02	15.50	15.50	15.25	15.26	382000	5878215.00
2021/12/03	15.20	15.25	14.62	14.79	407800	6112521.50
2021/12/06	14.81	14.98	14.41	14.42	223600	3259389.25
2021/12/07	14.45	14.52	14.14	14.20	181900	2592670.00
2021/12/08	14.19	14.56	14.19	14.46	112900	1619514.25
2021/12/09	14.32	14.56	14.25	14.49	96400	1389006.63
2021/12/10	14.44	14.59	14.42	14.51	88600	1285572.38
2021/12/13	14.50	14.82	14.48	14.80	124900	1833956.63
2021/12/14	14.98	15.32	14.88	15.31	384200	5835005.00
2021/12/15	15.29	15.62	15.18	15.53	451000	6978820.50
2021/12/16	15.50	15.62	15.30	15.38	91400	1406884.25
2021/12/17	15.24	15.25	14.91	14.91	115900	1749287.38
2021/12/20	14.92	15.28	14.72	15.07	118500	1777836.25
2021/12/21	15.00	15.18	14.90	15.10	77400	1163871.38
2021/12/22	14.90	15.16	14.90	15.11	92100	1381258.25
2021/12/23	15.19	15.19	14.91	14.95	67100	1007975.94
2021/12/24	14.95	15.00	14.81	14.85	67300	998454.13
2021/12/27	15.04	15.04	14.80	14.84	37600	558098.31
2021/12/28	14.99	14.99	14.82	14.99	66800	996480.75
2021/12/29	15.05	15.33	14.89	15.12	307800	4662017.50
2021/12/30	15.19	15.63	15.00	15.63	427000	6585861.00
2021/12/31	15.68	16.37	15.61	16.00	810100	12994087.00
2022/01/04	15.96	16.29	15.60	15.85	369300	5849098.00
2022/01/05	15.70	16.00	15.34	15.66	223700	3492104.75
2022/01/06	15.66	15.66	15.33	15.52	146500	2259273.75
2022/01/07	15.66	15.75	15.31	15.56	216200	3346911.75
2022/01/10	15.56	16.65	15.41	16.00	833363	13460689.00
2022/01/11	16.21	16.33	15.73	15.91	214927	3409145.75
2022/01/12	16.13	16.13	15.81	16.09	133812	2138242.00
2022/01/13	16.19	16.30	15.70	15.71	280072	4479398.50
2022/01/14	15.66	15.97	15.61	15.88	421490	6640355.00
2022/01/17	15.73	16.09	15.73	16.04	320313	5116841.50
2022/01/18	16.18	16.21	15.90	16.01	175533	2804253.75
2022/01/19	15.92	16.04	15.79	15.80	152051	2413550.75
2022/01/20	15.76	16.15	15.63	15.99	347471	5525397.50
2022/01/21	15.91	15.92	15.78	15.87	183599	2903720.75
2022/01/24	15.73	15.94	15.55	15.82	215540	3392939.75
2022/01/25	15.76	15.88	15.00	15.39	208661	3200387.75
2022/01/26	15.16	15.90	15.01	15.73	278264	4289358.00
2022/01/27	15.53	15.53	15.11	15.46	156439	2388981.00
2022/01/28	15.58	15.58	15.20	15.40	114647	1759421.13
2022/02/07	15.49	15.49	15.12	15.15	81117	1230834.00
2022/02/08	15.07	15.28	15.05	15.28	91858	1391746.63
2022/02/09	15.33	15.49	15.10	15.34	101830	1552999.88
2022/02/10	15.30	15.31	15.20	15.24	97165	1480880.25
2022/02/11	15.15	15.17	14.78	14.87	163422	2454466.75
2022/02/14	14.85	14.90	14.47	14.50	115122	1688453.25
2022/02/15	14.89	14.89	14.47	14.56	73775	1071352.88
2022/02/16	14.57	14.81	14.44	14.57	84101	1220900.38
2022/02/17	14.47	14.75	14.37	14.54	58465	842533.81
2022/02/18	14.54	14.57	14.31	14.47	28946	416996.56
2022/02/21	14.39	14.47	14.30	14.37	75765	1087170.13
2022/02/22	14.49	14.49	14.14	14.33	61301	873951.94
2022/02/23	14.38	14.38	14.16	14.30	87524	1244153.75
2022/02/24	14.18	14.52	13.88	14.10	98056	1387036.00
2022/02/25	13.95	14.40	13.95	13.98	85541	1199600.50
2022/02/28	14.20	14.20	13.55	13.68	148894	2036902.88
2022/03/01	13.61	13.66	13.45	13.56	41800	565839.50
2022/03/02	13.60	13.67	13.45	13.59	48960	662625.75
2022/03/03	13.65	13.65	13.35	13.35	77047	1035072.00
2022/03/04	13.33	13.34	13.16	13.28	73023	967117.63
2022/03/07	13.29	13.29	12.91	13.00	157965	2054282.13
2022/03/08	12.98	12.99	12.52	12.78	61684	785963.75
2022/03/09	12.61	12.79	12.08	12.22	153681	1911122.50
2022/03/10	12.22	12.78	12.22	12.48	208300	2213695.75
2022/03/11	12.20	12.37	11.90	12.37	124727	1513760.25
2022/03/14	12.08	12.28	12.08	12.15	66408	806630.00
2022/03/15	11.97	12.29	11.55	12.15	113434	1351202.25
2022/03/16	11.99	12.15	11.15	11.97	178072	2076196.63
2022/03/17	11.97	13.07	11.71	12.46	250008	3129090.75
2022/03/18	12.39	12.40	12.01	12.29	113565	1382431.25
2022/03/21	12.55	12.55	12.06	12.32	52335	641367.81
2022/03/22	12.31	12.31	12.11	12.31	32535	396513.34
2022/03/23	12.31	12.31	11.80	12.18	39463	474309.22
2022/03/24	11.89	12.03	11.80	11.97	54133	642212.63
2022/03/25	11.96	11.99	11.73	11.90	29298	346757.97
2022/03/28	11.91	11.91	11.62	11.85	21485	253877.67
2022/03/29	11.65	11.81	11.65	11.76	27703	324205.16
2022/03/30	11.61	11.86	11.61	11.66	66284	773069.94
2022/03/31	11.82	11.85	11.62	11.74	42077	491927.63
2022/04/01	11.70	11.93	11.70	11.85	64398	764435.75
2022/04/06	11.72	12.08	11.72	11.98	40831	488508.22
2022/04/07	11.83	12.06	11.83	12.04	65986	793422.19
2022/04/08	11.70	12.11	11.70	12.02	27530	327967.69
2022/04/11	11.73	11.97	11.42	11.68	52498	611688.19
2022/04/12	11.60	11.87	11.51	11.80	41893	490282.66
2022/04/13	11.58	11.78	11.56	11.76	7940	92078.20
2022/04/14	11.89	11.89	11.50	11.78	15166	177483.41
2022/04/15	11.62	11.76	11.52	11.70	15274	177136.91
2022/04/18	11.55	11.72	11.51	11.65	30701	354842.75
2022/04/19	11.62	11.62	11.50	11.55	12925	149109.75
2022/04/20	11.60	11.68	11.51	11.59	14886	172429.42
2022/04/21	11.73	11.73	11.23	11.26	32733	372559.59
2022/04/22	11.21	11.27	11.03	11.20	20619	230285.22
2022/04/25	11.01	11.32	10.40	10.40	49160	530961.25
2022/04/26	10.37	10.76	10.01	10.01	56816	587758.69
2022/04/27	10.01	10.80	10.01	10.50	143271	1496072.50
2022/04/28	10.25	10.51	10.02	10.36	49319	502446.19
2022/04/29	10.57	10.60	10.09	10.43	69399	717891.56
2022/05/05	10.42	10.76	10.33	10.74	84267	890616.50
2022/05/06	10.72	10.96	10.41	10.91	48273	518654.19
2022/05/09	10.49	10.89	10.49	10.78	24026	256654.47
2022/05/10	10.42	10.75	10.42	10.75	73816	784009.44
2022/05/11	10.52	10.85	10.52	10.81	45344	487858.03
2022/05/12	10.58	10.87	10.54	10.79	6548	69571.20
2022/05/13	10.64	11.20	10.60	11.11	106048	1164833.88
2022/05/16	11.03	11.20	11.03	11.10	73168	813538.00
2022/05/17	11.29	11.34	11.10	11.23	164327	1832581.00
2022/05/18	11.29	11.32	11.18	11.28	23685	266057.53
2022/05/19	11.25	11.40	10.86	11.39	56263	631875.25
2022/05/20	11.10	11.39	11.10	11.35	13500	152769.25
2022/05/23	11.10	11.38	11.10	11.33	6700	74770.00
2022/05/24	11.36	11.36	11.02	11.30	19439	218563.88
2022/05/25	11.12	11.31	11.05	11.26	19562	218577.48
2022/05/26	11.24	11.36	11.21	11.23	28734	323852.38
2022/05/27	11.23	11.32	11.20	11.22	32558	366456.44
2022/05/30	9.29	9.29	9.09	9.15	34543	317890.94
2022/05/31	9.35	9.35	9.11	9.22	17447	160810.97
2022/06/01	9.22	9.26	9.22	9.22	26100	241337.52
2022/06/02	9.17	9.17	9.10	9.16	44094	402501.13
2022/06/06	9.19	9.28	9.10	9.25	29921	276036.28
2022/06/07	9.41	9.41	9.17	9.28	33533	309694.34
2022/06/08	9.13	9.38	9.13	9.27	25255	232306.20
2022/06/09	9.31	9.32	9.06	9.27	28960	265300.59
2022/06/10	9.26	9.45	9.07	9.20	44309	405370.19
2022/06/13	9.07	9.19	8.88	9.08	58633	527451.25
2022/06/14	9.00	9.34	8.95	9.13	94165	848154.56
2022/06/15	9.02	9.17	9.02	9.07	44164	401235.41
2022/06/16	9.06	9.19	9.03	9.10	32691	297387.50
2022/06/17	9.04	9.10	8.92	9.00	124725	1129562.63
2022/06/20	8.87	9.20	8.85	8.99	67740	603125.50
2022/06/21	9.00	9.10	8.80	8.83	85149	756329.75
2022/06/22	8.88	8.88	8.80	8.85	34593	304594.44
2022/06/23	8.85	8.87	8.65	8.87	58541	512391.97
2022/06/24	8.75	8.82	8.63	8.70	50773	442135.47
2022/06/27	8.70	8.81	8.65	8.79	47393	413400.59
2022/06/28	8.82	9.19	8.80	9.15	174420	1577814.88
2022/06/29	9.13	9.19	8.88	9.00	88793	798395.81
2022/06/30	9.04	9.04	8.88	8.90	54657	488495.81
2022/07/01	8.90	8.96	8.84	8.94	50220	445368.41
2022/07/04	8.80	8.90	8.80	8.84	13060	115467.60
2022/07/05	8.84	8.87	8.76	8.84	38070	335350.41
2022/07/06	8.96	8.96	8.75	8.90	63618	564624.00
2022/07/07	9.08	9.08	8.83	8.90	24262	216487.70
2022/07/08	8.83	8.90	8.83	8.90	10640	94243.20
2022/07/11	9.02	9.02	8.61	8.80	77464	675650.94
2022/07/12	8.77	8.80	8.63	8.74	52238	453595.44
2022/07/13	8.77	8.77	8.65	8.74	12402	107854.32
2022/07/14	8.70	8.70	8.63	8.69	27662	239746.09
2022/07/15	8.61	8.81	8.61	8.66	22711	196612.08
2022/07/18	8.68	8.68	8.54	8.56	102847	882064.06
2022/07/19	8.56	8.56	8.40	8.42	120953	1023133.94
2022/07/20	8.42	8.51	8.30	8.42	56510	476308.69
2022/07/21	8.36	8.41	8.31	8.34	92350	773012.00
2022/07/22	8.35	8.45	8.28	8.35	51375	426912.03
2022/07/25	8.30	8.35	8.28	8.30	9023	74850.88
2022/07/26	8.25	8.28	8.10	8.28	67606	552121.69
2022/07/27	8.33	8.53	8.29	8.42	67228	562974.56
2022/07/28	8.53	8.61	8.33	8.49	45363	385079.97
2022/07/29	8.50	8.60	8.40	8.45	49840	424732.25
2022/08/01	8.58	8.58	8.34	8.50	24041	203513.19
2022/08/02	8.50	8.50	8.17	8.33	95271	783420.38
2022/08/03	8.33	8.43	8.14	8.28	122623	1003365.38
2022/08/04	8.16	8.26	8.12	8.23	48480	397925.09
2022/08/05	8.24	8.35	8.15	8.33	80908	670161.69
2022/08/08	8.35	8.36	8.17	8.33	10649	88432.08
2022/08/09	8.39	8.53	8.33	8.49	70873	598974.75
2022/08/10	8.55	8.56	8.38	8.54	44581	378693.03
2022/08/11	8.54	8.79	8.54	8.74	127982	1112154.88
2022/08/12	8.78	8.86	8.68	8.74	100983	889301.50
2022/08/15	8.76	8.81	8.66	8.80	47947	418181.09
2022/08/16	8.68	8.84	8.50	8.77	44379	382274.94
2022/08/17	8.74	8.77	8.62	8.76	14528	126819.72
2022/08/18	8.77	8.77	8.58	8.60	40013	345559.91
2022/08/19	8.58	8.79	8.51	8.66	121702	1053173.63
2022/08/22	8.71	8.71	8.51	8.54	57910	495112.41
2022/08/23	8.64	8.69	8.56	8.60	99426	858255.50
2022/08/24	8.57	8.57	8.30	8.49	129843	1089529.00
2022/08/25	8.53	8.60	8.26	8.45	48206	402555.34
2022/08/26	8.58	8.58	8.35	8.50	43491	367653.09
2022/08/29	8.45	8.57	8.38	8.50	93582	791642.63
2022/08/30	8.42	8.55	8.41	8.53	65230	554153.38
2022/08/31	8.40	8.54	8.39	8.50	21309	179338.41
2022/09/01	8.39	8.50	8.36	8.38	36090	302309.84
2022/09/02	8.44	8.44	8.32	8.42	9582	80381.75
2022/09/05	8.43	8.56	8.23	8.42	158183	1313222.13
2022/09/06	8.33	8.42	8.33	8.42	43110	361208.63
2022/09/07	8.36	8.43	8.36	8.40	11655	97794.63
2022/09/08	8.41	8.41	8.28	8.39	44455	369472.50
2022/09/09	8.40	8.40	8.24	8.33	35415	292932.22
2022/09/13	8.43	8.43	8.31	8.32	30731	256211.92
2022/09/14	8.41	8.42	8.27	8.42	56986	475793.41
2022/09/15	8.44	8.48	8.21	8.34	104009	862528.06
2022/09/16	8.25	8.78	8.25	8.50	381897	3276165.50
2022/09/19	8.69	8.69	8.42	8.69	194182	1666061.25
2022/09/20	8.43	9.97	8.43	9.60	1005796	9427188.00
2022/09/21	9.30	10.38	9.30	9.94	1811682	18215380.00
2022/09/22	9.81	10.02	9.50	9.60	874959	8495274.00
2022/09/23	9.70	9.70	8.90	9.06	713078	6483532.50
2022/09/26	9.00	9.01	8.71	8.84	262530	2313964.75
2022/09/27	8.87	9.11	8.71	9.05	340849	3045101.75
2022/09/28	9.05	9.10	8.78	9.07	293319	2645808.75
2022/09/29	8.91	9.01	8.75	8.90	122615	1086774.88
2022/09/30	8.70	9.10	8.70	8.99	196993	1769241.63
2022/10/10	8.81	9.18	8.60	9.18	277647	2512287.00
2022/10/11	9.18	9.55	9.17	9.48	383268	3592167.50
2022/10/12	9.48	9.48	9.04	9.38	198360	1843836.25
2022/10/13	9.12	9.55	9.11	9.39	189593	1763838.25
2022/10/14	9.54	9.54	9.31	9.36	88177	826692.94
2022/10/17	9.30	9.46	9.13	9.30	134159	1236077.38
2022/10/18	9.23	9.25	9.10	9.23	114380	1050614.75
2022/10/19	9.24	9.24	8.99	9.24	180084	1638699.75
2022/10/20	9.07	9.22	9.07	9.16	18425	168158.02
2022/10/21	9.24	9.24	9.05	9.18	44125	403444.97
2022/10/24	9.23	9.24	9.04	9.15	55100	504954.38
2022/10/25	9.02	9.15	9.00	9.13	40444	365122.88
2022/10/26	9.04	9.24	9.00	9.09	84044	765035.69
2022/10/27	9.20	9.20	9.04	9.12	68799	624856.31
2022/10/28	9.13	9.19	9.08	9.15	116451	1061661.88
2022/10/31	8.90	9.31	8.90	9.31	93227	858842.50
2022/11/01	9.28	9.32	9.15	9.30	61035	563969.13
2022/11/02	9.28	9.30	9.17	9.28	66972	618064.00
2022/11/03	9.21	9.27	9.08	9.10	86427	793554.31
2022/11/04	9.10	9.28	9.03	9.23	124239	1139787.00
2022/11/07	9.08	9.44	9.08	9.38	234071	2178753.00
2022/11/08	9.35	9.44	9.24	9.37	96426	902331.19
2022/11/09	9.40	9.40	9.27	9.35	36420	338812.44
2022/11/10	9.31	9.39	9.24	9.34	33877	315210.78
2022/11/11	9.53	9.53	9.27	9.45	279360	2618768.75
2022/11/14	9.49	9.49	9.34	9.42	171915	1615566.25
2022/11/15	9.39	9.45	9.26	9.40	90783	853517.81
2022/11/16	9.40	9.49	9.30	9.40	70796	664224.19
2022/11/17	9.37	9.43	9.27	9.40	62914	588961.25
2022/11/18	9.40	9.40	9.32	9.37	79989	747733.94
2022/11/21	9.50	9.69	9.47	9.63	167592	1604307.13
2022/11/22	9.49	9.97	9.49	9.90	388920	3779680.50
2022/11/23	9.90	10.00	9.80	9.95	170789	1695726.75
2022/11/24	9.74	10.04	9.66	9.97	79527	789047.88
2022/11/25	9.98	9.99	9.76	9.86	56095	550570.38
2022/11/28	10.08	10.08	9.76	9.87	78207	774901.94
2022/11/29	9.90	9.91	9.78	9.88	74583	734740.94
2022/11/30	9.90	10.01	9.81	9.89	116874	1157992.25
2022/12/01	10.03	10.07	9.78	9.87	66792	660160.63
2022/12/02	9.95	9.97	9.74	9.80	123329	1208535.13
2022/12/05	9.75	9.77	9.56	9.69	224962	2178649.00
2022/12/06	9.59	9.75	9.58	9.70	25069	243535.64
2022/12/07	9.64	9.86	9.64	9.81	60192	589450.81
2022/12/08	9.83	9.94	9.71	9.82	41525	407152.75
2022/12/09	9.83	9.84	9.73	9.84	27751	271545.59
2022/12/12	9.76	9.83	9.50	9.60	89518	858465.88
2022/12/13	9.62	9.62	9.40	9.46	91236	865309.25
2022/12/14	9.47	9.55	9.39	9.45	41551	391150.66
2022/12/15	9.64	9.64	9.35	9.47	23974	225372.59
2022/12/16	9.50	9.50	9.31	9.33	50057	468641.28
2022/12/19	9.53	9.53	9.33	9.38	48157	455691.28
2022/12/20	9.42	9.48	9.31	9.45	47945	451380.47
2022/12/21	9.45	9.45	9.27	9.40	56599	529627.50
2022/12/22	9.40	9.47	9.27	9.37	41149	385694.88
2022/12/23	9.27	9.45	9.27	9.40	13930	130296.32
2022/12/26	9.31	9.42	9.31	9.41	13234	124466.94
2022/12/27	9.44	9.55	9.29	9.55	80623	764047.69
2022/12/28	9.47	9.58	9.45	9.54	16331	155710.95
2022/12/29	9.47	9.55	9.41	9.54	37169	351845.88
2022/12/30	9.57	9.57	9.36	9.55	3705	35342.65
2023/01/03	9.49	9.56	9.32	9.56	60296	567849.19
2023/01/04	9.48	9.58	9.47	9.58	35286	336778.06
2023/01/05	9.42	9.59	9.42	9.59	32151	306941.06
2023/01/06	9.56	9.67	9.55	9.61	44154	424199.53
2023/01/09	9.65	9.73	9.54	9.73	75994	731636.00
2023/01/10	9.61	9.79	9.61	9.79	98017	956299.06
2023/01/11	9.75	9.89	9.58	9.89	71786	705303.31
2023/01/12	9.88	9.89	9.72	9.85	21341	210201.80
2023/01/13	9.68	9.89	9.68	9.80	34725	339936.69
2023/01/16	9.80	9.86	9.70	9.81	49516	485728.31
2023/01/17	9.66	9.85	9.66	9.81	27026	264298.28
2023/01/18	9.82	9.82	9.72	9.76	41083	400426.84
2023/01/19	9.89	10.28	9.73	9.93	159961	1571045.63
2023/01/20	9.91	10.11	9.88	10.08	103504	1037424.75
2023/01/30	10.17	10.18	9.76	10.00	168921	1684482.63
2023/01/31	9.82	10.48	9.81	10.41	466108	4784280.00
2023/02/01	10.42	11.18	10.26	10.85	497552	5375240.00
2023/02/02	10.67	10.95	10.37	10.68	326875	3460209.75
2023/02/03	10.50	10.94	10.49	10.79	150264	1622740.13
2023/02/06	10.83	10.85	10.55	10.68	126080	1350520.75
2023/02/07	10.52	10.67	10.38	10.50	127403	1329975.50
2023/02/08	10.43	10.43	10.10	10.12	132333	1356017.63
2023/02/09	10.08	10.28	10.08	10.22	101319	1034311.63
2023/02/10	10.15	10.54	10.15	10.33	49771	511008.72
数据来源:通达信
