430198 微创光电 日线 不复权
      日期	    开盘	    最高	    最低	    收盘	    成交量	    成交额
2012/12/31	10.00	10.00	10.00	10.00	30000	300000.00
2014/12/08	6.50	6.80	6.50	6.80	5000	33400.00
2015/01/21	7.00	7.00	7.00	7.00	2000	14000.00
2015/02/05	7.00	7.00	7.00	7.00	5000	35000.00
2015/02/06	7.00	7.20	7.00	7.12	5000	35600.00
2015/02/09	7.20	7.20	7.20	7.20	2000	14400.00
2015/02/10	7.50	7.50	7.50	7.50	3000	22500.00
2015/02/13	7.80	7.80	7.80	7.80	3000	23400.00
2015/02/26	8.00	8.00	8.00	8.00	2000	16000.00
2015/03/04	7.88	7.88	7.88	7.88	1000	7880.00
2015/03/05	8.00	8.00	8.00	8.00	2000	16000.00
2015/03/06	8.00	8.00	8.00	8.00	3000	24000.00
2015/04/10	15.00	38.80	15.00	22.93	3000	68800.00
2015/04/22	20.00	20.00	20.00	20.00	1000	20000.00
2015/06/18	8.00	8.00	8.00	8.00	40000	320000.00
2015/06/19	8.00	8.00	8.00	8.00	40000	320000.00
2015/06/23	16.00	16.25	14.00	15.88	53200	835550.00
2015/06/24	14.97	14.97	13.00	13.00	29000	404710.00
2015/06/25	13.00	13.00	13.00	13.00	20000	260000.00
2015/06/26	13.00	13.00	13.00	13.00	1000	13000.00
2015/06/29	13.00	13.00	12.35	12.35	2000	25350.00
2015/07/01	12.35	12.35	12.35	12.35	3000	37050.00
2015/07/02	12.35	12.35	11.98	11.98	8000	98430.00
2015/07/03	12.00	12.00	12.00	12.00	1000	12000.00
2015/07/06	11.40	11.70	11.02	11.11	21000	234310.00
2015/07/07	10.81	10.81	10.60	10.60	5000	53250.00
2015/07/08	10.07	10.15	9.98	10.15	9000	90780.00
2015/07/09	10.14	10.50	10.14	10.50	24000	246630.00
2015/07/10	10.50	10.60	10.07	10.10	19000	197100.00
2015/07/15	10.10	10.10	10.10	10.10	6000	60600.00
2015/07/17	10.10	10.10	10.10	10.10	6000	60600.00
2015/07/20	10.05	10.05	10.05	10.05	2000	20100.00
2015/07/27	9.98	9.98	9.97	9.97	2000	19950.00
2015/08/06	10.00	10.00	10.00	10.00	3000	30000.00
2015/08/07	10.00	10.10	10.00	10.10	6000	60350.00
2015/08/12	10.10	10.10	10.10	10.10	5000	50500.00
2015/08/18	9.90	9.90	9.90	9.90	1000	9900.00
2015/08/19	10.00	10.00	10.00	10.00	3000	30000.00
2015/08/20	9.80	9.80	9.80	9.80	1000	9800.00
2015/08/21	10.00	10.00	9.80	9.80	6000	59600.00
2015/08/24	9.70	9.70	9.66	9.66	5000	48460.00
2015/08/25	9.80	9.80	9.50	9.50	12000	115660.00
2015/08/31	6.47	6.47	6.47	6.47	1000	6470.00
2015/09/10	6.45	6.50	6.18	6.18	34000	216590.00
2015/09/17	6.10	6.10	5.85	6.00	18000	107150.00
2015/09/21	5.91	5.91	5.80	5.80	6000	35110.00
2015/09/23	6.00	6.00	6.00	6.00	1000	6000.00
2015/09/25	6.10	6.10	6.10	6.10	1000	6100.00
2015/09/30	6.08	6.08	6.01	6.07	3000	18160.00
2015/10/08	6.10	6.10	5.85	5.85	1500	9025.00
2015/10/16	6.00	6.00	6.00	6.00	4000	24000.00
2015/10/21	6.00	6.00	6.00	6.00	5000	30000.00
2015/10/26	5.84	6.00	5.68	6.00	11000	63340.00
2015/10/27	5.69	5.80	5.69	5.80	2000	11490.00
2015/10/29	5.80	5.80	5.80	5.80	2000	11600.00
2015/11/03	5.60	5.60	5.60	5.60	3000	16800.00
2015/11/04	5.65	5.65	5.65	5.65	1000	5650.00
2015/11/05	5.70	5.70	5.70	5.70	4000	22800.00
2015/11/10	5.47	5.47	5.46	5.46	8000	43730.00
2015/11/11	5.42	5.42	5.11	5.26	16000	84050.00
2015/11/12	5.26	5.26	5.26	5.26	1000	5260.00
2015/11/13	5.26	5.50	5.14	5.37	15000	79630.00
2015/11/16	5.45	5.80	5.36	5.48	166000	913260.00
2015/11/17	5.55	5.63	5.40	5.60	126000	693200.00
2015/11/18	5.60	5.65	5.39	5.60	112000	619950.00
2015/11/19	5.36	5.50	5.32	5.50	27000	145170.00
2015/11/20	5.51	5.51	5.51	5.51	1000	5510.00
2015/11/23	5.52	5.68	5.52	5.68	11000	61460.00
2015/11/25	5.37	5.37	5.37	5.37	2000	10740.00
2015/11/26	5.32	5.49	5.23	5.46	17000	90630.00
2015/11/27	5.50	5.50	5.50	5.50	1000	5500.00
2015/11/30	5.30	5.30	5.28	5.28	5000	26440.00
2015/12/01	5.14	5.20	5.13	5.20	5000	25740.00
2015/12/03	5.09	5.37	5.09	5.37	13000	69010.00
2015/12/04	5.45	5.47	5.45	5.47	5000	27270.00
2015/12/07	5.33	5.49	5.32	5.49	4000	21540.00
2015/12/09	5.55	5.58	5.41	5.49	15000	82310.00
2015/12/10	5.58	5.60	5.50	5.50	5000	27770.00
2015/12/11	5.36	5.48	5.33	5.48	5000	27010.00
2015/12/14	5.32	5.58	5.31	5.32	22000	118380.00
2015/12/15	5.51	5.54	5.51	5.54	2000	11050.00
2015/12/16	5.55	5.58	5.55	5.58	9000	50160.00
2015/12/17	5.40	5.67	5.40	5.67	252000	1385820.00
2015/12/18	5.42	5.50	5.40	5.41	38000	206870.00
2015/12/21	5.60	5.70	5.48	5.50	31000	174250.00
2015/12/22	5.47	5.85	5.47	5.76	30000	172920.00
2015/12/23	5.80	6.18	5.80	6.18	37000	221000.00
2015/12/24	5.55	6.53	5.40	6.40	124000	698890.00
2015/12/25	6.05	7.00	6.00	6.95	111000	715230.00
2015/12/28	6.95	7.05	6.59	7.00	76000	522960.00
2015/12/29	7.00	7.00	6.65	6.88	47000	320950.00
2015/12/30	6.90	6.90	6.55	6.80	37000	248210.00
2015/12/31	6.85	7.26	6.56	7.00	52000	363770.00
2016/01/04	6.94	7.26	6.90	7.13	111000	776980.00
2016/01/05	6.83	6.85	6.83	6.85	6000	41040.00
2016/01/06	7.05	7.05	6.90	7.05	9000	63040.00
2016/01/07	6.95	7.03	6.93	7.03	8000	55780.00
2016/01/08	7.00	7.03	6.73	6.99	27500	190225.00
2016/01/11	7.05	7.05	6.75	6.99	47000	322670.00
2016/01/12	7.04	7.04	6.70	6.70	37000	253950.00
2016/01/13	6.67	7.00	6.67	7.00	8000	55140.00
2016/01/14	7.00	7.01	6.90	6.90	6000	41810.00
2016/01/15	6.99	7.00	6.70	6.94	31000	211850.00
2016/01/18	6.95	7.10	6.90	6.99	32000	222960.00
2016/01/19	6.75	6.95	6.66	6.95	12000	81650.00
2016/01/20	6.95	7.01	6.94	7.01	12000	83700.00
2016/01/21	7.01	7.08	6.98	7.08	11000	77540.00
2016/01/22	7.08	7.11	6.90	6.90	44000	308010.00
2016/01/25	6.80	7.00	6.80	7.00	107000	742770.00
2016/01/26	7.00	7.00	6.80	6.80	6000	41200.00
2016/01/27	6.75	6.95	6.65	6.70	30000	202700.00
2016/01/28	6.66	6.90	6.61	6.90	12000	80910.00
2016/01/29	6.90	7.01	6.85	7.01	21000	145710.00
2016/02/01	6.80	6.95	6.80	6.95	2000	13750.00
2016/02/02	7.01	7.01	6.81	7.01	4000	27730.00
2016/02/03	6.85	6.85	6.76	6.76	4000	27220.00
2016/02/04	6.73	6.90	6.73	6.90	9000	61790.00
2016/02/05	7.00	7.00	7.00	7.00	1000	7000.00
2016/02/15	6.80	6.80	6.60	6.60	15000	99820.00
2016/02/16	6.60	6.80	6.60	6.80	2000	13400.00
2016/02/17	6.65	6.65	6.60	6.60	3000	19850.00
2016/02/18	6.50	6.68	6.50	6.68	4000	26460.00
2016/02/19	6.68	6.70	6.68	6.70	3000	20080.00
2016/02/22	6.70	6.75	6.70	6.75	3000	20150.00
2016/02/23	6.60	6.75	6.60	6.75	2000	13350.00
2016/02/24	6.60	6.60	6.60	6.60	1000	6600.00
2016/02/25	6.75	6.75	6.44	6.55	10000	65190.00
2016/02/26	6.55	6.60	6.45	6.60	6000	39380.00
2016/02/29	6.50	6.56	6.29	6.56	14500	93705.00
2016/03/01	6.41	6.60	6.41	6.60	2000	13010.00
2016/03/02	6.60	6.60	6.60	6.60	1000	6600.00
2016/03/03	6.46	6.46	6.46	6.46	1000	6460.00
2016/03/04	6.60	6.60	6.60	6.60	1000	6600.00
2016/03/07	6.50	6.50	6.41	6.41	2000	12910.00
2016/03/08	6.55	6.60	6.55	6.60	3000	19750.00
2016/03/09	6.60	6.70	6.36	6.48	23000	150690.00
2016/03/10	6.59	6.59	6.59	6.59	1000	6590.00
2016/03/11	6.59	6.59	6.59	6.59	1000	6590.00
2016/03/14	6.59	6.59	6.32	6.55	8000	51280.00
2016/03/15	6.58	6.58	6.58	6.58	1000	6580.00
2016/03/16	6.58	6.58	6.26	6.48	16000	101720.00
2016/03/17	6.27	6.37	6.27	6.37	2000	12640.00
2016/03/18	6.50	6.50	6.25	6.26	15000	95470.00
2016/03/21	6.47	6.47	6.47	6.47	1000	6470.00
2016/03/22	6.48	6.48	6.23	6.30	13000	81980.00
2016/03/23	6.40	6.40	6.40	6.40	1000	6400.00
2016/03/24	6.47	6.47	6.47	6.47	1000	6470.00
2016/03/25	6.23	6.30	6.23	6.30	7000	43960.00
2016/03/28	6.43	6.52	6.10	6.32	51000	320700.00
2016/03/29	6.37	6.37	6.37	6.37	1000	6370.00
2016/03/30	6.39	6.96	6.39	6.70	70000	470600.00
2016/03/31	6.96	6.97	6.96	6.97	2000	13930.00
2016/04/01	6.97	7.00	6.97	7.00	10000	69850.00
2016/04/05	7.00	7.18	6.84	7.14	36000	253770.00
2016/04/06	6.86	7.13	6.86	7.13	3000	21120.00
2016/04/07	7.12	7.30	7.10	7.28	46000	330580.00
2016/04/08	7.28	7.30	7.10	7.20	20000	143830.00
2016/04/11	7.20	7.43	7.20	7.43	31000	226570.00
2016/04/12	7.40	7.44	7.20	7.30	16000	117840.00
2016/04/13	7.15	7.44	6.80	7.12	67000	476720.00
2016/04/14	7.12	7.12	7.12	7.12	1000	7120.00
2016/04/15	7.12	7.13	7.12	7.13	6000	42770.00
2016/04/18	7.13	7.15	7.13	7.15	3000	21430.00
2016/04/19	7.15	7.15	7.15	7.15	3000	21450.00
2016/04/20	6.86	7.21	6.75	7.00	58000	402130.00
2016/04/21	7.05	7.25	6.97	7.10	50000	357460.00
2016/04/22	7.10	7.26	7.10	7.26	40000	289060.00
2016/04/25	7.32	7.71	7.07	7.45	141000	1036610.00
2016/04/26	7.69	7.89	7.51	7.60	59000	456420.00
2016/04/27	7.60	7.66	7.60	7.66	2000	15260.00
2016/04/28	7.85	7.89	7.62	7.62	3000	23360.00
2016/04/29	7.90	7.90	7.90	7.90	1000	7900.00
2016/05/03	7.60	7.65	7.10	7.10	52500	383730.00
2016/05/04	7.15	7.15	7.15	7.15	1000	7150.00
2016/05/05	7.07	7.07	6.91	7.06	11000	76960.00
2016/05/06	7.10	7.20	6.90	7.05	21000	148070.00
2016/05/09	6.86	6.95	6.84	6.84	24000	165710.00
2016/05/10	6.84	6.84	6.10	6.30	147000	933060.00
2016/05/11	6.25	6.25	6.16	6.25	3000	18660.00
2016/05/12	6.22	6.43	6.18	6.43	4000	25130.00
2016/05/13	6.20	6.52	6.20	6.52	20000	127680.00
2016/05/16	6.29	6.31	6.25	6.30	13000	81630.00
2016/05/17	6.40	6.45	6.40	6.40	13000	83250.00
2016/05/18	6.49	6.55	6.49	6.50	8000	52240.00
2016/05/19	6.55	6.69	6.43	6.60	23000	151060.00
2016/05/20	6.70	6.70	6.40	6.60	10500	68470.00
2016/05/23	6.70	6.78	6.50	6.78	13000	87300.00
2016/05/25	6.80	6.82	6.80	6.82	3000	20430.00
2016/05/26	6.84	6.90	6.84	6.90	11000	75660.00
2016/05/27	6.99	7.01	6.99	7.01	5000	34990.00
2016/05/30	7.03	7.45	7.03	7.28	48000	348220.00
2016/05/31	7.20	7.20	7.14	7.20	7000	50320.00
2016/06/01	7.47	7.55	7.25	7.45	21000	156160.00
2016/06/02	7.25	7.55	7.25	7.33	12000	88100.00
2016/06/03	7.22	7.60	7.22	7.45	22000	164770.00
2016/06/06	7.55	7.62	7.33	7.62	21000	158460.00
2016/06/07	7.60	7.70	7.59	7.69	24000	183180.00
2016/06/08	7.69	7.82	7.45	7.72	52000	399850.00
2016/06/13	7.46	7.75	7.46	7.75	6000	45550.00
2016/06/14	7.75	7.75	7.45	7.60	7000	53800.00
2016/06/15	7.43	7.74	7.43	7.74	5000	37670.00
2016/06/16	7.45	7.52	7.35	7.35	25000	186150.00
2016/06/17	7.50	7.50	7.50	7.50	4000	30000.00
2016/06/20	7.49	7.60	7.32	7.60	27000	203920.00
2016/06/21	7.63	8.92	7.63	8.70	477000	4090030.00
2016/06/22	8.68	8.68	8.15	8.46	50000	420040.00
2016/06/23	8.48	8.62	8.18	8.60	79000	666420.00
2016/06/24	8.60	8.60	8.60	8.60	5000	43000.00
2016/06/27	8.61	8.61	8.27	8.61	19000	161550.00
2016/06/28	8.25	8.28	8.25	8.28	3000	24780.00
2016/06/29	8.19	9.05	8.10	8.63	976000	8013770.00
2016/06/30	8.62	8.66	8.59	8.66	13000	112090.00
2016/07/01	8.60	8.61	8.58	8.58	4000	34370.00
2016/07/04	8.84	8.84	8.60	8.60	5000	43960.00
2016/07/05	8.60	8.83	8.60	8.78	20000	174950.00
2016/07/06	8.83	8.83	8.68	8.80	8000	70100.00
2016/07/07	8.57	9.00	8.57	8.90	61000	543070.00
2016/07/08	8.90	9.00	8.60	8.98	93000	828370.00
2016/07/11	8.98	9.00	8.80	8.88	62000	553240.00
2016/07/12	8.95	8.95	8.60	8.88	43000	377210.00
2016/07/13	8.88	8.89	8.47	8.50	68000	582560.00
2016/07/14	8.55	8.65	8.40	8.60	38000	322720.00
2016/07/15	8.40	8.61	8.40	8.61	3000	25440.00
2016/07/18	8.36	8.62	8.30	8.62	7000	58600.00
2016/07/19	8.60	8.63	8.56	8.56	8000	68710.00
2016/07/20	8.33	8.58	8.33	8.58	3000	25260.00
2016/07/21	8.57	8.63	8.35	8.43	40000	342190.00
2016/07/22	8.40	8.52	8.25	8.52	37000	308310.00
2016/07/25	8.52	8.55	8.20	8.49	35000	293390.00
2016/07/26	8.20	8.40	8.20	8.40	4000	33300.00
2016/07/27	8.20	8.30	8.00	8.30	116000	933280.00
2016/07/28	8.20	8.26	8.20	8.20	4000	32860.00
2016/07/29	7.99	8.25	7.98	8.25	4000	32220.00
2016/08/01	8.00	8.24	7.89	8.24	9000	72180.00
2016/08/08	8.24	8.25	8.24	8.25	4000	32980.00
2016/08/09	8.24	8.24	7.90	8.24	12000	97340.00
2016/08/11	8.23	8.23	8.00	8.00	4000	32460.00
2016/08/12	7.89	8.15	7.88	8.15	8000	63440.00
2016/08/15	8.16	8.16	7.95	8.10	15000	120810.00
2016/08/16	7.91	8.17	7.91	8.00	15000	120080.00
2016/08/17	7.91	8.14	7.87	8.00	32000	253620.00
2016/08/18	8.00	8.00	8.00	8.00	7000	56000.00
2016/08/19	8.10	8.10	7.91	7.93	3000	23940.00
2016/08/23	7.88	8.10	7.87	8.09	20000	158240.00
2016/08/25	8.18	8.18	8.10	8.15	26000	211410.00
2016/08/26	8.15	8.15	8.15	8.15	11000	89650.00
2016/08/29	8.23	8.30	8.11	8.21	15000	123420.00
2016/08/30	8.21	8.45	8.21	8.37	27000	224460.00
2016/08/31	8.45	8.60	8.30	8.60	46000	389490.00
2016/09/01	8.61	8.72	8.56	8.69	517000	4453150.00
2016/09/02	8.20	9.70	8.20	9.58	481000	4273830.00
2016/09/05	9.58	9.61	9.25	9.25	167000	1578000.00
2016/09/06	9.50	9.50	9.00	9.25	154000	1411970.00
2016/09/07	8.92	9.40	8.85	8.85	183000	1663040.00
2016/09/08	9.20	9.28	8.95	9.19	97000	895000.00
2016/09/09	9.29	9.50	9.28	9.47	38000	356010.00
2016/09/12	9.12	9.78	9.12	9.41	258000	2453850.00
2016/09/13	9.60	10.05	9.35	9.70	223000	2195340.00
2016/09/14	10.00	10.59	9.90	10.07	134000	1377430.00
2016/09/19	9.88	10.64	9.88	10.64	154000	1610870.00
2016/09/20	10.32	10.65	10.30	10.50	48000	503550.00
2016/09/21	10.27	10.50	10.14	10.20	69000	710170.00
2016/09/26	10.10	10.10	9.98	9.98	11000	110360.00
2016/09/27	9.99	10.18	9.99	10.18	22000	221970.00
2016/09/28	9.76	10.19	9.72	10.15	24000	239100.00
2016/09/30	10.18	10.18	10.18	10.18	1000	10180.00
2016/10/10	9.75	10.04	9.75	10.04	82000	805170.00
2016/10/11	10.10	10.26	10.10	10.26	9000	92100.00
2016/10/12	10.29	10.31	10.29	10.31	3000	30900.00
2016/10/13	10.10	10.10	10.00	10.00	2000	20100.00
2016/10/14	10.35	10.40	9.77	10.10	44000	439510.00
2016/10/18	10.30	10.32	10.10	10.10	7000	71900.00
2016/10/19	10.10	10.30	9.92	10.30	8000	80520.00
2016/10/21	10.30	10.32	10.30	10.32	5000	51570.00
2016/10/26	10.35	10.35	9.95	9.95	2000	20300.00
2016/10/27	9.92	10.00	9.60	9.95	84000	828380.00
2016/10/28	9.98	10.02	9.60	10.02	25000	249570.00
2016/10/31	10.02	10.02	9.68	10.02	45000	449900.00
2016/11/01	10.02	10.10	9.71	9.99	21000	209930.00
2016/11/02	9.75	10.10	9.75	9.93	26000	257750.00
2016/11/03	9.85	10.10	9.70	10.10	46000	454040.00
2016/11/04	10.05	10.20	10.00	10.20	33000	333550.00
2016/11/07	10.10	10.10	9.91	10.07	32000	321020.00
2016/11/08	9.90	10.20	9.90	10.20	3000	30150.00
2016/11/09	9.85	10.10	9.80	10.10	12000	120290.00
2016/11/10	10.19	10.29	9.95	10.05	27000	273280.00
2016/11/11	10.20	10.29	9.74	10.10	20000	199150.00
2016/11/14	10.20	10.23	10.20	10.23	7000	71580.00
2016/11/15	9.90	10.23	9.90	10.23	17000	169780.00
2016/11/16	9.85	10.24	9.85	10.24	15000	149510.00
2016/11/17	10.03	10.24	10.00	10.24	29000	290740.00
2016/11/18	10.25	10.30	10.00	10.30	97000	983760.00
2016/11/21	10.21	10.42	10.15	10.20	57000	584700.00
2016/11/22	10.50	10.50	10.15	10.30	21000	215000.00
2016/11/23	10.10	10.60	10.10	10.38	78000	815770.00
2016/11/24	10.64	11.26	10.55	11.26	72000	785720.00
2016/11/25	11.01	11.40	11.00	11.40	5500	60925.00
2016/11/28	11.50	11.60	11.28	11.48	25000	287220.00
2016/11/29	11.61	12.05	11.45	11.60	58000	676890.00
2016/11/30	11.80	12.31	11.50	12.20	159500	1914540.00
2016/12/01	12.20	12.31	12.10	12.20	10000	122240.00
2016/12/02	12.30	13.05	12.30	12.99	112000	1441030.00
2016/12/05	13.05	13.10	12.70	12.80	16000	207450.00
2016/12/06	13.00	13.10	13.00	13.10	5000	65200.00
2016/12/07	12.71	12.71	12.45	12.45	13000	163470.00
2016/12/08	12.16	12.40	11.55	11.94	97000	1151750.00
2016/12/09	11.40	11.60	10.84	10.84	46000	516540.00
2016/12/12	11.20	11.60	11.20	11.50	99000	1123490.00
2016/12/13	11.15	11.46	11.07	11.12	47000	530870.00
2016/12/14	11.35	11.70	11.07	11.64	130000	1500750.00
2016/12/15	11.40	11.64	11.40	11.56	4000	46000.00
2016/12/16	11.89	12.65	11.89	12.65	38000	463290.00
2016/12/19	12.77	12.80	11.94	11.94	40000	490950.00
2016/12/20	11.93	12.45	11.87	11.97	25000	298460.00
2016/12/21	12.00	12.01	11.80	11.95	9500	113290.00
2016/12/22	12.21	12.21	12.21	12.21	1000	12210.00
2016/12/23	12.40	13.14	12.00	13.00	29000	363970.00
2016/12/26	13.15	13.15	12.59	12.88	40000	509290.00
2016/12/27	13.24	13.63	12.90	13.32	45000	601560.00
2016/12/28	13.28	14.80	13.28	14.60	97000	1379370.00
2016/12/29	14.60	15.78	14.60	14.65	85000	1274440.00
2016/12/30	15.00	16.20	15.00	15.94	104000	1644190.00
2017/01/03	15.30	15.50	14.73	14.88	58000	875020.00
2017/01/04	14.88	15.15	14.75	14.90	72000	1070570.00
2017/01/05	15.20	15.57	15.02	15.02	15000	228080.00
2017/01/06	15.63	15.70	14.92	15.62	13000	197720.00
2017/01/09	15.60	15.73	14.30	14.50	101500	1514610.00
2017/01/10	14.66	14.66	14.20	14.20	10000	145220.00
2017/01/11	14.20	14.30	14.20	14.30	12000	171100.00
2017/01/12	15.00	15.50	15.00	15.18	73000	1109240.00
2017/01/13	15.45	15.45	15.00	15.10	17000	257520.00
2017/01/16	15.00	15.20	11.70	15.17	136000	2036200.00
2017/01/17	15.18	15.20	9.47	10.62	878500	9332220.00
2017/01/18	15.19	15.19	15.18	15.19	23000	349210.00
2017/01/19	15.00	15.00	15.00	15.00	9000	135000.00
2017/01/20	14.80	14.90	14.50	14.50	35000	512880.00
2017/01/24	14.77	14.77	14.77	14.77	3000	44310.00
2017/01/26	14.88	15.10	14.88	15.10	70000	1047400.00
2017/02/03	14.80	14.80	14.50	14.70	30000	441000.00
2017/02/06	15.00	15.20	15.00	15.03	46500	698700.00
2017/02/07	15.00	15.00	15.00	15.00	27000	405000.00
2017/02/08	15.10	15.10	15.10	15.10	2000	30200.00
2017/02/09	15.05	15.05	14.50	15.01	28400	426807.50
2017/02/10	15.20	15.20	15.20	15.20	2000	30400.00
2017/02/13	15.10	15.20	15.10	15.16	23000	348600.00
2017/02/14	15.50	16.00	15.50	15.88	4000	63500.00
2017/02/15	15.80	16.00	15.80	15.90	2000	31800.00
2017/02/17	16.50	16.50	16.10	16.43	6000	98600.00
2017/02/20	16.50	17.11	16.50	17.00	63400	1073495.00
2017/02/21	17.00	17.00	16.19	16.60	8000	132650.00
2017/02/22	16.55	16.60	16.40	16.48	12000	198050.00
2017/02/23	16.50	16.50	16.30	16.43	9000	147910.00
2017/02/24	16.60	16.60	16.20	16.30	34000	558510.00
2017/02/27	16.50	16.50	16.00	16.10	32000	515350.00
2017/02/28	16.50	16.50	16.50	16.50	1000	16500.00
2017/03/01	16.50	16.65	16.35	16.50	12000	197900.00
2017/03/02	16.50	16.85	16.50	16.70	16000	265950.00
2017/03/03	16.70	17.58	16.70	17.39	7000	119170.00
2017/03/06	17.30	18.00	17.30	17.30	35000	612800.00
2017/03/07	17.80	17.99	17.50	17.76	30000	532540.00
2017/03/08	17.98	17.98	17.98	17.98	2000	35960.00
2017/03/09	17.30	17.99	12.40	17.96	11000	188110.00
2017/03/10	17.45	17.70	17.45	17.55	34000	595510.00
2017/03/13	17.25	17.86	17.00	17.25	30000	517580.00
2017/03/14	14.50	17.88	14.50	17.65	97000	1459010.00
2017/03/15	17.50	17.50	17.10	17.10	47000	808330.00
2017/03/16	17.00	17.20	17.00	17.06	28000	477700.00
2017/03/17	17.20	20.45	17.03	17.96	525000	10146760.00
2017/03/20	17.96	21.10	17.50	20.45	527000	10607730.00
2017/03/21	20.45	21.87	18.50	21.11	215000	4499320.00
2017/03/22	20.00	21.80	18.88	20.15	54000	1088020.00
2017/03/23	18.80	21.60	18.80	21.47	39000	810750.00
2017/03/24	19.50	21.88	18.90	21.11	10000	205300.00
2017/03/27	25.00	25.10	18.50	22.41	16000	350930.00
2017/03/28	18.10	18.10	18.05	18.06	8000	144500.00
2017/03/29	18.30	18.50	18.30	18.44	8000	147500.00
2017/03/30	18.41	18.41	18.15	18.38	13000	238970.00
2017/03/31	18.30	25.00	18.30	21.00	50000	991500.00
2017/04/05	19.00	19.00	18.80	18.98	10000	189800.00
2017/04/06	21.20	21.20	21.20	21.20	1000	21200.00
2017/04/07	19.00	19.00	18.50	18.94	16000	303040.00
2017/04/10	18.80	19.30	17.30	18.77	59000	1107310.00
2017/04/11	18.50	19.50	18.50	18.79	34000	638850.00
2017/04/12	19.38	19.38	18.40	18.95	20000	372030.00
2017/04/14	19.00	19.00	18.20	18.95	16000	295850.00
2017/04/17	18.50	18.50	18.50	18.50	1000	18500.00
2017/04/18	18.80	18.80	18.80	18.80	2000	37600.00
2017/04/19	18.50	18.50	18.50	18.50	3000	55500.00
2017/04/20	21.00	21.00	18.05	20.20	24000	464500.00
2017/04/21	22.00	22.00	22.00	22.00	5000	110000.00
2017/04/24	18.05	22.00	17.20	21.33	22000	430550.00
2017/04/25	17.80	22.00	17.80	21.62	17000	344600.00
2017/04/26	17.80	18.08	17.20	17.69	13000	229920.00
2017/04/27	17.88	22.00	16.10	20.88	29000	574080.00
2017/04/28	17.87	22.00	17.45	18.89	9000	164070.00
2017/05/02	17.88	17.88	17.66	17.79	12000	213550.00
2017/05/03	17.79	18.21	17.79	18.04	61000	1098790.00
2017/05/04	18.20	18.80	18.05	18.25	30000	547540.00
2017/05/05	18.02	18.80	18.02	18.37	18000	330660.00
2017/05/08	18.80	25.00	18.35	22.77	16000	364300.00
2017/05/09	18.80	22.80	18.70	22.17	87000	1928400.00
2017/05/10	22.80	25.00	18.80	22.79	136000	2970960.00
2017/05/11	19.18	19.20	19.18	19.18	11000	211020.00
2017/05/12	19.28	23.00	19.28	22.91	82000	1871120.00
2017/05/15	19.30	27.00	19.00	19.08	256000	5683210.00
2017/05/16	22.80	27.00	22.00	23.72	199000	4720200.00
2017/05/17	19.42	22.98	19.42	20.96	5000	103270.00
2017/05/18	19.50	19.80	19.46	19.80	19000	372020.00
2017/05/19	19.80	19.80	19.51	19.63	4000	78530.00
2017/05/22	25.00	25.00	19.00	19.11	428000	10240980.00
2017/05/23	19.11	25.00	19.00	24.36	459000	11008120.00
2017/05/24	18.90	25.01	13.00	24.23	430000	10416920.00
2017/05/25	18.35	21.00	18.22	18.50	24000	455610.00
2017/05/26	19.00	19.88	18.80	19.66	122000	2332770.00
2018/07/12	6.78	6.78	5.13	5.13	207000	1136550.00
2018/07/13	5.12	5.12	4.94	4.95	59000	293720.00
2018/07/16	5.07	5.07	4.95	4.95	63000	314120.00
2018/07/17	4.65	4.80	4.65	4.80	37000	177300.00
2018/07/18	4.70	4.70	4.60	4.60	21000	97800.00
2018/07/19	4.60	4.60	4.60	4.60	9000	41400.00
2018/07/20	4.58	4.58	4.51	4.51	34000	153550.00
2018/07/23	4.51	4.51	4.51	4.51	6000	27060.00
2018/07/24	4.56	4.56	4.56	4.56	5000	22800.00
2018/07/26	4.95	4.96	4.90	4.96	19000	93930.00
2018/07/27	4.99	5.13	4.99	5.13	19000	96910.00
2018/07/30	5.10	5.10	5.10	5.10	17000	86700.00
2018/07/31	5.10	5.10	4.50	4.50	47000	221690.00
2018/08/01	4.74	4.81	4.74	4.81	9000	42870.00
2018/08/02	4.79	5.55	4.79	5.55	6000	32540.00
2018/08/03	5.55	5.55	5.55	5.55	1000	5550.00
2018/08/06	5.55	5.55	5.40	5.40	9000	48900.00
2018/08/07	5.38	5.38	5.38	5.38	5000	26900.00
2018/08/08	5.38	5.40	5.38	5.40	26000	140080.00
2018/08/09	5.50	5.77	5.50	5.77	19000	106510.00
2018/08/14	5.70	5.70	5.70	5.70	1000	5700.00
2018/08/15	5.72	5.72	5.72	5.72	5000	28600.00
2018/08/16	5.72	5.72	5.71	5.71	10000	57160.00
2018/08/17	5.75	5.75	5.72	5.72	12000	68760.00
2018/08/20	5.75	5.90	5.75	5.90	18000	105450.00
2018/08/21	5.90	5.97	5.90	5.97	25000	147610.00
2018/08/23	5.90	5.90	5.90	5.90	1000	5900.00
2018/08/24	5.99	5.99	5.99	5.99	13000	77870.00
2018/08/27	5.96	5.99	5.96	5.99	7000	41810.00
2018/08/28	5.99	5.99	5.99	5.99	7000	41930.00
2018/08/29	5.52	5.60	5.52	5.60	38000	211520.00
2018/08/30	5.94	5.99	5.94	5.99	126000	754690.00
2018/09/03	6.00	6.03	6.00	6.03	10000	60210.00
2018/09/05	6.06	6.06	6.06	6.06	12000	72720.00
2018/09/06	6.06	6.06	6.06	6.06	37000	224220.00
2018/09/07	6.06	6.06	6.06	6.06	10000	60600.00
2018/09/10	6.02	6.02	5.98	5.98	14000	83800.00
2018/09/11	5.99	5.99	5.99	5.99	10000	59900.00
2018/09/12	5.97	5.97	5.97	5.97	10000	59700.00
2018/09/13	5.98	5.98	5.98	5.98	10000	59800.00
2018/09/14	6.00	6.00	6.00	6.00	10000	60000.00
2018/09/17	5.98	5.98	5.98	5.98	10000	59800.00
2018/09/18	5.98	5.99	5.98	5.99	34000	203520.00
2018/09/19	5.99	5.99	5.90	5.90	46000	274100.00
2018/09/20	5.98	5.98	5.80	5.80	36000	211800.00
2018/09/21	5.97	5.97	5.77	5.77	38000	222310.00
2018/09/25	5.85	5.99	5.79	5.99	16000	94950.00
2018/09/26	5.99	5.99	5.99	5.99	3000	17970.00
2018/10/08	6.18	6.18	6.18	6.18	2000	12360.00
2018/10/09	5.99	5.99	5.99	5.99	1000	5990.00
2018/10/11	6.19	6.21	5.90	5.90	7000	43080.00
2018/10/16	5.91	6.02	5.91	6.02	9000	53790.00
2018/10/17	5.91	6.05	5.91	6.05	5000	30050.00
2018/10/18	5.92	6.10	5.92	6.10	12000	72520.00
2018/10/19	6.10	6.10	6.10	6.10	2000	12200.00
2018/10/22	5.93	6.15	5.93	6.15	8000	48680.00
2018/10/23	6.15	6.15	6.15	6.15	7000	43050.00
2018/10/25	6.06	6.11	6.06	6.11	6000	36510.00
2018/10/26	6.05	6.05	6.05	6.05	9000	54450.00
2018/10/29	6.05	6.13	6.05	6.13	9000	54790.00
2018/10/30	6.13	6.16	6.13	6.16	20000	122900.00
2018/10/31	6.28	6.29	6.28	6.29	7000	43990.00
2018/11/01	6.27	6.29	6.25	6.25	11000	69010.00
2018/11/02	6.25	6.31	6.25	6.31	19000	119010.00
2018/11/05	6.31	6.35	6.31	6.35	6000	37940.00
2018/11/06	6.35	6.35	6.35	6.35	8000	50800.00
2018/11/08	6.35	6.35	6.35	6.35	7000	44450.00
2018/11/09	6.35	6.35	6.35	6.35	4000	25400.00
2018/11/20	6.51	6.51	6.51	6.51	1000	6510.00
2018/11/22	6.50	7.00	6.50	7.00	13000	85000.00
2018/11/23	7.00	7.00	7.00	7.00	1000	7000.00
2018/11/29	7.00	7.00	7.00	7.00	10000	70000.00
2018/12/12	7.00	7.00	7.00	7.00	4000	28000.00
2018/12/25	6.25	6.25	6.25	6.25	1000	6250.00
2019/01/07	7.00	7.00	7.00	7.00	10000	70000.00
2019/01/08	7.00	7.00	7.00	7.00	1000	7000.00
2019/01/24	6.39	6.39	6.39	6.39	2000	12780.00
2019/02/11	6.21	6.25	6.21	6.25	21000	130970.00
2019/02/26	6.85	6.85	6.85	6.85	3000	20550.00
2019/02/28	6.94	6.94	6.85	6.94	7000	48400.00
2019/03/01	6.98	6.99	6.98	6.99	5000	34930.00
2019/03/13	7.31	7.38	7.31	7.38	6000	44070.00
2019/03/14	7.58	7.78	7.58	7.78	6000	46080.00
2019/03/18	7.99	7.99	7.99	7.99	13000	103870.00
2019/03/20	7.88	7.88	7.84	7.84	19000	149320.00
2019/03/21	8.10	8.10	8.10	8.10	5000	40500.00
2019/03/29	8.00	8.00	8.00	8.00	7000	56000.00
2019/06/04	8.01	8.10	8.01	8.10	16000	129510.00
2019/10/28	8.03	8.04	8.02	8.04	12000	96280.00
2019/10/29	7.83	7.83	7.83	7.83	4000	31320.00
2019/10/31	7.83	8.01	7.83	8.00	4000	31840.00
2019/11/04	7.76	7.76	7.76	7.76	3000	23280.00
2019/11/05	7.82	7.84	7.82	7.84	3000	23500.00
2019/11/06	8.00	8.10	8.00	8.10	6000	48500.00
2019/11/08	8.00	8.00	8.00	8.00	1000	8000.00
2019/11/11	8.00	8.24	8.00	8.24	10000	80480.00
2019/11/13	8.80	8.80	8.80	8.80	2000	17600.00
2019/11/14	8.58	8.58	8.58	8.58	7000	60060.00
2019/11/19	8.54	8.56	8.54	8.56	6000	51260.00
2019/11/22	8.58	8.59	8.58	8.59	13000	111570.00
2019/11/27	8.60	8.60	8.60	8.60	2000	17200.00
2019/12/02	8.92	9.50	8.92	9.50	5000	46920.00
2019/12/04	9.51	9.51	9.51	9.51	2000	19020.00
2019/12/12	10.30	10.30	10.20	10.20	3000	30700.00
2019/12/13	10.38	10.38	10.38	10.38	1000	10380.00
2019/12/16	10.38	10.89	10.38	10.89	12000	129770.00
2019/12/18	11.38	11.38	11.38	11.38	10000	113800.00
2020/01/03	11.57	11.59	11.57	11.59	2000	23160.00
2020/01/08	13.50	13.50	13.50	13.50	3000	40500.00
2020/01/14	13.72	13.72	13.72	13.72	1000	13720.00
2020/01/15	13.85	13.85	13.85	13.85	1000	13850.00
2020/01/17	13.84	13.85	13.84	13.85	2000	27690.00
2020/01/22	13.85	13.85	13.85	13.85	2000	27700.00
2020/02/07	13.88	13.88	13.88	13.88	2000	27760.00
2020/02/10	13.88	15.00	13.88	15.00	4000	58880.00
2020/02/11	15.00	15.00	14.99	14.99	16000	239940.00
2020/02/17	13.57	13.63	13.57	13.63	18000	244700.00
2020/02/18	13.60	13.60	13.59	13.59	8000	108790.00
2020/02/19	13.60	13.60	13.38	13.38	11000	149380.00
2020/02/20	13.38	13.38	13.00	13.00	20000	262760.00
2020/02/21	13.50	13.50	13.00	13.00	7000	91500.00
2020/02/24	13.02	13.15	13.02	13.15	41000	533950.00
2020/02/25	13.02	13.04	13.02	13.04	5000	65160.00
2020/02/28	13.07	13.39	13.07	13.39	2000	26460.00
2020/03/03	14.00	14.00	14.00	14.00	6700	94080.00
2020/03/04	14.28	14.28	14.28	14.28	1000	14280.00
2020/03/05	14.10	14.10	14.10	14.10	1000	14100.00
2020/03/06	14.50	15.03	14.50	15.03	24000	353690.00
2020/03/09	15.58	15.80	15.20	15.80	27000	420060.00
2020/03/10	15.50	15.80	15.50	15.80	9000	140900.00
2020/03/11	15.50	15.65	15.50	15.65	2000	31150.00
2020/03/12	15.67	15.67	15.67	15.67	3000	47010.00
2020/03/13	15.67	15.68	15.60	15.68	11000	172200.00
2020/03/16	15.69	15.69	15.69	15.69	1000	15690.00
2020/03/17	15.69	15.69	15.52	15.52	6000	93720.00
2020/03/18	15.66	15.80	15.66	15.80	2000	31460.00
2020/03/20	15.52	15.61	15.52	15.61	3000	46650.00
2020/03/23	15.61	15.61	15.61	15.61	1000	15610.00
2020/03/24	15.59	15.59	15.59	15.59	7000	109130.00
2020/03/25	16.50	16.92	16.50	16.75	5000	83590.00
2020/03/27	17.00	17.00	17.00	17.00	1000	17000.00
2020/03/30	17.10	17.10	17.10	17.10	5000	85500.00
2020/03/31	17.68	17.68	17.67	17.67	1000	17678.00
2020/04/01	18.38	18.38	18.00	18.00	4800	87154.00
2020/04/02	16.39	18.39	16.39	18.39	1100	18229.00
2020/04/03	18.00	18.00	17.53	17.55	6000	105690.00
2020/04/07	18.38	18.38	18.18	18.18	11500	210458.00
2020/04/08	18.39	18.45	18.39	18.39	12200	224769.05
2020/04/09	18.98	18.98	18.60	18.60	1800	33518.00
2020/04/10	18.88	18.88	18.88	18.88	2000	37760.00
2020/04/13	18.85	18.88	18.25	18.25	14100	261280.00
2020/04/14	19.00	19.00	18.98	18.99	22600	429153.00
2020/04/15	18.80	19.49	18.80	19.30	10500	198527.00
2020/04/16	19.28	19.30	19.08	19.25	25000	479932.00
2020/04/17	19.86	20.99	19.86	20.88	38600	783190.69
2020/04/20	22.88	23.10	22.70	23.10	38400	879881.31
2020/04/21	23.10	23.10	21.22	21.50	63800	1402992.75
2020/04/22	24.68	24.68	19.80	21.30	131600	2710834.00
2020/04/23	21.29	21.29	20.13	20.55	39900	825065.31
2020/04/24	20.00	20.02	19.95	19.98	5400	107928.00
2020/04/27	21.50	22.01	21.47	22.01	183600	3987864.50
2020/04/28	22.98	22.98	21.10	21.40	213800	4626242.00
2020/04/29	21.78	21.80	21.20	21.52	168200	3595777.75
2020/04/30	21.68	22.61	21.67	22.35	354300	7760654.50
2020/05/06	22.36	23.88	22.36	23.67	111600	2609780.50
2020/05/07	23.98	23.98	22.88	22.88	44300	1016492.56
2020/05/08	22.50	23.78	22.50	23.00	63400	1474043.50
2020/05/11	22.94	22.94	22.00	22.49	115800	2565701.00
2020/05/12	22.00	23.00	22.00	22.20	41500	929700.00
2020/05/13	22.95	22.95	21.31	22.00	47500	1049492.75
2020/05/14	22.00	22.01	21.60	21.60	19700	430290.63
2020/05/15	21.95	21.95	21.78	21.78	4700	104558.20
2020/05/18	21.78	22.00	21.78	21.78	11300	247088.00
2020/05/19	21.99	21.99	21.35	21.89	8300	181852.00
2020/05/20	20.86	21.20	20.86	20.92	12100	252882.72
2020/05/21	21.85	21.85	21.79	21.80	3300	71965.00
2020/05/22	21.66	21.66	21.66	21.66	800	17328.00
2020/05/25	21.18	21.18	20.50	20.95	4700	98055.00
2020/05/26	21.72	21.72	20.00	21.56	2600	56333.50
2020/05/27	20.50	20.50	20.00	20.00	56000	1124716.50
2020/05/28	20.00	20.38	19.60	20.38	4100	81595.20
2020/05/29	19.90	20.20	19.20	20.01	74300	1473041.38
2020/07/27	23.38	23.38	16.01	16.40	3350500	60710940.00
2020/07/28	16.39	17.11	15.35	16.74	1212500	19852268.00
2020/07/29	16.80	18.38	16.74	18.22	1858200	33347724.00
2020/07/30	18.40	18.88	18.11	18.22	1344100	24816876.00
2020/07/31	18.03	18.42	17.72	18.23	805200	14556920.00
2020/08/03	18.49	19.10	18.23	19.00	1415100	26379098.00
2020/08/04	19.14	19.19	18.21	18.60	1118800	20815400.00
2020/08/05	18.65	18.90	18.26	18.28	504200	9304139.00
2020/08/06	18.48	18.50	18.03	18.07	414600	7521041.50
2020/08/07	18.28	18.28	17.38	17.51	347700	6166739.00
2020/08/10	17.61	17.74	17.31	17.58	552800	9689421.00
2020/08/11	17.52	17.78	17.30	17.32	537200	9359455.00
2020/08/12	17.31	17.32	17.02	17.23	182800	3139820.00
2020/08/13	17.30	17.39	17.16	17.20	175200	3020745.50
2020/08/14	17.20	17.42	17.08	17.20	310300	5335409.00
2020/08/17	17.21	17.25	17.00	17.25	254400	4357776.00
2020/08/18	17.13	17.39	16.75	16.83	360800	6145859.00
2020/08/19	16.81	17.12	16.68	16.69	152200	2560010.00
2020/08/20	16.55	16.87	16.55	16.60	121900	2030904.38
2020/08/21	16.54	16.85	16.53	16.80	58200	974341.19
2020/08/24	16.60	16.96	16.60	16.90	125000	2100543.00
2020/08/25	16.75	16.95	16.53	16.56	240600	4035746.00
2020/08/26	16.73	17.37	16.73	17.17	232400	3968364.50
2020/08/27	17.04	17.25	16.93	17.16	90500	1547836.75
2020/08/28	17.18	17.35	17.11	17.32	173400	2993365.75
2020/08/31	17.33	17.39	17.08	17.11	116400	2015340.88
2020/09/01	17.13	17.29	17.12	17.21	135100	2330860.00
2020/09/02	17.20	17.25	17.04	17.12	96000	1644944.25
2020/09/03	17.05	17.24	17.02	17.18	94600	1616809.75
2020/09/04	17.00	17.17	16.93	17.09	48800	829313.81
2020/09/07	17.09	17.09	16.90	16.92	58500	991603.88
2020/09/08	16.81	16.89	16.60	16.77	171800	2875666.25
2020/09/09	16.63	16.76	15.79	16.02	180800	2952450.00
2020/09/10	16.26	16.26	15.86	16.11	68500	1097428.50
2020/09/11	15.84	16.09	15.72	15.94	47700	758164.38
2020/09/14	15.89	16.28	15.89	16.21	46600	751614.69
2020/09/15	16.22	16.22	15.90	16.02	37300	599039.06
2020/09/16	16.05	16.10	15.91	16.05	43100	691167.94
2020/09/17	16.05	16.29	16.00	16.26	56200	909950.56
2020/09/18	16.10	16.48	16.10	16.36	25900	420128.69
2020/09/21	16.18	16.40	16.12	16.18	18900	307023.81
2020/09/22	16.03	16.11	15.86	15.96	77800	1239040.63
2020/09/23	15.83	15.97	15.71	15.71	62800	993443.44
2020/09/24	15.66	15.71	15.48	15.52	39300	613157.00
2020/09/25	15.51	15.60	15.36	15.46	45900	708623.31
2020/09/28	15.46	15.67	15.40	15.47	36400	562706.50
2020/09/29	15.45	15.66	15.31	15.49	30300	466185.50
2020/09/30	15.86	15.87	15.53	15.70	45600	717082.00
2020/10/09	15.96	16.05	15.65	16.05	92700	1469629.75
2020/10/12	16.11	16.95	16.11	16.73	151500	2522179.50
2020/10/13	16.97	17.49	16.92	17.47	436800	7574246.00
2020/10/14	17.54	17.85	17.40	17.53	241900	4288897.00
2020/10/15	17.49	17.74	17.28	17.45	144500	2537441.75
2020/10/16	17.31	17.68	17.31	17.56	92400	1614526.88
2020/10/19	17.75	18.15	17.61	17.92	214500	3847628.50
2020/10/20	18.00	18.15	17.61	17.91	113500	2034703.63
2020/10/21	18.00	18.05	17.83	17.84	59200	1058904.38
2020/10/22	17.81	17.90	17.76	17.88	89600	1597852.88
2020/10/23	18.15	18.46	17.99	18.05	438000	7984239.50
2020/10/26	18.06	18.17	17.53	17.72	156400	2795608.00
2020/10/27	17.58	17.72	17.50	17.69	51400	905528.44
2020/10/28	17.69	18.13	17.60	18.03	157500	2823437.75
2020/10/29	18.04	18.20	17.87	18.03	170100	3069531.25
2020/10/30	18.03	18.17	17.81	17.95	158800	2864183.00
2020/11/02	17.93	18.10	17.90	18.05	147500	2659285.75
2020/11/03	18.01	18.16	18.00	18.08	82300	1486071.63
2020/11/04	18.05	18.10	17.99	18.02	56500	1017575.44
2020/11/05	18.05	18.15	17.95	18.05	89000	1604945.63
2020/11/06	18.05	18.12	17.99	18.05	118900	2142713.25
2020/11/09	18.17	18.17	18.00	18.12	102500	1853675.25
2020/11/10	18.01	18.15	17.94	17.99	105200	1894793.25
2020/11/11	17.98	18.03	17.82	17.82	47800	858404.81
2020/11/12	17.80	17.81	17.70	17.74	100800	1790047.50
2020/11/13	17.60	17.85	17.60	17.69	59100	1045400.13
2020/11/16	17.61	17.71	17.53	17.56	71100	1249994.50
2020/11/17	17.55	17.68	17.51	17.65	36600	643734.06
2020/11/18	17.55	18.14	17.55	17.75	24800	443928.53
2020/11/19	18.00	18.04	17.66	17.86	34300	609343.88
2020/11/20	17.68	17.90	17.59	17.83	19400	342709.34
2020/11/23	17.90	17.90	17.54	17.67	35400	624529.69
2020/11/24	17.51	17.79	17.51	17.53	31800	560208.25
2020/11/25	17.52	17.58	17.38	17.38	71200	1244534.75
2020/11/26	17.40	17.60	17.36	17.43	27900	485992.88
2020/11/27	17.42	17.85	17.42	17.80	113300	1991673.25
2020/11/30	18.47	18.69	18.02	18.13	460300	8455867.00
2020/12/01	18.10	18.87	17.92	18.78	515700	9564923.00
2020/12/02	18.71	18.90	18.22	18.36	178100	3316569.00
2020/12/03	18.36	18.47	18.22	18.39	132800	2432418.75
2020/12/04	18.39	18.68	18.25	18.46	183300	3389345.25
2020/12/07	18.43	18.51	18.18	18.18	129400	2379938.50
2020/12/08	18.15	18.25	18.12	18.22	52900	961956.75
2020/12/09	18.10	18.16	17.80	18.05	79500	1428254.00
2020/12/10	17.85	18.09	17.85	18.05	56000	1010465.00
2020/12/11	18.04	18.14	17.80	18.03	88800	1597891.50
2020/12/14	17.86	18.12	17.60	17.82	87300	1557720.25
2020/12/15	17.56	17.78	17.46	17.49	92900	1634899.75
2020/12/16	17.49	17.65	16.96	16.96	153900	2631258.25
2020/12/17	16.66	17.15	16.66	17.04	72700	1228825.50
2020/12/18	17.27	17.27	17.00	17.04	87100	1485932.63
2020/12/21	17.02	17.71	17.00	17.52	216600	3791472.00
2020/12/22	17.75	17.77	17.31	17.51	93700	1641425.63
2020/12/23	17.73	17.73	17.20	17.20	73300	1268535.63
2020/12/24	17.21	17.90	17.21	17.28	102600	1778312.50
2020/12/25	17.28	17.50	17.22	17.35	81700	1411990.50
2020/12/28	17.10	17.34	16.60	17.01	55700	949810.00
2020/12/29	17.01	17.45	17.01	17.18	184900	3171040.50
2020/12/30	17.02	17.27	17.02	17.13	40400	693618.38
2020/12/31	17.06	17.28	17.00	17.28	60100	1032877.69
2021/01/04	17.30	17.44	17.06	17.34	114800	1971999.13
2021/01/05	17.22	17.69	17.22	17.60	113900	1991418.25
2021/01/06	17.32	17.69	17.32	17.50	67300	1182169.50
2021/01/07	17.37	17.60	17.18	17.19	42500	735819.63
2021/01/08	17.22	17.29	17.01	17.12	66600	1143101.75
2021/01/11	17.00	17.00	16.80	16.88	69700	1180765.25
2021/01/12	17.10	17.10	16.80	16.83	58600	992079.31
2021/01/13	16.83	16.87	16.64	16.70	88400	1476012.88
2021/01/14	16.69	16.94	16.69	16.79	28800	483698.66
2021/01/15	16.80	17.09	16.72	17.09	33300	564453.50
2021/01/18	17.09	17.62	17.00	17.62	92000	1605594.88
2021/01/19	17.69	18.29	17.69	18.14	146100	2641423.75
2021/01/20	18.36	18.47	17.97	18.26	191600	3516314.00
2021/01/21	19.00	19.10	17.89	18.26	626100	11444766.00
2021/01/22	18.47	18.77	18.28	18.62	564400	10485738.00
2021/01/25	18.63	18.90	18.37	18.46	293000	5435605.50
2021/01/26	18.46	18.58	18.03	18.21	112600	2045560.25
2021/01/27	18.34	19.00	18.22	18.50	194100	3605249.75
2021/01/28	18.42	18.51	18.18	18.25	111100	2035014.63
2021/01/29	18.36	18.48	18.05	18.30	150400	2752812.75
2021/02/01	18.40	18.79	18.31	18.64	283000	5227147.00
2021/02/02	18.56	19.26	18.56	19.11	534400	10229081.00
2021/02/03	19.16	19.16	18.58	18.60	120800	2272006.25
2021/02/04	18.72	19.02	18.17	18.41	75400	1401042.13
2021/02/05	18.30	18.69	18.28	18.30	198500	3652982.00
2021/02/08	17.95	18.28	17.95	18.07	138500	2502325.00
2021/02/09	18.09	18.20	17.69	18.10	175500	3145155.75
2021/02/10	17.95	18.25	17.95	18.18	106300	1924706.75
2021/02/18	18.22	18.35	18.03	18.20	89300	1623143.50
2021/02/19	18.12	18.19	17.98	18.18	49800	900192.50
2021/02/22	18.58	18.58	18.08	18.17	58600	1065729.63
2021/02/23	18.13	18.20	17.80	18.06	222100	3980098.50
2021/02/24	17.86	18.18	17.85	18.05	50800	917050.00
2021/02/25	18.19	18.19	17.89	18.11	56900	1027223.50
2021/02/26	17.92	18.11	17.90	18.07	43400	780234.63
2021/03/01	18.53	18.88	18.12	18.25	317000	5838225.50
2021/03/02	18.21	18.47	18.18	18.36	140500	2566318.75
2021/03/03	18.35	18.79	18.30	18.74	178700	3318637.00
2021/03/04	18.86	18.95	18.61	18.80	194000	3655404.25
2021/03/05	18.79	19.19	18.70	18.99	299200	5689658.00
2021/03/08	18.90	19.30	18.80	18.90	280500	5361845.50
2021/03/09	19.19	19.23	18.58	18.90	114200	2171804.75
2021/03/10	19.11	19.11	18.83	18.94	100200	1895086.25
2021/03/11	18.89	19.08	18.70	19.04	140800	2657767.75
2021/03/12	18.78	19.14	18.78	19.08	70100	1329122.00
2021/03/15	19.09	19.19	19.00	19.13	80300	1533856.88
2021/03/16	19.10	19.27	19.10	19.25	144100	2764562.25
2021/03/17	19.24	19.27	19.12	19.16	55600	1068515.75
2021/03/18	19.15	19.85	19.15	19.80	230300	4493911.00
2021/03/19	19.82	21.20	19.51	20.49	381300	7740157.50
2021/03/22	20.35	20.74	20.32	20.60	150800	3116439.00
2021/03/23	20.48	20.70	20.23	20.38	103600	2112789.25
2021/03/24	20.38	20.80	20.38	20.50	131100	2690244.25
2021/03/25	20.31	20.45	19.87	20.06	127300	2554236.00
2021/03/26	20.06	20.18	19.98	20.13	81200	1629301.75
2021/03/29	20.11	20.35	20.11	20.28	14600	295422.19
2021/03/30	20.40	20.40	20.18	20.25	37200	753004.19
2021/03/31	20.38	20.39	20.22	20.30	37300	757586.81
2021/04/01	20.10	20.20	19.72	19.91	102200	2037934.38
2021/04/02	20.09	20.20	19.90	20.13	82600	1655072.75
2021/04/06	20.15	20.23	20.00	20.23	75400	1520443.88
2021/04/07	20.39	20.79	20.34	20.54	103900	2139753.00
2021/04/08	20.50	20.99	20.50	20.90	134100	2788004.00
2021/04/09	20.60	20.92	20.55	20.70	102800	2127444.50
2021/04/12	20.60	20.81	20.50	20.55	95600	1976018.75
2021/04/13	20.41	20.70	20.03	20.03	153600	3105411.25
2021/04/14	20.28	20.30	20.04	20.17	62700	1260653.88
2021/04/15	20.17	20.30	20.09	20.19	47100	948427.06
2021/04/16	20.11	20.40	20.10	20.35	49100	993347.63
2021/04/19	20.46	20.46	20.23	20.42	44400	905247.88
2021/04/20	20.21	20.42	20.10	20.36	33800	683441.13
2021/04/21	20.43	20.55	20.28	20.55	115300	2346257.75
2021/04/22	20.55	20.64	20.47	20.48	65500	1346456.63
2021/04/23	20.50	21.00	20.50	20.95	187000	3898899.50
2021/04/26	20.94	21.06	20.83	21.06	199100	4174707.25
2021/04/27	20.56	20.99	20.39	20.50	417200	8573404.00
2021/04/28	20.62	20.62	20.21	20.46	133200	2724634.50
2021/04/29	20.23	20.49	20.06	20.10	103000	2088900.63
2021/04/30	20.06	20.08	19.53	19.78	191500	3786611.75
2021/05/06	19.78	19.88	19.65	19.65	109000	2155001.50
2021/05/07	19.65	19.89	19.51	19.77	168800	3318458.75
2021/05/10	19.61	19.75	19.60	19.60	79400	1559961.38
2021/05/11	19.55	19.55	19.09	19.15	119900	2298513.00
2021/05/12	19.06	19.19	19.06	19.18	103100	1972844.50
2021/05/13	19.19	19.39	19.14	19.24	72000	1383283.25
2021/05/14	19.26	19.54	19.12	19.49	40800	792115.44
2021/05/17	19.50	19.59	19.28	19.59	41500	803803.88
2021/05/18	19.59	19.59	19.36	19.39	16800	325461.22
2021/05/19	19.26	19.43	19.26	19.39	51400	995277.56
2021/05/20	19.29	19.48	19.28	19.46	54400	1052879.75
2021/05/21	19.48	19.60	19.34	19.57	119400	2318793.75
2021/05/24	19.47	19.77	19.47	19.68	39900	781088.25
2021/05/25	19.72	19.80	19.51	19.80	102100	2012884.38
2021/05/26	19.93	19.93	19.71	19.84	182600	3619173.00
2021/05/27	19.67	19.86	19.57	19.84	56600	1115890.25
2021/05/28	19.85	19.92	19.74	19.84	86200	1709933.00
2021/05/31	10.70	10.87	10.60	10.74	141500	1519270.13
2021/06/01	10.73	10.73	10.36	10.40	215200	2264014.75
2021/06/02	10.43	10.43	10.10	10.25	216900	2223073.50
2021/06/03	10.19	10.38	10.19	10.24	138800	1430515.50
2021/06/04	10.38	10.54	10.24	10.54	143300	1480620.88
2021/06/07	10.67	11.38	10.57	11.36	913200	10180064.00
2021/06/08	11.37	11.65	11.06	11.21	460700	5249314.50
2021/06/09	11.19	11.77	11.19	11.68	511900	5892662.50
2021/06/10	11.76	11.76	11.35	11.49	508700	5865738.50
2021/06/11	11.49	11.54	11.36	11.40	214600	2454174.75
2021/06/15	11.43	11.60	11.11	11.20	234100	2643822.75
2021/06/16	11.20	11.28	10.91	11.05	145200	1603861.50
2021/06/17	11.09	11.09	10.90	11.04	272200	2985679.75
2021/06/18	11.01	11.27	10.90	11.26	216000	2385741.50
2021/06/21	11.30	11.46	11.25	11.35	318900	3617368.50
2021/06/22	11.29	11.44	11.28	11.37	175600	1991543.75
2021/06/23	11.28	11.51	11.22	11.37	287400	3262489.50
2021/06/24	11.37	11.50	11.27	11.41	458200	5213737.00
2021/06/25	11.40	12.15	11.40	12.01	791100	9405867.00
2021/06/28	11.99	12.13	11.83	11.90	218900	2614689.75
2021/06/29	11.90	11.96	11.50	11.51	253800	2969039.25
2021/06/30	11.55	11.79	11.53	11.70	204200	2379797.25
2021/07/01	11.67	12.00	11.65	11.85	158200	1868715.75
2021/07/02	11.95	11.95	11.74	11.92	218300	2582102.75
2021/07/05	11.98	12.06	11.83	11.92	254600	3037598.00
2021/07/06	11.88	12.04	11.83	11.88	272300	3246446.75
2021/07/07	11.88	12.09	11.75	12.01	197100	2365879.75
2021/07/08	12.01	12.12	11.78	11.80	305500	3638415.00
2021/07/09	11.80	11.88	11.59	11.83	843500	9861617.00
2021/07/12	11.95	12.44	11.80	12.38	589400	7221513.00
2021/07/13	12.43	12.60	12.26	12.31	384100	4776529.00
2021/07/14	12.40	12.55	12.34	12.50	311900	3888179.50
2021/07/15	12.53	12.84	12.52	12.67	458600	5838405.00
2021/07/16	12.78	12.78	12.68	12.72	353400	4499499.50
2021/07/19	13.00	13.00	12.03	12.12	858200	10882218.00
2021/07/20	12.15	12.17	11.54	11.73	1168900	13755042.00
2021/07/21	11.77	12.18	11.68	12.07	758000	9045288.00
2021/07/22	12.11	12.17	11.85	11.90	724600	8682668.00
2021/07/23	12.10	12.34	12.00	12.29	606400	7359492.50
2021/07/26	12.48	12.55	12.02	12.14	319700	3911621.00
2021/07/27	12.20	12.20	11.61	11.70	390300	4613214.50
2021/07/28	11.55	11.60	11.12	11.19	338000	3811086.75
2021/07/29	11.45	11.45	11.16	11.35	206700	2325487.75
2021/07/30	11.33	11.54	11.33	11.50	145500	1665081.50
2021/08/02	11.31	11.50	11.25	11.45	105200	1193821.00
2021/08/03	11.19	11.45	11.16	11.42	242000	2744527.75
2021/08/04	11.36	11.53	11.34	11.49	106300	1210713.88
2021/08/05	11.49	11.57	11.33	11.48	150100	1719508.38
2021/08/06	11.48	11.55	11.31	11.45	84500	968213.44
2021/08/09	11.54	11.80	11.38	11.79	149500	1743060.50
2021/08/10	11.70	11.79	11.60	11.61	238700	2780517.25
2021/08/11	11.60	11.90	11.60	11.84	252000	2963620.25
2021/08/12	12.40	12.88	12.40	12.60	1165700	14678869.00
2021/08/13	12.58	12.99	12.25	12.83	668400	8331222.00
2021/08/16	13.10	13.36	12.83	12.94	654300	8556728.00
2021/08/17	12.90	13.18	12.80	12.97	357700	4637224.00
2021/08/18	12.71	13.42	12.71	13.40	497700	6576473.00
2021/08/19	13.38	15.00	13.19	14.80	1398300	19653662.00
2021/08/20	14.55	14.70	14.17	14.62	287400	4138423.00
2021/08/23	14.61	14.61	13.37	13.66	845700	11650351.00
2021/08/24	13.53	13.86	13.34	13.70	477400	6465713.00
2021/08/25	13.56	13.57	12.35	12.37	1052500	13419325.00
2021/08/26	12.20	12.42	11.30	11.57	1121100	13230414.00
2021/08/27	11.83	11.96	11.20	11.78	762200	8803929.00
2021/08/30	10.30	10.30	8.77	8.81	5278400	49300708.00
2021/08/31	9.07	9.40	8.88	9.29	1363500	12326935.00
2021/09/01	9.40	9.86	9.20	9.75	920100	8716251.00
2021/09/02	9.88	10.29	9.73	10.27	1717900	17087808.00
2021/09/03	11.49	11.60	9.93	10.40	2942600	31060554.00
2021/09/06	10.70	12.47	10.70	11.34	3378800	39081340.00
2021/09/07	11.53	11.53	10.85	11.08	1120500	12386303.00
2021/09/08	11.09	11.20	10.90	11.19	606200	6696430.00
2021/09/09	11.18	11.80	11.02	11.72	965300	11115371.00
2021/09/10	11.95	12.38	11.52	11.75	1036800	12352349.00
2021/09/13	11.76	11.77	11.20	11.30	750600	8535944.00
2021/09/14	11.35	11.50	11.08	11.19	349200	3928823.75
2021/09/15	11.20	11.20	10.57	10.59	636000	6899812.50
2021/09/16	10.40	10.63	9.93	10.03	1252100	12765537.00
2021/09/17	10.10	10.25	9.94	10.24	462600	4675703.50
2021/09/22	10.70	10.98	10.54	10.65	686700	7346266.50
2021/09/23	10.80	10.90	10.60	10.64	339400	3652124.50
2021/09/24	10.61	10.88	10.61	10.67	390500	4188410.75
2021/09/27	10.64	10.68	10.03	10.21	429900	4411555.50
2021/09/28	10.23	10.32	10.20	10.25	144900	1484045.00
2021/09/29	10.13	10.48	10.08	10.18	159700	1623739.50
2021/09/30	10.11	10.61	10.11	10.41	294100	3030725.50
2021/10/08	10.56	10.57	10.18	10.33	275600	2841797.50
2021/10/11	10.27	10.33	10.06	10.09	249000	2523297.75
2021/10/12	10.05	10.14	9.70	9.93	302600	3001125.75
2021/10/13	9.94	10.18	9.94	10.14	268700	2700691.50
2021/10/14	10.08	10.19	10.07	10.11	93900	951698.56
2021/10/15	10.08	10.22	10.02	10.22	97700	986713.94
2021/10/18	10.20	10.25	10.08	10.23	88900	902439.25
2021/10/19	10.20	10.20	10.10	10.18	45700	462861.78
2021/10/20	10.17	10.17	10.06	10.14	90800	916576.56
2021/10/21	10.19	10.19	10.06	10.08	129100	1304597.50
2021/10/22	10.08	10.38	10.08	10.32	343700	3503330.25
2021/10/25	10.11	10.37	9.91	10.03	236500	2373360.00
2021/10/26	9.91	10.06	9.40	9.56	328000	3180051.00
2021/10/27	9.49	9.69	9.35	9.45	142900	1348928.75
2021/10/28	9.37	9.38	9.01	9.08	198800	1810087.50
2021/10/29	9.40	9.87	9.39	9.85	337300	3278296.50
2021/11/01	10.19	10.80	10.01	10.63	928400	9799530.00
2021/11/02	10.63	10.65	10.18	10.30	172300	1801607.13
2021/11/03	10.40	10.67	10.40	10.53	132400	1391269.50
2021/11/04	10.68	11.05	10.53	11.01	500900	5465792.50
2021/11/05	11.10	11.35	10.88	10.97	431900	4805045.50
2021/11/08	10.98	11.50	10.96	11.50	891700	10104820.00
2021/11/09	11.58	11.58	11.25	11.31	436700	4968546.50
2021/11/10	11.40	11.42	11.03	11.28	251000	2795653.25
2021/11/11	11.33	11.70	11.32	11.66	627300	7205256.50
2021/11/12	11.67	11.95	11.52	11.87	983400	11595816.00
2021/11/15	12.00	12.45	11.32	11.32	4346100	51586064.00
2021/11/16	11.16	11.16	10.55	10.63	1648600	17667336.00
2021/11/17	10.59	10.75	10.38	10.59	948900	9995510.00
2021/11/18	10.59	10.59	10.22	10.25	672300	6970291.00
2021/11/19	10.29	10.37	10.10	10.24	380400	3884482.25
2021/11/22	10.38	10.54	10.29	10.35	445100	4611971.50
2021/11/23	10.54	10.87	10.46	10.69	847000	9046420.00
2021/11/24	10.63	10.63	10.27	10.35	709700	7377401.00
2021/11/25	10.46	10.47	10.12	10.21	452900	4628310.00
2021/11/26	10.19	10.20	9.97	10.00	936100	9391165.00
2021/11/29	9.98	9.98	9.61	9.72	1165300	11296014.00
2021/11/30	9.79	9.79	9.47	9.47	754800	7238131.50
2021/12/01	9.46	9.56	9.40	9.51	428500	4061005.25
2021/12/02	9.46	9.68	9.45	9.52	412000	3928086.75
2021/12/03	9.55	9.59	9.41	9.45	395500	3746619.00
2021/12/06	9.48	9.54	9.18	9.21	526200	4901254.50
2021/12/07	9.21	9.35	9.05	9.14	340900	3108123.25
2021/12/08	9.20	9.20	9.07	9.17	479500	4385185.50
2021/12/09	9.22	9.27	9.16	9.26	301600	2775201.00
2021/12/10	9.27	9.29	9.18	9.27	227100	2101349.75
2021/12/13	9.28	9.77	9.22	9.76	1017400	9736268.00
2021/12/14	9.76	9.94	9.52	9.81	832600	8162626.50
2021/12/15	9.70	9.83	9.53	9.53	468100	4507865.50
2021/12/16	9.55	9.59	9.41	9.45	279600	2656084.00
2021/12/17	9.43	9.59	9.39	9.41	315300	2969310.50
2021/12/20	9.32	9.49	9.30	9.41	240000	2240391.25
2021/12/21	9.42	9.42	9.31	9.41	125200	1170942.75
2021/12/22	9.36	9.56	9.36	9.48	222700	2111106.25
2021/12/23	9.56	9.56	9.27	9.38	171500	1615709.88
2021/12/24	9.33	9.37	9.19	9.22	261200	2423163.50
2021/12/27	9.25	9.40	9.25	9.32	222800	2080185.25
2021/12/28	9.38	9.45	9.31	9.45	380000	3567812.50
2021/12/29	9.51	9.51	9.38	9.47	171200	1620738.63
2021/12/30	9.54	9.73	9.39	9.70	861200	8315273.50
2021/12/31	9.74	10.27	9.74	9.94	1666000	16682047.00
2022/01/04	9.94	9.99	9.57	9.70	1181600	11410958.00
2022/01/05	9.67	9.79	9.61	9.77	622200	6048366.00
2022/01/06	9.77	9.85	9.62	9.66	505200	4892141.50
2022/01/07	9.75	9.77	9.51	9.53	347500	3342318.50
2022/01/10	9.57	9.57	9.42	9.50	331996	3148527.50
2022/01/11	9.56	9.56	9.43	9.44	179619	1700637.00
2022/01/12	9.47	9.53	9.43	9.50	170180	1611594.00
2022/01/13	9.55	9.56	9.44	9.45	188633	1790197.63
2022/01/14	9.46	9.51	9.40	9.45	193663	1825841.25
2022/01/17	9.41	9.56	9.41	9.51	685704	6498951.50
2022/01/18	9.56	9.56	9.42	9.44	402615	3813257.50
2022/01/19	9.44	9.52	9.31	9.33	405235	3799871.50
2022/01/20	9.31	9.55	9.30	9.49	762513	7210386.50
2022/01/21	9.48	9.53	9.42	9.44	390247	3697923.00
2022/01/24	9.50	9.50	9.22	9.30	419275	3906549.25
2022/01/25	9.30	9.30	8.88	8.94	538422	4862263.00
2022/01/26	9.12	9.12	8.85	8.88	180202	1607110.38
2022/01/27	8.88	8.91	8.63	8.68	164409	1440071.00
2022/01/28	8.80	8.80	8.65	8.75	116250	1013534.75
2022/02/07	8.74	8.91	8.74	8.88	141803	1253280.50
2022/02/08	8.88	8.92	8.74	8.88	167195	1477752.13
2022/02/09	8.91	8.95	8.84	8.92	121254	1079359.75
2022/02/10	8.92	8.92	8.79	8.83	337383	2979255.25
2022/02/11	8.83	8.83	8.53	8.59	287233	2486286.75
2022/02/14	8.55	8.68	8.31	8.37	182844	1536531.25
2022/02/15	8.40	8.47	8.29	8.40	114750	958978.31
2022/02/16	8.34	8.43	8.31	8.36	206443	1722242.50
2022/02/17	8.33	8.41	8.22	8.27	177731	1470954.00
2022/02/18	8.24	8.32	8.20	8.30	69846	577092.31
2022/02/21	8.25	8.35	8.24	8.35	119044	989243.88
2022/02/22	8.36	8.36	8.21	8.23	301010	2995764.75
2022/02/23	8.31	8.40	8.23	8.35	123786	1028744.44
2022/02/24	8.35	8.40	8.15	8.16	262312	2159928.75
2022/02/25	8.21	8.28	8.21	8.24	83686	689704.25
2022/02/28	8.20	8.20	7.16	7.28	2053277	15188272.00
2022/03/01	7.28	7.29	7.22	7.27	214014	1552200.88
2022/03/02	7.20	7.28	7.15	7.26	178256	1286875.25
2022/03/03	7.28	7.30	7.21	7.27	146048	1058288.13
2022/03/04	7.27	7.27	7.11	7.15	322629	2314375.50
2022/03/07	7.14	7.18	7.00	7.03	348598	2459060.50
2022/03/08	7.04	7.04	6.71	6.72	471484	2855168.25
2022/03/09	6.84	6.84	6.20	6.66	409619	2682457.00
2022/03/10	6.74	6.88	6.66	6.76	126010	850431.06
2022/03/11	6.75	6.79	6.40	6.78	138093	905950.81
2022/03/14	6.75	6.76	6.56	6.64	198307	1315657.50
2022/03/15	6.51	6.60	6.22	6.25	171732	1102052.38
2022/03/16	6.38	6.48	6.06	6.41	104057	653793.00
2022/03/17	6.44	6.99	6.41	6.75	465113	3115261.50
2022/03/18	6.74	6.77	6.59	6.73	131706	880960.75
2022/03/21	6.71	6.79	6.61	6.70	111693	746287.31
2022/03/22	6.70	6.73	6.60	6.70	51914	346516.56
2022/03/23	6.69	6.70	6.61	6.64	94458	628979.50
2022/03/24	6.64	6.69	6.56	6.65	205486	1372373.75
2022/03/25	6.69	6.69	6.53	6.65	53307	351674.31
2022/03/28	6.59	6.61	6.33	6.60	91153	594821.88
2022/03/29	6.65	6.68	6.52	6.60	63522	419670.59
2022/03/30	6.58	6.62	6.41	6.58	167310	1092426.00
2022/03/31	6.50	6.58	6.44	6.53	68217	445130.94
2022/04/01	6.54	6.61	6.49	6.59	209769	1374939.75
2022/04/06	6.60	6.62	6.55	6.62	132381	871141.38
2022/04/07	6.63	6.63	6.55	6.57	125026	820324.00
2022/04/08	6.58	6.58	6.49	6.54	62006	404307.19
2022/04/11	6.44	6.53	6.20	6.31	134993	854035.13
2022/04/12	6.38	6.39	6.26	6.35	54824	345991.91
2022/04/13	6.30	6.35	6.19	6.21	246787	1534183.88
2022/04/14	6.18	6.22	6.17	6.18	103984	643345.69
2022/04/15	6.13	6.16	5.90	6.05	103805	629366.88
2022/04/18	6.05	6.13	5.92	6.08	35406	213912.55
2022/04/19	6.04	6.09	5.90	6.00	77395	461376.44
2022/04/20	6.00	6.01	5.92	5.99	85526	510047.53
2022/04/21	6.00	6.00	5.80	5.84	49762	291986.75
2022/04/22	5.87	5.87	5.58	5.70	83803	480273.06
2022/04/25	5.62	5.70	5.23	5.44	138922	756730.75
2022/04/26	5.45	5.49	5.00	5.31	204958	1070655.75
2022/04/27	5.15	5.28	5.04	5.25	213025	1091673.38
2022/04/28	5.13	5.15	4.90	4.98	182983	927516.06
2022/04/29	5.02	5.18	4.93	5.13	114374	580630.06
2022/05/05	5.13	5.30	5.10	5.29	193747	1015174.06
2022/05/06	5.29	5.30	5.06	5.13	233165	1189744.13
2022/05/09	5.25	5.65	5.25	5.38	367980	2024535.13
2022/05/10	5.45	5.57	5.25	5.40	150855	807974.00
2022/05/11	5.36	5.54	5.35	5.50	177849	974434.19
2022/05/12	5.63	5.63	5.48	5.57	165872	924224.00
2022/05/13	5.64	5.83	5.52	5.79	319956	1821148.50
2022/05/16	5.79	5.79	5.63	5.72	159848	908602.56
2022/05/17	5.67	5.88	5.64	5.88	159592	917147.00
2022/05/18	5.76	5.92	5.74	5.74	139180	804214.88
2022/05/19	5.74	5.81	5.68	5.80	100565	580137.25
2022/05/20	5.83	5.87	5.81	5.81	67374	393673.84
2022/05/23	5.83	5.94	5.82	5.87	73327	428622.91
2022/05/24	5.94	5.94	5.67	5.70	109712	637626.81
2022/05/25	5.60	5.76	5.60	5.72	30171	171139.00
2022/05/26	5.72	5.78	5.55	5.77	50660	288620.84
2022/05/27	5.55	5.56	5.43	5.43	83704	459535.13
2022/05/30	5.45	5.50	5.40	5.49	160979	880372.31
2022/05/31	5.52	5.53	5.38	5.50	97521	528727.50
2022/06/01	4.81	5.57	4.81	5.50	26901	146939.02
2022/06/02	5.50	5.57	5.37	5.55	64762	354645.63
2022/06/06	5.57	5.64	5.55	5.60	76297	425011.06
2022/06/07	5.56	5.72	5.52	5.62	117154	655357.63
2022/06/08	5.53	5.62	5.52	5.52	142133	787499.50
2022/06/09	5.50	5.56	5.42	5.49	82997	452181.31
2022/06/10	5.50	5.50	5.40	5.49	95633	521699.00
2022/06/13	5.38	5.51	5.38	5.43	46347	252013.91
2022/06/14	5.49	5.49	5.35	5.43	52217	280633.97
2022/06/15	5.34	5.59	5.33	5.46	93478	510609.97
2022/06/16	5.43	5.54	5.38	5.48	97135	529609.13
2022/06/17	5.40	5.49	5.40	5.44	72832	395129.94
2022/06/20	5.49	5.49	5.40	5.43	67837	369613.31
2022/06/21	5.36	5.50	5.36	5.44	45838	247332.28
2022/06/22	5.48	5.49	5.38	5.43	53012	286413.13
2022/06/23	5.46	5.46	5.35	5.40	93426	502439.16
2022/06/24	5.32	5.43	5.32	5.38	94170	504445.13
2022/06/27	5.38	5.50	5.36	5.46	59882	325362.69
2022/06/28	5.52	5.64	5.44	5.64	388073	2161302.75
2022/06/29	5.64	5.73	5.55	5.65	174275	988177.63
2022/06/30	5.60	5.76	5.58	5.67	151246	860421.19
2022/07/01	5.74	5.74	5.66	5.66	33996	192862.66
2022/07/04	5.47	5.69	5.41	5.58	97283	531826.31
2022/07/05	5.47	5.56	5.42	5.50	60067	329392.63
2022/07/06	5.47	5.47	5.41	5.43	115340	625297.00
2022/07/07	5.45	5.48	5.44	5.45	48573	264817.84
2022/07/08	5.41	5.52	5.41	5.45	41431	225763.06
2022/07/11	5.38	5.47	5.35	5.43	99919	539234.75
2022/07/12	5.36	5.45	5.33	5.40	53110	284976.78
2022/07/13	5.39	5.43	5.39	5.40	35111	189898.89
2022/07/14	5.40	5.43	5.33	5.40	70288	376576.69
2022/07/15	5.33	5.41	5.33	5.38	58388	311845.78
2022/07/18	5.38	5.40	5.30	5.34	126509	677951.00
2022/07/19	5.37	5.38	5.28	5.34	117441	623123.31
2022/07/20	5.36	5.38	5.34	5.35	135280	725775.81
2022/07/21	5.35	5.35	5.30	5.32	70090	373298.00
2022/07/22	5.30	5.32	5.29	5.32	80315	425748.50
2022/07/25	5.33	5.33	5.25	5.28	63642	336044.13
2022/07/26	5.32	5.32	5.24	5.31	85082	448593.47
2022/07/27	5.33	5.34	5.28	5.33	25158	133978.59
2022/07/28	5.35	5.37	5.26	5.33	43510	231196.91
2022/07/29	5.29	5.32	5.22	5.31	95273	501770.69
2022/08/01	5.33	5.33	5.22	5.25	51601	270804.38
2022/08/02	5.21	5.21	5.08	5.09	129817	667081.44
2022/08/03	5.11	5.13	5.03	5.08	101533	515866.34
2022/08/04	5.08	5.12	5.03	5.09	47855	241683.30
2022/08/05	5.09	5.11	5.03	5.09	115331	583842.06
2022/08/08	5.10	5.11	5.05	5.10	52917	269645.00
2022/08/09	5.07	5.11	5.07	5.10	34601	176216.75
2022/08/10	5.07	5.12	5.07	5.12	40568	206623.86
2022/08/11	5.11	5.33	5.11	5.25	232930	1226370.50
2022/08/12	5.28	5.28	5.21	5.27	80019	419949.19
2022/08/15	5.28	5.28	5.15	5.26	20364	106807.92
2022/08/16	5.26	5.29	5.22	5.24	14820	78149.00
2022/08/17	5.24	5.30	5.22	5.24	39786	208312.69
2022/08/18	5.24	5.31	5.23	5.25	45639	240956.11
2022/08/19	5.30	5.30	5.22	5.25	17639	92512.91
2022/08/22	5.20	5.25	5.20	5.25	21989	114697.70
2022/08/23	5.21	5.25	5.21	5.25	43552	227502.05
2022/08/24	5.22	5.26	5.06	5.10	58155	299003.50
2022/08/25	5.10	5.22	5.06	5.13	33066	168814.59
2022/08/26	5.08	5.13	5.08	5.12	17726	90206.34
2022/08/29	5.16	5.16	5.03	5.08	76173	387310.66
2022/08/30	5.08	5.09	5.05	5.09	46753	237476.16
2022/08/31	5.07	5.09	5.05	5.07	77323	391360.97
2022/09/01	5.03	5.07	5.03	5.07	38369	193585.95
2022/09/02	5.04	5.09	5.02	5.09	167554	848686.19
2022/09/05	5.09	5.09	5.04	5.07	35765	180893.91
2022/09/06	5.03	5.08	5.03	5.06	41532	209777.22
2022/09/07	5.07	5.07	5.04	5.06	36316	183289.20
2022/09/08	5.05	5.05	5.03	5.05	24282	122441.96
2022/09/09	5.04	5.05	5.01	5.02	29643	148995.98
2022/09/13	5.03	5.05	5.02	5.03	28095	141433.30
2022/09/14	5.00	5.03	4.98	5.03	54220	271301.97
2022/09/15	4.99	5.03	4.91	4.96	43817	216367.06
2022/09/16	4.92	5.10	4.92	4.97	129182	648585.31
2022/09/19	4.95	5.00	4.83	4.84	59824	292079.06
2022/09/20	4.84	4.93	4.83	4.93	82693	403364.66
2022/09/21	4.95	5.38	4.88	5.28	767735	3955499.25
2022/09/22	5.32	5.46	5.17	5.23	682285	3637952.25
2022/09/23	5.18	5.18	4.86	4.91	309358	1553582.63
2022/09/26	4.87	4.97	4.83	4.92	142894	697624.63
2022/09/27	4.85	5.03	4.85	4.97	19545	97088.41
2022/09/28	4.92	5.00	4.85	4.86	75462	368073.31
2022/09/29	4.85	4.92	4.66	4.75	179542	851146.63
2022/09/30	4.68	4.76	4.67	4.70	37874	177696.38
2022/10/10	4.62	4.70	4.53	4.62	62047	286310.91
2022/10/11	4.62	4.72	4.56	4.63	20446	94641.48
2022/10/12	4.61	4.80	4.58	4.74	70553	332747.84
2022/10/13	4.74	4.80	4.72	4.80	37401	178222.69
2022/10/14	4.80	4.98	4.80	4.98	81030	399160.59
2022/10/17	5.02	5.15	5.01	5.10	147942	748220.81
2022/10/18	5.10	5.10	5.00	5.07	41451	208695.48
2022/10/19	5.01	5.03	5.01	5.03	37092	186373.84
2022/10/20	4.98	5.06	4.98	4.99	34040	170476.20
2022/10/21	4.95	5.00	4.95	5.00	40200	199735.67
2022/10/24	4.93	5.00	4.86	4.96	74634	366123.22
2022/10/25	4.95	4.96	4.88	4.96	31046	152363.48
2022/10/26	4.96	4.98	4.91	4.97	33584	166402.92
2022/10/27	4.92	4.99	4.92	4.96	32632	161108.72
2022/10/28	4.90	4.90	4.80	4.87	36418	176798.88
2022/10/31	4.81	4.89	4.78	4.87	89446	430251.53
2022/11/01	4.87	4.87	4.82	4.85	95504	461798.09
2022/11/02	4.85	4.89	4.84	4.87	79975	388194.00
2022/11/03	4.78	4.86	4.78	4.86	36888	177691.08
2022/11/04	4.81	4.93	4.81	4.90	97084	474654.34
2022/11/07	4.93	4.93	4.85	4.92	102678	502543.00
2022/11/08	4.93	4.93	4.85	4.90	38061	185574.27
2022/11/09	4.92	4.92	4.86	4.90	27253	133084.58
2022/11/10	4.93	4.94	4.87	4.90	71921	351692.88
2022/11/11	4.94	4.94	4.90	4.91	21304	104705.94
2022/11/14	4.90	4.94	4.85	4.91	29010	142435.11
2022/11/15	4.86	4.93	4.86	4.91	33192	162809.09
2022/11/16	4.90	4.91	4.86	4.91	19834	96885.83
2022/11/17	4.86	4.91	4.81	4.89	61200	297279.84
2022/11/18	4.89	4.89	4.85	4.87	38702	188085.05
2022/11/21	4.90	4.98	4.89	4.91	96136	473890.63
2022/11/22	4.94	4.94	4.86	4.92	46363	227773.61
2022/11/23	4.88	4.95	4.85	4.95	68657	337414.84
2022/11/24	4.88	4.93	4.87	4.92	33912	165474.06
2022/11/25	4.86	4.91	4.82	4.88	76377	370213.84
2022/11/28	4.82	4.86	4.82	4.86	34032	164111.23
2022/11/29	4.77	4.92	4.77	4.87	100874	493004.13
2022/11/30	4.86	4.88	4.85	4.87	11110	53992.50
2022/12/01	4.88	4.90	4.83	4.88	22096	107411.42
2022/12/02	4.88	4.90	4.87	4.90	26516	129305.15
2022/12/05	4.90	4.92	4.84	4.91	85851	420219.19
2022/12/06	4.92	4.92	4.86	4.91	27569	134778.09
2022/12/07	4.90	4.90	4.86	4.88	29852	145315.84
2022/12/08	4.83	4.89	4.83	4.89	21408	103896.76
2022/12/09	4.85	4.89	4.81	4.88	34960	169517.36
2022/12/12	4.82	4.85	4.80	4.81	47227	227180.05
2022/12/13	4.85	4.85	4.80	4.84	19091	91778.75
2022/12/14	4.80	4.84	4.80	4.84	11120	53428.00
2022/12/15	4.76	4.86	4.76	4.85	7020	33754.60
2022/12/16	4.84	4.84	4.74	4.79	38930	185092.50
2022/12/19	4.74	4.78	4.62	4.70	41055	194150.05
2022/12/20	4.69	4.75	4.65	4.71	87310	410639.38
2022/12/21	4.85	4.85	4.66	4.75	12266	57727.88
2022/12/22	4.66	4.75	4.65	4.75	25568	120876.41
2022/12/23	4.62	4.74	4.62	4.71	12977	60981.05
2022/12/26	4.61	4.76	4.60	4.73	54047	250409.28
2022/12/27	4.64	4.70	4.63	4.64	22452	104438.68
2022/12/28	4.65	4.65	4.61	4.65	9611	44465.05
2022/12/29	4.65	4.70	4.61	4.70	6611	30863.46
2022/12/30	4.63	4.73	4.61	4.69	14160	65503.40
2023/01/03	4.59	4.68	4.59	4.68	19240	89403.00
2023/01/04	4.61	4.72	4.61	4.69	69145	325278.34
2023/01/05	4.69	4.71	4.64	4.69	55502	259507.80
2023/01/06	4.62	4.70	4.60	4.68	72248	334919.09
2023/01/09	4.64	4.70	4.63	4.67	68981	320075.19
2023/01/10	4.65	4.66	4.63	4.66	7694	35725.22
2023/01/11	4.65	4.66	4.62	4.65	15701	73103.46
2023/01/12	4.65	4.72	4.65	4.71	179974	846192.31
2023/01/13	4.71	4.74	4.66	4.72	13111	61343.78
2023/01/16	4.68	4.77	4.68	4.71	26670	125829.02
2023/01/17	4.70	4.75	4.70	4.72	6528	30817.68
2023/01/18	4.77	4.77	4.75	4.75	17798	84600.50
2023/01/19	4.78	4.78	4.73	4.74	65360	310745.09
2023/01/20	4.75	4.78	4.67	4.78	76253	363014.28
2023/01/30	4.80	4.80	4.72	4.79	270348	1282425.88
2023/01/31	4.79	4.99	4.75	4.95	566402	2779061.50
2023/02/01	4.97	4.98	4.87	4.95	301664	1487891.13
2023/02/02	4.92	4.95	4.88	4.91	98123	481602.22
2023/02/03	4.92	4.98	4.89	4.92	167019	822004.31
2023/02/06	4.95	4.95	4.89	4.89	72709	356606.72
2023/02/07	4.93	4.93	4.86	4.92	68586	334615.75
2023/02/08	4.91	4.91	4.82	4.88	84927	411912.56
2023/02/09	4.84	4.90	4.82	4.87	129338	627039.50
2023/02/10	4.87	4.89	4.84	4.89	58122	282323.63
数据来源:通达信
