873223 荣亿精密 日线 不复权
      日期	    开盘	    最高	    最低	    收盘	    成交量	    成交额
2022/06/09	4.60	5.30	4.42	4.50	35006848	166988544.00
2022/06/10	3.97	4.06	3.72	3.82	17518989	67797928.00
2022/06/13	3.75	3.87	3.70	3.72	6877739	25856200.00
2022/06/14	3.71	3.71	3.57	3.65	5525774	20031124.00
2022/06/15	3.67	3.83	3.62	3.75	5754034	21493002.00
2022/06/16	3.73	3.77	3.68	3.73	3778977	14049491.00
2022/06/17	3.70	3.86	3.68	3.80	4182136	15788962.00
2022/06/20	3.80	3.84	3.76	3.81	3033828	11517365.00
2022/06/21	3.83	3.83	3.75	3.78	1615671	6110823.00
2022/06/22	3.77	3.78	3.70	3.72	1433940	5359653.00
2022/06/23	3.66	3.74	3.66	3.72	1355977	5016102.00
2022/06/24	3.72	3.75	3.68	3.71	1406617	5216233.50
2022/06/27	3.71	3.74	3.68	3.73	1811263	6718234.00
2022/06/28	3.74	4.48	3.72	4.32	14143031	58165832.00
2022/06/29	4.20	4.28	3.94	4.02	7703523	31491402.00
2022/06/30	4.02	4.07	3.95	3.98	3011142	11980034.00
2022/07/01	4.05	4.25	4.02	4.14	5165451	21501832.00
2022/07/04	4.16	4.18	3.99	4.05	3078739	12410298.00
2022/07/05	4.01	4.03	3.94	3.99	2828884	11258221.00
2022/07/06	4.00	4.00	3.90	3.94	1192817	4689775.00
2022/07/07	3.94	4.12	3.92	4.01	1515403	6073024.50
2022/07/08	4.09	4.09	3.95	3.96	1745490	6932209.50
2022/07/11	3.95	3.96	3.85	3.92	1830025	7132885.00
2022/07/12	3.92	3.94	3.86	3.90	872048	3390438.75
2022/07/13	3.87	3.89	3.80	3.85	1736920	6663318.50
2022/07/14	3.86	3.92	3.77	3.80	2824889	10803443.00
2022/07/15	3.82	3.82	3.70	3.74	1390649	5222708.50
2022/07/18	3.75	3.79	3.73	3.77	716647	2694925.00
2022/07/19	3.74	3.81	3.74	3.78	685207	2598055.50
2022/07/20	3.78	3.98	3.78	3.89	2221744	8668035.00
2022/07/21	3.86	3.95	3.84	3.88	1120899	4359118.50
2022/07/22	3.85	3.88	3.80	3.82	1340266	5143182.00
2022/07/25	3.80	3.84	3.80	3.81	593801	2264277.50
2022/07/26	3.81	3.90	3.70	3.89	2865796	10918525.00
2022/07/27	3.82	4.26	3.81	4.07	8143292	32984264.00
2022/07/28	4.08	4.10	3.93	3.96	3899667	15520179.00
2022/07/29	3.90	3.98	3.86	3.87	2357857	9182084.00
2022/08/01	3.84	3.96	3.84	3.95	2130474	8365114.50
2022/08/02	3.92	3.92	3.75	3.78	2652446	10135368.00
2022/08/03	3.80	3.84	3.73	3.77	1714041	6472934.50
2022/08/04	3.82	3.84	3.75	3.80	926122	3521076.75
2022/08/05	3.78	3.83	3.78	3.81	885577	3362169.75
2022/08/08	3.81	3.86	3.78	3.84	1290577	4927006.50
2022/08/09	3.82	3.85	3.80	3.83	935397	3581139.25
2022/08/10	3.83	3.97	3.82	3.95	3056238	11946929.00
2022/08/11	3.96	4.22	3.94	4.19	7341749	30171126.00
2022/08/12	4.19	4.24	4.01	4.02	4987036	20268146.00
2022/08/15	4.00	4.02	3.95	3.98	1522691	6049492.50
2022/08/16	4.00	4.03	3.95	3.98	1463270	5821626.00
2022/08/17	3.97	4.00	3.95	3.97	973310	3854715.25
2022/08/18	3.98	3.99	3.95	3.98	750865	2981002.75
2022/08/19	3.97	3.98	3.90	3.92	1194601	4699981.50
2022/08/22	3.86	3.96	3.86	3.92	559576	2191267.50
2022/08/23	3.89	3.92	3.87	3.92	501169	1950255.25
2022/08/24	3.89	3.89	3.82	3.84	1109483	4267813.00
2022/08/25	3.86	3.87	3.78	3.83	1048843	4017251.50
2022/08/26	3.86	3.86	3.80	3.84	924619	3538524.50
2022/08/29	3.79	3.84	3.79	3.82	748600	2858542.00
2022/08/30	3.83	3.83	3.79	3.82	499191	1900315.13
2022/08/31	3.80	3.82	3.76	3.82	757108	2860961.25
2022/09/01	3.78	3.84	3.78	3.79	440977	1678806.25
2022/09/02	3.86	3.86	3.78	3.81	582565	2212118.00
2022/09/05	3.85	3.88	3.79	3.81	1106026	4237118.50
2022/09/06	3.80	3.82	3.78	3.82	761815	2895844.75
2022/09/07	3.81	3.82	3.79	3.81	482411	1837123.88
2022/09/08	3.82	3.82	3.77	3.79	481902	1823895.25
2022/09/09	3.80	3.87	3.79	3.82	607021	2322889.25
2022/09/13	3.80	3.82	3.79	3.82	860181	3273583.00
2022/09/14	3.76	3.82	3.76	3.81	433879	1645057.25
2022/09/15	3.82	3.82	3.72	3.75	1182164	4436510.00
2022/09/16	3.77	4.38	3.75	4.20	13596789	55785452.00
2022/09/19	4.15	4.60	4.04	4.46	11343118	48831448.00
2022/09/20	4.31	4.51	4.16	4.35	7010578	30552254.00
2022/09/21	4.39	5.58	4.22	4.78	15172550	74205312.00
2022/09/22	4.80	5.42	4.71	4.91	11211373	56140224.00
2022/09/23	4.75	4.89	4.21	4.33	9353918	41995176.00
2022/09/26	4.27	4.70	4.23	4.49	7435930	33476532.00
2022/09/27	4.39	4.79	4.31	4.65	7031670	32424284.00
2022/09/28	4.76	4.76	4.38	4.42	4564253	20638566.00
2022/09/29	4.50	4.56	3.96	4.08	6226748	25926870.00
2022/09/30	4.08	4.08	3.84	3.84	4164499	16187675.00
2022/10/10	3.86	3.87	3.75	3.78	2548978	9653453.00
2022/10/11	3.81	3.99	3.77	3.93	3467865	13624613.00
2022/10/12	3.91	3.95	3.84	3.94	1829648	7117355.50
2022/10/13	3.96	3.96	3.87	3.90	1854928	7253001.00
2022/10/14	3.97	4.00	3.90	3.97	2464457	9710744.00
2022/10/17	3.95	3.95	3.87	3.92	2523842	9859287.00
2022/10/18	3.93	4.04	3.89	4.03	3615833	14287183.00
2022/10/19	4.01	4.02	3.91	3.94	2454711	9717933.00
2022/10/20	3.91	3.93	3.85	3.85	2454720	9541630.00
2022/10/21	3.88	3.90	3.81	3.86	1478219	5703343.00
2022/10/24	3.86	3.88	3.78	3.81	1609069	6162575.00
2022/10/25	3.82	3.83	3.75	3.81	1664338	6298849.00
2022/10/26	3.81	3.85	3.80	3.83	1317949	5041233.50
2022/10/27	3.77	3.82	3.76	3.78	1701216	6451557.50
2022/10/28	3.78	3.78	3.72	3.74	1872059	7017203.50
2022/10/31	3.76	3.77	3.70	3.74	898464	3353490.00
2022/11/01	3.76	3.80	3.71	3.79	961276	3604276.00
2022/11/02	3.82	3.83	3.76	3.82	1230395	4686150.50
2022/11/03	3.83	3.84	3.78	3.79	1110617	4215302.50
2022/11/04	3.79	3.83	3.77	3.82	1087934	4147043.75
2022/11/07	3.83	3.90	3.79	3.86	1733628	6678036.50
2022/11/08	3.87	3.87	3.81	3.83	848990	3255532.50
2022/11/09	3.84	3.84	3.80	3.82	886817	3381794.50
2022/11/10	3.80	3.83	3.80	3.81	630539	2401830.50
2022/11/11	3.84	3.95	3.82	3.86	2159831	8352987.50
2022/11/14	3.88	3.91	3.72	3.84	1005017	3852278.25
2022/11/15	3.85	3.85	3.83	3.85	1025600	3938161.25
2022/11/16	3.87	3.87	3.82	3.84	407578	1562567.50
2022/11/17	3.85	3.85	3.78	3.80	1038092	3944820.25
2022/11/18	3.83	3.83	3.77	3.79	624574	2366201.25
2022/11/21	3.86	3.90	3.84	3.88	2559540	9917453.00
2022/11/22	3.86	3.88	3.80	3.80	1907906	7321377.00
2022/11/23	3.80	3.82	3.75	3.78	1022477	3859108.25
2022/11/24	3.79	3.80	3.77	3.77	544398	2059120.00
2022/11/25	3.77	3.78	3.74	3.76	649858	2440744.25
2022/11/28	3.76	3.77	3.73	3.75	355812	1334803.25
2022/11/29	3.76	3.79	3.73	3.77	699415	2634695.50
2022/11/30	3.75	3.77	3.74	3.77	539451	2027014.50
2022/12/01	3.79	3.82	3.76	3.76	623627	2357546.75
2022/12/02	3.75	3.79	3.75	3.77	473191	1783124.50
2022/12/05	3.76	3.77	3.75	3.77	621152	2334336.25
2022/12/06	3.78	3.78	3.74	3.76	499904	1875987.50
2022/12/07	3.75	3.76	3.73	3.74	662483	2475384.75
2022/12/08	3.73	3.76	3.73	3.75	450512	1684212.00
2022/12/09	3.75	3.75	3.73	3.75	371942	1387969.75
2022/12/12	3.72	3.75	3.71	3.72	470233	1750192.75
2022/12/13	3.72	3.74	3.70	3.70	604408	2239777.00
2022/12/14	3.70	3.72	3.66	3.67	604199	2221076.50
2022/12/15	3.66	3.69	3.66	3.69	151452	556481.38
2022/12/16	3.69	3.69	3.56	3.61	730588	2643416.00
2022/12/19	3.57	3.58	3.49	3.50	733073	2588532.00
2022/12/20	3.50	3.51	3.43	3.46	421016	1455022.75
2022/12/21	3.44	3.47	3.40	3.40	320845	1100049.38
2022/12/22	3.40	3.43	3.33	3.34	732632	2470721.50
2022/12/23	3.34	3.37	3.30	3.33	391896	1305632.50
2022/12/26	3.29	3.35	3.29	3.33	217586	723736.69
2022/12/27	3.36	3.36	3.31	3.35	153587	511498.94
2022/12/28	3.33	3.36	3.26	3.27	452230	1491389.50
2022/12/29	3.27	3.27	3.19	3.19	843297	2713293.00
2022/12/30	3.19	3.23	3.18	3.21	332553	1064707.00
2023/01/03	3.20	3.22	3.20	3.22	493414	1585367.13
2023/01/04	3.22	3.24	3.20	3.23	620351	1997649.13
2023/01/05	3.24	3.24	3.20	3.20	666231	2150865.50
2023/01/06	3.22	3.24	3.22	3.22	502985	1625514.25
2023/01/09	3.22	3.24	3.20	3.23	483368	1557181.38
2023/01/10	3.20	3.24	3.18	3.18	419109	1341888.75
2023/01/11	3.20	3.21	3.18	3.19	477398	1525235.38
2023/01/12	3.20	3.21	3.18	3.20	268272	856923.13
2023/01/13	3.19	3.21	3.18	3.21	214002	684001.44
2023/01/16	3.19	3.23	3.19	3.23	245860	789137.88
2023/01/17	3.21	3.22	3.19	3.20	387647	1240793.50
2023/01/18	3.20	3.22	3.20	3.22	162112	520746.19
2023/01/19	3.21	3.24	3.21	3.22	517096	1665806.38
2023/01/20	3.24	3.29	3.22	3.28	661069	2153275.25
2023/01/30	3.30	3.33	3.30	3.31	730192	2420888.25
2023/01/31	3.32	3.60	3.32	3.55	3503787	12340257.00
2023/02/01	3.58	4.10	3.55	3.74	8204493	31401328.00
2023/02/02	3.73	3.73	3.50	3.64	4404836	15827981.00
2023/02/03	3.60	3.66	3.54	3.60	1879211	6723697.00
2023/02/06	3.55	3.55	3.46	3.46	1706420	5940455.50
2023/02/07	3.46	3.50	3.46	3.48	579044	2014826.25
2023/02/08	3.45	3.49	3.40	3.41	838844	2884627.75
2023/02/09	3.41	3.44	3.40	3.43	506057	1731058.50
2023/02/10	3.44	3.47	3.43	3.45	403054	1391541.00
数据来源:通达信
