837092 汉鑫科技 日线 不复权
      日期	    开盘	    最高	    最低	    收盘	    成交量	    成交额
2018/03/20	8.00	8.00	8.00	8.00	29000	232000.00
2018/03/21	8.60	8.60	8.60	8.60	21000	180600.00
2018/06/06	5.38	5.38	5.38	5.38	800000	2496000.00
2018/06/27	8.16	8.16	8.16	8.16	1000	8160.00
2020/01/07	10.00	10.00	10.00	10.00	600	6000.00
2020/01/22	13.77	13.77	13.77	13.77	1000	13770.00
2020/04/01	14.80	14.80	14.80	14.80	200	2960.00
2020/04/21	20.00	20.00	20.00	20.00	1000	20000.00
2020/04/24	10.00	15.00	10.00	15.00	1000	10532.00
2020/04/27	15.80	15.90	15.80	15.90	200	3170.00
2020/04/29	19.50	19.50	19.50	19.50	200	3900.00
2020/06/12	12.36	12.36	12.36	12.36	200	2472.00
2020/06/15	14.01	14.01	14.01	14.01	0	14.01
2020/06/16	18.80	18.80	18.80	18.80	200	3760.00
2020/06/17	18.80	18.80	18.80	18.80	100	3741.20
2020/06/24	18.80	18.80	18.80	18.80	100	3741.20
2020/07/10	19.00	19.00	19.00	19.00	300	5700.00
2020/08/21	25.00	25.00	25.00	25.00	200	5000.00
2021/11/15	30.55	51.70	30.55	37.80	7046700	280692672.00
2021/11/16	34.10	42.00	33.44	39.45	3519600	137681856.00
2021/11/17	37.60	39.83	33.58	34.30	2169900	77291008.00
2021/11/18	34.00	34.88	31.00	31.80	1610100	52269968.00
2021/11/19	32.10	32.28	30.11	30.60	875700	26884272.00
2021/11/22	30.88	32.30	30.35	32.10	920200	28896264.00
2021/11/23	32.60	34.88	31.99	33.69	1280400	42843524.00
2021/11/24	33.20	33.44	32.22	32.32	839900	27286502.00
2021/11/25	32.24	33.30	31.68	32.14	570700	18616580.00
2021/11/26	32.14	32.79	31.60	31.84	476300	15256639.00
2021/11/29	31.00	31.84	30.48	30.60	670800	20622916.00
2021/11/30	31.00	31.00	29.29	29.41	602500	18014518.00
2021/12/01	29.38	29.70	28.00	28.58	441300	12624713.00
2021/12/02	28.58	30.21	28.33	29.48	584200	17398710.00
2021/12/03	29.26	29.26	28.23	28.53	323700	9240890.00
2021/12/06	28.28	28.98	27.55	27.72	304900	8553508.00
2021/12/07	28.01	28.43	27.62	27.86	205700	5769423.50
2021/12/08	27.81	28.09	27.60	27.90	156900	4356678.00
2021/12/09	27.77	28.00	27.35	27.46	294200	8123431.00
2021/12/10	27.45	27.46	27.02	27.03	327800	8877641.00
2021/12/13	27.04	27.70	27.00	27.55	279400	7651809.00
2021/12/14	27.72	28.56	27.39	28.09	446600	12568196.00
2021/12/15	28.38	28.40	27.50	27.50	234500	6497022.50
2021/12/16	27.50	27.81	27.25	27.40	111600	3058499.25
2021/12/17	27.77	27.77	26.65	26.67	283200	7627845.00
2021/12/20	27.25	27.25	26.03	26.12	176100	4639757.50
2021/12/21	26.20	26.35	26.00	26.12	137200	3581439.75
2021/12/22	26.00	26.93	25.94	26.39	176500	4685968.50
2021/12/23	26.40	26.61	25.93	26.09	127800	3338209.25
2021/12/24	26.09	26.09	25.10	25.18	177700	4535702.50
2021/12/27	25.21	25.36	24.88	25.02	128400	3226293.50
2021/12/28	25.05	25.55	25.00	25.55	141700	3567681.50
2021/12/29	25.56	26.88	25.56	26.60	395900	10487264.00
2021/12/30	26.85	27.29	26.11	27.20	452300	12121892.00
2021/12/31	27.49	28.51	27.27	28.03	701300	19699894.00
2022/01/04	28.30	28.40	27.00	27.26	369900	10116938.00
2022/01/05	27.26	28.76	27.15	28.57	731300	20729232.00
2022/01/06	28.18	28.74	27.21	27.45	403100	11124304.00
2022/01/07	27.45	27.64	26.66	26.69	336100	9079269.00
2022/01/10	26.70	26.75	26.06	26.36	169307	4451472.00
2022/01/11	26.36	26.76	26.26	26.30	142292	3766786.00
2022/01/12	26.30	26.50	26.06	26.37	102295	2687854.50
2022/01/13	26.46	27.58	26.46	26.88	357997	9756726.00
2022/01/14	26.80	26.80	26.20	26.38	187054	4921620.50
2022/01/17	26.70	28.38	26.30	28.15	598333	16617080.00
2022/01/18	28.90	29.95	27.21	27.78	670760	19251774.00
2022/01/19	27.30	30.79	27.25	30.71	1424541	41978640.00
2022/01/20	30.80	36.36	29.73	34.93	2679978	89330504.00
2022/01/21	33.20	35.20	31.78	32.25	1232939	41064832.00
2022/01/24	32.00	32.01	29.27	29.28	813087	24712900.00
2022/01/25	29.33	30.20	28.20	28.39	527979	15334883.00
2022/01/26	28.60	29.80	28.19	28.87	402757	11650143.00
2022/01/27	28.70	29.18	26.66	26.97	631335	17326866.00
2022/01/28	27.20	27.75	26.66	26.75	335839	9128183.00
2022/02/07	27.50	27.69	25.50	26.92	207393	5605519.00
2022/02/08	26.84	27.83	26.84	27.27	218030	5946289.00
2022/02/09	27.33	28.97	27.18	28.15	319276	8934177.00
2022/02/10	28.15	28.35	27.10	27.12	275155	7535817.00
2022/02/11	27.14	27.37	24.61	25.25	560198	14266825.00
2022/02/14	25.00	25.10	24.66	24.68	186798	4630071.50
2022/02/15	24.69	25.08	24.50	24.96	102792	2556009.00
2022/02/16	25.20	25.76	24.90	24.98	133693	3367446.00
2022/02/17	25.01	26.06	24.60	25.88	370240	9390393.00
2022/02/18	25.88	26.18	25.33	26.17	176823	4586766.50
2022/02/21	25.72	27.50	25.72	27.12	296561	8066739.00
2022/02/22	27.01	27.40	25.70	25.78	222441	5843018.50
2022/02/23	26.10	26.30	25.75	25.95	169635	4404725.50
2022/02/24	25.70	26.19	24.68	25.00	248368	6272391.00
2022/02/25	25.20	25.49	24.80	25.00	119593	3000322.50
2022/02/28	24.97	24.97	24.50	24.74	143356	3539646.25
2022/03/01	25.18	25.29	24.95	25.04	95701	2405450.25
2022/03/02	25.04	25.05	24.72	25.04	88059	2193067.50
2022/03/03	25.00	25.18	24.62	24.70	208717	5192684.00
2022/03/04	24.66	24.80	24.50	24.59	90798	2230721.75
2022/03/07	24.59	24.59	24.10	24.16	150498	3647568.50
2022/03/08	24.18	24.18	23.19	23.30	140100	3296931.50
2022/03/09	24.00	24.00	22.31	23.20	143317	3284984.50
2022/03/10	23.38	23.80	23.36	23.37	92093	2158726.25
2022/03/11	23.36	23.36	22.30	22.60	192086	4320406.50
2022/03/14	22.62	22.64	22.02	22.15	80176	1794819.50
2022/03/15	22.03	22.05	21.00	21.01	148470	3174880.75
2022/03/16	21.30	21.30	20.10	20.99	125838	2616390.75
2022/03/17	21.60	24.18	21.12	23.13	512689	11740361.00
2022/03/18	23.12	23.64	22.49	23.04	265303	6143335.50
2022/03/21	22.78	23.40	22.28	22.59	106860	2431793.00
2022/03/22	22.30	22.75	22.30	22.33	60289	1349293.25
2022/03/23	22.53	22.97	22.32	22.59	52592	1181057.75
2022/03/24	22.32	22.32	21.59	21.87	167955	3697709.50
2022/03/25	21.86	21.86	21.21	21.33	94026	2016708.38
2022/03/28	21.11	21.52	20.98	21.04	65893	1389851.88
2022/03/29	21.13	21.53	21.04	21.27	83164	1773748.50
2022/03/30	21.27	21.52	20.61	21.42	118781	2527447.75
2022/03/31	21.44	21.45	20.82	21.33	82917	1748915.00
2022/04/01	21.40	22.60	21.28	22.12	268550	5941713.50
2022/04/06	22.30	22.38	22.02	22.27	76868	1702262.50
2022/04/07	22.11	22.12	21.52	21.53	94135	2058428.88
2022/04/08	21.66	21.80	21.18	21.67	88663	1910781.25
2022/04/11	21.41	21.41	20.50	20.68	105612	2196230.25
2022/04/12	20.68	20.97	20.50	20.96	71713	1484854.75
2022/04/13	20.91	20.91	20.30	20.39	60740	1243436.50
2022/04/14	20.35	20.52	20.20	20.49	63568	1290933.00
2022/04/15	20.19	20.35	20.00	20.06	73918	1486239.75
2022/04/18	20.10	20.10	19.38	19.99	126382	2490657.50
2022/04/19	20.15	20.16	19.54	19.79	66824	1319072.00
2022/04/20	19.00	19.80	18.91	18.91	218346	4171130.50
2022/04/21	18.97	18.97	17.91	18.05	198055	3653327.50
2022/04/22	17.73	17.95	17.28	17.30	140474	2453620.75
2022/04/25	17.02	17.02	16.17	16.40	147906	2444567.25
2022/04/26	16.46	16.46	15.26	15.28	117782	1848387.25
2022/04/27	15.28	15.47	14.70	15.45	113260	1705721.00
2022/04/28	15.38	15.38	14.33	14.38	156455	2307492.25
2022/04/29	14.46	15.00	14.11	14.99	271919	3943464.00
2022/05/05	14.52	14.84	14.23	14.70	194745	2834965.25
2022/05/06	14.58	14.65	14.16	14.31	97528	1409729.00
2022/05/09	14.26	14.40	14.04	14.31	123083	1747515.75
2022/05/10	14.12	14.42	14.10	14.42	111675	1598375.63
2022/05/11	14.39	14.85	14.39	14.60	210476	3089109.50
2022/05/12	14.76	14.76	14.30	14.51	72270	1050252.38
2022/05/13	14.53	15.48	14.51	15.08	193773	2903391.00
2022/05/16	15.08	15.20	14.98	15.19	144083	2171576.50
2022/05/17	15.19	15.20	14.85	15.05	115264	1729806.13
2022/05/18	15.00	15.20	14.85	15.09	42247	635421.94
2022/05/19	15.03	15.03	14.50	14.95	81595	1205058.63
2022/05/20	14.99	15.18	14.85	15.07	33378	499928.56
2022/05/23	14.89	15.02	14.88	14.96	48914	730352.38
2022/05/24	14.88	15.20	14.56	14.70	75768	1131083.88
2022/05/25	14.70	14.79	14.50	14.69	18966	279102.88
2022/05/26	14.96	15.95	14.89	15.79	335281	5214665.50
2022/05/27	15.32	15.77	15.32	15.57	140683	2188865.00
2022/05/30	15.57	15.64	14.76	14.87	233157	3492228.25
2022/05/31	15.03	15.03	14.70	14.93	44331	656421.94
2022/06/01	14.83	14.96	14.80	14.96	40179	598749.81
2022/06/02	14.94	15.31	14.92	15.18	83004	1249653.63
2022/06/06	15.16	15.50	15.08	15.47	127742	1959956.38
2022/06/07	15.48	15.64	15.40	15.50	88820	1377301.50
2022/06/08	15.40	15.76	15.40	15.70	110791	1730972.75
2022/06/09	15.77	15.77	15.41	15.53	99119	1543814.50
2022/06/10	15.80	15.80	15.36	15.54	50515	786590.56
2022/06/13	15.32	15.68	15.32	15.40	41607	645901.75
2022/06/14	15.34	15.45	15.01	15.45	54006	824100.19
2022/06/15	15.40	15.58	15.31	15.48	60311	931744.38
2022/06/16	15.88	16.28	15.30	15.71	56221	881441.56
2022/06/17	15.79	15.79	15.61	15.69	91019	1430437.13
2022/06/20	15.78	15.78	15.56	15.58	19065	298147.03
2022/06/21	15.80	15.80	15.35	15.52	31150	482353.97
2022/06/22	15.79	15.79	15.35	15.36	62303	959822.88
2022/06/23	15.70	15.70	15.43	15.60	43938	681290.69
2022/06/24	15.71	15.71	15.60	15.70	62160	971346.38
2022/06/27	15.78	15.79	15.60	15.68	72346	1135783.75
2022/06/28	15.64	17.97	15.64	17.97	451728	7638961.50
2022/06/29	17.80	17.80	17.16	17.35	158762	2764262.00
2022/06/30	17.36	18.20	17.04	18.20	220888	3914113.75
2022/07/01	18.15	18.15	17.72	18.13	157127	2830936.00
2022/07/04	18.17	18.36	17.76	17.76	102261	1841624.25
2022/07/05	17.77	18.08	17.62	17.83	59458	1061115.63
2022/07/06	17.84	18.14	17.62	18.14	72593	1297423.25
2022/07/07	18.00	18.20	17.73	17.98	38027	683597.75
2022/07/08	17.98	18.05	17.70	17.99	54989	980652.94
2022/07/11	17.98	17.98	17.40	17.75	60436	1060152.75
2022/07/12	17.50	17.67	17.05	17.34	66895	1152608.38
2022/07/13	17.34	17.34	16.96	17.14	45196	769842.31
2022/07/14	16.90	17.18	16.80	17.11	73864	1251482.50
2022/07/15	16.90	17.07	16.75	16.92	36292	609550.63
2022/07/18	16.75	16.98	16.74	16.90	44922	754111.69
2022/07/19	16.90	16.90	16.50	16.50	71296	1185700.50
2022/07/20	16.50	16.67	16.38	16.51	69035	1136756.88
2022/07/21	16.51	16.51	16.22	16.39	58267	955009.44
2022/07/22	16.38	16.54	16.15	16.34	49331	799613.44
2022/07/25	16.37	16.37	15.95	16.15	24800	399877.53
2022/07/26	16.15	16.15	15.72	16.00	36469	579801.25
2022/07/27	16.14	16.14	15.81	16.00	52858	846523.69
2022/07/28	15.95	16.33	15.95	16.27	49509	798838.75
2022/07/29	16.04	16.49	16.04	16.49	68350	1120753.50
2022/08/01	16.20	16.51	16.20	16.50	34871	573869.81
2022/08/02	16.50	16.50	15.00	15.41	180938	2848794.75
2022/08/03	15.42	15.70	15.30	15.63	52661	812123.69
2022/08/04	15.59	15.59	15.00	15.48	34432	530707.69
2022/08/05	15.18	15.98	15.18	15.85	147088	2306425.50
2022/08/08	15.50	15.93	15.40	15.79	77607	1213656.63
2022/08/09	15.80	16.19	15.70	16.19	52533	832370.56
2022/08/10	16.15	16.45	15.85	16.00	142738	2293729.50
2022/08/11	16.02	16.30	15.95	16.12	283853	4564889.50
2022/08/12	16.23	16.23	15.89	16.02	70362	1123847.50
2022/08/15	16.03	16.10	15.80	16.09	82537	1316906.00
2022/08/16	16.22	16.22	15.90	16.02	144968	2311429.00
2022/08/17	16.04	16.04	15.82	15.99	32317	514324.53
2022/08/18	15.99	16.00	15.31	15.93	48001	761482.88
2022/08/19	15.93	15.93	15.70	15.91	56081	883502.75
2022/08/22	15.91	15.91	15.50	15.76	29706	467504.56
2022/08/23	15.74	15.74	15.51	15.73	62072	967231.38
2022/08/24	15.58	15.59	15.11	15.12	62570	958126.00
2022/08/25	15.11	15.16	14.73	15.02	74410	1113171.38
2022/08/26	14.82	14.98	14.73	14.88	38053	567003.88
2022/08/29	14.87	14.93	14.64	14.92	32121	474515.13
2022/08/30	14.88	15.17	14.88	15.06	61432	923584.88
2022/08/31	15.20	15.29	14.73	15.04	65510	980405.50
2022/09/01	14.81	15.20	14.81	14.90	53219	798779.81
2022/09/02	14.80	15.10	14.80	15.02	29100	436663.66
2022/09/05	15.09	15.18	14.80	14.88	42315	632669.00
2022/09/06	15.02	15.10	14.71	14.91	35690	532407.44
2022/09/07	15.04	15.04	14.86	14.99	12080	179942.33
2022/09/08	15.16	15.16	14.88	15.00	6447	96268.30
2022/09/09	14.89	14.97	14.67	14.96	33663	497208.66
2022/09/13	14.96	14.96	14.80	14.88	6166	91670.42
2022/09/14	14.53	14.88	14.51	14.71	37527	546852.25
2022/09/15	14.71	14.74	14.25	14.55	72665	1047934.56
2022/09/16	14.59	15.25	14.41	15.07	168967	2512008.75
2022/09/19	14.99	15.13	14.73	14.87	92717	1382062.75
2022/09/20	14.86	15.07	14.68	14.99	63015	939079.31
2022/09/21	15.05	16.19	15.01	16.09	411951	6477274.00
2022/09/22	15.81	16.14	15.62	15.76	181210	2873251.50
2022/09/23	15.70	15.75	14.31	15.12	120294	1837765.00
2022/09/26	15.00	15.00	14.42	14.43	110294	1606834.25
2022/09/27	14.40	14.60	14.20	14.53	189926	2723822.25
2022/09/28	14.32	14.38	14.19	14.30	81041	1155250.25
2022/09/29	14.30	14.40	13.80	14.29	71538	1015676.81
2022/09/30	14.30	14.35	13.80	14.03	20971	296535.63
2022/10/10	14.03	14.29	13.91	14.12	49905	704016.50
2022/10/11	13.86	14.19	13.86	14.15	35391	498657.09
2022/10/12	14.14	14.27	14.00	14.22	65316	924210.69
2022/10/13	14.29	14.67	14.09	14.50	88046	1260024.25
2022/10/14	14.33	14.54	14.21	14.53	108746	1567192.75
2022/10/17	14.37	14.50	14.35	14.50	89290	1285220.50
2022/10/18	14.68	14.68	14.37	14.46	22435	324507.44
2022/10/19	14.46	14.46	14.20	14.22	48830	697509.38
2022/10/20	14.36	14.36	14.11	14.22	46140	652333.81
2022/10/21	14.13	14.32	14.12	14.24	62133	878266.31
2022/10/24	14.37	14.37	14.01	14.18	73714	1040311.75
2022/10/25	14.36	14.36	13.85	14.03	59733	831766.56
2022/10/26	14.07	14.18	13.90	14.13	50096	704791.81
2022/10/27	14.20	14.20	13.96	14.13	19307	270726.97
2022/10/28	14.12	14.13	13.80	14.04	58395	809109.00
2022/10/31	13.29	13.70	12.80	13.47	190602	2524642.50
2022/11/01	13.47	13.51	13.26	13.49	80624	1082926.88
2022/11/02	13.52	13.62	13.36	13.59	65122	880812.56
2022/11/03	13.25	13.89	13.22	13.65	59670	810705.69
2022/11/04	13.60	13.80	13.60	13.62	36573	500410.28
2022/11/07	13.87	14.14	13.83	14.10	105062	1471919.25
2022/11/08	13.97	13.99	13.66	13.94	63064	873003.81
2022/11/09	13.94	13.94	13.54	13.60	63692	868305.38
2022/11/10	13.65	13.73	13.50	13.72	38681	527322.69
2022/11/11	13.72	13.80	13.61	13.77	83315	1141375.88
2022/11/14	13.78	14.00	13.78	13.95	49916	692097.56
2022/11/15	13.94	14.16	13.83	14.09	72127	1002503.50
2022/11/16	13.85	14.13	13.85	14.10	43706	612597.94
2022/11/17	14.17	14.17	13.85	14.09	33235	463539.16
2022/11/18	14.07	14.07	13.88	14.02	36802	513240.72
2022/11/21	14.30	14.40	14.11	14.24	121785	1737622.00
2022/11/22	14.28	14.28	14.10	14.11	91457	1298971.00
2022/11/23	14.10	14.15	13.92	14.10	45914	644872.44
2022/11/24	14.10	14.10	13.83	13.98	24138	336133.88
2022/11/25	13.97	14.01	13.80	13.80	20119	279743.56
2022/11/28	13.98	13.98	13.58	13.90	25133	346767.09
2022/11/29	13.89	13.90	13.70	13.83	33844	466987.63
2022/11/30	13.69	13.91	13.69	13.90	16400	226852.73
2022/12/01	13.90	13.93	13.72	13.93	51898	719184.00
2022/12/02	13.93	13.96	13.91	13.95	10400	144961.27
2022/12/05	13.84	13.99	13.84	13.96	12800	177940.00
2022/12/06	13.95	13.96	13.81	13.93	8800	122479.00
2022/12/07	13.82	13.88	13.80	13.80	17696	244507.80
2022/12/08	13.87	13.87	13.65	13.81	21049	289669.72
2022/12/09	13.69	13.84	13.60	13.82	23128	318605.41
2022/12/12	13.82	13.82	13.63	13.68	13550	185212.48
2022/12/13	13.65	13.75	13.65	13.73	7586	103950.88
2022/12/14	13.73	13.78	13.65	13.75	4947	67850.74
2022/12/15	13.79	13.95	13.68	13.91	12924	178454.73
2022/12/16	13.71	13.89	13.71	13.86	10812	149516.86
2022/12/19	13.66	13.87	13.66	13.66	18419	253077.14
2022/12/20	13.78	13.78	13.68	13.77	4252	58494.76
2022/12/21	13.62	13.62	13.43	13.58	42873	580193.94
2022/12/22	13.48	13.69	13.33	13.58	28375	382784.78
2022/12/23	13.50	13.50	13.29	13.42	11724	156922.13
2022/12/26	13.30	13.54	13.20	13.44	13129	174782.30
2022/12/27	13.24	13.80	13.20	13.78	16802	226933.80
2022/12/28	13.51	13.69	13.51	13.53	8008	108929.20
2022/12/29	13.50	13.65	13.50	13.65	7248	98493.24
2022/12/30	13.71	13.71	13.54	13.70	4500	61629.24
2023/01/03	13.65	13.74	13.65	13.74	19976	273672.59
2023/01/04	13.55	13.77	13.55	13.77	25979	356115.84
2023/01/05	13.63	13.77	13.58	13.77	26891	366683.09
2023/01/06	13.74	13.74	13.62	13.71	11187	153037.05
2023/01/09	13.77	13.77	13.56	13.76	21525	294184.78
2023/01/10	13.74	13.74	13.56	13.74	29538	403475.28
2023/01/11	13.76	13.76	13.64	13.73	10821	148364.61
2023/01/12	13.74	13.74	13.62	13.73	11515	157531.28
2023/01/13	13.76	13.77	13.64	13.71	12437	170357.16
2023/01/16	13.76	14.39	13.76	14.24	54044	758387.13
2023/01/17	14.03	14.18	14.02	14.03	7023	98747.63
2023/01/18	14.20	14.23	14.02	14.15	21958	308629.34
2023/01/19	14.01	14.21	14.01	14.20	21545	304856.41
2023/01/20	14.08	14.24	14.07	14.20	26556	376537.81
2023/01/30	14.22	14.27	14.13	14.25	68192	968998.19
2023/01/31	14.10	15.18	14.06	15.16	296859	4390973.00
2023/02/01	15.18	15.67	14.87	15.49	191845	2901002.25
2023/02/02	15.47	15.48	14.90	15.43	158701	2400655.75
2023/02/03	15.20	15.50	15.02	15.39	201860	3074635.75
2023/02/06	15.20	15.39	15.06	15.38	69564	1057558.75
2023/02/07	15.35	15.36	15.25	15.30	24830	379748.03
2023/02/08	15.34	15.34	15.02	15.16	44121	670272.31
2023/02/09	15.02	15.22	15.02	15.12	37195	562644.63
2023/02/10	15.08	15.24	15.02	15.04	28348	427375.41
数据来源:通达信
