836433 大唐药业 日线 不复权
      日期	    开盘	    最高	    最低	    收盘	    成交量	    成交额
2018/03/27	6.10	6.20	6.10	6.20	3000	18500.00
2018/03/28	6.21	7.00	6.21	7.00	3000	20010.00
2018/03/30	7.00	7.00	7.00	7.00	3000	21000.00
2018/04/03	7.00	7.00	7.00	7.00	2000	14000.00
2018/04/09	7.00	7.01	7.00	7.00	23000	161020.00
2018/04/10	7.00	7.00	7.00	7.00	4000	28000.00
2018/04/11	7.00	7.00	7.00	7.00	17000	119000.00
2018/04/12	7.00	7.00	7.00	7.00	10000	70000.00
2018/04/13	7.00	7.00	7.00	7.00	7000	49000.00
2018/04/17	7.00	7.00	7.00	7.00	1000	7000.00
2018/04/23	7.00	7.00	7.00	7.00	13000	91000.00
2018/04/24	7.00	7.00	7.00	7.00	1000	7000.00
2018/04/27	7.00	7.00	7.00	7.00	1000	7000.00
2018/05/22	6.00	6.00	6.00	6.00	5000	30000.00
2018/06/06	7.00	7.00	7.00	7.00	3000	21000.00
2018/06/11	7.00	7.00	7.00	7.00	2000	14000.00
2018/06/21	7.00	7.00	7.00	7.00	5000	35000.00
2018/06/28	7.00	7.00	7.00	7.00	7000	49000.00
2018/06/29	7.00	7.00	7.00	7.00	8000	56000.00
2018/08/17	7.30	7.71	7.30	7.71	11500	84570.00
2018/08/20	7.30	7.71	7.30	7.71	2100	15715.50
2018/08/31	7.71	7.71	7.71	7.71	52000	400920.00
2018/11/12	4.04	4.04	4.02	4.02	7000	28278.60
2018/11/19	4.04	4.04	4.04	4.04	3400	13998.60
2019/04/19	4.04	4.04	4.04	4.04	8000	32320.00
2019/04/22	6.00	6.00	6.00	6.00	1000	6000.00
2019/04/23	7.00	7.00	7.00	7.00	11000	77000.00
2019/04/24	7.00	7.00	7.00	7.00	16000	112000.00
2019/04/26	10.00	10.00	10.00	10.00	2000	20000.00
2019/04/29	11.99	11.99	11.99	11.99	3000	35970.00
2019/07/01	7.00	7.00	6.00	6.00	25400	176800.00
2019/07/04	6.00	6.00	6.00	6.00	2000	12000.00
2019/07/05	6.00	6.00	6.00	6.00	4000	24000.00
2019/12/04	5.50	5.50	5.50	5.50	3000	16500.00
2019/12/25	5.51	5.51	5.51	5.51	7000	38570.00
2019/12/30	5.58	5.58	5.58	5.58	2000	11160.00
2020/01/06	8.00	8.00	8.00	8.00	3000	24000.00
2020/01/23	5.55	5.55	5.55	5.55	30000	166500.00
2020/02/03	5.55	5.55	5.55	5.55	80000	444000.00
2020/02/04	6.00	6.00	6.00	6.00	21000	126000.00
2020/02/05	6.78	6.78	6.78	6.78	1000	6780.00
2020/02/06	6.75	6.75	6.75	6.75	1000	6750.00
2020/02/07	6.75	6.75	6.75	6.75	5000	33750.00
2020/02/21	6.74	6.74	6.13	6.13	2000	12870.00
2020/02/25	5.60	5.84	5.60	5.84	2000	11440.00
2020/03/02	6.10	6.25	6.10	6.20	77000	470750.00
2020/03/03	6.20	6.25	6.20	6.25	21000	131200.00
2020/03/04	6.30	6.35	6.30	6.35	14000	88400.00
2020/03/27	6.35	6.35	6.35	6.35	1000	6350.00
2020/04/07	6.35	6.60	6.35	6.60	5000	32750.00
2020/04/08	7.00	7.00	7.00	7.00	4000	28000.00
2020/04/09	7.00	7.00	6.99	7.00	4600	32859.01
2020/04/10	7.00	7.74	6.92	7.22	7100	50810.00
2020/04/13	7.30	7.40	7.30	7.40	23300	170420.00
2020/04/14	7.35	7.70	7.35	7.70	14400	109606.00
2020/04/15	8.01	8.01	7.65	7.98	8300	66690.20
2020/04/16	7.98	8.00	7.98	8.00	16100	129240.00
2020/04/17	8.07	8.80	8.07	8.80	9600	79390.00
2020/04/20	8.20	9.90	8.20	9.01	32100	288336.97
2020/04/21	9.00	10.10	9.00	10.10	31900	307303.44
2020/04/22	15.00	15.00	15.00	15.00	1200	18000.00
2020/04/23	11.00	11.35	11.00	11.31	4100	46310.00
2020/04/24	11.10	11.10	11.10	11.10	11000	122100.00
2020/04/27	12.00	12.00	11.88	11.90	5400	64622.00
2020/04/28	11.01	11.78	11.01	11.78	2500	27910.00
2020/04/29	11.80	11.80	11.80	11.80	5000	59000.00
2020/04/30	14.95	14.95	14.00	14.00	1200	16971.00
2020/05/06	11.88	11.88	11.80	11.80	8700	103865.00
2020/05/07	14.18	14.18	11.00	11.01	3600	39933.00
2020/05/08	11.19	11.19	11.09	11.09	4900	54467.54
2020/05/11	10.26	10.26	10.04	10.04	8500	86816.00
2020/05/12	10.96	10.96	9.60	9.60	1000	9995.20
2020/05/13	9.60	9.70	9.60	9.70	7100	68964.80
2020/05/14	9.68	9.70	9.68	9.70	4500	43764.00
2020/05/15	9.60	9.60	9.60	9.60	5000	48000.00
2020/05/18	9.60	9.60	9.60	9.60	3200	31584.00
2020/05/19	12.40	12.40	12.40	12.40	100	1240.00
2020/05/21	11.20	11.20	11.20	11.20	100	1120.00
2020/05/22	10.00	10.00	10.00	10.00	3500	35000.00
2020/07/27	9.00	9.45	5.93	7.00	6460100	49921056.00
2020/07/28	7.00	7.50	6.72	7.42	2546700	18101680.00
2020/07/29	7.43	8.26	7.42	8.20	4768500	38491612.00
2020/07/30	8.25	8.32	8.06	8.14	3681700	30263614.00
2020/07/31	8.20	8.23	8.05	8.20	1474800	12040329.00
2020/08/03	8.24	8.69	8.21	8.53	4630500	38799544.00
2020/08/04	8.44	8.76	8.29	8.30	3547100	30289340.00
2020/08/05	8.28	8.48	8.10	8.14	1655600	13633275.00
2020/08/06	8.28	8.28	7.83	7.96	1208000	9615504.00
2020/08/07	7.93	7.98	7.51	7.73	1313200	10145957.00
2020/08/10	7.73	7.99	7.63	7.79	502400	3941484.25
2020/08/11	7.79	7.89	7.54	7.60	734500	5635316.00
2020/08/12	7.62	7.62	7.34	7.45	504400	3749321.75
2020/08/13	7.46	7.58	7.46	7.48	278100	2087767.13
2020/08/14	7.55	7.55	7.30	7.40	779600	5747459.50
2020/08/17	7.48	7.48	7.30	7.40	562600	4142396.25
2020/08/18	7.45	7.46	7.28	7.31	626700	4589163.00
2020/08/19	7.29	7.34	7.15	7.16	1044000	7535788.50
2020/08/20	7.14	7.20	7.03	7.10	514300	3657747.75
2020/08/21	7.11	7.15	7.00	7.03	605000	4260484.50
2020/08/24	7.00	7.06	6.88	6.88	862500	5982096.00
2020/08/25	6.88	6.95	6.84	6.84	348000	2394234.75
2020/08/26	6.86	7.34	6.86	6.94	912400	6450066.00
2020/08/27	6.95	6.98	6.89	6.93	476400	3299725.75
2020/08/28	6.93	7.05	6.93	7.03	235100	1646797.88
2020/08/31	7.03	7.13	7.03	7.07	200300	1413860.88
2020/09/01	7.02	7.06	6.99	7.03	255900	1793621.50
2020/09/02	7.08	7.08	6.90	6.94	503100	3497219.00
2020/09/03	6.89	6.96	6.88	6.90	240900	1664019.13
2020/09/04	6.86	6.89	6.84	6.87	192600	1320717.75
2020/09/07	6.87	6.87	6.78	6.80	252900	1725866.00
2020/09/08	6.86	6.86	6.78	6.79	176200	1197351.25
2020/09/09	6.77	6.80	6.66	6.66	338700	2274067.00
2020/09/10	6.66	6.71	6.45	6.55	249200	1642065.13
2020/09/11	6.50	6.65	6.50	6.60	135600	885135.94
2020/09/14	6.63	6.74	6.63	6.68	147100	981457.50
2020/09/15	6.61	6.71	6.60	6.70	180700	1201187.25
2020/09/16	6.65	6.68	6.62	6.66	56700	377104.84
2020/09/17	6.66	6.69	6.60	6.66	60400	401303.63
2020/09/18	6.60	6.70	6.59	6.69	106300	704576.50
2020/09/21	6.63	6.85	6.63	6.70	112700	754325.44
2020/09/22	6.64	6.77	6.62	6.71	129000	862220.88
2020/09/23	6.65	6.70	6.64	6.68	46700	311621.00
2020/09/24	6.66	6.66	6.42	6.42	257900	1679030.38
2020/09/25	6.42	6.49	6.40	6.45	132800	852447.75
2020/09/28	6.42	6.48	6.35	6.38	106300	680241.81
2020/09/29	6.36	6.47	6.36	6.41	78600	504404.31
2020/09/30	6.38	6.49	6.38	6.47	59200	382484.84
2020/10/09	6.45	6.68	6.45	6.68	116900	772139.31
2020/10/12	6.70	6.87	6.70	6.87	382200	2597342.50
2020/10/13	6.89	7.04	6.87	7.03	476100	3311754.25
2020/10/14	7.03	7.17	6.99	7.12	713600	5067853.50
2020/10/15	7.15	7.20	6.96	6.98	268600	1898551.00
2020/10/16	6.98	7.00	6.92	6.97	123500	857553.69
2020/10/19	6.96	7.13	6.96	7.05	260800	1840685.00
2020/10/20	6.98	7.06	6.97	7.01	97400	681639.75
2020/10/21	6.98	7.06	6.94	7.03	98000	682963.63
2020/10/22	7.03	7.07	6.95	7.02	113700	794592.31
2020/10/23	6.97	7.07	6.97	7.00	97800	684569.69
2020/10/26	6.94	6.99	6.85	6.90	79800	552515.63
2020/10/27	6.90	6.98	6.70	6.83	143200	970155.63
2020/10/28	6.83	6.83	6.76	6.82	160400	1087835.50
2020/10/29	6.78	6.79	6.73	6.75	80900	547348.94
2020/10/30	6.73	6.82	6.65	6.66	99500	666090.06
2020/11/02	6.62	6.67	6.46	6.58	180200	1182177.13
2020/11/03	6.51	6.61	6.51	6.58	322900	2113758.00
2020/11/04	6.58	6.60	6.50	6.57	148400	969072.38
2020/11/05	6.53	6.62	6.53	6.58	148100	975320.44
2020/11/06	6.60	6.60	6.53	6.59	99300	651930.56
2020/11/09	6.59	6.59	6.53	6.58	325800	2138698.25
2020/11/10	6.54	6.59	6.45	6.47	262600	1710471.50
2020/11/11	6.46	6.48	6.34	6.41	256100	1638137.50
2020/11/12	6.40	6.40	6.35	6.36	178200	1132882.75
2020/11/13	6.34	6.36	6.33	6.35	126700	803427.81
2020/11/16	6.44	6.44	6.32	6.36	155000	984816.81
2020/11/17	6.33	6.36	6.31	6.36	91200	577685.81
2020/11/18	6.32	6.40	6.32	6.38	97000	617242.06
2020/11/19	6.34	6.43	6.34	6.43	105400	674522.94
2020/11/20	6.45	6.45	6.33	6.41	201700	1282534.88
2020/11/23	6.35	6.41	6.32	6.38	119000	756108.56
2020/11/24	6.35	6.38	6.33	6.37	114500	727430.44
2020/11/25	6.35	6.37	6.31	6.35	118100	747527.63
2020/11/26	6.35	6.36	6.29	6.31	91400	577109.13
2020/11/27	6.33	6.34	6.26	6.32	132300	830899.63
2020/11/30	6.45	6.54	6.42	6.43	469400	3040688.75
2020/12/01	6.45	6.68	6.43	6.67	680900	4475878.00
2020/12/02	6.65	6.70	6.58	6.59	324700	2146444.50
2020/12/03	6.55	6.62	6.45	6.48	131700	861289.25
2020/12/04	6.48	6.55	6.43	6.53	291200	1892330.50
2020/12/07	6.50	6.59	6.50	6.53	133100	872935.63
2020/12/08	6.51	6.56	6.42	6.46	116500	752887.88
2020/12/09	6.46	6.47	6.34	6.34	90500	578111.88
2020/12/10	6.34	6.38	6.31	6.34	113800	720547.75
2020/12/11	6.33	6.33	6.20	6.25	119900	752838.19
2020/12/14	6.22	6.30	6.22	6.26	45900	288574.94
2020/12/15	6.26	6.30	6.23	6.24	43400	272227.03
2020/12/16	6.24	6.34	6.23	6.23	74700	466004.25
2020/12/17	6.22	6.32	6.22	6.28	125600	789232.00
2020/12/18	6.27	6.40	6.27	6.33	127100	807887.19
2020/12/21	6.29	6.45	6.27	6.43	120300	769988.19
2020/12/22	6.28	6.47	6.28	6.30	117500	750083.44
2020/12/23	6.44	6.44	6.20	6.23	138900	868594.00
2020/12/24	6.25	6.29	6.18	6.19	152200	945717.44
2020/12/25	6.19	6.27	6.10	6.21	81800	507162.16
2020/12/28	6.17	6.21	6.11	6.11	105700	652849.50
2020/12/29	6.11	6.15	6.08	6.13	103700	633699.69
2020/12/30	6.10	6.20	6.10	6.13	27500	168820.41
2020/12/31	6.12	6.24	6.10	6.15	81800	501586.97
2021/01/04	6.15	6.15	6.12	6.14	92200	564967.38
2021/01/05	6.13	6.13	6.06	6.11	168400	1024116.94
2021/01/06	6.11	6.11	6.00	6.02	230300	1389159.88
2021/01/07	6.02	6.02	5.86	5.91	262300	1549881.13
2021/01/08	5.83	5.84	5.70	5.73	262900	1516024.50
2021/01/11	5.71	5.88	5.28	5.29	358800	1981651.38
2021/01/12	5.31	5.32	5.12	5.18	400500	2078339.38
2021/01/13	5.28	5.28	5.09	5.15	149200	767232.69
2021/01/14	5.14	5.16	5.11	5.16	109600	564673.06
2021/01/15	5.17	5.20	5.12	5.18	165300	853168.56
2021/01/18	5.16	5.22	5.16	5.20	93400	485647.16
2021/01/19	5.21	5.25	5.20	5.22	191400	1000117.31
2021/01/20	5.21	5.40	5.21	5.37	208800	1106353.75
2021/01/21	5.45	5.45	5.37	5.39	141700	765057.06
2021/01/22	5.39	5.49	5.38	5.49	195800	1062578.25
2021/01/25	5.50	5.59	5.49	5.51	280800	1548909.50
2021/01/26	5.45	5.50	5.27	5.30	211000	1128217.25
2021/01/27	5.30	5.32	5.23	5.26	120100	632363.75
2021/01/28	5.21	5.26	5.19	5.20	84900	443080.09
2021/01/29	5.21	5.41	5.20	5.20	147000	769549.00
2021/02/01	5.20	5.25	5.20	5.21	34900	182221.69
2021/02/02	5.21	5.25	5.15	5.16	120600	626591.06
2021/02/03	5.17	5.22	5.07	5.08	159500	815239.44
2021/02/04	5.08	5.09	4.91	4.95	237300	1183405.75
2021/02/05	4.96	4.99	4.92	4.93	87700	433158.97
2021/02/08	4.91	4.99	4.91	4.95	76800	380071.22
2021/02/09	4.92	4.97	4.92	4.96	89900	445070.28
2021/02/10	4.97	5.07	4.97	5.06	125300	632422.00
2021/02/18	5.09	5.15	4.95	5.09	198000	997887.38
2021/02/19	5.10	5.14	4.98	5.13	150500	767010.81
2021/02/22	5.14	5.23	5.13	5.19	100500	522079.94
2021/02/23	5.16	5.22	5.15	5.20	47600	246656.95
2021/02/24	5.15	5.25	5.15	5.17	67900	353504.41
2021/02/25	5.17	5.17	5.13	5.14	49300	254109.48
2021/02/26	5.25	5.42	5.21	5.42	387100	2071609.00
2021/03/01	5.69	6.06	5.63	5.83	901500	5289438.50
2021/03/02	5.90	6.24	5.83	6.13	929000	5680704.00
2021/03/03	6.15	6.76	6.12	6.70	1932900	12521183.00
2021/03/04	6.65	6.85	6.50	6.59	817000	5478463.50
2021/03/05	6.52	6.53	6.25	6.32	690100	4410636.00
2021/03/08	6.35	6.36	6.15	6.19	351900	2205294.75
2021/03/09	6.15	6.30	6.05	6.20	240800	1483572.25
2021/03/10	6.23	6.27	6.12	6.21	125600	777558.75
2021/03/11	6.21	6.39	6.14	6.35	199400	1264146.13
2021/03/12	6.31	6.44	6.31	6.44	217600	1395801.50
2021/03/15	6.46	6.68	6.46	6.61	346500	2280399.50
2021/03/16	6.61	6.65	6.49	6.58	265900	1745969.75
2021/03/17	6.52	6.61	6.50	6.57	79000	517771.50
2021/03/18	6.54	6.79	6.54	6.79	359900	2420703.75
2021/03/19	6.72	6.86	6.72	6.84	336200	2291758.50
2021/03/22	6.76	7.10	6.76	7.05	581300	4063109.50
2021/03/23	6.93	7.08	6.93	6.99	206000	1443207.63
2021/03/24	6.94	7.04	6.90	6.93	192300	1338161.63
2021/03/25	6.88	6.89	6.57	6.66	350300	2344644.75
2021/03/26	6.71	6.71	6.62	6.68	147400	982692.44
2021/03/29	6.66	6.81	6.65	6.80	156800	1061073.38
2021/03/30	6.72	6.84	6.72	6.74	94000	634085.00
2021/03/31	6.75	6.84	6.74	6.81	95300	645212.25
2021/04/01	6.83	6.83	6.75	6.78	76800	520676.94
2021/04/02	6.78	6.80	6.75	6.80	59100	400101.28
2021/04/06	6.76	6.85	6.75	6.83	106300	722341.94
2021/04/07	6.88	7.10	6.78	7.05	255900	1780825.75
2021/04/08	7.06	7.16	7.06	7.12	260500	1857216.63
2021/04/09	7.13	7.35	7.11	7.24	534100	3872827.75
2021/04/12	7.24	7.25	7.15	7.25	249600	1798689.25
2021/04/13	7.25	7.25	7.02	7.08	179400	1277569.25
2021/04/14	7.08	7.14	7.06	7.14	158300	1121206.25
2021/04/15	7.07	7.20	7.07	7.14	79300	565372.75
2021/04/16	7.11	7.18	7.10	7.17	204800	1460650.25
2021/04/19	7.12	7.22	7.11	7.21	106500	763957.13
2021/04/20	7.18	7.23	7.09	7.13	170700	1220619.38
2021/04/21	7.13	7.19	7.06	7.18	141700	1012406.19
2021/04/22	7.11	7.18	7.01	7.06	204300	1445603.75
2021/04/23	7.03	7.09	7.01	7.07	84800	597794.25
2021/04/26	7.08	7.19	7.02	7.09	237200	1689789.50
2021/04/27	7.06	7.14	7.02	7.09	141900	999914.81
2021/04/28	7.16	7.20	6.81	6.90	567100	3975300.25
2021/04/29	6.91	6.98	6.87	6.95	120100	831055.25
2021/04/30	6.99	7.11	6.95	7.02	206500	1449235.13
2021/05/06	7.05	7.22	7.05	7.15	277900	1992974.25
2021/05/07	7.14	7.22	7.14	7.18	165000	1185030.88
2021/05/10	7.23	7.23	7.12	7.15	171100	1225274.63
2021/05/11	7.15	7.15	7.04	7.07	162800	1153786.50
2021/05/12	7.07	7.10	6.97	7.06	143300	1005479.00
2021/05/13	7.06	7.11	7.00	7.08	203100	1428459.75
2021/05/14	7.12	7.12	7.00	7.12	148700	1048182.06
2021/05/17	7.15	7.20	7.12	7.17	130600	933001.06
2021/05/18	7.14	7.39	7.14	7.36	510300	3716736.25
2021/05/19	7.37	7.46	7.34	7.36	197200	1460059.13
2021/05/20	7.32	7.42	7.32	7.37	191000	1411586.88
2021/05/21	7.32	7.40	7.32	7.37	92000	676381.44
2021/05/24	7.37	7.43	7.29	7.33	217400	1593580.63
2021/05/25	7.35	7.42	7.34	7.36	267500	1973463.63
2021/05/26	7.35	7.41	7.32	7.35	391600	2892750.50
2021/05/27	7.36	7.38	7.30	7.32	201200	1476171.63
2021/05/28	7.25	7.33	7.25	7.32	93400	682492.19
2021/05/31	6.94	7.13	6.94	7.05	360000	2541269.75
2021/06/01	7.05	7.17	7.03	7.16	283200	2022033.50
2021/06/02	7.11	7.17	7.11	7.15	212000	1514234.13
2021/06/03	7.15	7.22	7.15	7.19	274400	1971057.50
2021/06/04	7.19	7.24	7.18	7.23	177800	1282156.75
2021/06/07	7.26	7.68	7.26	7.63	1223800	9197853.00
2021/06/08	7.69	7.89	7.57	7.62	635800	4921369.00
2021/06/09	7.62	7.88	7.62	7.88	751200	5868044.00
2021/06/10	7.90	8.22	7.80	8.01	1203300	9646769.00
2021/06/11	7.95	8.16	7.95	8.11	453400	3671142.75
2021/06/15	8.18	8.33	8.10	8.28	929400	7660521.00
2021/06/16	8.30	8.61	8.28	8.60	1292600	10905821.00
2021/06/17	8.61	8.83	8.58	8.78	793400	6890625.00
2021/06/18	8.78	9.22	8.75	9.02	1311200	11835151.00
2021/06/21	9.05	9.51	9.05	9.51	874500	8086552.50
2021/06/22	9.40	9.63	9.13	9.24	898700	8339477.50
2021/06/23	9.26	9.76	9.26	9.52	655700	6248623.50
2021/06/24	9.45	9.61	9.45	9.52	629700	6020582.00
2021/06/25	9.55	9.58	9.11	9.18	1135800	10532202.00
2021/06/28	9.20	9.40	9.08	9.18	660100	6055542.50
2021/06/29	9.16	9.20	8.74	8.74	689300	6154815.00
2021/06/30	8.77	9.08	8.77	9.02	393600	3517684.00
2021/07/01	9.06	9.36	9.00	9.26	619000	5722600.00
2021/07/02	9.33	9.42	9.23	9.40	455400	4246598.50
2021/07/05	9.42	9.59	9.35	9.57	467300	4455918.00
2021/07/06	9.58	9.75	9.50	9.67	702200	6765702.00
2021/07/07	9.66	10.01	9.56	9.97	885000	8747976.00
2021/07/08	10.02	10.03	9.71	9.78	651400	6418856.00
2021/07/09	9.76	10.10	9.53	9.97	819700	8034400.50
2021/07/12	10.03	10.97	10.03	10.82	1290700	13685787.00
2021/07/13	10.82	11.20	10.82	11.07	736700	8119603.50
2021/07/14	11.07	11.83	11.00	11.79	1028900	11947271.00
2021/07/15	11.68	11.78	11.49	11.55	696400	8107737.50
2021/07/16	11.50	12.15	11.45	12.15	791700	9374432.00
2021/07/19	12.25	13.36	11.03	11.30	1685800	20731706.00
2021/07/20	11.40	11.55	10.94	11.43	1257000	14030560.00
2021/07/21	11.41	11.41	10.66	10.97	1501400	16451808.00
2021/07/22	10.98	11.22	10.30	10.39	1280700	13550931.00
2021/07/23	10.40	10.56	10.07	10.36	625700	6417142.00
2021/07/26	10.48	10.88	10.48	10.81	625900	6688111.00
2021/07/27	10.91	11.46	10.85	11.27	853600	9628367.00
2021/07/28	11.25	11.36	10.60	10.98	593000	6454843.00
2021/07/29	11.06	11.27	10.85	11.26	363000	4011127.50
2021/07/30	11.26	11.43	11.11	11.35	247200	2787539.75
2021/08/02	11.35	11.35	11.08	11.13	276800	3088231.25
2021/08/03	11.12	11.20	10.69	10.75	543500	5899893.50
2021/08/04	10.65	10.86	10.49	10.59	457100	4865623.50
2021/08/05	10.50	10.54	9.83	9.83	1308100	13191810.00
2021/08/06	9.85	9.94	9.30	9.75	359400	3470473.50
2021/08/09	9.75	10.05	9.60	10.03	602000	5968942.50
2021/08/10	9.96	10.09	9.78	10.05	242200	2409221.50
2021/08/11	9.90	10.38	9.90	10.36	438400	4477595.00
2021/08/12	10.88	11.55	10.65	11.55	1154900	12857806.00
2021/08/13	11.33	11.60	11.15	11.51	537600	6091438.00
2021/08/16	11.68	11.98	11.16	11.23	830100	9609075.00
2021/08/17	11.24	11.24	10.90	11.07	353400	3911505.50
2021/08/18	11.00	11.00	10.83	10.91	219900	2399196.25
2021/08/19	10.88	11.79	10.86	11.60	884700	10114057.00
2021/08/20	11.61	11.67	11.36	11.61	439900	5079385.50
2021/08/23	11.59	11.59	10.53	10.63	1312300	14358864.00
2021/08/24	10.55	10.95	10.55	10.63	516500	5531871.00
2021/08/25	10.55	10.70	10.07	10.23	700900	7210061.50
2021/08/26	10.27	10.41	9.66	9.82	861800	8662107.00
2021/08/27	9.86	9.96	9.07	9.24	1016800	9554359.00
2021/08/30	9.65	9.65	9.17	9.44	692700	6488632.50
2021/08/31	9.41	10.24	9.41	10.15	579100	5710307.50
2021/09/01	10.04	10.30	10.00	10.29	771300	7854545.00
2021/09/02	10.44	10.97	10.31	10.95	815500	8720582.00
2021/09/03	11.65	11.88	10.38	10.58	2088500	22867532.00
2021/09/06	10.51	12.19	10.30	11.13	4351900	48909844.00
2021/09/07	11.02	11.24	10.39	10.44	2136600	22869592.00
2021/09/08	10.39	10.51	10.08	10.20	1376200	14074461.00
2021/09/09	10.19	11.10	10.08	10.87	1845700	19587280.00
2021/09/10	10.85	11.28	10.68	10.87	1093900	11989625.00
2021/09/13	10.95	11.16	10.43	10.49	869500	9311207.00
2021/09/14	10.43	10.58	10.38	10.43	347500	3632352.50
2021/09/15	10.33	10.49	9.92	9.95	742200	7490734.50
2021/09/16	10.09	10.12	9.79	9.79	346600	3431121.25
2021/09/17	9.82	10.04	9.79	10.02	363200	3613331.25
2021/09/22	10.50	10.68	10.16	10.38	937900	9685750.00
2021/09/23	10.44	10.50	10.23	10.26	399500	4148481.00
2021/09/24	10.27	10.34	10.06	10.09	422800	4293901.50
2021/09/27	10.16	10.16	9.76	9.80	534200	5290656.50
2021/09/28	9.80	9.96	9.72	9.93	177200	1746960.38
2021/09/29	9.92	9.95	9.80	9.88	150600	1485194.63
2021/09/30	10.05	10.40	9.85	10.23	558000	5707769.50
2021/10/08	10.28	10.32	10.01	10.18	168400	1702594.75
2021/10/11	10.10	10.24	10.00	10.02	292600	2940495.00
2021/10/12	10.09	10.09	9.66	9.83	208500	2053961.00
2021/10/13	9.90	10.03	9.88	9.90	80500	801513.88
2021/10/14	10.05	10.05	9.87	9.90	56100	556079.81
2021/10/15	9.87	9.88	9.65	9.70	343600	3339893.00
2021/10/18	9.88	9.88	9.51	9.67	159000	1530006.38
2021/10/19	9.66	9.80	9.52	9.67	113400	1088283.50
2021/10/20	9.60	9.79	9.51	9.70	309500	3003596.00
2021/10/21	9.62	9.76	9.57	9.74	317400	3076778.50
2021/10/22	9.80	9.80	9.70	9.77	137800	1342548.13
2021/10/25	9.71	9.79	9.68	9.73	183200	1779597.75
2021/10/26	9.53	9.76	9.20	9.23	248500	2338896.75
2021/10/27	8.98	8.98	7.97	8.19	1132600	9358313.00
2021/10/28	8.00	8.16	7.77	7.84	496500	3905800.50
2021/10/29	7.70	8.20	7.70	8.19	240500	1951757.38
2021/11/01	8.45	8.72	8.44	8.66	467600	4032270.25
2021/11/02	8.86	8.86	8.39	8.44	358000	3066838.50
2021/11/03	8.44	8.67	8.44	8.65	134400	1153778.63
2021/11/04	8.65	9.13	8.65	9.08	500200	4479512.50
2021/11/05	9.19	9.19	9.02	9.14	246700	2242174.25
2021/11/08	9.14	9.77	9.14	9.67	651700	6189036.00
2021/11/09	9.67	9.77	9.51	9.57	376900	3623951.50
2021/11/10	9.56	9.69	9.50	9.60	300400	2874010.75
2021/11/11	9.80	9.88	9.56	9.79	450200	4385612.00
2021/11/12	9.91	10.11	9.60	10.02	884500	8781602.00
2021/11/15	10.47	10.49	9.13	9.19	2784400	27045032.00
2021/11/16	9.19	9.29	8.74	8.88	1268200	11330838.00
2021/11/17	8.93	9.10	8.83	8.99	523700	4691081.00
2021/11/18	9.00	9.18	8.86	8.90	527500	4751300.00
2021/11/19	8.93	8.93	8.58	8.70	720700	6246191.50
2021/11/22	8.78	8.78	8.65	8.78	334700	2912061.25
2021/11/23	8.84	8.95	8.78	8.87	397400	3525141.00
2021/11/24	8.85	8.94	8.76	8.81	320900	2831167.00
2021/11/25	8.81	8.85	8.62	8.75	414200	3615684.25
2021/11/26	8.78	8.86	8.64	8.64	363800	3176251.75
2021/11/29	8.59	8.59	8.39	8.50	310200	2637246.75
2021/11/30	8.51	8.63	8.45	8.50	177300	1517424.75
2021/12/01	8.43	8.51	8.38	8.41	372300	3134768.75
2021/12/02	8.47	8.49	8.31	8.32	293400	2454722.50
2021/12/03	8.47	8.47	8.18	8.22	418000	3439522.75
2021/12/06	8.25	8.25	7.96	7.99	461500	3724553.25
2021/12/07	8.09	8.09	7.86	7.94	206500	1636851.50
2021/12/08	7.99	7.99	7.87	7.96	206100	1634494.88
2021/12/09	7.99	7.99	7.90	7.94	188300	1496342.88
2021/12/10	7.90	8.26	7.90	8.15	306700	2476282.25
2021/12/13	8.15	8.27	8.15	8.22	242600	1986422.88
2021/12/14	8.25	8.40	8.11	8.31	514000	4274399.50
2021/12/15	8.31	8.31	8.13	8.16	215900	1769735.00
2021/12/16	8.19	8.24	8.08	8.10	289000	2348462.75
2021/12/17	8.10	8.13	8.07	8.09	142100	1148575.38
2021/12/20	8.03	8.17	8.01	8.06	218900	1764058.88
2021/12/21	8.03	8.14	8.00	8.04	176400	1415835.50
2021/12/22	8.07	8.10	8.00	8.04	246000	1980062.75
2021/12/23	8.04	8.05	7.95	7.95	153500	1226498.38
2021/12/24	7.89	8.58	7.89	8.38	1966900	16082843.00
2021/12/27	8.43	8.95	8.10	8.58	2889000	24556324.00
2021/12/28	8.50	9.50	8.50	8.61	3838400	34352236.00
2021/12/29	8.65	9.80	8.56	9.71	5752700	53084272.00
2021/12/30	9.59	12.62	9.34	12.62	14206500	159925488.00
2021/12/31	12.40	13.87	11.20	11.39	16018200	204678176.00
2022/01/04	11.60	12.45	10.01	10.66	8846800	97100168.00
2022/01/05	10.75	10.99	9.89	10.00	7155000	72895720.00
2022/01/06	9.76	10.48	9.75	10.26	4966000	50742424.00
2022/01/07	10.21	10.21	9.40	9.56	4430900	43658720.00
2022/01/10	9.85	10.45	9.50	10.21	4325298	43474516.00
2022/01/11	10.10	10.30	9.86	9.87	3432071	34426228.00
2022/01/12	9.90	10.12	9.50	9.69	3388872	32934478.00
2022/01/13	9.60	10.54	9.50	10.21	6347174	63401868.00
2022/01/14	10.01	11.53	9.90	11.12	8979876	98016880.00
2022/01/17	11.25	11.48	10.06	10.56	5530386	58906452.00
2022/01/18	10.45	11.00	9.98	10.05	4431955	45883264.00
2022/01/19	9.90	10.48	9.61	10.40	3782683	38206028.00
2022/01/20	10.23	11.50	10.16	10.68	8098888	88157344.00
2022/01/21	10.60	10.60	10.01	10.03	3904574	39731156.00
2022/01/24	9.83	10.03	9.58	9.67	2617096	25425362.00
2022/01/25	9.67	9.85	8.98	9.06	1944559	18227494.00
2022/01/26	9.11	9.30	8.84	9.00	1274377	11516936.00
2022/01/27	9.05	9.16	8.88	8.90	1070898	9630379.00
2022/01/28	8.50	9.15	8.50	8.83	933895	8272936.00
2022/02/07	8.98	9.13	8.82	8.91	726161	6456363.00
2022/02/08	8.91	9.10	8.86	8.99	937895	8412251.00
2022/02/09	9.07	9.26	8.89	9.18	1181903	10787902.00
2022/02/10	9.08	9.18	8.96	8.96	744425	6742755.50
2022/02/11	8.85	9.12	8.39	8.46	1421781	12286832.00
2022/02/14	8.36	8.84	8.36	8.54	1374696	11852560.00
2022/02/15	8.55	8.62	8.39	8.45	1026243	8700271.00
2022/02/16	8.45	8.55	8.40	8.41	699907	5907993.50
2022/02/17	8.48	8.49	8.14	8.15	909772	7527259.50
2022/02/18	8.15	8.36	8.11	8.19	761534	6264419.50
2022/02/21	8.19	8.29	8.15	8.24	1257819	10319728.00
2022/02/22	8.24	8.28	8.10	8.17	864991	7060195.00
2022/02/23	8.21	8.26	8.13	8.18	627888	5147961.50
2022/02/24	8.14	8.78	8.14	8.22	2429839	20456468.00
2022/02/25	8.25	8.40	8.18	8.26	771682	6409203.50
2022/02/28	8.25	8.25	8.01	8.04	1058996	8548640.00
2022/03/01	8.04	8.19	8.04	8.11	580404	4691602.00
2022/03/02	8.15	8.37	8.00	8.19	790811	6466833.00
2022/03/03	8.17	8.26	8.09	8.20	796829	6520884.50
2022/03/04	8.20	8.42	8.20	8.34	1377373	11513603.00
2022/03/07	8.10	8.29	8.06	8.10	870599	7080998.00
2022/03/08	8.08	8.13	7.53	7.68	1221849	9524246.00
2022/03/09	7.66	7.82	7.19	7.39	1017471	7563563.50
2022/03/10	7.54	7.79	7.48	7.54	763320	5780575.00
2022/03/11	7.62	7.62	7.27	7.42	499840	3700460.50
2022/03/14	7.56	7.94	7.40	7.65	1804912	14006809.00
2022/03/15	7.52	7.67	7.17	7.21	1127628	8229716.50
2022/03/16	7.34	7.45	7.08	7.21	829408	5983016.00
2022/03/17	7.26	7.98	7.24	7.59	2218073	16909970.00
2022/03/18	7.40	7.72	7.36	7.59	1235846	9288886.00
2022/03/21	7.61	7.85	7.61	7.70	945234	7297602.50
2022/03/22	7.72	7.72	7.51	7.53	743009	5615639.00
2022/03/23	7.62	7.76	7.53	7.61	674201	5148047.00
2022/03/24	7.52	7.68	7.41	7.45	574543	4309209.00
2022/03/25	7.58	7.61	7.45	7.59	743907	5619692.50
2022/03/28	7.58	7.75	7.44	7.56	476576	3636328.75
2022/03/29	7.68	7.68	7.46	7.58	441324	3340146.00
2022/03/30	7.80	8.24	7.70	7.98	2181912	17480852.00
2022/03/31	7.97	8.90	7.77	8.54	3822472	32247276.00
2022/04/01	8.35	8.67	8.12	8.25	2228518	18506040.00
2022/04/06	8.23	8.61	8.13	8.18	1142667	9532101.00
2022/04/07	8.09	8.22	7.65	7.72	1385974	10948323.00
2022/04/08	7.81	7.85	7.65	7.70	550952	4250129.50
2022/04/11	7.78	7.78	7.45	7.50	609044	4593367.00
2022/04/12	7.50	7.58	7.40	7.53	502771	3773902.50
2022/04/13	7.66	7.66	7.38	7.40	476108	3534678.25
2022/04/14	7.38	7.47	7.34	7.34	543298	4009692.75
2022/04/15	7.34	7.40	7.09	7.15	753678	5431237.00
2022/04/18	7.12	7.23	6.60	6.91	666673	4618772.00
2022/04/19	6.96	6.99	6.91	6.96	268095	1860706.38
2022/04/20	6.91	6.98	6.78	6.81	352888	2425369.50
2022/04/21	6.74	6.86	6.49	6.49	360833	2398346.75
2022/04/22	6.54	6.54	6.22	6.30	398276	2527129.50
2022/04/25	6.29	6.29	5.81	5.81	617496	3703072.50
2022/04/26	6.20	6.20	5.75	5.86	439026	2592689.75
2022/04/27	5.86	6.04	5.71	5.99	268339	1585591.50
2022/04/28	6.60	7.14	6.45	6.76	2475124	16741180.00
2022/04/29	6.84	7.10	6.77	6.96	1164516	8082824.00
2022/05/05	7.16	7.16	6.80	6.91	824299	5708148.50
2022/05/06	6.83	7.02	6.81	6.98	452165	3132275.75
2022/05/09	7.07	7.25	7.00	7.21	757180	5439539.50
2022/05/10	7.21	7.47	7.07	7.32	646701	4747572.50
2022/05/11	7.45	7.57	7.31	7.35	729031	5419214.50
2022/05/12	7.37	7.48	7.27	7.39	497250	3656395.75
2022/05/13	7.45	7.96	7.44	7.85	1206391	9337407.00
2022/05/16	7.99	8.47	7.87	8.26	1411997	11614365.00
2022/05/17	8.10	8.33	7.90	7.96	955963	7643656.50
2022/05/18	7.96	8.08	7.80	7.86	650623	5136796.00
2022/05/19	7.87	7.94	7.75	7.90	480021	3766755.00
2022/05/20	7.84	8.12	7.84	8.00	486245	3885417.50
2022/05/23	8.02	8.07	7.92	8.01	296608	2373984.50
2022/05/24	8.05	8.05	7.70	7.71	672905	5267517.50
2022/05/25	7.76	8.32	7.76	8.15	1560620	12642260.00
2022/05/26	8.32	8.32	8.00	8.05	544522	4417174.00
2022/05/27	8.14	8.15	8.00	8.03	627333	5036689.00
2022/05/30	8.09	8.25	8.03	8.08	897596	7279492.50
2022/05/31	4.18	4.34	4.08	4.08	1982678	8326731.50
2022/06/01	4.14	4.14	3.88	3.93	1897554	7570520.00
2022/06/02	3.97	3.97	3.70	3.82	1688026	6449154.50
2022/06/06	3.83	4.02	3.80	4.00	1010210	3984049.25
2022/06/07	3.96	4.09	3.91	4.06	750633	3010189.00
2022/06/08	4.03	4.17	4.01	4.08	702538	2868530.00
2022/06/09	4.13	4.13	3.94	3.95	637785	2553605.00
2022/06/10	3.97	4.03	3.95	3.99	360744	1432249.50
2022/06/13	3.99	4.01	3.91	3.95	395149	1557075.63
2022/06/14	3.99	3.99	3.77	3.89	582687	2236268.00
2022/06/15	3.90	3.94	3.84	3.87	554941	2157537.50
2022/06/16	3.91	3.95	3.87	3.87	345549	1347239.88
2022/06/17	3.87	3.90	3.83	3.88	458622	1771142.63
2022/06/20	3.91	3.91	3.84	3.89	343124	1329940.88
2022/06/21	3.86	3.89	3.82	3.85	426440	1646176.13
2022/06/22	3.83	3.84	3.79	3.79	558807	2126065.00
2022/06/23	3.80	3.80	3.74	3.80	492342	1852467.38
2022/06/24	3.76	3.80	3.74	3.75	450594	1696392.00
2022/06/27	3.75	3.81	3.75	3.79	399183	1511988.00
2022/06/28	3.78	3.91	3.77	3.91	587303	2271347.50
2022/06/29	3.92	3.94	3.80	3.85	923418	3545904.00
2022/06/30	3.79	3.85	3.70	3.75	1663960	6250061.50
2022/07/01	3.75	3.77	3.72	3.75	287564	1077859.25
2022/07/04	3.81	3.81	3.73	3.74	380894	1428566.38
2022/07/05	3.73	3.77	3.70	3.71	436711	1623583.00
2022/07/06	3.69	3.75	3.68	3.69	264082	975712.94
2022/07/07	3.67	3.72	3.66	3.70	451495	1657565.00
2022/07/08	3.70	3.75	3.66	3.69	407234	1510697.00
2022/07/11	3.67	3.70	3.64	3.69	517363	1895558.38
2022/07/12	3.69	3.69	3.63	3.65	343958	1259410.13
2022/07/13	3.63	3.65	3.56	3.63	452271	1635579.38
2022/07/14	3.60	3.63	3.56	3.61	221723	796632.06
2022/07/15	3.61	3.61	3.55	3.57	398275	1422093.00
2022/07/18	3.63	3.63	3.56	3.60	114968	412792.03
2022/07/19	3.63	3.63	3.56	3.59	221581	795408.25
2022/07/20	3.64	3.64	3.55	3.60	500491	1794505.25
2022/07/21	3.60	3.60	3.55	3.55	511794	1823335.63
2022/07/22	3.59	3.59	3.51	3.56	294363	1046580.94
2022/07/25	3.62	3.62	3.56	3.58	169308	605252.56
2022/07/26	3.58	3.58	3.54	3.57	248501	884249.31
2022/07/27	3.65	3.65	3.56	3.57	494589	1778791.38
2022/07/28	3.56	3.62	3.56	3.56	285739	1022700.75
2022/07/29	3.56	3.61	3.56	3.57	411813	1475208.25
2022/08/01	3.55	3.58	3.54	3.58	220394	783495.94
2022/08/02	3.54	3.58	3.42	3.43	878725	3045063.25
2022/08/03	3.47	3.48	3.41	3.43	448789	1542170.13
2022/08/04	3.47	3.47	3.42	3.43	122827	421794.88
2022/08/05	3.43	3.47	3.41	3.46	273219	935876.31
2022/08/08	3.46	3.53	3.46	3.49	320810	1125981.63
2022/08/09	3.50	3.50	3.43	3.47	211800	732191.25
2022/08/10	3.47	3.47	3.44	3.46	322944	1115795.88
2022/08/11	3.46	3.58	3.46	3.56	639469	2253890.25
2022/08/12	3.57	3.57	3.52	3.54	344855	1221394.63
2022/08/15	3.50	3.57	3.50	3.57	309696	1091645.50
2022/08/16	3.57	3.57	3.51	3.54	228754	808057.63
2022/08/17	3.58	3.58	3.51	3.55	185134	652060.50
2022/08/18	3.51	3.55	3.51	3.53	208792	736941.75
2022/08/19	3.51	3.53	3.49	3.52	251424	881809.56
2022/08/22	3.49	3.52	3.49	3.51	153594	537566.69
2022/08/23	3.49	3.51	3.45	3.51	425332	1485332.00
2022/08/24	3.51	3.52	3.46	3.48	474019	1650880.75
2022/08/25	3.48	3.51	3.43	3.47	277063	957307.88
2022/08/26	3.44	3.49	3.41	3.47	236539	817737.19
2022/08/29	3.44	3.46	3.43	3.45	167768	577578.19
2022/08/30	3.44	3.47	3.40	3.46	247434	850302.63
2022/08/31	3.46	3.46	3.42	3.43	170082	582767.94
2022/09/01	3.41	3.45	3.41	3.42	330821	1133990.00
2022/09/02	3.44	3.45	3.42	3.43	101766	349043.44
2022/09/05	3.58	3.58	3.41	3.44	485430	1676069.63
2022/09/06	3.46	3.46	3.40	3.43	234951	804670.38
2022/09/07	3.45	3.45	3.41	3.43	313480	1073232.38
2022/09/08	3.41	3.44	3.41	3.43	151028	516544.88
2022/09/09	3.44	3.44	3.41	3.43	193048	661442.25
2022/09/13	3.43	3.44	3.41	3.41	150290	514514.50
2022/09/14	3.41	3.43	3.39	3.41	143534	489001.03
2022/09/15	3.44	3.44	3.35	3.39	258482	875236.13
2022/09/16	3.36	3.48	3.36	3.45	739945	2547915.50
2022/09/19	3.45	3.70	3.41	3.54	900706	3201110.50
2022/09/20	3.57	3.57	3.46	3.55	745266	2612874.00
2022/09/21	3.56	3.81	3.50	3.76	3943282	14642678.00
2022/09/22	3.71	3.85	3.61	3.63	1676727	6255835.50
2022/09/23	3.65	3.65	3.50	3.51	1147602	4068606.50
2022/09/26	3.46	3.53	3.41	3.45	594969	2069102.00
2022/09/27	3.46	3.50	3.45	3.48	307257	1068193.38
2022/09/28	3.46	3.51	3.44	3.45	245634	853967.06
2022/09/29	3.42	3.48	3.38	3.44	335865	1149981.75
2022/09/30	3.42	3.47	3.42	3.46	180899	623366.06
2022/10/10	4.41	4.41	3.36	3.57	1677205	6079181.50
2022/10/11	3.46	3.58	3.46	3.57	581254	2040277.63
2022/10/12	3.51	3.55	3.45	3.54	599501	2090433.25
2022/10/13	3.55	3.55	3.48	3.53	290720	1018978.06
2022/10/14	3.50	3.84	3.50	3.72	1581307	5858838.00
2022/10/17	3.61	3.78	3.61	3.68	1265011	4668777.50
2022/10/18	3.70	3.90	3.64	3.86	2424667	9230991.00
2022/10/19	3.87	3.87	3.65	3.68	1843362	6869849.00
2022/10/20	3.67	3.73	3.63	3.69	1035491	3816937.50
2022/10/21	3.70	3.75	3.66	3.67	685655	2523636.25
2022/10/24	3.72	3.72	3.60	3.61	832166	3049865.75
2022/10/25	3.64	3.68	3.60	3.65	361506	1312449.63
2022/10/26	3.68	3.90	3.68	3.76	1295411	4910168.50
2022/10/27	3.75	3.82	3.66	3.74	1015090	3768948.50
2022/10/28	3.74	3.74	3.61	3.62	806022	2929937.00
2022/10/31	3.69	3.69	3.56	3.62	457157	1644680.00
2022/11/01	3.59	3.67	3.59	3.65	303392	1102111.63
2022/11/02	3.63	3.77	3.63	3.70	990344	3685131.25
2022/11/03	3.70	3.70	3.64	3.65	724584	2651676.00
2022/11/04	3.68	3.71	3.65	3.69	521686	1922010.63
2022/11/07	3.70	3.76	3.70	3.72	707271	2634733.00
2022/11/08	3.69	3.74	3.68	3.71	508633	1882368.63
2022/11/09	3.73	3.82	3.68	3.79	1879014	7091490.00
2022/11/10	3.75	3.94	3.73	3.93	3373062	12982748.00
2022/11/11	4.05	4.07	3.84	3.86	2336603	9180184.00
2022/11/14	3.85	4.03	3.76	3.99	2216062	8716742.00
2022/11/15	3.99	4.03	3.92	3.96	1466704	5815169.00
2022/11/16	3.94	3.98	3.87	3.90	1018884	3992372.00
2022/11/17	3.90	4.03	3.89	4.00	1476516	5883963.50
2022/11/18	4.03	4.03	3.96	4.01	1338560	5346888.00
2022/11/21	4.15	4.34	4.10	4.25	4725763	20130918.00
2022/11/22	4.20	4.26	4.02	4.02	2818073	11554390.00
2022/11/23	4.10	4.10	3.85	3.93	1321016	5185645.50
2022/11/24	4.01	4.01	3.89	3.98	701226	2781566.00
2022/11/25	3.93	3.95	3.89	3.89	535109	2097268.25
2022/11/28	3.93	3.98	3.88	3.92	636986	2501046.00
2022/11/29	3.87	3.98	3.87	3.95	478902	1890272.50
2022/11/30	3.97	3.97	3.87	3.90	776496	3024927.25
2022/12/01	3.93	3.99	3.88	3.90	425479	1665423.13
2022/12/02	3.90	3.92	3.84	3.91	569609	2204201.00
2022/12/05	3.91	3.96	3.91	3.93	456562	1789859.00
2022/12/06	3.87	3.93	3.79	3.86	778410	2991229.25
2022/12/07	3.85	3.92	3.81	3.90	755568	2923274.50
2022/12/08	3.90	3.90	3.84	3.89	400708	1551200.63
2022/12/09	3.90	3.90	3.85	3.89	370562	1438602.88
2022/12/12	3.93	4.05	3.87	4.00	2691937	10719744.00
2022/12/13	3.99	3.99	3.90	3.93	1020196	4014230.75
2022/12/14	3.92	3.93	3.82	3.87	870108	3356032.50
2022/12/15	3.84	3.90	3.83	3.87	276002	1065383.00
2022/12/16	3.88	3.92	3.82	3.90	769396	2991954.25
2022/12/19	3.90	3.90	3.73	3.76	849412	3225038.50
2022/12/20	3.76	3.76	3.61	3.61	681274	2508353.00
2022/12/21	3.64	3.69	3.61	3.63	302621	1105766.25
2022/12/22	3.74	3.74	3.47	3.53	592962	2109492.25
2022/12/23	3.51	3.59	3.46	3.52	374095	1314683.50
2022/12/26	3.49	3.59	3.49	3.56	97768	346100.00
2022/12/27	3.56	3.56	3.50	3.53	229097	805910.69
2022/12/28	3.52	3.53	3.42	3.48	284590	989735.75
2022/12/29	3.50	3.52	3.43	3.49	105789	369841.22
2022/12/30	3.45	3.49	3.38	3.42	675555	2309302.25
2023/01/03	3.45	3.48	3.43	3.47	270328	934350.94
2023/01/04	3.50	3.55	3.46	3.53	439657	1538414.00
2023/01/05	3.53	3.53	3.50	3.53	283031	993821.19
2023/01/06	3.56	3.58	3.52	3.54	255751	905440.19
2023/01/09	3.59	3.60	3.52	3.57	282622	1000520.50
2023/01/10	3.59	3.59	3.55	3.58	280384	1001865.81
2023/01/11	3.58	3.59	3.52	3.55	285498	1010030.50
2023/01/12	3.51	3.56	3.50	3.52	151656	534123.19
2023/01/13	3.50	3.55	3.47	3.50	68525	239473.05
2023/01/16	3.50	3.54	3.49	3.52	136212	478859.66
2023/01/17	3.51	3.53	3.49	3.52	96951	339799.34
2023/01/18	3.53	3.55	3.50	3.55	185327	654124.31
2023/01/19	3.55	3.57	3.50	3.52	263830	930185.75
2023/01/20	3.54	3.59	3.52	3.59	266619	950109.81
2023/01/30	3.60	3.63	3.60	3.63	330513	1194873.63
2023/01/31	3.65	3.83	3.60	3.75	1293635	4801559.00
2023/02/01	3.75	3.84	3.71	3.79	893297	3364011.25
2023/02/02	3.80	3.83	3.69	3.70	900024	3365190.50
2023/02/03	3.69	3.72	3.66	3.71	466509	1720285.00
2023/02/06	3.69	3.72	3.67	3.70	193428	714293.13
2023/02/07	3.70	3.72	3.67	3.69	174586	644578.63
2023/02/08	3.70	3.72	3.67	3.70	289457	1068603.75
2023/02/09	3.69	3.71	3.66	3.68	297757	1098920.63
2023/02/10	3.67	3.73	3.67	3.70	186122	689842.69
数据来源:通达信
