836675 秉扬科技 日线 不复权
      日期	    开盘	    最高	    最低	    收盘	    成交量	    成交额
2018/01/16	4.99	4.99	4.98	4.98	2000	9970.00
2018/01/17	4.98	4.98	4.98	4.98	1000	4980.00
2018/01/19	5.05	5.05	5.05	5.05	100000	505000.00
2018/01/24	5.05	5.05	5.05	5.05	2000	10100.00
2018/01/26	5.05	5.05	5.05	5.05	1000	5050.00
2018/02/12	5.10	5.10	5.10	5.10	1000	5100.00
2018/02/13	5.10	5.10	5.10	5.10	1000	5100.00
2018/03/07	5.00	5.00	5.00	5.00	6000	30000.00
2018/03/08	5.00	5.00	5.00	5.00	1000	5000.00
2018/03/09	4.80	4.80	4.80	4.80	1000	4800.00
2018/03/13	5.50	5.50	5.50	5.50	3000	16500.00
2018/03/15	5.20	5.80	5.20	5.80	9000	51600.00
2018/03/16	5.80	5.80	5.80	5.80	8000	46400.00
2018/03/19	6.00	6.00	6.00	6.00	4000	24000.00
2018/03/20	6.00	6.00	6.00	6.00	4000	24000.00
2018/03/21	6.50	6.50	6.50	6.50	2000	13000.00
2018/03/22	6.50	6.50	6.50	6.50	20000	130000.00
2018/03/23	6.50	6.50	6.50	6.50	2000	13000.00
2018/03/26	6.60	6.60	6.60	6.60	6000	39600.00
2018/03/27	6.60	6.60	6.60	6.60	1000	6600.00
2018/03/28	6.60	6.60	6.60	6.60	3000	19800.00
2018/04/03	6.60	6.60	6.60	6.60	1000	6600.00
2018/04/04	6.60	6.60	6.60	6.60	1000	6600.00
2018/04/09	6.80	6.80	6.80	6.80	3000	20400.00
2018/04/10	6.80	6.80	6.80	6.80	1000	6800.00
2018/11/28	6.75	6.75	6.75	6.75	1000	6750.00
2019/04/03	6.75	6.75	6.75	6.75	3000	20250.00
2019/04/10	6.68	6.68	6.68	6.68	2000	13360.00
2019/05/28	6.80	6.80	6.80	6.80	9000	61200.00
2019/07/09	6.80	6.80	6.80	6.80	5000	34000.00
2019/07/23	6.80	6.80	6.80	6.80	5000	34000.00
2019/08/08	6.80	6.80	6.80	6.80	1000	6800.00
2019/08/13	6.75	6.75	6.75	6.75	1000	6750.00
2019/11/06	6.80	6.80	6.80	6.80	5000	34000.00
2019/11/12	6.80	6.80	6.80	6.80	5000	34000.00
2019/11/13	6.80	6.80	6.80	6.80	2000	13600.00
2019/11/14	6.79	6.90	6.79	6.90	13000	89480.00
2019/11/15	6.90	6.90	6.90	6.90	8000	55200.00
2019/12/18	6.90	6.90	6.90	6.90	5000	34500.00
2019/12/26	6.00	6.00	6.00	6.00	3000	18000.00
2020/01/02	6.00	6.00	6.00	6.00	3000	18000.00
2020/03/06	6.00	6.00	6.00	6.00	2000	12000.00
2020/03/09	6.00	6.00	6.00	6.00	8000	48000.00
2020/03/25	6.00	6.00	6.00	6.00	1000	6000.00
2020/03/30	6.00	6.01	6.00	6.01	92600	556006.00
2020/03/31	7.00	7.00	7.00	7.00	1000	7000.00
2020/04/01	7.00	7.00	7.00	7.00	1000	7000.00
2020/04/02	6.99	6.99	6.99	6.99	5000	34950.00
2020/04/07	6.99	6.99	6.99	6.99	11000	76890.00
2020/04/08	7.01	7.29	7.01	7.29	6600	46704.00
2020/04/10	7.50	7.50	7.50	7.50	100	750.00
2020/04/14	8.50	8.50	8.50	8.50	300	2550.00
2020/04/15	9.00	9.00	9.00	9.00	100	900.00
2020/04/20	8.50	8.80	8.50	8.80	2000	17300.00
2020/04/21	12.00	17.60	12.00	16.98	3800	47450.00
2020/04/23	17.98	17.98	17.98	17.98	100	1798.00
2020/04/27	17.88	17.88	17.88	17.88	100	1788.00
2020/04/28	17.48	17.48	17.48	17.48	200	3496.00
2020/04/29	17.38	17.38	16.59	16.59	2200	36814.00
2020/04/30	16.28	16.28	14.90	15.85	4700	72203.00
2020/05/06	15.00	15.00	15.00	15.00	1000	15000.00
2020/05/11	13.00	13.00	13.00	13.00	1600	20800.00
2020/05/13	10.00	13.00	10.00	13.00	1200	12400.00
2020/05/15	11.50	11.50	11.50	11.50	1400	16100.00
2020/05/19	15.88	15.88	15.88	15.88	200	3176.00
2020/05/20	15.89	15.89	15.89	15.89	1000	15890.00
2020/05/22	16.00	16.00	15.99	15.99	1300	20790.00
2020/05/26	20.00	20.00	20.00	20.00	1000	20000.00
2020/05/28	10.01	18.99	10.01	18.99	8800	88986.00
2020/06/01	18.88	18.88	18.88	18.88	300	5664.00
2020/06/03	19.76	19.76	19.76	19.76	500	9880.00
2020/06/04	19.10	19.10	18.87	18.87	600	11414.00
2020/06/05	18.88	18.88	18.88	18.88	600	11328.00
2020/06/11	18.67	18.67	18.67	18.67	200	3734.00
2020/06/12	14.02	15.00	14.02	15.00	2200	31985.00
2020/06/15	14.02	14.02	14.02	14.02	400	5608.00
2020/06/17	14.02	14.02	14.02	14.02	600	8412.00
2020/06/22	17.88	17.88	7.01	15.58	500	6504.00
2020/06/23	15.01	15.10	14.98	15.10	10300	154877.59
2020/06/24	15.08	18.58	15.08	18.40	9900	153246.00
2020/12/28	7.18	7.21	7.01	7.20	7154400	51312956.00
2020/12/29	7.15	7.20	7.11	7.13	782400	5598081.00
2020/12/30	7.12	7.15	7.11	7.13	398000	2837525.50
2020/12/31	7.13	7.18	7.13	7.18	360900	2583226.50
2021/01/04	7.19	7.23	7.19	7.19	1217500	8772899.00
2021/01/05	7.20	7.21	7.18	7.19	312200	2244973.50
2021/01/06	7.18	7.20	7.15	7.20	731500	5261437.00
2021/01/07	7.18	7.24	7.16	7.17	505600	3640113.50
2021/01/08	7.14	7.19	7.01	7.08	432600	3069308.75
2021/01/11	7.05	7.07	6.80	6.80	297500	2064984.75
2021/01/12	6.78	6.82	6.64	6.69	439700	2952058.75
2021/01/13	6.63	7.06	6.63	7.06	388400	2685968.00
2021/01/14	6.90	7.08	6.83	7.07	242000	1693248.00
2021/01/15	7.02	7.08	6.98	7.02	119700	842724.19
2021/01/18	7.00	7.10	7.00	7.05	206100	1458078.25
2021/01/19	7.02	7.11	7.02	7.10	244200	1729835.75
2021/01/20	7.08	7.12	6.98	7.12	254400	1798627.13
2021/01/21	7.14	7.23	7.14	7.19	649400	4673299.50
2021/01/22	7.16	7.59	7.07	7.52	2855500	21114108.00
2021/01/25	7.61	8.37	7.61	8.31	5631400	45236948.00
2021/01/26	8.49	8.55	7.94	8.30	2025600	16725046.00
2021/01/27	8.25	8.40	7.40	7.50	1563300	12256222.00
2021/01/28	7.48	7.48	7.20	7.28	770100	5596408.50
2021/01/29	7.40	7.59	7.32	7.53	668100	4984577.00
2021/02/01	7.67	8.21	7.60	8.19	1308000	10527582.00
2021/02/02	8.15	8.47	8.15	8.40	1320300	11008393.00
2021/02/03	8.43	8.63	8.36	8.47	1386000	11734917.00
2021/02/04	8.40	8.99	8.36	8.96	1347500	11866931.00
2021/02/05	8.99	9.30	8.99	9.29	1093600	10016448.00
2021/02/08	9.28	9.53	8.25	8.38	1505300	13162649.00
2021/02/09	8.25	8.48	7.80	8.39	1041200	8401563.00
2021/02/10	8.50	8.83	8.43	8.82	587000	5121094.00
2021/02/18	9.12	9.80	9.12	9.65	1038900	9937962.00
2021/02/19	9.66	9.76	8.82	9.51	537300	5015669.50
2021/02/22	9.35	9.80	9.35	9.57	403700	3856822.75
2021/02/23	9.38	9.85	9.38	9.70	446300	4293495.00
2021/02/24	9.72	10.25	9.62	10.23	595800	5889283.00
2021/02/25	10.22	10.80	10.05	10.80	692600	7164557.50
2021/02/26	10.34	11.69	9.90	11.29	1200500	13035063.00
2021/03/01	11.81	12.12	11.21	12.03	917100	10843657.00
2021/03/02	11.75	12.17	11.73	11.84	567200	6755546.00
2021/03/03	11.83	14.95	11.83	14.49	2360000	32689480.00
2021/03/04	14.27	14.89	13.90	14.09	849000	12028436.00
2021/03/05	14.10	14.13	13.27	13.64	557200	7682061.50
2021/03/08	13.60	13.70	12.70	12.70	651400	8543692.00
2021/03/09	12.62	13.39	12.38	12.66	561000	7205160.00
2021/03/10	12.65	13.34	12.55	12.80	304900	3907828.75
2021/03/11	12.54	12.80	12.41	12.74	237000	2976511.25
2021/03/12	12.51	13.23	12.51	12.93	349800	4463456.00
2021/03/15	12.90	13.09	12.55	12.98	97600	1255538.38
2021/03/16	12.69	13.12	12.69	13.00	54000	701803.38
2021/03/17	12.90	13.01	12.82	13.00	93200	1206437.13
2021/03/18	12.86	13.40	12.84	13.20	200500	2627477.00
2021/03/19	13.09	13.36	12.87	13.05	144400	1876386.13
2021/03/22	12.86	13.40	12.86	13.16	140800	1858489.75
2021/03/23	12.96	13.16	12.80	13.00	226100	2945096.75
2021/03/24	12.99	13.04	12.16	12.18	392900	4959837.50
2021/03/25	12.21	12.21	11.12	11.27	857100	9864164.00
2021/03/26	11.27	11.75	11.10	11.74	165800	1903944.00
2021/03/29	11.97	11.97	11.60	11.87	70800	832203.56
2021/03/30	11.81	12.17	11.81	11.91	177800	2120855.75
2021/03/31	11.61	12.23	11.61	12.23	117800	1423301.38
2021/04/01	12.30	12.48	12.00	12.42	106800	1323072.00
2021/04/02	12.50	12.99	12.33	12.96	163100	2094640.00
2021/04/06	12.90	13.24	12.82	13.21	160400	2098369.00
2021/04/07	13.05	13.17	12.80	13.05	133600	1732023.13
2021/04/08	12.99	13.13	12.75	12.88	136900	1760663.13
2021/04/09	12.76	12.97	12.75	12.86	147100	1883713.63
2021/04/12	12.86	13.00	12.56	12.83	269400	3442083.50
2021/04/13	12.82	12.82	12.18	12.66	198200	2504629.50
2021/04/14	12.43	12.66	12.05	12.39	340800	4170230.00
2021/04/15	12.23	12.46	12.23	12.41	74000	910608.63
2021/04/16	12.28	12.60	12.23	12.56	131400	1636835.25
2021/04/19	12.58	12.75	12.40	12.74	121300	1534555.00
2021/04/20	12.72	12.74	12.21	12.64	132200	1655906.75
2021/04/21	12.63	12.63	12.19	12.53	155000	1921232.50
2021/04/22	12.30	12.54	12.25	12.42	205800	2539743.50
2021/04/23	12.22	12.62	12.22	12.56	119600	1493642.63
2021/04/26	12.76	12.93	12.50	12.58	278700	3555715.50
2021/04/27	12.50	12.55	12.28	12.35	82800	1027523.69
2021/04/28	12.35	12.50	12.22	12.25	121400	1504382.63
2021/04/29	12.58	12.91	12.36	12.90	222300	2842168.50
2021/04/30	13.30	14.17	13.11	13.99	726500	10073497.00
2021/05/06	14.04	14.04	13.41	13.69	120200	1646782.25
2021/05/07	13.70	14.04	13.56	13.72	145600	1996959.75
2021/05/10	13.71	13.80	13.49	13.53	122000	1656955.25
2021/05/11	13.79	13.79	13.09	13.09	73900	982297.63
2021/05/12	13.03	13.20	13.03	13.07	41400	542379.69
2021/05/13	13.09	13.09	12.79	12.79	88500	1143426.38
2021/05/14	13.25	13.25	12.65	12.77	101800	1304117.50
2021/05/17	12.72	13.09	12.71	13.05	41900	541661.63
2021/05/18	12.82	13.20	12.82	13.18	29500	387359.63
2021/05/19	12.86	13.22	12.86	13.19	72300	946679.31
2021/05/20	13.18	13.30	13.15	13.17	74800	989501.69
2021/05/21	13.10	13.26	13.06	13.17	67800	890520.75
2021/05/24	13.25	13.25	13.11	13.11	23300	307075.84
2021/05/25	12.02	13.24	12.02	13.06	146700	1907302.00
2021/05/26	12.81	13.15	12.81	13.15	138200	1796673.25
2021/05/27	12.87	13.06	12.87	12.94	50500	655845.56
2021/05/28	12.80	13.00	12.80	13.00	63500	823070.69
2021/05/31	13.00	13.00	12.81	12.96	45900	594058.69
2021/06/01	12.95	13.14	12.88	12.93	100400	1308116.13
2021/06/02	12.96	13.09	12.90	13.00	74600	968514.50
2021/06/03	12.92	13.10	12.92	13.05	76100	989323.31
2021/06/04	12.90	13.24	12.90	13.12	43100	565460.00
2021/06/07	13.12	13.50	12.85	13.49	228100	2631659.50
2021/06/08	13.66	13.66	13.25	13.38	82500	1100188.38
2021/06/09	11.06	11.26	11.00	11.07	150000	1665699.25
2021/06/10	11.19	11.19	11.00	11.08	178400	1970931.75
2021/06/11	10.84	12.40	10.84	12.39	490800	5868027.00
2021/06/15	12.50	12.68	11.80	12.49	251200	3110555.50
2021/06/16	12.31	12.98	12.10	12.87	262100	3274175.50
2021/06/17	12.54	13.49	12.16	12.44	563200	7073594.00
2021/06/18	12.27	12.49	12.27	12.43	42600	525757.25
2021/06/21	12.18	12.29	11.92	12.00	144600	1752646.75
2021/06/22	11.93	12.09	11.80	11.93	105600	1258408.13
2021/06/23	11.93	13.49	11.93	13.18	263000	3316490.25
2021/06/24	13.15	14.14	12.80	14.12	1289100	17207706.00
2021/06/25	13.92	14.78	13.92	14.30	899100	12954632.00
2021/06/28	14.30	14.83	14.15	14.50	527700	7716926.50
2021/06/29	13.91	14.49	13.80	14.47	309400	4367885.50
2021/06/30	14.41	14.41	13.84	13.85	371500	4812483.00
2021/07/01	14.04	14.04	13.81	13.87	71900	999383.50
2021/07/02	13.55	14.11	13.52	13.72	124000	1715215.13
2021/07/05	13.53	13.90	13.53	13.77	129600	1780336.13
2021/07/06	13.66	14.48	13.66	14.11	273600	3854292.25
2021/07/07	14.11	14.30	13.85	14.12	171000	2423513.00
2021/07/08	14.15	14.15	13.52	14.02	167100	2347763.75
2021/07/09	13.88	14.29	13.88	14.19	227900	3211460.25
2021/07/12	14.06	14.27	13.95	14.13	1357800	17614214.00
2021/07/13	13.88	14.18	13.79	13.98	566900	7583679.00
2021/07/14	13.98	14.04	13.81	13.88	116300	1623135.13
2021/07/15	13.86	13.89	13.25	13.30	619500	8338830.50
2021/07/16	13.30	13.40	13.11	13.38	905200	11770108.00
2021/07/19	13.10	13.50	13.10	13.24	321700	4278476.00
2021/07/20	13.06	13.30	13.06	13.22	131600	1730070.38
2021/07/21	13.22	13.28	12.86	13.00	241100	3150614.00
2021/07/22	13.01	13.01	12.50	12.65	218800	2788630.00
2021/07/23	12.65	12.94	12.02	12.87	122100	1566261.75
2021/07/26	12.87	12.99	12.45	12.64	1190900	14545676.00
2021/07/27	12.60	12.69	12.48	12.57	94900	1193246.13
2021/07/28	12.50	12.50	11.84	11.97	233200	2806698.75
2021/07/29	12.24	12.24	12.00	12.12	29500	356793.88
2021/07/30	12.12	12.35	12.08	12.23	79200	967329.25
2021/08/02	12.12	12.60	11.79	12.30	131500	1622699.00
2021/08/03	12.21	12.48	12.00	12.30	51900	639944.13
2021/08/04	12.05	12.34	12.05	12.17	67600	824118.31
2021/08/05	12.44	12.44	12.11	12.17	65100	796445.94
2021/08/06	12.10	12.30	12.03	12.19	304500	3711509.25
2021/08/09	12.38	12.98	12.11	12.70	600900	7601276.50
2021/08/10	12.75	12.75	12.40	12.48	170300	2152207.00
2021/08/11	12.40	12.60	12.33	12.60	120500	1507382.88
2021/08/12	12.90	12.98	12.68	12.85	806700	10040056.00
2021/08/13	12.82	12.90	12.20	12.25	758400	9345892.00
2021/08/16	12.50	12.50	12.10	12.13	727700	8942085.00
2021/08/17	12.28	12.37	11.93	11.94	484600	5900935.50
2021/08/18	12.18	12.32	12.10	12.15	632700	7724586.00
2021/08/19	12.20	12.23	12.02	12.12	782500	9516367.00
2021/08/20	12.18	12.78	12.10	12.57	505300	6291458.50
2021/08/23	12.72	12.72	12.42	12.67	245700	3093902.75
2021/08/24	12.31	12.69	9.88	10.88	2767000	30692384.00
2021/08/25	9.60	9.68	7.70	8.62	5679300	50452368.00
2021/08/26	8.46	8.46	7.99	8.15	1128100	8947507.00
2021/08/27	8.16	8.69	8.15	8.37	1201700	10146369.00
2021/08/30	8.75	9.18	8.50	8.79	1912000	16163909.00
2021/08/31	8.93	9.19	8.79	9.09	521200	4710011.50
2021/09/01	9.14	9.54	9.12	9.49	871200	8087799.50
2021/09/02	9.69	9.69	9.01	9.69	1201700	11413092.00
2021/09/03	10.60	11.07	9.88	10.32	2013300	20821764.00
2021/09/06	10.34	12.94	10.02	11.65	3032100	35897936.00
2021/09/07	11.90	11.96	11.06	11.38	1086800	12394987.00
2021/09/08	11.38	11.45	11.08	11.37	676700	7590919.50
2021/09/09	11.25	12.22	11.20	11.76	975900	11536057.00
2021/09/10	11.89	12.23	11.49	12.05	1228300	14552171.00
2021/09/13	12.05	12.67	11.66	12.05	986200	11900917.00
2021/09/14	12.00	12.07	11.58	11.81	320700	3806956.25
2021/09/15	11.90	11.90	11.40	11.53	286500	3335035.50
2021/09/16	11.50	11.66	10.23	10.23	969900	10352011.00
2021/09/17	10.19	10.74	9.74	10.71	808600	8199687.50
2021/09/22	11.39	11.39	10.77	11.04	1475600	16241923.00
2021/09/23	11.09	11.09	10.70	10.81	481200	5223787.00
2021/09/24	10.85	10.90	10.52	10.65	508300	5441243.00
2021/09/27	10.78	10.86	10.21	10.39	465000	4863177.00
2021/09/28	10.60	10.60	10.33	10.55	263100	2744065.00
2021/09/29	10.53	10.53	9.99	10.19	387900	3959682.75
2021/09/30	10.18	10.49	10.00	10.47	768100	7866946.00
2021/10/08	10.60	10.60	10.11	10.36	400200	4117228.75
2021/10/11	10.14	10.35	10.14	10.22	378900	3869674.00
2021/10/12	10.15	10.40	10.00	10.21	105400	1070678.50
2021/10/13	10.28	10.77	10.28	10.74	834800	8827349.00
2021/10/14	10.55	10.74	10.44	10.63	314500	3312709.25
2021/10/15	10.49	10.60	10.36	10.60	116400	1229718.25
2021/10/18	10.60	10.70	10.36	10.53	66700	699527.38
2021/10/19	10.50	10.65	10.43	10.60	87000	919383.44
2021/10/20	10.69	10.69	10.35	10.49	104100	1089207.13
2021/10/21	10.51	10.80	10.37	10.58	429700	4540208.50
2021/10/22	10.59	10.59	10.36	10.45	178400	1855986.63
2021/10/25	10.41	10.56	10.26	10.31	101400	1049391.63
2021/10/26	10.25	10.36	9.08	9.33	802600	7616013.50
2021/10/27	9.36	9.36	8.54	8.95	550100	4883875.00
2021/10/28	8.97	9.51	8.97	9.18	783700	7182847.00
2021/10/29	9.35	9.68	9.21	9.63	342100	3225604.50
2021/11/01	10.15	10.47	10.03	10.22	754700	7701487.50
2021/11/02	10.56	10.56	9.88	10.13	567600	5756706.00
2021/11/03	10.13	10.24	9.80	10.11	327300	3274628.50
2021/11/04	10.02	10.58	10.00	10.52	618000	6398607.50
2021/11/05	10.25	10.58	10.25	10.55	344500	3603039.25
2021/11/08	10.56	11.18	10.40	11.16	901500	9878465.00
2021/11/09	11.10	11.28	10.80	11.10	679000	7464369.00
2021/11/10	11.11	11.19	10.86	11.08	413700	4558152.50
2021/11/11	11.29	11.76	11.00	11.69	1442500	16348330.00
2021/11/12	11.50	12.17	11.50	12.10	1383100	16355734.00
2021/11/15	12.00	12.00	10.75	10.89	2819200	31995820.00
2021/11/16	11.05	11.15	10.20	10.35	1144700	12095351.00
2021/11/17	10.43	10.50	9.99	10.32	837000	8610740.00
2021/11/18	10.33	10.38	9.87	9.98	1479900	14836212.00
2021/11/19	9.99	10.11	9.92	10.04	604100	6050029.50
2021/11/22	10.10	10.10	9.87	9.91	870400	8688293.00
2021/11/23	9.90	10.09	9.80	10.00	2704800	26754806.00
2021/11/24	10.01	10.08	9.84	9.94	902600	8941201.00
2021/11/25	9.94	9.96	9.79	9.84	614200	6051011.00
2021/11/26	9.86	9.91	9.67	9.84	785300	7663509.50
2021/11/29	9.63	9.78	9.39	9.47	485500	4640294.50
2021/11/30	9.40	9.53	9.35	9.40	314600	2961192.25
2021/12/01	9.32	9.40	8.97	9.08	924700	8455281.00
2021/12/02	9.08	9.27	8.95	9.27	948300	8594133.00
2021/12/03	9.24	9.24	8.99	9.06	361400	3278248.50
2021/12/06	8.91	9.10	8.80	8.83	664700	5913949.50
2021/12/07	8.86	8.86	8.64	8.70	402400	3503567.75
2021/12/08	8.65	8.95	8.65	8.80	507200	4463383.50
2021/12/09	8.80	8.87	8.71	8.79	269700	2369255.00
2021/12/10	8.75	8.80	8.72	8.78	100400	880152.69
2021/12/13	8.73	8.85	8.73	8.85	415000	3656271.75
2021/12/14	8.85	9.16	8.82	9.03	656000	5912670.00
2021/12/15	9.04	9.04	8.85	8.89	260500	2320654.00
2021/12/16	8.83	9.04	8.60	8.70	749900	6536414.50
2021/12/17	8.74	8.74	8.59	8.61	573500	5419131.00
2021/12/20	8.69	8.69	8.44	8.50	503900	4291256.00
2021/12/21	8.42	8.52	8.42	8.50	224700	1903573.38
2021/12/22	8.43	8.56	8.43	8.53	271400	2308771.50
2021/12/23	8.55	8.59	8.31	8.38	225200	1895182.13
2021/12/24	8.35	8.39	7.95	8.07	679600	5529448.00
2021/12/27	8.10	8.26	8.04	8.14	262300	2130186.00
2021/12/28	8.25	8.27	8.14	8.27	229600	1883177.50
2021/12/29	8.26	8.47	8.26	8.42	278800	2343615.50
2021/12/30	8.42	8.85	8.42	8.84	912600	7983699.00
2021/12/31	8.86	9.30	8.86	9.20	1657400	15189672.00
2022/01/04	9.08	9.20	8.88	8.94	569400	5099620.50
2022/01/05	8.88	9.00	8.79	8.98	758100	6762945.00
2022/01/06	8.84	9.03	8.84	8.88	365100	3253000.50
2022/01/07	8.89	8.89	8.71	8.73	344600	3025589.00
2022/01/10	8.78	8.78	8.57	8.66	331477	2860958.50
2022/01/11	8.61	8.69	8.57	8.58	201709	1738102.25
2022/01/12	8.56	8.70	8.39	8.68	392914	3337419.25
2022/01/13	8.69	8.78	8.55	8.70	234118	2039904.50
2022/01/14	8.70	8.73	8.60	8.60	207560	1796565.88
2022/01/17	8.53	8.75	8.51	8.66	636433	5506967.50
2022/01/18	8.66	8.66	8.58	8.62	338394	2913686.50
2022/01/19	8.59	8.66	8.48	8.52	259921	2225224.25
2022/01/20	8.48	8.82	8.48	8.63	695305	6058122.00
2022/01/21	8.60	8.67	8.44	8.55	492975	4209226.50
2022/01/24	8.61	8.61	8.30	8.35	339534	2846909.50
2022/01/25	8.40	8.40	8.09	8.09	192304	1570244.38
2022/01/26	8.10	8.12	7.90	7.97	447872	3569561.25
2022/01/27	7.91	8.00	7.80	7.97	241531	1906990.38
2022/01/28	7.97	8.03	7.87	7.95	424475	3371821.75
2022/02/07	7.97	8.21	7.97	8.13	584900	4746105.00
2022/02/08	8.07	8.15	8.00	8.11	334763	2704487.75
2022/02/09	8.08	8.15	7.98	8.09	343374	2768460.25
2022/02/10	8.02	8.18	7.97	8.01	296185	2378179.50
2022/02/11	7.83	7.99	7.75	7.98	430145	3366279.75
2022/02/14	7.81	7.94	7.65	7.74	515311	4011375.75
2022/02/15	7.77	7.77	7.50	7.63	597027	4545637.00
2022/02/16	7.65	7.66	7.59	7.62	135961	1033748.81
2022/02/17	7.58	7.64	7.46	7.52	357139	2681272.25
2022/02/18	7.55	7.55	7.31	7.52	143345	1068930.00
2022/02/21	7.52	7.54	7.41	7.50	144192	1077297.50
2022/02/22	7.58	7.58	7.40	7.41	351450	2623326.50
2022/02/23	7.43	7.53	7.39	7.52	181740	1359650.75
2022/02/24	7.54	7.55	7.31	7.41	450939	3361212.00
2022/02/25	7.54	7.54	7.34	7.34	364922	2710565.25
2022/02/28	7.32	7.38	7.20	7.23	308467	2241194.75
2022/03/01	7.20	7.27	7.17	7.21	168710	1215214.13
2022/03/02	7.35	7.35	7.19	7.24	311555	2263682.25
2022/03/03	7.23	7.29	7.16	7.19	577624	4168990.75
2022/03/04	7.16	7.19	7.04	7.07	349579	2479049.00
2022/03/07	7.04	7.11	6.99	7.02	218959	1541071.00
2022/03/08	6.99	7.03	6.77	6.80	319047	2196002.75
2022/03/09	6.85	6.85	6.32	6.55	460301	3003958.25
2022/03/10	6.61	6.75	6.42	6.52	419190	2750617.25
2022/03/11	6.49	6.50	6.30	6.49	244840	1563298.75
2022/03/14	6.40	6.49	6.19	6.21	270253	1697956.25
2022/03/15	6.16	6.21	5.91	5.98	478606	2898289.50
2022/03/16	6.01	6.07	5.78	5.91	345451	2034368.00
2022/03/17	6.02	6.42	5.90	6.19	585770	3632237.50
2022/03/18	6.16	6.23	6.10	6.19	613995	3774067.50
2022/03/21	6.19	6.20	6.11	6.18	255099	1573437.13
2022/03/22	6.20	6.23	6.12	6.17	219381	1357431.88
2022/03/23	6.12	6.21	6.10	6.16	261389	1606891.75
2022/03/24	6.28	6.28	6.09	6.12	148982	916591.06
2022/03/25	6.08	6.17	6.07	6.09	197296	1203446.13
2022/03/28	6.05	6.05	5.92	6.03	162988	977081.94
2022/03/29	6.05	6.15	5.90	6.05	144161	871278.44
2022/03/30	6.05	6.15	5.98	6.09	116249	704658.75
2022/03/31	6.10	6.10	6.00	6.04	121970	737283.63
2022/04/01	6.08	6.16	6.05	6.10	151701	928107.00
2022/04/06	6.11	6.15	6.06	6.11	185802	1133799.13
2022/04/07	6.17	6.17	6.05	6.08	177770	1083199.75
2022/04/08	6.06	6.10	6.04	6.05	100105	606546.19
2022/04/11	6.10	6.10	5.85	5.91	301310	1787462.50
2022/04/12	5.82	5.95	5.82	5.92	108998	642101.31
2022/04/13	5.90	5.91	5.80	5.86	178985	1044679.69
2022/04/14	5.86	5.91	5.81	5.86	113384	664195.63
2022/04/15	6.00	6.08	5.91	5.96	515607	3094789.50
2022/04/18	6.01	6.06	5.93	6.06	143427	863301.75
2022/04/19	6.06	6.14	5.93	5.96	102073	610111.00
2022/04/20	5.93	5.98	5.90	5.93	170308	1010860.38
2022/04/21	5.90	5.93	5.70	5.76	351928	2048728.13
2022/04/22	5.86	6.00	5.71	5.91	268904	1560874.50
2022/04/25	5.88	6.09	5.59	5.59	286065	1672613.38
2022/04/26	5.65	5.81	5.46	5.56	229794	1275550.50
2022/04/27	5.59	5.78	5.11	5.66	294598	1625452.25
2022/04/28	5.69	5.69	5.44	5.59	196006	1076562.25
2022/04/29	5.67	5.73	5.59	5.73	160405	907649.69
2022/05/05	5.85	5.85	5.68	5.83	219994	1279652.63
2022/05/06	5.82	5.82	5.65	5.68	184568	1056543.00
2022/05/09	5.70	5.81	5.66	5.78	118657	681965.94
2022/05/10	5.86	5.86	5.73	5.76	131456	761778.06
2022/05/11	5.72	5.86	5.70	5.78	276087	1596779.25
2022/05/12	5.73	5.83	5.67	5.77	208489	1195698.50
2022/05/13	5.72	6.05	5.72	5.98	393554	2336068.00
2022/05/16	6.02	6.16	5.96	6.08	282137	1708367.88
2022/05/17	6.09	6.14	5.94	6.07	230795	1390087.25
2022/05/18	6.14	6.14	6.01	6.05	133932	807479.88
2022/05/19	5.86	5.86	5.77	5.83	141226	817835.63
2022/05/20	5.92	5.93	5.78	5.83	166278	975119.44
2022/05/23	5.83	5.87	5.78	5.80	139956	814224.38
2022/05/24	6.09	6.09	5.55	5.58	304616	1746483.13
2022/05/25	5.58	5.73	5.58	5.66	312101	1754534.88
2022/05/26	5.58	5.69	5.53	5.67	164781	925696.06
2022/05/27	5.57	5.66	5.57	5.61	45097	252263.95
2022/05/30	5.65	5.65	5.57	5.60	71025	395895.56
2022/05/31	5.60	5.68	5.55	5.63	168601	940678.13
2022/06/01	5.67	5.67	5.54	5.60	149432	832971.19
2022/06/02	5.63	5.63	5.57	5.61	74726	419276.53
2022/06/06	5.74	5.75	5.66	5.72	376605	2148474.75
2022/06/07	5.73	5.85	5.70	5.82	415162	2408459.75
2022/06/08	5.87	5.88	5.66	5.73	379204	2164692.00
2022/06/09	5.77	5.77	5.64	5.65	162656	926104.56
2022/06/10	5.65	5.72	5.61	5.68	152437	860635.88
2022/06/13	5.60	5.68	5.53	5.60	231198	1290790.88
2022/06/14	5.55	5.67	5.52	5.58	104194	582062.56
2022/06/15	5.64	5.66	5.56	5.58	284307	1595397.38
2022/06/16	5.67	5.67	5.56	5.62	110223	615106.19
2022/06/17	5.59	5.61	5.53	5.58	231020	1285285.13
2022/06/20	5.60	5.70	5.55	5.63	269289	1516601.25
2022/06/21	5.58	5.63	5.51	5.54	265425	1473046.25
2022/06/22	5.57	5.57	5.46	5.52	140054	770582.25
2022/06/23	5.58	5.59	5.43	5.54	200988	1112042.13
2022/06/24	5.54	5.59	5.52	5.57	62817	348920.81
2022/06/27	5.58	5.74	5.52	5.68	509179	2864927.50
2022/06/28	5.63	5.85	5.63	5.80	910875	5437896.50
2022/06/29	5.78	5.89	5.66	5.70	311066	1790078.88
2022/06/30	5.73	5.73	5.62	5.72	339711	1926113.25
2022/07/01	5.70	5.76	5.64	5.68	248063	1407370.63
2022/07/04	5.64	5.69	5.54	5.58	232657	1300811.63
2022/07/05	5.58	5.60	5.41	5.54	333689	1843315.50
2022/07/06	5.53	5.53	5.39	5.44	227679	1238121.25
2022/07/07	5.45	5.49	5.35	5.37	215427	1165087.13
2022/07/08	5.40	5.42	5.36	5.39	69272	373962.66
2022/07/11	5.39	5.43	5.39	5.40	30020	162526.09
2022/07/12	5.40	5.47	5.35	5.41	66213	356319.13
2022/07/13	5.38	5.43	5.36	5.40	82902	447803.91
2022/07/14	5.38	5.40	5.35	5.37	95264	511298.22
2022/07/15	5.34	5.38	5.31	5.35	97238	519917.22
2022/07/18	5.34	5.38	5.30	5.31	174422	928497.13
2022/07/19	5.32	5.37	5.29	5.30	140249	746358.88
2022/07/20	5.31	5.35	5.29	5.32	197110	1047467.75
2022/07/21	5.32	5.32	5.26	5.29	185600	981102.00
2022/07/22	5.26	5.32	5.26	5.30	40894	215752.52
2022/07/25	5.28	5.32	5.26	5.32	48147	254584.70
2022/07/26	5.26	5.36	5.26	5.35	108468	576150.06
2022/07/27	5.36	5.42	5.36	5.41	117653	634031.81
2022/07/28	5.41	5.43	5.38	5.42	83434	451274.44
2022/07/29	5.42	5.42	5.31	5.36	102262	549067.81
2022/08/01	5.32	5.37	5.31	5.35	62400	332984.91
2022/08/02	5.28	5.28	5.03	5.11	346456	1757454.25
2022/08/03	5.14	5.19	5.08	5.12	109747	562510.88
2022/08/04	5.13	5.16	5.09	5.13	86324	441734.13
2022/08/05	5.15	5.16	5.08	5.15	70100	358447.34
2022/08/08	5.20	5.20	5.14	5.16	56367	291082.78
2022/08/09	5.16	5.17	5.12	5.16	115944	595438.63
2022/08/10	5.12	5.16	5.11	5.16	105864	542305.44
2022/08/11	5.16	5.35	5.14	5.31	387657	2037588.25
2022/08/12	5.30	5.38	5.25	5.30	186638	990041.00
2022/08/15	5.30	5.30	5.20	5.26	138944	728710.13
2022/08/16	5.29	5.61	5.23	5.47	682809	3672237.25
2022/08/17	5.46	5.55	5.40	5.47	161855	884365.31
2022/08/18	5.44	5.47	5.38	5.43	102900	559801.75
2022/08/19	5.42	5.42	5.32	5.37	90159	482642.50
2022/08/22	5.34	5.37	5.12	5.34	140667	746430.75
2022/08/23	5.30	5.39	5.29	5.39	105262	563532.50
2022/08/24	5.36	5.37	5.17	5.25	154201	814733.94
2022/08/25	5.14	5.20	5.07	5.14	321429	1645485.63
2022/08/26	5.11	5.19	5.11	5.16	91586	472447.88
2022/08/29	5.14	5.18	5.12	5.15	157513	810259.50
2022/08/30	5.17	5.18	5.14	5.17	111476	575503.06
2022/08/31	5.14	5.17	5.08	5.13	112517	574834.19
2022/09/01	5.15	5.16	5.11	5.15	50658	259481.14
2022/09/02	5.17	5.21	5.14	5.21	136129	706639.19
2022/09/05	5.30	5.30	5.23	5.26	176271	929282.75
2022/09/06	5.24	5.28	5.23	5.23	61872	324352.66
2022/09/07	5.23	5.29	5.21	5.26	38768	203292.72
2022/09/08	5.26	5.28	5.20	5.25	55791	291284.78
2022/09/09	5.28	5.28	5.23	5.23	17978	94252.98
2022/09/13	5.19	5.24	5.18	5.21	46111	240317.27
2022/09/14	5.17	5.22	5.17	5.18	33043	171547.66
2022/09/15	5.19	5.22	5.02	5.05	132319	676000.63
2022/09/16	5.09	5.88	5.06	5.30	2473260	13465567.00
2022/09/19	5.53	5.53	5.24	5.39	1364180	7297866.50
2022/09/20	5.32	5.82	5.26	5.62	3780703	20727068.00
2022/09/21	5.52	6.12	5.45	5.89	4076774	23835268.00
2022/09/22	5.90	6.14	5.66	5.67	2505657	14769260.00
2022/09/23	5.73	5.73	5.31	5.37	2095764	11371170.00
2022/09/26	5.33	5.43	5.12	5.21	746029	3915581.50
2022/09/27	5.21	5.28	5.10	5.18	526165	2704500.50
2022/09/28	5.22	5.23	5.07	5.14	381056	1965243.25
2022/09/29	5.16	5.18	5.04	5.06	451820	2297943.50
2022/09/30	5.06	5.06	4.85	4.92	752337	3717465.50
2022/10/10	4.91	4.98	4.78	4.79	511939	2474760.25
2022/10/11	4.78	4.86	4.75	4.83	277450	1398602.63
2022/10/12	4.83	5.19	4.83	5.05	336660	1676309.13
2022/10/13	5.00	5.06	4.90	5.00	234116	1163994.50
2022/10/14	4.96	5.11	4.95	5.05	361917	1822951.63
2022/10/17	4.96	5.08	4.96	5.05	163858	821881.56
2022/10/18	5.04	5.07	4.98	5.07	175885	882233.56
2022/10/19	5.09	5.09	4.99	5.02	241076	1209631.50
2022/10/20	4.96	5.03	4.96	4.99	147163	736034.50
2022/10/21	5.00	5.05	4.99	5.03	74513	372760.13
2022/10/24	5.03	5.05	4.90	4.95	206876	1027202.31
2022/10/25	5.00	5.00	4.83	4.93	145562	708571.81
2022/10/26	4.87	5.02	4.87	4.96	151281	753020.38
2022/10/27	4.91	5.05	4.90	4.96	154657	764021.13
2022/10/28	4.90	4.95	4.81	4.84	211378	1028109.81
2022/10/31	4.84	4.93	4.81	4.83	172537	837755.56
2022/11/01	4.86	4.89	4.83	4.89	137600	668333.06
2022/11/02	4.83	4.95	4.83	4.93	277906	1364610.25
2022/11/03	4.96	4.98	4.91	4.98	263135	1302034.25
2022/11/04	5.09	5.09	4.92	5.01	280413	1398593.25
2022/11/07	5.03	5.15	5.03	5.08	516253	2466390.25
2022/11/08	5.02	5.08	5.01	5.06	236711	1190761.50
2022/11/09	5.04	5.09	5.02	5.06	136004	686199.00
2022/11/10	5.01	5.07	5.01	5.02	121503	612156.81
2022/11/11	5.08	5.10	5.03	5.07	225584	1143221.38
2022/11/14	5.13	5.13	5.06	5.07	161203	817899.19
2022/11/15	5.14	5.14	5.06	5.10	167134	849615.31
2022/11/16	5.07	5.10	5.01	5.05	199064	1002377.06
2022/11/17	5.02	5.05	4.99	5.05	228133	1144713.63
2022/11/18	5.00	5.07	5.00	5.05	114851	579908.25
2022/11/21	5.11	5.15	5.06	5.08	337387	1722651.63
2022/11/22	5.09	5.09	4.91	4.99	353011	1764947.38
2022/11/23	4.94	4.99	4.90	4.97	242527	1194919.50
2022/11/24	4.97	4.99	4.92	4.97	41085	204117.84
2022/11/25	4.99	5.02	4.94	4.97	125567	624882.69
2022/11/28	5.00	5.00	4.94	4.98	132899	659373.88
2022/11/29	4.92	5.05	4.92	5.02	113561	569240.50
2022/11/30	5.02	5.04	4.98	5.02	128252	643225.88
2022/12/01	5.02	5.02	4.98	5.00	197936	989412.81
2022/12/02	5.00	5.01	4.96	5.00	203695	1016608.81
2022/12/05	5.05	5.05	4.98	5.01	178400	891925.63
2022/12/06	5.03	5.03	4.97	4.97	140037	698071.00
2022/12/07	4.97	5.01	4.97	4.98	164699	822861.63
2022/12/08	4.96	5.03	4.95	4.97	87976	437876.13
2022/12/09	4.96	5.14	4.96	5.00	106141	532105.56
2022/12/12	5.02	5.02	4.93	4.99	111687	552369.00
2022/12/13	4.99	4.99	4.94	4.94	73133	363069.06
2022/12/14	4.97	4.99	4.92	4.93	55308	272912.63
2022/12/15	4.99	4.99	4.92	4.96	31260	154125.28
2022/12/16	4.96	4.98	4.91	4.95	73066	360121.56
2022/12/19	4.95	4.95	4.83	4.88	48346	236197.67
2022/12/20	4.86	4.94	4.86	4.92	27414	134798.16
2022/12/21	4.84	4.90	4.83	4.87	29189	141544.52
2022/12/22	4.88	4.88	4.72	4.75	242904	1165953.25
2022/12/23	4.70	4.79	4.70	4.76	82353	389735.19
2022/12/26	4.74	4.78	4.66	4.77	241433	1138323.88
2022/12/27	4.75	4.80	4.68	4.73	96573	454621.69
2022/12/28	4.69	4.75	4.68	4.68	111438	523428.47
2022/12/29	4.66	4.75	4.63	4.68	158935	745700.38
2022/12/30	4.74	4.74	4.61	4.72	49965	233559.73
2023/01/03	4.72	4.75	4.69	4.73	46783	221280.48
2023/01/04	4.69	4.77	4.69	4.75	144346	683235.13
2023/01/05	4.75	4.78	4.70	4.78	259261	1234226.00
2023/01/06	4.78	4.82	4.77	4.80	74727	357746.25
2023/01/09	4.83	4.85	4.77	4.85	210150	1015848.50
2023/01/10	4.80	4.85	4.77	4.85	261685	1257511.13
2023/01/11	4.79	4.91	4.78	4.81	101817	492211.81
2023/01/12	4.75	4.86	4.75	4.81	37332	178891.30
2023/01/13	4.76	4.83	4.74	4.80	85299	406112.75
2023/01/16	4.75	4.87	4.75	4.80	56794	272236.25
2023/01/17	4.76	4.85	4.76	4.80	43223	207237.03
2023/01/18	4.76	4.81	4.76	4.77	114501	548113.63
2023/01/19	4.78	4.83	4.74	4.80	63552	304626.75
2023/01/20	4.83	4.91	4.82	4.86	169140	822079.13
2023/01/30	4.93	4.94	4.86	4.93	204028	1000230.88
2023/01/31	5.06	5.15	4.93	5.13	654727	3327295.50
2023/02/01	5.13	5.25	5.10	5.19	754771	3907565.00
2023/02/02	5.29	5.29	5.07	5.12	368087	1894165.13
2023/02/03	5.14	5.21	5.08	5.13	181703	932855.00
2023/02/06	5.07	5.13	5.00	5.03	296780	1506903.25
2023/02/07	5.03	5.11	5.01	5.08	124610	629446.56
2023/02/08	5.03	5.09	5.03	5.06	87072	439886.97
2023/02/09	5.05	5.09	5.03	5.08	102751	520446.38
2023/02/10	5.09	5.09	5.02	5.07	143901	727015.63
数据来源:通达信
