835640 富士达 日线 不复权
      日期	    开盘	    最高	    最低	    收盘	    成交量	    成交额
2017/01/18	4.25	4.25	4.25	4.25	30000	127500.00
2017/08/21	4.18	4.18	4.18	4.18	60000	250800.00
2018/01/19	4.22	4.22	4.22	4.22	100000	422000.00
2018/01/25	4.22	4.22	4.22	4.22	10000	42200.00
2018/05/21	4.20	4.20	4.20	4.20	10000	42000.00
2018/06/27	4.00	4.00	4.00	4.00	30000	120000.00
2018/06/29	4.13	4.13	4.13	4.13	30000	123900.00
2018/07/02	4.13	4.13	4.13	4.13	20000	82600.00
2018/11/02	4.20	4.20	4.20	4.20	30000	126000.00
2019/02/22	4.30	4.30	4.30	4.30	50000	215000.00
2019/02/26	4.30	4.30	4.30	4.30	10000	43000.00
2019/03/13	4.30	4.30	4.30	4.30	30000	129000.00
2019/05/21	4.13	4.13	4.13	4.13	20000	82600.00
2019/09/06	8.17	8.17	8.17	8.17	1000	8170.00
2019/09/12	8.22	8.22	8.22	8.22	5000	41100.00
2019/11/08	9.00	9.00	9.00	9.00	1200	10800.00
2019/11/14	9.00	9.00	9.00	9.00	1000	9000.00
2019/11/19	11.63	11.63	11.63	11.63	1000	11630.00
2019/11/20	11.91	11.91	11.91	11.91	6000	71460.00
2019/11/21	12.00	12.00	12.00	12.00	36000	432000.00
2019/11/22	11.90	11.90	11.90	11.90	1000	11900.00
2019/11/28	11.87	11.87	11.87	11.87	1000	11870.00
2019/12/03	11.87	11.87	11.87	11.87	2000	23740.00
2019/12/10	11.87	11.87	11.87	11.87	1000	11870.00
2019/12/11	11.82	11.82	11.82	11.82	1000	11820.00
2019/12/16	10.00	10.00	10.00	10.00	2000	20000.00
2019/12/17	10.61	10.61	10.61	10.61	2000	21220.00
2019/12/26	11.00	11.00	11.00	11.00	2000	22000.00
2020/01/06	11.51	11.51	11.51	11.51	2000	23020.00
2020/01/07	11.99	12.00	11.99	12.00	3600	43174.00
2020/01/09	11.50	11.50	11.50	11.50	4000	46000.00
2020/01/13	11.55	11.55	11.55	11.55	2000	23100.00
2020/01/14	11.55	11.55	11.55	11.55	2000	23100.00
2020/01/17	12.00	12.00	12.00	12.00	1000	12000.00
2020/01/20	12.60	12.66	12.60	12.66	3000	37860.00
2020/01/22	13.20	13.60	13.20	13.30	30000	401600.00
2020/01/23	13.30	13.30	13.30	13.30	44000	585200.00
2020/02/06	13.30	13.30	13.30	13.30	2000	26600.00
2020/02/13	13.80	13.81	13.80	13.81	7000	96660.00
2020/02/14	13.81	13.81	13.30	13.30	2000	27110.00
2020/02/17	12.00	12.00	12.00	12.00	4000	48000.00
2020/02/18	11.80	11.80	11.80	11.80	2000	23600.00
2020/02/19	13.00	13.00	13.00	13.00	1000	13000.00
2020/02/21	13.30	13.30	13.00	13.00	7000	92200.00
2020/02/24	12.80	12.80	12.50	12.50	2000	25300.00
2020/02/27	12.62	12.62	12.52	12.52	14000	175450.00
2020/02/28	11.99	11.99	11.99	11.99	11000	131890.00
2020/03/04	13.00	13.00	13.00	13.00	1000	13000.00
2020/03/05	12.06	12.09	12.06	12.09	26000	313790.00
2020/03/06	12.02	12.02	12.01	12.02	64000	769020.00
2020/03/09	11.95	11.96	11.78	11.78	24000	284350.00
2020/03/10	11.80	11.80	11.80	11.80	10000	118000.00
2020/03/12	12.10	12.10	12.00	12.00	15000	180730.00
2020/03/13	12.05	12.05	12.05	12.05	20000	241000.00
2020/03/16	12.05	12.05	12.02	12.02	70000	843470.00
2020/03/18	11.99	11.99	11.88	11.88	10000	119460.00
2020/03/23	11.90	11.90	11.90	11.90	1000	11900.00
2020/03/25	12.00	12.00	12.00	12.00	2000	24000.00
2020/03/27	11.88	12.20	11.88	12.20	26000	316880.00
2020/03/30	12.00	12.28	12.00	12.28	42000	515200.00
2020/03/31	12.26	12.26	12.18	12.18	3200	39072.00
2020/04/01	12.16	12.16	11.88	11.90	11800	141160.00
2020/04/02	12.25	12.25	12.18	12.18	9500	116599.50
2020/04/03	12.18	12.19	12.17	12.17	107000	1304860.00
2020/04/07	12.17	12.17	12.17	12.17	2000	24340.00
2020/04/08	12.31	12.31	12.31	12.31	138700	1707397.00
2020/04/09	12.60	12.60	12.60	12.60	300	3780.00
2020/04/10	12.88	12.88	12.60	12.60	12900	166828.48
2020/04/13	12.80	12.80	12.80	12.80	4400	56678.40
2020/04/14	13.00	13.20	13.00	13.20	68800	905190.38
2020/04/15	13.20	13.51	13.20	13.51	23000	308110.00
2020/04/16	13.69	14.01	13.69	14.01	71200	987212.00
2020/04/17	14.10	14.50	14.10	14.50	47400	673060.00
2020/04/20	14.61	15.30	14.61	15.30	74200	1110572.00
2020/04/21	15.52	16.00	15.52	16.00	98000	1549188.00
2020/04/22	15.99	15.99	15.70	15.70	10800	171972.00
2020/04/23	15.66	15.66	15.05	15.05	17100	261790.00
2020/04/24	15.04	15.04	15.04	15.04	3000	45120.00
2020/04/27	15.44	15.44	15.28	15.30	6000	92578.00
2020/04/28	15.27	15.27	15.20	15.20	5900	89785.00
2020/04/29	15.20	15.30	15.20	15.20	12700	193190.00
2020/04/30	16.50	16.66	15.88	15.88	48200	789224.00
2020/05/06	15.52	15.52	14.94	15.11	31900	484331.00
2020/05/07	15.98	16.00	15.50	15.50	5500	87170.00
2020/05/08	14.95	15.20	14.95	15.20	8300	124710.00
2020/05/11	15.94	16.58	15.94	16.47	18000	295380.00
2020/05/13	19.53	19.53	17.38	17.38	66700	1278418.00
2020/05/14	18.85	18.85	18.29	18.29	9000	167410.00
2020/05/15	18.82	18.88	18.82	18.85	47500	894982.88
2020/05/18	19.20	19.50	19.20	19.50	27800	541860.00
2020/05/19	19.70	19.70	19.69	19.69	6000	118160.00
2020/05/20	19.69	19.69	19.69	19.69	4200	82776.76
2020/05/21	18.60	18.72	18.60	18.72	10400	194008.00
2020/05/22	19.35	19.35	19.02	19.02	900	17184.00
2020/05/26	19.01	19.01	19.00	19.00	1700	32302.00
2020/07/27	25.00	26.99	15.05	16.21	6348300	117814800.00
2020/07/28	16.35	17.33	15.01	16.30	2235400	36131192.00
2020/07/29	16.41	18.10	16.39	17.44	2076800	36092204.00
2020/07/30	17.80	19.00	17.80	18.47	2256800	41386384.00
2020/07/31	18.49	19.62	18.18	19.58	1312700	24841376.00
2020/08/03	19.70	21.49	19.70	20.96	1189800	24610034.00
2020/08/04	20.80	22.05	20.68	21.30	1216400	25914496.00
2020/08/05	21.51	22.50	21.20	21.55	931400	20410370.00
2020/08/06	21.98	21.98	20.53	20.78	999500	20825528.00
2020/08/07	20.69	20.69	19.55	19.77	781600	15512827.00
2020/08/10	19.70	20.64	19.66	19.92	467200	9361069.00
2020/08/11	19.82	21.50	19.77	20.12	665200	13691716.00
2020/08/12	20.02	20.48	19.21	19.65	415000	8128748.00
2020/08/13	19.69	20.08	19.53	19.62	289800	5723142.00
2020/08/14	19.70	19.78	19.20	19.49	297500	5795653.00
2020/08/17	19.49	19.65	19.30	19.49	190600	3709771.25
2020/08/18	19.33	19.50	18.46	18.68	310500	5864991.00
2020/08/19	18.50	18.95	18.35	18.83	181900	3385748.00
2020/08/20	18.55	18.99	18.41	18.66	143500	2682667.75
2020/08/21	18.54	18.66	18.25	18.25	209000	3858219.25
2020/08/24	18.19	18.30	17.79	18.17	237100	4257836.50
2020/08/25	18.01	18.30	17.81	17.95	181000	3257472.25
2020/08/26	18.21	19.16	18.13	18.34	236900	4413169.00
2020/08/27	18.36	18.88	18.10	18.70	130700	2418521.00
2020/08/28	18.70	18.97	18.51	18.52	169500	3178184.75
2020/08/31	18.52	18.70	17.50	17.90	621700	11272803.00
2020/09/01	17.91	17.97	17.59	17.80	187700	3323774.00
2020/09/02	17.68	17.87	17.61	17.73	101600	1800244.75
2020/09/03	17.63	18.06	17.63	17.90	89100	1597993.13
2020/09/04	17.82	18.07	17.78	18.04	56900	1016306.31
2020/09/07	18.00	18.09	17.75	17.96	102200	1828869.88
2020/09/08	17.72	18.07	17.72	17.78	100100	1787930.63
2020/09/09	17.73	17.73	16.99	17.20	264300	4564615.50
2020/09/10	17.15	17.43	16.62	16.65	105900	1792325.00
2020/09/11	17.50	17.50	16.21	16.48	139600	2296216.25
2020/09/14	16.50	16.80	16.48	16.74	47200	789227.06
2020/09/15	16.70	17.29	16.56	17.08	42300	715882.75
2020/09/16	17.01	17.20	16.85	17.18	101900	1743236.38
2020/09/17	17.30	17.30	17.02	17.21	41200	709106.44
2020/09/18	16.92	17.39	16.92	17.35	30000	518226.75
2020/09/21	17.21	17.39	17.17	17.32	23600	407784.91
2020/09/22	17.22	17.31	17.01	17.03	40300	688642.81
2020/09/23	16.93	17.00	16.50	16.90	60600	1017146.94
2020/09/24	17.05	17.05	16.60	16.60	59000	980785.88
2020/09/25	16.52	16.65	16.22	16.52	59900	983272.88
2020/09/28	16.38	16.55	16.35	16.45	22000	360925.19
2020/09/29	16.32	16.59	16.32	16.58	35600	587109.69
2020/09/30	16.38	16.80	16.38	16.68	76700	1280595.25
2020/10/09	16.68	16.98	16.55	16.84	195500	3276131.25
2020/10/12	17.00	17.70	17.00	17.69	212400	3727356.00
2020/10/13	17.69	18.15	17.00	18.05	220400	3923627.75
2020/10/14	18.10	18.55	18.00	18.20	235600	4315102.00
2020/10/15	18.26	18.26	17.80	18.00	99300	1799349.25
2020/10/16	18.09	18.09	17.70	17.78	61700	1103209.13
2020/10/19	17.99	18.14	17.99	17.99	62200	1123690.88
2020/10/20	18.02	18.19	17.81	18.19	77600	1391076.75
2020/10/21	18.19	18.20	17.91	18.16	62200	1122757.88
2020/10/22	18.26	18.27	17.95	18.14	74300	1338583.25
2020/10/23	17.96	18.15	17.82	18.04	152800	2743300.00
2020/10/26	17.84	17.95	17.44	17.51	85800	1517524.00
2020/10/27	17.59	17.77	17.37	17.60	41100	718290.06
2020/10/28	17.58	17.58	17.42	17.50	39200	685985.19
2020/10/29	17.42	17.55	17.35	17.50	71000	1238372.63
2020/10/30	17.68	18.20	17.68	17.96	230200	4148892.00
2020/11/02	17.90	18.15	17.75	17.90	163900	2942924.25
2020/11/03	17.81	18.00	17.57	17.89	203400	3608140.50
2020/11/04	17.97	18.17	17.80	18.14	106200	1915483.25
2020/11/05	18.19	18.40	18.14	18.39	121000	2214344.75
2020/11/06	18.40	18.40	17.84	18.10	101200	1840815.25
2020/11/09	18.20	18.20	17.91	18.11	100000	1811653.25
2020/11/10	18.16	18.16	17.80	17.85	54600	978066.25
2020/11/11	18.00	18.14	17.79	17.93	34800	622693.44
2020/11/12	17.75	17.96	17.60	17.88	94100	1671933.50
2020/11/13	17.65	17.78	17.60	17.75	58300	1030804.88
2020/11/16	17.89	17.89	17.54	17.78	28400	501500.56
2020/11/17	17.78	17.78	17.55	17.60	52600	927121.75
2020/11/18	17.52	17.60	17.40	17.55	89000	1556646.63
2020/11/19	17.55	17.69	17.41	17.65	56900	1002733.19
2020/11/20	17.45	18.00	17.45	17.90	57000	1018292.19
2020/11/23	17.71	17.96	17.62	17.88	56100	1001203.38
2020/11/24	17.73	17.95	17.73	17.92	105400	1881427.00
2020/11/25	17.82	17.90	17.74	17.76	106400	1894430.50
2020/11/26	17.73	17.82	17.70	17.79	34100	606504.25
2020/11/27	17.84	18.46	17.84	18.40	292200	5326681.50
2020/11/30	18.55	19.54	18.55	18.72	594200	11322010.00
2020/12/01	18.60	19.42	18.48	19.26	459300	8697523.00
2020/12/02	19.16	19.26	18.71	18.94	247000	4674477.00
2020/12/03	18.92	19.39	18.92	19.03	124300	2379041.50
2020/12/04	19.03	19.17	18.88	19.04	100400	1908709.25
2020/12/07	18.85	19.07	18.85	19.05	117300	2229307.25
2020/12/08	18.86	19.04	18.80	18.80	96700	1824140.63
2020/12/09	18.78	18.80	18.28	18.31	136500	2559066.25
2020/12/10	18.31	18.51	18.00	18.40	54000	991784.06
2020/12/11	18.40	18.40	17.97	18.19	100200	1824122.75
2020/12/14	18.19	18.19	17.94	17.99	136000	2453966.25
2020/12/15	18.08	18.10	17.82	18.00	59500	1072828.75
2020/12/16	18.01	18.66	18.00	18.48	177200	3265287.50
2020/12/17	18.62	18.93	18.62	18.90	119800	2253675.25
2020/12/18	19.13	19.14	18.91	18.94	139300	2646496.50
2020/12/21	19.10	19.94	18.90	19.90	385900	7498098.50
2020/12/22	20.15	20.25	19.81	19.94	245100	4908702.00
2020/12/23	19.80	19.99	19.25	19.26	210600	4103257.50
2020/12/24	19.33	19.79	18.90	18.96	182800	3513157.00
2020/12/25	18.99	19.58	18.90	18.92	102400	1958271.38
2020/12/28	18.95	19.20	18.84	19.09	173500	3302027.50
2020/12/29	19.07	19.12	18.91	18.99	105400	2004639.88
2020/12/30	19.00	19.23	18.92	19.14	259900	4935369.50
2020/12/31	19.02	19.42	19.02	19.42	102600	1968864.13
2021/01/04	19.33	20.00	19.33	19.98	432500	8597829.00
2021/01/05	19.98	20.00	19.40	19.86	94600	1872631.38
2021/01/06	19.76	20.02	19.71	20.02	175900	3507488.50
2021/01/07	20.00	20.00	19.50	19.80	199200	3933316.75
2021/01/08	19.67	19.95	19.41	19.66	201400	3951150.00
2021/01/11	19.65	19.81	19.35	19.68	181200	3551837.00
2021/01/12	19.55	20.11	19.55	19.88	164500	3279997.00
2021/01/13	19.95	20.60	19.95	20.46	220500	4495853.00
2021/01/14	20.42	21.52	20.25	21.42	301700	6336115.00
2021/01/15	21.52	23.50	21.52	23.00	578500	13109933.00
2021/01/18	23.47	26.09	23.15	25.73	660500	16478568.00
2021/01/19	25.88	27.48	25.73	27.01	816900	21961358.00
2021/01/20	27.15	27.20	25.81	26.50	777200	20506664.00
2021/01/21	26.52	29.49	26.52	28.70	640000	18152120.00
2021/01/22	28.58	30.00	28.30	28.54	458600	13357990.00
2021/01/25	28.97	30.90	28.71	29.01	771100	22938564.00
2021/01/26	29.65	29.89	28.60	28.95	305400	8878404.00
2021/01/27	29.38	30.58	29.04	29.80	536900	16031121.00
2021/01/28	29.80	31.30	29.10	29.10	337800	10174244.00
2021/01/29	29.70	30.86	29.25	30.86	646500	19519112.00
2021/02/01	31.38	31.99	30.00	31.51	387800	12025659.00
2021/02/02	31.88	31.94	31.20	31.39	184200	5809542.00
2021/02/03	31.50	31.59	26.11	28.30	607000	17570326.00
2021/02/04	28.26	28.26	26.51	27.65	263400	7208714.50
2021/02/05	27.68	28.45	27.56	27.57	128600	3588387.25
2021/02/08	28.00	28.30	27.11	27.60	126300	3492690.00
2021/02/09	27.63	29.23	26.60	29.05	216000	6150264.50
2021/02/10	29.01	29.79	28.85	29.60	125400	3670914.25
2021/02/18	29.57	29.58	28.70	29.20	153600	4488268.50
2021/02/19	29.19	29.80	28.81	29.20	99300	2901756.50
2021/02/22	29.07	29.35	28.60	28.60	80400	2324008.50
2021/02/23	28.60	28.78	27.70	28.30	81900	2310862.50
2021/02/24	27.88	28.32	27.51	28.17	76800	2137928.75
2021/02/25	28.45	28.83	27.73	28.68	71300	2022263.38
2021/02/26	28.00	28.20	25.20	25.84	358600	9515614.00
2021/03/01	26.30	27.57	26.30	26.83	182000	4913051.00
2021/03/02	26.86	27.35	25.80	26.43	109700	2911178.75
2021/03/03	26.11	27.37	26.10	27.37	173000	4643863.50
2021/03/04	27.67	28.50	27.46	27.46	120400	3372663.75
2021/03/05	27.66	28.20	27.22	28.12	56300	1570689.00
2021/03/08	27.90	28.29	27.55	27.65	122200	3415373.25
2021/03/09	28.01	28.20	27.09	27.55	103100	2838057.50
2021/03/10	27.70	27.80	26.14	26.57	147600	3932620.25
2021/03/11	26.69	26.97	26.16	26.64	47200	1246741.63
2021/03/12	26.60	26.79	26.18	26.58	101000	2678435.75
2021/03/15	26.58	27.00	26.50	26.88	123200	3299928.25
2021/03/16	26.35	27.19	26.35	27.15	41800	1127268.50
2021/03/17	27.30	27.30	26.95	26.98	50900	1377644.75
2021/03/18	26.98	28.48	26.92	28.37	213900	5963668.00
2021/03/19	28.37	28.48	27.90	28.29	166100	4668601.00
2021/03/22	28.28	29.27	28.28	29.03	129800	3740206.75
2021/03/23	29.51	29.51	28.68	29.10	77200	2237278.00
2021/03/24	28.86	29.30	28.86	29.18	105600	3075168.25
2021/03/25	28.93	29.20	28.66	29.20	56400	1631405.75
2021/03/26	29.20	29.28	28.85	29.08	45600	1327453.75
2021/03/29	29.18	31.30	28.95	30.88	321600	9714040.00
2021/03/30	30.99	31.40	30.30	30.98	301200	9287985.00
2021/03/31	32.12	32.78	29.56	30.41	490000	15273257.00
2021/04/01	30.20	30.67	29.51	29.86	152900	4574022.50
2021/04/02	29.69	30.55	29.69	30.23	102500	3093441.75
2021/04/06	30.03	30.48	29.96	30.28	123300	3720936.25
2021/04/07	30.21	31.84	30.06	31.24	172200	5364544.50
2021/04/08	31.33	32.00	30.85	31.53	139300	4407803.50
2021/04/09	31.84	31.98	31.20	31.52	88400	2786712.00
2021/04/12	31.68	31.86	31.01	31.03	125900	3944810.50
2021/04/13	31.40	31.40	29.89	30.28	164400	4985685.00
2021/04/14	29.80	30.49	29.80	30.40	54800	1651064.13
2021/04/15	30.00	30.60	30.00	30.58	34800	1058815.63
2021/04/16	30.61	30.67	30.06	30.67	57700	1754494.63
2021/04/19	30.82	31.73	30.72	31.10	167300	5216899.50
2021/04/20	31.00	31.54	30.50	30.99	139100	4291725.00
2021/04/21	30.98	30.98	30.55	30.87	62800	1926878.25
2021/04/22	30.50	30.87	30.50	30.65	32100	984346.50
2021/04/23	30.98	31.25	30.50	30.98	114500	3539504.00
2021/04/26	30.80	30.98	30.47	30.50	121000	3713497.25
2021/04/27	30.46	30.46	28.00	28.25	538600	15721920.00
2021/04/28	28.27	28.73	28.10	28.30	100500	2852751.25
2021/04/29	28.43	28.61	27.51	28.55	187200	5228940.00
2021/04/30	29.70	31.21	29.70	30.69	340000	10335693.00
2021/05/06	30.66	32.38	30.01	31.26	129900	4086717.25
2021/05/07	31.00	32.00	30.79	31.20	149400	4705669.50
2021/05/10	31.54	31.68	31.20	31.29	128100	4022150.75
2021/05/11	31.28	31.30	30.50	30.98	149300	4547972.00
2021/05/12	15.00	15.42	15.00	15.31	113300	1732162.50
2021/05/13	15.31	15.44	15.12	15.31	93900	1434665.25
2021/05/14	15.45	15.59	15.21	15.50	154400	2375402.25
2021/05/17	15.31	15.66	15.31	15.53	120900	1872972.88
2021/05/18	15.54	15.62	15.42	15.54	54800	847536.13
2021/05/19	15.33	15.87	15.33	15.66	136900	2140442.25
2021/05/20	15.71	16.80	15.71	16.76	369600	6078877.50
2021/05/21	17.10	17.20	16.70	17.14	155000	2633608.00
2021/05/24	17.15	17.17	16.86	17.00	92200	1571152.75
2021/05/25	17.11	17.25	16.89	17.17	117800	2014704.38
2021/05/26	17.29	17.45	16.97	17.44	99000	1716040.00
2021/05/27	17.50	17.60	17.21	17.60	58800	1026108.63
2021/05/28	17.40	17.70	17.05	17.16	144800	2505770.50
2021/05/31	17.14	17.14	16.76	16.78	216500	3653379.25
2021/06/01	16.78	16.88	16.30	16.78	178400	2965122.25
2021/06/02	16.87	16.87	16.50	16.71	141700	2361081.50
2021/06/03	17.00	17.02	16.70	16.96	104000	1757788.00
2021/06/04	17.00	17.49	16.73	17.30	113100	1927740.50
2021/06/07	17.43	19.75	17.43	19.70	889600	16675215.00
2021/06/08	19.85	21.36	19.85	20.80	691400	14276176.00
2021/06/09	20.75	21.87	20.41	21.87	505100	10929446.00
2021/06/10	22.40	22.46	20.94	21.70	498700	10826110.00
2021/06/11	21.96	22.68	21.78	21.99	299300	6649244.00
2021/06/15	22.18	22.37	21.96	22.16	253200	5584899.00
2021/06/16	22.01	22.10	20.94	21.58	270100	5824628.00
2021/06/17	21.65	21.98	21.50	21.75	197600	4284580.50
2021/06/18	21.80	23.20	21.73	23.19	497100	11241076.00
2021/06/21	23.16	23.52	22.81	22.95	620500	14311457.00
2021/06/22	23.28	23.28	22.83	23.00	262400	6027929.50
2021/06/23	22.91	23.98	22.90	23.61	283800	6676279.50
2021/06/24	23.70	24.98	23.51	24.60	383700	9289327.00
2021/06/25	24.70	24.99	24.49	24.69	352600	8748744.00
2021/06/28	24.61	24.88	23.72	23.88	386700	9520432.00
2021/06/29	23.78	23.88	22.00	22.24	850100	19387548.00
2021/06/30	22.36	22.90	22.24	22.79	720000	16340011.00
2021/07/01	22.82	23.00	22.30	22.69	193800	4399046.00
2021/07/02	22.67	24.00	22.41	24.00	444100	10217343.00
2021/07/05	23.31	24.36	23.31	23.85	273500	6487045.50
2021/07/06	23.80	23.90	23.58	23.73	344700	8172812.50
2021/07/07	23.73	24.28	23.60	24.28	259400	6204458.50
2021/07/08	23.92	24.35	23.30	23.71	543000	12859421.00
2021/07/09	23.47	25.12	23.43	24.98	672100	16476581.00
2021/07/12	25.22	25.98	25.15	25.63	702000	17972340.00
2021/07/13	25.88	25.89	25.21	25.30	251000	6407518.00
2021/07/14	25.18	25.68	24.92	25.40	304300	7721835.00
2021/07/15	25.65	25.86	25.32	25.58	245200	6260576.50
2021/07/16	25.38	25.71	24.85	25.02	357300	8980339.00
2021/07/19	25.33	25.39	21.87	21.90	1089300	25731620.00
2021/07/20	21.66	21.97	20.91	21.70	668800	14326409.00
2021/07/21	21.90	22.38	21.68	22.15	465900	10205206.00
2021/07/22	22.15	22.15	20.31	20.70	820500	17126666.00
2021/07/23	20.71	22.08	19.95	22.08	952200	19816832.00
2021/07/26	22.20	23.18	21.61	22.10	315700	7063235.00
2021/07/27	22.10	22.36	21.66	22.00	221600	4884091.00
2021/07/28	21.66	21.99	19.80	20.38	836100	16982648.00
2021/07/29	20.39	21.36	20.03	21.20	374600	7736641.50
2021/07/30	21.38	21.95	20.76	21.90	361800	7715203.00
2021/08/02	21.90	22.00	21.36	21.46	176000	3797336.00
2021/08/03	21.26	21.69	21.14	21.25	89200	1910626.25
2021/08/04	21.01	21.50	21.01	21.35	194100	4128959.50
2021/08/05	21.33	21.37	20.89	21.19	121600	2569322.00
2021/08/06	20.98	21.47	20.88	21.28	123300	2592708.25
2021/08/09	21.43	21.45	20.60	21.15	201200	4227256.50
2021/08/10	20.95	21.40	20.95	21.38	278200	5912038.50
2021/08/11	21.19	23.75	21.19	23.45	686300	15697533.00
2021/08/12	25.00	26.94	24.15	26.49	1474400	37957704.00
2021/08/13	26.23	26.23	25.18	26.04	764200	19654958.00
2021/08/16	26.00	26.98	26.00	26.50	829300	22165928.00
2021/08/17	25.93	26.16	25.32	25.88	418500	10810307.00
2021/08/18	25.91	26.00	25.39	25.55	346600	8872528.00
2021/08/19	25.55	25.65	24.81	25.30	394900	9957236.00
2021/08/20	24.50	25.33	23.31	25.33	546300	13355258.00
2021/08/23	25.15	25.49	24.74	25.03	375700	9388197.00
2021/08/24	24.99	26.12	24.51	26.05	454300	11594199.00
2021/08/25	26.18	26.21	25.00	25.29	359400	9102395.00
2021/08/26	24.51	25.18	23.92	24.16	402600	9868639.00
2021/08/27	23.99	24.55	21.60	22.45	923600	21123998.00
2021/08/30	22.75	22.77	21.60	22.22	575000	12668979.00
2021/08/31	21.60	22.22	20.20	22.20	842500	18030122.00
2021/09/01	21.80	24.17	21.71	23.70	678400	15465036.00
2021/09/02	23.87	26.00	23.70	25.87	764600	18814512.00
2021/09/03	28.80	28.80	24.52	25.85	1637700	42779072.00
2021/09/06	25.55	29.43	24.11	26.59	3171500	85945880.00
2021/09/07	26.61	27.56	25.00	25.25	1558700	40439048.00
2021/09/08	24.97	25.89	24.30	24.62	1117100	27858448.00
2021/09/09	24.53	25.65	24.31	25.26	1404800	35455408.00
2021/09/10	25.29	26.69	25.01	26.68	2227500	58048376.00
2021/09/13	26.61	26.70	24.51	24.96	1309200	33169794.00
2021/09/14	24.53	25.66	23.88	24.00	862500	21116692.00
2021/09/15	24.24	24.24	23.00	23.20	541800	12756338.00
2021/09/16	23.20	23.52	22.88	23.20	446800	10332019.00
2021/09/17	23.40	24.40	23.25	24.26	621500	14833749.00
2021/09/22	25.22	25.66	24.80	25.18	987000	24846006.00
2021/09/23	24.99	25.65	24.99	25.38	704700	17926818.00
2021/09/24	25.38	25.84	25.25	25.62	567700	14464178.00
2021/09/27	25.62	25.62	24.58	24.70	410000	10195919.00
2021/09/28	24.60	24.88	24.39	24.70	200600	4953267.50
2021/09/29	24.69	24.69	24.22	24.40	228200	5557597.50
2021/09/30	24.02	25.46	24.02	25.39	446300	11144307.00
2021/10/08	25.48	25.53	24.27	24.59	263800	6481568.00
2021/10/11	24.30	24.50	23.50	23.62	589600	14023273.00
2021/10/12	23.84	23.84	22.36	22.77	505600	11572133.00
2021/10/13	22.77	23.43	22.77	23.20	184600	4270208.50
2021/10/14	23.49	23.49	23.08	23.34	149400	3481581.00
2021/10/15	23.01	23.48	23.01	23.43	93600	2178875.00
2021/10/18	23.29	23.29	22.53	22.88	275500	6255621.00
2021/10/19	22.89	23.33	22.89	23.22	141900	3275394.75
2021/10/20	23.22	23.39	23.01	23.31	111900	2596036.50
2021/10/21	23.97	23.97	23.31	23.70	121800	2878668.50
2021/10/22	23.99	23.99	23.33	23.85	134200	3187150.75
2021/10/25	23.53	23.88	22.93	23.27	274200	6387770.50
2021/10/26	23.55	23.55	22.00	22.19	423700	9540337.00
2021/10/27	22.22	22.22	21.70	21.92	221200	4839131.00
2021/10/28	22.28	22.40	20.40	20.45	496000	10363336.00
2021/10/29	20.45	21.49	20.07	21.28	198600	4144548.00
2021/11/01	22.37	22.50	21.50	22.00	711300	15633513.00
2021/11/02	22.36	22.36	21.70	21.82	254100	5583152.50
2021/11/03	21.63	22.25	21.33	22.05	293200	6441813.00
2021/11/04	21.93	23.73	21.91	23.29	610200	14164733.00
2021/11/05	23.25	24.50	23.11	24.07	720600	17287022.00
2021/11/08	24.21	25.01	24.21	25.01	819400	20337110.00
2021/11/09	25.26	25.60	24.58	24.70	538200	13409784.00
2021/11/10	24.71	25.00	24.30	24.62	416700	10230431.00
2021/11/11	25.39	25.39	24.58	24.77	634500	15765945.00
2021/11/12	24.77	26.41	24.70	26.41	1306500	33524420.00
2021/11/15	27.20	30.60	25.88	26.90	6238600	173390848.00
2021/11/16	27.25	27.25	23.98	24.10	2850200	70994696.00
2021/11/17	23.65	24.25	23.00	23.88	1855900	43354268.00
2021/11/18	23.98	24.58	23.53	23.65	828400	19912836.00
2021/11/19	23.65	23.95	22.80	23.36	1035500	23950032.00
2021/11/22	23.36	24.28	23.36	24.08	984200	23672388.00
2021/11/23	24.40	25.02	24.11	24.73	1433500	35549460.00
2021/11/24	24.82	25.77	24.63	25.16	1414400	35868680.00
2021/11/25	25.16	25.32	24.18	24.25	942800	23085478.00
2021/11/26	24.15	24.46	23.51	23.70	830900	19788798.00
2021/11/29	23.59	23.95	22.89	23.39	623200	14613065.00
2021/11/30	23.56	23.85	23.08	23.29	585500	13632511.00
2021/12/01	22.91	23.50	22.91	23.01	399400	9242597.00
2021/12/02	23.05	23.37	22.87	22.90	332400	7655681.50
2021/12/03	22.91	23.13	22.00	22.13	878200	19692966.00
2021/12/06	22.13	22.46	21.17	21.17	786600	16945932.00
2021/12/07	21.18	21.48	21.00	21.22	332300	7031414.00
2021/12/08	21.49	22.10	21.24	21.98	294300	6423708.00
2021/12/09	21.98	22.50	21.98	22.16	270400	6020816.00
2021/12/10	22.00	22.28	21.70	21.93	232100	5058510.50
2021/12/13	21.93	22.55	21.58	22.38	410200	9081959.00
2021/12/14	22.40	22.82	22.30	22.50	523800	11866933.00
2021/12/15	22.75	22.75	21.80	21.86	270500	5951855.50
2021/12/16	21.94	22.18	21.48	21.50	307500	6636208.00
2021/12/17	21.60	21.60	21.11	21.20	397400	8451088.00
2021/12/20	21.01	21.26	20.35	21.00	632900	12977297.00
2021/12/21	21.19	21.20	20.73	20.87	566400	11591120.00
2021/12/22	20.75	20.79	20.21	20.38	727400	14796830.00
2021/12/23	20.38	20.55	20.18	20.19	249500	5050305.00
2021/12/24	20.19	20.65	19.97	20.36	369500	7478862.50
2021/12/27	20.37	20.60	20.21	20.23	297000	6061745.00
2021/12/28	20.00	20.57	20.00	20.49	217200	4404253.00
2021/12/29	20.64	20.65	20.41	20.56	174300	3581955.00
2021/12/30	20.67	21.85	20.67	21.62	539400	11555779.00
2021/12/31	21.94	22.47	21.70	21.90	558600	12325726.00
2022/01/04	21.80	22.05	21.02	21.22	319200	6816892.50
2022/01/05	21.54	21.56	21.01	21.17	144800	3057031.25
2022/01/06	20.94	21.76	20.71	20.98	226700	4730078.00
2022/01/07	21.16	21.16	20.53	20.62	194600	4039009.25
2022/01/10	20.56	20.80	20.47	20.61	168906	3475919.75
2022/01/11	20.31	20.70	20.31	20.31	148320	3032833.00
2022/01/12	20.31	20.63	20.21	20.51	139705	2853479.00
2022/01/13	20.68	20.76	20.41	20.68	217043	4480453.50
2022/01/14	20.78	20.79	20.54	20.57	106169	2194451.50
2022/01/17	20.90	20.90	20.39	20.85	195240	4054880.00
2022/01/18	20.93	20.96	20.50	20.70	165779	3442835.50
2022/01/19	20.74	20.76	20.45	20.58	164236	3369204.00
2022/01/20	20.42	21.33	20.25	21.01	601442	12502968.00
2022/01/21	20.99	21.00	20.25	20.41	335856	6943594.00
2022/01/24	20.42	20.58	20.21	20.25	160056	3254454.00
2022/01/25	20.56	20.56	19.72	19.72	241449	4837721.00
2022/01/26	19.55	19.99	19.50	19.68	148982	2926297.00
2022/01/27	19.88	19.88	18.31	18.76	253674	4818885.00
2022/01/28	19.03	19.30	18.71	18.92	122609	2319075.25
2022/02/07	19.00	19.29	18.80	18.93	121204	2292361.25
2022/02/08	18.97	18.97	18.41	18.91	116313	2181280.50
2022/02/09	18.97	19.46	18.70	19.19	287669	5531534.00
2022/02/10	19.08	19.38	18.74	18.75	192142	3650115.50
2022/02/11	18.73	18.76	17.90	18.07	454179	8275145.50
2022/02/14	18.01	18.01	16.89	17.07	500938	8674796.00
2022/02/15	17.30	17.30	16.93	17.13	320833	5481685.00
2022/02/16	17.26	17.44	17.18	17.26	108236	1873590.13
2022/02/17	17.14	17.30	17.00	17.22	165768	2838961.50
2022/02/18	17.00	17.50	16.96	17.17	114973	1979769.38
2022/02/21	16.95	17.39	16.95	17.16	135498	2333582.00
2022/02/22	17.04	17.36	17.02	17.29	229688	3965154.00
2022/02/23	17.57	18.50	17.29	18.34	496798	8994879.00
2022/02/24	18.50	18.50	17.70	17.87	455479	8210686.50
2022/02/25	18.26	18.26	17.76	17.92	140744	2531871.25
2022/02/28	17.92	18.33	17.58	17.95	214028	3861985.25
2022/03/01	18.26	18.28	18.00	18.10	109006	1972902.63
2022/03/02	18.18	18.18	17.88	18.03	66976	1201841.88
2022/03/03	18.00	18.18	18.00	18.07	191226	3455279.75
2022/03/04	18.30	18.30	17.80	17.92	126847	2270214.00
2022/03/07	18.16	18.20	17.00	17.10	343863	6004625.00
2022/03/08	17.11	17.29	15.80	16.30	292042	4820814.50
2022/03/09	16.70	16.70	14.88	15.19	617951	9487068.00
2022/03/10	15.49	15.82	15.29	15.48	262698	4101429.00
2022/03/11	15.58	15.58	15.10	15.28	229044	3476338.00
2022/03/14	15.27	15.42	15.11	15.29	141397	2158995.00
2022/03/15	15.35	15.35	14.14	14.40	365948	5440421.50
2022/03/16	14.60	14.66	14.00	14.63	258448	3710532.25
2022/03/17	14.66	15.81	14.63	15.59	603392	9293817.00
2022/03/18	15.69	15.69	15.30	15.54	246021	3799642.75
2022/03/21	15.58	15.73	15.40	15.62	135715	2113184.50
2022/03/22	15.70	15.70	15.37	15.60	111089	1722428.75
2022/03/23	15.67	16.03	15.40	15.89	264368	4166107.25
2022/03/24	15.95	16.40	15.52	15.85	232078	3689155.75
2022/03/25	15.90	15.90	15.30	15.37	197227	3047628.75
2022/03/28	15.20	15.35	15.06	15.28	93024	1416070.38
2022/03/29	15.64	15.65	14.65	15.30	86664	1337510.25
2022/03/30	15.59	15.79	15.40	15.70	206500	3225219.25
2022/03/31	15.79	15.79	15.33	15.48	136360	2108697.50
2022/04/01	15.60	16.10	15.21	15.91	196513	3115153.25
2022/04/06	15.86	15.90	15.65	15.76	77426	1219387.00
2022/04/07	16.36	16.36	15.80	15.87	329264	5288089.50
2022/04/08	15.58	16.12	15.58	15.80	159978	2513346.50
2022/04/11	15.51	15.87	14.92	15.00	242324	3713654.50
2022/04/12	15.00	15.14	14.80	15.14	73034	1094140.50
2022/04/13	14.93	15.16	14.93	15.03	156376	2350491.00
2022/04/14	14.51	15.03	14.43	14.70	234360	3432585.50
2022/04/15	14.88	14.88	14.30	14.53	317119	4591293.50
2022/04/18	14.16	14.49	14.16	14.39	217530	3115746.50
2022/04/19	14.39	14.66	14.20	14.62	251079	3633066.25
2022/04/20	14.61	14.79	14.50	14.69	168477	2473011.25
2022/04/21	14.48	14.68	14.10	14.16	211897	3036017.00
2022/04/22	14.20	14.39	14.00	14.19	170354	2407091.75
2022/04/25	13.50	13.88	13.10	13.28	402370	5426963.00
2022/04/26	13.20	13.40	12.90	13.10	394902	5215008.00
2022/04/27	13.00	13.57	12.83	13.55	307899	4075371.25
2022/04/28	13.63	13.63	12.86	13.01	173363	2275597.50
2022/04/29	13.00	14.33	12.83	14.26	538564	7468257.50
2022/05/05	14.58	14.91	14.15	14.80	384465	5613505.00
2022/05/06	14.39	14.85	14.38	14.60	184582	2704848.50
2022/05/09	14.93	14.95	14.67	14.89	144410	2135725.75
2022/05/10	14.89	14.95	14.69	14.93	110204	1643804.25
2022/05/11	14.98	15.18	14.95	15.10	209253	3146646.75
2022/05/12	15.09	15.35	14.82	15.24	200623	3044955.00
2022/05/13	15.29	15.70	15.00	15.61	286758	4431342.50
2022/05/16	15.69	15.88	15.47	15.67	145326	2266644.50
2022/05/17	15.66	16.35	15.66	16.28	360671	5785799.00
2022/05/18	16.11	16.15	15.81	15.99	439525	7030482.50
2022/05/19	15.67	15.91	15.46	15.88	148708	2328967.25
2022/05/20	15.96	16.18	15.88	16.00	192121	3068353.75
2022/05/23	15.99	15.99	15.50	15.85	206436	3232090.00
2022/05/24	15.98	15.99	15.14	15.25	149624	2302087.00
2022/05/25	15.25	15.25	14.70	15.02	229715	3427725.50
2022/05/26	14.80	15.36	14.76	15.00	133776	2012370.38
2022/05/27	15.00	15.39	14.86	15.18	107137	1617510.88
2022/05/30	15.20	15.95	15.18	15.84	248398	3903415.75
2022/05/31	15.96	15.96	15.63	15.83	116305	1832901.25
2022/06/01	15.94	15.94	15.38	15.56	134068	2081132.88
2022/06/02	15.38	15.77	15.38	15.77	136322	2111707.50
2022/06/06	15.77	16.00	15.60	15.84	135994	2152338.00
2022/06/07	16.13	16.25	15.70	15.90	419989	5307132.00
2022/06/08	15.71	15.90	15.48	15.66	149256	2326600.75
2022/06/09	15.90	15.90	15.18	15.19	178854	2741550.50
2022/06/10	15.19	15.28	15.08	15.19	209050	3163504.00
2022/06/13	15.25	15.25	14.96	14.98	110084	1654044.13
2022/06/14	14.95	14.95	14.74	14.80	151218	2239693.00
2022/06/15	15.04	15.04	14.75	14.95	211274	3141678.00
2022/06/16	14.95	15.30	14.91	15.00	149017	2244329.25
2022/06/17	15.00	15.00	14.72	14.80	176647	2619340.00
2022/06/20	14.76	15.00	14.76	14.90	194993	2902786.25
2022/06/21	15.14	15.14	14.80	14.81	54842	816297.06
2022/06/22	15.08	15.08	14.77	14.78	50024	741795.13
2022/06/23	14.74	14.80	14.60	14.79	148796	2181543.75
2022/06/24	14.75	14.95	14.70	14.89	190139	2823286.75
2022/06/27	14.99	15.48	14.99	15.28	565316	8559235.00
2022/06/28	15.30	16.03	15.28	15.96	508191	8023987.50
2022/06/29	15.96	16.28	15.70	15.70	384694	6133651.00
2022/06/30	15.55	15.88	15.51	15.60	169546	2645174.25
2022/07/01	15.60	15.68	15.23	15.50	194996	3014994.00
2022/07/04	15.50	15.74	15.33	15.61	143296	2229381.50
2022/07/05	15.51	15.66	15.41	15.62	117935	1836387.63
2022/07/06	15.45	15.64	15.40	15.59	326746	3848232.50
2022/07/07	15.46	15.66	15.43	15.60	287213	3373108.75
2022/07/08	15.66	15.66	15.44	15.60	318575	4044740.50
2022/07/11	15.45	15.60	15.31	15.55	306034	3926692.25
2022/07/12	15.55	15.68	15.36	15.65	305595	4072546.50
2022/07/13	15.47	15.69	15.47	15.64	53321	833206.06
2022/07/14	15.50	15.75	15.48	15.65	278859	3805903.75
2022/07/15	15.52	15.70	15.48	15.59	227353	3083585.00
2022/07/18	15.48	15.90	15.48	15.87	210513	3305132.00
2022/07/19	15.84	16.00	15.83	15.88	148138	2363413.50
2022/07/20	15.90	16.03	15.81	16.01	115833	1852525.13
2022/07/21	16.01	16.10	15.87	16.07	112505	1801807.25
2022/07/22	16.00	16.02	15.83	16.02	182581	2911848.00
2022/07/25	16.00	16.14	15.88	16.08	111961	1798786.25
2022/07/26	16.02	16.15	16.01	16.14	176957	2369246.25
2022/07/27	16.00	16.01	15.82	15.99	228205	3179023.25
2022/07/28	16.01	16.01	15.83	15.92	63712	1012540.38
2022/07/29	15.97	16.07	15.81	15.84	102900	1640615.00
2022/08/01	15.71	15.79	15.60	15.77	50417	791973.25
2022/08/02	15.61	15.76	15.11	15.52	214354	3292012.75
2022/08/03	15.75	15.75	15.36	15.52	148506	2311223.00
2022/08/04	15.61	15.61	15.33	15.47	71340	1097912.38
2022/08/05	15.48	15.53	15.40	15.53	55917	863909.69
2022/08/08	15.55	15.63	15.37	15.59	60116	930863.13
2022/08/09	15.39	15.48	15.18	15.29	105067	1605507.00
2022/08/10	15.22	15.45	15.22	15.39	119344	1829354.88
2022/08/11	15.43	16.20	15.39	15.88	257887	4088846.25
2022/08/12	15.90	16.14	15.76	15.90	109219	1741641.13
2022/08/15	16.09	16.10	15.90	16.00	162620	2602668.00
2022/08/16	15.98	16.09	15.90	16.03	81195	1295266.25
2022/08/17	16.07	16.07	15.92	15.94	52670	840946.31
2022/08/18	15.92	15.98	15.80	15.86	98745	1566345.50
2022/08/19	15.79	15.88	15.78	15.84	49833	787121.00
2022/08/22	15.87	15.87	15.68	15.78	62369	980450.19
2022/08/23	15.79	15.79	15.60	15.73	65480	1022662.56
2022/08/24	15.75	15.75	15.05	15.28	252665	3855916.25
2022/08/25	15.20	15.43	14.95	15.00	123685	1859361.13
2022/08/26	15.19	15.20	14.90	14.99	107754	1615920.38
2022/08/29	14.99	15.14	14.69	15.06	115146	1713913.00
2022/08/30	15.10	15.15	14.85	15.05	102775	1536798.00
2022/08/31	15.60	15.90	15.34	15.60	449122	7046257.50
2022/09/01	15.47	15.71	15.32	15.35	81025	1253357.38
2022/09/02	15.55	16.00	15.36	15.75	247493	3891755.00
2022/09/05	16.30	16.35	15.88	16.00	272117	4394707.00
2022/09/06	15.80	16.77	15.80	16.67	1009813	16447603.00
2022/09/07	16.81	17.88	16.58	17.59	879676	15302518.00
2022/09/08	17.60	17.78	17.07	17.52	567397	9864010.00
2022/09/09	17.50	17.60	17.01	17.30	270061	4649275.50
2022/09/13	17.30	17.46	17.08	17.25	186537	3210114.00
2022/09/14	17.19	17.40	16.88	17.28	288446	4955157.50
2022/09/15	17.54	17.54	16.46	16.46	472167	7920111.00
2022/09/16	16.60	17.25	16.56	16.84	495836	8350042.00
2022/09/19	16.65	16.91	16.12	16.15	433716	7118725.00
2022/09/20	15.98	16.10	15.50	15.69	456315	7195015.50
2022/09/21	15.50	17.78	15.50	16.60	473022	7728157.00
2022/09/22	16.48	16.85	16.16	16.61	364139	6027427.00
2022/09/23	16.26	16.54	15.72	16.28	267246	4284516.50
2022/09/26	16.00	16.30	15.80	16.16	92637	1488553.25
2022/09/27	16.10	16.16	15.82	16.10	78327	1248539.50
2022/09/28	16.09	16.23	15.84	16.00	74527	1188137.50
2022/09/29	15.82	16.00	15.40	15.50	233127	3632995.25
2022/09/30	15.50	15.68	15.36	15.65	90079	1391457.25
2022/10/10	15.51	15.51	14.85	15.09	236356	3564862.50
2022/10/11	14.96	15.24	14.80	15.08	103531	1552876.00
2022/10/12	15.08	15.10	14.69	15.00	166118	2476279.25
2022/10/13	15.15	15.15	14.89	15.09	85072	1276850.50
2022/10/14	15.19	15.48	15.10	15.35	243939	3722681.25
2022/10/17	15.20	15.48	15.10	15.38	125406	1921003.13
2022/10/18	15.64	15.95	15.40	15.74	252039	3963916.25
2022/10/19	15.66	15.89	15.60	15.76	64329	1010608.81
2022/10/20	15.75	16.00	15.65	15.84	97518	1537436.13
2022/10/21	15.84	15.94	15.50	15.77	98422	1549981.63
2022/10/24	15.78	15.92	15.60	15.72	141836	2237038.50
2022/10/25	15.75	15.78	15.50	15.73	77280	1209931.25
2022/10/26	15.73	15.98	15.70	15.71	61532	972386.94
2022/10/27	15.71	15.95	15.71	15.85	67894	1074966.13
2022/10/28	15.70	15.86	15.57	15.74	105545	1657155.75
2022/10/31	15.72	15.90	15.40	15.57	291089	4525747.00
2022/11/01	15.59	15.63	15.30	15.54	229682	3560286.50
2022/11/02	15.57	15.79	15.45	15.78	192675	2997814.75
2022/11/03	15.77	15.82	15.69	15.73	170719	2685463.00
2022/11/04	15.74	16.18	15.74	16.18	326864	5234927.50
2022/11/07	16.20	16.77	16.18	16.50	408659	6785883.50
2022/11/08	16.60	16.83	16.38	16.48	239623	3961460.25
2022/11/09	16.41	16.63	16.18	16.48	346899	5206605.00
2022/11/10	16.02	16.44	16.02	16.24	168511	2727184.75
2022/11/11	16.60	16.60	16.15	16.30	381986	6199830.50
2022/11/14	16.46	16.46	16.19	16.25	122848	1999473.75
2022/11/15	16.02	16.31	16.02	16.19	244704	3486860.00
2022/11/16	16.10	16.33	16.05	16.31	224691	3172088.75
2022/11/17	16.21	16.35	16.21	16.30	60882	992325.88
2022/11/18	16.31	16.46	16.25	16.45	484209	6739442.00
2022/11/21	17.01	17.25	16.64	16.68	710406	12028303.00
2022/11/22	16.64	16.85	16.32	16.47	447849	7412172.50
2022/11/23	16.48	16.60	16.22	16.60	610255	9011174.00
2022/11/24	16.62	16.65	16.28	16.50	482803	6815405.00
2022/11/25	16.49	16.77	16.49	16.62	542680	8530271.00
2022/11/28	16.70	16.70	16.40	16.48	119631	1974105.00
2022/11/29	16.55	16.64	16.42	16.64	163633	2705647.75
2022/11/30	16.52	16.82	16.40	16.62	80583	1337221.63
2022/12/01	16.41	16.69	16.40	16.41	353752	5356293.00
2022/12/02	16.40	16.50	16.20	16.38	206951	2895244.00
2022/12/05	16.26	16.41	16.26	16.38	186058	3034102.25
2022/12/06	16.38	16.43	16.31	16.40	80030	1311991.38
2022/12/07	16.43	16.43	16.27	16.35	129850	2116948.00
2022/12/08	16.29	16.40	16.21	16.23	53254	865492.00
2022/12/09	16.38	16.39	16.22	16.26	51674	840062.00
2022/12/12	16.39	16.39	16.05	16.14	97194	1571512.75
2022/12/13	16.16	16.36	16.10	16.29	48681	789884.88
2022/12/14	16.15	16.32	16.01	16.15	64651	1040384.56
2022/12/15	16.04	16.14	16.01	16.11	54708	878608.19
2022/12/16	16.00	16.24	15.91	16.21	106313	1717086.88
2022/12/19	16.03	16.15	15.94	16.12	55655	893976.19
2022/12/20	16.09	16.14	15.91	16.10	76875	1236570.00
2022/12/21	16.02	16.02	15.60	15.85	132972	2099823.50
2022/12/22	15.95	16.16	15.63	16.01	134791	2151943.00
2022/12/23	16.00	16.03	15.80	15.86	67716	1077994.13
2022/12/26	15.75	15.99	15.61	15.93	118419	1866750.75
2022/12/27	15.99	15.99	15.77	15.94	91932	1463104.25
2022/12/28	15.94	16.14	15.79	16.05	101492	1618431.88
2022/12/29	15.91	16.05	15.70	15.97	199551	3161233.75
2022/12/30	15.95	16.13	15.72	16.12	330859	5266883.00
2023/01/03	16.12	16.21	15.80	16.08	175357	2800470.00
2023/01/04	16.14	16.14	15.85	16.08	336572	4909838.00
2023/01/05	16.08	16.08	15.82	15.99	349350	5094494.50
2023/01/06	15.87	15.98	15.70	15.81	173407	2740486.25
2023/01/09	15.80	16.05	15.65	15.92	182537	2909309.00
2023/01/10	16.14	16.14	15.70	16.03	240274	3829135.50
2023/01/11	16.03	16.04	15.91	16.00	32860	524877.13
2023/01/12	16.09	16.12	15.94	16.10	98250	1578193.25
2023/01/13	16.14	16.18	16.04	16.15	112636	1814257.00
2023/01/16	16.17	16.64	16.17	16.49	307148	5023786.50
2023/01/17	16.50	16.80	16.50	16.67	346289	5779876.00
2023/01/18	16.81	17.16	16.73	16.99	496604	8447448.00
2023/01/19	16.88	17.14	16.83	17.10	243734	4145888.00
2023/01/20	17.10	17.32	16.82	17.26	419030	7184093.00
2023/01/30	17.49	17.62	17.20	17.37	550928	9069121.00
2023/01/31	17.41	17.99	17.21	17.90	622893	11033243.00
2023/02/01	17.94	18.08	17.77	17.94	316266	5676897.00
2023/02/02	17.94	17.96	17.20	17.50	363878	6353500.00
2023/02/03	17.15	17.65	17.15	17.65	286521	4997812.00
2023/02/06	17.20	17.66	17.20	17.64	200463	3504600.75
2023/02/07	17.43	17.72	17.43	17.53	66461	1168662.25
2023/02/08	17.79	17.79	17.42	17.57	143309	2515111.75
2023/02/09	17.43	17.64	17.42	17.54	122344	2147392.00
2023/02/10	17.65	17.65	17.32	17.50	92844	1622318.00
数据来源:通达信
