872374 云里物里 日线 不复权
      日期	    开盘	    最高	    最低	    收盘	    成交量	    成交额
2022/11/29	9.82	10.00	9.55	9.85	4291369	42186380.00
2022/11/30	9.73	9.81	9.65	9.68	813576	7893314.50
2022/12/01	9.63	9.75	9.63	9.70	489579	4744579.00
2022/12/02	9.70	9.78	9.67	9.69	329581	3200442.50
2022/12/05	9.72	9.76	9.66	9.73	247620	2403742.00
2022/12/06	9.75	9.75	9.68	9.69	208239	2018205.38
2022/12/07	9.68	9.70	9.66	9.67	186884	1807366.63
2022/12/08	9.65	9.70	9.55	9.58	381488	3663186.50
2022/12/09	9.60	9.60	9.46	9.48	235364	2236096.50
2022/12/12	9.48	9.48	9.41	9.43	170944	1613521.50
2022/12/13	9.40	9.51	9.40	9.41	140835	1330004.63
2022/12/14	9.41	9.47	9.39	9.44	81465	767252.38
2022/12/15	9.40	9.44	9.39	9.40	100264	942730.81
2022/12/16	9.38	9.40	9.31	9.31	120257	1126257.25
2022/12/19	9.31	9.40	9.18	9.20	100575	930459.56
2022/12/20	9.16	9.18	9.10	9.11	83768	764700.88
2022/12/21	9.05	9.17	9.01	9.07	84894	769720.50
2022/12/22	9.10	9.12	8.99	9.00	57794	523120.09
2022/12/23	8.99	9.00	8.89	8.91	91762	819905.50
2022/12/26	8.88	9.00	8.88	8.95	107265	956201.06
2022/12/27	8.89	9.00	8.88	9.00	69055	615299.63
2022/12/28	9.01	9.01	8.88	8.98	60024	534959.81
2022/12/29	8.88	8.92	8.80	8.84	82200	726424.56
2022/12/30	8.83	8.88	8.83	8.85	21974	194478.19
2023/01/03	8.85	8.88	8.82	8.87	81341	719650.81
2023/01/04	8.93	8.93	8.83	8.88	78591	696152.88
2023/01/05	8.88	8.92	8.85	8.92	46074	409917.75
2023/01/06	8.92	8.92	8.87	8.89	42976	381661.00
2023/01/09	8.88	8.94	8.85	8.86	46888	416961.09
2023/01/10	8.87	8.88	8.85	8.86	28544	252968.56
2023/01/11	8.82	8.87	8.82	8.83	46775	413605.66
2023/01/12	8.80	8.83	8.80	8.82	46683	411332.97
2023/01/13	8.81	8.86	8.81	8.84	30957	273143.25
2023/01/16	8.87	8.88	8.82	8.85	40208	355606.69
2023/01/17	8.81	8.86	8.81	8.82	31431	277400.22
2023/01/18	8.89	8.89	8.80	8.86	34462	304728.75
2023/01/19	8.82	8.86	8.81	8.86	61884	546405.25
2023/01/20	8.88	8.88	8.83	8.87	60731	538348.63
2023/01/30	8.89	8.95	8.84	8.91	172348	1535356.88
2023/01/31	8.89	9.33	8.88	9.32	710886	6544188.00
2023/02/01	9.26	9.34	9.17	9.27	308860	2858468.00
2023/02/02	9.22	9.29	9.05	9.14	210019	1923788.38
2023/02/03	9.15	9.16	9.08	9.15	75515	688069.19
2023/02/06	9.08	9.19	9.08	9.12	36890	336573.63
2023/02/07	9.20	9.20	9.10	9.13	90994	831026.81
2023/02/08	9.15	9.15	9.12	9.12	59818	545935.50
2023/02/09	9.10	9.14	9.10	9.14	104671	954173.94
2023/02/10	9.12	9.16	9.11	9.13	35851	327456.84
数据来源:通达信
