603216 梦天家居 日线 不复权
      日期	    开盘	    最高	    最低	    收盘	    成交量	    成交额
2021/12/15	20.23	24.28	20.23	24.28	1942854	46944400.00
2021/12/16	26.71	26.71	26.71	26.71	1164079	31092550.00
2021/12/17	29.38	29.38	29.38	29.38	1289237	37877784.00
2021/12/20	32.32	32.32	32.32	32.32	1083347	35013776.00
2021/12/21	35.55	35.55	35.55	35.55	1742004	61928240.00
2021/12/22	39.11	39.11	36.47	39.11	41121940	1594971392.00
2021/12/23	39.45	43.02	35.20	35.20	35617784	1418146560.00
2021/12/24	31.72	33.00	31.68	31.68	23404164	746298624.00
2021/12/27	29.68	30.32	28.51	28.51	24780369	714962176.00
2021/12/28	27.98	28.68	27.00	27.01	18623575	515164224.00
2021/12/29	26.73	27.88	26.27	27.15	17907975	484979712.00
2021/12/30	26.55	26.90	25.97	25.98	16218718	426684576.00
2021/12/31	25.84	26.23	25.02	25.29	13432401	342267328.00
2022/01/04	25.28	25.60	24.92	25.35	8852788	223638816.00
2022/01/05	25.12	25.24	24.33	25.00	9957406	246822032.00
2022/01/06	24.76	26.08	24.71	25.54	11612080	297552800.00
2022/01/07	25.31	26.74	25.20	26.34	13740455	355577632.00
2022/01/10	26.00	26.98	25.75	26.59	13550086	359973216.00
2022/01/11	26.30	26.59	25.00	25.01	11799372	302270976.00
2022/01/12	24.80	27.50	24.11	26.70	17579286	446892864.00
2022/01/13	26.06	26.39	25.35	25.38	10347181	268019408.00
2022/01/14	24.92	25.77	24.82	25.06	6789147	171378992.00
2022/01/17	25.01	25.03	24.53	24.54	6079024	150459376.00
2022/01/18	24.50	25.24	24.20	24.81	7114188	176043440.00
2022/01/19	24.85	25.12	24.38	24.62	5441744	134493168.00
2022/01/20	24.65	24.69	23.00	23.02	8578560	203709504.00
2022/01/21	22.87	22.87	21.91	22.05	6804046	151770704.00
2022/01/24	21.80	22.36	21.53	22.12	4183929	91793280.00
2022/01/25	22.37	23.60	21.80	22.12	7663070	173816736.00
2022/01/26	22.22	22.38	21.40	21.43	4696894	102022584.00
2022/01/27	21.41	21.63	20.41	20.47	4755915	100055848.00
2022/01/28	20.61	21.03	20.34	20.80	4304980	89281536.00
2022/02/07	21.00	21.33	20.80	21.18	3662919	77451992.00
2022/02/08	21.22	21.67	21.14	21.61	3986834	85425288.00
2022/02/09	21.58	21.87	21.32	21.71	4197175	90498256.00
2022/02/10	21.53	22.20	21.25	21.76	5225453	113379840.00
2022/02/11	21.61	21.61	20.88	20.88	3735509	79618416.00
2022/02/14	20.80	21.45	20.65	21.11	2867397	60617280.00
2022/02/15	21.10	21.80	21.10	21.13	4286303	91607776.00
2022/02/16	21.43	21.70	21.17	21.50	3983723	85496384.00
2022/02/17	21.58	21.97	21.31	21.36	4833693	104456312.00
2022/02/18	21.08	21.55	20.92	21.42	3346809	71210808.00
2022/02/21	21.30	21.57	21.28	21.45	2845942	60954132.00
2022/02/22	21.31	21.39	20.43	20.50	5431344	112736712.00
2022/02/23	20.53	21.18	20.53	20.92	3732042	77787640.00
2022/02/24	20.88	21.28	19.59	20.10	6172627	126478224.00
2022/02/25	20.18	21.00	20.18	20.30	4599484	94552632.00
2022/02/28	20.45	20.48	19.70	20.11	3127880	62712072.00
2022/03/01	20.12	20.26	19.86	20.19	2603329	52238656.00
2022/03/02	20.00	20.39	19.92	20.28	1959829	39609312.00
2022/03/03	20.38	20.58	20.10	20.37	3362089	68419240.00
2022/03/04	20.20	20.55	20.12	20.40	2900579	58858236.00
2022/03/07	20.29	20.90	20.13	20.21	3664792	74761848.00
2022/03/08	20.10	20.17	18.90	18.99	5796641	112235736.00
2022/03/09	18.93	19.89	17.65	19.12	6193353	117673288.00
2022/03/10	19.41	19.63	19.09	19.22	3817545	73807728.00
2022/03/11	18.91	19.36	18.53	19.29	2790090	53088288.00
2022/03/14	19.19	19.42	18.66	18.66	2524199	47966420.00
2022/03/15	18.67	18.84	17.45	17.51	3549538	63877040.00
2022/03/16	17.65	17.86	16.96	17.66	3793579	66172024.00
2022/03/17	17.80	19.43	17.77	18.75	9186153	173722128.00
2022/03/18	18.94	19.49	18.57	19.12	6895129	131906992.00
2022/03/21	19.13	19.98	19.13	19.83	6106249	119552080.00
2022/03/22	19.70	20.78	19.21	20.12	8962536	179696080.00
2022/03/23	19.55	20.52	19.50	19.81	6816840	135484640.00
2022/03/24	19.68	21.34	19.58	20.40	11554613	237471472.00
2022/03/25	20.54	20.75	19.51	19.53	7850964	156189296.00
2022/03/28	19.22	19.88	18.73	19.40	5004378	96606904.00
2022/03/29	19.55	19.58	18.68	18.83	3524497	67020268.00
2022/03/30	19.00	19.80	18.73	19.56	4966930	96367744.00
2022/03/31	19.60	21.48	19.57	20.28	12334370	255534368.00
2022/04/01	20.32	20.45	19.65	19.83	5332680	106118536.00
2022/04/06	19.83	21.42	19.70	20.95	9720128	200840736.00
2022/04/07	20.65	20.98	20.36	20.44	6742172	139013088.00
2022/04/08	20.45	21.09	19.55	19.88	6665648	133960184.00
2022/04/11	19.80	19.87	17.90	18.43	5721696	108240584.00
2022/04/12	18.30	18.48	17.87	18.48	3489168	63509196.00
2022/04/13	18.06	18.25	17.57	17.57	3359556	59800296.00
2022/04/14	17.67	17.99	17.56	17.59	2195300	38945764.00
2022/04/15	17.60	17.68	17.00	17.36	2427279	42015924.00
2022/04/18	17.21	17.47	17.04	17.32	1502616	25944364.00
2022/04/19	17.24	17.45	16.90	16.93	3419444	58502976.00
2022/04/20	16.95	17.05	16.80	16.84	2026960	34228816.00
2022/04/21	16.77	16.84	16.05	16.06	3261921	53445644.00
2022/04/22	16.05	16.86	15.65	16.55	3695220	60461332.00
2022/04/25	16.18	17.01	15.68	15.91	3673394	60208868.00
2022/04/26	15.91	16.05	14.50	14.52	3542666	53964760.00
2022/04/27	14.40	15.10	14.12	14.97	3215646	47082052.00
2022/04/28	14.90	15.15	14.31	14.36	2488142	36482936.00
2022/04/29	14.50	15.05	14.42	14.94	2534006	37579900.00
2022/05/05	14.90	16.43	14.90	15.97	7662515	123710912.00
2022/05/06	15.45	15.95	15.32	15.43	5689156	88700760.00
2022/05/09	15.58	15.77	15.42	15.69	2583530	40321032.00
2022/05/10	15.40	15.84	15.30	15.78	2646220	41424368.00
2022/05/11	15.69	16.12	15.48	15.50	3656316	57790180.00
2022/05/12	15.35	15.84	15.32	15.80	2826421	44351288.00
2022/05/13	16.00	16.39	15.70	15.77	2804621	44627616.00
2022/05/16	15.85	16.14	15.77	15.87	2184372	34832892.00
2022/05/17	15.76	15.86	15.42	15.67	1899020	29619868.00
2022/05/18	15.77	15.91	15.59	15.66	1697200	26719236.00
2022/05/19	15.41	15.98	15.30	15.97	2984636	47121468.00
2022/05/20	15.97	16.17	15.92	16.10	2553378	40974600.00
2022/05/23	16.20	16.23	16.01	16.16	1486286	23955560.00
2022/05/24	16.19	16.19	15.33	15.33	2794180	43897356.00
2022/05/25	15.32	15.70	15.25	15.59	1573048	24362288.00
2022/05/26	15.76	15.79	15.41	15.56	1289271	20066384.00
2022/05/27	15.53	15.68	15.27	15.52	2216596	34411424.00
2022/05/30	15.70	15.75	15.36	15.42	1324435	20484000.00
2022/05/31	15.35	15.51	15.12	15.50	1837819	28219220.00
2022/06/01	15.55	15.78	15.44	15.64	1950396	30543396.00
2022/06/02	15.61	15.65	15.37	15.64	1371879	21307560.00
2022/06/06	15.64	16.12	15.61	15.96	2317932	36877268.00
2022/06/07	15.97	16.08	15.74	16.08	2129252	33946592.00
2022/06/08	15.97	15.98	15.22	15.53	2701848	42012716.00
2022/06/09	15.70	15.70	15.11	15.14	1674496	25593916.00
2022/06/10	15.10	15.31	15.05	15.24	1147551	17484954.00
2022/06/13	15.16	15.75	15.09	15.54	2184016	33815928.00
2022/06/14	15.54	15.54	15.05	15.40	1965596	30008016.00
2022/06/15	15.57	15.77	15.44	15.55	2542200	39684192.00
2022/06/16	15.56	15.85	15.55	15.70	2211389	34733464.00
2022/06/17	15.72	15.95	15.36	15.73	2506443	39312744.00
2022/06/20	15.78	16.48	15.78	16.35	5134658	83372776.00
2022/06/21	16.40	16.44	16.01	16.17	3323110	53976544.00
2022/06/22	16.36	16.39	15.91	15.91	1919024	30782776.00
2022/06/23	15.81	16.01	15.76	15.98	1718801	27332040.00
2022/06/24	16.12	16.27	15.93	16.20	2082837	33638332.00
2022/06/27	16.29	16.40	16.14	16.38	2422925	39485968.00
2022/06/28	16.35	16.44	16.22	16.38	2096244	34293612.00
2022/06/29	16.40	16.49	16.03	16.06	1956624	31777944.00
2022/06/30	16.06	16.40	15.96	16.19	1820268	29547380.00
2022/07/01	16.13	16.24	15.98	16.06	1668354	26834032.00
2022/07/04	16.07	16.10	15.83	16.02	1617824	25829852.00
2022/07/05	16.15	16.15	15.48	15.63	3060865	48149112.00
2022/07/06	15.61	15.68	15.31	15.43	1505109	23227340.00
2022/07/07	15.44	15.52	15.31	15.36	1199940	18462268.00
2022/07/08	15.47	15.54	15.37	15.45	988948	15277458.00
2022/07/11	15.82	15.82	15.20	15.45	1863377	28717812.00
2022/07/12	15.59	15.59	15.03	15.06	1990169	30278072.00
2022/07/13	15.06	15.36	15.06	15.26	1464330	22279620.00
2022/07/14	15.31	15.53	15.18	15.38	1243681	19118458.00
2022/07/15	15.52	15.63	15.01	15.10	2151163	32727548.00
2022/07/18	15.05	15.44	15.05	15.43	1463842	22442284.00
2022/07/19	15.53	15.55	15.32	15.47	1079772	16643851.00
2022/07/20	15.53	15.53	15.40	15.49	1145944	17730742.00
2022/07/21	15.59	15.65	15.41	15.47	1209188	18762298.00
2022/07/22	15.55	15.64	15.35	15.43	1572590	24427606.00
2022/07/25	15.42	15.58	15.31	15.38	952226	14702186.00
2022/07/26	15.38	15.48	15.08	15.48	1174220	17976456.00
2022/07/27	15.45	15.55	15.39	15.51	881379	13662477.00
2022/07/28	15.61	15.73	15.54	15.56	1173700	18316492.00
2022/07/29	15.56	15.63	15.40	15.54	1526716	23740858.00
2022/08/01	15.54	15.54	15.32	15.33	1041642	16013535.00
2022/08/02	15.30	15.30	14.22	14.39	2942334	43037044.00
2022/08/03	14.43	14.63	14.22	14.30	1228372	17732816.00
2022/08/04	14.33	14.55	14.33	14.52	1068486	15427608.00
2022/08/05	14.50	14.68	14.44	14.64	1023400	14897008.00
2022/08/08	14.69	14.80	14.62	14.72	761215	11192946.00
2022/08/09	14.85	15.40	14.83	14.97	2045158	30867076.00
2022/08/10	14.77	15.05	14.76	14.96	1150000	17147160.00
2022/08/11	14.99	15.14	14.97	15.05	1092600	16449441.00
2022/08/12	14.93	15.13	14.92	14.94	804120	12074746.00
2022/08/15	15.04	15.04	14.77	14.83	749948	11128525.00
2022/08/16	14.85	15.08	14.85	15.06	1086324	16307019.00
2022/08/17	15.08	15.18	15.01	15.05	736007	11104715.00
2022/08/18	15.16	15.16	14.85	14.90	785200	11698356.00
2022/08/19	14.86	14.96	14.68	14.68	951300	14089572.00
2022/08/22	14.67	14.81	14.65	14.78	566172	8352280.00
2022/08/23	14.80	14.86	14.68	14.78	674520	9956213.00
2022/08/24	14.77	14.78	14.38	14.39	1243054	18038858.00
2022/08/25	14.42	14.51	14.26	14.50	941462	13552358.00
2022/08/26	14.48	14.58	14.32	14.35	721197	10423973.00
2022/08/29	14.59	15.09	14.40	14.97	2878186	42870720.00
2022/08/30	15.11	15.51	15.00	15.17	3399462	52084912.00
2022/08/31	15.13	15.40	14.88	15.08	2050244	30970990.00
2022/09/01	14.98	15.14	14.81	14.83	1533644	22949262.00
2022/09/02	14.95	15.09	14.83	15.04	1359836	20298652.00
2022/09/05	15.00	15.12	14.86	15.01	900871	13476481.00
2022/09/06	14.91	15.14	14.91	15.10	1181200	17788314.00
2022/09/07	15.09	15.19	15.04	15.10	1018500	15401879.00
2022/09/08	15.10	15.15	15.01	15.03	823022	12382938.00
2022/09/09	15.00	15.97	15.00	15.71	4607396	71863616.00
2022/09/13	15.59	16.06	15.46	16.00	5299385	83946160.00
2022/09/14	15.77	16.26	15.68	15.95	4012579	64179516.00
2022/09/15	16.05	16.50	15.80	16.13	5400020	87192672.00
2022/09/16	15.96	16.04	15.29	15.31	3873720	60364572.00
2022/09/19	15.31	15.45	14.46	14.64	2729289	40369752.00
2022/09/20	14.70	15.11	14.70	15.10	2414044	36151800.00
2022/09/21	15.20	15.20	14.73	14.88	1551662	23095764.00
2022/09/22	14.95	16.37	14.95	16.37	5428893	87901544.00
2022/09/23	16.84	17.02	15.81	15.89	13621481	224878704.00
2022/09/26	15.97	16.22	15.68	15.79	7368168	117243496.00
2022/09/27	15.78	16.20	15.52	16.20	7654672	121594352.00
2022/09/28	16.00	16.90	15.70	16.37	10038151	163507184.00
2022/09/29	16.30	16.32	15.83	16.15	6704918	107867680.00
2022/09/30	16.06	16.15	15.57	15.67	4607384	72787936.00
2022/10/10	15.62	15.70	14.66	14.74	4838561	72720592.00
2022/10/11	14.58	14.75	13.91	14.05	3977644	56286880.00
2022/10/12	14.04	14.18	13.29	14.17	4661645	63659064.00
2022/10/13	13.87	14.11	13.81	13.86	2478416	34538504.00
2022/10/14	13.93	14.16	13.91	14.14	2759953	38932288.00
2022/10/17	14.03	14.32	14.03	14.31	2265221	32166106.00
2022/10/18	14.32	14.45	14.17	14.22	2476476	35321408.00
2022/10/19	14.13	14.20	13.76	13.78	3072744	42753688.00
2022/10/20	13.62	13.80	13.54	13.63	2500726	34158636.00
2022/10/21	13.66	13.76	13.53	13.61	1608956	21935606.00
2022/10/24	13.66	13.75	13.31	13.35	2458928	33258838.00
2022/10/25	13.71	13.77	13.31	13.51	1874042	25332972.00
2022/10/26	13.42	13.68	13.42	13.65	1753719	23814776.00
2022/10/27	13.60	13.74	13.56	13.70	1478900	20211906.00
2022/10/28	13.65	13.65	13.30	13.43	1555193	20905352.00
2022/10/31	13.47	13.68	13.44	13.60	1328521	18029350.00
2022/11/01	13.52	13.74	13.52	13.71	2032245	27763016.00
2022/11/02	13.72	13.87	13.68	13.84	2128844	29382292.00
2022/11/03	13.86	13.86	13.72	13.76	1542772	21253488.00
2022/11/04	13.75	13.92	13.72	13.90	2104591	29139886.00
2022/11/07	14.08	14.19	13.87	14.11	2446508	34350892.00
2022/11/08	14.18	14.35	14.03	14.07	1932396	27291874.00
2022/11/09	14.08	14.21	14.06	14.08	1727428	24424216.00
2022/11/10	13.95	14.06	13.89	13.98	1423049	19879752.00
2022/11/11	14.16	14.58	14.09	14.40	4188216	60067016.00
2022/11/14	14.68	14.90	14.34	14.39	4002550	58452444.00
2022/11/15	14.40	14.57	14.34	14.50	2793113	40322932.00
2022/11/16	14.42	14.49	14.24	14.30	2072224	29737620.00
2022/11/17	14.27	14.30	14.21	14.30	1288600	18369202.00
2022/11/18	14.30	14.32	14.05	14.09	1985745	28167348.00
2022/11/21	14.04	14.12	13.90	14.11	1181528	16528027.00
2022/11/22	14.12	14.27	14.00	14.07	1458988	20629658.00
2022/11/23	14.06	14.07	13.78	13.90	1413272	19639598.00
2022/11/24	14.09	14.09	13.93	14.01	1222674	17149144.00
2022/11/25	14.04	14.16	13.95	14.06	1873789	26387676.00
2022/11/28	13.81	13.90	13.65	13.78	1945951	26771848.00
2022/11/29	14.12	14.40	14.03	14.35	3980287	56629496.00
2022/11/30	14.31	14.40	14.15	14.17	1878400	26742156.00
2022/12/01	14.27	14.32	14.15	14.20	1533988	21829376.00
2022/12/02	14.18	14.25	14.12	14.25	1131072	16044993.00
2022/12/05	14.29	14.65	14.27	14.57	3177486	45990636.00
2022/12/06	14.48	14.59	14.37	14.41	2030872	29351588.00
2022/12/07	14.43	14.45	14.29	14.39	1182924	16996776.00
2022/12/08	14.37	14.54	14.20	14.42	1594544	22935894.00
2022/12/09	14.42	14.68	14.36	14.67	2823645	41098288.00
2022/12/12	14.65	15.01	14.54	14.75	4346020	64528120.00
2022/12/13	14.69	15.90	14.67	15.32	6834910	105315648.00
2022/12/14	15.15	15.31	14.99	15.09	3317301	50245768.00
2022/12/15	15.08	15.20	14.80	14.88	2130091	31758436.00
2022/12/16	14.87	15.40	14.70	15.05	3437984	51885848.00
2022/12/19	15.05	15.14	14.78	14.86	2262932	33726072.00
2022/12/20	14.71	15.10	14.49	14.76	1977900	29225462.00
2022/12/21	14.85	14.93	14.42	14.61	1352532	19796144.00
2022/12/22	14.75	14.99	14.37	14.41	1426032	20932284.00
2022/12/23	14.40	14.49	14.15	14.23	1071173	15292819.00
2022/12/26	14.21	14.36	14.17	14.35	862200	12320935.00
2022/12/27	14.39	14.65	14.28	14.44	1187100	17172040.00
2022/12/28	14.40	14.40	13.96	14.02	1984531	28039896.00
2022/12/29	14.02	14.02	13.81	13.85	1125815	15649576.00
2022/12/30	13.92	13.98	13.64	13.73	1340545	18449464.00
2023/01/03	13.70	13.90	13.58	13.89	1575500	21670186.00
2023/01/04	13.88	14.54	13.73	14.36	3275136	46763088.00
2023/01/05	14.49	14.50	14.19	14.32	1253815	17940442.00
2023/01/06	14.32	14.83	14.32	14.52	2268900	33040112.00
2023/01/09	14.48	14.65	14.32	14.34	1705698	24653150.00
2023/01/10	14.32	14.44	14.12	14.16	1844865	26299470.00
2023/01/11	14.16	14.27	13.91	13.94	1465999	20639200.00
2023/01/12	13.81	14.01	13.79	13.95	1357416	18850542.00
2023/01/13	13.93	15.24	13.83	14.70	6974378	102558536.00
2023/01/16	14.60	14.83	14.52	14.66	3622998	52945616.00
2023/01/17	14.66	14.66	14.36	14.48	1691949	24494560.00
2023/01/18	14.42	14.51	14.35	14.39	1420300	20476112.00
2023/01/19	14.35	14.41	14.26	14.38	1345872	19334184.00
2023/01/20	14.33	14.45	14.30	14.43	1687200	24253232.00
2023/01/30	14.52	14.65	14.46	14.53	2257907	32827860.00
2023/01/31	14.52	14.66	14.42	14.65	1932600	28136268.00
2023/02/01	14.65	14.77	14.59	14.76	1749052	25677680.00
2023/02/02	14.74	14.93	14.71	14.74	2430000	35921760.00
2023/02/03	14.81	14.84	14.48	14.65	2199496	32246928.00
2023/02/06	14.57	14.69	14.50	14.62	1194700	17452308.00
2023/02/07	14.61	14.85	14.60	14.85	2165243	32019218.00
2023/02/08	14.93	14.93	14.72	14.75	1505833	22276488.00
2023/02/09	14.70	14.90	14.69	14.89	1494872	22160458.00
2023/02/10	14.85	15.03	14.83	14.88	1706896	25478592.00
数据来源:通达信
