688029 南微医学 日线 不复权
      日期	    开盘	    最高	    最低	    收盘	    成交量	    成交额
2019/07/22	113.02	136.37	87.10	110.51	20091446	2146542208.00
2019/07/23	126.00	133.30	119.66	123.46	13109892	1653966720.00
2019/07/24	123.90	128.99	118.00	128.58	10490032	1304623360.00
2019/07/25	126.00	138.98	125.28	130.75	11089888	1455801984.00
2019/07/26	128.00	128.98	120.10	122.88	7628348	946405376.00
2019/07/29	124.11	129.88	124.11	129.03	7428607	946355136.00
2019/07/30	128.00	135.42	125.60	135.07	10189712	1328903296.00
2019/07/31	133.00	134.60	128.50	132.99	7987360	1056385088.00
2019/08/01	129.50	136.90	127.91	135.27	8574617	1140674816.00
2019/08/02	132.00	148.66	131.20	138.36	13204754	1831467008.00
2019/08/05	137.00	139.67	132.00	139.28	8347632	1146695808.00
2019/08/06	136.02	143.50	128.00	129.26	10568626	1454148096.00
2019/08/07	131.00	132.00	123.60	127.07	6839929	871653184.00
2019/08/08	126.00	136.20	125.03	129.08	7718390	1013705344.00
2019/08/09	129.88	131.60	121.99	122.11	6079399	772775232.00
2019/08/12	123.02	123.76	117.50	119.31	4821442	576546176.00
2019/08/13	118.56	120.86	116.87	120.29	3626746	430992992.00
2019/08/14	121.20	123.29	119.51	121.00	3396703	412014432.00
2019/08/15	118.00	121.48	117.31	120.35	2400102	288015968.00
2019/08/16	120.60	124.88	119.60	122.23	3630033	443817056.00
2019/08/19	122.00	127.41	118.88	127.31	4918652	607994560.00
2019/08/20	126.40	127.02	124.30	124.80	2243561	281282400.00
2019/08/21	124.99	124.99	119.18	119.99	3148514	381673312.00
2019/08/22	119.52	124.80	119.10	122.06	2592622	316558272.00
2019/08/23	122.12	125.67	119.21	121.05	4105464	503994496.00
2019/08/26	122.00	135.94	121.83	135.20	6520165	841695744.00
2019/08/27	134.00	135.85	130.80	134.98	3928911	524997088.00
2019/08/28	134.05	142.50	131.89	132.10	4542188	625187840.00
2019/08/29	131.01	135.00	128.88	134.20	3290562	435173952.00
2019/08/30	134.30	148.00	133.03	139.60	6506136	914458304.00
2019/09/02	140.02	142.95	136.00	142.06	3299757	459167360.00
2019/09/03	142.00	152.00	141.15	148.29	5607498	829233792.00
2019/09/04	146.80	148.50	141.42	142.06	4043830	583451200.00
2019/09/05	142.37	146.41	138.50	138.93	4104808	585378752.00
2019/09/06	138.93	141.60	135.96	136.50	3098463	428729344.00
2019/09/09	137.27	140.35	136.50	139.20	2180421	302203776.00
2019/09/10	139.10	141.66	136.80	138.09	2229485	309165408.00
2019/09/11	138.26	139.99	136.11	136.64	1821308	251321984.00
2019/09/12	136.65	139.83	135.45	138.24	1862444	256291552.00
2019/09/16	138.90	145.97	138.80	144.20	3167590	453929056.00
2019/09/17	143.10	146.66	140.36	142.07	2090892	298564000.00
2019/09/18	142.07	142.97	133.18	133.90	3715824	506748864.00
2019/09/19	133.10	136.77	132.11	135.06	1901380	256691824.00
2019/09/20	134.34	136.00	133.85	134.88	1025631	138175504.00
2019/09/23	134.93	135.43	131.03	134.10	1356830	180811424.00
2019/09/24	133.58	142.42	133.58	141.00	2714023	378777856.00
2019/09/25	140.78	141.97	136.50	136.66	1592091	220505808.00
2019/09/26	137.20	137.50	129.30	129.30	2249742	298041600.00
2019/09/27	130.00	133.38	126.18	130.85	1573728	204514592.00
2019/09/30	128.98	136.68	124.50	133.16	2113311	277392320.00
2019/10/08	132.50	137.00	131.04	133.96	1136405	152984192.00
2019/10/09	133.60	141.30	131.20	140.60	1919268	264483648.00
2019/10/10	140.40	155.00	138.61	148.70	3508771	520741504.00
2019/10/11	147.00	152.70	147.00	148.50	2157647	323218784.00
2019/10/14	147.77	155.70	147.75	152.29	2379433	361527936.00
2019/10/15	150.22	157.20	149.26	154.69	2225549	341891200.00
2019/10/16	154.69	157.80	149.50	150.01	2448141	375975936.00
2019/10/17	150.13	160.60	148.55	160.13	2944843	459849248.00
2019/10/18	159.30	173.86	159.30	162.00	3871189	645972992.00
2019/10/21	162.00	168.40	156.23	165.03	2996353	483104384.00
2019/10/22	165.00	169.49	161.12	164.50	2063197	340876800.00
2019/10/23	163.50	166.59	157.60	160.00	2920275	472077280.00
2019/10/24	160.50	163.56	153.00	155.70	2515972	399924800.00
2019/10/25	154.00	157.28	152.01	154.10	1441997	223031296.00
2019/10/28	154.20	164.60	152.62	163.11	2175980	348450816.00
2019/10/29	162.60	172.20	162.60	167.38	2419674	406216544.00
2019/10/30	166.60	172.68	164.04	168.88	1623128	272743040.00
2019/10/31	168.25	168.45	163.81	167.59	1086931	180706336.00
2019/11/01	166.21	168.20	161.02	163.36	1391952	227630720.00
2019/11/04	165.87	182.80	165.00	182.80	2822957	495100960.00
2019/11/05	180.51	181.51	175.45	177.30	2142190	380893024.00
2019/11/06	178.10	181.01	175.72	180.12	1649325	294724320.00
2019/11/07	179.96	180.30	173.00	176.25	1593694	280582112.00
2019/11/08	176.50	180.89	175.21	177.50	1228761	218421040.00
2019/11/11	175.50	175.50	160.33	161.80	2680149	450415264.00
2019/11/12	162.05	164.91	159.80	162.97	1178301	191648448.00
2019/11/13	162.22	172.20	160.43	170.38	1880928	313413888.00
2019/11/14	170.88	178.78	169.22	175.03	1777365	311488672.00
2019/11/15	173.00	177.80	171.20	171.98	1063663	185114032.00
2019/11/18	171.80	179.60	171.20	173.99	1348764	237456144.00
2019/11/19	175.50	181.99	173.03	180.99	1587389	283053696.00
2019/11/20	180.90	182.70	176.40	177.30	1261774	225834176.00
2019/11/21	178.70	185.25	175.91	178.95	1749439	317337216.00
2019/11/22	179.92	179.98	162.69	169.20	2375777	403934176.00
2019/11/25	168.05	172.40	163.33	168.88	1252999	210910656.00
2019/11/26	167.70	171.47	161.68	162.16	1432163	236308704.00
2019/11/27	163.49	165.18	161.20	163.50	985484	160832528.00
2019/11/28	163.90	166.00	160.57	160.69	1196620	194745024.00
2019/11/29	160.90	160.98	154.00	156.52	1731593	271484320.00
2019/12/02	155.68	157.37	151.30	152.05	1462011	225095712.00
2019/12/03	152.40	152.80	145.24	152.24	1913777	285127488.00
2019/12/04	149.90	154.80	149.21	153.00	959169	146645696.00
2019/12/05	152.60	162.56	151.88	161.20	2084029	330960288.00
2019/12/06	161.39	162.51	158.45	160.78	897050	143831488.00
2019/12/09	160.79	162.01	156.30	160.78	1304913	207700768.00
2019/12/10	160.00	168.51	160.00	164.60	1753842	290118976.00
2019/12/11	163.97	165.98	160.50	161.77	1020093	165909920.00
2019/12/12	161.99	164.50	159.30	159.91	678589	109814256.00
2019/12/13	159.93	163.18	159.93	162.98	724217	117339832.00
2019/12/16	163.50	163.68	160.88	163.20	681125	110430048.00
2019/12/17	163.51	164.90	159.72	162.91	1333041	215502208.00
2019/12/18	163.00	166.66	162.50	166.20	1414504	232661280.00
2019/12/19	165.99	168.20	162.00	163.40	908228	149400272.00
2019/12/20	163.01	163.69	159.60	159.60	812657	130948128.00
2019/12/23	158.62	158.95	152.80	153.16	974919	151066592.00
2019/12/24	153.80	156.88	153.39	156.00	538487	83707272.00
2019/12/25	155.99	160.63	155.55	157.36	758408	120158520.00
2019/12/26	157.70	158.80	155.82	156.41	671616	105349680.00
2019/12/27	157.05	160.69	156.50	157.25	766384	121476840.00
2019/12/30	157.80	158.68	153.36	156.13	685130	107038200.00
2019/12/31	156.03	162.75	156.03	160.60	849623	136557008.00
2020/01/02	160.81	162.66	159.71	162.09	722330	116633424.00
2020/01/03	162.09	162.45	158.20	159.19	695645	111307224.00
2020/01/06	158.03	158.80	155.80	156.12	1074946	168656944.00
2020/01/07	154.93	159.89	154.88	159.68	868240	136964096.00
2020/01/08	159.68	160.99	155.61	160.30	915575	145039248.00
2020/01/09	162.00	172.70	161.81	170.46	1750562	294186144.00
2020/01/10	170.18	175.84	168.88	171.81	1281062	221931008.00
2020/01/13	174.98	185.00	171.89	180.99	1539761	275410816.00
2020/01/14	182.00	183.25	176.60	178.30	1006008	180037952.00
2020/01/15	178.00	180.78	176.57	178.50	773118	137978256.00
2020/01/16	179.00	180.22	176.56	178.00	948263	168956928.00
2020/01/17	178.50	192.68	177.10	184.23	1674738	311577920.00
2020/01/20	184.50	188.50	173.18	182.10	2047492	368851904.00
2020/01/21	180.05	190.88	176.00	177.00	1499589	273610720.00
2020/01/22	177.00	186.00	171.00	184.05	1850567	329877760.00
2020/01/23	182.00	193.00	175.00	180.87	1604526	297872960.00
2020/02/03	162.01	181.80	154.30	170.00	2201284	375893344.00
2020/02/04	168.00	178.67	168.00	175.07	1243425	217473232.00
2020/02/05	176.30	191.00	176.08	185.23	2448777	446663104.00
2020/02/06	182.01	188.70	181.00	185.28	1522861	282440928.00
2020/02/07	185.40	194.98	184.24	186.88	1686119	318949696.00
2020/02/10	186.30	188.88	178.90	181.21	1637775	299709120.00
2020/02/11	180.60	181.20	174.57	174.65	1331702	235181040.00
2020/02/12	174.48	181.00	174.48	180.00	1376099	246520640.00
2020/02/13	180.00	185.00	177.12	177.50	1673619	300497376.00
2020/02/14	176.00	179.94	173.00	175.20	1310373	230761520.00
2020/02/17	175.98	192.58	175.60	192.39	2392269	443561376.00
2020/02/18	191.00	193.99	186.51	187.94	1552085	292854848.00
2020/02/19	187.00	198.65	186.10	190.00	1875935	362821344.00
2020/02/20	191.19	191.84	184.30	189.58	1678413	314350208.00
2020/02/21	189.95	194.68	185.99	187.06	1721331	326793248.00
2020/02/24	187.01	191.00	185.16	187.82	1269897	237673024.00
2020/02/25	185.00	194.90	183.50	192.08	1741084	329068224.00
2020/02/26	190.00	191.50	180.86	181.50	1460993	271290368.00
2020/02/27	183.00	183.35	175.66	177.60	1423735	253724384.00
2020/02/28	174.00	182.00	173.05	178.01	1347532	239779280.00
2020/03/02	178.55	183.66	176.58	182.56	926574	167561408.00
2020/03/03	185.50	194.78	185.50	189.00	1838544	350684768.00
2020/03/04	187.00	192.80	185.50	192.00	1001188	189547648.00
2020/03/05	194.45	201.06	189.50	200.60	1852733	363696800.00
2020/03/06	198.23	202.97	195.50	195.87	1043985	206574448.00
2020/03/09	192.51	195.88	188.02	189.48	1044105	200056640.00
2020/03/10	188.10	197.89	183.14	196.30	1352289	256925312.00
2020/03/11	194.40	200.38	188.84	189.44	883326	172073536.00
2020/03/12	186.68	191.00	184.06	185.75	829978	154918288.00
2020/03/13	178.00	190.40	176.50	189.88	974924	179327616.00
2020/03/16	191.81	191.89	176.58	178.00	1010012	185208256.00
2020/03/17	181.00	182.50	168.00	176.88	1144687	200120016.00
2020/03/18	177.50	180.66	168.32	168.60	1127470	197916528.00
2020/03/19	168.69	170.48	153.00	162.71	2148786	345669536.00
2020/03/20	162.72	164.00	156.50	161.30	921306	148515216.00
2020/03/23	155.01	159.79	150.20	151.48	1339976	207003792.00
2020/03/24	154.76	159.87	153.81	157.71	1580062	248288416.00
2020/03/25	160.52	164.95	159.24	163.01	1254704	203551216.00
2020/03/26	161.90	166.92	160.41	166.00	844467	138952336.00
2020/03/27	167.05	174.93	167.05	169.01	1082656	185693760.00
2020/03/30	166.91	168.98	159.00	164.97	1014705	165269344.00
2020/03/31	166.00	166.00	152.69	153.30	2630427	412322912.00
2020/04/01	153.00	155.46	149.90	150.53	1291082	196576288.00
2020/04/02	150.01	157.66	149.00	157.00	1113908	170577328.00
2020/04/03	156.85	160.88	154.51	158.48	903504	143058944.00
2020/04/07	161.98	164.50	159.00	163.40	720400	116784752.00
2020/04/08	163.30	163.49	159.56	161.90	538461	86873496.00
2020/04/09	161.10	168.26	159.61	167.59	966437	158663392.00
2020/04/10	166.94	169.46	161.60	162.40	952017	157203040.00
2020/04/13	159.99	159.99	155.51	158.18	774431	122321216.00
2020/04/14	158.43	163.49	158.43	162.52	505342	81363488.00
2020/04/15	163.44	168.08	161.60	166.80	971505	161470816.00
2020/04/16	164.70	167.66	164.50	165.31	436020	72240176.00
2020/04/17	165.59	170.58	164.20	164.21	722384	121391072.00
2020/04/20	165.21	168.63	165.03	167.33	434561	72462552.00
2020/04/21	167.48	168.95	160.95	163.66	516217	85015368.00
2020/04/22	161.90	167.98	161.90	167.40	607752	100399416.00
2020/04/23	167.40	171.53	166.00	168.20	564330	95291520.00
2020/04/24	167.20	169.88	165.34	168.81	610867	102535728.00
2020/04/27	169.10	185.00	168.97	180.25	1307253	233225904.00
2020/04/28	179.98	194.47	171.02	187.17	1609946	295363648.00
2020/04/29	176.87	190.31	175.00	181.21	1611743	294554016.00
2020/04/30	180.21	187.98	180.21	182.75	728196	134427040.00
2020/05/06	180.34	192.00	178.13	190.20	786253	146887088.00
2020/05/07	189.00	189.23	185.02	187.15	729735	136445424.00
2020/05/08	187.15	188.97	183.50	183.53	709882	131395424.00
2020/05/11	183.20	185.80	181.25	183.68	722062	132184208.00
2020/05/12	182.26	192.80	180.47	192.66	1007948	188859600.00
2020/05/13	191.06	201.14	188.78	194.94	925248	181356016.00
2020/05/14	194.85	197.60	189.50	191.05	628380	121603808.00
2020/05/15	191.90	197.47	191.62	193.40	493079	95807256.00
2020/05/18	193.40	196.00	189.80	190.62	614010	118277704.00
2020/05/19	193.00	210.60	188.60	207.80	1486717	296985536.00
2020/05/20	204.00	208.48	196.36	199.34	660321	133896096.00
2020/05/21	200.68	213.50	199.01	199.88	984305	201971712.00
2020/05/22	201.00	205.00	190.19	200.18	877371	173535008.00
2020/05/25	197.88	205.30	197.88	202.17	673826	135783472.00
2020/05/26	202.10	218.88	202.06	214.66	1153639	245784944.00
2020/05/27	214.30	217.00	209.04	209.50	533050	113029136.00
2020/05/28	209.00	213.47	197.50	203.22	887924	181882464.00
2020/05/29	201.89	211.86	200.56	207.62	671757	138978352.00
2020/06/01	206.66	212.60	206.66	209.30	738276	154243104.00
2020/06/02	209.00	209.89	202.28	206.00	669727	136861024.00
2020/06/03	204.16	208.50	203.00	204.00	395224	81384656.00
2020/06/04	203.01	207.03	201.90	207.03	530943	108462192.00
2020/06/05	207.20	208.99	203.45	207.68	389361	80584472.00
2020/06/08	208.00	208.45	197.50	197.50	621125	125162008.00
2020/06/09	194.80	203.46	194.80	201.80	666449	134078248.00
2020/06/10	201.18	203.80	199.00	202.88	503059	101429664.00
2020/06/11	202.60	202.66	193.60	195.20	653114	129284720.00
2020/06/12	193.00	196.75	192.50	194.30	647337	125724736.00
2020/06/15	194.04	195.88	191.10	191.93	478247	92434424.00
2020/06/16	193.00	213.77	192.23	209.23	1322074	271009024.00
2020/06/17	209.00	213.44	205.00	205.88	680196	141453744.00
2020/06/18	205.88	210.99	204.58	210.00	651963	135599568.00
2020/06/19	210.00	230.10	210.00	226.97	1211998	270013952.00
2020/06/22	227.00	237.50	222.01	228.28	903337	206768480.00
2020/06/23	226.00	239.00	225.19	234.00	754389	175944032.00
2020/06/24	235.00	244.80	230.01	241.02	620267	147190336.00
2020/06/29	240.00	240.99	228.17	234.18	989504	231115232.00
2020/06/30	234.90	245.80	234.20	242.54	913380	220505376.00
2020/07/01	241.80	246.30	232.50	235.50	678496	161380704.00
2020/07/02	235.34	237.51	222.88	226.81	866678	197836496.00
2020/07/03	225.20	240.40	222.86	232.80	931646	215776720.00
2020/07/06	233.00	238.38	226.02	236.66	563970	131511360.00
2020/07/07	233.58	242.32	232.02	235.80	863211	204859120.00
2020/07/08	240.00	251.00	236.05	246.04	805595	197791808.00
2020/07/09	245.10	250.02	240.02	246.60	907467	222447536.00
2020/07/10	247.00	253.86	243.20	246.63	749091	186113472.00
2020/07/13	247.80	252.43	246.52	250.99	701439	175083328.00
2020/07/14	249.00	249.00	236.52	239.80	1234351	296825408.00
2020/07/15	238.48	245.51	233.38	236.00	1109524	265721440.00
2020/07/16	235.96	237.96	222.00	224.11	998257	226434800.00
2020/07/17	224.00	226.98	207.52	221.67	1310259	283870912.00
2020/07/20	222.20	223.50	210.50	219.60	799564	172475856.00
2020/07/21	218.00	234.21	217.40	234.14	842719	193085760.00
2020/07/22	234.24	239.73	226.06	230.20	1051125	242890496.00
2020/07/23	229.80	233.45	223.50	223.70	923007	209907248.00
2020/07/24	222.03	223.23	211.23	211.26	905603	196185200.00
2020/07/27	210.79	217.36	208.61	215.52	681478	145133984.00
2020/07/28	215.06	223.70	213.52	219.62	501811	109922880.00
2020/07/29	220.89	235.00	217.91	232.39	895450	206597888.00
2020/07/30	232.00	237.33	230.00	236.80	564468	132705304.00
2020/07/31	233.64	243.40	233.64	243.19	691776	165696672.00
2020/08/03	245.06	283.00	245.06	276.01	1173997	301656896.00
2020/08/04	278.00	278.00	252.51	257.90	1048509	277360256.00
2020/08/05	257.78	271.00	254.00	262.00	811272	213713344.00
2020/08/06	262.00	266.50	251.80	255.00	948173	242229184.00
2020/08/07	253.90	259.91	238.00	244.02	661725	163012208.00
2020/08/10	243.80	251.25	238.02	247.50	461047	113099688.00
2020/08/11	246.01	248.48	238.00	239.56	575256	138888944.00
2020/08/12	236.75	239.55	227.26	232.88	515935	119262424.00
2020/08/13	237.73	244.52	232.70	233.51	349818	83002664.00
2020/08/14	234.55	242.57	230.00	241.50	404673	95281528.00
2020/08/17	240.75	240.75	235.00	239.80	399681	95235128.00
2020/08/18	240.95	252.40	240.95	248.98	629697	156168128.00
2020/08/19	250.27	250.27	238.10	238.56	357134	86408448.00
2020/08/20	237.00	237.00	227.92	228.00	517883	119650232.00
2020/08/21	228.13	236.89	228.13	230.97	382189	89120896.00
2020/08/24	230.00	234.79	218.21	233.50	594483	135107296.00
2020/08/25	231.81	236.00	230.00	231.41	460903	107523760.00
2020/08/26	232.07	235.88	223.00	225.34	485096	111263296.00
2020/08/27	225.13	232.36	220.30	232.20	427792	96937000.00
2020/08/28	231.77	234.27	222.50	230.28	678382	154511520.00
2020/08/31	229.10	232.80	225.00	226.11	480347	109312320.00
2020/09/01	227.90	227.90	222.01	222.87	460380	103073136.00
2020/09/02	223.20	224.45	212.01	221.38	1028267	225345264.00
2020/09/03	222.00	228.00	214.88	221.40	745498	164875712.00
2020/09/04	218.68	220.98	213.13	218.00	634904	137640880.00
2020/09/07	216.00	221.25	212.50	215.68	862688	187354560.00
2020/09/08	215.68	216.68	203.75	209.31	1038256	217752240.00
2020/09/09	206.48	207.53	200.80	201.80	798267	162963392.00
2020/09/10	204.50	209.00	202.62	205.00	492364	101514872.00
2020/09/11	202.02	214.98	202.02	210.38	523093	109943920.00
2020/09/14	216.00	228.97	210.52	213.50	1212579	266320272.00
2020/09/15	213.50	215.50	207.53	212.50	529885	111853968.00
2020/09/16	211.90	215.50	209.02	209.75	617150	130594208.00
2020/09/17	207.00	213.88	204.68	209.36	589188	122983984.00
2020/09/18	211.80	212.70	207.50	211.53	552366	116420416.00
2020/09/21	212.32	213.00	206.70	208.00	710155	148185520.00
2020/09/22	208.00	218.33	205.23	213.83	1648569	347731520.00
2020/09/23	215.50	225.50	215.00	221.00	1096291	242455120.00
2020/09/24	221.85	221.98	217.12	218.00	644650	141427968.00
2020/09/25	218.44	222.88	215.48	218.62	468837	102730064.00
2020/09/28	218.63	220.22	213.56	213.80	360514	77737632.00
2020/09/29	215.00	225.30	212.89	223.02	1249769	276698176.00
2020/09/30	224.97	234.99	222.21	233.00	1185502	274261728.00
2020/10/09	234.50	239.63	232.00	237.11	858927	202241232.00
2020/10/12	237.60	243.90	233.00	236.90	1029056	242895296.00
2020/10/13	236.90	241.99	231.11	233.60	1164518	272833760.00
2020/10/14	232.68	235.79	231.26	234.00	851120	198890992.00
2020/10/15	234.80	236.50	230.07	230.50	520433	120832704.00
2020/10/16	230.00	233.40	220.90	222.90	1012358	228518464.00
2020/10/19	222.85	222.85	215.18	216.20	1011975	220544832.00
2020/10/20	217.00	217.58	205.91	211.97	1230682	259509184.00
2020/10/21	213.21	214.04	206.58	207.88	793179	165955904.00
2020/10/22	209.43	209.49	200.95	202.84	532227	108431176.00
2020/10/23	204.56	207.00	191.00	194.53	1175076	232948576.00
2020/10/26	192.16	201.00	192.16	200.00	642496	127006576.00
2020/10/27	200.82	204.80	199.02	203.59	505160	102275576.00
2020/10/28	206.00	207.14	200.80	204.10	680367	138715888.00
2020/10/29	203.16	210.79	201.02	210.62	634001	131312456.00
2020/10/30	210.00	210.31	205.30	208.34	442532	92014696.00
2020/11/02	208.12	210.00	204.21	207.59	482700	100109368.00
2020/11/03	205.50	212.10	201.65	212.09	650232	135662624.00
2020/11/04	211.82	216.00	210.00	215.20	433763	92302688.00
2020/11/05	218.00	222.88	215.38	222.69	555169	121771816.00
2020/11/06	221.08	222.72	200.20	214.00	1166577	245135632.00
2020/11/09	213.00	219.80	205.11	216.21	904892	191076288.00
2020/11/10	216.00	224.88	214.11	219.58	577216	127086640.00
2020/11/11	219.01	220.01	211.13	216.80	351429	75864840.00
2020/11/12	216.01	222.54	215.22	220.65	332216	73084664.00
2020/11/13	218.73	234.00	217.03	232.81	1012742	231362080.00
2020/11/16	252.43	252.43	218.90	221.13	1214774	278552352.00
2020/11/17	222.70	222.70	208.60	219.40	795202	171965088.00
2020/11/18	219.60	222.77	212.50	217.13	539636	117455080.00
2020/11/19	215.18	221.80	215.18	217.43	309642	67872336.00
2020/11/20	217.43	219.78	216.01	217.90	218688	47632948.00
2020/11/23	216.00	218.80	208.39	208.88	588880	125292176.00
2020/11/24	209.77	210.40	200.00	205.62	736197	150894288.00
2020/11/25	204.11	204.11	189.52	192.77	1417892	275093856.00
2020/11/26	191.77	194.98	185.01	187.43	829174	156593792.00
2020/11/27	187.00	188.77	179.40	180.70	1033920	188068848.00
2020/11/30	180.70	185.00	176.41	177.77	1846432	332000960.00
2020/12/01	177.95	183.00	177.18	179.88	909957	163661936.00
2020/12/02	180.44	182.86	178.25	180.55	669020	120924160.00
2020/12/03	181.32	190.88	180.31	189.05	1638118	304264928.00
2020/12/04	188.20	189.64	181.81	184.50	948707	175606352.00
2020/12/07	184.45	192.65	184.45	189.22	1141760	215955568.00
2020/12/08	189.04	194.70	188.10	188.95	743252	141979552.00
2020/12/09	190.00	190.00	176.25	177.03	1436239	260531120.00
2020/12/10	175.50	178.88	170.00	170.60	1937767	334482752.00
2020/12/11	171.30	172.00	165.50	172.00	2226582	375402080.00
2020/12/14	171.20	177.50	170.10	175.89	1281171	223865232.00
2020/12/15	176.00	182.53	175.10	179.53	1584349	285508832.00
2020/12/16	180.00	185.48	179.60	183.87	833071	152652672.00
2020/12/17	185.00	186.88	181.17	184.93	774481	142398144.00
2020/12/18	184.39	185.00	180.88	183.01	477540	87258728.00
2020/12/21	183.00	187.49	180.00	187.49	913294	168115440.00
2020/12/22	185.50	187.00	181.73	183.60	700890	129602592.00
2020/12/23	182.59	188.80	178.00	187.00	866089	159543936.00
2020/12/24	186.51	189.34	180.52	181.23	787985	144829232.00
2020/12/25	181.00	187.00	179.08	186.67	601177	110006936.00
2020/12/28	186.63	193.85	182.35	192.40	944467	178785776.00
2020/12/29	193.95	193.95	186.18	186.25	631705	118840864.00
2020/12/30	187.50	187.57	182.28	183.60	519043	95680536.00
2020/12/31	183.77	187.48	182.75	184.01	489613	90735784.00
2021/01/04	184.15	187.99	182.78	183.40	1038249	193168528.00
2021/01/05	183.62	184.95	175.13	175.50	1187837	212863552.00
2021/01/08	169.36	174.49	162.00	169.40	3220159	541835200.00
2021/01/11	169.00	183.68	166.43	180.12	2417468	417229728.00
2021/01/12	178.95	191.80	178.46	189.80	1143845	214213136.00
2021/01/13	189.02	195.00	187.12	193.90	905754	173190096.00
2021/01/14	192.79	206.00	192.00	202.97	1023307	204691424.00
2021/01/15	201.11	202.98	187.90	196.20	973907	188680832.00
2021/01/18	195.00	195.90	189.79	193.50	751713	144658992.00
2021/01/19	191.11	198.00	188.80	191.35	748293	143637744.00
2021/01/20	191.10	195.76	189.18	191.47	752388	144584032.00
2021/01/21	190.19	197.14	190.19	193.41	541816	105608816.00
2021/01/22	194.60	202.36	191.48	200.58	1045861	208321200.00
2021/01/25	201.99	203.50	196.02	202.10	957554	191726848.00
2021/01/26	200.00	203.80	191.03	192.02	779682	151831872.00
2021/01/27	192.22	193.49	185.79	191.10	934965	177642672.00
2021/01/28	190.88	190.88	178.25	178.50	732000	134383568.00
2021/01/29	180.20	185.03	177.01	177.92	665570	120261952.00
2021/02/01	178.90	181.89	175.45	176.80	460133	82049544.00
2021/02/02	177.50	178.77	173.25	173.36	1032845	181494960.00
2021/02/03	171.10	175.95	167.06	172.07	1107900	188721664.00
2021/02/04	170.35	172.07	167.90	169.32	646072	109795984.00
2021/02/05	170.83	185.55	170.83	183.96	1321213	236820240.00
2021/02/08	183.00	188.88	178.03	187.67	764287	139986896.00
2021/02/09	188.80	192.91	184.13	190.53	588666	111621328.00
2021/02/10	190.54	210.47	190.01	208.18	1223674	247936768.00
2021/02/18	206.74	212.24	193.50	194.00	1197729	239525408.00
2021/02/19	194.00	201.88	191.01	200.00	839053	165300544.00
2021/02/22	197.11	199.76	191.98	196.00	693666	135530336.00
2021/02/23	196.10	214.80	192.99	208.00	1129221	232508624.00
2021/02/24	208.00	218.97	206.51	213.35	1146199	245746336.00
2021/02/25	211.20	217.47	209.09	216.02	550918	118415368.00
2021/02/26	210.00	217.00	205.30	209.23	812636	171649584.00
2021/03/01	206.00	212.26	202.28	203.00	772930	159317872.00
2021/03/02	206.00	209.49	197.02	199.00	834413	169821792.00
2021/03/03	198.88	201.91	190.10	194.00	840211	162192064.00
2021/03/04	192.00	193.80	180.78	182.38	799186	148016944.00
2021/03/05	179.30	183.50	176.21	178.01	649603	116059760.00
2021/03/08	178.01	182.36	173.00	179.14	950297	168425984.00
2021/03/09	175.80	192.50	174.77	182.00	1285017	235694512.00
2021/03/10	183.10	186.00	178.50	179.96	430364	78168296.00
2021/03/11	180.87	182.82	174.07	179.20	527073	94271208.00
2021/03/12	179.14	182.19	174.03	181.80	485173	87076512.00
2021/03/15	180.87	182.50	176.50	181.18	450012	80905312.00
2021/03/16	181.00	182.99	177.00	178.57	347049	62211116.00
2021/03/17	176.50	179.48	173.22	175.30	470361	82639648.00
2021/03/18	176.38	189.50	175.96	185.04	670662	123613136.00
2021/03/19	183.30	185.04	173.80	175.47	742721	131894544.00
2021/03/22	175.80	187.78	175.00	186.00	710923	129916440.00
2021/03/23	186.47	188.20	179.68	185.66	377386	69352064.00
2021/03/24	185.66	194.96	184.37	190.40	676812	129171008.00
2021/03/25	188.38	195.48	184.83	186.00	923592	175936192.00
2021/03/26	186.20	190.90	184.01	187.00	432698	81152688.00
2021/03/29	187.00	190.50	181.83	185.38	589973	109158192.00
2021/03/30	185.79	191.00	185.75	188.01	440948	83121248.00
2021/03/31	189.59	189.59	184.13	185.00	379138	70648304.00
2021/04/01	186.50	195.97	184.47	194.48	625121	119900304.00
2021/04/02	195.20	197.00	191.11	195.00	578186	112290896.00
2021/04/06	195.40	199.99	195.01	195.22	341659	67402120.00
2021/04/07	195.75	196.80	189.82	190.97	317432	60936484.00
2021/04/08	191.63	193.50	189.00	190.90	366826	70177448.00
2021/04/09	192.00	192.94	188.01	191.34	276228	52723148.00
2021/04/12	191.51	193.19	180.30	181.89	548921	101148976.00
2021/04/13	180.18	191.38	180.18	189.50	678017	126897336.00
2021/04/14	188.01	193.40	187.06	191.66	498549	95465728.00
2021/04/15	190.18	200.97	190.18	199.70	625088	123493608.00
2021/04/16	198.88	204.16	197.01	203.97	375419	75675696.00
2021/04/19	203.98	211.79	203.34	205.68	475733	98875816.00
2021/04/20	205.68	215.00	205.68	209.99	1060565	223864048.00
2021/04/21	210.42	217.49	208.50	213.99	1002808	215234992.00
2021/04/22	218.00	222.65	214.18	219.53	1338142	293941760.00
2021/04/23	219.00	226.00	216.70	218.39	1013454	223602864.00
2021/04/26	216.57	219.97	212.29	215.01	983493	212198784.00
2021/04/27	216.88	218.80	214.00	216.37	565016	122238440.00
2021/04/28	215.61	221.50	212.02	214.08	807206	173275200.00
2021/04/29	213.64	217.25	210.10	215.73	735008	157479312.00
2021/04/30	216.00	225.02	212.69	223.07	721953	158843104.00
2021/05/06	221.99	227.00	216.19	220.66	582758	128900312.00
2021/05/07	220.95	223.11	211.00	212.22	588542	127013976.00
2021/05/10	213.44	227.00	213.00	224.90	665200	148056528.00
2021/05/11	222.15	236.00	221.11	231.74	1049012	241637808.00
2021/05/12	230.59	236.00	224.51	234.18	818279	188884512.00
2021/05/13	229.75	244.00	228.23	238.91	1084456	259186576.00
2021/05/14	239.80	243.88	234.11	240.30	874982	209859680.00
2021/05/17	238.99	252.50	238.97	248.48	1076404	266461664.00
2021/05/18	246.30	258.38	245.00	251.31	941597	238105856.00
2021/05/19	252.98	260.38	250.32	251.29	548593	139873472.00
2021/05/20	250.90	271.28	250.11	264.00	1317599	347104512.00
2021/05/21	264.00	265.69	256.00	258.76	486876	126497768.00
2021/05/24	258.76	267.00	257.12	264.88	736000	193257968.00
2021/05/25	263.01	267.60	256.00	265.03	944880	247397744.00
2021/05/26	263.00	287.74	263.00	282.34	1291215	361073856.00
2021/05/27	282.34	292.00	268.67	279.15	1132100	317931392.00
2021/05/28	284.27	290.01	276.25	280.18	747947	212060032.00
2021/05/31	282.27	284.44	271.01	282.11	852083	236887152.00
2021/06/01	283.09	289.93	279.00	288.00	851825	242252736.00
2021/06/02	285.91	292.80	258.99	261.88	1369974	370832032.00
2021/06/03	262.06	272.00	260.42	262.70	968404	257358992.00
2021/06/04	260.00	271.00	257.57	266.19	767386	203708880.00
2021/06/07	266.19	272.66	261.25	268.07	628080	168141456.00
2021/06/08	268.07	268.79	250.00	255.60	1010809	260200128.00
2021/06/09	251.01	257.88	249.00	253.22	844362	213838672.00
2021/06/10	255.00	256.80	248.39	253.01	709008	179223088.00
2021/06/11	254.13	262.14	248.60	250.40	849773	215394336.00
2021/06/15	249.10	261.95	247.83	255.96	1023603	261784816.00
2021/06/16	253.06	264.65	249.81	255.85	897367	229241728.00
2021/06/17	252.00	262.16	251.11	260.10	774317	200189056.00
2021/06/18	258.00	266.47	255.10	261.34	663657	173620160.00
2021/06/21	258.10	273.88	253.50	269.70	930669	248884256.00
2021/06/22	267.11	294.15	267.11	291.71	1422644	407066272.00
2021/06/23	290.01	297.77	286.50	294.04	656657	191967232.00
2021/06/24	293.00	297.99	281.56	294.00	1025462	297510944.00
2021/06/25	293.00	295.95	288.00	295.50	518985	151863408.00
2021/06/28	295.00	303.29	286.87	298.26	756928	224722096.00
2021/06/29	300.00	302.78	293.88	298.80	587457	174809360.00
2021/06/30	297.90	320.68	297.90	311.69	1002686	312179616.00
2021/07/01	312.60	317.00	303.65	306.21	481583	148768928.00
2021/07/02	306.57	308.33	290.01	295.01	800420	238516896.00
2021/07/05	294.50	322.22	294.19	320.45	1051004	330389792.00
2021/07/06	323.13	323.66	271.00	279.20	2110233	601673088.00
2021/07/07	278.02	296.66	276.99	293.35	1457230	423998496.00
2021/07/08	287.48	291.97	260.00	267.80	1832800	496310880.00
2021/07/09	265.00	269.58	253.00	260.93	1292008	336216416.00
2021/07/12	260.03	282.11	258.00	270.00	1528552	416177888.00
2021/07/13	273.24	274.88	249.22	255.88	1368426	351604032.00
2021/07/14	255.60	271.80	255.00	266.80	974268	259667104.00
2021/07/15	264.00	277.96	261.57	277.42	990150	269340064.00
2021/07/16	277.41	281.00	264.77	274.50	863784	236889488.00
2021/07/19	269.01	281.00	268.00	277.45	628129	173215824.00
2021/07/20	274.60	292.88	274.50	288.00	655858	188479904.00
2021/07/21	289.33	299.86	285.00	297.22	593586	175148592.00
2021/07/22	295.59	302.00	280.00	283.87	722942	211756368.00
2021/07/23	294.97	294.97	280.07	282.10	655443	186011248.00
2021/07/26	282.10	288.00	270.15	275.60	663467	185318608.00
2021/07/27	275.45	283.25	253.00	253.41	950926	251388288.00
2021/07/28	250.20	273.94	250.20	270.06	882732	233757936.00
2021/07/29	270.43	287.88	269.10	284.00	727468	204319152.00
2021/07/30	283.00	285.37	268.13	275.56	516422	142764784.00
2021/08/02	272.00	279.50	261.07	272.32	740557	199512512.00
2021/08/03	267.00	294.90	267.00	293.00	912601	260150832.00
2021/08/04	287.88	292.01	273.00	276.40	918410	258229152.00
2021/08/05	272.41	287.87	264.89	281.50	1002643	280524448.00
2021/08/06	280.00	290.00	269.01	271.90	651024	179898464.00
2021/08/09	274.00	284.29	266.91	272.08	655334	180471376.00
2021/08/10	273.88	278.00	265.00	273.34	582130	157335168.00
2021/08/11	270.71	275.00	266.00	268.46	690523	186058336.00
2021/08/12	266.01	275.88	263.63	264.31	509003	136357888.00
2021/08/13	264.31	279.54	264.30	269.60	670416	181635104.00
2021/08/16	269.59	275.04	260.02	262.02	465514	123978384.00
2021/08/17	262.00	265.00	250.87	254.09	479172	123220528.00
2021/08/18	259.00	267.00	252.21	254.09	513527	132916664.00
2021/08/19	254.09	258.11	249.60	251.16	478139	120753160.00
2021/08/20	251.15	251.17	200.93	204.61	3599047	762045760.00
2021/08/23	203.55	220.00	201.13	217.78	1779020	376695072.00
2021/08/24	220.99	227.83	213.00	224.00	1349723	297502656.00
2021/08/25	223.34	247.74	223.34	247.46	1229016	294214848.00
2021/08/26	240.00	240.00	209.00	214.17	2145695	469488096.00
2021/08/27	217.28	218.14	205.70	208.31	1160626	243639952.00
2021/08/30	213.51	219.77	205.31	213.08	1423723	301306336.00
2021/08/31	216.93	216.99	203.60	207.28	822519	170208464.00
2021/09/01	208.83	211.28	201.98	202.63	1023524	209787168.00
2021/09/02	202.64	211.50	200.00	202.60	735684	150201952.00
2021/09/03	201.57	206.24	198.89	200.15	799016	161166688.00
2021/09/06	198.01	219.62	197.10	214.36	1129795	242677872.00
2021/09/07	217.00	217.00	205.00	209.38	753263	156913232.00
2021/09/08	211.00	211.00	200.05	201.85	668833	135265504.00
2021/09/09	202.88	210.60	202.88	205.70	708504	146561680.00
2021/09/10	205.16	208.10	202.12	203.73	439024	89614680.00
2021/09/13	205.67	218.27	203.80	204.88	971325	203668256.00
2021/09/14	204.74	230.48	203.78	225.03	1372369	300556160.00
2021/09/15	225.94	225.94	202.77	203.01	1602090	332009280.00
2021/09/16	204.00	204.00	191.48	193.21	1312078	258345392.00
2021/09/17	194.66	208.99	190.21	207.00	1148231	231553344.00
2021/09/22	207.00	213.00	200.52	205.08	1025652	211450464.00
2021/09/23	203.20	215.60	201.69	211.42	1006043	212150048.00
2021/09/24	210.85	223.00	208.21	217.89	1299719	283968768.00
2021/09/27	219.00	239.60	217.48	238.43	1568032	366575616.00
2021/09/28	235.43	243.58	230.60	233.82	965762	227628464.00
2021/09/29	230.50	245.20	230.18	239.45	873819	208514496.00
2021/09/30	235.21	270.60	235.21	258.11	1310132	338483232.00
2021/10/08	262.00	264.00	249.00	263.00	921164	237419696.00
2021/10/11	269.00	271.47	256.07	265.23	793904	211718848.00
2021/10/12	264.32	277.58	262.50	267.33	1017927	275664352.00
2021/10/13	266.32	276.43	262.90	264.19	742958	199531040.00
2021/10/14	268.18	269.30	257.13	263.01	951413	250645376.00
2021/10/15	262.96	267.79	259.02	264.33	693982	183281952.00
2021/10/18	262.79	263.79	251.51	261.42	969647	249286752.00
2021/10/19	254.92	262.99	253.52	259.81	796268	205995024.00
2021/10/20	258.81	268.61	257.18	261.29	926280	243011904.00
2021/10/21	261.45	281.87	252.80	257.22	1156709	305281280.00
2021/10/22	260.00	266.77	254.31	257.34	810630	210945728.00
2021/10/25	256.22	262.57	248.97	255.50	642218	164287760.00
2021/10/26	258.45	261.87	252.02	255.27	846724	216343408.00
2021/10/27	252.70	258.49	242.10	255.60	971140	243124000.00
2021/10/28	255.60	257.03	244.20	251.79	943233	236696768.00
2021/10/29	250.00	253.59	241.00	247.22	773726	190103840.00
2021/11/01	244.30	249.41	236.28	239.23	1160444	278912160.00
2021/11/02	238.00	256.90	233.52	248.80	1309465	327356928.00
2021/11/03	248.08	258.02	244.30	251.64	910778	230293280.00
2021/11/04	256.50	262.00	249.02	251.31	857122	218658256.00
2021/11/05	254.50	257.49	244.68	246.46	762597	190588256.00
2021/11/08	245.01	249.70	239.30	241.73	539797	130741488.00
2021/11/09	241.75	263.69	241.74	261.46	983990	252499568.00
2021/11/10	267.00	275.00	261.03	266.67	720972	192736288.00
2021/11/11	260.80	266.13	243.00	252.66	1263628	318483232.00
2021/11/12	250.02	275.80	249.01	267.99	980988	256971984.00
2021/11/15	269.19	270.26	255.01	255.85	806652	209087808.00
2021/11/16	255.84	265.62	250.56	263.40	677210	176466848.00
2021/11/17	262.00	268.98	255.00	264.59	615063	161364608.00
2021/11/18	264.56	264.56	255.38	257.00	385376	99194224.00
2021/11/19	255.05	270.88	252.43	267.20	641586	170313120.00
2021/11/22	265.99	274.50	261.90	263.92	478285	127542088.00
2021/11/23	263.06	270.48	255.10	255.60	551470	142595360.00
2021/11/24	255.05	264.00	254.90	256.49	379261	98167600.00
2021/11/25	256.64	261.28	251.14	255.93	453988	115948888.00
2021/11/26	255.07	261.18	251.93	254.10	270263	69160264.00
2021/11/29	254.78	259.78	246.00	252.38	759155	190639376.00
2021/11/30	251.38	256.79	247.50	250.30	349395	87749560.00
2021/12/01	247.31	251.96	243.14	244.50	535578	132027896.00
2021/12/02	244.98	247.47	235.17	235.92	548401	131576872.00
2021/12/03	237.99	240.30	232.10	232.91	472081	110999616.00
2021/12/06	232.00	237.90	228.66	232.84	381908	89144568.00
2021/12/07	234.61	235.90	228.13	228.69	345563	79466472.00
2021/12/08	230.46	241.99	228.30	238.20	598744	141571696.00
2021/12/09	237.18	253.96	236.42	251.90	652455	162196592.00
2021/12/10	250.01	251.76	239.13	241.66	933915	226116544.00
2021/12/13	242.99	249.21	240.14	241.81	511776	124730624.00
2021/12/14	244.00	244.21	240.26	241.65	262863	63511920.00
2021/12/15	241.00	241.00	233.15	234.00	424338	100548264.00
2021/12/16	237.51	237.51	229.68	236.70	345524	81007864.00
2021/12/17	235.01	238.66	225.98	227.80	512283	117295312.00
2021/12/20	224.77	232.78	223.95	228.34	614155	140799488.00
2021/12/21	231.89	231.89	223.18	224.01	350403	79227304.00
2021/12/22	225.90	227.89	221.12	223.17	492403	109917984.00
2021/12/23	224.00	229.00	221.00	222.78	505210	113579832.00
2021/12/24	221.94	224.94	220.80	222.98	290073	64626156.00
2021/12/27	221.96	224.44	213.34	218.45	498715	109666456.00
2021/12/28	221.57	226.00	215.00	217.30	752666	164056528.00
2021/12/29	217.63	223.13	217.00	218.05	515945	113433800.00
2021/12/30	216.00	226.50	216.00	220.57	957688	210846848.00
2021/12/31	220.33	221.99	211.21	212.67	1084434	232127264.00
2022/01/04	212.10	214.36	203.00	206.60	1364790	283058848.00
2022/01/05	206.02	208.54	198.63	199.50	755809	152559840.00
2022/01/06	199.50	201.34	195.96	196.39	753450	149295936.00
2022/01/07	197.89	197.89	189.39	190.91	1148259	219887968.00
2022/01/10	191.01	194.00	186.50	190.35	763708	145871696.00
2022/01/11	191.28	193.37	184.01	186.06	1166776	219001760.00
2022/01/12	187.00	190.10	183.80	185.60	1138116	211507504.00
2022/01/13	186.31	187.69	178.03	178.70	1367865	246867952.00
2022/01/14	176.59	179.55	175.58	177.06	768043	136250368.00
2022/01/17	179.00	179.46	175.11	178.37	873946	154905280.00
2022/01/18	177.31	178.18	172.94	173.97	935150	163541664.00
2022/01/19	172.03	174.12	167.00	170.33	1434177	243444304.00
2022/01/20	171.03	173.48	167.03	170.55	1384158	235227104.00
2022/01/21	169.85	171.50	166.06	168.82	730995	123672656.00
2022/01/24	167.71	169.51	165.01	168.70	825022	137733856.00
2022/01/25	167.69	168.70	160.00	161.00	753472	123497592.00
2022/01/26	161.98	166.64	160.00	161.00	738724	119957768.00
2022/01/27	161.81	163.90	155.01	155.90	615274	97523800.00
2022/01/28	157.99	161.61	153.94	154.81	781398	122843656.00
2022/02/07	157.00	157.80	150.08	153.21	1073599	163195008.00
2022/02/08	152.61	155.00	147.12	151.00	1083958	163257040.00
2022/02/09	152.52	159.09	150.06	157.50	1002795	155357648.00
2022/02/10	158.14	158.14	154.21	156.59	829385	129581824.00
2022/02/11	157.99	157.99	150.33	150.92	638111	97362176.00
2022/02/14	150.92	152.78	148.51	152.46	596244	90236048.00
2022/02/15	153.75	160.56	151.06	160.16	1047263	165253440.00
2022/02/16	159.04	162.50	157.00	157.40	641124	102125504.00
2022/02/17	156.11	160.82	155.80	159.80	762437	120849616.00
2022/02/18	158.08	158.08	153.68	154.73	653416	101629520.00
2022/02/21	154.68	159.58	149.49	149.60	1149210	176726496.00
2022/02/22	149.00	149.00	142.36	143.77	1013003	146400064.00
2022/02/23	144.09	153.90	144.09	152.59	1032410	155445616.00
2022/02/24	152.00	152.74	147.20	149.26	849062	127015528.00
2022/02/25	148.77	157.55	148.77	154.79	930091	143721552.00
2022/02/28	161.36	164.00	151.51	153.04	1170598	181209776.00
2022/03/01	154.01	154.98	149.34	150.50	705617	106799480.00
2022/03/02	148.30	149.78	145.45	148.82	694526	102472800.00
2022/03/03	149.27	150.19	143.76	144.61	794950	115564040.00
2022/03/04	142.62	151.97	142.62	146.23	1193426	176032064.00
2022/03/07	146.00	146.00	139.65	140.36	818242	115632768.00
2022/03/08	143.21	143.21	133.00	134.25	791990	108473184.00
2022/03/09	134.48	135.97	127.12	129.32	733238	96317024.00
2022/03/10	133.20	136.49	131.70	134.37	826367	111063968.00
2022/03/11	131.68	138.18	130.36	137.62	678861	91074104.00
2022/03/14	136.58	138.00	131.50	132.05	918130	122524632.00
2022/03/15	129.69	133.56	126.01	126.17	753624	97601792.00
2022/03/16	129.00	130.98	121.00	126.00	1176316	147509936.00
2022/03/17	127.94	135.00	126.80	131.15	1932411	254948528.00
2022/03/18	130.99	131.77	125.14	127.05	910033	115719112.00
2022/03/21	127.73	130.00	126.50	128.91	845307	108410368.00
2022/03/22	128.92	130.30	125.59	128.35	802496	103218928.00
2022/03/23	127.78	133.60	126.10	132.50	931267	122004552.00
2022/03/24	130.81	133.44	127.81	132.70	796978	104247296.00
2022/03/25	132.70	133.80	127.00	127.33	621318	80662328.00
2022/03/28	126.00	127.85	124.89	126.65	602633	76245912.00
2022/03/29	126.88	130.00	123.66	123.92	512654	64583688.00
2022/03/30	125.00	131.09	123.69	130.57	1169025	149535648.00
2022/03/31	130.56	132.50	127.33	127.60	815131	105588264.00
2022/04/01	126.75	128.90	124.01	126.00	812287	102020496.00
2022/04/06	126.01	126.50	122.40	122.92	637891	78747192.00
2022/04/07	121.85	124.77	119.50	119.71	641590	78030792.00
2022/04/08	120.50	120.85	115.03	115.96	828572	96666896.00
2022/04/11	115.12	115.40	110.12	111.00	789886	88445816.00
2022/04/12	112.00	114.88	111.11	114.53	1030308	116856104.00
2022/04/13	113.40	114.62	109.57	110.13	637929	70998640.00
2022/04/14	110.50	114.33	110.50	112.82	733515	82821192.00
2022/04/15	112.73	115.19	109.50	113.70	769495	86490360.00
2022/04/18	113.50	120.60	111.76	118.97	904618	106591120.00
2022/04/19	117.62	121.50	115.50	115.75	613353	71844776.00
2022/04/20	116.16	117.20	113.74	113.99	543733	62845972.00
2022/04/21	113.26	118.20	112.48	113.27	827942	95301448.00
2022/04/22	112.86	112.86	106.80	108.14	1275602	138857744.00
2022/04/25	103.21	106.99	98.03	98.10	1146865	116491624.00
2022/04/26	92.50	96.45	89.30	90.29	1984299	183566848.00
2022/04/27	90.64	96.61	85.59	94.55	1908790	173595632.00
2022/04/28	95.54	95.55	89.68	90.45	999035	91428000.00
2022/04/29	91.27	98.36	90.74	97.52	1144356	108926656.00
2022/05/05	97.32	99.90	94.52	96.60	969009	94794072.00
2022/05/06	95.17	98.87	94.13	96.08	748234	72624304.00
2022/05/09	97.09	97.49	92.57	93.50	677039	63501936.00
2022/05/10	91.23	96.08	90.75	95.42	741037	69890664.00
2022/05/11	95.43	102.48	95.03	99.05	1254146	125653896.00
2022/05/12	98.92	101.00	97.56	98.50	731131	72298216.00
2022/05/13	100.16	102.00	96.79	98.50	838055	82673368.00
2022/05/16	100.20	100.87	94.53	95.30	998619	96939160.00
2022/05/17	95.28	95.28	92.00	93.00	975115	90772256.00
2022/05/18	92.69	94.64	91.57	91.78	551902	51181840.00
2022/05/19	89.93	91.59	89.19	91.30	660288	59557096.00
2022/05/20	91.30	100.49	90.88	99.80	1455549	141453968.00
2022/05/23	100.05	106.38	100.05	103.33	1233746	127455088.00
2022/05/24	103.88	103.88	97.00	97.00	1008329	100926880.00
2022/05/25	96.22	99.09	94.10	95.81	857087	82281520.00
2022/05/26	95.77	97.52	93.27	94.85	559193	52878096.00
2022/05/27	95.88	98.30	93.22	93.89	798633	76463824.00
2022/05/30	94.08	98.01	92.50	95.35	825051	78229592.00
2022/05/31	94.94	102.38	93.63	100.60	1084432	106840560.00
2022/06/01	102.17	109.50	101.72	106.60	1851211	195380112.00
2022/06/02	107.47	112.69	104.00	112.00	1754957	192291120.00
2022/06/06	113.10	118.97	113.00	116.30	2155093	249691264.00
2022/06/07	115.72	117.91	113.00	115.02	970065	111655864.00
2022/06/08	115.00	121.33	113.03	118.21	1234567	145334080.00
2022/06/09	116.11	119.00	115.50	116.91	1065533	125010640.00
2022/06/10	84.00	85.88	82.47	85.06	1524180	127559712.00
2022/06/13	83.29	83.29	79.23	81.02	2289073	185725936.00
2022/06/14	79.78	81.30	78.21	80.70	1378394	109698496.00
2022/06/15	81.75	83.38	80.21	80.77	1054430	86076760.00
2022/06/16	81.32	90.00	80.30	86.78	1989547	171634144.00
2022/06/17	85.80	91.65	85.24	91.19	2091088	187871840.00
2022/06/20	92.00	93.00	88.51	91.14	1400178	126828272.00
2022/06/21	91.00	93.38	87.10	88.67	1642270	147808768.00
2022/06/22	88.90	88.90	85.45	85.68	1203415	104093928.00
2022/06/23	85.85	86.50	83.00	84.95	1325820	111774712.00
2022/06/24	84.83	87.91	84.26	87.47	1254025	108667192.00
2022/06/27	87.48	89.27	86.01	86.38	1125058	97927112.00
2022/06/28	86.40	86.40	83.58	85.82	1053001	89036864.00
2022/06/29	85.12	88.47	84.00	86.76	1202850	104646000.00
2022/06/30	87.78	89.29	84.62	87.20	1519261	131683064.00
2022/07/01	87.20	87.20	80.50	81.79	2428911	200904256.00
2022/07/04	81.90	89.65	81.90	89.61	2651359	230030144.00
2022/07/05	89.68	91.83	86.80	90.29	2123279	189683056.00
2022/07/06	89.58	92.55	88.48	89.99	1543688	139511712.00
2022/07/07	89.99	89.99	84.06	84.95	1740487	148366352.00
2022/07/08	85.41	89.50	85.41	86.17	1001336	86761496.00
2022/07/11	84.18	86.99	83.78	84.55	1055005	89758648.00
2022/07/12	85.55	85.55	80.00	80.05	1223741	99901160.00
2022/07/13	80.00	81.50	79.00	79.36	775182	61920512.00
2022/07/14	81.77	84.59	78.50	82.60	1081904	89266112.00
2022/07/15	82.06	86.40	81.50	81.98	823252	68976112.00
2022/07/18	83.00	83.43	79.60	80.62	952700	76674528.00
2022/07/19	80.22	83.38	79.70	80.90	769178	62545152.00
2022/07/20	82.00	84.99	80.91	83.24	964484	80361352.00
2022/07/21	83.23	91.00	82.40	85.00	3476400	304031264.00
2022/07/22	85.79	87.00	82.35	83.00	1969182	165792112.00
2022/07/25	83.43	87.11	82.40	85.26	1552835	132491720.00
2022/07/26	85.00	87.00	84.02	86.20	1247530	106615432.00
2022/07/27	86.22	87.05	84.60	86.20	868563	74430136.00
2022/07/28	86.19	91.50	85.69	89.40	1370153	122099968.00
2022/07/29	90.30	90.30	82.65	83.34	1810263	153829440.00
2022/08/01	82.44	88.00	80.00	86.81	1545404	131831032.00
2022/08/02	86.00	87.50	83.00	85.08	1221649	103708328.00
2022/08/03	84.46	86.85	84.28	84.38	792141	67588416.00
2022/08/04	84.38	90.01	84.30	89.96	1496345	132096208.00
2022/08/05	91.00	96.58	90.01	96.49	2162467	203103552.00
2022/08/08	97.30	98.03	94.12	95.37	1270436	121918832.00
2022/08/09	95.37	95.37	92.88	94.78	945519	88693200.00
2022/08/10	94.50	94.99	92.03	92.75	708690	65976720.00
2022/08/11	92.94	98.70	92.94	98.68	1493478	144985936.00
2022/08/12	98.58	98.58	93.86	94.14	967969	92716688.00
2022/08/15	92.30	92.98	89.29	90.46	1113484	100849736.00
2022/08/16	89.58	91.88	89.29	90.39	672801	60809568.00
2022/08/17	90.71	91.70	88.42	89.35	768020	68608224.00
2022/08/18	88.80	89.09	86.40	87.12	1387952	121261744.00
2022/08/19	87.48	90.90	85.26	85.28	1558613	136293504.00
2022/08/22	85.00	85.00	80.67	80.88	2316798	190046720.00
2022/08/23	80.33	80.95	75.36	77.19	3313413	255911040.00
2022/08/24	76.88	77.14	75.59	75.95	2079383	158748048.00
2022/08/25	75.82	77.20	73.30	76.99	1890187	142724608.00
2022/08/26	76.67	78.28	75.74	77.25	1122730	86626504.00
2022/08/29	76.02	76.99	73.77	75.00	1044771	78404416.00
2022/08/30	74.09	75.60	73.42	74.22	930898	69146368.00
2022/08/31	74.33	78.50	73.54	76.95	1904932	145429696.00
2022/09/01	76.96	78.58	75.03	75.99	1187403	90576432.00
2022/09/02	75.89	77.59	75.64	77.17	938164	71994344.00
2022/09/05	80.73	82.00	76.10	77.78	1564548	123583984.00
2022/09/06	77.23	78.07	75.20	77.50	1152203	88352848.00
2022/09/07	77.40	78.66	76.00	76.91	851919	65906160.00
2022/09/08	76.91	76.98	75.32	75.62	533751	40520668.00
2022/09/09	76.00	78.30	76.00	76.48	741551	57029832.00
2022/09/13	77.47	77.88	75.11	75.39	702649	53464692.00
2022/09/14	73.74	76.40	73.38	76.27	1192165	89189544.00
2022/09/15	76.33	77.89	74.10	74.40	1122145	85189232.00
2022/09/16	73.10	74.92	71.88	73.08	1186792	86782176.00
2022/09/19	72.93	73.06	70.47	70.89	916228	65423592.00
2022/09/20	73.30	73.36	68.88	69.63	1318540	91752928.00
2022/09/21	68.88	69.83	67.22	68.75	1184945	81191008.00
2022/09/22	68.71	68.71	67.02	67.30	885561	59905920.00
2022/09/23	67.23	67.79	65.35	65.83	919387	60994236.00
2022/09/26	65.01	65.99	64.02	64.13	1016860	65966632.00
2022/09/27	64.70	67.20	64.12	66.93	2846717	188286544.00
2022/09/28	66.00	70.65	66.00	68.67	2458427	168368000.00
2022/09/29	68.17	76.22	67.33	74.36	4237358	312566560.00
2022/09/30	73.51	78.68	73.51	76.00	3634754	278321056.00
2022/10/10	75.98	76.87	72.38	73.30	1938435	144220304.00
2022/10/11	71.54	73.48	67.90	70.01	2299966	160706320.00
2022/10/12	68.81	72.40	67.29	72.29	1687252	116837632.00
2022/10/13	71.20	75.01	70.87	73.88	1583844	116551128.00
2022/10/14	74.85	88.66	74.85	88.66	3957308	334028096.00
2022/10/17	94.00	102.80	92.33	93.50	8111490	783832064.00
2022/10/18	93.90	108.50	89.51	101.60	7709969	748573312.00
2022/10/19	100.00	103.50	97.10	101.50	3285269	328821632.00
2022/10/20	99.40	107.90	98.88	103.34	3372327	350705792.00
2022/10/21	102.30	111.66	101.00	110.58	3006475	320336736.00
2022/10/24	108.98	110.66	102.00	106.91	2907390	309838208.00
2022/10/25	103.00	104.98	98.00	100.08	4142623	419352768.00
2022/10/26	99.91	104.38	99.13	102.64	3905259	400275552.00
2022/10/27	100.95	102.88	98.00	99.94	2082098	209281200.00
2022/10/28	95.20	101.49	94.00	97.62	2057335	203020896.00
2022/10/31	97.68	101.29	95.08	98.78	1884060	184776112.00
2022/11/01	97.80	101.70	92.29	95.70	3248749	307661248.00
2022/11/02	95.20	100.30	94.13	96.87	2357252	230867072.00
2022/11/03	96.08	102.89	95.02	99.80	2231547	222052864.00
2022/11/04	99.83	100.88	96.70	100.28	2041587	202517456.00
2022/11/07	99.77	101.30	97.30	98.00	1701721	168290272.00
2022/11/08	97.99	98.60	93.77	97.31	1277318	123560656.00
2022/11/09	98.04	100.20	95.02	95.11	1097438	106704360.00
2022/11/10	91.20	95.11	90.04	92.00	2302444	212943392.00
2022/11/11	93.80	95.80	89.32	89.40	1683462	155640336.00
2022/11/14	89.90	93.80	87.48	91.69	2452075	224573536.00
2022/11/15	90.09	91.30	87.18	90.56	3111734	277554816.00
2022/11/16	90.06	91.50	88.70	88.94	1441404	129395648.00
2022/11/17	88.02	89.91	85.75	88.60	2743766	239625744.00
2022/11/18	89.07	91.95	87.80	89.60	2273953	203969952.00
2022/11/21	88.00	88.75	85.91	87.00	1945709	169626368.00
2022/11/22	85.50	86.84	82.55	82.93	2473736	207761072.00
2022/11/23	82.93	82.93	79.24	81.93	2774646	224715968.00
2022/11/24	81.89	82.66	79.14	80.30	2202918	176806192.00
2022/11/25	80.13	80.86	77.91	78.18	2259099	177995392.00
2022/11/28	77.07	79.29	76.58	77.65	1796764	139100400.00
2022/11/29	77.98	80.65	77.60	79.27	1842076	145973472.00
2022/11/30	81.20	83.00	79.08	79.36	2603131	210317328.00
2022/12/01	81.13	83.96	80.27	82.10	2635864	216284928.00
2022/12/02	81.45	82.97	79.56	80.47	1918630	154619296.00
2022/12/05	81.11	84.20	80.41	80.75	2576414	209811008.00
2022/12/06	80.75	81.71	78.78	79.18	2163203	172299072.00
2022/12/07	79.38	80.88	78.21	80.07	2388370	190449248.00
2022/12/08	79.44	90.67	78.50	87.08	8234280	690615232.00
2022/12/09	86.19	95.00	84.06	93.81	9409173	846840128.00
2022/12/12	93.06	95.50	89.10	91.80	4438195	405670944.00
2022/12/13	91.45	91.45	88.51	90.19	2273802	203694672.00
2022/12/14	89.90	89.90	87.50	88.65	2043242	180833536.00
2022/12/15	87.81	90.17	87.81	88.37	1394632	124327632.00
2022/12/16	87.95	89.21	87.40	88.58	997927	87902264.00
2022/12/19	87.98	89.66	84.15	84.77	1648816	141118800.00
2022/12/20	83.71	85.59	83.00	83.68	1432231	120119424.00
2022/12/21	83.00	84.30	82.04	82.34	867953	71877888.00
2022/12/22	82.99	85.50	81.53	83.20	2092328	175152528.00
2022/12/23	82.66	85.90	81.88	84.85	1300174	109132728.00
2022/12/26	84.11	86.74	82.60	83.50	1424035	119835048.00
2022/12/27	82.95	85.93	80.40	85.93	1907547	159288864.00
2022/12/28	85.06	86.70	81.80	81.90	2083597	173368784.00
2022/12/29	81.85	86.10	81.35	84.10	2028261	171013184.00
2022/12/30	84.80	84.83	81.30	82.13	1495727	122946280.00
2023/01/03	81.21	82.83	80.65	81.36	2184450	177575456.00
2023/01/04	81.68	83.74	80.87	82.80	1983434	163883392.00
2023/01/05	83.00	86.58	82.21	84.80	2136564	181262768.00
2023/01/06	84.71	85.10	82.41	82.46	2083551	173426080.00
2023/01/09	82.00	91.00	81.46	89.70	4507395	394387104.00
2023/01/10	90.00	92.00	87.26	91.11	2445288	219628448.00
2023/01/11	91.11	91.40	88.59	89.26	1839871	164781136.00
2023/01/12	89.56	93.83	89.00	91.40	1852242	169669424.00
2023/01/13	91.79	95.75	89.62	95.27	2316563	218008672.00
2023/01/16	95.74	99.36	94.00	98.25	2990163	291545536.00
2023/01/17	98.25	98.48	94.50	94.76	1959334	188125808.00
2023/01/18	94.76	95.58	92.80	92.82	2034770	190672240.00
2023/01/19	92.80	99.50	92.16	97.90	1911357	184745088.00
2023/01/20	96.57	98.80	95.01	96.12	1212128	116764384.00
2023/01/30	94.95	94.98	91.16	92.50	1974520	183636720.00
2023/01/31	92.98	92.98	90.10	90.83	1400407	127452928.00
2023/02/01	90.84	93.35	90.20	92.50	927135	85434648.00
2023/02/02	92.87	96.03	91.80	92.46	1612752	150419968.00
2023/02/03	92.48	93.39	90.80	92.79	1091228	100433552.00
2023/02/06	93.00	97.60	92.00	94.90	1774943	168116288.00
2023/02/07	94.99	95.80	92.00	92.46	1245263	115896328.00
2023/02/08	92.60	94.68	90.80	90.98	1197506	110887632.00
2023/02/09	91.21	92.80	90.60	91.92	976126	89404800.00
2023/02/10	91.80	93.49	90.56	91.90	972543	89109720.00
数据来源:通达信
