688132 邦彦技术 日线 不复权
      日期	    开盘	    最高	    最低	    收盘	    成交量	    成交额
2022/09/23	26.80	26.89	23.88	24.50	16135661	406896544.00
2022/09/26	23.75	24.00	21.71	22.17	11001626	247006592.00
2022/09/27	22.15	22.66	21.80	22.26	5138710	113933120.00
2022/09/28	22.30	23.09	22.08	22.17	5409189	121835448.00
2022/09/29	22.99	22.99	20.51	20.58	5431210	117047168.00
2022/09/30	20.50	21.74	20.50	21.16	4501268	95184248.00
2022/10/10	21.21	21.49	20.20	20.36	3076269	63546252.00
2022/10/11	20.46	21.34	20.00	20.88	2483008	51187320.00
2022/10/12	20.66	21.95	20.51	21.68	3531791	75647600.00
2022/10/13	21.70	23.30	21.48	22.27	6465890	144875264.00
2022/10/14	22.50	24.42	22.50	23.55	6898221	164145872.00
2022/10/17	23.70	24.61	23.33	24.31	5378230	128840416.00
2022/10/18	24.00	24.28	23.30	23.38	3465738	81761800.00
2022/10/19	23.62	23.88	22.88	23.37	2415521	56252312.00
2022/10/20	23.30	23.49	22.49	23.05	2577719	59171792.00
2022/10/21	22.90	23.26	22.60	22.78	1715688	39240468.00
2022/10/24	22.78	24.73	22.78	24.02	5084830	122285224.00
2022/10/25	23.80	24.36	23.22	23.79	2880650	68564384.00
2022/10/26	23.91	25.11	23.70	24.70	2928995	71955008.00
2022/10/27	24.45	24.95	24.08	24.15	2272909	55341468.00
2022/10/28	23.00	23.25	21.46	21.76	3708999	82730352.00
2022/10/31	21.66	25.50	21.10	25.05	6136216	145871296.00
2022/11/01	25.05	26.60	25.05	26.02	5014516	131504224.00
2022/11/02	26.71	26.71	25.26	25.97	2416961	62816424.00
2022/11/03	26.25	28.68	26.02	27.70	3767593	103509632.00
2022/11/04	28.12	28.45	27.21	28.21	2548949	71150360.00
2022/11/07	28.57	29.11	27.65	28.19	2208828	62513564.00
2022/11/08	28.16	29.30	27.41	28.84	3360404	96348208.00
2022/11/09	28.82	29.50	28.42	28.50	2356166	68209232.00
2022/11/10	29.06	29.06	27.33	28.04	1667679	46681376.00
2022/11/11	28.63	28.65	27.40	27.88	1599868	44602056.00
2022/11/14	27.90	27.90	26.98	27.50	1116406	30645392.00
2022/11/15	27.10	29.15	27.05	28.90	2042218	58350544.00
2022/11/16	28.81	30.66	28.81	29.88	3107292	93277296.00
2022/11/17	29.91	30.20	29.28	29.84	1451124	43223384.00
2022/11/18	29.88	31.44	29.62	29.87	2191269	66462448.00
2022/11/21	30.02	30.05	29.21	29.98	1069813	31713412.00
2022/11/22	29.97	30.08	28.86	28.86	1134317	33379996.00
2022/11/23	29.26	29.30	28.06	29.05	1226767	35233016.00
2022/11/24	29.09	29.26	28.25	28.51	816132	23378348.00
2022/11/25	28.32	28.55	27.50	28.10	1303412	36566744.00
2022/11/28	28.48	29.68	28.00	28.88	1982980	57311528.00
2022/11/29	28.94	29.53	28.76	29.48	1441528	42068092.00
2022/11/30	29.38	29.43	27.00	27.33	2698461	75573120.00
2022/12/01	27.60	28.08	27.00	27.26	1172763	32249704.00
2022/12/02	27.16	28.14	26.91	27.20	731591	20014076.00
2022/12/05	27.28	27.39	25.85	25.85	1771089	46478112.00
2022/12/06	25.50	28.28	25.50	28.01	2280983	62380040.00
2022/12/07	27.63	28.50	27.61	27.69	918231	25619104.00
2022/12/08	27.88	27.88	26.69	26.75	796015	21668986.00
2022/12/09	26.76	26.80	25.72	25.72	1112398	28905708.00
2022/12/12	25.74	26.55	25.22	26.22	807559	21041778.00
2022/12/13	26.08	26.71	25.50	25.56	755428	19454896.00
2022/12/14	25.60	25.88	24.79	25.01	539622	13688983.00
2022/12/15	25.00	25.45	24.81	25.26	437334	10974298.00
2022/12/16	25.26	25.26	24.18	24.21	675280	16563470.00
2022/12/19	24.21	24.40	23.76	23.78	403019	9641498.00
2022/12/20	23.95	23.95	23.31	23.58	203611	4826365.00
2022/12/21	23.38	23.70	22.60	22.77	1000306	22914460.00
2022/12/22	22.65	22.98	21.88	21.91	946407	21132572.00
2022/12/23	22.06	22.33	21.64	22.03	687755	15087648.00
2022/12/26	21.99	22.55	21.95	22.42	359320	8044948.00
2022/12/27	22.30	23.98	22.30	23.67	1204369	27817284.00
2022/12/28	23.50	23.98	23.33	23.53	773995	18276976.00
2022/12/29	23.36	23.70	23.25	23.38	559151	13113621.00
2022/12/30	23.28	24.80	23.28	24.40	1087644	26323166.00
2023/01/03	24.50	27.22	24.50	26.87	1779723	46877400.00
2023/01/04	27.10	27.40	26.36	26.36	993226	26559916.00
2023/01/05	27.00	27.00	26.40	26.43	487816	13016926.00
2023/01/06	26.59	27.11	25.85	25.88	1072161	28145344.00
2023/01/09	25.86	26.08	24.77	25.42	2481220	62984072.00
2023/01/10	25.25	25.85	25.25	25.39	598598	15274664.00
2023/01/11	25.48	26.72	25.22	25.26	908723	23564320.00
2023/01/12	25.50	26.15	24.97	25.40	1039294	26524144.00
2023/01/13	25.55	25.55	24.70	24.83	915511	22841760.00
2023/01/16	24.80	25.49	24.80	24.86	732433	18439700.00
2023/01/17	25.00	25.72	24.90	25.10	770054	19449892.00
2023/01/18	24.96	25.81	24.88	25.16	731025	18456304.00
2023/01/19	25.02	26.87	25.02	26.47	1535611	40306768.00
2023/01/20	26.31	26.54	25.90	25.97	777028	20268426.00
2023/01/30	26.52	27.20	26.10	26.51	1150426	30656500.00
2023/01/31	26.51	26.91	26.13	26.62	802027	21284004.00
2023/02/01	26.51	26.90	26.38	26.77	720681	19173576.00
2023/02/02	26.61	27.17	26.60	26.93	774579	20819260.00
2023/02/03	26.86	29.29	26.82	28.98	3113551	88187440.00
2023/02/06	28.80	29.22	27.55	27.98	1500628	42338412.00
2023/02/07	27.98	28.28	27.18	27.47	890456	24581902.00
2023/02/08	27.38	27.69	26.97	27.30	769192	21071356.00
2023/02/09	27.10	28.30	27.10	27.78	991744	27558792.00
2023/02/10	27.76	27.93	26.99	27.01	824853	22453680.00
数据来源:通达信
