603496 恒为科技 日线 不复权
      日期	    开盘	    最高	    最低	    收盘	    成交量	    成交额
2017/06/07	16.97	20.36	16.97	20.36	7500	152361.00
2017/06/08	22.40	22.40	22.40	22.40	3500	78400.00
2017/06/09	24.64	24.64	24.64	24.64	6224	153359.00
2017/06/12	27.10	27.10	27.10	27.10	20848	564981.00
2017/06/13	29.81	29.81	29.81	29.81	21124	629706.00
2017/06/14	32.79	32.79	32.79	32.79	34500	1131255.00
2017/06/15	36.07	36.07	36.07	36.07	74700	2694429.00
2017/06/16	39.68	39.68	39.68	39.68	189018	7500234.00
2017/06/19	43.65	43.65	38.85	39.19	14857869	608786112.00
2017/06/20	38.31	40.50	37.79	38.60	10441207	407597984.00
2017/06/21	37.92	38.40	35.91	36.32	8982516	332383168.00
2017/06/22	36.29	37.48	36.02	36.40	6046863	222074768.00
2017/06/23	35.50	36.55	34.83	35.69	4383625	156149728.00
2017/06/26	35.52	35.95	34.36	34.86	3871989	135470368.00
2017/06/27	35.04	35.96	34.90	35.04	3720123	131695744.00
2017/06/28	34.90	34.90	33.48	33.63	3669666	124733128.00
2017/06/29	33.45	34.10	33.45	33.77	1854808	62684776.00
2017/06/30	33.56	35.15	33.50	34.38	3399348	117117024.00
2017/07/03	34.41	34.78	33.75	34.64	2331600	79988168.00
2017/07/04	34.60	35.88	34.40	35.53	3637904	128413832.00
2017/07/05	35.40	37.95	35.31	37.87	6831433	252098832.00
2017/07/06	37.50	37.68	36.38	37.17	5687033	210817568.00
2017/07/07	37.00	37.88	36.60	37.00	4499882	167722416.00
2017/07/10	36.08	36.48	33.38	33.59	5239727	182255856.00
2017/07/11	33.70	34.14	33.00	33.17	2192256	73887728.00
2017/07/12	33.17	33.95	32.62	33.93	2405896	79935784.00
2017/07/13	33.80	33.80	32.90	32.92	1652224	54874176.00
2017/07/14	32.88	33.45	32.88	33.07	1204034	39911568.00
2017/07/17	32.69	32.69	29.76	29.76	2827643	86138568.00
2017/07/18	29.04	29.91	28.89	29.69	1329251	39115896.00
2017/07/19	29.48	29.97	28.90	29.91	1503633	44424960.00
2017/07/20	29.82	30.36	29.40	29.43	1604550	47980764.00
2017/07/21	28.95	29.43	28.80	28.85	1275086	37019456.00
2017/07/24	28.21	29.47	28.21	29.19	1237652	35684244.00
2017/07/25	29.19	29.60	29.00	29.24	818199	23979550.00
2017/07/26	29.37	29.39	28.62	28.86	937670	27199144.00
2017/07/27	28.71	29.98	28.52	29.89	1764016	51972732.00
2017/07/28	29.72	30.44	29.37	29.40	1373425	41050912.00
2017/07/31	29.28	29.60	29.10	29.33	979931	28712104.00
2017/08/01	29.46	29.49	28.86	29.25	906976	26449728.00
2017/08/02	29.26	29.44	28.57	28.59	1113488	32264452.00
2017/08/03	28.42	29.33	28.42	28.74	953108	27531384.00
2017/08/04	28.75	28.87	28.34	28.40	832530	23775260.00
2017/08/07	28.55	28.80	28.36	28.49	580572	16572219.00
2017/08/08	28.40	28.60	28.19	28.45	682398	19348974.00
2017/08/09	28.37	28.86	28.37	28.70	732189	20990488.00
2017/08/10	28.69	29.09	28.55	28.72	781682	22506006.00
2017/08/11	28.40	28.65	28.21	28.25	700485	19872320.00
2017/08/14	28.36	29.68	28.36	29.66	2022163	59147376.00
2017/08/15	29.80	29.97	29.37	29.77	1301121	38564384.00
2017/08/16	29.71	30.38	29.55	30.00	2097798	63114656.00
2017/08/17	29.86	33.00	29.77	31.99	4126522	130448864.00
2017/08/18	31.45	31.89	30.66	31.06	2514732	78488224.00
2017/08/21	31.10	32.94	30.89	32.54	2785049	89466152.00
2017/08/22	32.75	32.75	31.78	32.08	2129373	68408664.00
2017/08/23	32.20	32.36	31.50	31.95	1594112	50846488.00
2017/08/24	31.54	33.46	31.54	31.95	3448714	112192192.00
2017/08/25	31.78	34.84	31.60	34.25	5276000	178280560.00
2017/08/28	34.08	36.49	33.87	35.55	6264852	219254752.00
2017/08/29	35.00	36.48	34.20	34.74	5535323	195463472.00
2017/08/30	34.19	35.13	34.04	34.20	3034277	104821568.00
2017/08/31	34.31	36.50	34.31	36.11	4667264	167016784.00
2017/09/01	35.88	36.59	35.31	36.32	3786096	136095584.00
2017/09/04	36.04	37.68	35.36	35.56	3964660	144286784.00
2017/09/05	35.18	36.87	35.12	36.44	3575745	129082880.00
2017/09/06	35.90	36.00	35.17	35.84	2785517	99121472.00
2017/09/07	35.67	36.78	35.51	35.61	3227988	116962352.00
2017/09/08	35.30	35.78	33.98	34.31	3630156	125920304.00
2017/09/11	34.47	35.98	34.15	35.90	2717765	95421688.00
2017/09/12	35.69	36.56	34.91	34.99	2264900	80683152.00
2017/09/13	35.02	36.14	34.55	35.89	1895236	67092660.00
2017/09/14	35.78	36.60	35.78	36.08	2564259	92815344.00
2017/09/15	35.90	36.95	35.67	35.98	3311936	120494256.00
2017/09/18	35.20	35.40	34.46	34.89	2513406	87572912.00
2017/09/19	34.92	35.54	34.78	35.02	1351548	47549828.00
2017/09/20	34.90	35.89	34.61	35.56	2096775	74180232.00
2017/09/21	35.40	37.73	35.40	36.31	4836621	177683584.00
2017/09/22	36.10	39.94	36.10	39.94	8461270	327626880.00
2017/09/25	39.50	40.05	38.00	38.79	6056728	236173808.00
2017/09/26	38.70	38.85	34.91	35.01	6356153	229101952.00
2017/09/27	34.11	37.15	34.11	36.42	4156003	148578928.00
2017/09/28	36.17	37.80	35.56	36.31	3443876	126009944.00
2017/09/29	36.21	37.69	36.08	36.94	3162486	117008720.00
2017/10/09	37.59	39.94	37.19	38.74	4296995	166086240.00
2017/10/10	38.96	39.99	37.90	39.62	4236811	165346432.00
2017/10/11	39.20	39.25	37.31	37.45	3213811	123068928.00
2017/10/12	37.71	41.20	37.55	40.27	6002179	239490416.00
2017/10/13	39.61	40.88	38.88	40.78	4404644	175260528.00
2017/10/16	40.20	40.50	38.03	38.55	3482579	135999008.00
2017/10/17	38.40	40.88	38.08	40.24	3494801	138810624.00
2017/10/18	40.33	41.13	37.71	37.91	4360476	172150400.00
2017/10/19	37.71	38.30	37.11	38.25	2433348	91850400.00
2017/10/20	38.56	38.58	37.38	38.31	1842351	70044200.00
2017/10/23	37.90	40.48	37.58	40.29	3640040	142738656.00
2017/10/24	39.98	40.15	38.25	39.76	2930704	114592672.00
2017/10/25	39.66	43.65	39.56	42.26	6240631	261072448.00
2017/10/26	41.70	42.77	41.51	42.56	4498748	189977952.00
2017/10/27	42.24	42.80	41.63	42.46	2983747	126009312.00
2017/10/30	42.08	42.08	39.20	40.79	3437252	140125632.00
2017/10/31	40.55	41.88	40.31	41.83	3214687	132412208.00
2017/11/01	41.67	43.96	41.21	42.75	4952803	213079808.00
2017/11/02	42.32	44.44	41.90	43.84	5283361	228832400.00
2017/11/03	43.39	43.73	41.91	42.86	3526034	151076224.00
2017/11/06	42.87	45.08	42.40	44.78	4183094	184228816.00
2017/11/07	45.00	45.00	43.78	44.78	3425554	151857536.00
2017/11/08	44.50	45.38	43.86	44.24	3291782	146492960.00
2017/11/09	44.27	44.79	43.31	44.30	2702204	118995616.00
2017/11/10	44.02	45.39	43.48	44.29	3680059	163583488.00
2017/11/13	44.06	44.30	43.11	44.11	2903293	126911936.00
2017/11/14	44.18	45.15	43.34	44.52	3422029	151463296.00
2017/11/15	44.00	44.02	40.98	41.05	4118099	174487296.00
2017/11/16	40.82	41.46	39.25	39.41	2387802	96048216.00
2017/11/17	39.43	39.73	36.44	36.79	2098662	80310136.00
2017/11/20	36.55	37.91	36.05	37.89	1412863	52729164.00
2017/11/21	37.95	38.57	35.00	36.55	2324596	85499456.00
2017/11/22	36.49	37.48	35.82	36.71	1677002	61281140.00
2017/11/23	36.49	36.82	34.51	34.82	1508212	54102680.00
2017/11/24	34.58	35.48	34.30	34.34	1086400	37965412.00
2017/11/27	34.50	34.79	32.83	32.96	1111200	37498128.00
2017/11/28	33.20	34.05	33.20	34.01	918753	30909268.00
2017/11/29	34.05	34.37	33.01	34.33	1038868	35016116.00
2017/11/30	34.02	35.30	34.02	35.18	1626408	56582376.00
2017/12/01	36.10	37.00	35.88	35.93	2421208	88067280.00
2017/12/04	35.23	35.35	32.50	33.32	2245408	76404016.00
2017/12/05	33.17	33.57	31.20	31.59	1433500	46383824.00
2017/12/06	31.63	32.70	31.50	32.61	1037100	33254350.00
2017/12/07	32.30	33.54	32.00	33.41	1506615	49713300.00
2017/12/08	33.15	34.84	33.01	34.18	1569900	53654236.00
2017/12/11	35.50	36.08	34.68	34.78	2056327	72555304.00
2017/12/12	35.00	35.02	33.89	34.51	1479600	50987020.00
2017/12/13	34.01	34.95	34.01	34.76	895000	31057460.00
2017/12/14	34.62	35.48	34.38	35.39	1116605	39131616.00
2017/12/15	35.15	35.60	33.87	34.27	1220451	42263660.00
2017/12/18	34.02	34.45	33.33	33.80	697000	23626026.00
2017/12/19	33.99	34.76	33.67	34.67	722000	24882564.00
2017/12/20	34.68	34.72	33.81	33.95	644700	22089712.00
2017/12/21	34.13	34.87	33.20	34.35	916362	31324628.00
2017/12/22	34.40	34.83	34.24	34.43	671612	23187956.00
2017/12/25	34.31	34.47	33.40	33.77	746247	25188216.00
2017/12/26	33.77	34.82	33.56	34.56	1113787	38437312.00
2017/12/27	34.56	34.87	34.15	34.19	850408	29307864.00
2017/12/28	34.23	35.25	33.78	34.91	1251536	43448276.00
2017/12/29	34.71	35.12	34.71	34.79	798608	27866164.00
2018/01/02	34.95	34.96	34.36	34.82	708187	24571920.00
2018/01/03	34.82	35.07	34.38	34.85	923762	32119600.00
2018/01/04	34.84	34.93	34.36	34.38	801523	27725396.00
2018/01/05	34.32	34.58	33.00	33.68	1086215	36803176.00
2018/01/08	33.50	33.51	32.83	33.32	967364	32002724.00
2018/01/09	33.14	33.48	33.13	33.44	594080	19798268.00
2018/01/10	33.19	33.39	32.12	32.50	1121328	36636296.00
2018/01/11	32.52	33.75	32.30	33.47	943175	31357208.00
2018/01/12	33.41	33.60	33.05	33.10	696452	23212072.00
2018/01/15	33.01	33.18	31.58	31.66	870166	28030296.00
2018/01/16	31.51	32.13	31.50	31.90	761611	24235908.00
2018/01/17	31.76	32.64	31.51	32.43	852900	27398974.00
2018/01/18	32.13	32.38	31.67	31.97	851094	27259640.00
2018/01/19	31.80	32.62	31.80	32.09	697202	22495506.00
2018/01/22	32.20	32.20	30.49	31.61	1030990	32188934.00
2018/01/23	31.61	32.04	31.31	31.74	567183	17960248.00
2018/01/24	31.30	32.16	31.30	32.13	903676	28783892.00
2018/01/25	32.03	32.89	32.00	32.03	886984	28776672.00
2018/01/26	32.02	32.50	31.66	31.85	707000	22750492.00
2018/01/29	31.81	32.27	30.96	31.15	697801	21878088.00
2018/01/30	31.15	31.30	30.64	30.98	477771	14767203.00
2018/01/31	30.72	31.01	29.54	29.99	582600	17697254.00
2018/02/01	30.09	30.49	29.50	29.78	683400	20516100.00
2018/02/02	29.40	29.79	26.81	28.21	901159	25614088.00
2018/02/05	27.87	28.25	27.00	27.88	333983	9329884.00
2018/02/06	27.56	27.70	25.25	25.39	789200	20982896.00
2018/02/07	26.58	26.58	25.38	26.23	761101	19821588.00
2018/02/08	26.35	27.70	26.25	27.28	749256	20370824.00
2018/02/09	26.80	27.28	26.51	26.94	769200	20703132.00
2018/02/12	27.71	28.69	27.56	28.25	834005	23516894.00
2018/02/13	28.30	28.52	27.65	27.75	684470	19253052.00
2018/02/14	27.80	28.10	27.03	27.34	597450	16376273.00
2018/02/22	27.55	28.18	27.40	27.88	568812	15819810.00
2018/02/23	27.67	28.05	27.58	27.92	457570	12749542.00
2018/02/26	28.09	29.75	28.09	29.48	1079143	31278180.00
2018/02/27	29.50	30.90	29.38	29.94	1170983	35291008.00
2018/02/28	29.66	30.58	29.66	29.91	904468	27266118.00
2018/03/01	29.81	31.28	29.66	31.01	1070068	32976272.00
2018/03/02	30.84	31.80	30.68	31.06	926200	28964874.00
2018/03/05	31.07	31.80	31.07	31.69	866538	27249112.00
2018/03/06	31.59	32.27	31.50	31.52	1072100	34082208.00
2018/03/07	31.48	32.06	31.48	31.66	769300	24427852.00
2018/03/08	31.48	32.15	31.43	32.14	862851	27494760.00
2018/03/09	32.25	33.36	31.90	33.27	1563068	51077864.00
2018/03/12	33.56	35.60	33.56	34.59	2320130	80291104.00
2018/03/13	34.42	34.73	33.81	33.99	1377086	47132548.00
2018/03/14	33.99	34.17	32.88	33.16	873000	29320020.00
2018/03/15	32.98	33.05	30.88	31.75	1486400	47503292.00
2018/03/16	31.71	32.20	31.55	31.81	611700	19532692.00
2018/03/19	31.92	33.00	31.81	32.77	777124	25294282.00
2018/03/20	32.50	33.26	32.23	33.23	663789	21724212.00
2018/03/21	33.35	33.74	32.02	32.18	853577	28178576.00
2018/03/22	32.01	33.80	32.00	33.17	1047267	34499236.00
2018/03/23	31.40	32.23	30.01	30.45	1497800	46733936.00
2018/03/26	29.95	31.94	29.90	31.93	985633	30539340.00
2018/03/27	32.25	33.55	32.25	33.29	1420487	46918132.00
2018/03/28	32.68	34.15	32.55	34.02	1750477	58964688.00
2018/03/29	34.25	34.25	33.16	33.60	1427670	48152000.00
2018/03/30	33.70	35.32	33.70	35.24	2114591	73272944.00
2018/04/02	35.85	36.43	35.32	35.50	2359638	84790192.00
2018/04/03	34.20	35.43	34.08	34.99	1808903	62862720.00
2018/04/04	35.06	36.65	35.06	35.34	1470880	52045308.00
2018/04/09	35.11	37.50	34.13	36.99	2894595	104618600.00
2018/04/10	37.20	37.20	35.00	36.35	2291199	82810216.00
2018/04/11	36.56	38.20	36.21	37.41	2638119	99186104.00
2018/04/12	37.08	38.58	36.63	37.19	2216605	83034920.00
2018/04/13	37.50	37.88	36.35	36.69	1545812	57211152.00
2018/04/16	36.58	38.00	36.15	37.84	1769418	65775944.00
2018/04/17	37.78	38.18	34.60	34.97	2870371	103825248.00
2018/04/18	35.25	36.65	33.25	36.25	2148221	75288936.00
2018/04/19	36.25	36.88	35.72	35.97	1536782	55714208.00
2018/04/20	36.60	36.60	33.80	33.95	1678390	59115592.00
2018/04/23	35.50	37.35	35.02	37.35	5661006	209782992.00
2018/04/24	37.35	38.22	36.00	38.18	5823678	216309808.00
2018/04/25	37.60	38.20	37.21	37.32	3539990	133388064.00
2018/04/26	37.30	37.45	36.37	36.82	2187110	80546368.00
2018/04/27	36.52	37.13	35.20	35.58	1921955	69060120.00
2018/05/02	35.70	35.70	33.59	34.00	1610057	55615248.00
2018/05/03	33.88	35.28	33.33	35.12	1636800	56285756.00
2018/05/04	34.71	35.10	34.11	34.31	1053512	36541360.00
2018/05/07	34.55	36.10	34.55	36.09	1589076	56530132.00
2018/05/08	36.09	36.10	35.61	35.88	1106100	39610184.00
2018/05/09	35.76	36.05	35.48	35.80	743600	26598518.00
2018/05/10	36.01	36.15	35.53	35.92	845035	30289408.00
2018/05/11	36.06	36.06	34.93	34.98	943400	33295256.00
2018/05/14	34.58	35.48	34.50	34.69	660292	23103956.00
2018/05/15	34.58	35.30	34.58	35.21	715312	24957328.00
2018/05/16	35.01	35.19	34.58	34.62	660700	23027620.00
2018/05/17	34.47	35.00	34.31	34.85	610624	21145048.00
2018/05/18	34.80	34.98	34.02	34.37	694700	23938908.00
2018/05/21	34.56	36.09	34.56	35.89	1359400	48347600.00
2018/05/22	35.93	36.30	35.39	36.13	1534096	55138116.00
2018/05/23	36.09	37.96	36.06	36.96	2873289	106358736.00
2018/05/24	36.68	37.00	36.10	36.15	1322000	48213464.00
2018/05/25	36.48	37.28	36.35	36.45	1515302	55873088.00
2018/05/28	36.45	40.10	35.87	37.89	5366518	206189072.00
2018/05/29	37.36	37.80	36.00	36.11	3017101	110666656.00
2018/05/30	35.07	35.87	32.50	32.50	2859901	97337440.00
2018/05/31	32.90	33.28	32.41	33.13	1248773	41019072.00
2018/06/01	32.81	32.82	30.05	30.84	2306565	72693992.00
2018/06/04	30.94	31.19	30.56	30.89	729200	22577856.00
2018/06/05	31.18	32.30	31.15	32.17	1025981	32603006.00
2018/06/06	32.02	32.97	31.91	32.53	1110192	36125800.00
2018/06/07	32.81	34.95	32.56	33.49	1555495	52187024.00
2018/06/08	32.87	33.54	32.61	33.36	871399	28806684.00
2018/06/11	33.28	33.28	32.34	32.46	716812	23508800.00
2018/06/12	32.52	33.50	32.52	33.30	887100	29264874.00
2018/06/13	33.03	33.28	32.41	32.71	733799	24168592.00
2018/06/14	32.50	32.78	32.06	32.11	621512	20100170.00
2018/06/15	32.15	32.55	30.60	31.31	786900	24648164.00
2018/06/19	30.51	30.95	28.20	28.54	931799	27456616.00
2018/06/20	28.53	29.88	28.30	29.61	601400	17541800.00
2018/06/21	29.60	29.78	28.40	28.73	605600	17630874.00
2018/06/22	28.88	29.70	28.88	29.54	477500	14044835.00
2018/06/25	30.00	30.26	29.64	29.81	515598	15451564.00
2018/06/26	29.00	30.65	28.58	30.54	740510	22335616.00
2018/06/27	30.20	30.88	30.20	30.31	566200	17255680.00
2018/06/28	21.48	22.03	21.48	21.75	560512	12212271.00
2018/06/29	21.54	22.48	21.01	22.34	1610785	35058272.00
2018/07/02	22.01	22.57	21.61	22.11	926590	20605030.00
2018/07/03	21.61	22.78	21.61	22.65	1367104	30490600.00
2018/07/04	22.51	22.71	21.54	21.84	1177203	26144636.00
2018/07/05	21.68	21.93	21.00	21.07	781442	16758950.00
2018/07/06	21.00	21.97	20.90	21.52	938821	20158756.00
2018/07/09	21.52	22.00	21.52	21.94	738046	16127547.00
2018/07/10	21.88	22.38	21.72	22.29	971952	21472182.00
2018/07/11	21.88	21.88	20.61	21.18	1345662	28576668.00
2018/07/12	21.26	22.36	21.26	22.16	1529752	33587660.00
2018/07/13	22.20	22.90	21.90	22.83	2248772	50445528.00
2018/07/16	22.58	23.88	22.26	23.75	3485840	80671672.00
2018/07/17	24.02	25.60	24.01	24.22	5721405	140399568.00
2018/07/18	23.80	24.14	23.46	23.72	2896116	68764392.00
2018/07/19	24.01	24.39	23.50	23.73	2232960	53486420.00
2018/07/20	23.49	23.90	23.03	23.82	1686236	39672672.00
2018/07/23	23.90	24.50	23.58	24.02	1802867	43516688.00
2018/07/24	23.82	24.31	23.60	24.01	1599892	38320556.00
2018/07/25	24.01	24.80	23.92	24.55	2733959	66968800.00
2018/07/26	24.48	24.77	23.50	23.54	1929794	46279496.00
2018/07/27	23.58	23.84	23.10	23.15	1240479	28907832.00
2018/07/30	23.32	23.32	22.20	22.64	1076906	24422180.00
2018/07/31	22.53	22.79	22.30	22.59	782317	17630872.00
2018/08/01	22.61	23.13	21.74	21.94	1278855	28676830.00
2018/08/02	21.75	21.92	20.76	21.39	1224950	25954240.00
2018/08/03	21.35	21.60	20.81	21.14	634199	13449919.00
2018/08/06	20.82	21.25	20.60	20.79	793448	16585488.00
2018/08/07	20.97	21.50	20.83	21.41	990888	21043064.00
2018/08/08	21.41	21.58	20.61	20.89	837155	17669300.00
2018/08/09	20.72	22.07	20.72	21.69	1271313	27535726.00
2018/08/10	21.69	21.96	21.31	21.90	1003450	21762518.00
2018/08/13	21.63	22.39	21.35	22.23	1061918	23330260.00
2018/08/14	22.30	23.97	21.98	23.05	2471854	56881988.00
2018/08/15	22.95	22.95	22.20	22.34	1115413	25229626.00
2018/08/16	22.20	22.85	21.75	22.30	1120608	25159948.00
2018/08/17	22.36	22.84	22.03	22.25	887137	19929770.00
2018/08/20	22.15	23.40	22.01	23.25	1583077	36049084.00
2018/08/21	23.10	23.43	22.91	23.19	1338734	31058136.00
2018/08/22	23.10	23.18	22.07	22.47	1472391	33231616.00
2018/08/23	22.30	23.22	22.30	23.01	1806604	41266328.00
2018/08/24	23.01	23.08	22.63	22.91	1025173	23462632.00
2018/08/27	22.72	23.57	22.72	23.45	1884987	43997896.00
2018/08/28	23.29	23.89	23.28	23.49	1765837	41560440.00
2018/08/29	23.55	23.68	23.33	23.56	1070797	25145074.00
2018/08/30	23.58	23.58	22.62	22.78	1485988	34272024.00
2018/08/31	22.81	23.12	22.54	22.55	1025693	23417786.00
2018/09/03	22.00	22.58	21.10	22.04	1239952	27019174.00
2018/09/04	22.00	23.26	21.96	23.09	1473733	33627672.00
2018/09/05	23.00	23.59	22.72	22.76	1607471	37260624.00
2018/09/06	22.70	23.50	22.62	22.95	1313272	30430332.00
2018/09/07	23.09	23.46	22.46	22.89	1167393	26885686.00
2018/09/10	22.56	22.80	21.70	21.90	1170973	25877142.00
2018/09/11	21.71	22.30	21.56	21.91	707737	15521695.00
2018/09/12	22.00	22.09	21.56	21.94	706868	15440822.00
2018/09/13	22.18	22.32	21.75	22.18	739158	16337512.00
2018/09/14	22.29	22.29	21.22	21.31	1024407	22210576.00
2018/09/17	21.35	21.35	20.82	20.86	532965	11207209.00
2018/09/18	20.77	21.37	20.62	21.27	597396	12599786.00
2018/09/19	21.25	21.78	21.12	21.45	660837	14185236.00
2018/09/20	21.40	21.65	21.02	21.18	590702	12563497.00
2018/09/21	21.21	21.48	20.81	21.40	729418	15431586.00
2018/09/25	21.30	21.44	21.13	21.34	484416	10326105.00
2018/09/26	21.26	21.57	21.23	21.48	645431	13835989.00
2018/09/27	21.34	21.45	20.65	20.75	893985	18774702.00
2018/09/28	20.75	21.00	20.66	20.88	482783	10061266.00
2018/10/08	20.45	20.68	19.60	19.60	761197	15219104.00
2018/10/09	19.80	19.97	19.21	19.45	746870	14596468.00
2018/10/10	19.31	19.73	19.31	19.61	420099	8215989.00
2018/10/11	19.00	19.26	17.65	17.65	1233975	22351728.00
2018/10/12	17.50	17.90	16.75	17.62	1059120	18436736.00
2018/10/15	17.62	18.33	17.62	17.73	719294	12950391.00
2018/10/16	18.08	18.22	17.22	17.63	673564	11870678.00
2018/10/17	18.00	18.14	17.24	17.95	768441	13727047.00
2018/10/18	18.01	18.12	17.52	17.80	617090	11021981.00
2018/10/19	17.35	18.49	17.35	18.30	745998	13538405.00
2018/10/22	18.50	19.30	18.50	18.98	1018135	19334602.00
2018/10/23	19.10	19.11	18.65	18.75	746066	14099010.00
2018/10/24	18.55	19.13	18.49	18.62	564448	10598071.00
2018/10/25	18.00	18.75	17.70	18.62	631870	11449263.00
2018/10/26	18.58	18.86	18.35	18.47	509477	9447258.00
2018/10/29	18.15	18.57	17.93	18.20	486174	8882207.00
2018/10/30	18.90	20.02	18.90	19.89	3657017	72166384.00
2018/10/31	19.78	20.33	19.73	20.25	2267476	45365876.00
2018/11/01	20.25	20.98	20.16	20.56	1385224	28463764.00
2018/11/02	20.71	22.58	20.71	22.24	3159374	68767792.00
2018/11/05	22.20	22.38	21.58	21.94	1916784	42213716.00
2018/11/06	21.94	22.39	21.51	22.18	1263162	27711940.00
2018/11/07	22.16	22.68	21.80	21.83	1211099	26993124.00
2018/11/08	22.40	22.41	21.70	21.96	814754	18011796.00
2018/11/09	21.82	22.89	21.51	22.79	1581489	35550600.00
2018/11/12	22.70	23.78	22.37	23.50	1973885	45691932.00
2018/11/13	23.03	23.57	23.03	23.31	1116981	25962292.00
2018/11/14	23.23	23.36	22.88	23.01	680053	15690863.00
2018/11/15	22.84	24.15	22.84	24.15	1370073	32553718.00
2018/11/16	24.16	25.38	24.16	25.38	2147316	53563352.00
2018/11/19	25.28	25.95	24.89	25.33	1720226	43730960.00
2018/11/20	24.90	25.45	24.36	24.50	1216525	30351760.00
2018/11/21	24.24	25.70	24.21	25.68	1945454	48963252.00
2018/11/22	25.99	26.19	24.61	25.10	1419819	35686480.00
2018/11/23	24.84	25.12	23.85	24.70	1332004	32507112.00
2018/11/26	24.40	24.77	23.65	23.90	940731	22609174.00
2018/11/27	24.16	25.14	24.05	25.11	1443556	35822168.00
2018/11/28	25.13	25.21	24.32	24.75	756178	18738118.00
2018/11/29	24.61	25.50	24.30	24.39	1173227	29415428.00
2018/11/30	24.35	25.34	24.11	25.17	1187246	29639436.00
2018/12/03	25.85	26.06	25.20	25.84	1400676	36019944.00
2018/12/04	25.42	25.62	25.04	25.38	1339360	33851460.00
2018/12/05	24.90	25.88	24.90	25.65	1324848	33858444.00
2018/12/06	25.21	25.40	24.55	24.84	1104691	27485584.00
2018/12/07	25.19	25.32	24.83	24.83	531417	13340089.00
2018/12/10	24.53	25.56	24.53	25.10	1099460	27825528.00
2018/12/11	25.23	25.80	25.16	25.78	1188682	30488556.00
2018/12/12	26.00	26.00	25.30	25.63	689544	17606028.00
2018/12/13	25.48	25.82	25.32	25.74	777518	19976548.00
2018/12/14	25.54	25.71	24.50	24.60	1109940	27779252.00
2018/12/17	24.60	24.88	24.05	24.49	913699	22302722.00
2018/12/18	24.40	24.87	24.10	24.57	974938	23946976.00
2018/12/19	24.50	24.94	24.10	24.22	568288	13941105.00
2018/12/20	24.00	24.87	24.00	24.69	762777	18773456.00
2018/12/21	25.22	25.22	24.11	24.65	920962	22580640.00
2018/12/24	24.42	25.20	24.30	24.98	664399	16545362.00
2018/12/25	24.83	25.50	24.22	25.46	1210343	30150740.00
2018/12/26	25.22	25.40	24.60	24.96	1056428	26374436.00
2018/12/27	25.02	25.18	24.19	24.40	993814	24604304.00
2018/12/28	24.45	24.64	23.71	24.35	1550172	37318240.00
2019/01/02	24.35	24.60	23.75	24.04	865690	20942000.00
2019/01/03	23.97	24.30	23.51	23.70	629318	15020102.00
2019/01/04	23.35	24.44	23.30	24.25	906485	21841364.00
2019/01/07	24.68	24.99	24.37	24.97	1049872	26027780.00
2019/01/08	24.97	25.31	24.80	24.92	740183	18513098.00
2019/01/09	25.20	25.94	24.85	25.65	2028553	51966384.00
2019/01/10	25.46	25.90	25.20	25.28	1233662	31526396.00
2019/01/11	25.50	25.83	25.20	25.64	785428	20093172.00
2019/01/14	25.67	25.86	25.32	25.75	1122821	28785530.00
2019/01/15	25.70	25.71	25.30	25.60	831469	21158238.00
2019/01/16	25.42	25.70	25.25	25.46	914489	23299864.00
2019/01/17	25.60	25.60	24.83	24.91	748916	18887782.00
2019/01/18	24.71	25.32	24.71	25.16	514695	12917907.00
2019/01/21	25.39	25.97	25.00	25.70	1486212	38075296.00
2019/01/22	25.97	25.97	24.56	24.62	1443209	36239312.00
2019/01/23	24.49	24.85	24.03	24.20	1175454	28626152.00
2019/01/24	24.33	24.66	23.63	24.47	875210	21214822.00
2019/01/25	24.39	24.56	23.80	23.85	1332589	32076468.00
2019/01/28	24.01	24.24	23.43	23.76	785778	18713958.00
2019/01/29	23.90	23.90	23.21	23.22	754536	17745214.00
2019/01/30	23.25	23.50	22.30	23.24	1506191	34586912.00
2019/01/31	23.12	23.12	21.33	21.38	2040338	44872188.00
2019/02/01	21.94	23.52	21.94	23.52	1583506	36385068.00
2019/02/11	23.67	24.81	23.46	24.62	1774019	43010092.00
2019/02/12	24.62	25.75	24.46	25.29	1855971	47009968.00
2019/02/13	25.32	25.97	25.32	25.65	1692472	43407064.00
2019/02/14	25.84	26.51	25.55	25.82	1831992	47707160.00
2019/02/15	26.18	26.96	26.00	26.48	1810346	48232384.00
2019/02/18	26.30	27.08	26.22	26.85	2657815	70967072.00
2019/02/19	27.15	27.40	26.42	26.89	1549869	41673632.00
2019/02/20	27.03	27.09	26.22	26.78	1059875	28253408.00
2019/02/21	26.80	27.67	26.28	26.60	2358196	63846080.00
2019/02/22	26.88	27.65	26.80	27.62	2097394	57399792.00
2019/02/25	28.08	29.38	27.68	28.44	3202348	90657544.00
2019/02/26	28.66	28.69	27.50	27.54	2831833	79410040.00
2019/02/27	27.80	28.34	26.89	27.05	2357604	65229544.00
2019/02/28	27.20	27.89	27.08	27.73	1668228	46104968.00
2019/03/01	27.95	28.00	26.81	27.40	2090821	57008212.00
2019/03/04	27.68	29.49	27.68	29.01	4820015	137664864.00
2019/03/05	28.65	29.05	28.46	28.85	3547085	102033952.00
2019/03/06	29.76	31.70	29.11	31.49	6626795	204247904.00
2019/03/07	30.90	33.13	30.37	32.58	4858094	155526384.00
2019/03/08	31.00	33.00	30.46	30.58	4315870	136450720.00
2019/03/11	31.16	33.64	31.16	33.27	4093797	133344488.00
2019/03/12	33.37	36.60	33.37	36.60	8346843	298774304.00
2019/03/13	37.57	39.97	35.69	36.33	6213245	234526224.00
2019/03/14	35.49	36.99	32.78	34.80	4220845	144606064.00
2019/03/15	35.00	35.65	32.76	32.77	4270578	144038880.00
2019/03/18	33.26	34.48	32.62	33.98	3510078	117654432.00
2019/03/19	33.77	35.35	33.60	34.17	4060589	140160480.00
2019/03/20	34.18	34.79	33.03	33.82	2407219	81658496.00
2019/03/21	33.37	34.39	33.20	33.96	2613246	88385840.00
2019/03/22	33.96	34.40	33.30	33.74	2272695	76972016.00
2019/03/25	33.11	34.04	32.79	33.15	1688028	56272184.00
2019/03/26	33.15	33.44	31.00	31.20	2965432	95152448.00
2019/03/27	32.02	32.15	29.88	30.85	3906154	119924440.00
2019/03/28	31.37	32.30	30.91	31.00	3003479	94707720.00
2019/03/29	31.56	31.98	31.03	31.71	2580234	81536720.00
2019/04/01	31.80	34.80	31.80	34.38	4166686	139899680.00
2019/04/02	34.20	36.24	34.10	34.68	4362495	153821568.00
2019/04/03	34.43	35.26	34.00	34.42	2460946	85442856.00
2019/04/04	34.80	35.63	34.28	35.25	4459168	156660128.00
2019/04/08	35.30	35.49	32.58	32.90	4351484	145994576.00
2019/04/09	33.10	34.16	33.10	33.30	2598974	87552128.00
2019/04/10	33.30	33.98	33.10	33.60	1824276	61153264.00
2019/04/11	33.55	33.72	31.84	32.38	2264138	73697120.00
2019/04/12	32.39	33.09	32.23	32.50	1422466	46433512.00
2019/04/15	33.19	33.52	31.89	31.89	2004211	65778584.00
2019/04/16	31.84	33.77	30.61	33.64	3474879	112758832.00
2019/04/17	33.53	33.87	32.48	32.67	2415096	79443600.00
2019/04/18	33.30	33.61	32.56	32.75	3545028	116797816.00
2019/04/19	32.80	32.92	32.05	32.38	1808495	58412968.00
2019/04/22	32.45	33.18	32.21	32.48	2490860	81442000.00
2019/04/23	32.27	32.61	31.58	31.79	1125068	36043568.00
2019/04/24	32.10	32.98	31.50	32.83	2913940	94730280.00
2019/04/25	33.00	33.26	31.69	32.04	1735008	56505200.00
2019/04/26	31.52	32.78	31.52	31.93	1241463	40015496.00
2019/04/29	32.19	32.20	30.33	30.62	1585124	49151336.00
2019/04/30	30.35	31.50	30.35	31.07	911707	28353150.00
2019/05/06	28.50	30.40	27.96	27.96	1951941	55856260.00
2019/05/07	27.97	28.32	26.50	27.07	2279683	62659524.00
2019/05/08	26.51	27.37	26.26	26.81	1267310	34039568.00
2019/05/09	26.50	27.68	26.50	27.18	1360517	37060304.00
2019/05/10	27.43	28.55	26.83	28.43	1418410	39749780.00
2019/05/13	28.05	28.85	27.94	28.32	1117142	31719060.00
2019/05/14	27.53	28.60	27.53	27.97	958048	26936808.00
2019/05/15	28.19	28.89	27.90	28.29	1599386	45345204.00
2019/05/16	28.20	28.35	27.20	27.60	1752407	48592892.00
2019/05/17	27.95	28.06	27.16	27.29	1637220	45074276.00
2019/05/20	27.10	27.40	26.38	26.72	1160246	31123544.00
2019/05/21	26.72	27.86	26.72	27.50	1603108	43908712.00
2019/05/22	27.49	29.38	27.33	29.18	5464544	156954000.00
2019/05/23	29.00	29.28	27.57	27.67	3536800	100662424.00
2019/05/24	27.32	27.89	26.45	26.46	2434582	65610264.00
2019/05/27	26.46	27.70	26.31	27.52	2511208	68417200.00
2019/05/28	27.52	28.01	26.94	27.03	2722283	74950704.00
2019/05/29	26.81	27.66	26.81	27.22	1566685	42808096.00
2019/05/30	27.16	27.20	26.59	26.89	1305131	35102060.00
2019/05/31	26.83	27.75	26.83	27.17	1770254	48207492.00
2019/06/03	27.30	27.37	26.22	26.74	1769859	47381936.00
2019/06/04	26.75	27.08	26.40	26.60	1132938	30296696.00
2019/06/05	26.91	27.78	26.66	27.34	2090358	56952100.00
2019/06/06	27.34	27.44	26.34	26.56	1510867	40461500.00
2019/06/10	26.50	27.03	26.39	26.60	1383601	36879372.00
2019/06/11	26.70	27.66	26.22	27.56	2656206	71839992.00
2019/06/12	27.46	27.84	27.31	27.66	1892543	52313768.00
2019/06/13	27.62	27.86	27.30	27.85	1663578	46026532.00
2019/06/14	27.89	28.93	27.88	28.12	3387270	96202272.00
2019/06/17	28.00	29.35	27.57	28.65	3263262	93234120.00
2019/06/18	28.35	29.55	28.32	29.55	3933212	114248120.00
2019/06/19	30.50	30.78	29.10	29.11	4777243	141462800.00
2019/06/20	29.01	29.06	28.33	28.73	3303031	94669576.00
2019/06/21	28.80	29.44	28.73	29.16	2746124	79920512.00
2019/06/24	29.06	29.79	28.75	29.00	2231842	65273264.00
2019/06/25	28.73	29.15	28.02	28.39	1914366	54335368.00
2019/06/26	28.25	28.66	28.06	28.45	1146092	32663136.00
2019/06/27	28.40	29.00	28.40	28.87	1856740	53353688.00
2019/06/28	28.78	28.78	27.89	27.98	1772708	49942248.00
2019/07/01	28.60	30.36	28.60	30.02	3735840	110250472.00
2019/07/02	29.78	29.84	29.39	29.57	2004720	59228064.00
2019/07/03	29.56	29.56	28.55	28.80	1768531	51105072.00
2019/07/04	28.80	29.15	28.53	28.95	1277878	36859516.00
2019/07/05	29.08	29.87	29.00	29.83	2743517	81087120.00
2019/07/08	29.85	29.86	27.41	28.01	3274492	93447392.00
2019/07/09	27.20	28.17	27.20	28.06	1755759	48649736.00
2019/07/10	28.06	28.18	27.38	27.60	1417494	39332832.00
2019/07/11	19.30	19.40	18.89	19.13	1296800	24784392.00
2019/07/12	19.10	19.10	18.37	18.40	3167915	59060148.00
2019/07/15	18.42	18.72	17.80	18.51	2078646	37957376.00
2019/07/16	18.39	19.13	18.32	19.00	2918665	54988228.00
2019/07/17	19.01	19.03	18.67	18.70	1655029	31159796.00
2019/07/18	18.39	18.49	17.68	17.69	3532752	63437912.00
2019/07/19	17.67	17.91	17.40	17.46	2656670	46979376.00
2019/07/22	17.76	17.76	16.60	16.72	3065643	51850612.00
2019/07/23	16.60	17.31	16.60	17.27	2340922	40057324.00
2019/07/24	17.38	18.05	17.27	17.78	2984225	52996300.00
2019/07/25	17.75	18.10	17.71	17.85	2114407	37786248.00
2019/07/26	17.99	18.87	17.90	18.50	4046119	75031080.00
2019/07/29	18.54	18.74	18.40	18.61	1754762	32525062.00
2019/07/30	18.59	19.08	18.41	18.99	2747405	51877408.00
2019/07/31	19.04	19.08	18.70	18.85	2217754	41937372.00
2019/08/01	18.83	19.07	18.68	18.94	1671377	31569804.00
2019/08/02	18.56	19.08	18.28	19.06	3020189	56764244.00
2019/08/05	19.07	19.28	18.57	18.65	2365474	44605488.00
2019/08/06	18.30	18.86	17.63	18.59	3441891	62871916.00
2019/08/07	18.67	19.15	18.31	18.36	2721093	51064036.00
2019/08/08	18.41	19.03	18.40	18.95	2824560	53153996.00
2019/08/09	19.00	19.13	17.95	18.00	3531754	65115268.00
2019/08/12	18.08	19.80	18.08	19.48	5026017	96421264.00
2019/08/13	19.27	19.96	19.20	19.60	5914564	115845104.00
2019/08/14	19.95	19.99	19.26	19.29	4103510	80179264.00
2019/08/15	18.75	19.32	18.50	19.21	3668243	69265224.00
2019/08/16	19.09	19.58	18.94	19.22	3382642	65018428.00
2019/08/19	19.38	20.30	19.36	20.17	5288141	105716224.00
2019/08/20	20.28	20.66	20.01	20.31	4558102	92866560.00
2019/08/21	20.17	20.44	19.92	20.05	2936221	59034132.00
2019/08/22	20.14	20.18	19.56	19.96	2779788	55256024.00
2019/08/23	19.96	20.09	19.30	19.45	3073990	60210328.00
2019/08/26	19.01	19.45	19.01	19.25	2051693	39497676.00
2019/08/27	19.45	19.96	19.41	19.71	2935578	57921260.00
2019/08/28	19.47	19.83	19.40	19.71	2584465	50769352.00
2019/08/29	19.63	20.20	19.58	20.18	4048985	80842528.00
2019/08/30	20.25	20.35	19.31	19.43	3992543	79251160.00
2019/09/02	19.36	20.20	19.36	19.92	3660842	72587592.00
2019/09/03	19.92	21.86	19.92	21.50	9659331	202521824.00
2019/09/04	21.49	21.83	21.25	21.80	7850744	169115072.00
2019/09/05	21.95	22.28	21.34	21.69	8425371	183691120.00
2019/09/06	21.98	21.98	21.27	21.73	4892317	105768464.00
2019/09/09	22.02	22.77	21.72	22.61	7475178	166352624.00
2019/09/10	22.91	23.06	22.18	22.69	5621696	127068632.00
2019/09/11	22.69	22.96	22.10	22.35	4565244	103133976.00
2019/09/12	22.35	22.50	21.68	22.16	4361878	96128840.00
2019/09/16	22.41	22.95	22.22	22.40	5819492	131670400.00
2019/09/17	22.30	22.51	21.53	21.78	4598838	100962040.00
2019/09/18	21.93	21.98	21.50	21.75	2555993	55634520.00
2019/09/19	21.87	22.09	21.66	22.07	3040765	66625688.00
2019/09/20	22.05	22.77	21.61	22.47	4536895	100654896.00
2019/09/23	22.16	22.18	21.46	21.82	3735455	81232768.00
2019/09/24	21.99	23.85	21.98	23.55	10960956	251732704.00
2019/09/25	23.30	23.46	21.93	22.21	8616297	194809264.00
2019/09/26	22.20	22.38	20.53	20.69	7186721	153104784.00
2019/09/27	20.60	21.20	20.56	20.91	2633456	55204240.00
2019/09/30	20.87	20.91	19.96	20.08	4731901	95959688.00
2019/10/08	20.05	20.30	19.76	19.78	2889168	57868004.00
2019/10/09	19.61	20.10	19.60	20.07	2548945	50688992.00
2019/10/10	20.13	20.49	20.01	20.35	2180743	44186972.00
2019/10/11	20.30	20.47	20.07	20.18	2219259	44990028.00
2019/10/14	20.64	20.77	20.39	20.58	2447767	50425992.00
2019/10/15	20.52	20.52	20.00	20.12	2312127	46617888.00
2019/10/16	20.05	20.25	19.43	19.84	3700621	73409872.00
2019/10/17	19.85	20.04	19.53	19.62	2002431	39531160.00
2019/10/18	19.65	19.84	19.17	19.19	2188682	42521364.00
2019/10/21	19.20	19.46	18.77	19.35	2005041	38568472.00
2019/10/22	19.35	19.95	19.28	19.95	2520637	49677444.00
2019/10/23	19.89	20.90	19.61	20.50	5066949	103170624.00
2019/10/24	20.20	20.43	19.64	19.92	3517321	70271808.00
2019/10/25	19.92	20.12	19.56	20.01	1869118	37052472.00
2019/10/28	20.42	20.92	20.20	20.88	4145063	85220664.00
2019/10/29	20.80	20.85	20.26	20.30	3243618	66534832.00
2019/10/30	19.00	19.18	18.68	18.75	5362834	101224352.00
2019/10/31	18.76	18.91	18.19	18.40	2810230	52108688.00
2019/11/01	18.39	18.58	18.12	18.35	1734397	31901876.00
2019/11/04	18.35	18.85	18.23	18.72	2938697	54486524.00
2019/11/05	18.71	18.74	18.35	18.54	1468985	27254716.00
2019/11/06	18.52	18.68	18.40	18.42	1198428	22188574.00
2019/11/07	18.55	18.70	18.42	18.58	1173923	21795942.00
2019/11/08	18.66	18.78	18.31	18.36	1428802	26492192.00
2019/11/11	18.33	18.33	17.20	17.42	2661768	47061768.00
2019/11/12	17.40	17.58	16.80	17.26	2281187	39075748.00
2019/11/13	17.25	17.35	16.90	17.01	1390924	23718896.00
2019/11/14	17.02	17.40	16.93	17.36	1530812	26313376.00
2019/11/15	17.37	17.40	17.01	17.02	1356018	23345742.00
2019/11/18	17.04	17.25	16.91	17.02	1339193	22849886.00
2019/11/19	17.02	17.75	17.01	17.68	2393356	41856836.00
2019/11/20	17.66	19.45	17.66	19.45	6964601	133402200.00
2019/11/21	19.46	19.50	18.42	18.55	7044849	132400064.00
2019/11/22	18.50	18.68	18.19	18.37	4203969	77646424.00
2019/11/25	18.69	19.20	18.50	18.80	3871098	72904176.00
2019/11/26	18.20	18.66	18.20	18.44	2416747	44427692.00
2019/11/27	18.35	18.84	18.00	18.50	2541271	46791020.00
2019/11/28	18.42	18.80	18.30	18.77	2082205	38741480.00
2019/11/29	18.62	18.97	18.25	18.88	3204475	59450984.00
2019/12/02	19.33	20.50	19.08	20.09	8306307	165888640.00
2019/12/03	19.94	20.83	19.76	20.71	6651326	135703392.00
2019/12/04	20.32	22.50	20.21	20.92	5977371	123749384.00
2019/12/05	21.13	22.22	20.66	21.75	8373166	180905280.00
2019/12/06	22.35	23.00	21.30	22.10	10081888	221178624.00
2019/12/09	21.85	21.93	21.07	21.74	9194838	197444704.00
2019/12/10	21.42	22.05	21.11	21.99	6906062	149833712.00
2019/12/11	22.09	22.89	21.72	21.94	8577144	192192336.00
2019/12/12	21.60	23.50	21.50	22.58	9575639	215492384.00
2019/12/13	22.61	23.11	22.41	22.65	5094997	116065328.00
2019/12/16	22.51	23.13	22.12	23.00	6922441	157271872.00
2019/12/17	23.46	23.69	22.56	23.10	7660223	176601712.00
2019/12/18	22.86	23.05	21.98	22.25	6130369	138233744.00
2019/12/19	22.55	24.48	22.55	24.48	12214927	290423424.00
2019/12/20	24.99	24.99	23.16	23.16	12014668	286000256.00
2019/12/23	22.75	22.78	21.50	21.81	7558651	166254416.00
2019/12/24	21.82	22.57	21.82	22.34	5074700	112907744.00
2019/12/25	22.50	23.44	22.11	23.16	6236866	143128048.00
2019/12/26	23.00	23.28	22.70	22.99	4075463	93311936.00
2019/12/27	22.30	23.00	22.22	22.34	4822497	108632248.00
2019/12/30	22.05	22.39	21.43	22.10	5185042	113183760.00
2019/12/31	22.10	22.50	21.63	21.84	2931541	64476988.00
2020/01/02	22.00	23.49	21.91	22.99	7951409	182292160.00
2020/01/03	23.10	23.45	22.82	23.41	5503466	127394256.00
2020/01/06	23.06	25.00	22.84	24.40	7480537	179906752.00
2020/01/07	24.28	25.66	23.90	25.40	6272527	156643408.00
2020/01/08	25.34	26.32	24.26	24.66	7093320	178935968.00
2020/01/09	24.87	26.46	24.85	26.30	7550386	194694304.00
2020/01/10	26.20	26.38	25.40	25.74	5167807	133254032.00
2020/01/13	25.80	25.80	24.80	25.74	3594864	91116000.00
2020/01/14	25.65	25.74	24.88	25.28	4051152	101974200.00
2020/01/15	25.26	26.37	25.26	26.15	6789764	176061104.00
2020/01/16	26.70	28.57	26.46	27.52	8319149	228404928.00
2020/01/17	27.90	28.69	27.00	28.53	8355168	234572416.00
2020/01/20	28.00	28.38	27.23	28.20	5370404	149163744.00
2020/01/21	27.90	28.32	27.70	28.12	2858883	80078984.00
2020/01/22	28.13	29.59	27.16	29.44	5200653	147563088.00
2020/01/23	28.50	29.10	26.50	27.03	5895908	163110176.00
2020/02/03	24.33	24.33	24.33	24.33	877100	21339844.00
2020/02/04	23.13	25.63	23.13	25.25	8519291	209925360.00
2020/02/05	25.47	27.20	25.16	26.07	5156810	135453360.00
2020/02/06	25.99	27.44	25.53	27.28	5379036	144610272.00
2020/02/07	27.70	28.35	26.74	27.90	5626946	155666256.00
2020/02/10	27.80	29.61	27.40	28.68	5297106	151335952.00
2020/02/11	29.03	29.03	27.14	27.50	4754964	132014256.00
2020/02/12	27.40	28.30	26.86	28.22	5095998	141262656.00
2020/02/13	28.70	30.45	28.60	29.44	9790657	288516768.00
2020/02/14	29.06	30.34	28.60	29.44	6565941	195020944.00
2020/02/17	29.70	30.98	29.00	30.90	6902676	207806688.00
2020/02/18	30.10	32.50	30.10	32.22	6509256	205765968.00
2020/02/19	32.11	34.10	31.34	31.81	6850756	224559600.00
2020/02/20	32.18	32.68	30.00	31.10	9222893	285512992.00
2020/02/21	31.18	31.86	30.48	31.05	6376922	198652512.00
2020/02/24	31.39	33.88	31.35	33.26	9506919	313156128.00
2020/02/25	31.89	33.28	30.85	33.20	7005140	227707328.00
2020/02/26	32.27	33.00	30.11	30.28	6698943	209435696.00
2020/02/27	30.55	32.75	29.50	32.13	8876717	280810240.00
2020/02/28	28.92	29.45	28.92	28.92	6814668	197369696.00
2020/03/02	28.78	28.80	26.03	27.94	14112685	384033600.00
2020/03/03	28.20	29.32	27.45	27.90	10529898	297745824.00
2020/03/04	27.20	27.48	26.16	26.88	7394829	197700640.00
2020/03/05	27.50	27.95	26.70	27.06	6466695	176781792.00
2020/03/06	26.80	27.09	26.50	26.58	4376020	117040048.00
2020/03/09	26.05	26.05	24.00	24.12	10557293	261387488.00
2020/03/10	23.89	25.54	23.59	25.42	9941354	244367536.00
2020/03/11	25.60	25.82	24.61	24.66	5944766	149899728.00
2020/03/12	24.11	24.90	23.79	24.31	4823057	117287808.00
2020/03/13	22.50	25.26	22.50	25.15	8394358	204733392.00
2020/03/16	25.15	25.26	23.15	24.40	6868019	167815008.00
2020/03/17	24.37	24.60	23.53	23.69	9039941	217436464.00
2020/03/18	24.02	24.60	23.47	23.58	7017665	168282992.00
2020/03/19	23.61	23.89	22.25	23.85	5637858	130821984.00
2020/03/20	24.13	24.23	23.04	23.28	4179946	98087248.00
2020/03/23	22.80	22.87	21.02	21.40	5175303	113837208.00
2020/03/24	21.99	22.30	21.02	22.05	5757249	126026496.00
2020/03/25	22.60	22.89	22.05	22.29	4666390	104868104.00
2020/03/26	22.30	22.38	21.80	21.96	2740645	60380344.00
2020/03/27	22.21	22.40	21.15	21.26	4094419	88270592.00
2020/03/30	20.90	20.93	19.88	20.21	4711185	95447920.00
2020/03/31	20.58	20.75	19.80	20.08	3952124	79653264.00
2020/04/01	19.87	20.56	19.80	20.00	3255373	65605604.00
2020/04/02	20.00	20.78	19.78	20.73	4145590	84289360.00
2020/04/03	20.76	20.90	20.24	20.43	3002527	61720884.00
2020/04/07	20.90	21.69	20.60	21.45	4578016	97539728.00
2020/04/08	21.25	21.59	21.25	21.34	2736744	58514936.00
2020/04/09	21.69	21.70	21.10	21.30	2767625	58987088.00
2020/04/10	21.39	21.39	20.17	20.50	3369669	69491408.00
2020/04/13	20.26	20.27	19.60	19.70	2884094	57050756.00
2020/04/14	19.75	21.07	19.75	21.00	5224346	108625408.00
2020/04/15	21.16	21.24	20.60	20.62	2945923	61591848.00
2020/04/16	20.55	20.85	20.28	20.82	1987559	41001168.00
2020/04/17	21.10	21.66	20.30	20.79	3910525	82767344.00
2020/04/20	21.00	21.08	20.70	21.05	2113966	44175940.00
2020/04/21	20.94	22.42	20.85	22.30	7194492	157889728.00
2020/04/22	21.58	21.78	21.08	21.69	6804496	145589920.00
2020/04/23	21.60	21.65	21.12	21.21	3462978	73717144.00
2020/04/24	21.11	22.85	21.11	22.01	7390044	164102704.00
2020/04/27	21.87	22.56	21.53	22.23	3515162	77806360.00
2020/04/28	21.98	21.98	20.52	21.50	3546184	75724944.00
2020/04/29	21.46	21.72	21.02	21.17	2263403	48177080.00
2020/04/30	21.50	22.55	21.21	22.36	5522291	122888648.00
2020/05/06	22.40	24.60	22.39	24.60	5562618	134113816.00
2020/05/07	25.77	25.77	24.65	25.37	9362711	237051680.00
2020/05/08	25.44	26.47	25.44	26.08	7396453	192912128.00
2020/05/11	26.23	27.28	25.05	25.50	5384750	140050000.00
2020/05/12	26.00	26.00	24.16	25.00	4500617	111501208.00
2020/05/13	25.12	25.35	24.60	25.10	3329304	83107360.00
2020/05/14	24.90	25.70	24.62	25.20	2992311	75513232.00
2020/05/15	25.54	25.68	25.08	25.38	3474562	88251640.00
2020/05/18	25.55	26.55	25.35	26.09	4752684	123573392.00
2020/05/19	26.01	26.45	25.53	26.30	4535514	117961384.00
2020/05/20	26.00	26.13	24.45	24.58	5287801	132909928.00
2020/05/21	24.76	25.05	23.48	23.48	3946642	94870000.00
2020/05/22	23.67	23.78	22.85	22.86	2772007	64329960.00
2020/05/25	22.94	23.02	22.13	22.44	2716299	61057160.00
2020/05/26	22.74	23.10	22.44	22.83	1958923	44663792.00
2020/05/27	22.88	23.47	22.30	22.44	2275389	52183428.00
2020/05/28	22.38	22.78	22.15	22.60	1769025	39749332.00
2020/05/29	22.18	22.56	22.08	22.12	1891942	42149128.00
2020/06/01	22.15	23.45	22.15	23.34	3399320	77970832.00
2020/06/02	23.55	23.74	23.10	23.58	3203305	74963712.00
2020/06/03	23.55	23.61	22.90	22.93	3229967	74817720.00
2020/06/04	23.00	23.30	22.08	22.27	3687259	82905392.00
2020/06/05	22.32	22.49	21.95	22.19	1818091	40305188.00
2020/06/08	22.45	22.77	22.01	22.01	2658339	59228876.00
2020/06/09	21.97	22.02	21.36	21.96	3315985	71912528.00
2020/06/10	21.90	21.95	21.37	21.58	2673242	57506808.00
2020/06/11	21.47	21.96	21.28	21.77	3135398	67829504.00
2020/06/12	21.24	21.69	21.00	21.58	2471987	52637168.00
2020/06/15	21.40	21.77	21.15	21.18	2067271	44404904.00
2020/06/16	21.50	22.07	21.21	21.99	2726414	59499636.00
2020/06/17	21.88	22.15	21.31	21.72	3397752	73534992.00
2020/06/18	21.45	21.88	21.45	21.81	1998675	43369320.00
2020/06/19	21.77	21.77	21.11	21.33	3535934	75269992.00
2020/06/22	21.41	21.96	21.37	21.72	3329978	72329768.00
2020/06/23	21.72	21.80	21.00	21.14	4181283	88743120.00
2020/06/24	21.20	21.39	20.75	21.23	2958463	62283440.00
2020/06/29	21.23	21.55	21.09	21.45	2561134	54670640.00
2020/06/30	21.46	22.57	21.39	22.25	6010220	133489104.00
2020/07/01	22.49	22.49	21.50	21.86	5001040	109723784.00
2020/07/02	21.87	22.17	21.61	22.17	3566991	78430832.00
2020/07/03	22.25	22.30	21.95	22.21	3549250	78523704.00
2020/07/06	22.60	23.35	22.30	23.07	6952969	158271408.00
2020/07/07	23.27	25.36	23.12	24.62	8702675	210403152.00
2020/07/08	24.62	24.67	23.60	24.57	5627113	136554592.00
2020/07/09	24.59	26.99	24.27	26.11	9022098	230250656.00
2020/07/10	25.69	25.75	25.17	25.48	5977635	152387712.00
2020/07/13	25.48	26.71	25.32	26.40	7339886	191888096.00
2020/07/14	26.36	26.54	24.60	25.28	7022562	179449632.00
2020/07/15	25.00	25.18	23.35	23.67	5950423	143710624.00
2020/07/16	23.77	24.00	22.38	22.82	4931000	114095208.00
2020/07/17	22.55	22.95	22.00	22.48	3368999	75684000.00
2020/07/20	22.59	23.14	22.05	22.93	3500940	78931656.00
2020/07/21	22.94	23.15	22.36	22.50	2819965	63862092.00
2020/07/22	22.40	24.46	22.20	23.99	8204738	190940832.00
2020/07/23	23.55	23.93	22.87	23.25	5312195	124021480.00
2020/07/24	23.31	23.37	21.85	22.08	5745423	128766144.00
2020/07/27	21.99	21.99	21.20	21.61	2220611	48146800.00
2020/07/28	21.90	22.10	21.71	21.91	1275181	27937010.00
2020/07/29	22.00	22.47	21.70	22.30	3380027	74363336.00
2020/07/30	22.35	22.35	21.74	21.80	2290592	50337276.00
2020/07/31	21.50	21.95	21.30	21.87	2567245	55654176.00
2020/08/03	21.87	22.58	21.75	22.58	3759034	83671800.00
2020/08/04	22.78	22.89	22.13	22.19	2759132	61728112.00
2020/08/05	22.62	22.80	22.22	22.47	3042578	68591304.00
2020/08/06	22.45	23.00	22.25	22.78	3836450	86815016.00
2020/08/07	22.84	23.44	22.56	23.16	4940517	113817240.00
2020/08/10	23.50	24.45	23.30	23.95	6583857	156673024.00
2020/08/11	24.00	24.02	22.75	23.00	4812604	112226936.00
2020/08/12	22.68	22.87	21.80	22.17	3895708	86167920.00
2020/08/13	22.20	22.48	21.99	22.07	1880781	41604208.00
2020/08/14	22.07	22.17	21.67	22.15	1951341	42751432.00
2020/08/17	22.16	22.53	22.12	22.42	2030194	45376236.00
2020/08/18	22.46	22.68	22.17	22.48	1940095	43483260.00
2020/08/19	22.35	22.58	22.05	22.10	1896116	42294976.00
2020/08/20	21.93	22.23	21.74	21.89	1606484	35171280.00
2020/08/21	21.80	22.10	21.60	21.75	1674857	36524076.00
2020/08/24	21.82	21.85	21.20	21.67	1916504	40992452.00
2020/08/25	21.79	22.19	21.59	22.00	1847106	40585456.00
2020/08/26	22.00	22.09	21.20	21.29	1838598	39449676.00
2020/08/27	21.21	21.63	21.01	21.29	1238978	26444596.00
2020/08/28	21.32	21.59	21.11	21.51	1112980	23844182.00
2020/08/31	21.52	21.75	21.21	21.28	1621556	34797272.00
2020/09/01	21.29	21.40	20.68	20.78	2870384	59741076.00
2020/09/02	20.84	21.03	20.47	20.84	1699569	35152572.00
2020/09/03	20.90	20.91	20.50	20.70	1198236	24746224.00
2020/09/04	20.34	20.68	20.22	20.68	1073999	22015956.00
2020/09/07	20.68	21.07	20.21	20.35	1522688	31495508.00
2020/09/08	20.41	20.83	20.25	20.81	1427899	29428256.00
2020/09/09	21.00	21.49	20.83	21.05	2696967	57168588.00
2020/09/10	21.16	21.17	19.99	20.05	2017375	41254468.00
2020/09/11	20.46	20.46	19.39	19.98	1642718	32553208.00
2020/09/14	20.00	20.39	19.71	20.00	1586378	31708440.00
2020/09/15	20.20	20.20	19.55	19.72	1221855	24070000.00
2020/09/16	19.75	19.77	19.13	19.20	1518088	29319392.00
2020/09/17	19.38	19.48	19.01	19.28	1312497	25243340.00
2020/09/18	19.17	19.45	19.12	19.34	1109584	21387300.00
2020/09/21	19.34	19.65	19.30	19.38	835704	16218630.00
2020/09/22	19.06	19.47	19.00	19.15	729300	14027842.00
2020/09/23	19.05	19.47	19.05	19.41	767900	14836123.00
2020/09/24	19.38	19.38	19.10	19.14	710042	13649063.00
2020/09/25	19.10	19.30	19.03	19.10	681716	13020997.00
2020/09/28	19.00	19.57	18.90	19.50	1639298	31728232.00
2020/09/29	19.50	20.54	19.39	20.44	3276638	66375352.00
2020/09/30	20.50	20.65	20.03	20.35	1595097	32431040.00
2020/10/09	20.59	20.70	20.13	20.26	1355925	27550796.00
2020/10/12	20.30	20.62	20.25	20.60	1387340	28421116.00
2020/10/13	20.60	20.87	20.44	20.77	1238644	25675844.00
2020/10/14	20.65	20.73	20.12	20.18	1228342	24974148.00
2020/10/15	20.49	20.49	19.91	19.94	802144	16096039.00
2020/10/16	19.98	20.19	19.60	19.81	801554	15845166.00
2020/10/19	19.85	20.16	19.57	19.57	720814	14250402.00
2020/10/20	19.55	19.76	19.32	19.69	677070	13240172.00
2020/10/21	19.69	19.71	19.28	19.45	861686	16755790.00
2020/10/22	19.45	19.85	19.16	19.59	835811	16366631.00
2020/10/23	19.64	19.76	19.42	19.61	619330	12137984.00
2020/10/26	19.64	19.98	19.25	19.36	891228	17368904.00
2020/10/27	19.46	19.75	19.25	19.61	826465	16155837.00
2020/10/28	19.61	19.85	19.43	19.75	787223	15489699.00
2020/10/29	19.80	19.90	19.40	19.90	1298663	25509138.00
2020/10/30	19.91	20.83	19.91	19.98	2893143	59280792.00
2020/11/02	20.01	20.66	19.94	20.33	970718	19612212.00
2020/11/03	20.21	20.99	20.20	20.69	1461205	30291084.00
2020/11/04	20.72	20.98	20.36	20.43	857357	17574820.00
2020/11/05	20.71	20.96	20.38	20.85	1311451	27139880.00
2020/11/06	20.86	21.48	20.86	21.18	2417383	51256148.00
2020/11/09	21.26	21.80	21.26	21.59	2545430	55083552.00
2020/11/10	21.69	21.75	20.70	20.96	1975409	41622804.00
2020/11/11	20.96	21.01	20.32	20.40	1210617	24872124.00
2020/11/12	20.40	20.85	20.30	20.63	932584	19157360.00
2020/11/13	20.64	20.72	20.35	20.53	565200	11597316.00
2020/11/16	20.54	20.85	20.00	20.18	1146326	23119068.00
2020/11/17	20.15	20.20	19.78	20.08	930265	18547908.00
2020/11/18	20.02	20.29	19.85	20.10	545172	10953789.00
2020/11/19	20.08	20.32	19.94	20.30	736676	14853249.00
2020/11/20	20.25	20.49	20.15	20.22	519336	10520052.00
2020/11/23	20.22	20.46	19.98	20.38	1009683	20402080.00
2020/11/24	20.38	20.50	20.21	20.25	641663	13070207.00
2020/11/25	20.25	20.38	19.89	19.89	967268	19339098.00
2020/11/26	19.88	19.91	19.37	19.41	1226816	24032852.00
2020/11/27	19.35	19.56	19.18	19.50	1016307	19635184.00
2020/11/30	19.50	19.60	19.26	19.26	956222	18527132.00
2020/12/01	19.26	19.50	19.25	19.31	1028176	19909988.00
2020/12/02	19.42	19.45	19.29	19.39	814165	15760290.00
2020/12/03	19.36	19.42	19.20	19.24	618297	11917549.00
2020/12/04	19.26	19.36	19.13	19.22	867488	16679511.00
2020/12/07	19.25	19.60	19.21	19.51	1181830	22985574.00
2020/12/08	19.55	19.65	19.37	19.52	599017	11702629.00
2020/12/09	19.48	19.64	19.15	19.21	695457	13470237.00
2020/12/10	19.20	19.25	18.63	18.83	1040778	19585694.00
2020/12/11	18.75	18.92	17.98	18.19	1357206	24789742.00
2020/12/14	18.36	18.36	17.92	17.92	870400	15645537.00
2020/12/15	17.90	18.29	17.83	18.00	425020	7687145.00
2020/12/16	18.22	18.22	17.51	17.51	667600	11812940.00
2020/12/17	17.53	17.53	16.80	17.23	1486148	25360816.00
2020/12/18	17.22	17.38	16.94	17.09	698379	11938205.00
2020/12/21	17.09	17.20	16.51	16.63	1313342	22066152.00
2020/12/22	16.50	16.55	15.73	16.55	2660853	42754512.00
2020/12/23	16.50	16.50	16.03	16.07	1166046	18817832.00
2020/12/24	16.07	16.14	15.42	15.54	1363277	21417654.00
2020/12/25	15.53	15.74	15.28	15.40	991974	15377895.00
2020/12/28	15.46	15.49	15.00	15.47	1394114	21213656.00
2020/12/29	15.38	16.30	15.31	15.90	1510648	24067286.00
2020/12/30	15.93	16.37	15.92	16.04	1136181	18382710.00
2020/12/31	16.02	16.47	15.72	15.85	1767820	28347510.00
2021/01/04	15.81	16.49	15.81	16.45	1609877	26067900.00
2021/01/05	16.44	16.65	16.28	16.46	1223782	20197840.00
2021/01/06	16.46	16.59	15.84	16.10	1154395	18554176.00
2021/01/07	15.99	16.19	15.50	15.63	1310894	20591578.00
2021/01/08	15.64	16.26	15.29	15.99	1317672	20983320.00
2021/01/11	15.80	16.14	15.47	15.50	1328752	20873116.00
2021/01/12	15.45	15.85	15.33	15.70	835893	13040275.00
2021/01/13	15.54	15.69	15.03	15.55	1339911	20482096.00
2021/01/14	15.35	16.12	15.24	15.79	1104823	17363016.00
2021/01/15	15.80	17.16	15.73	16.85	2595091	42894856.00
2021/01/18	17.25	18.50	16.95	17.85	3437324	61156036.00
2021/01/19	17.74	17.80	16.80	16.83	2257452	38836600.00
2021/01/20	16.83	17.12	16.72	16.75	913166	15381512.00
2021/01/21	16.70	17.19	16.62	16.63	1204194	20240066.00
2021/01/22	16.63	16.63	16.07	16.50	1407154	22889222.00
2021/01/25	16.43	16.43	15.78	15.94	1159958	18518906.00
2021/01/26	15.71	16.01	15.70	15.80	451366	7138139.00
2021/01/27	15.75	15.97	15.54	15.88	481850	7612052.50
2021/01/28	15.87	16.00	15.45	15.45	659462	10348968.00
2021/01/29	15.60	15.75	14.92	15.50	1243710	19081626.00
2021/02/01	15.55	15.85	15.37	15.60	978169	15258349.00
2021/02/02	15.95	16.10	15.53	15.98	853198	13527966.00
2021/02/03	15.93	16.19	15.66	16.05	698750	11127938.00
2021/02/04	16.16	16.95	15.87	16.74	2080479	34286072.00
2021/02/05	16.60	16.99	16.41	16.70	1146039	19111374.00
2021/02/08	16.71	16.90	15.71	15.80	1249865	20345730.00
2021/02/09	15.50	15.80	15.43	15.59	1095742	17074864.00
2021/02/10	15.60	15.69	15.45	15.64	476918	7433764.00
2021/02/18	15.80	16.26	15.69	16.15	827667	13278754.00
2021/02/19	16.16	16.61	15.95	16.52	956702	15735653.00
2021/02/22	16.48	17.15	16.40	16.60	1488911	25144952.00
2021/02/23	16.60	16.94	16.50	16.75	726030	12142118.00
2021/02/24	16.80	17.05	16.54	16.70	816500	13685662.00
2021/02/25	16.65	16.72	16.19	16.23	686400	11230824.00
2021/02/26	16.00	16.50	16.00	16.43	531647	8664092.00
2021/03/01	16.27	16.98	16.16	16.94	785003	13160456.00
2021/03/02	16.97	17.07	16.42	16.72	784735	13088077.00
2021/03/03	16.50	16.87	16.50	16.80	401965	6736859.50
2021/03/04	16.80	17.13	16.80	16.90	1093253	18571842.00
2021/03/05	16.90	18.00	16.85	17.79	2405012	42143828.00
2021/03/08	17.99	18.43	17.40	17.50	1709940	30589268.00
2021/03/09	17.21	17.93	17.12	17.36	1249685	21851600.00
2021/03/10	17.36	18.30	16.79	18.23	3198729	56824324.00
2021/03/11	18.11	18.96	17.84	18.83	3099585	57142336.00
2021/03/12	18.68	19.18	18.51	18.95	2078327	39236096.00
2021/03/15	19.00	19.19	17.50	17.62	1921736	34805588.00
2021/03/16	17.65	18.08	17.43	17.76	1994324	35409572.00
2021/03/17	17.65	18.77	17.61	18.36	4031721	74225168.00
2021/03/18	17.80	18.15	17.60	18.00	1682212	30024468.00
2021/03/19	17.77	17.99	17.52	17.73	812737	14420723.00
2021/03/22	17.77	18.56	17.48	18.50	1407025	25404000.00
2021/03/23	18.30	18.50	17.90	18.35	923031	16804472.00
2021/03/24	18.20	18.33	17.92	18.16	579320	10515160.00
2021/03/25	18.16	18.49	18.04	18.45	707435	12919814.00
2021/03/26	18.44	18.52	18.24	18.37	640761	11794696.00
2021/03/29	18.36	18.36	17.65	17.68	1081900	19376132.00
2021/03/30	17.61	17.61	17.00	17.01	1018488	17497872.00
2021/03/31	17.02	17.38	16.99	17.32	545534	9408710.00
2021/04/01	17.24	17.32	17.03	17.14	336820	5771895.00
2021/04/02	17.13	17.35	17.06	17.09	483600	8297838.50
2021/04/06	17.08	17.47	16.91	17.32	442974	7673484.00
2021/04/07	17.32	17.47	17.15	17.16	461604	7976413.00
2021/04/08	17.16	17.23	16.69	16.73	744017	12549332.00
2021/04/09	16.80	16.80	16.27	16.50	667697	10993488.00
2021/04/12	16.63	16.78	16.32	16.44	423820	6998839.00
2021/04/13	16.44	16.58	16.26	16.30	308477	5053774.50
2021/04/14	16.32	16.49	16.27	16.43	315500	5173754.00
2021/04/15	16.79	16.79	16.18	16.25	405803	6600051.50
2021/04/16	16.25	16.61	16.25	16.45	471866	7761875.50
2021/04/19	16.66	16.78	16.40	16.59	556800	9244833.00
2021/04/20	16.59	16.65	16.37	16.39	602418	9931915.00
2021/04/21	16.37	16.37	15.87	15.94	949588	15283819.00
2021/04/22	15.99	16.14	15.81	15.92	927204	14748770.00
2021/04/23	15.97	16.18	15.83	16.00	948481	15160391.00
2021/04/26	16.23	16.25	15.71	15.80	1044937	16520900.00
2021/04/27	15.75	15.76	14.99	15.00	1603947	24422290.00
2021/04/28	14.99	15.18	14.71	14.83	781821	11644784.00
2021/04/29	14.92	15.06	14.76	14.88	497262	7402577.00
2021/04/30	14.80	14.97	14.33	14.33	903456	13218340.00
2021/05/06	14.38	14.64	13.89	14.00	1255362	17800270.00
2021/05/07	13.94	14.22	13.94	13.96	873800	12277629.00
2021/05/10	14.00	14.04	13.50	13.74	944887	12995415.00
2021/05/11	13.74	13.99	13.69	13.85	591562	8174462.50
2021/05/12	13.85	14.19	13.76	14.17	799352	11227646.00
2021/05/13	14.12	14.28	13.95	14.02	626829	8865125.00
2021/05/14	14.00	14.17	13.96	14.07	614320	8638252.00
2021/05/17	14.16	14.20	13.57	13.60	1568737	21613408.00
2021/05/18	13.59	13.89	13.51	13.60	1228385	16774554.00
2021/05/19	13.66	14.13	13.33	13.36	2228038	30376850.00
2021/05/20	13.35	13.57	13.20	13.55	865204	11596507.00
2021/05/21	13.55	13.60	13.36	13.56	561477	7572359.00
2021/05/24	13.50	13.90	13.45	13.89	1015702	13928231.00
2021/05/25	13.80	13.97	13.55	13.60	1554518	21248218.00
2021/05/26	13.64	13.88	13.52	13.80	1288861	17732624.00
2021/05/27	13.75	14.10	13.60	14.03	1340586	18632030.00
2021/05/28	14.00	14.15	13.77	13.83	986524	13730578.00
2021/05/31	14.08	14.47	13.86	14.26	1701065	24290170.00
2021/06/01	14.26	14.44	14.07	14.25	1635720	23304400.00
2021/06/02	14.20	14.20	13.83	13.93	1156547	16180966.00
2021/06/03	13.91	14.14	13.89	13.90	1171788	16402239.00
2021/06/04	14.10	14.24	13.93	14.18	1306668	18464190.00
2021/06/07	14.18	14.39	14.09	14.34	1089616	15526460.00
2021/06/08	14.34	14.71	14.29	14.65	1953686	28426290.00
2021/06/09	14.50	14.75	14.39	14.48	1285976	18680728.00
2021/06/10	14.48	15.09	14.37	14.98	2747643	40672584.00
2021/06/11	14.99	15.05	14.66	14.74	1902480	28194454.00
2021/06/15	14.75	14.98	14.55	14.60	1544589	22725224.00
2021/06/16	14.51	15.13	14.51	14.81	1815396	27020294.00
2021/06/17	14.71	14.88	14.38	14.60	1639135	23866412.00
2021/06/18	14.60	14.75	14.43	14.60	928251	13521312.00
2021/06/21	14.46	15.08	14.42	14.91	1767371	26276100.00
2021/06/22	14.89	15.00	14.73	14.76	1215125	18039016.00
2021/06/23	14.68	14.70	14.45	14.49	1432759	20867626.00
2021/06/24	14.49	14.67	14.32	14.38	909242	13119467.00
2021/06/25	14.38	14.50	13.88	13.97	1687074	23735902.00
2021/06/28	13.84	14.24	13.72	14.15	1185393	16597799.00
2021/06/29	14.14	15.26	14.04	14.89	4013810	59191584.00
2021/06/30	14.95	14.99	14.59	14.89	2324008	34380700.00
2021/07/01	14.89	14.94	14.40	14.41	1332232	19491726.00
2021/07/02	14.41	14.53	14.07	14.10	1082118	15394918.00
2021/07/05	14.20	14.53	14.20	14.31	752254	10799457.00
2021/07/06	15.18	15.74	15.02	15.74	2216543	34525600.00
2021/07/07	16.32	16.88	15.27	15.86	8090001	128585536.00
2021/07/08	15.51	15.61	15.13	15.27	3938217	60340036.00
2021/07/09	15.27	15.27	14.77	14.91	3498245	52243304.00
2021/07/12	14.94	15.49	14.82	15.47	3793792	57715352.00
2021/07/13	15.45	15.59	15.10	15.20	2597115	39561380.00
2021/07/14	15.15	15.45	14.94	15.25	2257867	34399632.00
2021/07/15	15.25	15.37	14.76	15.02	1646999	24693716.00
2021/07/16	15.34	15.35	14.86	14.90	1493685	22459150.00
2021/07/19	14.89	14.98	14.58	14.86	1505579	22166118.00
2021/07/20	14.86	15.12	14.62	15.05	1481172	21997278.00
2021/07/21	15.10	15.20	14.96	15.11	1391464	21004608.00
2021/07/22	15.08	15.19	14.90	15.02	982657	14747356.00
2021/07/23	15.02	15.10	14.61	14.64	1453662	21510816.00
2021/07/26	14.51	14.98	14.41	14.64	1465619	21490052.00
2021/07/27	14.68	14.88	14.46	14.46	1053974	15482163.00
2021/07/28	14.47	14.75	14.06	14.26	1191889	17202728.00
2021/07/29	14.50	14.63	14.08	14.23	1380496	19688080.00
2021/07/30	14.23	15.25	13.90	15.24	2978351	43743248.00
2021/08/02	15.19	15.19	14.85	15.12	1526041	22948236.00
2021/08/03	15.12	15.33	14.91	15.15	1504558	22746494.00
2021/08/04	15.35	15.60	14.89	15.06	2103928	31835984.00
2021/08/05	14.99	15.15	14.88	15.02	1033082	15499855.00
2021/08/06	15.62	15.62	15.10	15.44	3073950	47353052.00
2021/08/09	15.43	15.59	15.16	15.43	1701443	26179142.00
2021/08/10	15.35	15.75	15.27	15.62	2262009	35312404.00
2021/08/11	15.66	15.79	15.32	15.40	1987539	30753182.00
2021/08/12	15.40	15.60	15.20	15.25	1761584	27005320.00
2021/08/13	15.21	15.32	15.06	15.29	1211676	18423486.00
2021/08/16	15.29	15.29	14.98	15.16	1188038	17985292.00
2021/08/17	15.16	15.23	14.61	14.71	1367348	20372012.00
2021/08/18	14.65	14.84	14.43	14.60	1266865	18506228.00
2021/08/19	14.61	14.78	14.50	14.53	1103417	16131028.00
2021/08/20	14.55	14.57	14.26	14.34	1110103	15957281.00
2021/08/23	14.52	14.99	14.38	14.90	1626300	24035848.00
2021/08/24	14.85	15.08	14.63	14.74	1309196	19334960.00
2021/08/25	14.83	15.15	14.83	14.90	1539270	23119524.00
2021/08/26	14.86	14.91	14.46	14.51	1271428	18641840.00
2021/08/27	14.51	14.63	14.11	14.19	1687893	24089156.00
2021/08/30	14.38	15.61	14.38	15.42	8829737	135796384.00
2021/08/31	15.04	15.40	14.85	15.17	5121159	77171592.00
2021/09/01	15.67	16.69	15.33	16.69	9434418	152236704.00
2021/09/02	16.60	17.52	15.94	17.21	8951249	147205760.00
2021/09/03	16.95	17.00	16.34	16.41	5293115	87569200.00
2021/09/06	16.22	16.88	15.95	16.61	4911178	81593440.00
2021/09/07	16.78	17.98	16.61	17.51	4954919	86696096.00
2021/09/08	17.59	17.64	17.05	17.22	3041708	52368208.00
2021/09/09	17.30	17.77	17.10	17.23	3182090	55539912.00
2021/09/10	17.13	17.45	16.77	17.12	2848004	48588268.00
2021/09/13	17.10	17.85	16.91	17.54	3927981	69215920.00
2021/09/14	17.35	17.86	17.32	17.41	2909197	51284048.00
2021/09/15	17.00	17.85	16.88	17.54	2362120	41365932.00
2021/09/16	17.41	17.66	16.56	16.59	2908704	49327072.00
2021/09/17	17.02	17.38	16.93	17.07	2815809	48225904.00
2021/09/22	17.16	17.16	16.39	17.01	2243206	37594336.00
2021/09/23	16.95	17.31	16.82	17.06	1787700	30602272.00
2021/09/24	16.87	18.38	16.80	17.70	3879732	68800688.00
2021/09/27	18.02	18.59	16.47	16.54	4893145	85015936.00
2021/09/28	16.62	17.36	15.80	17.04	3607436	60663264.00
2021/09/29	17.06	17.06	16.05	16.28	2802204	45754500.00
2021/09/30	16.30	16.88	16.15	16.25	2936331	48186176.00
2021/10/08	16.54	17.88	16.41	17.88	7244235	128447728.00
2021/10/11	18.00	18.08	16.32	16.75	9627709	162202800.00
2021/10/12	16.51	17.99	16.42	17.28	8154454	141071312.00
2021/10/13	16.50	16.68	15.82	16.30	6131890	99363864.00
2021/10/14	16.22	16.79	16.07	16.52	3301703	54154584.00
2021/10/15	16.55	16.62	16.00	16.15	2658402	43133284.00
2021/10/18	16.14	16.24	15.83	16.09	2415624	38673348.00
2021/10/19	15.85	16.62	15.85	16.36	2171723	35488216.00
2021/10/20	16.60	17.03	16.31	16.84	2596017	43381800.00
2021/10/21	16.84	16.90	16.37	16.47	1732763	28697422.00
2021/10/22	16.70	16.70	16.00	16.15	2197417	35571248.00
2021/10/25	16.02	16.16	15.43	15.70	2189001	34395096.00
2021/10/26	15.70	15.90	15.51	15.81	1538229	24178502.00
2021/10/27	15.63	15.68	14.71	15.11	2835874	42632376.00
2021/10/28	15.40	15.40	14.41	14.65	3585109	52911832.00
2021/10/29	14.29	14.63	13.96	14.36	3919046	55830864.00
2021/11/01	14.35	14.40	13.70	13.93	7170230	99899648.00
2021/11/02	13.90	14.12	13.54	13.63	4137012	56914372.00
2021/11/03	13.60	13.99	13.58	13.92	2830478	39196228.00
2021/11/04	13.99	14.29	13.96	13.98	3092587	43604472.00
2021/11/05	14.05	14.30	13.70	14.18	3065761	43414984.00
2021/11/08	14.25	14.25	13.81	13.85	3058968	42470036.00
2021/11/09	13.88	14.18	13.81	14.10	2452254	34279448.00
2021/11/10	14.05	14.45	14.05	14.37	3062586	43695088.00
2021/11/11	14.32	14.54	14.25	14.45	2473159	35620244.00
2021/11/12	14.44	14.67	14.41	14.50	2316173	33690664.00
2021/11/15	14.50	14.78	14.50	14.70	1946396	28523094.00
2021/11/16	14.80	14.85	14.42	14.51	2170141	31607640.00
2021/11/17	14.51	14.71	14.47	14.67	1757763	25663396.00
2021/11/18	14.82	15.09	14.47	14.51	3173842	46868968.00
2021/11/19	14.50	14.70	14.31	14.62	2021075	29328716.00
2021/11/22	14.61	14.67	14.45	14.60	1739382	25330452.00
2021/11/23	14.60	14.66	14.46	14.61	1688680	24582148.00
2021/11/24	14.60	14.83	14.50	14.75	1888546	27707534.00
2021/11/25	14.75	14.79	14.60	14.63	1795785	26370114.00
2021/11/26	14.65	14.80	14.37	14.70	2409351	35088380.00
2021/11/29	14.53	14.53	14.24	14.35	2462981	35440220.00
2021/11/30	14.35	14.94	14.35	14.74	3156937	46230132.00
2021/12/01	14.70	15.15	14.57	15.00	2934111	43757024.00
2021/12/02	15.05	15.05	14.70	14.73	2214427	32786146.00
2021/12/03	14.70	14.84	14.60	14.78	2976948	43794132.00
2021/12/06	14.78	16.26	14.78	16.26	10395311	166476864.00
2021/12/07	16.50	16.79	15.58	15.80	15630158	249914176.00
2021/12/08	15.63	16.26	15.60	15.66	8202166	129872096.00
2021/12/09	15.53	15.92	15.32	15.85	7662327	119398680.00
2021/12/10	15.69	15.99	15.55	15.83	5362908	84605360.00
2021/12/13	15.83	15.90	15.50	15.64	4031265	63132928.00
2021/12/14	15.55	15.83	15.52	15.76	3280127	51454748.00
2021/12/15	15.87	16.60	15.80	16.13	7516218	121644384.00
2021/12/16	16.11	16.18	15.79	15.98	3865182	61695952.00
2021/12/17	15.95	16.32	15.90	16.00	4075041	65788408.00
2021/12/20	15.93	16.01	15.56	15.64	3238670	51015788.00
2021/12/21	15.78	15.81	15.53	15.78	2476900	38773956.00
2021/12/22	15.76	16.08	15.70	15.87	2683795	42793680.00
2021/12/23	16.50	16.68	15.58	15.63	4639457	73617744.00
2021/12/24	15.47	15.85	15.06	15.10	4278509	65635424.00
2021/12/27	15.07	15.22	14.82	15.09	2394424	35975320.00
2021/12/28	15.25	15.41	15.04	15.25	2554995	38898024.00
2021/12/29	15.24	15.44	15.10	15.25	2271488	34716400.00
2021/12/30	15.23	15.60	15.12	15.57	2614180	40357964.00
2021/12/31	15.58	15.63	15.36	15.50	1659579	25697788.00
2022/01/04	15.50	16.28	15.50	15.96	4231800	67799432.00
2022/01/05	15.96	16.14	15.70	15.88	2835300	44904424.00
2022/01/06	15.81	15.94	15.52	15.87	2239800	35222600.00
2022/01/07	15.89	15.99	15.37	15.37	2469600	38711016.00
2022/01/10	15.29	16.10	15.17	16.06	4337900	68574440.00
2022/01/11	16.06	16.19	15.75	15.83	2393925	38098700.00
2022/01/12	15.89	16.00	15.67	15.89	2530351	40000512.00
2022/01/13	16.10	16.26	15.83	15.91	3018088	48198096.00
2022/01/14	15.80	16.59	15.67	16.28	5074853	82531472.00
2022/01/17	16.51	16.91	16.20	16.76	5199300	86771392.00
2022/01/18	16.73	17.06	16.40	16.52	4784947	79914000.00
2022/01/19	16.51	16.86	16.33	16.86	3227520	53606532.00
2022/01/20	16.78	16.85	16.20	16.33	3230262	52953340.00
2022/01/21	16.31	16.58	16.08	16.29	2643295	43140056.00
2022/01/24	16.28	16.76	16.08	16.53	2949641	48575900.00
2022/01/25	16.30	16.49	15.43	15.45	3567304	56177352.00
2022/01/26	15.45	15.80	15.04	15.21	2494443	38281132.00
2022/01/27	15.16	15.49	14.22	14.33	3380637	49035344.00
2022/01/28	14.39	15.33	14.31	14.99	3691665	55082812.00
2022/02/07	14.76	15.13	14.30	14.50	4222688	61505112.00
2022/02/08	14.46	14.75	14.32	14.51	2625614	37963920.00
2022/02/09	14.51	15.07	14.48	14.88	4039215	59952536.00
2022/02/10	14.98	14.99	14.59	14.70	2678306	39474360.00
2022/02/11	14.71	14.72	14.26	14.31	2931236	42260632.00
2022/02/14	14.21	14.39	13.99	14.16	2003695	28396748.00
2022/02/15	14.12	14.35	13.99	14.15	2199575	31133688.00
2022/02/16	14.40	14.56	14.11	14.19	1909800	27193728.00
2022/02/17	14.19	14.20	13.76	13.92	2257435	31487856.00
2022/02/18	13.87	14.21	13.84	14.18	1864700	26203680.00
2022/02/21	14.21	15.27	14.07	14.71	4373253	64438924.00
2022/02/22	14.57	14.77	14.43	14.54	2272678	33050286.00
2022/02/23	14.44	14.83	14.42	14.74	2172130	31837478.00
2022/02/24	14.39	14.39	13.47	13.83	10440897	145761344.00
2022/02/25	13.84	13.96	13.73	13.78	5157088	71300976.00
2022/02/28	13.75	13.78	13.15	13.39	5884808	78470480.00
2022/03/01	13.40	13.77	13.40	13.66	4514137	61436964.00
2022/03/02	13.52	13.62	13.46	13.59	2663004	36058720.00
2022/03/03	13.63	13.63	13.24	13.34	4585289	61200788.00
2022/03/04	13.34	13.41	13.08	13.16	3943617	52099460.00
2022/03/07	13.09	13.14	12.88	12.98	2649753	34410488.00
2022/03/08	13.03	13.06	12.53	12.54	2835251	36107148.00
2022/03/09	12.64	12.69	11.86	12.31	3665811	45002464.00
2022/03/10	12.62	12.62	12.38	12.39	2435549	30412186.00
2022/03/11	12.30	12.60	12.07	12.56	2100700	25945870.00
2022/03/14	12.40	12.54	12.24	12.24	2277497	28183052.00
2022/03/15	12.18	12.23	11.50	11.53	4056672	48004392.00
2022/03/16	11.62	12.07	11.18	11.98	3908677	45383708.00
2022/03/17	12.10	12.35	11.97	12.05	2946497	35783316.00
2022/03/18	12.02	12.34	11.95	12.27	2725185	33220236.00
2022/03/21	12.31	12.34	12.02	12.20	2471246	30095016.00
2022/03/22	12.13	12.23	11.97	12.08	2095326	25316062.00
2022/03/23	12.13	12.20	12.02	12.14	1906500	23071124.00
2022/03/24	12.10	12.14	11.82	11.90	1723948	20529624.00
2022/03/25	11.94	12.24	11.87	11.87	2045915	24664280.00
2022/03/28	11.81	12.09	11.61	11.96	2026604	24093208.00
2022/03/29	11.96	12.00	11.58	11.63	2497491	29211792.00
2022/03/30	11.63	11.80	11.60	11.75	1379004	16149538.00
2022/03/31	11.70	12.04	11.67	11.88	1606500	19165078.00
2022/04/01	11.88	11.97	11.70	11.96	1750563	20712500.00
2022/04/06	11.96	12.26	11.89	12.12	1768478	21464196.00
2022/04/07	12.14	12.14	11.76	11.76	2349879	27901376.00
2022/04/08	11.76	11.89	11.45	11.62	2214625	25658984.00
2022/04/11	11.58	11.58	11.00	11.23	3236446	36304568.00
2022/04/12	11.03	11.74	11.02	11.58	3273300	37382712.00
2022/04/13	11.50	11.56	11.18	11.25	2707500	30624224.00
2022/04/14	11.28	11.39	11.13	11.23	1643300	18441632.00
2022/04/15	11.15	11.15	10.88	10.95	1619700	17762866.00
2022/04/18	10.93	11.12	10.69	10.97	1651898	18032844.00
2022/04/19	11.00	11.13	10.86	10.95	1228183	13485683.00
2022/04/20	10.96	11.24	10.94	11.03	1607295	17834672.00
2022/04/21	11.03	11.03	10.62	10.70	1651500	17779358.00
2022/04/22	10.86	10.96	10.49	10.81	2251500	24112460.00
2022/04/25	10.59	10.62	10.06	10.11	2950039	30488834.00
2022/04/26	10.13	10.15	9.53	9.57	3150409	30742154.00
2022/04/27	9.42	9.56	8.98	9.53	2612570	24180724.00
2022/04/28	10.00	10.48	9.81	10.09	6268386	63577944.00
2022/04/29	9.98	10.30	9.88	10.24	4377987	44226400.00
2022/05/05	10.16	10.54	10.16	10.25	3971197	41094568.00
2022/05/06	10.04	10.69	9.90	10.60	4895665	50630576.00
2022/05/09	10.40	10.85	10.26	10.57	4194826	44408056.00
2022/05/10	10.43	10.73	10.32	10.65	2757397	29184984.00
2022/05/11	10.65	10.87	10.52	10.52	3629200	38986348.00
2022/05/12	10.50	10.74	10.46	10.65	2239369	23782118.00
2022/05/13	10.76	10.78	10.56	10.64	1627100	17310848.00
2022/05/16	10.68	10.80	10.63	10.76	1999990	21414560.00
2022/05/17	10.65	10.75	10.45	10.57	1805600	19057446.00
2022/05/18	10.63	10.78	10.56	10.61	2118790	22615536.00
2022/05/19	10.45	10.57	10.35	10.54	1627722	17038242.00
2022/05/20	10.62	10.75	10.48	10.75	2307400	24523772.00
2022/05/23	10.75	11.05	10.70	10.99	2598502	28342332.00
2022/05/24	10.99	11.08	10.42	10.44	3111586	33336514.00
2022/05/25	10.34	10.73	10.33	10.59	1711669	18124292.00
2022/05/26	10.59	10.79	10.38	10.73	2186909	23173552.00
2022/05/27	10.85	10.87	10.61	10.73	1842900	19786594.00
2022/05/30	10.79	10.86	10.60	10.83	1495299	16119483.00
2022/05/31	10.83	10.95	10.64	10.92	2157662	23332580.00
2022/06/01	10.93	11.16	10.82	11.16	3199477	35411888.00
2022/06/02	11.17	11.28	10.98	11.23	2261096	25185354.00
2022/06/06	11.29	11.46	11.25	11.37	2801098	31870836.00
2022/06/07	11.31	11.40	11.16	11.31	1958811	22087848.00
2022/06/08	11.31	11.55	11.19	11.54	3265629	37172000.00
2022/06/09	11.39	11.40	11.00	11.07	3099700	34614372.00
2022/06/10	10.97	11.25	10.83	11.22	1440665	16067325.00
2022/06/13	11.12	11.33	11.05	11.32	2449400	27551592.00
2022/06/14	11.26	11.37	11.00	11.30	2364400	26431460.00
2022/06/15	11.35	11.45	11.26	11.27	2368120	26897660.00
2022/06/16	11.34	11.54	11.29	11.33	2433400	27727174.00
2022/06/17	11.20	11.43	11.11	11.34	2330900	26340508.00
2022/06/20	11.35	11.42	11.24	11.37	1925400	21808792.00
2022/06/21	11.38	11.73	11.31	11.58	3451854	39817112.00
2022/06/22	11.61	11.63	11.24	11.29	2634494	29959630.00
2022/06/23	11.40	11.59	11.33	11.59	2909391	33397448.00
2022/06/24	11.54	11.98	11.54	11.95	4708006	55835676.00
2022/06/27	11.95	11.96	11.75	11.86	3287964	38885556.00
2022/06/28	11.80	12.10	11.71	12.10	3808736	45503936.00
2022/06/29	12.03	12.18	11.87	11.97	3713688	44569184.00
2022/06/30	12.00	12.11	11.86	11.92	2976107	35607960.00
2022/07/01	12.10	12.13	11.86	11.90	2977555	35591208.00
2022/07/04	12.10	12.38	11.99	12.07	5121178	62244188.00
2022/07/05	12.01	12.15	11.62	11.79	4160815	49074576.00
2022/07/06	11.74	11.91	11.65	11.73	2680397	31595184.00
2022/07/07	11.78	11.93	11.64	11.66	2472215	29053852.00
2022/07/08	11.70	12.06	11.69	11.79	3101530	36920512.00
2022/07/11	11.75	11.75	11.31	11.44	3544736	40599556.00
2022/07/12	11.43	11.55	11.19	11.19	2376000	26891380.00
2022/07/13	11.22	11.45	11.06	11.44	1606504	18227984.00
2022/07/14	11.46	11.59	11.22	11.57	1805442	20694496.00
2022/07/15	11.50	11.57	11.20	11.23	2268307	25698172.00
2022/07/18	11.26	11.61	11.16	11.56	2307900	26472200.00
2022/07/19	11.61	12.72	11.55	12.72	10039823	125384480.00
2022/07/20	13.70	13.99	12.91	13.12	30222146	409106656.00
2022/07/21	12.85	13.49	12.72	13.20	19534766	256745008.00
2022/07/22	13.06	13.16	12.73	12.73	11289255	145290528.00
2022/07/25	12.85	13.12	12.75	13.02	9332152	120925752.00
2022/07/26	12.81	13.02	12.57	12.89	8440148	107666832.00
2022/07/27	12.83	13.08	12.73	13.05	7392153	95791360.00
2022/07/28	13.30	13.30	12.83	12.86	7467696	96970560.00
2022/07/29	12.86	13.08	12.68	12.75	4815020	61764096.00
2022/08/01	12.73	12.99	12.69	12.82	5412428	69502280.00
2022/08/02	12.58	12.64	11.98	12.14	7129998	87469056.00
2022/08/03	11.84	12.48	11.73	12.04	5672258	69469736.00
2022/08/04	12.10	12.38	12.05	12.24	3057505	37263800.00
2022/08/05	12.26	12.52	12.25	12.46	3965147	49187740.00
2022/08/08	12.31	12.59	12.29	12.56	4023712	49959784.00
2022/08/09	12.58	12.99	12.48	12.66	6421421	81765376.00
2022/08/10	12.49	12.78	12.41	12.69	4325300	54815048.00
2022/08/11	12.75	12.79	12.63	12.66	3599200	45691764.00
2022/08/12	12.63	12.70	12.47	12.47	3553500	44762096.00
2022/08/15	12.60	12.61	12.18	12.35	3287800	40396080.00
2022/08/16	12.38	12.41	12.17	12.26	3011245	36919508.00
2022/08/17	12.28	12.63	12.23	12.58	4225400	52622792.00
2022/08/18	12.53	12.74	12.27	12.74	4981389	62176360.00
2022/08/19	12.73	12.85	12.18	12.19	5375130	66944144.00
2022/08/22	12.12	12.36	11.94	12.08	3381714	41077344.00
2022/08/23	12.06	12.32	11.93	12.17	3372472	40994128.00
2022/08/24	12.27	12.27	11.56	11.56	4440537	52429480.00
2022/08/25	11.56	11.77	11.16	11.33	3214173	36414148.00
2022/08/26	11.34	11.52	11.15	11.17	2515509	28397862.00
2022/08/29	11.01	11.20	10.83	11.16	1965893	21758076.00
2022/08/30	11.24	11.35	11.04	11.18	1863289	20821840.00
2022/08/31	11.18	11.18	10.83	10.86	2352477	25754684.00
2022/09/01	10.98	11.08	10.74	10.77	1959117	21406724.00
2022/09/02	10.95	11.07	10.80	11.04	2152869	23650388.00
2022/09/05	11.04	11.15	10.94	11.15	1835869	20306992.00
2022/09/06	11.15	11.17	11.05	11.16	1573318	17500684.00
2022/09/07	11.18	11.26	11.09	11.23	1568800	17533306.00
2022/09/08	11.26	11.27	11.01	11.03	1373374	15242129.00
2022/09/09	11.03	11.12	10.93	11.03	1107038	12201676.00
2022/09/13	11.00	11.21	11.00	11.11	1382160	15366870.00
2022/09/14	11.00	11.20	10.90	11.15	1546699	17115772.00
2022/09/15	11.15	11.20	10.70	10.86	2142942	23315980.00
2022/09/16	10.80	11.18	10.76	10.88	2625598	28654500.00
2022/09/19	10.90	11.30	10.50	11.30	5504876	60439444.00
2022/09/20	11.42	11.47	11.17	11.32	3923335	44421536.00
2022/09/21	11.34	11.47	10.77	11.23	2349435	26145840.00
2022/09/22	11.18	12.35	11.02	12.35	9190286	109832984.00
2022/09/23	12.58	12.68	11.77	11.91	11651130	140516608.00
2022/09/26	11.80	11.98	11.63	11.93	5504478	64955888.00
2022/09/27	11.92	12.30	11.72	12.05	7560626	90633704.00
2022/09/28	12.01	12.01	11.45	11.65	5500179	64249240.00
2022/09/29	11.70	12.10	11.40	11.68	5914485	69446416.00
2022/09/30	11.75	12.80	11.68	11.78	7821571	93547416.00
2022/10/10	11.79	11.79	10.60	10.64	7081553	77004128.00
2022/10/11	10.22	10.49	10.05	10.12	5425124	55340568.00
2022/10/12	10.01	11.13	9.91	11.13	7520559	82020536.00
2022/10/13	11.63	12.24	11.58	12.24	21773981	263676000.00
2022/10/14	12.06	12.58	11.90	12.28	20533492	251130288.00
2022/10/17	12.28	12.58	12.17	12.43	12633621	157014160.00
2022/10/18	12.42	12.56	12.07	12.50	10282708	127312976.00
2022/10/19	12.43	13.06	12.11	12.79	15192689	191336176.00
2022/10/20	12.78	13.67	12.54	12.55	18689716	242386240.00
2022/10/21	12.63	13.13	12.21	12.90	13402252	169330512.00
2022/10/24	12.80	12.94	12.40	12.40	8322377	105239512.00
2022/10/25	12.39	12.61	12.08	12.42	6935237	85670552.00
2022/10/26	12.60	13.16	12.54	13.09	11961132	154766832.00
2022/10/27	12.98	13.59	12.89	13.40	14164226	187354144.00
2022/10/28	13.20	13.39	12.80	12.98	9229816	120500000.00
2022/10/31	12.98	14.28	12.80	14.28	20979779	288483904.00
2022/11/01	14.17	15.31	13.79	14.39	20159664	290436032.00
2022/11/02	14.35	14.70	13.98	14.45	11549439	164704448.00
2022/11/03	14.00	14.28	13.72	13.83	9566580	133660144.00
2022/11/04	13.89	14.18	13.68	14.18	8388543	116889504.00
2022/11/07	14.14	14.63	13.80	14.06	6573500	92783456.00
2022/11/08	13.93	14.75	13.55	14.70	10413669	148461120.00
2022/11/09	14.49	14.60	14.20	14.35	6976434	100375456.00
2022/11/10	14.33	14.55	14.13	14.49	5842585	84072864.00
2022/11/11	14.71	14.74	13.85	13.94	9764485	139560832.00
2022/11/14	13.87	14.51	13.65	14.51	7409933	105117312.00
2022/11/15	14.21	15.30	14.21	15.11	12946584	192000912.00
2022/11/16	14.88	15.73	14.87	15.24	8934213	136695456.00
2022/11/17	15.13	16.76	15.13	16.76	14350479	231149024.00
2022/11/18	17.00	17.59	16.11	16.26	15544357	259970240.00
2022/11/21	16.33	16.64	16.01	16.57	8758809	143254096.00
2022/11/22	16.19	16.72	16.05	16.22	7256300	118743096.00
2022/11/23	16.18	16.39	15.65	16.16	5024230	80082320.00
2022/11/24	16.13	16.25	15.69	15.96	3932791	62653600.00
2022/11/25	15.88	15.95	15.35	15.38	3948742	61284544.00
2022/11/28	15.11	15.61	14.96	15.23	3789328	57738280.00
2022/11/29	15.15	15.40	14.72	14.74	6257593	93541256.00
2022/11/30	14.88	14.98	14.48	14.65	3545800	51827228.00
2022/12/01	14.66	15.70	14.60	15.52	7898785	119717000.00
2022/12/02	15.30	16.32	15.30	15.72	6791400	108474736.00
2022/12/05	15.80	16.05	15.35	15.53	4607821	72036792.00
2022/12/06	15.40	16.00	15.20	15.89	5183893	81079928.00
2022/12/07	15.80	15.84	15.40	15.65	2679147	41765864.00
2022/12/08	15.59	15.98	15.34	15.89	3678330	57970360.00
2022/12/09	15.98	15.98	15.35	15.40	3334022	51774964.00
2022/12/12	15.20	16.09	15.19	15.93	3879270	61055836.00
2022/12/13	16.03	16.03	15.40	15.66	2400810	37452332.00
2022/12/14	15.60	15.91	15.40	15.44	2064400	32322640.00
2022/12/15	15.48	16.08	15.44	15.66	2996319	47454424.00
2022/12/16	15.50	15.63	14.32	14.53	5331215	78816536.00
2022/12/19	14.63	14.73	14.25	14.36	2428438	35055904.00
2022/12/20	14.32	14.68	14.29	14.38	1776762	25719964.00
2022/12/21	14.24	14.47	14.20	14.24	1141000	16333793.00
2022/12/22	14.11	14.39	13.78	13.93	2598647	36393656.00
2022/12/23	13.96	14.51	13.61	14.30	2788110	39760496.00
2022/12/26	14.11	14.96	14.05	14.90	3260860	47733432.00
2022/12/27	14.98	15.10	14.48	14.90	2261700	33454668.00
2022/12/28	14.94	14.94	14.45	14.59	1300325	19073480.00
2022/12/29	14.76	15.53	14.44	15.22	3513440	53311856.00
2022/12/30	15.24	15.63	15.02	15.21	1696800	25936416.00
2023/01/03	15.21	16.73	15.20	16.73	5399037	88081008.00
2023/01/04	17.03	17.17	16.51	16.89	6834300	115071176.00
2023/01/05	16.76	17.09	16.60	16.97	4891562	82609552.00
2023/01/06	16.88	17.00	16.65	16.70	2649119	44531472.00
2023/01/09	16.71	17.38	16.71	17.00	4282069	73058648.00
2023/01/10	16.91	17.34	16.73	17.05	2505577	42862644.00
2023/01/11	17.28	17.28	16.51	16.70	3073526	51845696.00
2023/01/12	16.77	16.96	16.40	16.73	2728300	45485880.00
2023/01/13	16.64	16.97	16.37	16.51	1458545	24114152.00
2023/01/16	16.51	17.13	16.40	16.82	2428820	40954536.00
2023/01/17	16.80	17.05	16.59	16.95	2258800	37961560.00
2023/01/18	16.83	18.38	16.78	17.65	6206726	110357568.00
2023/01/19	17.50	18.00	17.42	17.92	4342916	77192360.00
2023/01/20	18.73	18.73	17.78	17.95	4882630	88312024.00
2023/01/30	18.15	18.15	17.38	17.42	4498600	79112648.00
2023/01/31	17.52	18.00	17.27	17.73	3996659	70530176.00
2023/02/01	17.87	17.91	17.10	17.89	4534995	79972016.00
2023/02/02	17.85	18.50	17.62	17.99	3546643	64254092.00
2023/02/03	17.97	18.32	17.80	18.19	3301368	59759480.00
2023/02/06	18.17	18.48	17.85	18.18	3319100	60366912.00
2023/02/07	18.00	18.24	17.51	17.70	5077677	90516560.00
2023/02/08	17.56	17.85	17.28	17.66	3347172	58708628.00
2023/02/09	17.43	18.08	17.26	18.05	2641924	46780436.00
2023/02/10	17.92	18.12	17.65	17.69	2258200	40185492.00
数据来源:通达信
