688367 工大高科 日线 不复权
      日期	    开盘	    最高	    最低	    收盘	    成交量	    成交额
2021/06/28	25.85	29.89	23.92	24.00	14146109	370290528.00
2021/06/29	24.00	24.00	21.85	22.38	8164714	183226736.00
2021/06/30	22.36	22.36	21.42	21.57	4601657	100179384.00
2021/07/01	21.49	21.80	21.14	21.20	2904607	62416364.00
2021/07/02	21.28	22.52	20.57	21.82	4838403	103515272.00
2021/07/05	22.08	26.18	22.03	26.18	9615286	234705296.00
2021/07/06	28.30	29.65	26.00	27.29	10688458	297693152.00
2021/07/07	26.65	27.00	24.55	26.16	5674118	146317152.00
2021/07/08	26.88	27.80	25.50	27.21	6438350	172472208.00
2021/07/09	26.88	26.88	25.12	25.20	4027750	103298976.00
2021/07/12	25.18	25.18	23.70	24.39	3609830	87165488.00
2021/07/13	24.30	24.30	23.21	23.65	2506287	59245520.00
2021/07/14	23.36	23.88	23.16	23.57	1840498	43463600.00
2021/07/15	23.54	23.65	21.90	22.45	1976855	44497124.00
2021/07/16	22.20	22.53	22.00	22.19	1214730	26965322.00
2021/07/19	22.46	23.02	22.16	22.88	1652151	37287824.00
2021/07/20	22.87	23.00	22.22	22.51	1191766	26696132.00
2021/07/21	22.50	22.60	21.80	22.00	2151067	47402160.00
2021/07/22	21.80	22.09	21.50	21.61	1556505	33802052.00
2021/07/23	21.33	22.02	21.33	21.68	1152252	25065970.00
2021/07/26	21.65	21.65	20.82	20.89	1426098	30070986.00
2021/07/27	20.95	21.88	20.84	21.36	1625681	34945960.00
2021/07/28	21.20	21.31	20.00	20.36	1111353	22903046.00
2021/07/29	20.60	21.25	20.50	20.77	797432	16649226.00
2021/07/30	21.12	21.12	20.29	20.77	1332596	27453134.00
2021/08/02	21.04	22.36	20.75	22.03	1851139	39874248.00
2021/08/03	21.80	22.61	21.58	21.62	1472262	32283206.00
2021/08/04	21.11	22.00	21.11	21.72	1307055	28229244.00
2021/08/05	21.60	21.86	21.20	21.20	1042036	22469238.00
2021/08/06	21.32	21.58	21.10	21.34	744688	15889582.00
2021/08/09	21.39	24.80	21.36	24.30	5567717	131131768.00
2021/08/10	23.53	25.86	23.39	24.42	3669454	90632176.00
2021/08/11	24.48	24.68	23.52	23.80	1852159	44290996.00
2021/08/12	23.72	24.70	23.30	24.13	1540363	37080860.00
2021/08/13	24.13	24.79	23.91	24.52	1245527	30363400.00
2021/08/16	24.58	24.58	22.67	22.67	2450057	57156832.00
2021/08/17	22.90	23.35	22.20	22.54	1357481	30945162.00
2021/08/18	22.70	22.74	21.58	22.25	1774076	38927864.00
2021/08/19	22.49	22.50	21.48	21.48	1197544	26139310.00
2021/08/20	21.51	21.68	20.93	21.10	1075638	22755668.00
2021/08/23	21.10	21.87	21.10	21.59	1241002	26766100.00
2021/08/24	21.92	22.22	21.71	21.96	1022836	22406988.00
2021/08/25	22.33	22.39	21.78	22.20	1071662	23645802.00
2021/08/26	22.20	22.53	22.08	22.14	1074049	23921244.00
2021/08/27	22.14	22.26	21.30	21.53	1004855	21769092.00
2021/08/30	21.50	22.33	21.25	21.70	981977	21465818.00
2021/08/31	21.69	22.04	21.36	21.63	824976	17830668.00
2021/09/01	21.50	21.85	20.90	21.52	958532	20510856.00
2021/09/02	21.30	21.96	21.30	21.88	1123093	24424902.00
2021/09/03	22.60	23.54	21.92	22.03	2072202	46802232.00
2021/09/06	22.08	22.72	21.91	22.45	1615182	36112592.00
2021/09/07	22.89	23.20	22.29	22.49	1294953	29350954.00
2021/09/08	23.00	23.86	22.74	23.07	3523532	81797792.00
2021/09/09	23.00	23.79	22.50	23.43	3262059	75956504.00
2021/09/10	23.08	23.40	22.53	22.72	1701861	38835172.00
2021/09/13	22.70	22.96	22.17	22.35	1333600	30014512.00
2021/09/14	22.28	22.50	21.86	21.94	906067	20102396.00
2021/09/15	22.10	22.80	21.92	22.54	1179153	26463346.00
2021/09/16	22.52	22.78	22.08	22.20	685509	15292992.00
2021/09/17	22.32	22.33	21.23	21.44	1137638	24502964.00
2021/09/22	21.37	21.57	20.87	21.16	995289	21051210.00
2021/09/23	21.16	21.50	21.16	21.43	551612	11785963.00
2021/09/24	21.45	21.51	21.04	21.05	526908	11207575.00
2021/09/27	21.40	21.40	20.00	20.37	921807	18906584.00
2021/09/28	20.37	20.37	20.02	20.15	431550	8687224.00
2021/09/29	20.00	20.26	19.30	19.36	756678	14811972.00
2021/09/30	19.58	19.69	19.47	19.59	331976	6490336.00
2021/10/08	19.90	20.15	19.80	19.91	281186	5606598.00
2021/10/11	20.15	20.25	19.86	20.03	263163	5271661.00
2021/10/12	20.35	20.35	19.49	19.85	404384	7984990.00
2021/10/13	20.15	20.15	19.63	19.92	212484	4218412.00
2021/10/14	20.02	20.11	19.60	20.07	248846	4971149.00
2021/10/15	20.25	20.26	19.70	20.03	422649	8467730.00
2021/10/18	20.48	20.48	19.86	20.18	256051	5160142.00
2021/10/19	19.86	20.34	19.86	20.00	189617	3797585.00
2021/10/20	19.80	20.93	19.80	20.70	1105577	22819616.00
2021/10/21	20.66	20.66	19.81	20.00	681054	13732358.00
2021/10/22	20.09	20.30	19.84	19.98	388608	7816718.00
2021/10/25	20.50	20.88	20.10	20.84	980359	20193420.00
2021/10/26	20.87	20.89	20.42	20.47	276030	5675319.00
2021/10/27	20.51	20.51	19.75	19.86	338943	6765499.00
2021/10/28	20.00	20.00	19.31	19.36	445800	8754820.00
2021/10/29	19.48	19.68	19.40	19.64	137830	2695686.00
2021/11/01	19.64	20.18	19.64	19.70	536934	10675209.00
2021/11/02	19.72	20.10	18.88	19.00	802382	15463595.00
2021/11/03	19.20	19.20	18.72	19.04	261026	4958412.00
2021/11/04	18.62	19.23	18.53	19.11	721895	13591047.00
2021/11/05	19.01	19.17	18.65	18.96	609181	11516881.00
2021/11/08	18.70	19.23	18.70	19.00	303397	5727133.00
2021/11/09	19.05	19.33	19.00	19.26	620662	11898832.00
2021/11/10	19.20	19.50	19.09	19.39	394784	7602339.00
2021/11/11	19.34	20.07	19.34	19.84	771393	15242220.00
2021/11/12	20.06	20.39	19.72	20.25	613107	12316913.00
2021/11/15	20.47	20.94	20.21	20.67	1092224	22575436.00
2021/11/16	20.81	20.90	20.35	20.40	659834	13546601.00
2021/11/17	20.34	21.07	20.34	20.81	614050	12773291.00
2021/11/18	20.99	21.31	20.67	20.72	1154338	24240408.00
2021/11/19	20.79	21.30	20.78	21.30	852552	18001500.00
2021/11/22	21.40	21.42	21.07	21.33	586399	12440647.00
2021/11/23	21.26	21.46	20.89	20.98	886499	18739174.00
2021/11/24	21.24	21.25	20.93	21.10	674835	14252113.00
2021/11/25	21.28	21.58	21.10	21.36	846231	18054518.00
2021/11/26	21.38	21.51	21.00	21.22	630717	13331403.00
2021/11/29	20.78	21.70	20.78	21.46	672737	14370827.00
2021/11/30	21.53	22.22	21.46	21.90	1018629	22370304.00
2021/12/01	21.70	22.45	21.70	22.32	941638	20899548.00
2021/12/02	22.53	26.21	22.47	23.76	4630176	112305632.00
2021/12/03	23.63	25.89	23.63	25.38	3012847	75438544.00
2021/12/06	25.30	26.66	24.87	25.05	2934435	74617512.00
2021/12/07	25.41	25.77	24.00	24.35	1772206	43670560.00
2021/12/08	24.40	24.55	23.19	24.22	1065491	25699488.00
2021/12/09	24.33	25.62	24.22	25.05	1435937	35879084.00
2021/12/10	25.25	25.29	24.70	24.77	610605	15181041.00
2021/12/13	24.92	25.01	23.30	24.30	1398161	33789244.00
2021/12/14	24.46	27.45	24.20	26.75	2341057	61652648.00
2021/12/15	26.80	27.42	25.50	25.65	1042587	27179506.00
2021/12/16	25.86	26.18	24.81	25.90	1117783	28532348.00
2021/12/17	26.00	26.59	24.80	24.80	627299	15818688.00
2021/12/20	24.76	24.87	22.73	23.09	1825280	43089460.00
2021/12/21	22.95	23.53	22.80	22.95	774881	17909196.00
2021/12/22	22.85	24.32	22.85	23.60	888302	21178140.00
2021/12/23	23.30	24.09	23.15	23.64	802502	18907716.00
2021/12/24	23.41	24.02	22.56	23.07	949284	21846478.00
2021/12/27	23.01	23.58	22.51	23.15	1492976	34244736.00
2021/12/28	22.90	23.79	22.52	23.09	3469857	80264440.00
2021/12/29	23.80	24.99	23.20	24.29	3598301	86421016.00
2021/12/30	24.56	26.00	23.81	25.50	3819277	96531880.00
2021/12/31	25.10	26.19	24.60	24.97	2140753	53690936.00
2022/01/04	25.61	26.80	24.92	26.20	2921745	75840016.00
2022/01/05	26.00	28.27	25.65	26.09	3035177	80699352.00
2022/01/06	25.40	27.77	25.40	26.85	1668446	44802192.00
2022/01/07	27.10	27.30	25.52	25.99	1707015	44880400.00
2022/01/10	25.40	26.38	24.76	24.88	1490873	37384384.00
2022/01/11	24.89	25.47	24.60	25.04	1568992	39017032.00
2022/01/12	24.93	26.55	24.93	25.86	1401365	36240824.00
2022/01/13	26.55	27.67	25.36	26.50	1993284	52749132.00
2022/01/14	26.52	27.54	26.15	27.21	2037385	54994988.00
2022/01/17	26.95	29.22	26.50	28.85	2114004	58995204.00
2022/01/18	29.10	30.89	27.93	28.76	2373176	68707920.00
2022/01/19	28.00	31.31	28.00	30.61	2455070	74481440.00
2022/01/20	30.50	30.50	28.60	29.27	1479708	43479904.00
2022/01/21	29.25	29.25	26.78	27.49	1822915	50474524.00
2022/01/24	27.32	28.78	27.10	28.13	917949	25789476.00
2022/01/25	28.70	28.70	25.60	25.60	1193185	31676244.00
2022/01/26	26.00	26.64	25.60	26.07	710654	18605772.00
2022/01/27	26.68	26.68	24.69	25.02	1016121	25713330.00
2022/01/28	25.00	26.78	24.84	25.26	632086	16123934.00
2022/02/07	25.60	26.18	25.20	25.35	703976	18050636.00
2022/02/08	25.76	25.80	24.81	25.01	593802	14920558.00
2022/02/09	25.03	26.47	24.75	25.98	882998	22721526.00
2022/02/10	25.98	26.23	25.05	25.50	766885	19570232.00
2022/02/11	25.40	25.60	23.14	23.33	1661890	39755640.00
2022/02/14	23.00	24.20	22.50	23.01	1271406	29644164.00
2022/02/15	23.66	23.66	22.13	22.39	939071	21265674.00
2022/02/16	22.61	23.93	22.30	23.51	1314068	30609888.00
2022/02/17	23.73	24.10	22.51	23.01	1207791	28010360.00
2022/02/18	22.60	23.26	22.22	22.88	723185	16392805.00
2022/02/21	23.33	23.58	22.84	23.15	705108	16411424.00
2022/02/22	23.16	23.30	22.25	22.64	1626974	37152068.00
2022/02/23	23.48	23.48	22.40	22.88	683969	15695311.00
2022/02/24	22.74	25.16	22.63	23.78	2317307	54817672.00
2022/02/25	23.55	24.44	23.20	23.67	1397929	33025476.00
2022/02/28	23.90	24.10	22.28	23.43	1608200	37167168.00
2022/03/01	23.20	23.97	23.20	23.35	969840	22843436.00
2022/03/02	23.01	23.27	22.75	23.03	976121	22425604.00
2022/03/03	23.19	23.75	22.75	22.86	655735	15212849.00
2022/03/04	22.89	23.36	22.60	22.93	773083	17818524.00
2022/03/07	22.93	23.30	22.42	22.56	368199	8336207.00
2022/03/08	22.56	23.52	21.62	23.12	1098938	24791620.00
2022/03/09	23.13	23.44	21.99	22.43	773460	17458334.00
2022/03/10	22.98	23.23	22.22	22.27	486814	11019046.00
2022/03/11	22.19	22.19	20.80	21.70	894079	19013976.00
2022/03/14	22.21	22.48	20.97	21.86	755965	16675665.00
2022/03/15	21.60	21.79	20.83	20.83	643528	13729809.00
2022/03/16	21.00	21.49	20.62	21.28	517442	10958438.00
2022/03/17	21.30	22.24	21.20	21.51	407424	8830008.00
2022/03/18	22.08	22.09	21.30	21.51	347631	7479227.00
2022/03/21	21.51	22.38	21.40	22.07	489164	10791012.00
2022/03/22	22.15	22.60	21.70	22.23	405284	9024575.00
2022/03/23	22.02	22.65	21.90	22.29	383507	8535479.00
2022/03/24	22.30	22.30	21.42	21.52	424034	9186366.00
2022/03/25	21.52	21.67	21.10	21.14	422856	9002093.00
2022/03/28	21.13	21.23	20.67	20.94	341453	7115693.00
2022/03/29	20.94	21.13	20.58	20.90	209168	4342587.00
2022/03/30	21.11	21.28	20.63	21.01	330319	6942670.00
2022/03/31	21.13	21.25	20.74	20.93	359084	7533355.00
2022/04/01	20.71	20.83	20.07	20.38	365741	7466712.00
2022/04/06	20.38	20.89	19.23	20.54	260180	5338851.00
2022/04/07	20.24	20.54	19.73	19.74	497496	9952856.00
2022/04/08	20.06	20.06	19.36	19.49	346741	6784118.00
2022/04/11	19.40	19.40	18.63	18.65	394637	7478769.00
2022/04/12	18.65	19.08	18.50	18.78	492749	9230075.00
2022/04/13	18.78	18.84	18.11	18.22	548044	10132392.00
2022/04/14	18.48	18.69	18.30	18.48	256655	4749851.00
2022/04/15	18.52	19.24	18.10	18.60	465711	8671153.00
2022/04/18	19.01	19.15	18.01	19.12	364265	6834822.00
2022/04/19	19.14	19.43	18.59	18.80	216312	4125554.00
2022/04/20	18.53	19.05	18.43	18.63	239990	4458217.00
2022/04/21	18.32	18.65	17.89	17.92	357590	6502813.00
2022/04/22	17.92	18.52	17.62	18.21	412375	7520779.00
2022/04/25	17.81	17.98	16.56	16.73	542532	9372206.00
2022/04/26	16.11	17.61	16.11	16.85	436559	7427331.00
2022/04/27	16.90	18.99	16.90	18.54	1345330	24155862.00
2022/04/28	18.56	18.57	17.61	18.03	427456	7685683.00
2022/04/29	18.26	18.83	17.62	18.68	1060687	19200628.00
2022/05/05	18.50	19.68	18.32	19.37	1014106	19500040.00
2022/05/06	19.22	19.49	18.72	19.34	553479	10632663.00
2022/05/09	19.34	19.34	18.75	18.88	463789	8808068.00
2022/05/10	18.88	19.80	18.57	19.78	518252	10028568.00
2022/05/11	19.79	20.38	19.59	19.76	684720	13661198.00
2022/05/12	19.75	20.00	19.33	19.86	273207	5395854.00
2022/05/13	19.61	19.66	19.21	19.33	275424	5339833.00
2022/05/16	19.35	19.80	18.70	18.79	384256	7312233.00
2022/05/17	18.71	19.15	18.54	19.06	354664	6668306.00
2022/05/18	19.18	19.58	19.10	19.32	369973	7162666.00
2022/05/19	19.40	19.40	19.00	19.33	231204	4443878.00
2022/05/20	19.30	19.72	19.20	19.40	300128	5822658.00
2022/05/23	19.54	19.79	19.09	19.28	676282	13129449.00
2022/05/24	19.50	20.32	18.79	18.79	870856	17009540.00
2022/05/25	18.80	18.88	18.32	18.71	294342	5488740.00
2022/05/26	18.50	19.18	18.15	18.27	394015	7306935.00
2022/05/27	18.22	18.58	18.22	18.28	321105	5900712.00
2022/05/30	18.41	18.73	18.05	18.19	292475	5320012.00
2022/05/31	18.11	18.99	17.78	18.69	644734	11850246.00
2022/06/01	18.56	22.43	18.56	22.01	3854268	81557264.00
2022/06/02	21.89	22.63	19.81	22.09	3369995	70226592.00
2022/06/06	21.32	23.46	21.05	22.71	3795139	84561216.00
2022/06/07	22.13	22.63	21.30	21.76	1980151	43251912.00
2022/06/08	22.21	22.21	20.64	21.24	1361384	28932932.00
2022/06/09	21.48	21.52	20.24	20.52	852569	17532316.00
2022/06/10	20.31	20.80	20.29	20.60	654316	13470231.00
2022/06/13	20.78	21.19	20.24	20.56	621715	12876727.00
2022/06/14	20.38	20.38	19.53	20.08	665663	13235017.00
2022/06/15	20.00	20.55	19.80	19.92	827712	16781092.00
2022/06/16	19.93	20.65	19.93	20.37	520530	10609203.00
2022/06/17	20.26	20.78	20.03	20.48	726180	14860196.00
2022/06/20	20.48	21.28	20.20	21.00	764821	15983332.00
2022/06/21	20.80	21.48	20.52	20.89	639543	13420295.00
2022/06/22	20.57	20.88	20.22	20.50	470787	9622021.00
2022/06/23	20.80	21.16	20.11	20.90	804810	16706047.00
2022/06/24	21.00	21.46	20.69	20.79	937613	19834334.00
2022/06/27	20.96	21.15	20.30	21.08	1245749	25878556.00
2022/06/28	20.60	20.70	19.60	20.45	3236301	65401296.00
2022/06/29	20.47	20.70	19.90	20.00	1334231	26969748.00
2022/06/30	19.98	20.48	19.92	20.03	626191	12647189.00
2022/07/01	20.03	20.42	19.83	20.04	1010969	20306640.00
2022/07/04	20.06	20.06	19.20	19.69	770626	15044513.00
2022/07/05	19.59	19.71	18.40	18.70	1068020	20125966.00
2022/07/06	19.13	19.13	18.32	18.61	518220	9593560.00
2022/07/07	18.63	18.78	18.20	18.65	596278	11066672.00
2022/07/08	18.65	19.45	18.65	19.24	1402318	26774708.00
2022/07/11	19.00	20.49	18.87	20.09	2471604	49000760.00
2022/07/12	20.08	20.08	18.71	18.72	1583314	30728948.00
2022/07/13	18.61	19.32	18.61	19.23	721885	13747762.00
2022/07/14	19.03	19.58	19.03	19.18	379283	7313937.00
2022/07/15	19.17	19.22	18.68	18.68	584501	11044864.00
2022/07/18	18.87	18.99	18.60	18.80	502535	9441505.00
2022/07/19	18.63	18.96	18.58	18.78	505175	9479748.00
2022/07/20	18.99	18.99	18.58	18.78	653102	12213629.00
2022/07/21	18.79	19.08	18.70	18.79	806129	15200105.00
2022/07/22	18.80	18.99	18.25	18.51	699270	12992803.00
2022/07/25	18.32	18.62	18.06	18.10	776551	14175548.00
2022/07/26	18.10	18.45	17.73	18.44	849428	15413567.00
2022/07/27	18.39	18.58	18.19	18.50	553670	10208419.00
2022/07/28	18.56	19.04	18.55	18.78	1028382	19303648.00
2022/07/29	18.94	18.94	18.61	18.61	538271	10097732.00
2022/08/01	18.79	18.97	18.51	18.92	589922	11126158.00
2022/08/02	18.92	18.92	17.66	17.87	937530	16954044.00
2022/08/03	17.99	18.38	17.51	17.82	876444	15793708.00
2022/08/04	17.87	18.09	17.65	17.92	554957	9889571.00
2022/08/05	17.87	18.35	17.81	18.32	887514	16038306.00
2022/08/08	18.48	18.54	18.19	18.54	443535	8175116.00
2022/08/09	18.54	19.08	18.32	18.96	727151	13595046.00
2022/08/10	18.91	19.80	18.90	19.29	1234200	23820284.00
2022/08/11	19.34	19.78	19.34	19.52	618805	12131146.00
2022/08/12	19.54	19.68	19.26	19.26	676013	13141562.00
2022/08/15	19.15	19.71	19.00	19.32	691337	13271577.00
2022/08/16	19.37	19.80	19.32	19.63	720356	14091245.00
2022/08/17	19.88	20.26	19.52	19.84	739583	14649267.00
2022/08/18	19.56	20.09	19.50	20.07	602271	11976026.00
2022/08/19	20.04	20.06	19.40	19.41	513567	10105085.00
2022/08/22	19.38	19.65	19.22	19.37	345436	6702471.00
2022/08/23	19.12	19.53	19.03	19.27	271022	5236167.00
2022/08/24	19.32	19.65	18.47	18.64	756430	14255517.00
2022/08/25	18.59	18.64	18.24	18.36	489458	9000301.00
2022/08/26	18.34	18.74	17.90	17.90	700948	12736618.00
2022/08/29	17.95	18.26	17.42	18.13	438379	7890653.00
2022/08/30	18.19	18.45	17.83	18.21	689564	12478766.00
2022/08/31	18.05	18.36	17.40	17.47	1042844	18487566.00
2022/09/01	17.56	17.63	17.14	17.23	844725	14619192.00
2022/09/02	17.35	17.77	17.14	17.60	819772	14368679.00
2022/09/05	17.60	18.03	17.29	17.40	849235	14822943.00
2022/09/06	17.40	17.62	17.25	17.39	742453	12902851.00
2022/09/07	17.31	17.60	17.26	17.39	509063	8873485.00
2022/09/08	17.37	17.54	16.92	17.00	798499	13670787.00
2022/09/09	17.01	17.14	16.79	16.85	576704	9729396.00
2022/09/13	16.95	17.17	16.90	17.08	480631	8179162.00
2022/09/14	17.00	17.20	16.76	17.15	471751	8022131.00
2022/09/15	17.06	17.17	16.69	16.83	810774	13666503.00
2022/09/16	16.83	16.83	16.23	16.48	605791	10020211.00
2022/09/19	16.38	16.38	15.85	16.18	815720	13097065.00
2022/09/20	16.11	16.35	16.10	16.20	248966	4038285.00
2022/09/21	16.21	16.38	15.98	16.24	400683	6480500.00
2022/09/22	16.24	16.45	16.09	16.17	235531	3836624.00
2022/09/23	16.14	16.21	15.83	15.92	302511	4835177.00
2022/09/26	15.82	16.17	15.52	15.64	580777	9215183.00
2022/09/27	15.64	16.14	15.58	16.08	302048	4800727.00
2022/09/28	16.00	16.20	15.77	15.90	311832	4979067.00
2022/09/29	15.86	16.36	15.75	15.93	228658	3654219.00
2022/09/30	15.80	16.00	15.65	15.82	360080	5697256.00
2022/10/10	15.81	15.95	15.48	15.59	247675	3882418.00
2022/10/11	15.43	15.84	15.23	15.69	274593	4252333.00
2022/10/12	15.28	16.10	15.28	16.08	314847	4938371.00
2022/10/13	16.03	16.39	15.95	16.26	316581	5137884.00
2022/10/14	16.38	16.57	16.25	16.41	376629	6208937.00
2022/10/17	16.50	17.13	16.30	16.99	855876	14466428.00
2022/10/18	17.15	17.15	16.80	17.00	234174	3970237.00
2022/10/19	17.09	17.09	16.78	16.88	142867	2417770.00
2022/10/20	16.78	17.07	16.75	16.84	273570	4617151.00
2022/10/21	16.85	16.96	16.52	16.89	292425	4902719.00
2022/10/24	16.94	17.25	16.51	16.51	425881	7172104.00
2022/10/25	16.76	16.90	16.22	16.62	499088	8255689.00
2022/10/26	16.51	17.13	16.51	16.95	448304	7588098.00
2022/10/27	17.15	17.71	16.96	16.98	730043	12644774.00
2022/10/28	16.97	17.09	16.21	16.34	426816	7091670.00
2022/10/31	16.54	17.25	16.46	16.80	590095	9960991.00
2022/11/01	16.77	17.12	16.71	17.11	537424	9132189.00
2022/11/02	17.20	17.35	17.09	17.26	487532	8409338.00
2022/11/03	17.01	17.67	17.01	17.57	970765	16935060.00
2022/11/04	17.28	17.83	17.28	17.56	643502	11307249.00
2022/11/07	17.57	17.74	17.41	17.56	646052	11323117.00
2022/11/08	17.47	17.57	17.35	17.53	350911	6128358.00
2022/11/09	17.59	17.75	17.35	17.63	485178	8558780.00
2022/11/10	17.71	17.72	17.29	17.35	444569	7744381.00
2022/11/11	17.60	17.68	17.38	17.40	562843	9886433.00
2022/11/14	17.57	17.57	17.22	17.30	347665	6040729.00
2022/11/15	17.45	17.56	17.22	17.51	400362	7003385.00
2022/11/16	17.58	17.69	17.42	17.51	304024	5328466.00
2022/11/17	17.49	17.73	17.36	17.64	372346	6531803.00
2022/11/18	17.70	17.88	17.56	17.63	489881	8700798.00
2022/11/21	17.83	17.83	17.30	17.65	370204	6480902.00
2022/11/22	17.63	17.76	17.18	17.25	318363	5557505.00
2022/11/23	17.44	17.44	16.58	17.09	480263	8118732.00
2022/11/24	17.09	17.28	16.75	17.23	282667	4829159.00
2022/11/25	16.98	17.24	16.81	16.81	396098	6719983.00
2022/11/28	16.64	16.89	16.50	16.64	326977	5439894.00
2022/11/29	16.79	17.16	16.67	17.01	325922	5533972.00
2022/11/30	17.02	17.18	16.88	16.94	254493	4338072.00
2022/12/01	17.34	17.34	16.87	16.90	343835	5856981.00
2022/12/02	16.90	17.72	16.90	17.61	821204	14340674.00
2022/12/05	17.61	17.76	17.45	17.67	496751	8762104.00
2022/12/06	17.68	17.68	17.32	17.38	479896	8367065.00
2022/12/07	17.38	17.57	17.21	17.24	373983	6495366.00
2022/12/08	17.38	17.38	16.90	16.96	453124	7693199.00
2022/12/09	16.80	17.12	16.79	17.03	403465	6863656.00
2022/12/12	16.91	17.02	16.80	16.93	468670	7915983.00
2022/12/13	16.98	17.15	16.79	16.91	352828	5980786.00
2022/12/14	16.91	17.04	16.61	16.75	249060	4180719.00
2022/12/15	16.75	16.88	16.53	16.75	246456	4115212.00
2022/12/16	16.61	16.71	16.09	16.14	713645	11627475.00
2022/12/19	16.14	16.30	15.70	15.86	495091	7872285.00
2022/12/20	15.85	15.99	15.63	15.86	222424	3520987.00
2022/12/21	15.93	16.04	15.71	15.90	189818	3007014.00
2022/12/22	15.87	15.94	15.42	15.62	309731	4844047.00
2022/12/23	15.62	15.80	15.55	15.70	220459	3457829.00
2022/12/26	15.71	16.01	15.60	15.91	480988	7601424.00
2022/12/27	15.80	16.10	15.77	16.02	207323	3303538.00
2022/12/28	16.01	16.01	15.72	15.89	228611	3619994.00
2022/12/29	15.61	16.26	15.53	15.93	430597	6828912.00
2022/12/30	15.93	16.12	15.82	15.82	140711	2245003.00
2023/01/03	15.75	16.38	15.75	16.29	315094	5073532.00
2023/01/04	16.25	16.73	16.25	16.55	437334	7219486.00
2023/01/05	16.55	16.83	16.42	16.58	424138	7059743.00
2023/01/06	16.65	16.74	16.52	16.63	142413	2372496.00
2023/01/09	16.75	16.76	16.28	16.64	284068	4720643.00
2023/01/10	16.60	16.77	16.46	16.72	217855	3634899.00
2023/01/11	16.61	16.75	16.44	16.51	183458	3043402.00
2023/01/12	16.46	16.80	16.42	16.60	323759	5383118.00
2023/01/13	16.65	16.70	16.51	16.53	119801	1987661.00
2023/01/16	16.66	16.88	16.51	16.69	524190	8761618.00
2023/01/17	16.71	16.92	16.60	16.73	588450	9858024.00
2023/01/18	16.88	16.95	16.62	16.87	783599	13196624.00
2023/01/19	16.84	17.02	16.79	16.91	614389	10384453.00
2023/01/20	16.99	17.06	16.77	16.87	605317	10210355.00
2023/01/30	16.88	17.02	16.88	16.93	746485	12666616.00
2023/01/31	16.93	16.98	16.78	16.91	940397	15872056.00
2023/02/01	16.99	17.38	16.83	17.29	1051961	18070776.00
2023/02/02	17.38	17.41	17.16	17.18	725975	12529471.00
2023/02/03	17.77	18.50	17.41	17.81	2755369	49333616.00
2023/02/06	17.99	18.38	17.75	17.88	2075000	37435828.00
2023/02/07	18.13	18.17	17.72	18.05	1076480	19275796.00
2023/02/08	18.18	18.18	17.71	17.90	580351	10389052.00
2023/02/09	17.78	18.30	17.50	18.12	1220498	21979374.00
2023/02/10	18.30	18.30	17.99	18.17	1206881	21914120.00
数据来源:通达信
