603728 鸣志电器 日线 不复权
      日期	    开盘	    最高	    最低	    收盘	    成交量	    成交额
2017/05/09	13.48	16.17	13.48	16.17	18939	303554.00
2017/05/10	17.79	17.79	17.79	17.79	8888	158118.00
2017/05/11	19.57	19.57	19.57	19.57	21647	423632.00
2017/05/12	21.53	21.53	21.53	21.53	71898	1547964.00
2017/05/15	23.68	23.68	23.68	23.68	65307	1546470.00
2017/05/16	26.05	26.05	26.05	26.05	284239	7404426.00
2017/05/17	28.66	28.66	28.66	28.66	822261	23566000.00
2017/05/18	31.53	31.53	30.81	31.53	17499854	550269440.00
2017/05/19	30.38	30.90	28.38	28.38	27056559	785671744.00
2017/05/22	26.21	26.65	25.54	25.54	20862033	537854720.00
2017/05/23	24.88	25.15	23.58	24.12	20018118	486633600.00
2017/05/24	24.48	25.30	24.10	24.85	17869722	442496576.00
2017/05/25	24.59	24.70	22.67	23.26	18529809	435791168.00
2017/05/26	23.46	24.68	23.30	23.73	16520359	395320000.00
2017/05/31	24.52	25.38	23.21	23.43	18706714	460147008.00
2017/06/01	22.70	22.76	21.09	21.09	16824957	368493536.00
2017/06/02	20.54	21.80	20.36	21.40	9227955	194672064.00
2017/06/05	21.95	22.19	21.09	21.17	9708657	210860768.00
2017/06/06	20.74	21.21	20.73	21.07	5888262	123323184.00
2017/06/07	21.10	22.41	20.95	22.10	12464343	272681056.00
2017/06/08	21.95	22.09	21.24	21.37	9769059	211285856.00
2017/06/09	21.27	21.78	21.12	21.73	6659366	143111136.00
2017/06/12	21.12	21.39	20.66	20.72	7121814	149540448.00
2017/06/13	20.62	21.27	20.62	21.14	5290622	111479888.00
2017/06/14	21.00	21.29	20.92	21.04	3944953	83134080.00
2017/06/15	21.07	22.22	20.96	21.77	10017509	218927120.00
2017/06/16	21.57	22.16	21.56	21.84	7012621	153657264.00
2017/06/19	22.00	22.16	21.60	21.94	4623094	100926304.00
2017/06/20	22.13	22.68	21.94	22.65	8837317	197401616.00
2017/06/21	22.60	23.45	22.50	23.03	10628133	244771312.00
2017/06/22	22.85	22.96	22.30	22.32	6862567	155539296.00
2017/06/23	22.30	22.53	20.87	21.60	9008740	194683840.00
2017/06/26	21.50	22.86	21.45	22.84	8714393	194043520.00
2017/06/27	22.81	23.12	22.42	22.71	6470553	146963488.00
2017/06/28	22.65	22.70	22.04	22.26	4484708	100066776.00
2017/06/29	22.38	23.10	22.26	22.75	5938761	135063120.00
2017/06/30	22.61	23.52	22.51	23.33	9030575	210007520.00
2017/07/03	23.26	23.80	23.26	23.39	7857861	185087424.00
2017/07/04	23.33	23.49	23.04	23.27	4691981	108788096.00
2017/07/05	23.27	24.20	23.16	24.10	8838501	210898064.00
2017/07/06	24.81	25.25	24.17	24.34	12788080	315567872.00
2017/07/07	24.12	25.37	24.12	25.07	11445721	285706112.00
2017/07/10	24.94	25.15	23.40	23.71	10091359	244875840.00
2017/07/11	23.67	24.98	23.47	24.00	6358330	154268384.00
2017/07/12	23.79	24.65	22.90	24.60	8601413	203344896.00
2017/07/13	24.68	24.69	23.86	23.99	6263636	151886976.00
2017/07/14	23.80	24.48	23.60	23.74	4269143	102310064.00
2017/07/17	23.00	23.17	21.37	21.37	9509309	210719920.00
2017/07/18	21.35	22.17	21.01	21.90	5980310	129460544.00
2017/07/19	21.59	22.16	21.45	21.90	4306559	93911856.00
2017/07/20	21.89	22.67	21.81	21.93	6602546	147225264.00
2017/07/21	21.92	22.59	21.88	22.22	4340536	96352352.00
2017/07/24	21.91	22.58	21.68	22.43	4548927	101082944.00
2017/07/25	22.27	22.62	22.00	22.19	3343997	74481392.00
2017/07/26	22.08	22.44	21.62	21.84	3597198	78973960.00
2017/07/27	21.88	22.70	21.67	22.50	5862484	130823440.00
2017/07/28	22.45	22.66	22.10	22.13	3714400	82976656.00
2017/07/31	22.15	22.35	21.94	22.11	3094702	68440160.00
2017/08/01	22.10	22.18	21.40	21.81	4432612	96587192.00
2017/08/02	21.73	22.05	21.48	21.54	2734833	59467684.00
2017/08/03	21.48	21.89	21.41	21.64	2438764	52878492.00
2017/08/04	21.50	21.69	21.07	21.15	3332224	70941040.00
2017/08/07	21.18	21.45	21.10	21.20	1794199	38177992.00
2017/08/08	21.21	21.21	20.85	20.94	2798922	58692144.00
2017/08/09	20.82	21.13	20.80	20.83	2099088	43903392.00
2017/08/10	20.80	21.09	20.49	20.63	2681272	55689696.00
2017/08/11	20.60	20.86	20.28	20.53	2210024	45538240.00
2017/08/14	20.61	21.01	20.54	20.90	2293759	47798408.00
2017/08/15	20.92	21.77	20.92	21.60	4752859	102043296.00
2017/08/16	21.59	22.10	21.32	21.82	4884878	105992112.00
2017/08/17	21.68	21.95	21.35	21.62	3024520	65411932.00
2017/08/18	21.40	21.45	20.90	20.94	4656292	98378896.00
2017/08/21	21.05	21.79	21.04	21.71	4492296	96747976.00
2017/08/22	21.72	21.93	21.51	21.78	3581149	77830640.00
2017/08/23	21.76	22.00	21.41	21.99	3480850	75806744.00
2017/08/24	22.20	22.20	21.45	21.47	3129657	68058136.00
2017/08/25	21.39	23.05	21.30	22.32	6443796	143116032.00
2017/08/28	22.50	23.18	22.11	22.95	8525248	193990064.00
2017/08/29	22.72	23.47	22.50	22.81	7670908	175580976.00
2017/08/30	22.60	23.51	22.56	22.70	6152279	141365344.00
2017/08/31	22.63	24.19	22.62	23.93	11813137	278866176.00
2017/09/01	23.88	23.88	23.20	23.72	8360485	196309984.00
2017/09/04	23.58	23.64	23.03	23.32	6474492	150775392.00
2017/09/05	23.21	23.48	23.05	23.33	3229104	75217048.00
2017/09/06	23.20	23.28	22.82	23.09	3541628	81516664.00
2017/09/07	23.20	23.64	22.44	22.81	4546827	105867032.00
2017/09/08	22.89	23.16	22.70	22.92	2928095	67039656.00
2017/09/11	23.14	23.58	23.00	23.52	3547937	82800400.00
2017/09/12	23.51	24.14	23.17	23.19	6139861	145619376.00
2017/09/13	23.25	23.28	22.75	23.18	2957720	68056704.00
2017/09/14	23.20	23.95	22.90	23.86	5188888	122124752.00
2017/09/15	23.76	23.93	23.23	23.32	3773697	88798968.00
2017/09/18	23.12	23.76	23.03	23.70	3515523	82111736.00
2017/09/19	23.52	24.14	23.51	23.91	6620535	158216768.00
2017/09/20	23.95	24.38	23.74	24.04	6098036	146730576.00
2017/09/21	24.01	24.02	23.38	23.44	4235397	100307912.00
2017/09/22	23.44	24.67	23.39	24.62	8374883	202322928.00
2017/09/25	24.28	24.74	24.00	24.03	5410367	131674688.00
2017/09/26	24.51	24.88	24.08	24.57	6874960	168137936.00
2017/09/27	24.28	24.75	23.89	24.57	5571283	135268256.00
2017/09/28	24.57	26.30	24.46	25.41	9202178	235662560.00
2017/09/29	25.43	25.96	25.02	25.62	5497868	140576320.00
2017/10/09	26.07	26.32	25.36	25.49	5410463	139724080.00
2017/10/10	25.57	26.30	25.40	26.29	5077253	131513648.00
2017/10/11	26.12	26.65	25.82	26.35	5520552	144863920.00
2017/10/12	26.40	26.65	25.63	25.74	5134418	134418640.00
2017/10/13	25.77	25.96	25.41	25.70	3322463	85415392.00
2017/10/16	25.62	25.80	24.89	25.10	4868081	122712712.00
2017/10/17	25.20	25.48	25.02	25.40	2469074	62406460.00
2017/10/18	25.46	25.47	24.31	24.40	4258533	106227152.00
2017/10/19	24.20	24.61	24.15	24.18	2770788	67461480.00
2017/10/20	24.23	24.58	24.04	24.46	1661700	40511992.00
2017/10/23	24.30	25.05	24.30	24.97	2871470	71216832.00
2017/10/24	24.70	25.06	24.63	24.97	3133736	77778168.00
2017/10/25	24.81	25.67	24.81	25.65	3436330	87330088.00
2017/10/26	25.50	25.91	25.36	25.51	2350238	59957108.00
2017/10/27	25.51	25.94	25.39	25.52	2695849	69250384.00
2017/10/30	24.32	24.32	22.97	22.97	9584871	226244224.00
2017/10/31	22.98	23.27	22.85	23.08	2932545	67578352.00
2017/11/01	23.08	23.78	22.98	23.65	3534845	83198616.00
2017/11/02	23.50	23.77	23.25	23.40	2286238	53738644.00
2017/11/03	23.47	23.60	22.66	22.93	2697957	62176448.00
2017/11/06	23.09	23.10	22.53	23.09	2529493	57725864.00
2017/11/07	23.16	23.16	22.66	23.13	2120169	48601352.00
2017/11/08	23.17	23.58	23.01	23.28	2733693	63988164.00
2017/11/09	23.30	23.74	23.18	23.71	2611512	61337496.00
2017/11/10	23.71	24.36	23.58	24.27	3749588	90032744.00
2017/11/13	24.28	26.57	24.26	25.68	5834250	149229488.00
2017/11/14	25.74	27.95	25.21	27.17	11511236	308594272.00
2017/11/15	26.66	26.96	25.80	26.08	7319131	192168480.00
2017/11/16	26.08	26.89	25.90	26.08	4689271	123846304.00
2017/11/17	26.06	26.37	24.90	25.11	5267746	133906528.00
2017/11/20	24.87	25.83	24.34	25.65	3553050	89874168.00
2017/11/21	25.60	26.25	24.95	26.21	4681322	120046400.00
2017/11/22	26.37	26.37	25.05	25.71	3252729	84092152.00
2017/11/23	25.52	26.14	24.71	24.79	3525746	89834304.00
2017/11/24	24.60	24.89	23.71	23.78	3152000	77054472.00
2017/11/27	23.90	23.98	22.68	22.93	3507197	82102928.00
2017/11/28	22.82	23.40	22.82	23.39	1741695	40331248.00
2017/11/29	23.41	23.55	22.80	23.26	1719064	39723452.00
2017/11/30	23.21	23.61	22.92	23.13	1571561	36646056.00
2017/12/01	23.12	23.60	22.95	23.41	2215995	51632816.00
2017/12/04	23.42	23.42	21.88	21.97	4049900	91358848.00
2017/12/05	22.00	22.31	20.80	21.18	2789900	60377680.00
2017/12/06	21.18	21.73	20.92	21.66	2430515	51887368.00
2017/12/07	21.53	21.87	21.41	21.70	1616631	35101076.00
2017/12/08	21.57	22.48	21.57	22.26	1921883	42675672.00
2017/12/11	22.22	22.57	22.20	22.42	1470338	32861380.00
2017/12/12	22.23	22.50	21.90	21.99	1417638	31358346.00
2017/12/13	21.99	22.54	21.95	22.49	1496240	33509060.00
2017/12/14	22.49	22.75	22.40	22.65	1062476	23945156.00
2017/12/15	22.64	22.88	22.35	22.46	1121200	25270796.00
2017/12/18	22.60	22.60	22.01	22.21	931197	20690844.00
2017/12/19	22.10	22.47	21.90	22.25	1264695	28095828.00
2017/12/20	22.12	22.23	21.69	21.74	1511695	33162008.00
2017/12/21	21.73	23.68	21.73	23.27	3860484	87826144.00
2017/12/22	23.06	23.45	22.92	23.25	1842270	42761240.00
2017/12/25	23.31	23.65	23.02	23.61	1888958	44210348.00
2017/12/26	23.66	24.10	23.43	23.91	1963666	46709912.00
2017/12/27	23.71	24.10	23.54	23.93	1525228	36322632.00
2017/12/28	23.93	24.07	23.55	23.68	1290588	30705220.00
2017/12/29	23.55	24.00	23.35	23.77	1490507	35311700.00
2018/01/02	23.77	24.08	23.63	23.91	1042200	24873098.00
2018/01/03	23.79	23.97	23.60	23.85	997461	23710416.00
2018/01/04	23.71	24.58	23.71	24.01	1557776	37687480.00
2018/01/05	24.01	24.38	23.52	23.54	1480421	35392396.00
2018/01/08	23.35	23.48	22.60	22.92	2691242	61675704.00
2018/01/09	22.90	23.08	22.52	22.69	1887100	42916128.00
2018/01/10	22.86	22.96	22.33	22.85	1363091	30985316.00
2018/01/11	22.70	23.40	22.63	23.13	1405593	32542264.00
2018/01/12	23.33	23.33	22.81	22.82	1208690	27728436.00
2018/01/15	22.83	22.99	21.86	21.94	2615300	58032296.00
2018/01/16	21.76	22.22	21.65	22.04	1692400	37015136.00
2018/01/17	21.95	22.02	21.25	21.88	1684761	36407372.00
2018/01/18	21.90	22.47	21.66	22.02	1418941	31418940.00
2018/01/19	22.01	22.38	21.80	21.99	889202	19641884.00
2018/01/22	21.95	22.29	21.50	22.03	1063941	23293236.00
2018/01/23	22.08	22.24	21.87	22.00	956719	21050696.00
2018/01/24	22.00	22.18	21.66	22.15	1332019	29317392.00
2018/01/25	22.23	22.23	21.93	21.93	1397400	30826212.00
2018/01/26	21.90	22.27	21.65	21.66	1714543	37438264.00
2018/01/29	21.60	21.80	21.21	21.26	1015588	21770702.00
2018/01/30	21.25	21.73	21.17	21.30	523102	11191244.00
2018/01/31	21.20	21.27	20.28	20.33	2280402	47109776.00
2018/02/01	20.34	20.70	19.46	19.50	2454016	48586040.00
2018/02/02	19.26	19.80	19.20	19.31	1604193	31222376.00
2018/02/05	19.25	19.38	18.85	19.14	1073900	20460608.00
2018/02/06	18.76	19.17	18.05	18.73	2063664	38476680.00
2018/02/07	19.36	19.40	18.58	19.23	1463176	27925212.00
2018/02/08	19.00	19.65	19.00	19.30	1054800	20480250.00
2018/02/09	18.97	19.55	18.68	19.52	2096838	40147416.00
2018/02/12	19.48	20.37	19.48	19.97	1221693	24536830.00
2018/02/13	20.21	20.21	19.69	19.70	847200	16896828.00
2018/02/14	19.58	19.90	19.50	19.77	400217	7884696.00
2018/02/22	19.85	20.19	19.80	19.90	645611	12865319.00
2018/02/23	20.06	20.06	19.61	19.87	521738	10309270.00
2018/02/26	20.10	20.76	19.93	20.64	1448528	29560434.00
2018/02/27	20.72	20.89	20.50	20.53	952300	19694240.00
2018/02/28	20.27	20.80	20.26	20.50	662588	13622373.00
2018/03/01	20.31	20.97	20.30	20.92	905376	18786480.00
2018/03/02	20.80	21.33	20.75	20.95	986788	20799110.00
2018/03/05	20.85	21.48	20.38	20.67	1657300	34232844.00
2018/03/06	20.85	21.17	20.58	20.92	1196873	24934562.00
2018/03/07	20.90	20.90	20.35	20.39	1274454	26224900.00
2018/03/08	20.33	20.80	20.33	20.60	1052581	21623352.00
2018/03/09	20.55	21.15	20.45	21.08	1598481	33410236.00
2018/03/12	21.42	22.27	21.42	21.91	2918084	63897704.00
2018/03/13	21.82	22.07	21.42	21.43	1710490	37173320.00
2018/03/14	21.42	21.81	21.21	21.31	1106071	23734632.00
2018/03/15	21.31	21.31	20.51	20.64	1308000	27264052.00
2018/03/16	20.80	20.87	20.45	20.50	1010900	20903370.00
2018/03/19	20.45	20.84	20.31	20.66	1247467	25628740.00
2018/03/20	20.32	20.89	20.30	20.74	1016999	20872020.00
2018/03/21	20.67	21.25	20.61	20.71	1763535	36860024.00
2018/03/22	20.74	21.10	20.62	20.78	1082103	22501568.00
2018/03/23	20.10	20.10	18.82	19.09	2852668	55990720.00
2018/03/26	18.86	19.70	18.52	19.59	1278376	24474180.00
2018/03/27	19.70	20.27	19.53	20.13	1143813	22886568.00
2018/03/28	19.80	20.28	19.80	20.15	842600	16916428.00
2018/03/29	20.31	20.72	20.20	20.52	1084635	22189716.00
2018/03/30	20.52	20.90	20.35	20.78	1075635	22285818.00
2018/04/02	20.81	21.37	20.78	21.04	1410842	29759258.00
2018/04/03	20.68	22.98	20.55	21.62	2975815	64717824.00
2018/04/04	21.40	21.77	21.07	21.34	2054470	43847800.00
2018/04/09	21.14	21.54	21.08	21.29	1059145	22613992.00
2018/04/10	21.19	21.47	20.67	21.10	1067000	22417604.00
2018/04/11	21.10	21.32	21.00	21.09	1042300	22063656.00
2018/04/12	21.04	21.56	20.76	21.25	1882188	39886000.00
2018/04/13	21.30	21.68	21.16	21.55	1820378	38927380.00
2018/04/16	21.68	21.68	20.87	21.08	1523717	32221506.00
2018/04/17	21.17	21.29	20.09	20.40	1500128	30786272.00
2018/04/18	20.58	20.68	19.70	20.43	1139419	22941980.00
2018/04/19	20.44	20.68	20.28	20.35	845576	17270888.00
2018/04/20	20.29	20.67	20.15	20.18	1054100	21592760.00
2018/04/23	20.00	20.15	19.78	19.82	707900	14106738.00
2018/04/24	20.13	20.60	19.83	20.46	1113074	22708188.00
2018/04/25	20.40	20.65	20.06	20.20	1021500	20730856.00
2018/04/26	20.11	20.40	19.80	19.82	991723	19863584.00
2018/04/27	19.93	20.37	19.83	19.92	1049200	21067368.00
2018/05/02	19.20	20.20	19.20	20.11	1573795	30953516.00
2018/05/03	19.95	20.20	19.85	20.05	891961	17848236.00
2018/05/04	19.99	20.28	19.28	20.27	2069018	40848568.00
2018/05/07	20.08	20.43	20.08	20.34	845688	17177414.00
2018/05/08	20.34	20.72	20.34	20.56	1036710	21313208.00
2018/05/09	20.64	21.05	20.53	20.65	1161000	24135032.00
2018/05/10	20.62	20.78	20.32	20.59	663905	13628154.00
2018/05/11	20.57	21.10	20.36	20.93	988488	20481908.00
2018/05/14	20.81	21.38	20.60	20.70	1265800	26607720.00
2018/05/15	20.62	20.93	20.46	20.73	738428	15246889.00
2018/05/16	20.70	20.90	20.00	20.22	1252713	25560052.00
2018/05/17	20.30	21.00	20.23	20.79	1058976	21892960.00
2018/05/18	20.94	20.94	20.40	20.82	991185	20499428.00
2018/05/21	21.04	21.21	20.85	21.09	881219	18549716.00
2018/05/22	21.32	21.48	20.92	21.31	1288470	27361054.00
2018/05/23	16.35	17.49	16.31	16.98	3269076	55379328.00
2018/05/24	16.75	16.88	16.41	16.55	1552203	25816584.00
2018/05/25	16.50	16.80	16.50	16.65	1261149	21012036.00
2018/05/28	16.65	16.70	16.12	16.39	854270	14110163.00
2018/05/29	16.48	16.98	16.42	16.66	1305215	21869808.00
2018/05/30	16.32	16.55	15.92	16.02	1534920	24973800.00
2018/05/31	16.04	16.30	15.92	16.23	631774	10218289.00
2018/06/01	16.20	17.02	16.11	16.84	2232133	37432404.00
2018/06/04	16.82	17.97	16.62	17.94	3795675	65836912.00
2018/06/05	17.70	18.08	17.53	17.98	2961593	52908352.00
2018/06/06	17.86	17.99	17.66	17.97	1431309	25500088.00
2018/06/07	18.02	18.12	17.17	17.34	2173814	38032948.00
2018/06/08	17.30	17.49	17.01	17.43	1509176	25978034.00
2018/06/11	17.41	17.43	16.71	16.74	1553748	26394736.00
2018/06/12	16.89	17.29	16.72	17.21	1126498	19201984.00
2018/06/13	17.11	17.23	16.85	17.06	863734	14703446.00
2018/06/14	17.06	17.54	16.84	17.43	1659423	28690522.00
2018/06/15	17.30	17.49	17.00	17.41	1612559	27849090.00
2018/06/19	17.19	17.19	15.78	16.17	2363307	38781020.00
2018/06/20	16.11	16.45	16.00	16.31	1182938	19206032.00
2018/06/21	16.40	16.40	15.64	15.70	1526863	24337250.00
2018/06/22	15.60	15.98	15.15	15.75	867479	13635482.00
2018/06/25	15.94	15.96	15.32	15.36	1066675	16589353.00
2018/06/26	15.08	15.44	14.52	15.28	890167	13416360.00
2018/06/27	15.37	15.77	15.21	15.26	853579	13206748.00
2018/06/28	15.26	15.50	15.13	15.26	780725	11988092.00
2018/06/29	15.44	15.82	15.25	15.71	836025	13039101.00
2018/07/02	15.65	15.88	15.20	15.40	928930	14395065.00
2018/07/03	15.37	15.58	14.85	15.18	1315788	19914632.00
2018/07/04	15.19	15.19	14.67	14.79	1339197	19839752.00
2018/07/05	14.80	14.98	13.83	14.93	2317441	33458514.00
2018/07/06	14.75	15.18	14.51	14.97	1064324	15769142.00
2018/07/09	14.90	15.24	14.81	15.11	957795	14416089.00
2018/07/10	15.12	15.12	14.89	14.97	531207	7953635.00
2018/07/11	14.70	14.70	14.18	14.26	1024890	14766742.00
2018/07/12	14.18	14.70	14.18	14.61	1057423	15355069.00
2018/07/13	14.61	14.74	14.45	14.65	851975	12389888.00
2018/07/16	14.68	14.96	14.41	14.68	601366	8863100.00
2018/07/17	14.76	14.76	14.40	14.56	521362	7562572.00
2018/07/18	14.58	14.64	14.39	14.43	553669	8027152.00
2018/07/19	14.50	14.50	14.10	14.20	425639	6083364.00
2018/07/20	14.20	14.49	14.16	14.38	401947	5751562.00
2018/07/23	14.42	14.42	14.12	14.27	572925	8174033.00
2018/07/24	14.27	14.65	14.20	14.57	684114	9896055.00
2018/07/25	14.55	14.68	14.45	14.55	577166	8398727.00
2018/07/26	14.53	15.08	14.53	14.90	1260170	18778120.00
2018/07/27	15.38	15.39	14.58	14.58	1060790	15813363.00
2018/07/30	14.77	14.97	14.24	14.94	1238055	18017908.00
2018/07/31	14.75	14.94	14.70	14.83	511242	7578918.00
2018/08/01	14.95	14.95	14.56	14.71	470587	6939479.00
2018/08/02	14.79	14.79	13.96	14.24	830282	11919799.00
2018/08/03	14.10	14.50	14.00	14.08	743680	10626925.00
2018/08/06	14.08	14.38	13.88	14.08	798030	11261586.00
2018/08/07	14.05	14.68	14.05	14.51	542110	7789626.00
2018/08/08	14.57	14.60	14.39	14.40	299064	4330050.00
2018/08/09	14.42	14.75	14.36	14.65	475212	6948183.00
2018/08/10	14.41	14.84	14.41	14.73	330755	4846013.00
2018/08/13	14.68	14.68	14.35	14.56	295390	4281751.00
2018/08/14	14.51	14.65	14.35	14.39	218160	3154226.00
2018/08/15	14.37	14.38	13.99	14.01	491145	6929865.00
2018/08/16	13.91	15.10	13.64	14.71	1009295	14350441.00
2018/08/17	14.70	14.98	14.22	14.57	1460865	21488316.00
2018/08/20	14.50	14.50	13.82	14.24	983939	13843487.00
2018/08/21	14.22	14.36	14.11	14.21	274860	3906042.00
2018/08/22	14.11	14.19	13.80	13.88	442210	6179172.00
2018/08/23	13.87	14.17	13.77	14.16	637860	8922643.00
2018/08/24	14.40	14.88	14.20	14.62	1392053	20232928.00
2018/08/27	14.38	14.59	14.28	14.47	989659	14273583.00
2018/08/28	14.45	14.48	14.16	14.17	800380	11416351.00
2018/08/29	14.11	14.22	13.85	13.97	660960	9240074.00
2018/08/30	13.90	14.03	13.62	13.69	685080	9446224.00
2018/08/31	13.68	13.68	12.77	13.44	1904110	25117482.00
2018/09/03	13.20	13.30	12.85	13.09	639760	8353338.00
2018/09/04	13.09	13.23	12.91	13.09	541580	7087680.00
2018/09/05	13.04	13.13	12.82	12.84	303350	3938244.00
2018/09/06	12.84	12.94	12.73	12.80	244530	3134383.00
2018/09/07	12.75	12.97	12.68	12.86	318514	4090600.00
2018/09/10	12.77	12.77	12.41	12.68	515200	6476994.00
2018/09/11	12.60	12.67	12.31	12.62	448070	5602218.00
2018/09/12	12.65	12.65	12.31	12.37	472954	5875120.00
2018/09/13	12.39	12.50	12.24	12.47	870065	10776124.00
2018/09/14	12.41	12.64	12.01	12.64	1125870	13944662.00
2018/09/17	12.51	12.51	12.35	12.37	366580	4556637.00
2018/09/18	12.48	12.54	12.21	12.54	597840	7424964.00
2018/09/19	12.58	12.60	12.41	12.56	863070	10811396.00
2018/09/20	12.55	12.56	12.29	12.34	554430	6871939.00
2018/09/21	12.24	13.15	12.20	13.07	2370990	30185870.00
2018/09/25	12.68	12.89	12.55	12.59	889276	11281836.00
2018/09/26	12.63	12.71	12.50	12.50	562016	7091366.00
2018/09/27	12.50	12.70	12.27	12.29	686032	8574957.00
2018/09/28	12.33	12.47	12.28	12.38	378017	4676691.00
2018/10/08	12.19	12.31	11.81	11.81	584250	7037128.00
2018/10/09	11.92	11.98	11.66	11.71	369110	4350231.00
2018/10/10	11.60	12.49	11.60	11.98	457884	5481476.00
2018/10/11	11.62	11.85	11.08	11.58	1779533	20558944.00
2018/10/12	11.49	12.10	11.20	11.95	2162420	25404208.00
2018/10/15	11.90	12.17	11.62	11.71	560198	6636841.00
2018/10/16	11.60	11.78	11.22	11.50	1146610	13154041.00
2018/10/17	11.51	11.65	11.33	11.47	438120	5028061.00
2018/10/18	11.50	11.50	11.15	11.38	538340	6092978.00
2018/10/19	11.26	11.97	11.13	11.50	2011970	22992520.00
2018/10/22	11.54	12.13	11.47	11.92	2143828	25152056.00
2018/10/23	11.80	12.08	11.72	11.79	1111660	13135199.00
2018/10/24	11.78	11.88	11.65	11.73	518475	6100035.00
2018/10/25	11.62	11.62	11.21	11.50	635316	7246846.00
2018/10/26	11.53	12.20	11.32	12.19	1984750	23444814.00
2018/10/29	11.82	12.05	11.01	11.71	2380139	27756294.00
2018/10/30	11.53	11.62	11.34	11.57	734859	8447851.00
2018/10/31	11.58	12.15	11.44	11.83	2060767	24310616.00
2018/11/01	11.84	11.94	11.70	11.84	1596770	18909240.00
2018/11/02	11.98	12.55	11.84	12.55	2558046	31022764.00
2018/11/05	12.31	12.47	12.20	12.29	1605104	19794634.00
2018/11/06	12.21	12.97	12.06	12.92	3362263	42210920.00
2018/11/07	12.70	12.92	12.50	12.81	2236842	28413570.00
2018/11/08	12.81	12.86	12.60	12.61	963728	12249109.00
2018/11/09	12.56	12.81	12.29	12.50	1246314	15531544.00
2018/11/12	12.41	12.75	12.33	12.66	1366954	17200116.00
2018/11/13	12.41	12.80	12.36	12.63	1687354	21218612.00
2018/11/14	12.55	12.77	12.46	12.54	1125555	14240175.00
2018/11/15	12.50	12.85	12.41	12.79	1596705	20315584.00
2018/11/16	12.84	13.08	12.71	12.88	1720810	22247982.00
2018/11/19	12.88	12.97	12.80	12.89	971734	12519661.00
2018/11/20	12.81	12.98	12.36	12.85	1600710	20257204.00
2018/11/21	12.64	12.77	12.53	12.67	623440	7907748.00
2018/11/22	12.68	12.87	12.66	12.75	663433	8475109.00
2018/11/23	12.73	12.77	12.25	12.37	1009445	12608399.00
2018/11/26	12.39	12.56	11.80	12.40	2577114	31585786.00
2018/11/27	12.44	12.92	12.23	12.85	1453783	18299574.00
2018/11/28	12.80	12.96	12.60	12.81	799454	10249470.00
2018/11/29	12.90	13.04	12.66	12.84	946088	12153617.00
2018/11/30	12.75	13.96	12.75	13.61	4146100	55654920.00
2018/12/03	13.80	14.30	13.44	14.18	4697905	65245356.00
2018/12/04	13.91	14.10	13.70	13.80	2463830	34065476.00
2018/12/05	13.59	13.78	13.48	13.61	1501140	20399764.00
2018/12/06	13.61	13.72	13.27	13.29	1000808	13416280.00
2018/12/07	13.36	13.60	13.30	13.60	933294	12575583.00
2018/12/10	13.58	13.58	13.12	13.18	1114200	14809033.00
2018/12/11	13.21	13.32	13.12	13.26	560870	7419540.00
2018/12/12	13.28	13.45	13.18	13.20	1056824	14067909.00
2018/12/13	13.32	13.50	13.17	13.33	1107200	14790397.00
2018/12/14	13.36	13.59	12.60	13.45	3706068	48359952.00
2018/12/17	13.22	13.85	13.10	13.18	3022056	40962028.00
2018/12/18	13.10	13.17	12.55	13.08	2382779	30590890.00
2018/12/19	12.88	12.95	12.66	12.67	1046210	13401784.00
2018/12/20	12.67	12.80	12.39	12.68	1398360	17585168.00
2018/12/21	12.58	12.74	12.27	12.70	2116450	26367704.00
2018/12/24	12.50	12.67	12.36	12.51	2099794	26302262.00
2018/12/25	12.50	12.50	12.08	12.21	1676438	20475300.00
2018/12/26	12.30	12.35	12.19	12.19	1087500	13335191.00
2018/12/27	12.42	12.53	12.15	12.20	1710560	21053838.00
2018/12/28	12.35	12.65	11.91	12.65	3452152	42561564.00
2019/01/02	12.43	12.55	12.19	12.50	1976975	24372040.00
2019/01/03	12.55	12.58	12.21	12.22	771975	9548334.00
2019/01/04	12.14	12.94	12.03	12.79	3138590	39618992.00
2019/01/07	12.71	12.94	12.56	12.81	1972240	25181334.00
2019/01/08	12.68	12.90	12.35	12.82	1626073	20548678.00
2019/01/09	12.66	12.91	12.66	12.77	1141224	14601164.00
2019/01/10	12.77	13.18	12.58	13.05	3242170	41741664.00
2019/01/11	12.94	13.17	12.88	12.93	2007810	26164394.00
2019/01/14	12.88	13.15	12.74	12.99	3726547	48175364.00
2019/01/15	12.91	13.72	12.86	13.62	5816047	77726872.00
2019/01/16	13.50	13.95	13.40	13.63	5184224	71209952.00
2019/01/17	13.75	13.75	13.36	13.50	1204410	16258276.00
2019/01/18	13.42	14.34	13.36	14.28	4378359	60638040.00
2019/01/21	14.20	14.32	14.00	14.16	2844915	40341392.00
2019/01/22	14.20	14.26	13.80	14.09	1552547	21677120.00
2019/01/23	14.00	14.65	13.70	14.11	3810105	53850940.00
2019/01/24	13.94	14.10	13.73	13.73	2399007	33247232.00
2019/01/25	13.73	13.79	13.31	13.68	3147648	42530984.00
2019/01/28	13.53	13.70	13.37	13.58	1371219	18584084.00
2019/01/29	13.50	13.58	13.33	13.43	794932	10703770.00
2019/01/30	13.39	13.80	13.39	13.76	1709778	23323172.00
2019/01/31	13.76	13.98	13.60	13.80	2126885	29436504.00
2019/02/01	13.80	14.22	13.80	13.97	2733957	38416692.00
2019/02/11	14.08	14.38	13.82	14.28	1883198	26658552.00
2019/02/12	14.15	14.37	14.07	14.30	1682990	23910930.00
2019/02/13	14.30	14.82	14.18	14.73	2541250	36899992.00
2019/02/14	14.60	14.75	14.44	14.61	964390	14085709.00
2019/02/15	14.50	14.70	14.36	14.63	1062410	15409451.00
2019/02/18	14.76	15.14	14.60	14.90	2031573	30274438.00
2019/02/19	14.95	15.56	14.93	15.10	6253493	95403456.00
2019/02/20	15.13	15.50	14.35	14.75	6938667	102621504.00
2019/02/21	14.60	14.75	14.20	14.30	2529680	36709672.00
2019/02/22	14.22	14.28	13.80	14.00	3024618	42367428.00
2019/02/25	14.21	14.39	13.69	14.35	7174333	100865296.00
2019/02/26	14.20	14.22	13.54	13.67	10109691	139546736.00
2019/02/27	13.67	13.95	13.37	13.38	6553470	89325752.00
2019/02/28	13.40	13.77	13.38	13.76	4325632	58890212.00
2019/03/01	13.76	14.03	13.74	14.01	5821695	81109376.00
2019/03/04	14.20	14.23	13.86	14.04	6965080	97920936.00
2019/03/05	13.99	14.19	13.87	14.19	5421140	76069032.00
2019/03/06	14.20	15.13	14.20	15.06	9715522	142121024.00
2019/03/07	14.86	15.05	14.62	14.89	7921912	117324656.00
2019/03/08	14.55	14.69	14.01	14.01	6913310	99258648.00
2019/03/11	14.08	14.50	13.88	14.41	4849402	68707560.00
2019/03/12	14.51	14.77	14.14	14.36	6093703	88066824.00
2019/03/13	14.35	14.35	13.75	13.86	5138350	72031552.00
2019/03/14	13.80	14.07	13.51	13.70	3423910	47086760.00
2019/03/15	13.90	14.04	13.68	13.81	3079890	42649076.00
2019/03/18	13.82	14.09	13.65	14.07	2906905	40439376.00
2019/03/19	14.08	14.14	13.76	13.90	4070701	56728068.00
2019/03/20	13.90	13.90	13.62	13.77	3355270	46058916.00
2019/03/21	13.76	13.94	13.67	13.83	4181330	57714504.00
2019/03/22	13.85	13.85	13.51	13.66	3639340	49567412.00
2019/03/25	13.45	13.86	13.36	13.78	5510352	75030192.00
2019/03/26	13.83	13.93	13.42	13.44	2983675	40877200.00
2019/03/27	13.43	13.64	13.30	13.51	1792850	24098192.00
2019/03/28	13.44	13.64	13.36	13.43	1907210	25845770.00
2019/03/29	13.39	13.65	13.31	13.62	3351379	45108960.00
2019/04/01	13.68	13.96	13.61	13.89	4691629	64888784.00
2019/04/02	13.92	14.29	13.86	13.97	4465744	62876800.00
2019/04/03	13.94	14.31	13.82	14.28	4674999	65885660.00
2019/04/04	14.30	14.58	14.08	14.14	4950111	70682952.00
2019/04/08	14.20	14.23	13.79	13.85	4848470	67701840.00
2019/04/09	13.84	14.55	13.83	14.54	8016808	114534976.00
2019/04/10	14.44	14.76	14.25	14.38	4627413	66751852.00
2019/04/11	14.90	14.97	14.23	14.27	6979324	102178960.00
2019/04/12	14.26	14.27	13.86	13.96	3805084	53267100.00
2019/04/15	14.10	14.18	13.85	13.88	2951738	41334864.00
2019/04/16	13.88	13.88	13.55	13.86	3566183	48837160.00
2019/04/17	13.82	13.98	13.73	13.88	2472533	34302856.00
2019/04/18	13.88	13.90	13.62	13.75	2921049	40073260.00
2019/04/19	13.73	13.85	13.61	13.81	1718559	23605380.00
2019/04/22	13.82	13.87	13.65	13.67	1990620	27351944.00
2019/04/23	13.67	13.69	13.23	13.26	3602266	48175816.00
2019/04/24	13.28	13.37	13.00	13.30	2242271	29510256.00
2019/04/25	13.28	13.36	12.85	12.92	1983180	26114652.00
2019/04/26	12.89	12.95	12.52	12.61	1924919	24591856.00
2019/04/29	12.62	12.70	12.21	12.24	1937883	24111780.00
2019/04/30	12.27	12.88	12.26	12.88	2031347	25587580.00
2019/05/06	12.50	12.67	11.77	12.24	2943584	35982320.00
2019/05/07	12.16	12.38	12.00	12.22	1710277	20878964.00
2019/05/08	12.06	12.17	11.85	11.99	1437652	17288768.00
2019/05/09	11.90	11.99	11.76	11.80	1402170	16622164.00
2019/05/10	11.90	12.12	11.37	12.04	3189730	37803656.00
2019/05/13	11.82	11.90	11.71	11.85	1506870	17833612.00
2019/05/14	11.73	11.87	11.65	11.77	1084400	12799064.00
2019/05/15	11.82	12.09	11.82	11.94	1868906	22296424.00
2019/05/16	11.92	12.17	11.92	12.08	1625862	19638572.00
2019/05/17	12.09	12.16	11.69	11.72	1620320	19343964.00
2019/05/20	11.71	11.72	11.35	11.53	1152670	13262498.00
2019/05/21	11.63	11.81	11.53	11.77	1559970	18248224.00
2019/05/22	11.77	12.43	11.77	12.13	2594215	31353600.00
2019/05/23	11.95	12.14	11.71	12.07	2020239	23967974.00
2019/05/24	12.00	12.42	11.90	12.42	1843620	22314260.00
2019/05/27	12.29	13.06	12.23	12.90	3973076	51026252.00
2019/05/28	12.83	12.92	12.56	12.69	2186254	27768256.00
2019/05/29	12.69	12.82	12.51	12.75	1500400	19001354.00
2019/05/30	12.60	12.78	12.41	12.75	1501640	18846388.00
2019/05/31	12.71	12.92	12.62	12.89	1550585	19844268.00
2019/06/03	12.81	12.85	12.45	12.45	1607715	20275210.00
2019/06/04	12.45	12.49	12.00	12.30	1639425	19984020.00
2019/06/05	12.35	12.42	12.10	12.41	1321510	16217111.00
2019/06/06	12.36	12.36	11.81	12.04	1694240	20436656.00
2019/06/10	12.01	12.15	11.91	12.07	708920	8551330.00
2019/06/11	12.13	12.43	12.03	12.40	1466565	18038762.00
2019/06/12	12.35	12.44	12.17	12.20	1193305	14659390.00
2019/06/13	12.15	12.40	12.00	12.40	1576360	19136420.00
2019/06/14	12.24	12.36	12.09	12.36	1319147	16106068.00
2019/06/17	12.24	12.36	12.16	12.26	712275	8737258.00
2019/06/18	12.30	12.32	11.80	11.94	1146980	13789832.00
2019/06/19	12.11	12.34	12.11	12.17	1309015	15955343.00
2019/06/20	12.17	12.49	12.05	12.45	2008630	24754384.00
2019/06/21	12.46	12.56	12.35	12.45	1492980	18613804.00
2019/06/24	12.46	12.46	12.25	12.29	1158190	14313927.00
2019/06/25	12.25	12.45	12.01	12.45	2276169	27858956.00
2019/06/26	12.29	12.29	12.05	12.10	1862800	22647948.00
2019/06/27	12.06	12.21	12.06	12.10	848466	10295292.00
2019/06/28	12.16	12.27	11.92	12.27	1199811	14536370.00
2019/07/01	12.33	12.66	12.30	12.63	3587537	44887580.00
2019/07/02	12.63	12.98	12.58	12.65	2990828	38139456.00
2019/07/03	12.65	12.91	12.47	12.86	2940271	37401984.00
2019/07/04	12.78	12.95	12.58	12.64	1402270	17846840.00
2019/07/05	12.65	12.75	12.51	12.75	1022590	12926119.00
2019/07/08	12.80	12.83	12.42	12.70	1953248	24631468.00
2019/07/09	12.51	12.70	12.51	12.64	814970	10270281.00
2019/07/10	12.70	12.71	12.52	12.66	1041257	13138430.00
2019/07/11	12.63	12.82	12.57	12.72	1697057	21595018.00
2019/07/12	12.72	13.11	12.72	13.08	3955997	51413464.00
2019/07/15	13.02	13.13	12.81	13.09	1986590	25854244.00
2019/07/16	13.06	13.56	13.00	13.48	4355544	58293920.00
2019/07/17	13.40	13.53	13.30	13.51	3118524	41789500.00
2019/07/18	13.40	13.42	12.95	12.97	3263664	42905044.00
2019/07/19	12.97	13.36	12.93	13.20	2676850	35165364.00
2019/07/22	13.33	13.38	12.84	12.89	1773120	23067340.00
2019/07/23	12.93	13.29	12.92	13.21	2114790	27802610.00
2019/07/24	13.30	13.60	13.18	13.43	3030270	40772840.00
2019/07/25	13.43	13.49	13.30	13.31	1855460	24825268.00
2019/07/26	13.35	13.60	13.30	13.44	2545260	34208580.00
2019/07/29	13.41	13.75	13.21	13.68	2426710	32800980.00
2019/07/30	13.69	13.73	13.49	13.56	2101390	28552758.00
2019/07/31	13.51	13.53	13.20	13.21	2391420	31844268.00
2019/08/01	13.19	13.45	13.17	13.31	1931620	25778404.00
2019/08/02	13.02	13.15	12.93	13.15	2523565	32885180.00
2019/08/05	13.10	13.13	12.60	12.73	2520414	32345402.00
2019/08/06	12.38	12.75	11.82	12.51	6292809	77321032.00
2019/08/07	12.46	12.49	12.09	12.09	1451970	17843544.00
2019/08/08	12.13	12.21	12.00	12.06	1292519	15647439.00
2019/08/09	12.13	12.28	11.82	11.95	1883454	22692208.00
2019/08/12	11.90	12.22	11.84	12.19	1173016	14119390.00
2019/08/13	12.04	12.23	12.00	12.13	779200	9445920.00
2019/08/14	12.25	12.39	12.22	12.25	1201840	14771880.00
2019/08/15	11.95	12.29	11.90	12.25	1187488	14391673.00
2019/08/16	12.25	12.50	12.20	12.26	1239640	15275460.00
2019/08/19	12.29	12.55	12.29	12.52	1832159	22829704.00
2019/08/20	12.32	12.55	12.32	12.40	1542040	19238316.00
2019/08/21	12.37	12.85	12.28	12.77	2458917	31059162.00
2019/08/22	12.80	12.80	12.51	12.61	1862418	23534746.00
2019/08/23	12.60	12.66	12.43	12.50	1189790	14908802.00
2019/08/26	12.32	12.45	12.25	12.35	1033780	12771082.00
2019/08/27	12.42	12.59	12.42	12.51	1244520	15566443.00
2019/08/28	12.45	12.45	12.11	12.25	2755160	33685168.00
2019/08/29	12.20	12.30	12.16	12.19	1294380	15802050.00
2019/08/30	12.28	12.30	11.84	12.18	2718410	32782724.00
2019/09/02	12.07	12.30	12.01	12.21	1584106	19300416.00
2019/09/03	12.20	12.28	12.12	12.22	1215979	14817992.00
2019/09/04	12.15	12.30	12.04	12.22	2117079	25756988.00
2019/09/05	12.26	12.50	12.20	12.37	3116919	38506720.00
2019/09/06	12.37	12.54	12.34	12.50	1767590	22018156.00
2019/09/09	12.71	12.79	12.50	12.79	3182404	40313348.00
2019/09/10	12.82	12.86	12.56	12.65	2764150	35006740.00
2019/09/11	12.71	12.73	12.57	12.60	1991614	25170200.00
2019/09/12	12.60	12.94	12.56	12.79	3055884	39136156.00
2019/09/16	12.86	13.08	12.77	12.86	2514880	32490872.00
2019/09/17	12.84	12.84	12.54	12.64	2036480	25817164.00
2019/09/18	12.61	12.74	12.61	12.68	1314176	16673335.00
2019/09/19	12.72	13.27	12.72	13.15	4732586	61669336.00
2019/09/20	13.16	13.35	13.01	13.28	3444218	45421596.00
2019/09/23	13.27	13.59	13.15	13.26	3934391	52660672.00
2019/09/24	13.33	13.64	13.30	13.39	4279399	57662808.00
2019/09/25	13.38	13.51	13.20	13.28	2862640	38194204.00
2019/09/26	13.38	13.48	12.94	13.05	3299078	43373928.00
2019/09/27	13.07	13.60	12.98	13.52	5166479	69331376.00
2019/09/30	13.50	13.66	13.03	13.03	3158149	41825132.00
2019/10/08	13.03	13.04	12.64	12.64	2949003	37917224.00
2019/10/09	12.68	12.78	12.45	12.65	1355289	17142276.00
2019/10/10	12.52	12.77	12.52	12.66	1640913	20753788.00
2019/10/11	12.66	12.74	12.38	12.49	1670474	20877052.00
2019/10/14	12.56	12.86	12.56	12.72	2323806	29601670.00
2019/10/15	12.64	12.64	12.19	12.25	2989080	36946832.00
2019/10/16	12.26	12.34	12.21	12.23	1498110	18362424.00
2019/10/17	12.27	12.27	12.12	12.15	1136900	13851023.00
2019/10/18	12.15	12.22	12.02	12.05	1050450	12725298.00
2019/10/21	12.03	12.15	11.85	12.02	1221371	14673184.00
2019/10/22	12.11	12.11	12.01	12.09	820700	9895509.00
2019/10/23	12.09	12.24	12.00	12.15	1124584	13604286.00
2019/10/24	12.13	12.21	11.94	11.94	1268810	15275436.00
2019/10/25	11.95	12.02	11.88	11.94	973221	11618838.00
2019/10/28	11.96	12.08	11.91	12.07	2427718	29134016.00
2019/10/29	12.07	12.13	12.00	12.00	1551389	18738044.00
2019/10/30	12.00	12.00	11.72	11.78	2073280	24500526.00
2019/10/31	11.79	11.84	11.56	11.58	1626064	19003288.00
2019/11/01	11.58	11.79	11.55	11.70	1181676	13799674.00
2019/11/04	11.77	11.77	11.57	11.62	934270	10917720.00
2019/11/05	11.67	11.72	11.60	11.64	1163122	13562368.00
2019/11/06	11.69	11.72	11.44	11.46	1800735	20842680.00
2019/11/07	11.40	11.55	11.39	11.46	1360847	15593305.00
2019/11/08	11.54	11.57	11.42	11.45	1219030	13998879.00
2019/11/11	11.36	11.37	10.98	11.02	1763150	19626520.00
2019/11/12	11.01	11.07	10.88	11.06	938316	10299655.00
2019/11/13	11.04	11.04	10.87	10.90	890689	9739304.00
2019/11/14	10.98	11.01	10.88	10.88	887291	9709668.00
2019/11/15	10.97	11.08	10.85	10.94	1172231	12880199.00
2019/11/18	10.94	11.07	10.91	11.01	1471880	16168377.00
2019/11/19	11.05	11.06	10.93	11.06	2322312	25536870.00
2019/11/20	11.06	11.06	10.88	10.88	2179680	23827744.00
2019/11/21	10.87	10.95	10.50	10.54	2598180	27594432.00
2019/11/22	10.55	10.64	10.41	10.47	1753857	18466320.00
2019/11/25	10.53	10.59	10.42	10.49	1131780	11866792.00
2019/11/26	10.49	10.56	10.28	10.38	1561883	16238662.00
2019/11/27	10.39	10.41	10.23	10.36	2149861	22136284.00
2019/11/28	10.68	10.68	10.33	10.51	2426590	25477464.00
2019/11/29	10.41	10.51	10.34	10.44	1265008	13182376.00
2019/12/02	10.44	10.50	10.21	10.27	2010700	20748806.00
2019/12/03	10.23	10.43	10.14	10.40	1680738	17255000.00
2019/12/04	10.32	10.43	10.27	10.30	1504746	15563250.00
2019/12/05	10.31	10.54	10.31	10.50	1818560	19019794.00
2019/12/06	10.47	10.57	10.38	10.57	2179542	22863904.00
2019/12/09	10.59	10.80	10.58	10.62	2546378	27213014.00
2019/12/10	10.62	10.69	10.52	10.66	1393532	14775478.00
2019/12/11	10.69	10.85	10.60	10.62	1950219	20870540.00
2019/12/12	10.62	10.68	10.52	10.54	1238933	13130834.00
2019/12/13	10.62	10.76	10.61	10.72	1615400	17262244.00
2019/12/16	10.83	10.96	10.74	10.95	2013038	21892424.00
2019/12/17	10.96	11.22	10.93	11.15	2809046	31285360.00
2019/12/18	11.14	11.34	11.07	11.10	2599239	29049232.00
2019/12/19	11.14	11.23	10.85	11.14	1898000	21078076.00
2019/12/20	11.10	11.19	10.98	10.98	1428100	15831648.00
2019/12/23	11.01	11.10	10.84	10.84	1580776	17279104.00
2019/12/24	10.84	10.96	10.81	10.96	920930	10031064.00
2019/12/25	10.95	11.10	10.87	11.06	1295679	14279176.00
2019/12/26	11.10	11.13	11.00	11.09	1447903	16007542.00
2019/12/27	11.14	11.24	11.00	11.01	1815063	20125780.00
2019/12/30	11.01	11.06	10.83	11.05	1711257	18730436.00
2019/12/31	11.01	11.18	11.01	11.08	1216750	13494927.00
2020/01/02	11.18	11.25	11.09	11.25	2221135	24876928.00
2020/01/03	11.23	11.32	11.16	11.25	1721310	19334930.00
2020/01/06	11.25	11.79	11.16	11.73	5026280	57812820.00
2020/01/07	11.70	11.90	11.62	11.72	3074990	36098312.00
2020/01/08	11.66	11.79	11.52	11.53	2074469	24180758.00
2020/01/09	11.65	11.75	11.58	11.72	1458875	17015808.00
2020/01/10	11.70	11.74	11.45	11.54	1785920	20660572.00
2020/01/13	11.52	11.92	11.52	11.83	2759775	32539472.00
2020/01/14	11.83	11.95	11.74	11.90	2118330	25106348.00
2020/01/15	11.87	11.98	11.75	11.89	1494900	17703878.00
2020/01/16	11.98	11.98	11.79	11.87	1391475	16497858.00
2020/01/17	11.89	11.89	11.67	11.71	1281270	15077753.00
2020/01/20	11.70	11.86	11.67	11.81	1166050	13739261.00
2020/01/21	11.71	12.08	11.71	11.91	2253207	26914380.00
2020/01/22	11.88	12.24	11.79	12.16	2520431	30398944.00
2020/01/23	12.03	12.12	11.58	11.78	2266966	26924636.00
2020/02/03	10.60	10.84	10.60	10.60	2983200	31639564.00
2020/02/04	10.50	10.71	10.48	10.61	3060417	32479984.00
2020/02/05	10.61	10.88	10.60	10.81	3280205	35272216.00
2020/02/06	10.75	11.14	10.61	11.09	3136898	34080448.00
2020/02/07	11.05	11.20	10.91	11.15	2163316	23987056.00
2020/02/10	11.15	11.39	11.05	11.30	1869140	21070134.00
2020/02/11	11.32	11.48	11.07	11.09	2232414	24970936.00
2020/02/12	11.14	11.28	11.02	11.19	1781665	19895498.00
2020/02/13	11.22	11.37	11.02	11.15	1877280	20974338.00
2020/02/14	11.14	11.23	11.06	11.15	1301690	14502918.00
2020/02/17	11.15	11.56	11.13	11.41	3067413	34809496.00
2020/02/18	11.45	11.68	11.36	11.51	3018164	34684324.00
2020/02/19	11.58	12.34	11.46	12.11	6818926	81776176.00
2020/02/20	12.05	12.77	12.05	12.57	9840647	122637984.00
2020/02/21	12.49	12.88	12.37	12.58	8488554	107044096.00
2020/02/24	12.60	13.84	12.39	13.57	12761029	170371280.00
2020/02/25	13.19	14.30	13.10	14.28	12789412	175134208.00
2020/02/26	14.28	15.71	14.06	15.25	26364182	394379840.00
2020/02/27	15.30	15.68	13.73	14.00	20096395	289735584.00
2020/02/28	13.12	13.60	12.60	12.60	12719137	164682544.00
2020/03/02	12.80	13.38	12.67	13.14	9314667	121127456.00
2020/03/03	13.28	13.64	12.93	12.98	8879345	117855904.00
2020/03/04	12.76	12.96	12.59	12.88	6377918	81599968.00
2020/03/05	13.14	13.35	12.91	13.18	5646970	74165200.00
2020/03/06	12.83	13.29	12.70	13.07	5927614	76852376.00
2020/03/09	12.76	13.33	12.73	12.81	5835985	75910488.00
2020/03/10	12.68	13.28	12.38	13.24	6223014	80372736.00
2020/03/11	13.29	13.52	12.84	12.89	6007944	79523568.00
2020/03/12	12.70	13.31	12.60	12.93	5051578	65271328.00
2020/03/13	12.00	12.92	12.00	12.66	4553292	57251312.00
2020/03/16	12.80	13.13	12.33	12.33	5538825	70478024.00
2020/03/17	12.43	12.69	11.92	12.12	4339692	52923872.00
2020/03/18	12.20	12.48	11.63	11.63	4721825	57101968.00
2020/03/19	11.88	11.99	11.55	11.95	4365035	51580284.00
2020/03/20	12.07	12.32	11.94	12.14	2892095	34998424.00
2020/03/23	11.65	11.78	11.23	11.28	3755412	43337268.00
2020/03/24	11.60	11.64	10.92	11.36	3295788	37236196.00
2020/03/25	11.60	11.67	11.42	11.58	2922010	33722120.00
2020/03/26	11.48	11.54	11.20	11.26	2250390	25616456.00
2020/03/27	11.40	11.45	11.17	11.22	1996080	22627620.00
2020/03/30	11.23	12.34	11.18	12.34	9196433	109453640.00
2020/03/31	12.71	13.57	12.66	13.57	24906166	330322848.00
2020/04/01	13.66	14.19	12.85	13.32	18944032	254410176.00
2020/04/02	13.35	13.86	12.94	13.78	18040867	241823392.00
2020/04/03	13.36	14.65	13.30	13.84	19751934	275115712.00
2020/04/07	14.30	14.30	13.50	13.86	16510596	229358848.00
2020/04/08	13.55	13.57	12.90	13.16	13382545	176309264.00
2020/04/09	13.20	13.58	13.03	13.33	10310696	137078048.00
2020/04/10	13.15	13.30	12.40	12.48	9003306	114932224.00
2020/04/13	12.43	12.48	11.90	11.95	5644870	68295424.00
2020/04/14	12.03	12.14	11.95	12.09	4293250	51680720.00
2020/04/15	12.08	12.28	11.88	11.99	4550300	55093372.00
2020/04/16	11.80	12.18	11.66	12.12	3900584	46548896.00
2020/04/17	12.14	12.24	11.90	11.99	3972404	47856352.00
2020/04/20	11.78	12.17	11.78	12.04	2695390	32358788.00
2020/04/21	11.97	12.00	11.71	11.85	2741056	32469604.00
2020/04/22	11.78	12.09	11.72	12.03	2360490	28211790.00
2020/04/23	12.00	12.01	11.80	11.83	2687880	31964862.00
2020/04/24	11.77	11.88	11.51	11.52	3135240	36531620.00
2020/04/27	11.66	11.66	11.29	11.34	3850154	43999956.00
2020/04/28	11.34	11.34	10.63	11.18	4517715	49687928.00
2020/04/29	11.07	11.39	11.02	11.20	1817292	20391232.00
2020/04/30	11.15	11.55	11.12	11.44	2141281	24361384.00
2020/05/06	11.33	11.48	11.23	11.43	3021152	34304336.00
2020/05/07	11.42	11.85	11.42	11.54	4044052	47047044.00
2020/05/08	11.69	11.77	11.46	11.65	3100332	36065568.00
2020/05/11	11.65	11.74	11.61	11.66	2114763	24652320.00
2020/05/12	11.60	11.68	11.42	11.65	1949304	22589394.00
2020/05/13	11.51	11.82	11.51	11.71	1744347	20443002.00
2020/05/14	11.60	11.70	11.46	11.46	1825740	21105300.00
2020/05/15	11.59	11.79	11.59	11.66	2115390	24711636.00
2020/05/18	11.60	11.63	11.22	11.29	2415795	27594456.00
2020/05/19	11.31	11.42	11.24	11.35	1704330	19268702.00
2020/05/20	11.33	11.48	11.21	11.38	1735100	19692264.00
2020/05/21	11.38	11.43	11.26	11.28	1439150	16340914.00
2020/05/22	11.31	11.35	11.03	11.08	1541970	17215276.00
2020/05/25	11.10	11.29	11.08	11.17	1168408	13062723.00
2020/05/26	11.20	11.35	11.13	11.34	1958668	22100388.00
2020/05/27	11.34	12.47	11.31	12.47	12698689	155518256.00
2020/05/28	12.43	12.85	12.28	12.42	11643660	145405168.00
2020/05/29	12.58	12.70	12.17	12.48	5820701	72462552.00
2020/06/01	12.45	12.77	12.35	12.74	5112233	64492216.00
2020/06/02	12.74	12.84	12.53	12.68	4406256	55839036.00
2020/06/03	12.84	12.84	12.56	12.62	3355501	42577316.00
2020/06/04	12.70	12.74	12.49	12.54	2435570	30627452.00
2020/06/05	12.64	12.83	12.35	12.69	2849830	35925356.00
2020/06/08	12.79	13.28	12.53	13.16	5370048	69632504.00
2020/06/09	13.14	13.35	13.02	13.08	3033713	39894412.00
2020/06/10	13.08	13.24	12.97	13.12	1612219	21125420.00
2020/06/11	13.17	13.17	12.88	12.95	2197850	28624520.00
2020/06/12	12.70	13.08	12.60	12.90	2519287	32410732.00
2020/06/15	12.90	13.47	12.83	13.28	4106719	54520220.00
2020/06/16	13.36	13.57	13.21	13.37	3619892	48492420.00
2020/06/17	13.36	13.52	13.25	13.50	2201839	29546516.00
2020/06/18	13.47	13.57	13.28	13.54	1946041	26153742.00
2020/06/19	13.47	14.14	13.47	13.79	4311909	59761172.00
2020/06/22	13.82	14.18	13.71	13.89	4131751	57730392.00
2020/06/23	13.92	14.04	13.55	13.59	3513636	48242176.00
2020/06/24	13.55	13.79	13.30	13.37	3377229	45340508.00
2020/06/29	13.34	13.40	13.04	13.10	2765730	36478616.00
2020/06/30	13.14	13.32	12.96	13.04	3135940	41054908.00
2020/07/01	13.05	13.23	13.04	13.17	1777957	23345972.00
2020/07/02	13.20	13.34	12.80	13.02	4447459	58205108.00
2020/07/03	13.07	13.23	13.03	13.17	2303490	30245952.00
2020/07/06	13.25	13.63	13.15	13.63	4462092	59930112.00
2020/07/07	13.78	13.90	13.45	13.66	4186558	57396484.00
2020/07/08	13.69	14.10	13.45	13.95	4916067	67907232.00
2020/07/09	14.01	14.15	13.74	14.01	4973479	69349920.00
2020/07/10	14.01	14.38	13.86	14.08	4826922	68444416.00
2020/07/13	14.12	14.41	14.07	14.41	4034121	57570584.00
2020/07/14	14.34	14.52	13.91	14.10	4526777	63965312.00
2020/07/15	14.12	14.30	13.72	13.78	3305696	46121896.00
2020/07/16	13.88	14.00	13.34	13.35	3940305	53982240.00
2020/07/17	13.48	13.59	13.07	13.23	2323995	30956524.00
2020/07/20	13.19	13.98	13.19	13.98	2813146	38722836.00
2020/07/21	13.98	14.33	13.92	14.17	3041670	42964032.00
2020/07/22	14.17	14.43	14.01	14.07	2284501	32441932.00
2020/07/23	14.01	14.29	13.81	14.21	2908021	40933540.00
2020/07/24	14.16	14.30	13.34	13.39	3430630	47138720.00
2020/07/27	13.47	13.65	13.10	13.29	1723789	22929096.00
2020/07/28	13.35	14.15	13.30	13.87	3291815	45565524.00
2020/07/29	13.87	14.02	13.67	13.97	2351736	32663416.00
2020/07/30	13.95	14.15	13.87	14.06	2451297	34355724.00
2020/07/31	14.09	14.15	13.77	14.14	2386698	33413774.00
2020/08/03	14.20	14.40	14.18	14.28	2687183	38389968.00
2020/08/04	14.28	14.82	14.17	14.39	4446562	64493836.00
2020/08/05	14.39	14.39	14.08	14.25	2645442	37624780.00
2020/08/06	14.24	15.57	13.94	15.50	9421676	140332336.00
2020/08/07	15.25	15.64	15.08	15.22	5505014	84327904.00
2020/08/10	15.25	16.50	15.25	16.11	8458849	135274544.00
2020/08/11	16.22	16.74	15.95	16.05	7334028	119948800.00
2020/08/12	16.23	16.28	15.22	15.65	5432759	84861912.00
2020/08/13	15.66	15.86	15.21	15.50	3398384	53210376.00
2020/08/14	15.49	15.66	15.14	15.61	2631594	40831356.00
2020/08/17	15.63	16.14	15.60	16.07	3457105	55143392.00
2020/08/18	16.10	17.68	15.95	17.68	9262642	159590080.00
2020/08/19	18.14	19.45	18.05	18.50	15034053	283167808.00
2020/08/20	18.37	19.35	18.26	18.78	9732852	182496096.00
2020/08/21	18.90	19.67	18.77	19.50	8245045	158768128.00
2020/08/24	19.40	20.39	18.66	20.00	9138015	180014048.00
2020/08/25	19.97	21.84	19.83	21.65	9965473	211815504.00
2020/08/26	21.51	21.66	20.05	20.42	9526240	197267952.00
2020/08/27	20.55	21.48	20.14	21.19	6571175	137173648.00
2020/08/28	20.62	21.19	19.07	20.48	9759597	196972464.00
2020/08/31	20.41	21.46	20.41	21.33	5524447	116280720.00
2020/09/01	21.51	21.77	20.93	21.72	4438697	94958560.00
2020/09/02	21.80	21.80	20.48	20.60	7122708	148817408.00
2020/09/03	20.83	22.07	20.62	21.08	5796543	123735864.00
2020/09/04	20.74	21.60	20.40	21.17	4862281	102559184.00
2020/09/07	21.16	21.34	20.31	20.46	4066142	84548392.00
2020/09/08	20.46	20.80	20.00	20.40	3243533	65942140.00
2020/09/09	20.39	20.43	19.48	19.65	3978267	79483344.00
2020/09/10	19.71	20.17	19.55	19.98	5583944	111141840.00
2020/09/11	20.03	20.57	19.04	20.40	5209844	104606912.00
2020/09/14	20.68	20.68	19.71	19.94	5258424	104867664.00
2020/09/15	20.30	21.17	19.68	20.78	4595814	94698824.00
2020/09/16	20.78	21.27	20.48	21.00	2253724	46974676.00
2020/09/17	21.14	21.19	20.30	20.74	2597410	53467620.00
2020/09/18	20.77	21.61	20.55	21.23	2590646	54723596.00
2020/09/21	21.23	21.46	20.13	20.36	3705170	76031488.00
2020/09/22	20.39	20.66	20.17	20.41	2005336	40944680.00
2020/09/23	20.45	20.59	20.15	20.49	1220834	24902472.00
2020/09/24	20.74	20.97	19.78	19.81	2621481	53320576.00
2020/09/25	19.91	20.77	19.51	20.17	3551159	72072888.00
2020/09/28	20.52	20.72	19.40	19.54	1972014	39118900.00
2020/09/29	19.44	19.83	19.00	19.45	1998252	38773888.00
2020/09/30	19.73	20.17	19.50	19.75	3242034	64445472.00
2020/10/09	20.11	20.37	19.25	19.89	3893118	76908720.00
2020/10/12	19.99	21.39	19.99	21.12	4840220	100975688.00
2020/10/13	21.28	22.35	21.10	22.04	4601473	100807912.00
2020/10/14	21.99	22.57	21.78	21.93	5001374	110380176.00
2020/10/15	22.09	22.45	21.80	22.27	3929894	87009776.00
2020/10/16	22.33	22.70	21.85	22.50	5109531	113940368.00
2020/10/19	22.62	22.70	21.10	21.41	5944181	128050056.00
2020/10/20	21.53	22.10	21.21	21.91	4078189	88522048.00
2020/10/21	21.95	22.18	21.18	21.22	2890580	62349176.00
2020/10/22	21.17	21.28	20.00	20.60	2945222	60799456.00
2020/10/23	20.67	20.96	19.98	20.06	2318820	47088664.00
2020/10/26	19.89	20.33	19.30	20.24	1359840	27136304.00
2020/10/27	20.32	20.32	19.87	20.09	1613242	32290958.00
2020/10/28	20.44	20.44	19.40	19.90	1636820	32362502.00
2020/10/29	19.74	19.79	19.20	19.34	2856930	55507648.00
2020/10/30	19.74	19.80	18.37	18.42	3236616	61001888.00
2020/11/02	18.55	19.10	18.45	18.65	3473040	65105760.00
2020/11/03	18.72	18.95	18.12	18.38	3380920	62139724.00
2020/11/04	18.39	18.57	17.92	18.14	2678819	48594392.00
2020/11/05	18.22	18.33	17.79	18.09	3069620	55214656.00
2020/11/06	18.20	18.29	17.55	17.86	2674950	47656620.00
2020/11/09	17.99	18.11	17.62	17.91	2862435	51217240.00
2020/11/10	17.98	18.18	17.60	17.73	2653689	47425452.00
2020/11/11	17.84	18.10	17.36	17.38	2738041	48409292.00
2020/11/12	17.38	17.75	17.28	17.43	2076391	36224372.00
2020/11/13	17.36	17.51	17.20	17.39	1413960	24493668.00
2020/11/16	17.28	17.49	16.93	17.30	1908982	32824428.00
2020/11/17	17.22	17.38	16.79	17.12	2086505	35421424.00
2020/11/18	17.03	17.24	16.68	16.82	1927279	32538620.00
2020/11/19	16.95	16.96	16.56	16.91	1703801	28608060.00
2020/11/20	16.93	17.42	16.61	16.84	2055140	34685168.00
2020/11/23	16.94	16.95	16.43	16.55	2451565	40743104.00
2020/11/24	16.49	16.76	16.41	16.59	1693274	28049300.00
2020/11/25	16.63	16.66	16.14	16.28	2173614	35557964.00
2020/11/26	16.21	16.39	15.94	16.21	2340512	37799904.00
2020/11/27	16.22	16.31	15.99	16.27	1693820	27382300.00
2020/11/30	16.37	16.38	15.70	15.71	2865659	45449656.00
2020/12/01	15.93	16.26	15.73	16.16	2464174	39673520.00
2020/12/02	16.21	16.25	15.82	16.07	1942742	31137524.00
2020/12/03	16.08	16.30	15.86	15.98	2102981	33651152.00
2020/12/04	16.10	16.16	15.70	15.98	1914893	30534336.00
2020/12/07	16.05	16.37	15.88	15.91	1941200	31077482.00
2020/12/08	15.84	15.99	15.65	15.72	1906739	30081358.00
2020/12/09	15.63	15.90	15.38	15.40	1930943	30242350.00
2020/12/10	15.39	15.70	15.26	15.67	1399016	21703618.00
2020/12/11	15.60	15.76	14.83	15.00	2741526	41424676.00
2020/12/14	15.09	15.93	15.01	15.79	5193517	81120128.00
2020/12/15	15.68	15.68	14.87	15.38	4846942	73959656.00
2020/12/16	15.34	16.10	15.34	15.80	4906868	77378176.00
2020/12/17	15.81	16.58	15.68	16.50	6086422	99046264.00
2020/12/18	16.38	17.22	16.34	17.11	6249568	105686568.00
2020/12/21	17.21	17.24	16.05	16.32	8899484	146442768.00
2020/12/22	16.12	16.66	16.10	16.35	4454439	73205856.00
2020/12/23	16.35	16.55	16.10	16.34	2915243	47581856.00
2020/12/24	16.28	16.98	16.21	16.53	3485670	58088616.00
2020/12/25	16.55	16.68	16.04	16.21	2708004	44081856.00
2020/12/28	16.06	16.22	15.46	15.46	3932017	61764872.00
2020/12/29	15.69	15.69	15.10	15.29	2948876	45132572.00
2020/12/30	15.35	15.82	15.16	15.66	2259398	34934088.00
2020/12/31	15.63	15.74	15.44	15.58	2100601	32664770.00
2021/01/04	15.61	17.14	15.50	17.14	6820313	115218560.00
2021/01/05	17.00	17.17	16.46	16.73	8290316	139615280.00
2021/01/06	16.60	17.27	16.51	16.90	6197993	104768760.00
2021/01/07	16.94	17.03	16.20	16.35	4086076	67376336.00
2021/01/08	16.35	16.40	15.84	15.93	3402467	54443584.00
2021/01/11	15.75	16.58	15.61	16.25	3347285	54378552.00
2021/01/12	16.20	16.50	15.95	16.41	2682773	43710120.00
2021/01/13	16.28	16.38	15.33	15.44	4165374	65133556.00
2021/01/14	15.43	16.18	15.43	15.66	2744505	43328220.00
2021/01/15	15.62	16.50	15.40	16.36	3696316	59525144.00
2021/01/18	16.40	16.94	16.31	16.49	3336366	55370444.00
2021/01/19	16.31	16.71	16.18	16.20	2345662	38502364.00
2021/01/20	16.28	16.78	16.07	16.33	2458990	40255124.00
2021/01/21	16.32	16.99	16.16	16.88	4040587	67466392.00
2021/01/22	16.83	16.93	16.01	16.59	2422676	40179412.00
2021/01/25	16.51	16.79	16.01	16.12	2499661	40673448.00
2021/01/26	16.10	16.11	15.46	15.50	3501911	55103984.00
2021/01/27	15.39	15.69	14.85	14.88	3165453	47961604.00
2021/01/28	14.79	15.16	14.00	14.17	4653120	67431992.00
2021/01/29	14.23	14.36	13.60	13.84	2399363	33404960.00
2021/02/01	13.85	14.64	13.84	14.50	3401933	48886548.00
2021/02/02	14.50	15.22	14.40	15.20	2900387	43392656.00
2021/02/03	15.29	15.38	14.32	14.37	4001689	58686456.00
2021/02/04	14.08	14.53	13.70	13.80	5680853	79383416.00
2021/02/05	13.89	13.95	13.06	13.11	3734201	50125092.00
2021/02/08	13.12	13.23	12.84	12.98	2198084	28661722.00
2021/02/09	12.92	13.45	12.92	13.43	2022700	26887788.00
2021/02/10	13.32	13.64	13.18	13.38	1620985	21677380.00
2021/02/18	13.58	14.04	13.51	13.90	2082101	28728362.00
2021/02/19	13.99	14.48	13.70	14.41	2456260	34911024.00
2021/02/22	14.47	14.78	14.21	14.32	2858108	41468252.00
2021/02/23	14.34	14.61	14.04	14.07	1944271	27649910.00
2021/02/24	14.22	14.38	13.91	13.96	1912053	26993094.00
2021/02/25	14.12	14.19	13.60	13.71	1421790	19582754.00
2021/02/26	13.54	13.90	13.51	13.71	1561778	21406242.00
2021/03/01	13.70	14.58	13.56	14.48	2513450	35839588.00
2021/03/02	14.48	14.96	14.36	14.87	3796360	55826284.00
2021/03/03	14.78	15.01	14.55	14.83	2658002	39190612.00
2021/03/04	14.76	14.98	14.48	14.55	2463555	36222976.00
2021/03/05	14.41	14.79	14.41	14.58	1834346	26787946.00
2021/03/08	14.61	15.17	14.56	14.71	2846142	42275628.00
2021/03/09	14.63	14.70	14.06	14.20	2417416	34622980.00
2021/03/10	14.20	14.34	13.80	13.85	1826782	25598968.00
2021/03/11	13.85	14.22	13.85	14.16	1019780	14368217.00
2021/03/12	14.06	14.84	13.94	14.73	2709404	39439480.00
2021/03/15	14.73	14.84	14.24	14.33	2158822	31329578.00
2021/03/16	14.37	15.15	14.21	14.78	2804387	41469024.00
2021/03/17	14.65	14.97	14.57	14.78	2300872	33976868.00
2021/03/18	14.74	14.85	14.53	14.67	1204501	17632400.00
2021/03/19	14.51	14.91	14.48	14.57	1587961	23356944.00
2021/03/22	14.58	15.55	14.58	15.49	3309778	50424196.00
2021/03/23	15.67	16.25	15.50	15.61	3864134	61038504.00
2021/03/24	15.58	16.14	15.30	15.56	2972161	46647424.00
2021/03/25	15.53	15.67	15.10	15.48	1939256	29923838.00
2021/03/26	15.58	15.78	15.26	15.60	1810333	28197358.00
2021/03/29	15.58	15.90	15.44	15.50	1874470	29297644.00
2021/03/30	15.44	15.50	15.12	15.24	1448578	22090652.00
2021/03/31	15.10	15.31	14.92	15.05	1487737	22349146.00
2021/04/01	15.05	15.20	14.93	15.10	956200	14383552.00
2021/04/02	15.10	15.10	14.80	15.04	1213047	18121692.00
2021/04/06	14.94	15.15	14.86	15.03	849722	12701484.00
2021/04/07	14.90	15.03	14.76	14.88	910532	13551914.00
2021/04/08	14.87	15.04	14.73	14.79	1245533	18504058.00
2021/04/09	15.02	15.02	14.52	14.60	1417917	20916666.00
2021/04/12	14.60	14.76	14.10	14.18	1325877	18979102.00
2021/04/13	14.20	14.23	13.65	13.71	1676476	23143512.00
2021/04/14	13.70	14.08	13.60	13.93	1472031	20448082.00
2021/04/15	13.93	14.16	13.79	13.92	967444	13498020.00
2021/04/16	13.85	14.47	13.85	14.37	1496788	21364982.00
2021/04/19	14.49	14.80	14.35	14.65	1376345	20201608.00
2021/04/20	14.59	14.88	14.50	14.50	1097234	16081800.00
2021/04/21	14.46	15.25	14.41	15.00	2743113	41028984.00
2021/04/22	15.31	16.50	15.31	16.49	10162636	164633984.00
2021/04/23	16.25	16.73	16.01	16.43	6552835	106913888.00
2021/04/26	16.50	18.05	16.36	17.88	9351268	163873280.00
2021/04/27	17.93	18.44	17.79	18.29	9772537	178044512.00
2021/04/28	18.39	20.12	18.18	20.12	9863738	193338064.00
2021/04/29	19.79	20.22	19.51	20.14	6112360	121689632.00
2021/04/30	19.99	20.92	19.69	20.50	6767416	138649936.00
2021/05/06	20.91	21.00	19.69	20.07	6032511	121096096.00
2021/05/07	20.08	20.20	18.11	18.50	12027919	227178160.00
2021/05/10	18.55	18.70	17.88	18.22	6794444	123247544.00
2021/05/11	18.29	18.40	17.81	18.20	3639186	65873456.00
2021/05/12	18.07	18.52	17.72	18.30	4075350	74246528.00
2021/05/13	18.15	18.39	17.91	18.02	2194919	39733156.00
2021/05/14	18.08	18.36	17.55	18.02	4288984	77224584.00
2021/05/17	18.07	18.28	17.51	17.73	3462560	62084300.00
2021/05/18	17.82	18.48	17.23	18.30	4676094	83624992.00
2021/05/19	18.06	18.11	17.46	17.58	3316459	58976824.00
2021/05/20	17.58	17.71	17.07	17.23	3056307	52732840.00
2021/05/21	17.23	17.58	16.98	17.08	2808485	48178444.00
2021/05/24	17.37	17.68	17.03	17.31	2864513	49687792.00
2021/05/25	17.25	18.06	17.21	17.73	3575589	63562496.00
2021/05/26	17.87	17.87	17.28	17.29	2550007	44422300.00
2021/05/27	17.19	17.98	17.12	17.75	2676454	47329376.00
2021/05/28	17.79	18.14	17.49	17.64	2553381	45350780.00
2021/05/31	17.60	17.90	17.19	17.40	2368554	41269888.00
2021/06/01	17.43	17.59	17.12	17.25	2754444	47572728.00
2021/06/02	17.31	17.45	17.04	17.14	1600606	27532966.00
2021/06/03	17.07	18.50	16.92	17.76	6040566	107878840.00
2021/06/04	17.77	17.95	16.68	16.88	4974662	85165904.00
2021/06/07	16.91	17.48	16.83	17.05	2958851	50861556.00
2021/06/08	17.06	17.39	16.58	16.62	1908270	32010736.00
2021/06/09	16.59	16.83	16.42	16.78	2089670	34803844.00
2021/06/10	16.78	16.80	16.36	16.62	3281400	54267112.00
2021/06/11	16.64	17.07	16.01	16.08	3862580	63554140.00
2021/06/15	16.02	16.40	15.71	15.92	3795061	60421652.00
2021/06/16	16.11	16.34	15.95	16.15	3601129	58140500.00
2021/06/17	16.12	16.62	16.08	16.30	2110544	34550984.00
2021/06/18	16.40	16.86	16.40	16.80	2555043	42632560.00
2021/06/21	16.67	17.12	16.52	17.05	3219300	54284680.00
2021/06/22	17.04	17.25	16.80	16.80	2575237	43680972.00
2021/06/23	16.77	16.94	16.49	16.79	3992918	66509772.00
2021/06/24	16.78	17.06	16.57	16.67	2780789	46662232.00
2021/06/25	16.67	17.38	16.62	17.24	3612330	61816676.00
2021/06/28	17.20	17.20	16.68	17.13	3128201	52982860.00
2021/06/29	17.20	18.50	17.00	18.06	8739597	157999776.00
2021/06/30	17.95	18.04	17.42	17.59	5013227	88489968.00
2021/07/01	17.70	17.80	17.17	17.43	3520393	61310156.00
2021/07/02	17.35	18.00	16.50	16.90	6742044	115259440.00
2021/07/05	16.71	17.30	16.37	16.97	5402997	90921024.00
2021/07/06	17.02	17.28	16.60	17.06	3230985	54646624.00
2021/07/07	17.09	17.79	16.88	17.75	4829543	84490736.00
2021/07/08	17.75	17.83	17.20	17.32	4568600	79443128.00
2021/07/09	17.32	17.45	16.86	17.28	3310753	56716388.00
2021/07/12	17.30	17.49	17.11	17.30	2899390	50156120.00
2021/07/13	17.31	17.32	16.71	16.98	3300407	56013940.00
2021/07/14	16.98	17.20	16.80	16.82	2820426	47917260.00
2021/07/15	16.77	16.94	16.27	16.59	2849700	47068876.00
2021/07/16	16.54	17.77	16.54	17.75	5142589	89291400.00
2021/07/19	17.66	17.69	17.25	17.44	4191061	72946432.00
2021/07/20	17.27	17.27	16.70	16.75	3628206	61253592.00
2021/07/21	16.79	18.43	16.74	18.43	4989431	89633568.00
2021/07/22	18.90	19.32	18.21	18.65	9474944	177066576.00
2021/07/23	18.64	18.64	17.68	17.87	7415529	133669064.00
2021/07/26	17.80	17.83	16.95	17.35	5949645	103301128.00
2021/07/27	17.31	17.46	16.56	16.61	5476617	93071344.00
2021/07/28	16.61	17.11	16.01	16.38	5406173	89535224.00
2021/07/29	16.50	16.88	16.48	16.65	3338556	55771664.00
2021/07/30	16.70	17.16	16.62	16.85	3354220	56757016.00
2021/08/02	16.85	18.20	16.66	17.93	7221726	126827624.00
2021/08/03	17.99	18.48	17.75	18.22	6498465	118086440.00
2021/08/04	18.32	18.38	17.90	18.06	6146786	111026856.00
2021/08/05	18.02	18.33	17.65	17.79	3487976	62380040.00
2021/08/06	18.05	18.05	17.35	17.53	3796044	66552060.00
2021/08/09	17.73	17.73	17.18	17.49	3582170	62212080.00
2021/08/10	17.40	17.93	17.25	17.88	4865303	85664680.00
2021/08/11	17.88	17.98	17.50	17.77	2854493	50563516.00
2021/08/12	17.66	18.17	17.65	17.85	2849153	50986252.00
2021/08/13	18.01	18.12	17.29	17.38	4714324	82957992.00
2021/08/16	17.38	18.58	17.13	18.32	7624242	137896320.00
2021/08/17	18.25	18.32	17.41	17.50	5456146	97599448.00
2021/08/18	17.34	17.52	16.82	16.91	4401410	75196936.00
2021/08/19	16.80	17.10	16.71	16.96	2218472	37529052.00
2021/08/20	16.96	17.09	16.61	17.02	2421985	40938660.00
2021/08/23	17.12	18.72	17.10	18.72	12902223	235517696.00
2021/08/24	19.13	20.54	18.80	20.02	16085399	316642464.00
2021/08/25	20.20	20.33	19.80	20.22	7632129	153284240.00
2021/08/26	20.51	20.61	19.67	19.71	5167233	102986352.00
2021/08/27	19.71	19.85	18.56	18.70	7438148	140937920.00
2021/08/30	19.08	19.85	19.03	19.48	8626059	167800096.00
2021/08/31	19.24	19.37	18.33	18.82	7928708	148478016.00
2021/09/01	18.85	18.99	18.02	18.13	5433330	99386448.00
2021/09/02	18.22	18.66	18.01	18.57	4458075	82316872.00
2021/09/03	18.61	19.10	18.12	18.25	4266677	79216992.00
2021/09/06	18.39	19.14	18.04	19.00	5659329	106391048.00
2021/09/07	18.95	19.64	18.80	19.59	5210803	101078600.00
2021/09/08	19.50	19.51	18.95	19.35	4086736	78628592.00
2021/09/09	19.39	19.43	19.03	19.25	2702726	51871960.00
2021/09/10	19.25	19.74	18.98	19.53	3509290	67964408.00
2021/09/13	19.53	19.53	18.50	18.55	4719070	88479984.00
2021/09/14	18.39	18.75	18.11	18.17	3245726	59666576.00
2021/09/15	18.05	18.48	17.87	18.29	1986231	36153040.00
2021/09/16	18.44	18.52	17.91	18.09	2392815	43407836.00
2021/09/17	17.99	18.28	17.68	17.79	2246538	40341636.00
2021/09/22	17.60	18.34	17.50	18.32	2611061	47319296.00
2021/09/23	18.35	18.53	18.00	18.15	2095807	38213180.00
2021/09/24	18.18	18.24	17.77	17.81	1662711	29835524.00
2021/09/27	17.89	18.10	16.70	16.89	4015686	69202200.00
2021/09/28	16.88	17.28	16.51	16.98	3349100	56316984.00
2021/09/29	16.83	17.10	16.45	16.78	2130922	35725688.00
2021/09/30	16.80	16.93	16.61	16.68	1503730	25186726.00
2021/10/08	16.75	17.15	16.12	16.31	4085977	67114448.00
2021/10/11	16.23	16.45	16.05	16.19	2113412	34199216.00
2021/10/12	16.16	16.23	15.55	15.78	2707633	42735664.00
2021/10/13	15.80	15.80	15.50	15.74	2068050	32252612.00
2021/10/14	15.68	16.34	15.59	15.92	3511846	56125816.00
2021/10/15	15.98	16.28	15.83	16.06	1782854	28777688.00
2021/10/18	16.09	16.23	15.92	16.15	1257248	20209140.00
2021/10/19	16.14	16.28	16.05	16.21	1304634	21101784.00
2021/10/20	16.22	16.58	16.11	16.56	1774713	29167092.00
2021/10/21	16.51	16.69	16.14	16.19	1549473	25354766.00
2021/10/22	16.16	17.45	16.16	17.35	5443809	92849312.00
2021/10/25	17.35	17.45	16.78	17.08	3550226	60564716.00
2021/10/26	17.11	17.58	17.08	17.30	2926013	50728008.00
2021/10/27	17.47	17.48	17.00	17.39	2207046	38087128.00
2021/10/28	17.30	17.30	16.13	16.45	4378145	73038392.00
2021/10/29	16.72	17.15	16.32	16.84	2333356	39167352.00
2021/11/01	16.83	17.17	16.50	17.00	1956552	33079620.00
2021/11/02	17.20	17.21	16.28	16.55	2895973	48165656.00
2021/11/03	16.41	16.75	16.30	16.48	1504676	24749714.00
2021/11/04	16.54	16.90	16.40	16.84	2081094	34844980.00
2021/11/05	16.82	17.15	16.71	16.78	1876950	31680720.00
2021/11/08	16.78	16.88	16.36	16.46	2287900	37695520.00
2021/11/09	16.32	17.40	16.32	17.05	4090054	69730984.00
2021/11/10	16.97	17.02	16.73	17.01	2283362	38456840.00
2021/11/11	16.91	17.21	16.75	17.07	1923064	32687130.00
2021/11/12	17.02	17.46	17.00	17.11	4353764	74787864.00
2021/11/15	17.30	17.79	17.25	17.57	3840267	67474944.00
2021/11/16	17.72	18.90	17.53	18.87	10085938	185320176.00
2021/11/17	18.90	20.76	18.90	20.76	14917010	297205536.00
2021/11/18	20.49	21.81	20.15	20.66	18924141	399236448.00
2021/11/19	20.72	21.63	19.61	20.57	13620730	279429376.00
2021/11/22	20.56	20.57	19.11	19.86	12541277	247141312.00
2021/11/23	20.20	21.85	19.81	21.21	19040104	396731360.00
2021/11/24	21.20	23.33	21.18	23.33	9731525	221130272.00
2021/11/25	24.17	24.45	21.50	21.91	19967398	446730112.00
2021/11/26	22.32	22.70	21.00	22.55	14785801	323901632.00
2021/11/29	22.22	24.65	22.02	24.08	14073541	332097696.00
2021/11/30	24.86	26.49	24.08	26.49	20806283	532885760.00
2021/12/01	27.78	28.31	26.46	27.00	22509772	614087616.00
2021/12/02	26.49	27.71	25.90	26.55	15874761	424298848.00
2021/12/03	26.76	26.86	25.24	25.50	14140404	365737760.00
2021/12/06	25.40	25.95	24.80	25.26	8808866	223669088.00
2021/12/07	25.00	26.00	24.36	24.78	13004524	326452672.00
2021/12/08	24.71	25.00	24.00	24.86	9029232	222041936.00
2021/12/09	25.01	25.12	24.00	24.15	8327555	202781648.00
2021/12/10	24.15	24.40	23.75	24.02	5246911	126201712.00
2021/12/13	24.02	24.28	23.35	23.86	5989552	143251872.00
2021/12/14	23.71	23.95	23.31	23.64	5420979	127911008.00
2021/12/15	23.63	24.38	23.51	23.65	7716173	184217296.00
2021/12/16	23.65	24.14	23.17	23.36	6022489	141301376.00
2021/12/17	23.36	23.49	22.50	22.54	6678216	152322512.00
2021/12/20	22.64	22.80	21.82	21.96	6428284	142036784.00
2021/12/21	22.16	22.46	21.77	22.37	4972619	110580016.00
2021/12/22	22.39	23.51	21.95	22.92	11676499	266736480.00
2021/12/23	22.79	23.07	21.86	22.65	7346262	164612128.00
2021/12/24	22.67	23.46	22.58	23.18	7961570	183813472.00
2021/12/27	23.04	23.04	21.92	22.27	6496902	145094480.00
2021/12/28	22.40	22.90	22.14	22.40	4033777	90797040.00
2021/12/29	22.41	23.36	22.08	23.01	5181383	118803464.00
2021/12/30	22.81	24.59	22.67	24.43	9380156	224840624.00
2021/12/31	24.00	24.37	23.43	23.71	5645429	134289616.00
2022/01/04	23.59	23.68	21.66	22.00	8301856	184786368.00
2022/01/05	22.15	22.21	21.01	21.19	4929449	105396312.00
2022/01/06	21.04	22.60	21.04	22.23	5515438	121621840.00
2022/01/07	22.12	22.66	21.18	21.36	4214561	90994352.00
2022/01/10	21.36	21.77	20.66	20.92	4713336	99283528.00
2022/01/11	20.91	21.78	20.81	21.27	3290381	70184240.00
2022/01/12	21.16	22.30	21.13	22.20	3624319	78921064.00
2022/01/13	22.07	22.19	21.62	21.70	3157227	68819136.00
2022/01/14	21.70	23.41	21.60	22.82	5837276	133800424.00
2022/01/17	22.85	23.45	22.39	22.68	4287213	97395544.00
2022/01/18	22.68	23.16	22.34	22.97	3138806	71750136.00
2022/01/19	22.98	22.98	22.01	22.23	3363200	75624816.00
2022/01/20	22.35	22.38	21.45	21.59	4642153	101171600.00
2022/01/21	21.42	21.58	20.69	20.74	4697084	98525120.00
2022/01/24	20.78	21.67	20.78	21.18	2978041	63556740.00
2022/01/25	21.24	21.41	20.57	20.61	2764218	58218352.00
2022/01/26	20.58	21.07	20.18	20.50	1600100	32975348.00
2022/01/27	20.65	20.66	19.71	19.91	2395092	47865856.00
2022/01/28	19.91	20.83	19.58	20.46	3147516	63800704.00
2022/02/07	20.62	20.99	19.63	19.98	4476655	89927232.00
2022/02/08	19.96	20.07	19.16	19.66	2656640	51921016.00
2022/02/09	19.68	20.37	19.68	20.34	2675700	53616180.00
2022/02/10	20.01	20.10	19.00	19.32	4566655	88451872.00
2022/02/11	19.14	19.30	18.48	18.59	3312200	62338952.00
2022/02/14	18.41	18.70	18.21	18.52	2746700	50653996.00
2022/02/15	18.64	19.16	18.22	18.96	3154100	59481800.00
2022/02/16	19.05	19.58	18.72	18.99	3226180	61441088.00
2022/02/17	18.88	19.42	18.85	19.18	1844490	35371972.00
2022/02/18	19.00	19.49	18.74	19.31	1780400	34167512.00
2022/02/21	19.28	19.38	18.84	19.19	1795642	34309464.00
2022/02/22	19.24	19.28	18.62	19.06	1864204	35241692.00
2022/02/23	19.06	19.93	18.86	19.68	2693450	52805464.00
2022/02/24	19.68	20.20	18.94	19.25	2793687	54652804.00
2022/02/25	19.35	19.89	19.31	19.68	1921471	37769480.00
2022/02/28	19.69	19.80	19.25	19.61	1834970	35743000.00
2022/03/01	19.61	19.79	19.20	19.41	1711280	33301652.00
2022/03/02	19.30	19.40	18.83	18.89	2490530	47278008.00
2022/03/03	18.93	18.93	18.56	18.59	1577470	29461228.00
2022/03/04	18.61	18.69	18.19	18.26	1646518	30266664.00
2022/03/07	18.30	18.44	17.68	17.81	1971049	35392624.00
2022/03/08	17.85	18.00	17.41	17.41	1827184	32268592.00
2022/03/09	17.57	17.64	16.63	17.47	3346374	57404948.00
2022/03/10	17.87	18.35	17.50	17.58	2567951	45770716.00
2022/03/11	17.28	17.82	17.03	17.69	1906600	33100770.00
2022/03/14	17.52	17.52	17.00	17.00	2091860	36042940.00
2022/03/15	16.98	17.12	16.23	16.23	3046951	50831248.00
2022/03/16	16.48	16.85	15.80	16.76	3647600	59484288.00
2022/03/17	16.82	17.19	16.75	16.97	2473820	42091928.00
2022/03/18	16.96	17.13	16.66	16.95	1943980	32799448.00
2022/03/21	16.95	17.18	16.84	17.04	2265104	38633284.00
2022/03/22	17.04	17.24	16.70	16.90	1900423	32203184.00
2022/03/23	17.00	17.39	16.86	17.11	4168744	71524232.00
2022/03/24	17.06	17.25	16.66	16.86	2233214	37698368.00
2022/03/25	17.00	17.01	16.28	16.39	2360450	39063652.00
2022/03/28	16.10	16.34	15.82	16.06	1744200	28001976.00
2022/03/29	16.20	16.45	15.90	16.00	1606500	25897524.00
2022/03/30	16.20	16.55	16.09	16.52	1736443	28401592.00
2022/03/31	16.54	16.54	16.08	16.20	1541114	24980912.00
2022/04/01	16.05	16.14	15.76	15.91	2085800	33211686.00
2022/04/06	15.91	15.91	15.13	15.22	4330900	66503028.00
2022/04/07	15.31	15.32	14.81	14.81	2085191	31280348.00
2022/04/08	14.82	15.09	14.66	14.82	1839890	27309230.00
2022/04/11	14.70	14.75	13.90	14.01	2676600	38089720.00
2022/04/12	13.92	14.45	13.92	14.43	1819363	25850036.00
2022/04/13	14.28	14.49	14.05	14.21	1985608	28297954.00
2022/04/14	14.24	14.42	13.96	14.00	2018404	28516976.00
2022/04/15	13.92	14.30	13.48	14.15	3750413	51846588.00
2022/04/18	14.08	14.88	13.68	14.83	2931900	42195220.00
2022/04/19	14.74	15.14	14.35	14.45	2649415	38883276.00
2022/04/20	14.58	15.19	14.10	14.93	4878522	72729064.00
2022/04/21	14.93	15.18	13.80	13.86	4359218	61814420.00
2022/04/22	13.84	14.25	13.80	14.03	3362591	47149680.00
2022/04/25	13.70	13.70	12.63	12.88	5112521	67160080.00
2022/04/26	12.79	12.87	12.00	12.23	2721200	33712116.00
2022/04/27	12.00	13.01	11.78	12.77	3509213	43903536.00
2022/04/28	12.74	13.20	12.49	12.98	2663300	34054384.00
2022/04/29	12.86	13.10	12.45	12.88	4550691	58064944.00
2022/05/05	12.85	13.48	12.57	13.23	3547029	46766792.00
2022/05/06	12.85	13.28	12.83	13.27	1707689	22332318.00
2022/05/09	13.01	13.25	12.95	12.99	1488300	19463452.00
2022/05/10	12.89	13.45	12.75	13.25	2540260	33528830.00
2022/05/11	13.40	14.04	13.32	13.48	3593710	49382520.00
2022/05/12	13.50	13.59	13.30	13.53	1641891	22041160.00
2022/05/13	13.62	13.83	13.50	13.75	2515300	34481672.00
2022/05/16	13.90	14.02	13.61	13.73	1547500	21347732.00
2022/05/17	13.73	13.75	13.42	13.67	1147600	15607207.00
2022/05/18	13.78	14.06	13.56	13.98	2161000	30094216.00
2022/05/19	13.79	14.38	13.72	14.12	2151890	30197080.00
2022/05/20	14.29	14.40	14.10	14.39	1943590	27758882.00
2022/05/23	14.38	14.58	14.10	14.30	1605988	22923884.00
2022/05/24	14.30	14.47	13.63	13.63	2619510	36699104.00
2022/05/25	13.65	13.97	13.43	13.73	1578480	21515484.00
2022/05/26	13.73	14.05	13.60	13.83	1958670	27061340.00
2022/05/27	13.81	14.35	13.67	13.70	2996480	41904224.00
2022/05/30	13.99	14.03	13.61	14.03	1891580	26178132.00
2022/05/31	14.07	14.41	13.76	14.32	2128181	30050232.00
2022/06/01	14.22	14.68	14.18	14.50	1688568	24395592.00
2022/06/02	14.49	14.77	14.30	14.75	1399614	20385960.00
2022/06/06	14.76	15.88	14.61	15.73	4100871	63475700.00
2022/06/07	15.70	16.37	15.54	15.76	5545484	88170992.00
2022/06/08	15.69	15.92	15.15	15.33	3212352	49493720.00
2022/06/09	15.33	15.34	14.52	14.64	3065600	45519248.00
2022/06/10	14.63	14.91	14.51	14.75	1963730	28931556.00
2022/06/13	14.69	15.09	14.57	14.90	1750287	25912198.00
2022/06/14	14.92	14.92	14.15	14.62	2253070	32596768.00
2022/06/15	14.70	14.89	14.48	14.55	2094000	30764386.00
2022/06/16	14.51	14.87	14.45	14.68	2047460	30060608.00
2022/06/17	14.52	15.84	14.51	15.69	4686900	71338488.00
2022/06/20	15.74	17.05	15.30	16.50	7757445	127618640.00
2022/06/21	17.24	18.15	16.16	18.15	18215286	321027648.00
2022/06/22	18.45	19.97	17.45	18.80	28950983	536934208.00
2022/06/23	18.41	20.68	18.11	20.68	19934047	403987424.00
2022/06/24	21.80	22.60	20.90	21.20	22109803	478915584.00
2022/06/27	21.42	23.32	20.30	23.32	21447763	467546176.00
2022/06/28	23.88	25.49	23.36	24.10	22413767	540179328.00
2022/06/29	23.20	23.88	21.69	21.69	17958434	401588832.00
2022/06/30	21.33	22.56	20.56	21.23	16431237	350473824.00
2022/07/01	20.70	21.93	20.63	21.53	8688594	185514656.00
2022/07/04	21.51	23.57	21.51	22.95	18791564	429657056.00
2022/07/05	22.95	23.00	21.28	21.50	15309701	335659232.00
2022/07/06	20.99	21.84	20.55	20.85	11383347	240544160.00
2022/07/07	20.88	21.45	20.49	21.34	8171560	172657232.00
2022/07/08	21.60	21.69	20.02	20.28	8786240	180979024.00
2022/07/11	20.20	20.49	18.98	19.46	7965425	154769136.00
2022/07/12	19.46	19.76	18.88	18.96	6947211	133643824.00
2022/07/13	18.92	19.28	18.60	19.16	5197922	98875696.00
2022/07/14	19.05	20.68	19.05	20.12	10139718	203209792.00
2022/07/15	20.04	21.25	19.70	20.29	6662012	137382320.00
2022/07/18	20.00	21.57	19.98	20.75	6287549	129465224.00
2022/07/19	20.60	22.47	20.50	22.44	11426586	245215008.00
2022/07/20	22.20	22.75	21.50	22.02	11828573	261313856.00
2022/07/21	22.00	22.00	20.22	21.70	8579995	183934912.00
2022/07/22	21.71	22.63	21.26	21.63	6593085	144271344.00
2022/07/25	21.89	23.07	21.03	23.02	19127495	428461216.00
2022/07/26	23.05	25.32	22.86	25.32	18648286	452876032.00
2022/07/27	26.07	27.85	26.00	27.85	6668218	181924768.00
2022/07/28	30.64	30.64	30.64	30.64	785035	24053472.00
2022/07/29	33.70	33.70	33.50	33.70	10458686	352448064.00
2022/08/01	36.89	37.07	33.25	37.07	33207534	1204679680.00
2022/08/02	36.54	40.78	36.30	40.78	22311432	868800448.00
2022/08/03	41.01	43.63	38.80	39.90	26868567	1091497472.00
2022/08/04	39.30	40.65	37.43	40.38	21541849	834333696.00
2022/08/05	39.45	40.60	37.31	38.61	17931576	692450304.00
2022/08/08	38.50	42.47	38.28	42.47	14434617	590346368.00
2022/08/09	42.40	46.72	42.34	43.40	19279520	844350144.00
2022/08/10	41.41	47.74	41.41	47.74	15265452	676368960.00
2022/08/11	47.74	48.20	42.97	44.99	14532718	651460352.00
2022/08/12	44.45	48.00	40.51	41.50	16317121	708297472.00
2022/08/15	40.01	43.40	39.00	42.73	12775414	530782496.00
2022/08/16	42.74	47.00	41.76	47.00	13490931	604649472.00
2022/08/17	46.00	49.65	44.71	47.00	11503998	539978304.00
2022/08/18	45.97	51.70	45.01	51.70	14096382	704113216.00
2022/08/19	51.66	54.30	49.55	51.99	10367959	538791424.00
2022/08/22	51.30	53.48	48.95	51.40	9334087	471271648.00
2022/08/23	49.23	52.50	49.21	52.50	7200292	367587136.00
2022/08/24	52.58	52.83	47.25	47.25	8569481	418758144.00
2022/08/25	45.20	49.80	45.20	48.63	12331015	598041856.00
2022/08/26	47.47	49.11	43.77	43.77	9559433	441012096.00
2022/08/29	42.80	45.96	42.22	44.58	9071788	406624896.00
2022/08/30	45.41	46.20	42.04	43.75	8334170	367441824.00
2022/08/31	43.84	43.84	39.38	39.84	12844011	517948768.00
2022/09/01	39.88	42.24	39.88	41.60	6322690	261657984.00
2022/09/02	42.00	45.76	39.79	43.92	10421560	454135264.00
2022/09/05	43.62	44.74	40.96	41.60	9896800	419326144.00
2022/09/06	42.06	45.50	40.61	44.82	10878045	474405152.00
2022/09/07	44.03	48.77	44.01	47.90	10615362	500757344.00
2022/09/08	46.60	47.75	43.11	44.50	14490549	648636736.00
2022/09/09	43.78	44.01	42.00	43.65	6461281	278319488.00
2022/09/13	43.33	44.56	40.71	44.00	7594609	325120992.00
2022/09/14	43.22	44.78	42.00	42.46	6601455	285173632.00
2022/09/15	43.16	43.17	38.88	39.45	7723271	310363200.00
2022/09/16	39.05	40.76	38.30	38.48	6219598	244246016.00
2022/09/19	38.20	39.48	37.32	37.98	5022451	191733248.00
2022/09/20	38.15	40.43	38.04	39.02	7526861	296264320.00
2022/09/21	38.78	41.82	38.78	39.78	10026713	405725120.00
2022/09/22	39.86	43.19	38.11	41.33	9714835	402097312.00
2022/09/23	41.44	41.54	37.39	37.90	9893800	381168544.00
2022/09/26	37.41	39.61	37.06	38.29	8362376	323291776.00
2022/09/27	38.60	38.84	35.12	35.78	13549842	488881472.00
2022/09/28	35.79	36.00	33.08	33.39	11595622	392055712.00
2022/09/29	33.85	34.42	32.20	33.93	8154907	273829568.00
2022/09/30	33.80	34.22	32.28	32.38	5872517	193168880.00
2022/10/10	30.77	31.88	29.59	30.16	16886124	515059552.00
2022/10/11	30.70	31.40	29.38	30.65	8564507	261503600.00
2022/10/12	31.14	31.68	29.78	31.58	6845549	210654512.00
2022/10/13	31.41	31.95	29.33	29.50	11834993	357661152.00
2022/10/14	29.83	31.35	29.08	30.53	10910520	330177184.00
2022/10/17	30.53	31.43	29.70	31.21	10797830	331746944.00
2022/10/18	31.25	31.46	29.51	30.01	11891470	357771872.00
2022/10/19	29.85	30.60	29.31	29.44	8493081	253584416.00
2022/10/20	29.16	30.18	28.50	29.26	10195832	298255040.00
2022/10/21	29.00	29.84	28.75	29.21	5731671	167947904.00
2022/10/24	29.41	30.59	28.70	29.41	8766510	260232048.00
2022/10/25	28.91	30.83	28.51	30.28	9727760	291212704.00
2022/10/26	30.04	31.18	29.43	30.40	11555900	350229696.00
2022/10/27	30.06	31.06	27.36	27.37	19146863	552651392.00
2022/10/28	28.00	29.35	27.41	27.46	21250264	605396864.00
2022/10/31	27.71	28.63	27.41	27.72	9660624	269225088.00
2022/11/01	27.90	29.12	27.45	28.95	10753457	306252576.00
2022/11/02	29.05	31.85	28.70	31.85	11961454	362554944.00
2022/11/03	31.99	32.41	31.15	31.99	17845656	567390016.00
2022/11/04	32.10	34.15	32.10	33.55	16751995	559225792.00
2022/11/07	33.55	34.44	32.79	33.69	9290013	313622432.00
2022/11/08	33.74	33.75	32.50	33.31	6080973	200698544.00
2022/11/09	32.27	33.10	30.79	32.83	11504007	367998656.00
2022/11/10	32.50	32.74	31.44	31.68	6787659	216374880.00
2022/11/11	32.23	32.48	30.82	31.03	7150964	224666848.00
2022/11/14	30.75	31.32	29.92	30.28	6453869	196243632.00
2022/11/15	29.95	31.40	29.66	31.32	7639294	234260432.00
2022/11/16	31.11	31.83	30.90	31.13	4844279	151655408.00
2022/11/17	30.90	30.93	30.00	30.76	3938100	119517232.00
2022/11/18	31.10	32.42	30.01	31.09	9001732	281764160.00
2022/11/21	31.10	33.20	30.45	32.61	10547616	337532864.00
2022/11/22	32.46	32.46	31.05	31.34	9172392	288738272.00
2022/11/23	31.35	31.41	29.96	30.96	6740514	206746880.00
2022/11/24	30.96	31.79	30.66	30.80	5020774	156101264.00
2022/11/25	30.83	30.90	29.33	29.70	7822000	233006032.00
2022/11/28	29.50	30.20	29.08	30.06	4920700	146442192.00
2022/11/29	30.14	30.27	28.80	29.18	6983351	203911696.00
2022/11/30	29.01	29.56	28.30	29.21	4897378	141998944.00
2022/12/01	29.48	31.75	29.29	30.73	8806822	269950272.00
2022/12/02	30.90	31.16	29.58	29.62	6387836	192357664.00
2022/12/05	29.65	29.75	28.95	29.18	4441844	129722144.00
2022/12/06	29.00	29.44	28.18	28.92	6423885	184249936.00
2022/12/07	28.75	29.65	28.33	28.54	4956728	143006416.00
2022/12/08	28.43	29.35	28.18	28.43	4889432	140366528.00
2022/12/09	28.31	29.13	27.98	28.55	4439949	126763968.00
2022/12/12	28.60	31.20	28.22	30.78	15903566	480810656.00
2022/12/13	30.35	30.58	29.08	29.33	7142925	212271824.00
2022/12/14	29.61	32.26	29.13	32.26	8215252	258566928.00
2022/12/15	32.19	35.40	31.61	35.30	22379512	746922496.00
2022/12/16	34.37	34.93	33.37	34.57	11237616	383868480.00
2022/12/19	34.61	36.79	33.76	35.10	10283932	362118752.00
2022/12/20	34.70	36.10	33.99	35.24	11577652	406425920.00
2022/12/21	34.19	35.32	33.50	34.10	7739289	265785520.00
2022/12/22	34.22	34.46	32.00	32.53	8200942	270672864.00
2022/12/23	32.32	33.09	31.50	32.34	5087839	163755648.00
2022/12/26	32.39	33.85	31.65	33.53	6016362	199788816.00
2022/12/27	33.40	35.05	32.72	34.68	6717352	229408096.00
2022/12/28	34.30	34.88	33.65	33.76	4378616	149302576.00
2022/12/29	33.53	34.41	32.96	33.18	3415100	114655080.00
2022/12/30	33.00	33.80	32.35	33.33	4793282	159537376.00
2023/01/03	33.33	34.72	32.32	34.28	4515546	152231088.00
2023/01/04	34.27	36.44	33.41	35.95	8179801	285196448.00
2023/01/05	35.25	39.55	35.25	39.55	9160420	347571648.00
2023/01/06	40.49	43.22	37.65	38.36	14157353	560406016.00
2023/01/09	38.26	41.00	37.37	39.90	11287457	445049760.00
2023/01/10	39.39	40.14	38.51	39.48	5328135	209071248.00
2023/01/11	39.10	39.12	37.35	37.49	5696512	216354144.00
2023/01/12	37.84	40.09	37.20	39.37	9171634	357640576.00
2023/01/13	39.79	41.00	38.78	39.58	5996355	239760800.00
2023/01/16	39.57	39.65	37.90	38.54	6631595	255862032.00
2023/01/17	38.90	38.90	37.55	37.68	3452580	131496736.00
2023/01/18	37.60	41.45	36.88	38.79	7018183	277452448.00
2023/01/19	38.98	42.35	38.20	41.60	8358291	341688160.00
2023/01/20	42.77	44.05	41.24	42.11	6270030	266773984.00
2023/01/30	42.11	42.96	40.66	42.15	6753430	279417376.00
2023/01/31	41.37	44.50	41.29	43.30	5927389	255917136.00
2023/02/01	43.28	44.88	42.43	44.60	5000485	220230896.00
2023/02/02	44.00	45.43	43.38	43.70	3791550	167862768.00
2023/02/03	43.40	44.18	42.40	43.24	3555064	152764048.00
2023/02/06	43.08	44.50	42.66	43.78	3207292	139546000.00
2023/02/07	43.22	48.16	43.20	48.16	6444062	302585120.00
2023/02/08	47.86	48.89	45.18	48.03	9301419	437034688.00
2023/02/09	47.41	52.83	46.56	51.50	9942587	490243008.00
2023/02/10	51.25	53.68	49.51	50.10	6944357	354326432.00
数据来源:通达信
