601778 晶科科技 日线 不复权
      日期	    开盘	    最高	    最低	    收盘	    成交量	    成交额
2020/05/19	5.24	6.29	5.24	6.29	3419768	21432956.00
2020/05/20	6.92	6.92	6.92	6.92	1169745	8094635.00
2020/05/21	7.61	7.61	7.61	7.61	1285524	9782838.00
2020/05/22	8.37	8.37	8.37	8.37	17496150	146442784.00
2020/05/25	8.20	9.01	7.53	8.80	361298603	2893414656.00
2020/05/26	8.30	9.47	8.07	8.90	291455558	2562939136.00
2020/05/27	8.80	9.79	8.73	9.79	194258075	1836445568.00
2020/05/28	10.11	10.56	9.51	10.10	342485972	3443244032.00
2020/05/29	9.93	10.45	9.66	9.90	235088038	2365916672.00
2020/06/01	9.61	9.90	9.00	9.53	208326567	1968042112.00
2020/06/02	9.44	10.08	9.43	9.65	177630869	1728854528.00
2020/06/03	9.46	9.57	9.20	9.28	147887206	1378041984.00
2020/06/04	9.35	9.40	8.68	8.73	155375557	1386042880.00
2020/06/05	8.60	8.65	8.26	8.34	122981911	1031527360.00
2020/06/08	8.27	8.56	8.15	8.45	94210249	786743936.00
2020/06/09	8.38	8.80	8.32	8.67	99398072	859405056.00
2020/06/10	8.60	8.60	8.25	8.30	76343306	637732608.00
2020/06/11	8.28	8.46	8.15	8.35	56975898	473053504.00
2020/06/12	8.14	8.35	8.00	8.25	53946502	442661920.00
2020/06/15	8.15	8.35	8.01	8.08	67827859	553067328.00
2020/06/16	8.12	8.15	7.96	8.03	63441083	508976960.00
2020/06/17	8.05	8.10	7.94	8.00	44255786	354902336.00
2020/06/18	7.99	7.99	7.68	7.74	74930923	582923584.00
2020/06/19	7.72	7.81	7.65	7.71	39997826	308763456.00
2020/06/22	7.73	7.76	7.62	7.65	41241819	316053760.00
2020/06/23	7.63	7.72	7.60	7.66	34529022	264660816.00
2020/06/24	7.68	7.72	7.56	7.56	35083645	267183552.00
2020/06/29	7.56	8.06	7.52	7.94	87035953	685643072.00
2020/06/30	7.86	7.94	7.74	7.86	52740763	412508352.00
2020/07/01	7.82	7.87	7.66	7.70	48547467	375690400.00
2020/07/02	7.70	7.76	7.64	7.75	44713368	344344000.00
2020/07/03	7.75	8.04	7.67	7.92	69125799	542532928.00
2020/07/06	7.99	8.33	7.94	8.32	112980840	923376128.00
2020/07/07	8.52	8.79	8.22	8.23	118423778	999821824.00
2020/07/08	8.21	8.35	8.13	8.31	75779880	625318528.00
2020/07/09	8.36	8.99	8.25	8.87	146751405	1258187008.00
2020/07/10	8.88	9.16	8.65	8.98	129884740	1160774400.00
2020/07/13	8.93	9.08	8.80	9.00	103583660	926107008.00
2020/07/14	9.01	9.05	8.40	8.56	95816098	832991296.00
2020/07/15	8.59	8.63	8.20	8.24	59536636	499378240.00
2020/07/16	8.25	8.36	7.67	7.73	56433420	454461600.00
2020/07/17	7.75	7.83	7.62	7.80	37078990	287920288.00
2020/07/20	7.82	8.03	7.81	8.03	34132046	270875840.00
2020/07/21	8.03	8.07	7.91	7.97	29061883	231703104.00
2020/07/22	8.01	8.05	7.92	7.95	29782500	237909344.00
2020/07/23	7.92	7.92	7.66	7.80	33769047	262228912.00
2020/07/24	7.78	7.78	7.39	7.42	41205455	313063264.00
2020/07/27	7.49	7.53	7.21	7.24	28568802	209082256.00
2020/07/28	7.35	7.60	7.31	7.48	28594768	213735792.00
2020/07/29	7.48	7.59	7.38	7.58	29922499	224433952.00
2020/07/30	7.59	7.94	7.49	7.86	48691743	375515328.00
2020/07/31	7.88	7.93	7.73	7.87	41881792	328525536.00
2020/08/03	7.99	7.99	7.82	7.90	37484252	295723616.00
2020/08/04	7.91	7.92	7.71	7.73	33852574	263334864.00
2020/08/05	7.73	7.73	7.54	7.67	26227033	199984624.00
2020/08/06	7.64	7.86	7.62	7.78	30868659	239410416.00
2020/08/07	7.71	7.72	7.46	7.53	30891255	233594576.00
2020/08/10	7.44	7.58	7.41	7.55	17801699	133721336.00
2020/08/11	7.54	7.62	7.41	7.45	18849519	141846944.00
2020/08/12	7.41	7.45	7.26	7.36	22202388	162722368.00
2020/08/13	7.37	7.51	7.34	7.38	25717897	190493776.00
2020/08/14	7.38	7.38	7.28	7.36	15911854	116575984.00
2020/08/17	7.37	7.60	7.34	7.55	26813366	200100864.00
2020/08/18	7.51	7.55	7.46	7.51	19457812	145966720.00
2020/08/19	7.51	7.76	7.41	7.60	39605792	301762848.00
2020/08/20	7.54	7.54	7.41	7.43	19319136	144338688.00
2020/08/21	7.45	7.51	7.38	7.43	13484865	100281400.00
2020/08/24	7.47	7.47	7.37	7.41	10698679	79154096.00
2020/08/25	7.39	7.44	7.35	7.37	13763030	101624912.00
2020/08/26	7.37	7.41	7.26	7.27	15676417	114859376.00
2020/08/27	7.27	7.32	7.21	7.29	12700201	92261624.00
2020/08/28	7.23	7.23	7.08	7.16	21547171	153695808.00
2020/08/31	7.15	7.19	7.11	7.12	13882826	99282296.00
2020/09/01	7.14	7.14	7.07	7.09	12578980	89202768.00
2020/09/02	7.10	7.14	7.07	7.10	11810826	83891288.00
2020/09/03	7.10	7.13	6.98	7.01	16559715	116863504.00
2020/09/04	6.92	6.96	6.83	6.94	15583313	107211784.00
2020/09/07	6.91	7.02	6.89	6.90	12327300	85652200.00
2020/09/08	6.94	6.94	6.80	6.84	14575169	99691472.00
2020/09/09	6.76	6.78	6.56	6.58	25843049	171988640.00
2020/09/10	6.63	6.65	6.24	6.27	21255200	136088256.00
2020/09/11	6.26	6.58	6.07	6.50	25014471	157258368.00
2020/09/14	6.47	6.54	6.41	6.43	13616839	88101800.00
2020/09/15	6.44	6.75	6.42	6.65	25834416	171288272.00
2020/09/16	6.62	6.70	6.48	6.59	16119666	106116040.00
2020/09/17	6.59	6.70	6.51	6.63	14534552	96172000.00
2020/09/18	6.63	6.67	6.58	6.65	11711245	77661960.00
2020/09/21	6.67	6.67	6.54	6.55	10084962	66482648.00
2020/09/22	6.48	6.50	6.34	6.36	11226212	72179480.00
2020/09/23	6.41	7.00	6.41	7.00	38054296	263091328.00
2020/09/24	7.25	7.35	6.92	6.99	84753708	606492736.00
2020/09/25	6.91	7.01	6.61	6.67	39981343	270974624.00
2020/09/28	6.69	6.93	6.51	6.66	28311413	190277136.00
2020/09/29	6.67	6.73	6.54	6.54	17838353	117667824.00
2020/09/30	6.54	6.69	6.52	6.55	14761600	97233936.00
2020/10/09	7.21	7.21	7.21	7.21	23115787	166664832.00
2020/10/12	7.40	7.40	7.08	7.23	72279765	522783936.00
2020/10/13	7.16	7.21	7.05	7.17	33700964	240613920.00
2020/10/14	7.16	7.38	7.15	7.28	44451630	323719136.00
2020/10/15	7.30	7.32	7.07	7.07	29331600	209714288.00
2020/10/16	7.09	7.15	7.01	7.10	14595000	103417152.00
2020/10/19	7.13	7.17	6.95	6.97	17600800	123991000.00
2020/10/20	7.00	7.03	6.92	7.03	11088161	77481016.00
2020/10/21	7.14	7.18	7.01	7.02	15841291	112127856.00
2020/10/22	6.94	6.94	6.79	6.79	19308310	131889312.00
2020/10/23	6.79	6.84	6.68	6.69	13348604	90032032.00
2020/10/26	6.69	6.78	6.59	6.72	9796229	65648336.00
2020/10/27	6.66	6.71	6.60	6.68	8584628	57119732.00
2020/10/28	6.68	6.68	6.55	6.61	8360049	55257596.00
2020/10/29	6.52	6.58	6.37	6.55	9662305	63005032.00
2020/10/30	6.58	6.72	6.47	6.47	13091489	86365120.00
2020/11/02	6.48	6.49	6.33	6.36	10737800	68616720.00
2020/11/03	6.39	6.48	6.39	6.46	9747327	62752760.00
2020/11/04	6.50	6.85	6.46	6.69	27180605	182795504.00
2020/11/05	6.72	6.82	6.60	6.75	22466542	150506496.00
2020/11/06	6.88	7.30	6.82	7.10	48484056	341924832.00
2020/11/09	7.02	7.14	7.00	7.12	33909533	239954656.00
2020/11/10	7.08	7.09	6.93	6.96	19046400	133189432.00
2020/11/11	6.96	6.97	6.85	6.85	12151949	83689512.00
2020/11/12	6.90	7.03	6.87	6.94	13410266	93159984.00
2020/11/13	6.88	6.88	6.75	6.84	10359022	70532288.00
2020/11/16	6.88	6.97	6.82	6.97	11959649	82646128.00
2020/11/17	6.92	6.96	6.79	6.84	12248299	83929688.00
2020/11/18	6.84	6.97	6.79	6.90	11768973	81197832.00
2020/11/19	6.95	7.01	6.87	6.95	12107100	84183072.00
2020/11/20	6.95	6.96	6.87	6.90	10163949	70154480.00
2020/11/23	6.90	6.96	6.86	6.91	12742149	88063840.00
2020/11/24	6.94	6.95	6.85	6.86	10579393	72834392.00
2020/11/25	6.91	7.05	6.88	6.93	22670262	158258000.00
2020/11/26	6.94	7.04	6.89	6.98	17754446	123977920.00
2020/11/27	6.98	7.00	6.76	6.83	17347349	118779680.00
2020/11/30	6.92	7.13	6.92	7.00	27953193	196016096.00
2020/12/01	6.96	7.03	6.92	7.01	14433497	100741312.00
2020/12/02	7.01	7.05	6.95	7.00	15190300	106023776.00
2020/12/03	7.00	7.00	6.89	6.93	10286000	71295008.00
2020/12/04	6.94	6.94	6.86	6.90	8038662	55371512.00
2020/12/07	6.95	7.05	6.88	6.97	12619799	87927360.00
2020/12/08	7.00	7.00	6.88	6.88	10031000	69383200.00
2020/12/09	6.91	6.91	6.70	6.70	12859400	87616376.00
2020/12/10	6.67	6.91	6.57	6.84	17822968	120606912.00
2020/12/11	6.82	6.93	6.76	6.84	17892931	122580752.00
2020/12/14	6.95	7.04	6.94	6.97	20163653	140898704.00
2020/12/15	7.00	7.01	6.90	6.94	10685500	74082256.00
2020/12/16	6.97	7.11	6.94	7.04	27873174	196728208.00
2020/12/17	7.05	7.06	6.79	6.96	19587410	135342240.00
2020/12/18	7.00	7.18	6.99	7.15	44377453	315340576.00
2020/12/21	7.27	7.55	7.20	7.44	62718399	463955264.00
2020/12/22	7.40	7.45	7.21	7.23	44913552	329278560.00
2020/12/23	7.30	7.69	7.29	7.58	75787271	573093824.00
2020/12/24	7.50	7.77	7.42	7.55	56208990	426199136.00
2020/12/25	7.49	8.08	7.42	8.00	88364780	694523712.00
2020/12/28	8.08	8.08	7.67	7.84	57734146	450281376.00
2020/12/29	7.78	7.80	7.22	7.24	56672936	419717728.00
2020/12/30	7.24	7.43	7.15	7.26	41419267	300744032.00
2020/12/31	7.31	7.42	7.23	7.26	29853397	218126672.00
2021/01/04	7.30	7.80	7.28	7.68	59488642	452354016.00
2021/01/05	7.70	7.70	7.45	7.55	43082949	325428288.00
2021/01/06	7.54	7.54	7.25	7.33	34315104	251629168.00
2021/01/07	7.38	7.69	7.22	7.59	57054694	429381408.00
2021/01/08	7.58	7.58	7.20	7.31	37114609	272288160.00
2021/01/11	7.26	7.27	7.00	7.05	35319762	249789840.00
2021/01/12	7.01	7.12	6.91	6.98	19196547	133938336.00
2021/01/13	7.00	7.08	6.71	6.78	25743875	176740240.00
2021/01/14	6.76	6.76	6.48	6.64	22824723	150459824.00
2021/01/15	6.65	6.76	6.65	6.68	12035100	80594232.00
2021/01/18	6.69	6.82	6.61	6.80	13265401	89414784.00
2021/01/19	6.82	6.85	6.71	6.77	11113700	75026984.00
2021/01/20	6.77	6.82	6.65	6.68	12334632	82960448.00
2021/01/21	6.69	6.85	6.64	6.82	18358067	124751272.00
2021/01/22	6.85	6.85	6.67	6.71	14046795	94398696.00
2021/01/25	6.85	7.00	6.80	6.84	28325701	195259200.00
2021/01/26	6.78	6.78	6.61	6.63	17167549	114630400.00
2021/01/27	6.65	6.68	6.53	6.62	10646271	70168128.00
2021/01/28	6.55	6.60	6.48	6.49	11842600	77310680.00
2021/01/29	6.50	6.55	6.31	6.38	12430535	79857776.00
2021/02/01	6.35	6.46	6.34	6.40	7160800	45911752.00
2021/02/02	6.45	6.45	6.34	6.37	6694383	42690632.00
2021/02/03	6.37	6.38	6.00	6.02	22037814	134255152.00
2021/02/04	6.00	6.00	5.66	5.67	19518644	112368128.00
2021/02/05	5.66	5.82	5.65	5.68	9746582	55829412.00
2021/02/08	5.72	5.80	5.68	5.72	7959636	45598536.00
2021/02/09	5.73	5.87	5.68	5.84	9475252	54754960.00
2021/02/10	5.85	5.89	5.77	5.83	11289252	65722852.00
2021/02/18	5.95	5.95	5.85	5.90	10408929	61485692.00
2021/02/19	5.90	6.14	5.89	6.11	12577343	75931144.00
2021/02/22	6.16	6.45	6.16	6.31	20235400	128607248.00
2021/02/23	6.32	6.49	6.25	6.33	15285540	97220896.00
2021/02/24	6.33	6.33	6.20	6.23	11371179	71161744.00
2021/02/25	6.25	6.29	6.10	6.12	9358200	57729032.00
2021/02/26	6.06	6.20	6.02	6.12	6072301	37206464.00
2021/03/01	6.12	6.24	6.12	6.20	7175930	44508988.00
2021/03/02	6.25	6.62	6.23	6.51	27843282	179737008.00
2021/03/03	6.45	6.51	6.39	6.47	14312817	92064192.00
2021/03/04	6.41	6.49	6.33	6.36	12925370	82711856.00
2021/03/05	6.39	6.50	6.32	6.42	10621877	67849216.00
2021/03/08	6.45	6.48	6.35	6.38	10005698	64183976.00
2021/03/09	6.38	6.45	6.03	6.15	14346497	88976216.00
2021/03/10	6.25	6.28	6.07	6.07	7292993	44846996.00
2021/03/11	6.04	6.17	6.01	6.16	9247141	56420712.00
2021/03/12	6.16	6.55	6.06	6.37	23438221	148248288.00
2021/03/15	6.37	6.45	6.25	6.34	17389001	110396936.00
2021/03/16	6.36	6.62	6.32	6.54	23091438	150355856.00
2021/03/17	6.47	6.50	6.37	6.41	14626583	93604912.00
2021/03/18	6.41	6.47	6.33	6.34	15026700	95917576.00
2021/03/19	6.25	6.63	6.22	6.48	33837337	219838576.00
2021/03/22	6.73	6.90	6.67	6.81	49547813	336189984.00
2021/03/23	6.71	6.76	6.44	6.46	31776577	208396544.00
2021/03/24	6.40	7.11	6.37	6.76	59722525	408763456.00
2021/03/25	6.60	6.71	6.40	6.54	39028227	254609440.00
2021/03/26	6.56	7.06	6.45	6.87	54652493	373375424.00
2021/03/29	6.86	7.19	6.82	6.83	48933343	340352928.00
2021/03/30	6.81	6.85	6.60	6.77	33494666	225018208.00
2021/03/31	6.76	6.81	6.59	6.69	26214883	175115168.00
2021/04/01	6.66	7.03	6.55	6.91	44829479	305875680.00
2021/04/02	6.81	6.83	6.59	6.69	35111355	234532896.00
2021/04/06	6.63	7.19	6.62	6.96	54989021	382629952.00
2021/04/07	6.99	7.28	6.94	7.07	64613776	458826624.00
2021/04/08	6.93	6.99	6.78	6.83	42695053	293144768.00
2021/04/09	6.72	6.93	6.71	6.75	31235344	212229280.00
2021/04/12	6.74	6.84	6.61	6.66	29872991	200602928.00
2021/04/13	6.63	6.63	6.21	6.25	34962730	221580080.00
2021/04/14	6.22	6.29	6.16	6.26	15038694	93604128.00
2021/04/15	6.22	6.26	6.13	6.20	11128500	68732200.00
2021/04/16	6.23	6.29	6.20	6.28	9869900	61627800.00
2021/04/19	6.28	6.37	6.26	6.33	12279806	77689648.00
2021/04/20	6.32	6.38	6.29	6.31	10938833	69244504.00
2021/04/21	6.35	6.35	6.16	6.22	13042668	81124472.00
2021/04/22	6.24	6.28	6.22	6.23	9517872	59424128.00
2021/04/23	6.23	6.23	6.07	6.15	15605589	95485488.00
2021/04/26	6.14	6.18	6.08	6.09	8398949	51399848.00
2021/04/27	6.09	6.13	5.95	6.00	8536420	51302812.00
2021/04/28	5.96	6.06	5.95	6.01	5842032	35066408.00
2021/04/29	6.05	6.05	5.97	5.98	5449780	32654932.00
2021/04/30	5.70	5.81	5.38	5.44	34001219	188550128.00
2021/05/06	5.44	5.50	5.31	5.39	9103917	49119940.00
2021/05/07	5.42	5.49	5.37	5.45	7225432	39298172.00
2021/05/10	5.45	5.52	5.42	5.48	7222800	39537152.00
2021/05/11	5.45	5.53	5.42	5.50	7452869	40827908.00
2021/05/12	5.47	5.48	5.41	5.45	8367800	45524672.00
2021/05/13	5.43	5.48	5.40	5.41	6550413	35610456.00
2021/05/14	5.42	5.44	5.35	5.40	9543569	51435160.00
2021/05/17	5.40	5.41	5.32	5.36	8600403	46062024.00
2021/05/18	5.34	5.41	5.33	5.36	6160667	33103330.00
2021/05/19	5.34	5.50	5.32	5.47	11055203	60064476.00
2021/05/20	5.48	5.53	5.42	5.45	8641080	47186604.00
2021/05/21	5.46	5.65	5.46	5.61	16351637	91211448.00
2021/05/24	5.61	5.65	5.51	5.56	11895371	66067596.00
2021/05/25	5.56	5.57	5.49	5.52	11229460	61963136.00
2021/05/26	5.53	5.53	5.45	5.53	10446799	57401724.00
2021/05/27	5.52	5.53	5.48	5.50	9780544	53765572.00
2021/05/28	5.50	5.51	5.44	5.47	8846506	48362836.00
2021/05/31	5.48	5.55	5.43	5.54	12005725	66288288.00
2021/06/01	5.54	5.54	5.46	5.50	9390200	51468728.00
2021/06/02	5.50	5.51	5.42	5.43	9653987	52616768.00
2021/06/03	5.49	5.55	5.44	5.44	9744852	53354832.00
2021/06/04	5.44	5.47	5.40	5.42	7144223	38776736.00
2021/06/07	5.43	5.46	5.41	5.43	5668962	30757290.00
2021/06/08	5.45	5.45	5.40	5.42	6396654	34659380.00
2021/06/09	5.42	5.43	5.39	5.40	5713750	30849282.00
2021/06/10	5.40	5.45	5.37	5.44	9329293	50530196.00
2021/06/11	5.44	5.59	5.43	5.51	19474399	107749688.00
2021/06/15	5.53	5.55	5.35	5.38	13714674	74092848.00
2021/06/16	5.36	5.38	5.33	5.34	7669100	40988988.00
2021/06/17	5.32	5.37	5.30	5.31	8414160	44750696.00
2021/06/18	5.31	5.33	5.18	5.24	10452761	54696524.00
2021/06/21	5.18	5.24	5.12	5.20	10770308	55826596.00
2021/06/22	5.20	5.35	5.19	5.32	12998541	68889872.00
2021/06/23	5.33	5.37	5.27	5.28	8439280	44694064.00
2021/06/24	5.34	5.65	5.31	5.56	37651677	207226144.00
2021/06/25	5.60	5.64	5.44	5.48	21767855	119915168.00
2021/06/28	5.49	5.58	5.43	5.44	12945800	71089520.00
2021/06/29	5.53	5.65	5.49	5.54	25533473	142221840.00
2021/06/30	5.49	5.50	5.40	5.46	14316478	77764592.00
2021/07/01	5.47	5.49	5.30	5.30	11080600	59558164.00
2021/07/02	5.30	5.31	5.20	5.28	9161605	48079368.00
2021/07/05	5.35	5.44	5.28	5.31	9274300	49611272.00
2021/07/06	5.29	5.35	5.20	5.34	9975494	52599756.00
2021/07/07	5.31	5.45	5.26	5.41	14578430	78174720.00
2021/07/08	5.45	5.53	5.33	5.37	13897704	75501952.00
2021/07/09	5.35	5.90	5.29	5.78	57731877	325885408.00
2021/07/12	5.60	5.75	5.55	5.69	37789104	214290304.00
2021/07/13	5.68	5.91	5.59	5.87	42446202	246524336.00
2021/07/14	5.86	5.86	5.66	5.67	24930422	143035472.00
2021/07/15	5.65	5.85	5.63	5.76	24400821	140148752.00
2021/07/16	5.81	5.87	5.71	5.76	26819870	155403392.00
2021/07/19	5.71	5.75	5.55	5.59	22229100	125180352.00
2021/07/20	5.60	5.61	5.46	5.49	18150307	99923064.00
2021/07/21	5.53	5.82	5.48	5.70	28915976	162595952.00
2021/07/22	5.73	5.82	5.64	5.69	28971540	165882048.00
2021/07/23	5.69	5.70	5.55	5.58	23602100	132386256.00
2021/07/26	5.61	5.74	5.51	5.64	27568844	154869664.00
2021/07/27	5.62	5.65	5.33	5.35	27571743	151153648.00
2021/07/28	5.28	5.32	5.15	5.21	19752467	103060136.00
2021/07/29	5.22	5.35	5.22	5.29	15627813	82753872.00
2021/07/30	5.31	5.75	5.29	5.59	44257264	247433936.00
2021/08/02	5.58	5.75	5.53	5.71	39766819	225486496.00
2021/08/03	5.70	5.82	5.65	5.69	28949103	165814256.00
2021/08/04	5.72	5.81	5.65	5.76	26412494	151669504.00
2021/08/05	5.76	5.82	5.64	5.69	24364044	139184016.00
2021/08/06	5.71	6.07	5.64	5.96	60506387	357935200.00
2021/08/09	5.94	6.34	5.90	6.07	47017190	287244800.00
2021/08/10	6.04	6.28	6.03	6.14	38567607	237445936.00
2021/08/11	6.15	6.22	6.06	6.18	34694910	213876816.00
2021/08/12	6.25	6.29	6.13	6.20	30739457	191137008.00
2021/08/13	6.21	6.53	6.09	6.45	54475816	344349344.00
2021/08/16	6.52	7.10	6.48	6.73	92700297	636043648.00
2021/08/17	6.70	7.40	6.70	7.32	181101393	1318417152.00
2021/08/18	7.00	7.25	6.81	7.10	113704064	796357632.00
2021/08/19	7.08	7.80	6.68	7.71	129107636	948890816.00
2021/08/20	7.49	7.69	7.29	7.38	77045541	573697280.00
2021/08/23	7.51	7.85	7.50	7.64	71983961	553652544.00
2021/08/24	7.73	8.18	7.68	7.97	82475765	658823424.00
2021/08/25	8.00	8.45	7.90	8.31	104133454	853316224.00
2021/08/26	8.03	8.59	8.03	8.19	84664342	702025600.00
2021/08/27	8.16	8.80	8.14	8.70	80265190	678152832.00
2021/08/30	9.00	9.57	9.00	9.57	138700548	1316862720.00
2021/08/31	9.87	9.89	9.15	9.44	133313317	1256517888.00
2021/09/01	9.60	9.88	8.50	9.25	124606026	1149141376.00
2021/09/02	9.55	10.18	9.50	10.18	60283181	606214720.00
2021/09/03	11.20	11.20	10.18	10.49	223617607	2411146752.00
2021/09/06	10.60	11.10	9.50	10.32	159781905	1640892672.00
2021/09/07	10.70	10.95	9.98	10.80	134502953	1405874944.00
2021/09/08	10.70	10.80	9.87	10.05	134601005	1379794304.00
2021/09/09	9.85	9.95	9.18	9.34	130600198	1232634112.00
2021/09/10	9.35	9.42	8.93	9.18	93572236	857128000.00
2021/09/13	9.15	9.15	8.53	8.71	96160752	840737408.00
2021/09/14	8.71	9.12	8.54	8.77	123070644	1084026112.00
2021/09/15	8.83	9.65	8.77	9.65	137122452	1271841408.00
2021/09/16	9.77	9.78	8.69	8.69	125753694	1145546368.00
2021/09/17	8.57	9.46	8.49	8.98	110691167	998208640.00
2021/09/22	9.16	9.88	9.00	9.88	125204406	1204763904.00
2021/09/23	9.90	10.28	9.58	9.63	105874933	1044027904.00
2021/09/24	9.60	10.20	9.28	10.13	101014167	994237056.00
2021/09/27	10.06	10.30	9.12	9.12	97042199	914964992.00
2021/09/28	9.02	9.50	8.91	9.25	78063946	716099456.00
2021/09/29	8.84	9.04	8.33	8.33	82705023	706077952.00
2021/09/30	8.23	8.60	8.04	8.51	95458918	797662720.00
2021/10/08	8.69	8.80	7.83	8.05	88650858	716439936.00
2021/10/11	8.10	8.15	7.58	7.75	74617120	579273920.00
2021/10/12	7.77	7.83	7.28	7.46	67970957	508799712.00
2021/10/13	7.50	7.59	7.25	7.50	55061988	408623040.00
2021/10/14	7.48	7.83	7.30	7.64	60784075	462727776.00
2021/10/15	7.55	7.84	7.30	7.72	70747059	538733696.00
2021/10/18	7.71	8.05	7.69	7.98	72216118	569479808.00
2021/10/19	8.15	8.78	8.08	8.78	93256961	802747008.00
2021/10/20	8.80	9.16	8.38	8.87	145492598	1288814464.00
2021/10/21	8.71	8.96	8.52	8.72	81478414	710896128.00
2021/10/22	8.69	8.93	8.53	8.56	69042990	602368960.00
2021/10/25	8.73	9.25	8.50	8.96	95659411	857490304.00
2021/10/26	8.96	9.27	8.79	8.86	79564184	715278464.00
2021/10/27	8.92	9.70	8.86	9.47	135665947	1273684096.00
2021/10/28	9.48	10.32	9.22	9.86	129703560	1283253632.00
2021/10/29	9.65	10.05	9.22	9.72	85655512	819924672.00
2021/11/01	9.37	9.88	9.06	9.33	119362690	1134768512.00
2021/11/02	9.30	9.36	8.85	9.11	89993931	818743424.00
2021/11/03	9.10	9.11	8.36	8.62	98459017	848821376.00
2021/11/04	8.81	9.09	8.56	8.93	77248074	690122816.00
2021/11/05	8.79	8.86	8.04	8.04	110318150	913130560.00
2021/11/08	7.94	8.65	7.75	8.49	103547394	857281472.00
2021/11/09	9.25	9.34	9.21	9.34	55112830	513565280.00
2021/11/10	8.82	9.17	8.48	9.10	173505628	1522976640.00
2021/11/11	9.00	9.29	8.58	8.73	96680113	858613440.00
2021/11/12	8.83	9.17	8.67	9.09	93343120	832890944.00
2021/11/15	8.93	8.98	8.34	8.49	99601342	846954176.00
2021/11/16	8.51	8.88	8.32	8.51	70918671	612318720.00
2021/11/17	8.43	8.75	8.34	8.74	64980904	557784064.00
2021/11/18	8.60	9.10	8.55	9.04	90286280	805625984.00
2021/11/19	9.04	9.35	8.82	9.19	92885943	844706624.00
2021/11/22	9.00	9.41	8.93	9.05	89579914	815566464.00
2021/11/23	9.04	9.04	8.61	8.71	92477868	812908800.00
2021/11/24	8.67	8.67	8.28	8.45	80726220	682997120.00
2021/11/25	8.45	8.49	8.17	8.21	70225492	580722304.00
2021/11/26	8.24	8.60	8.11	8.56	71812129	602114176.00
2021/11/29	8.37	8.60	8.23	8.49	40674057	344660352.00
2021/11/30	8.61	9.34	8.61	9.34	224153864	2071773184.00
2021/12/01	9.60	10.07	9.60	9.87	248623982	2442889728.00
2021/12/02	9.70	9.80	8.94	9.21	159010238	1476446592.00
2021/12/03	9.16	9.83	8.99	9.64	153962153	1456368000.00
2021/12/06	9.49	9.68	9.18	9.20	104357322	978456064.00
2021/12/07	9.28	9.62	9.02	9.52	123346269	1149730048.00
2021/12/08	9.57	9.95	9.37	9.70	133921415	1297469824.00
2021/12/09	9.67	9.89	9.30	9.48	95267987	904114944.00
2021/12/10	9.20	10.11	9.12	9.65	125664276	1221522688.00
2021/12/13	9.79	10.18	9.56	9.74	157121817	1548548608.00
2021/12/14	9.58	9.83	9.39	9.62	82154197	788448832.00
2021/12/15	9.60	9.72	9.35	9.36	83355299	789076864.00
2021/12/16	9.31	9.63	9.27	9.63	63689640	600959744.00
2021/12/17	9.60	9.81	9.34	9.40	67600982	643422592.00
2021/12/20	9.28	9.41	8.48	8.71	105035196	928407168.00
2021/12/21	8.67	8.72	8.41	8.63	64243519	551292224.00
2021/12/22	8.66	8.84	8.56	8.76	48932207	426302944.00
2021/12/23	8.70	9.64	8.60	9.44	143164480	1330290432.00
2021/12/24	9.39	9.75	9.20	9.27	118393773	1123981952.00
2021/12/27	9.17	9.47	8.63	8.73	115230669	1027132544.00
2021/12/28	8.75	8.79	8.60	8.69	63719845	553391680.00
2021/12/29	8.75	8.78	8.51	8.55	59070307	509348896.00
2021/12/30	8.49	8.63	8.42	8.52	55376896	472781408.00
2021/12/31	8.63	8.84	8.47	8.53	71516555	617533824.00
2022/01/04	8.53	8.57	8.17	8.26	69599781	575606848.00
2022/01/05	8.34	8.35	7.93	8.13	51945813	420941792.00
2022/01/06	8.05	8.06	7.75	7.94	66857250	528676768.00
2022/01/07	7.94	7.96	7.66	7.72	58186182	452500192.00
2022/01/10	7.71	7.76	7.52	7.76	42933024	327949536.00
2022/01/11	7.78	7.80	7.45	7.49	56443467	427449824.00
2022/01/12	7.46	7.60	7.46	7.58	33306759	251679808.00
2022/01/13	7.47	7.50	7.09	7.14	79222841	572909248.00
2022/01/14	7.15	7.24	7.09	7.14	39282777	281465632.00
2022/01/17	7.14	7.28	7.06	7.22	30161056	217326432.00
2022/01/18	7.23	7.35	7.12	7.25	44629197	324337696.00
2022/01/19	7.24	7.35	7.15	7.29	33122718	240659872.00
2022/01/20	7.30	7.30	7.05	7.10	34784303	248331808.00
2022/01/21	7.08	7.18	6.90	7.12	27621828	196049136.00
2022/01/24	7.05	7.28	6.98	7.11	32807069	233376688.00
2022/01/25	7.05	7.16	6.83	6.85	27758427	194278896.00
2022/01/26	6.84	7.10	6.84	7.00	28285935	198103824.00
2022/01/27	7.01	7.04	6.76	6.76	28056188	193156896.00
2022/01/28	6.91	6.91	6.50	6.60	37069158	246528832.00
2022/02/07	6.71	6.93	6.71	6.87	32598152	224106016.00
2022/02/08	7.00	7.00	6.83	6.99	31705931	219715568.00
2022/02/09	6.99	7.09	6.89	7.04	35195474	247407712.00
2022/02/10	7.05	7.08	6.81	6.91	43243572	299781024.00
2022/02/11	6.85	6.90	6.70	6.72	29511270	200118880.00
2022/02/14	6.68	6.81	6.57	6.76	25154546	169072768.00
2022/02/15	6.74	6.82	6.62	6.70	33298509	222738688.00
2022/02/16	6.74	6.77	6.62	6.64	34203983	228793504.00
2022/02/17	6.68	6.78	6.60	6.68	40005557	267701984.00
2022/02/18	6.66	7.21	6.62	6.95	76743426	532941408.00
2022/02/21	6.91	6.95	6.83	6.90	37703797	259538992.00
2022/02/22	6.85	7.09	6.81	7.03	61203438	429486688.00
2022/02/23	7.03	7.18	6.97	7.14	51633715	365470528.00
2022/02/24	7.10	7.36	6.91	7.05	82252091	590297280.00
2022/02/25	7.14	7.33	7.04	7.30	76785351	552775040.00
2022/02/28	7.30	7.44	7.09	7.28	64441349	465884576.00
2022/03/01	7.40	7.49	7.32	7.33	55829359	412408288.00
2022/03/02	7.32	7.34	7.11	7.26	52797156	380825792.00
2022/03/03	7.30	7.33	7.16	7.18	35725863	257992672.00
2022/03/04	7.16	7.22	7.01	7.13	59404107	422251488.00
2022/03/07	7.10	7.33	7.06	7.13	65161918	470470944.00
2022/03/08	7.13	7.17	6.72	6.80	51310404	355891584.00
2022/03/09	6.91	7.11	6.57	7.05	81720933	567220224.00
2022/03/10	7.23	7.40	7.14	7.23	90194022	655695808.00
2022/03/11	7.13	7.17	6.80	6.99	72144412	503721600.00
2022/03/14	6.90	6.91	6.67	6.68	44568066	301311584.00
2022/03/15	6.62	6.64	6.09	6.11	70823016	445775872.00
2022/03/16	6.20	6.31	5.84	6.27	65019120	396012512.00
2022/03/17	6.32	6.49	6.26	6.34	55223107	351282432.00
2022/03/18	6.34	6.58	6.29	6.55	47669487	309118048.00
2022/03/21	6.52	6.57	6.36	6.44	38759600	249939744.00
2022/03/22	6.44	6.45	6.27	6.30	32980397	208590064.00
2022/03/23	6.42	6.68	6.40	6.46	57394335	373732800.00
2022/03/24	6.40	6.40	6.22	6.25	40379713	254159984.00
2022/03/25	6.24	6.27	6.10	6.12	29582165	182770912.00
2022/03/28	6.18	6.21	6.03	6.09	27109918	165551552.00
2022/03/29	6.11	6.13	5.94	5.96	33399866	200606976.00
2022/03/30	6.06	6.09	5.94	6.03	36371950	218571872.00
2022/03/31	6.01	6.01	5.85	5.90	29819013	176381392.00
2022/04/01	5.86	5.92	5.76	5.86	29275692	171566400.00
2022/04/06	5.86	5.86	5.69	5.79	44058293	253527664.00
2022/04/07	5.76	5.76	5.58	5.58	33684793	190330544.00
2022/04/08	5.58	5.63	5.45	5.54	26959632	149389440.00
2022/04/11	5.52	5.53	5.30	5.34	32700348	176979264.00
2022/04/12	5.34	5.43	5.25	5.42	34874486	186490640.00
2022/04/13	5.39	5.40	5.28	5.28	25247349	134574640.00
2022/04/14	5.35	5.36	5.22	5.27	27878477	147047888.00
2022/04/15	5.23	5.32	5.17	5.23	25925860	135623936.00
2022/04/18	5.20	5.34	5.10	5.32	38487249	202106000.00
2022/04/19	5.29	5.41	5.28	5.34	26058977	139222048.00
2022/04/20	5.36	5.37	5.22	5.22	22221015	117670984.00
2022/04/21	5.19	5.23	4.97	5.00	35620000	181577760.00
2022/04/22	4.98	5.16	4.92	5.08	34166574	171623856.00
2022/04/25	5.02	5.04	4.60	4.61	47448028	228273632.00
2022/04/26	4.63	4.76	4.51	4.55	41444412	191807008.00
2022/04/27	4.47	4.73	4.40	4.71	36591263	166926480.00
2022/04/28	4.65	4.72	4.57	4.65	25575258	119050440.00
2022/04/29	4.68	4.73	4.51	4.70	65830513	304146912.00
2022/05/05	4.65	4.71	4.56	4.57	53429231	246913536.00
2022/05/06	4.56	4.64	4.41	4.49	47784129	215317408.00
2022/05/09	4.48	4.62	4.45	4.57	39004678	178211728.00
2022/05/10	4.50	4.78	4.48	4.77	63520814	296871424.00
2022/05/11	4.79	4.91	4.73	4.74	61340792	296020608.00
2022/05/12	4.82	4.92	4.72	4.81	44836144	216069056.00
2022/05/13	4.84	4.87	4.73	4.77	29741460	142244256.00
2022/05/16	4.79	4.81	4.66	4.72	34100066	160931232.00
2022/05/17	4.71	4.81	4.64	4.78	35961656	169845984.00
2022/05/18	4.80	5.05	4.75	4.89	60440145	296595232.00
2022/05/19	4.81	5.38	4.80	5.38	108163682	558444224.00
2022/05/20	5.65	5.75	5.45	5.47	194114416	1081673984.00
2022/05/23	5.40	5.54	5.35	5.43	92594690	501144800.00
2022/05/24	5.40	5.48	5.14	5.14	84386586	448692128.00
2022/05/25	5.16	5.42	5.12	5.40	87724054	464643584.00
2022/05/26	5.35	5.40	5.24	5.30	61794664	328197536.00
2022/05/27	5.32	5.36	5.17	5.21	47918800	251390592.00
2022/05/30	5.20	5.32	5.16	5.27	47690933	249336704.00
2022/05/31	5.35	5.38	5.22	5.29	63046389	333792480.00
2022/06/01	5.25	5.26	5.17	5.24	44522295	232424688.00
2022/06/02	5.23	5.38	5.17	5.30	57281982	302060896.00
2022/06/06	5.25	5.45	5.25	5.43	75276064	404572896.00
2022/06/07	5.51	5.65	5.28	5.33	96257922	521136064.00
2022/06/08	5.35	5.46	5.22	5.36	76528484	409404992.00
2022/06/09	5.34	5.34	5.09	5.13	70573355	366600416.00
2022/06/10	5.09	5.40	5.06	5.37	97700285	519612992.00
2022/06/13	5.38	5.47	5.34	5.41	63385724	342160544.00
2022/06/14	5.36	5.37	5.15	5.35	59437375	312594720.00
2022/06/15	5.37	5.40	5.26	5.27	63512632	338665632.00
2022/06/16	5.29	5.57	5.27	5.36	88362104	475888032.00
2022/06/17	5.33	5.64	5.28	5.52	100481275	552742016.00
2022/06/20	5.52	5.69	5.45	5.60	84795434	473648000.00
2022/06/21	5.66	5.69	5.46	5.51	69480846	385069280.00
2022/06/22	5.51	5.62	5.43	5.46	60446945	333272480.00
2022/06/23	5.45	5.53	5.30	5.51	56066350	304126176.00
2022/06/24	5.53	5.58	5.44	5.48	52231737	287230880.00
2022/06/27	5.54	5.54	5.42	5.47	45713299	249991200.00
2022/06/28	5.51	5.67	5.49	5.63	86581173	483758400.00
2022/06/29	5.64	5.64	5.38	5.40	80219795	439953056.00
2022/06/30	5.38	5.45	5.33	5.40	43970244	237397392.00
2022/07/01	5.42	5.59	5.38	5.47	62951578	346728000.00
2022/07/04	5.45	5.65	5.38	5.65	89744999	499155296.00
2022/07/05	5.60	5.88	5.58	5.80	132038349	761542720.00
2022/07/06	5.74	5.84	5.57	5.63	73865036	418439968.00
2022/07/07	5.68	6.19	5.62	6.04	196913186	1185485952.00
2022/07/08	6.03	6.09	5.83	5.89	129588628	770357952.00
2022/07/11	5.83	5.92	5.65	5.70	75624432	433406112.00
2022/07/12	5.73	5.85	5.58	5.60	77376710	440779392.00
2022/07/13	5.57	5.83	5.57	5.83	89431522	513141152.00
2022/07/14	5.82	6.13	5.71	5.94	120080581	711182720.00
2022/07/15	5.88	5.96	5.75	5.79	73120116	427353824.00
2022/07/18	5.81	6.17	5.80	6.09	105207514	635075776.00
2022/07/19	6.09	6.15	6.00	6.08	70157738	426042304.00
2022/07/20	6.13	6.22	6.02	6.05	69662067	423736384.00
2022/07/21	5.98	5.98	5.81	5.82	80122247	470466432.00
2022/07/22	5.86	5.92	5.78	5.88	47865189	280390880.00
2022/07/25	5.89	5.89	5.65	5.74	52879183	302536768.00
2022/07/26	5.72	5.74	5.59	5.71	36168265	205090208.00
2022/07/27	5.69	5.74	5.63	5.71	35983372	204652768.00
2022/07/28	5.76	5.79	5.68	5.68	37315861	213686048.00
2022/07/29	5.68	5.90	5.67	5.80	59745788	347221632.00
2022/08/01	5.78	5.78	5.61	5.69	38659803	219012416.00
2022/08/02	5.60	5.61	5.30	5.32	60869483	329200864.00
2022/08/03	5.32	5.47	5.21	5.22	41397095	220989152.00
2022/08/04	5.26	5.33	5.14	5.28	29092248	152615120.00
2022/08/05	5.28	5.31	5.17	5.31	32211440	168486464.00
2022/08/08	5.32	5.38	5.25	5.38	25673912	137252448.00
2022/08/09	5.34	5.46	5.33	5.36	30357048	163803952.00
2022/08/10	5.36	5.38	5.27	5.37	29380339	156375904.00
2022/08/11	5.40	5.41	5.34	5.40	27683023	148997152.00
2022/08/12	5.42	5.65	5.39	5.56	56271648	310978880.00
2022/08/15	5.50	5.64	5.45	5.62	45331892	252568608.00
2022/08/16	5.58	5.72	5.57	5.70	50051558	284197888.00
2022/08/17	5.77	5.92	5.71	5.83	79140027	458609248.00
2022/08/18	5.70	5.85	5.69	5.71	56004727	321746944.00
2022/08/19	5.75	6.19	5.66	6.08	171143720	1026713984.00
2022/08/22	6.05	6.14	5.85	5.91	103445432	615703936.00
2022/08/23	5.87	6.07	5.86	5.97	68963569	412412736.00
2022/08/24	5.97	6.11	5.80	5.81	71021742	422268000.00
2022/08/25	5.88	5.89	5.62	5.72	47917734	273644704.00
2022/08/26	5.75	5.82	5.67	5.69	36618616	210336816.00
2022/08/29	5.63	5.85	5.56	5.67	52296015	296535904.00
2022/08/30	5.64	5.74	5.41	5.47	47387465	260691232.00
2022/08/31	5.43	5.47	5.22	5.24	45071225	238544016.00
2022/09/01	5.24	5.29	5.16	5.16	31561200	164690896.00
2022/09/02	5.17	5.24	5.13	5.14	37583748	194292864.00
2022/09/05	5.15	5.21	5.12	5.21	35903026	185831120.00
2022/09/06	5.24	5.27	5.17	5.25	39707512	207622784.00
2022/09/07	5.24	5.31	5.20	5.29	39316183	206825888.00
2022/09/08	5.27	5.36	5.23	5.24	36650680	193778912.00
2022/09/09	5.23	5.26	5.13	5.25	25160631	130894928.00
2022/09/13	5.27	5.29	5.19	5.21	21797227	113779632.00
2022/09/14	5.14	5.17	5.05	5.08	34211019	174590992.00
2022/09/15	5.12	5.13	4.80	4.85	57779700	283438912.00
2022/09/16	4.85	4.86	4.68	4.69	29852648	142049616.00
2022/09/19	4.67	4.72	4.59	4.62	20527545	95155168.00
2022/09/20	4.63	4.74	4.63	4.71	18208950	85504128.00
2022/09/21	4.65	4.75	4.62	4.74	17264202	81182840.00
2022/09/22	4.70	4.78	4.69	4.71	14457700	68430784.00
2022/09/23	4.70	4.75	4.61	4.64	15739000	73509232.00
2022/09/26	4.61	4.64	4.50	4.51	18522802	84574952.00
2022/09/27	4.56	4.63	4.50	4.61	18659600	85070120.00
2022/09/28	4.60	4.66	4.49	4.49	18297154	83422504.00
2022/09/29	4.53	4.55	4.44	4.46	15761150	70904240.00
2022/09/30	4.47	4.53	4.45	4.49	14648176	65740792.00
2022/10/10	4.50	4.57	4.48	4.51	17313037	78393640.00
2022/10/11	4.51	4.64	4.51	4.64	18878526	86516488.00
2022/10/12	4.64	4.73	4.53	4.73	24792901	114757232.00
2022/10/13	4.68	4.73	4.67	4.69	18596766	87469184.00
2022/10/14	4.71	4.79	4.69	4.76	23427156	111036128.00
2022/10/17	4.74	4.77	4.68	4.76	22214818	105164072.00
2022/10/18	4.78	4.80	4.74	4.76	17045499	81289320.00
2022/10/19	4.76	4.79	4.70	4.70	18400184	87203880.00
2022/10/20	4.68	4.73	4.61	4.67	18403318	85911064.00
2022/10/21	4.69	4.76	4.68	4.69	17848383	84292568.00
2022/10/24	4.70	4.77	4.60	4.64	21364153	100144232.00
2022/10/25	4.63	4.74	4.54	4.72	21929400	102321760.00
2022/10/26	4.71	4.79	4.69	4.76	25534031	121252048.00
2022/10/27	4.78	4.81	4.67	4.68	32228872	152467520.00
2022/10/28	4.66	4.66	4.44	4.47	34716900	157362656.00
2022/10/31	4.44	4.64	4.43	4.61	34555345	158321296.00
2022/11/01	4.64	4.79	4.62	4.76	36045481	170306464.00
2022/11/02	4.82	4.84	4.72	4.76	30716455	146194464.00
2022/11/03	4.71	4.83	4.71	4.80	29951818	143483936.00
2022/11/04	4.80	4.89	4.80	4.88	39166590	189968816.00
2022/11/07	4.89	4.93	4.86	4.89	29496969	144384128.00
2022/11/08	4.86	4.90	4.82	4.85	23101401	112005048.00
2022/11/09	4.85	4.89	4.81	4.87	22174306	107508960.00
2022/11/10	4.84	4.86	4.80	4.83	17278300	83487152.00
2022/11/11	4.91	4.95	4.85	4.86	26555224	129585552.00
2022/11/14	4.85	4.87	4.82	4.83	23402221	113357024.00
2022/11/15	4.82	4.94	4.81	4.93	30904268	151192176.00
2022/11/16	4.94	5.10	4.93	4.98	41864449	209014288.00
2022/11/17	4.95	4.99	4.89	4.93	21047000	103451240.00
2022/11/18	4.93	4.99	4.92	4.95	24956983	123678816.00
2022/11/21	4.91	4.98	4.88	4.96	19391365	95876368.00
2022/11/22	4.95	4.96	4.88	4.90	21032425	103501952.00
2022/11/23	4.89	4.98	4.86	4.98	26852359	132385288.00
2022/11/24	5.00	5.01	4.96	4.97	18431100	91836168.00
2022/11/25	4.96	4.99	4.91	4.97	20107646	99702768.00
2022/11/28	4.94	5.13	4.87	5.07	37315854	186417984.00
2022/11/29	5.04	5.10	5.01	5.08	32817332	166140048.00
2022/11/30	5.08	5.13	5.05	5.12	25808383	131421072.00
2022/12/01	5.15	5.23	5.09	5.17	38162086	197246880.00
2022/12/02	5.19	5.44	5.19	5.40	78240606	417710496.00
2022/12/05	5.45	5.79	5.43	5.49	96670257	538082240.00
2022/12/06	5.51	5.57	5.34	5.39	54154724	293593408.00
2022/12/07	5.35	5.35	5.22	5.29	41752010	220373088.00
2022/12/08	5.27	5.36	5.25	5.29	34045782	180651888.00
2022/12/09	5.34	5.42	5.16	5.17	44024938	229883648.00
2022/12/12	5.13	5.16	5.06	5.08	28013888	142863808.00
2022/12/13	5.08	5.11	5.01	5.02	26206600	132156080.00
2022/12/14	5.03	5.06	4.97	4.99	22227919	111304864.00
2022/12/15	4.99	5.02	4.92	4.95	24232374	120113768.00
2022/12/16	4.94	4.99	4.90	4.92	26779230	132164432.00
2022/12/19	4.91	4.95	4.70	4.74	34127003	163697440.00
2022/12/20	4.74	4.86	4.69	4.85	24496918	117565112.00
2022/12/21	4.85	4.86	4.74	4.77	14544610	69591392.00
2022/12/22	4.80	4.82	4.68	4.71	18729857	89085520.00
2022/12/23	4.68	4.72	4.61	4.68	25258700	117737048.00
2022/12/26	4.69	4.88	4.69	4.88	28824700	138826080.00
2022/12/27	4.89	5.00	4.85	4.96	30617791	150818416.00
2022/12/28	4.96	5.46	4.91	5.46	157981831	838555840.00
2022/12/29	5.40	5.50	5.24	5.34	140500286	753218688.00
2022/12/30	5.36	5.60	5.34	5.50	97538643	536518880.00
2023/01/03	5.53	5.88	5.50	5.83	123530813	707683072.00
2023/01/04	5.83	5.92	5.73	5.83	78615604	458599904.00
2023/01/05	5.84	6.17	5.83	5.98	131525017	791374080.00
2023/01/06	6.00	6.35	5.97	6.06	160959863	988669056.00
2023/01/09	6.14	6.19	5.73	5.83	134758855	790051264.00
2023/01/10	5.84	5.92	5.73	5.76	72025796	417622656.00
2023/01/11	5.82	5.84	5.69	5.73	63603756	365579904.00
2023/01/12	5.66	5.92	5.63	5.67	106223804	609459840.00
2023/01/13	5.73	5.74	5.53	5.59	67555503	377671936.00
2023/01/16	5.61	5.74	5.58	5.66	48290948	273504704.00
2023/01/17	5.66	5.71	5.52	5.56	44889315	251015856.00
2023/01/18	5.60	5.64	5.52	5.54	38636613	215336960.00
2023/01/19	5.54	5.55	5.46	5.49	39486102	216893392.00
2023/01/20	5.49	5.60	5.49	5.59	42825066	238033744.00
2023/01/30	5.68	5.69	5.52	5.54	67514296	377231616.00
2023/01/31	5.52	5.60	5.43	5.59	46241520	256969328.00
2023/02/01	5.61	5.66	5.53	5.64	58335966	327077600.00
2023/02/02	5.63	5.66	5.52	5.54	58965136	328729184.00
2023/02/03	5.55	5.55	5.43	5.53	38784525	212471648.00
2023/02/06	5.47	5.62	5.46	5.56	47867636	266547280.00
2023/02/07	5.58	5.77	5.53	5.67	79673010	452663488.00
2023/02/08	5.67	5.71	5.60	5.62	44130169	249184112.00
2023/02/09	5.60	5.77	5.55	5.71	71321700	405570656.00
2023/02/10	5.73	5.74	5.64	5.71	60957683	347570176.00
数据来源:通达信
