603300 华铁应急 日线 不复权
      日期	    开盘	    最高	    最低	    收盘	    成交量	    成交额
2015/05/29	11.84	11.84	11.84	11.84	13700	162208.00
2015/06/01	13.02	13.02	13.02	13.02	5700	74214.00
2015/06/02	14.32	14.32	14.32	14.32	3400	48688.00
2015/06/03	15.75	15.75	15.75	15.75	13300	209475.00
2015/06/04	17.33	17.33	17.33	17.33	9700	168101.00
2015/06/05	19.06	19.06	19.06	19.06	14100	268746.00
2015/06/08	20.97	20.97	20.97	20.97	14200	297774.00
2015/06/09	23.07	23.07	23.07	23.07	21650	499465.50
2015/06/10	25.38	25.38	25.38	25.38	30950	785511.00
2015/06/11	27.92	27.92	27.92	27.92	23750	663100.00
2015/06/12	30.71	30.71	30.71	30.71	42900	1317459.00
2015/06/15	33.78	33.78	33.78	33.78	72098	2435470.50
2015/06/16	37.16	37.16	37.16	37.16	227900	8468764.00
2015/06/17	40.88	40.88	37.60	40.88	30985322	1241008000.00
2015/06/18	37.68	39.19	36.79	36.79	9119603	342749504.00
2015/06/19	33.11	35.03	33.11	33.11	14074747	470214176.00
2015/06/23	31.69	33.11	29.80	30.45	13501979	420389472.00
2015/06/24	31.00	31.99	29.00	30.10	13847609	422429312.00
2015/06/25	29.80	29.84	27.27	27.65	10655699	307009280.00
2015/06/26	26.80	26.81	24.89	24.89	7819177	198631984.00
2015/06/29	25.38	25.38	22.40	22.40	8383955	194960944.00
2015/06/30	21.79	24.60	20.17	24.39	10727753	240018496.00
2015/07/01	23.17	25.58	23.00	23.17	10739417	262085456.00
2015/07/02	23.35	23.50	20.85	20.85	7520440	165804848.00
2015/07/03	20.03	21.44	18.77	18.86	6836016	133606328.00
2015/07/06	20.75	20.75	19.38	20.75	12747711	261675600.00
2015/07/07	19.01	20.29	18.68	18.68	6128942	117631320.00
2015/07/08	16.81	16.81	16.81	16.81	1283600	21577316.00
2015/07/09	15.13	18.49	15.13	18.49	8120294	141402960.00
2015/07/10	19.00	20.34	18.60	20.34	3146630	62705192.00
2015/07/13	22.36	22.37	21.57	22.37	6358219	141389568.00
2015/07/14	23.00	24.40	22.37	23.05	14981472	350758528.00
2015/07/15	22.09	22.52	20.75	20.75	6518603	138972448.00
2015/07/16	18.92	21.69	18.69	20.30	7090118	143767744.00
2015/07/17	20.43	21.99	20.15	21.58	5479596	115775064.00
2015/07/20	21.54	22.28	21.00	21.50	6423989	138862880.00
2015/07/21	21.21	23.35	20.74	23.12	8068553	177557936.00
2015/07/22	22.70	24.40	22.55	23.66	11294767	267627904.00
2015/07/23	23.60	26.03	22.81	26.03	14136565	352848128.00
2015/07/24	26.70	27.60	24.82	25.38	17523897	463189856.00
2015/07/27	24.00	25.89	22.84	22.84	8794664	215015408.00
2015/07/28	20.62	23.18	20.56	20.59	8885795	188655280.00
2015/07/29	21.35	22.65	20.81	22.65	7898457	170880880.00
2015/07/30	22.90	24.70	22.67	23.11	10604793	251818272.00
2015/07/31	22.20	25.42	22.10	25.42	13872841	340561824.00
2015/08/03	26.26	27.96	25.71	27.96	21918517	597554496.00
2015/08/04	28.70	30.15	25.16	26.80	23250227	630833408.00
2015/08/05	25.36	29.48	25.36	29.48	14336087	407166048.00
2015/08/06	31.20	32.43	29.33	32.43	29947545	947901440.00
2015/08/07	30.00	35.19	30.00	32.30	25517108	822388352.00
2015/08/10	31.50	33.50	31.00	32.60	20575161	664147520.00
2015/08/11	32.01	35.50	31.93	33.83	20309750	682726080.00
2015/08/12	33.01	33.50	30.50	30.56	16587830	529629088.00
2015/08/13	29.50	30.80	28.55	29.94	11919590	352885728.00
2015/08/14	30.24	31.49	29.40	30.64	11170849	340381216.00
2015/08/17	29.83	29.93	28.60	28.86	8905711	258618752.00
2015/08/18	28.96	30.47	25.98	26.23	9172467	263420800.00
2015/08/19	25.65	27.50	24.00	27.27	8765543	229675824.00
2015/08/20	26.76	27.40	25.70	25.81	5901118	156395264.00
2015/08/21	24.80	25.48	23.23	23.25	5658459	137732432.00
2015/08/24	22.20	22.35	20.93	20.93	3460153	73129616.00
2015/08/25	18.85	21.99	18.84	18.84	8161440	161032592.00
2015/08/26	19.55	20.72	19.00	20.72	12460388	251739872.00
2015/08/27	21.05	22.15	19.61	22.06	12001926	252773104.00
2015/08/28	21.80	23.58	21.23	22.97	11332977	251504240.00
2015/08/31	22.47	22.47	20.67	20.67	6371405	138460608.00
2015/09/01	20.05	20.60	18.60	18.60	7136056	138229168.00
2015/09/02	17.41	19.85	17.23	17.63	6203947	115429400.00
2015/09/07	18.22	19.00	17.71	18.30	4448779	81987800.00
2015/09/08	17.86	20.13	17.86	20.13	9235407	181566448.00
2015/09/09	20.79	21.57	20.25	20.99	11407039	238577312.00
2015/09/10	20.00	22.15	19.60	21.08	9398797	198987936.00
2015/09/11	21.55	23.19	21.55	23.19	8320029	188628672.00
2015/09/14	24.80	25.51	20.87	21.11	18694402	445503168.00
2015/09/15	19.57	22.38	19.00	20.75	13113995	262622928.00
2015/09/16	20.99	22.83	20.70	22.83	13612968	298873696.00
2015/09/17	23.00	23.49	21.51	21.70	13357820	299794208.00
2015/09/18	21.82	22.50	20.70	21.95	8045192	173198800.00
2015/09/21	21.30	23.25	20.98	23.16	8685365	196091616.00
2015/09/22	23.01	25.48	23.01	25.48	11794205	289485248.00
2015/09/23	25.38	27.69	25.01	26.37	15711670	411335360.00
2015/10/19	29.01	29.01	29.01	29.01	328729	9536428.00
2015/10/20	31.91	31.91	31.91	31.91	1082333	34537248.00
2015/10/21	33.29	33.88	30.50	31.13	17574805	567798720.00
2015/10/22	30.50	31.97	30.10	31.63	12202443	380093376.00
2015/10/23	31.18	34.79	30.70	32.62	12658702	420666464.00
2015/10/26	32.00	32.30	29.36	29.89	9586124	291074464.00
2015/10/27	29.78	30.00	27.46	29.47	7125138	205461200.00
2015/10/28	29.47	29.47	27.50	27.93	4850662	138411376.00
2015/10/29	27.95	28.98	27.50	28.26	3839985	108725120.00
2015/10/30	28.00	28.58	26.90	28.27	4262035	118393016.00
2015/11/02	27.60	29.80	27.46	28.76	5705999	165297552.00
2015/11/03	28.49	29.39	27.77	29.02	4611391	132529256.00
2015/11/04	29.15	30.97	29.02	30.33	6358360	190854976.00
2015/11/05	30.73	32.00	29.80	29.97	7977486	246279440.00
2015/11/06	29.48	31.29	29.41	30.92	6314292	192415680.00
2015/11/09	30.50	31.80	29.75	31.19	7404662	229465632.00
2015/11/10	30.90	32.22	30.40	30.57	6718580	209393328.00
2015/11/11	30.40	33.63	29.86	33.63	10350067	326852416.00
2015/11/12	34.00	36.08	33.33	35.11	14045279	487842656.00
2015/11/13	33.84	34.55	31.60	31.62	9767578	318136640.00
2015/11/16	30.66	31.92	29.76	31.74	4854791	150904720.00
2015/11/17	32.10	32.66	30.50	30.66	5192964	164094000.00
2015/11/18	30.43	30.88	28.80	28.99	5183889	153745888.00
2015/11/19	29.00	30.30	29.00	30.18	3667699	108590520.00
2015/11/20	30.10	30.49	29.62	30.02	3545977	106318736.00
2015/11/23	30.02	31.20	29.61	30.17	3696326	112506168.00
2015/11/24	30.04	31.89	30.00	31.69	5173019	160563216.00
2015/11/25	31.70	32.75	31.40	31.73	5726868	183864272.00
2015/11/26	31.75	34.90	31.74	34.90	10147412	337688352.00
2015/11/27	35.01	36.65	33.81	33.90	13970650	492329440.00
2015/11/30	33.40	37.29	32.50	37.29	13674944	486758688.00
2015/12/01	38.90	39.24	33.56	36.03	15860796	585774976.00
2015/12/02	35.20	35.20	32.50	33.42	7231090	242305040.00
2015/12/03	33.50	36.13	33.50	35.64	7783079	272630784.00
2015/12/04	34.85	37.25	34.26	36.11	8464536	302464320.00
2015/12/07	36.08	36.45	35.00	35.70	4705230	167548048.00
2015/12/08	35.70	36.10	33.80	33.98	5976534	207293168.00
2015/12/09	33.70	35.50	32.13	34.36	5488503	184835216.00
2015/12/10	34.00	36.25	33.60	34.68	7560610	266601584.00
2015/12/11	33.97	35.87	32.95	34.89	6678749	230271456.00
2015/12/14	34.10	38.38	32.99	38.38	11023238	412410272.00
2015/12/15	37.60	39.53	37.22	39.05	8866564	341710080.00
2015/12/16	38.74	42.60	38.50	40.43	7852494	315968832.00
2015/12/17	40.58	42.39	39.71	41.44	7177768	294550528.00
2015/12/18	41.00	44.44	39.90	42.72	7764796	324487104.00
2015/12/21	43.02	44.80	42.02	42.29	5400210	234285168.00
2015/12/22	41.20	46.52	41.15	46.52	7377885	328496672.00
2015/12/23	46.60	49.95	45.58	47.93	6676519	316691232.00
2015/12/24	48.28	50.89	46.50	48.49	4955460	242294208.00
2015/12/25	47.98	51.74	47.98	51.53	5640340	282237376.00
2015/12/28	51.74	52.50	46.38	46.38	5766811	285499296.00
2015/12/29	45.15	48.50	45.15	48.24	4973734	236519472.00
2015/12/30	48.29	49.80	46.68	48.85	3806433	184606880.00
2015/12/31	49.11	49.40	47.66	48.14	2530162	122758440.00
2016/01/04	47.30	49.69	44.57	46.49	2934877	137922048.00
2016/01/05	44.86	50.66	44.01	49.99	5367914	256319776.00
2016/01/06	49.50	54.99	49.18	54.99	6912248	363201440.00
2016/01/07	53.15	54.72	49.49	49.49	1521896	78403360.00
2016/01/08	51.51	53.95	44.70	52.80	4922944	255626224.00
2016/01/11	51.60	52.80	47.52	47.52	4075685	202855072.00
2016/01/12	47.18	49.50	42.77	46.49	4613462	210313840.00
2016/01/13	46.80	47.99	44.50	45.17	3032190	141558720.00
2016/01/14	42.51	46.88	42.01	45.71	3167174	142067856.00
2016/01/15	46.73	46.73	41.14	42.26	3292772	144659360.00
2016/01/18	41.80	44.60	40.50	42.69	2709047	116116736.00
2016/01/19	43.78	44.86	42.71	44.59	2023630	89474568.00
2016/01/20	44.70	47.60	44.00	47.50	3610292	167815808.00
2016/01/21	46.60	48.80	42.75	42.76	5388638	252059616.00
2016/01/22	44.40	45.38	38.89	44.01	6441637	274707552.00
2016/01/25	43.60	44.80	42.55	44.04	3659894	160607184.00
2016/01/26	43.26	43.97	39.80	40.44	3298266	137646704.00
2016/01/27	40.72	40.72	36.40	36.40	4083593	152329200.00
2016/01/28	35.80	35.80	32.76	32.76	3162741	105282008.00
2016/01/29	31.96	34.40	29.48	32.50	4890601	153689840.00
2016/02/01	32.00	32.68	29.90	29.95	3642130	114705944.00
2016/02/02	29.80	31.88	29.80	30.94	2314831	71820936.00
2016/02/03	30.70	32.15	29.68	31.74	2385830	74336232.00
2016/02/04	31.89	33.30	31.89	32.65	2270238	74153896.00
2016/02/05	32.99	33.19	30.90	30.99	2237111	71614024.00
2016/02/15	30.30	32.46	29.50	32.20	2263729	71458640.00
2016/02/16	32.30	35.39	32.28	35.04	3509821	118792056.00
2016/02/17	34.50	35.63	33.50	34.77	3174913	110211192.00
2016/02/18	34.95	35.30	34.13	34.19	2671239	92849096.00
2016/02/19	34.16	34.46	33.60	34.14	2241098	76252240.00
2016/02/22	34.68	34.99	33.92	34.67	3070231	105752680.00
2016/02/23	34.85	34.96	33.30	33.92	2322585	79126456.00
2016/02/24	33.92	34.98	33.30	34.50	2493710	85588432.00
2016/02/25	34.54	34.64	31.05	31.05	2193223	71475232.00
2016/02/26	31.00	31.75	28.86	30.03	1990534	60338104.00
2016/02/29	30.03	30.03	27.03	27.03	3074366	85123816.00
2016/03/01	27.10	27.73	26.00	27.60	2154778	58166048.00
2016/03/02	27.60	30.20	27.30	29.35	2184176	62620592.00
2016/03/03	29.61	31.19	29.35	29.88	2323799	70294336.00
2016/03/04	29.40	29.70	27.41	27.73	1985800	56563456.00
2016/03/07	27.60	29.00	27.60	28.57	1264450	36112088.00
2016/03/08	28.95	28.99	27.01	28.58	1373234	38413444.00
2016/03/09	27.80	28.38	27.30	28.01	1434234	39983048.00
2016/03/10	28.04	28.29	27.21	27.37	1332953	37138292.00
2016/03/11	27.10	27.84	26.90	27.24	1455699	39716656.00
2016/03/14	27.34	28.67	27.34	28.22	2751289	77580088.00
2016/03/15	28.01	29.20	28.00	28.39	2421617	69138296.00
2016/03/16	28.44	28.97	27.70	27.82	1606329	45379544.00
2016/03/17	28.00	28.76	27.56	28.71	3449788	97817144.00
2016/03/18	28.88	30.50	28.88	30.44	4103047	122645048.00
2016/03/21	30.85	31.97	30.80	31.48	3813109	119386632.00
2016/03/22	31.14	31.14	30.40	30.71	3087443	94939384.00
2016/03/23	30.70	31.69	30.41	31.37	3251752	101260800.00
2016/03/24	31.35	32.99	30.52	32.13	5162866	165069488.00
2016/03/25	32.00	32.32	30.90	31.42	3271841	103467120.00
2016/03/28	31.85	31.88	30.50	30.63	2918649	91139728.00
2016/03/29	30.60	30.60	29.50	29.71	2404320	71696216.00
2016/03/30	30.00	31.37	29.72	31.33	3186508	96904936.00
2016/03/31	31.48	32.69	30.90	30.92	4401371	139585840.00
2016/04/01	30.72	30.83	29.89	30.42	2551894	77108440.00
2016/04/05	30.51	31.97	30.50	31.75	3677074	115709408.00
2016/04/06	31.79	34.40	31.69	33.75	5868713	194481680.00
2016/04/07	34.25	36.98	34.25	35.22	9635097	342917952.00
2016/04/08	34.60	38.74	34.40	38.74	8519719	313441152.00
2016/04/11	39.60	40.51	37.60	39.03	10865549	425129280.00
2016/04/12	39.14	39.18	36.88	37.32	6194096	233473104.00
2016/04/13	36.90	38.97	36.90	37.24	5690564	216194944.00
2016/04/14	37.02	38.60	37.00	37.95	5013870	189324704.00
2016/04/15	37.63	37.95	36.80	37.03	3557617	132128440.00
2016/04/18	36.88	36.90	35.06	35.50	4519693	160483024.00
2016/04/19	36.00	36.34	35.70	36.13	2949125	106479752.00
2016/04/20	36.20	36.48	32.58	33.06	4788746	163308752.00
2016/04/21	33.06	33.45	31.42	31.73	3386257	110306832.00
2016/04/22	31.18	32.45	31.02	32.31	2500336	79711032.00
2016/04/25	32.30	32.30	30.60	31.30	2311441	72517208.00
2016/04/26	31.50	34.43	31.18	34.43	4285296	140363280.00
2016/04/27	34.43	35.40	33.53	34.28	5028970	173105872.00
2016/04/28	34.40	35.48	33.58	34.75	5283573	183553712.00
2016/04/29	34.75	35.18	33.50	33.62	4161412	142270864.00
2016/05/03	33.64	34.38	32.50	34.23	3526664	119101344.00
2016/05/04	34.27	34.27	33.51	33.86	3102045	105171056.00
2016/05/05	33.54	33.80	33.00	33.73	3055831	102462992.00
2016/05/06	33.73	35.18	33.73	34.21	7454803	257635824.00
2016/05/09	34.21	34.21	31.11	31.35	3925623	125797624.00
2016/05/10	31.09	31.79	30.60	31.20	2350176	73422560.00
2016/05/11	31.60	31.75	30.49	30.66	1863761	57731736.00
2016/05/12	30.10	30.60	29.11	30.15	2044565	61050980.00
2016/05/13	30.40	30.98	29.83	30.25	1806882	54994916.00
2016/05/16	30.45	30.58	29.60	30.53	2001308	60199668.00
2016/05/17	29.90	30.38	29.55	29.97	2949163	88171232.00
2016/05/18	29.70	29.88	27.28	27.63	3001072	85399216.00
2016/05/19	27.74	28.44	27.57	27.70	2129496	59684736.00
2016/05/20	27.10	28.00	27.10	27.98	2101206	57769956.00
2016/05/23	28.10	29.49	28.10	28.90	2858247	82569000.00
2016/05/24	28.76	28.79	27.95	28.02	2204693	62260520.00
2016/05/25	27.80	28.38	27.35	27.69	2603314	72657520.00
2016/05/26	27.74	28.04	26.90	27.55	2286076	62241252.00
2016/05/27	27.55	28.45	27.30	27.80	2745362	76811688.00
2016/05/30	27.55	28.48	26.93	27.88	2379292	66433620.00
2016/05/31	27.80	29.20	27.80	29.13	5862474	169541200.00
2016/06/01	29.21	29.49	28.79	28.96	5044155	146995056.00
2016/06/02	28.88	31.20	28.70	30.81	5928343	178046480.00
2016/06/03	31.32	32.26	30.91	31.23	7757971	244077920.00
2016/06/06	31.48	31.99	30.35	30.66	4854252	148833024.00
2016/06/07	30.71	32.65	30.45	32.46	7079009	222932112.00
2016/06/08	32.50	32.56	31.25	31.38	5852946	185113952.00
2016/06/13	15.59	16.20	14.40	14.66	4370527	68682432.00
2016/06/14	14.00	14.28	13.50	13.90	7553456	105420272.00
2016/06/15	13.57	14.67	13.55	14.40	7738955	110373752.00
2016/06/16	14.56	14.57	13.90	14.02	6407124	90644200.00
2016/06/17	14.02	14.35	13.80	14.04	4741353	67072072.00
2016/06/20	14.00	14.80	13.61	14.46	8474451	120872992.00
2016/06/21	14.26	14.46	13.90	14.05	6931524	98184960.00
2016/06/22	14.05	14.13	13.85	14.08	4012093	56174672.00
2016/06/23	14.08	14.31	13.82	13.93	3911430	54662580.00
2016/06/24	13.90	14.04	13.46	13.83	5619302	77342272.00
2016/06/27	13.83	14.23	13.83	14.18	4679979	66065564.00
2016/06/28	14.10	14.60	13.93	14.35	7134030	101681584.00
2016/06/29	14.49	14.98	14.29	14.63	10232455	149567456.00
2016/06/30	14.45	14.63	14.25	14.32	5988371	85947776.00
2016/07/01	14.42	14.42	14.03	14.14	4276111	60762900.00
2016/07/04	14.00	14.47	13.88	14.33	5064420	72455504.00
2016/07/05	14.40	14.40	14.00	14.26	7866561	111505496.00
2016/07/06	14.26	14.42	14.06	14.39	6853896	97789424.00
2016/07/07	14.39	14.49	14.06	14.20	8384264	118939848.00
2016/07/08	14.16	14.20	14.00	14.05	8159338	114715176.00
2016/07/11	13.85	13.98	13.75	13.80	11580078	160602592.00
2016/07/12	13.90	14.33	13.58	14.14	10652357	147589936.00
2016/07/13	14.19	14.49	13.97	14.41	21841509	309959744.00
2016/07/14	14.25	14.33	14.07	14.18	15593560	221079648.00
2016/07/15	14.27	14.38	14.14	14.18	10188170	144944480.00
2016/07/18	14.16	14.16	13.80	13.85	12062034	167630704.00
2016/07/19	13.90	13.91	13.68	13.89	7677472	105681600.00
2016/07/20	14.00	14.00	13.80	13.87	7174290	99636992.00
2016/07/21	13.95	13.99	13.84	13.91	7568050	105171704.00
2016/07/22	13.96	13.96	13.74	13.81	7336925	101233992.00
2016/07/25	13.81	13.81	13.62	13.72	6050327	82909872.00
2016/07/26	13.75	13.80	13.69	13.79	6687153	91837016.00
2016/07/27	13.79	13.79	12.71	12.81	18821627	249376208.00
2016/07/28	12.68	12.77	12.30	12.44	9807860	122952272.00
2016/07/29	12.50	12.64	12.42	12.48	5369480	67175080.00
2016/08/01	12.45	12.45	11.80	11.94	8019473	96167632.00
2016/08/02	11.92	12.05	11.91	12.03	4074146	48864556.00
2016/08/03	11.98	12.02	11.90	11.91	4702291	56159520.00
2016/08/04	11.92	12.18	11.75	12.11	7713714	92563680.00
2016/08/05	12.00	12.05	11.85	11.86	6964602	83130208.00
2016/08/08	11.88	12.15	11.73	12.10	8171943	98022656.00
2016/08/09	12.09	12.34	12.02	12.31	7665439	93882576.00
2016/08/10	12.29	12.32	12.15	12.17	6640000	81179000.00
2016/08/11	12.22	12.41	12.14	12.16	6062974	74272016.00
2016/08/12	12.11	12.27	12.01	12.26	4970676	60309388.00
2016/08/15	12.21	12.76	12.18	12.61	12235362	152948144.00
2016/08/16	12.65	13.00	12.51	12.77	12202897	154278272.00
2016/08/17	12.73	12.76	12.61	12.63	6069548	76852384.00
2016/08/18	12.60	12.71	12.46	12.52	6118337	76957704.00
2016/08/19	12.52	12.55	12.28	12.37	6742146	83224416.00
2016/08/22	12.35	12.48	12.18	12.19	5330010	65502516.00
2016/08/23	12.21	12.28	12.15	12.27	4834185	59104720.00
2016/08/24	12.29	12.35	12.20	12.24	4648372	57032992.00
2016/08/25	12.09	12.09	11.81	11.98	6276947	74802640.00
2016/08/26	11.98	13.18	11.97	13.18	20325309	261051600.00
2016/08/29	13.20	13.44	12.79	12.85	28218389	370656448.00
2016/08/30	13.06	13.06	12.58	12.78	14237571	180980400.00
2016/08/31	12.79	13.08	12.66	12.79	13178414	168869024.00
2016/09/01	12.84	12.87	12.37	12.40	10699071	134883504.00
2016/09/02	12.16	12.47	12.16	12.31	6723053	82878824.00
2016/09/05	12.30	12.45	12.24	12.31	5307848	65469240.00
2016/09/06	12.34	13.05	12.21	13.03	19347811	246326368.00
2016/09/07	13.00	13.00	12.70	12.75	11536778	147998832.00
2016/09/08	12.76	13.10	12.71	12.91	10776813	139222320.00
2016/09/09	13.03	13.04	12.68	12.70	9254231	118665096.00
2016/09/12	12.40	12.65	12.30	12.34	8296118	103079552.00
2016/09/13	12.39	12.64	12.39	12.47	4845521	60569920.00
2016/09/14	12.43	12.55	12.30	12.37	5314102	65928804.00
2016/09/19	12.40	12.67	12.40	12.64	5236562	65868860.00
2016/09/20	12.68	12.75	12.51	12.64	4532748	57184652.00
2016/09/21	12.65	12.89	12.58	12.73	7136293	90810080.00
2016/09/22	12.77	12.87	12.64	12.67	5875082	74835640.00
2016/09/23	12.67	12.81	12.46	12.47	5420000	68131696.00
2016/09/26	12.35	12.52	12.21	12.23	7596490	93820536.00
2016/09/27	12.20	12.32	12.06	12.31	5698952	69594800.00
2016/09/28	12.30	12.60	12.24	12.38	4411557	54804360.00
2016/09/29	12.39	12.98	12.39	12.81	17200674	219181360.00
2016/09/30	12.83	12.87	12.71	12.83	7746574	99106360.00
2016/10/10	12.81	13.39	12.75	13.13	14114098	184004368.00
2016/10/11	13.06	13.38	13.01	13.30	15634573	206859216.00
2016/10/12	13.20	13.36	13.11	13.25	9020972	119371392.00
2016/10/13	13.30	13.37	13.14	13.29	9365857	124082904.00
2016/10/14	13.24	13.39	13.02	13.09	7597558	99978352.00
2016/10/17	13.11	13.35	12.90	13.00	7905187	103973000.00
2016/10/18	12.95	13.19	12.95	13.18	5889987	77267608.00
2016/10/19	13.19	13.27	13.03	13.17	6461867	84946192.00
2016/11/02	13.72	14.00	13.05	13.26	28022576	378612192.00
2016/11/03	12.90	13.10	12.76	12.97	16091819	208006336.00
2016/11/04	12.81	13.06	12.73	12.87	8658426	111393984.00
2016/11/07	12.86	13.10	12.70	13.01	7368877	95527600.00
2016/11/08	13.00	13.05	12.88	12.95	5619917	72750832.00
2016/11/09	12.95	12.96	12.58	12.69	9275246	118520160.00
2016/11/10	12.81	12.99	12.72	12.88	7424569	95720416.00
2016/11/11	12.88	13.50	12.76	13.20	14018721	184605072.00
2016/11/14	13.14	13.20	13.02	13.10	9228906	120873088.00
2016/11/15	13.07	13.26	13.06	13.25	8832615	116523832.00
2016/11/16	13.28	14.58	13.24	14.58	34455683	479245824.00
2016/11/17	14.60	16.04	14.40	16.04	96909030	1512436864.00
2016/11/18	15.86	16.29	15.39	15.51	86196735	1365897216.00
2016/11/21	15.51	17.06	15.31	17.06	95349066	1585659008.00
2016/11/22	16.75	17.90	16.01	16.85	74307575	1251115648.00
2016/11/23	16.49	16.77	15.52	15.88	64726683	1041192000.00
2016/11/24	15.79	15.86	15.04	15.28	56337976	871530048.00
2016/11/25	15.00	15.24	14.61	15.13	33296785	499106624.00
2016/11/28	15.06	15.25	14.22	14.30	58891566	865163584.00
2016/11/29	14.28	14.50	14.00	14.14	31232662	444154976.00
2016/11/30	14.14	14.36	14.10	14.22	20179726	287067200.00
2016/12/01	14.19	14.40	14.11	14.36	18348094	261518896.00
2016/12/02	14.33	14.62	14.02	14.17	22528408	322989952.00
2016/12/05	13.80	14.18	13.65	13.74	17691762	245487280.00
2016/12/06	13.81	14.08	13.73	13.99	13437129	186731760.00
2016/12/07	13.98	14.28	13.71	14.20	17384819	243922880.00
2016/12/08	14.13	14.59	14.04	14.48	24914707	356051200.00
2016/12/09	14.30	14.56	14.20	14.25	17447639	250522832.00
2016/12/12	14.20	14.29	12.83	12.83	24398805	328886784.00
2016/12/13	12.56	13.15	12.45	13.04	15370250	197333216.00
2016/12/14	13.04	13.42	13.02	13.21	15742800	207924960.00
2016/12/15	13.19	13.85	13.15	13.44	12857284	174208544.00
2016/12/16	13.36	13.76	13.36	13.61	10871665	147815072.00
2016/12/19	14.10	14.92	14.10	14.79	60724436	885239936.00
2016/12/20	14.54	14.79	14.38	14.76	43007071	629512640.00
2016/12/21	14.75	16.19	14.75	15.87	94263461	1457560064.00
2016/12/22	15.90	16.82	15.90	16.47	58618574	967114688.00
2016/12/23	16.45	16.66	15.50	16.13	38476033	623267136.00
2016/12/26	16.15	16.67	15.90	16.20	35556765	576013952.00
2016/12/27	16.04	16.25	15.51	16.12	38819923	619673280.00
2016/12/28	16.06	16.48	15.91	16.16	26921620	436583360.00
2016/12/29	15.90	16.09	15.59	15.67	32893496	521559712.00
2016/12/30	16.15	16.67	16.11	16.62	62800919	1029510144.00
2017/01/03	16.39	16.48	16.10	16.37	22039668	359487392.00
2017/01/04	16.37	16.58	16.31	16.53	25322645	415762624.00
2017/01/05	16.32	16.75	16.32	16.69	27243833	450863232.00
2017/01/06	16.67	17.23	16.45	16.98	58051384	978975808.00
2017/01/09	17.10	17.40	16.80	17.10	63438133	1082270080.00
2017/01/10	17.10	18.81	17.10	18.33	61633417	1114566016.00
2017/01/11	18.05	18.59	17.82	18.34	42687848	776637696.00
2017/01/12	18.35	19.66	18.30	18.72	74751025	1430593536.00
2017/01/13	18.65	18.65	17.50	18.01	27925387	507334368.00
2017/01/16	18.05	18.58	16.55	18.51	34789888	629352256.00
2017/01/17	18.30	18.71	16.86	18.53	36371099	652528128.00
2017/01/18	18.50	19.30	18.50	19.20	46002078	872735296.00
2017/01/19	18.90	18.99	18.39	18.67	32790469	610467712.00
2017/01/20	18.49	19.20	18.37	18.87	33848130	632585088.00
2017/01/23	19.10	19.94	19.10	19.82	44512816	876488704.00
2017/01/24	19.69	19.82	19.12	19.45	31041417	602020416.00
2017/01/25	19.45	19.45	18.92	19.00	18275501	350168128.00
2017/01/26	19.11	19.50	18.70	19.25	20024100	383981344.00
2017/02/03	19.22	19.30	19.00	19.18	8838400	168798208.00
2017/02/06	19.18	19.30	18.68	19.22	13827298	264992320.00
2017/02/07	19.24	20.08	19.15	19.90	40108411	785513920.00
2017/02/08	19.86	21.00	19.86	20.90	32958777	672633984.00
2017/02/09	21.00	21.96	20.65	21.87	25887549	555461888.00
2017/02/10	21.83	22.16	21.66	21.92	32394902	708411456.00
2017/02/13	22.03	22.80	22.01	22.69	25612910	578055360.00
2017/02/14	22.80	23.50	22.40	23.27	22918813	528433888.00
2017/02/15	23.27	23.66	22.80	22.89	17970277	417438624.00
2017/02/16	23.13	24.40	23.10	24.32	30992303	739079104.00
2017/02/17	24.45	24.71	23.91	23.97	27857774	677993088.00
2017/02/20	24.00	24.40	23.44	23.91	25025586	596649600.00
2017/02/21	23.72	24.30	23.72	23.90	17252240	412444992.00
2017/02/22	23.90	24.00	23.26	23.89	20227288	480516352.00
2017/02/23	23.90	23.93	22.27	23.36	23075088	535452768.00
2017/02/24	23.40	23.64	22.82	23.18	20532400	474763744.00
2017/02/27	23.18	23.18	22.33	22.69	19035269	431276288.00
2017/02/28	22.80	22.98	20.42	20.42	18602203	397668288.00
2017/03/01	18.38	18.38	18.38	18.38	14626900	268842432.00
2017/03/02	16.54	19.50	16.54	18.00	175951170	3015715584.00
2017/03/03	16.50	17.14	16.20	16.29	136467210	2262867200.00
2017/03/06	15.80	16.27	15.58	16.08	76363888	1212400896.00
2017/03/07	15.90	16.27	15.86	16.01	47983724	770443776.00
2017/03/08	16.01	16.19	15.81	16.06	41639655	665159936.00
2017/03/09	16.04	16.04	15.63	15.68	35224475	556941312.00
2017/03/10	15.66	15.85	15.61	15.71	24607675	386829824.00
2017/03/13	15.72	15.73	15.25	15.49	34413798	530598304.00
2017/03/14	15.44	15.95	15.25	15.89	54883575	857981568.00
2017/03/15	15.70	15.87	15.62	15.65	26980399	424275872.00
2017/03/16	15.69	16.09	15.60	15.94	41496408	658968512.00
2017/03/17	15.85	16.48	15.81	16.14	58217573	942141440.00
2017/03/20	16.05	16.30	15.83	16.08	35650504	571562240.00
2017/03/21	16.10	17.13	15.92	16.86	83512879	1393558784.00
2017/03/22	16.71	16.99	16.47	16.77	61272782	1023013440.00
2017/03/23	16.60	16.99	16.02	16.35	45970987	761452928.00
2017/03/24	16.32	16.50	16.01	16.14	31047330	502062496.00
2017/03/27	16.02	16.20	15.62	15.89	30405240	482617920.00
2017/03/28	15.89	16.08	15.64	15.99	23927240	380334784.00
2017/03/29	15.90	16.35	15.85	15.96	27247750	438635648.00
2017/03/30	15.80	15.82	14.80	14.82	38838402	593048128.00
2017/03/31	14.82	15.08	14.20	14.37	29765046	432741216.00
2017/04/05	14.37	14.99	14.37	14.74	25617583	376734816.00
2017/04/06	14.80	15.09	14.61	14.91	22369923	331937856.00
2017/04/07	14.83	14.98	14.65	14.69	15266876	225448144.00
2017/04/10	14.59	14.69	14.00	14.14	24043725	342822656.00
2017/04/11	14.10	14.28	13.80	14.27	22900396	320577312.00
2017/04/12	14.20	14.24	13.85	13.91	12824953	179880256.00
2017/04/13	13.85	14.08	13.84	13.96	9318498	129996928.00
2017/04/14	13.96	13.97	13.40	13.41	17425147	236949344.00
2017/04/17	13.36	13.36	12.74	12.83	16678600	216462976.00
2017/04/18	12.75	12.93	12.53	12.60	10529000	134325680.00
2017/04/19	12.56	13.10	12.12	13.02	22350957	280998496.00
2017/04/20	12.90	13.18	12.72	12.86	13052894	168811216.00
2017/04/21	12.83	13.07	12.80	12.89	9772200	126359088.00
2017/04/24	12.83	12.85	12.28	12.38	10906989	136157344.00
2017/04/25	12.32	12.54	12.25	12.41	8887600	110117264.00
2017/04/26	12.41	12.49	12.29	12.40	7958500	98596224.00
2017/04/27	12.41	12.78	12.01	12.66	16761854	207389472.00
2017/04/28	12.65	13.18	12.52	13.05	18734927	241850240.00
2017/05/02	13.05	13.25	12.84	12.99	11524874	150149920.00
2017/05/03	12.95	13.06	12.80	13.03	10596031	136925600.00
2017/05/04	12.95	13.05	12.72	12.78	9456774	121963536.00
2017/05/05	12.83	12.83	12.40	12.41	9881296	124622216.00
2017/05/08	12.33	12.40	12.12	12.14	9429500	115481672.00
2017/05/09	12.09	12.35	12.04	12.34	7358705	90120032.00
2017/05/10	12.34	12.55	12.10	12.11	9741239	120406400.00
2017/05/11	12.00	12.04	11.11	11.75	15501166	180870272.00
2017/05/12	11.70	11.81	11.51	11.77	8197249	95858008.00
2017/05/15	11.78	11.84	11.40	11.55	8579852	99714152.00
2017/05/16	11.50	11.74	11.28	11.70	10541025	121331808.00
2017/05/17	11.71	12.07	11.65	11.82	12129011	143869920.00
2017/05/18	11.67	11.97	11.60	11.91	9306828	110085536.00
2017/05/19	11.90	11.96	11.65	11.76	7832609	92141272.00
2017/05/22	11.72	11.72	11.18	11.29	10722459	122122416.00
2017/05/23	11.41	11.68	10.85	11.12	12290688	138392048.00
2017/05/24	10.99	11.15	10.74	11.14	8583912	94042496.00
2017/05/25	11.06	11.25	10.86	11.11	8941948	99116480.00
2017/05/26	11.11	11.20	11.01	11.02	6008636	66554520.00
2017/05/31	11.17	11.24	10.99	10.99	6045254	67225744.00
2017/06/01	10.94	10.94	10.34	10.41	10841082	115325232.00
2017/06/02	10.36	10.62	10.27	10.54	7398527	77574640.00
2017/06/05	10.54	10.70	10.54	10.58	5282807	55994224.00
2017/06/06	10.58	10.66	10.51	10.65	5769100	61132672.00
2017/06/07	10.65	11.60	10.61	11.28	17431348	193304576.00
2017/06/08	11.19	11.41	11.13	11.30	10790035	121665520.00
2017/06/09	11.28	11.42	11.14	11.30	8297516	93462784.00
2017/06/12	11.28	11.30	10.94	10.95	7727358	85590560.00
2017/06/13	10.87	11.22	10.87	11.13	6674400	74178960.00
2017/06/14	11.13	11.68	11.05	11.52	19974108	229034704.00
2017/06/15	11.45	12.28	11.42	11.90	23797412	281545504.00
2017/06/16	11.91	11.96	11.66	11.71	12899865	151633296.00
2017/06/19	11.70	11.84	11.65	11.72	7486356	87781872.00
2017/06/20	11.74	11.95	11.59	11.61	10076496	118726280.00
2017/06/21	11.70	11.71	11.43	11.61	9024930	103991616.00
2017/06/22	11.55	11.68	11.28	11.31	9470656	109099232.00
2017/06/23	11.31	11.46	11.06	11.36	9842990	110584592.00
2017/06/26	11.32	11.46	11.27	11.42	7121704	81098448.00
2017/06/27	11.56	11.98	11.47	11.67	14382875	169366208.00
2017/06/28	11.53	11.55	11.38	11.44	7966199	91199304.00
2017/06/29	11.37	11.58	11.37	11.43	5121500	58821972.00
2017/06/30	11.40	11.40	11.14	11.35	6212474	70158464.00
2017/07/03	11.36	11.43	11.27	11.42	4630987	52660572.00
2017/07/04	11.45	11.45	11.30	11.34	4241874	48157732.00
2017/07/05	11.35	11.44	11.25	11.42	6096100	69301168.00
2017/07/06	11.48	11.72	11.45	11.64	13518009	156999088.00
2017/07/07	11.64	11.93	11.50	11.82	12195695	143460304.00
2017/07/10	11.79	11.79	11.58	11.63	8498385	99378424.00
2017/07/11	11.55	11.66	11.34	11.35	7681185	88290648.00
2017/07/12	11.31	11.40	10.89	11.18	9525909	105930592.00
2017/07/13	11.16	11.85	11.07	11.57	13318913	152977216.00
2017/07/14	11.49	11.49	11.26	11.31	7679502	87105896.00
2017/07/17	11.22	11.22	10.20	10.31	15034524	160753408.00
2017/07/18	10.30	10.56	10.20	10.49	6424665	66840760.00
2017/07/19	10.47	10.78	10.34	10.67	7231295	76355136.00
2017/07/20	10.67	10.99	10.57	10.78	9095052	97969472.00
2017/07/21	10.75	10.75	10.53	10.56	6522300	69345328.00
2017/07/24	10.56	10.77	10.46	10.70	7142349	76041072.00
2017/07/25	10.70	10.71	10.52	10.56	5048705	53482616.00
2017/07/26	10.50	10.61	10.31	10.55	6370899	66519984.00
2017/07/27	10.50	10.77	10.40	10.73	7811900	83023040.00
2017/07/28	10.70	10.86	10.67	10.73	7231100	77738152.00
2017/07/31	10.65	10.94	10.65	10.89	8018005	87092432.00
2017/08/01	10.95	11.23	10.81	10.95	12156031	134050048.00
2017/08/02	10.91	12.05	10.90	12.05	41757899	486513120.00
2017/08/03	12.29	12.78	12.13	12.22	60014613	744224704.00
2017/08/04	12.05	12.58	11.86	12.19	34989033	428650048.00
2017/08/07	12.01	12.34	11.93	12.09	18562399	224697488.00
2017/08/08	12.15	12.26	11.73	11.86	20060311	238436960.00
2017/08/09	11.75	11.91	11.60	11.88	15256433	179160416.00
2017/08/10	11.93	11.98	11.45	11.56	17666396	205297760.00
2017/08/11	11.39	11.50	11.28	11.32	10453831	118948984.00
2017/08/14	11.37	11.80	11.34	11.66	12523216	145303056.00
2017/08/15	11.60	11.85	11.46	11.68	11354640	132294952.00
2017/08/16	11.61	11.76	11.52	11.68	9470340	110237632.00
2017/08/17	11.73	11.96	11.55	11.92	16592600	195409952.00
2017/08/18	11.78	11.93	11.66	11.67	11701569	137968432.00
2017/08/21	11.66	11.98	11.62	11.90	13073891	154523136.00
2017/08/22	11.89	12.16	11.71	11.74	13973999	166617856.00
2017/08/23	11.67	11.77	11.37	11.41	12283800	141288400.00
2017/08/24	11.41	11.50	11.25	11.33	7490253	85179384.00
2017/08/25	11.33	11.54	11.26	11.41	7056400	80592984.00
2017/08/28	11.50	11.67	11.41	11.58	9423000	108991656.00
2017/08/29	11.61	11.70	11.43	11.48	7800102	89898344.00
2017/08/30	11.53	11.68	11.45	11.51	8339600	96363056.00
2017/08/31	11.55	11.55	11.38	11.44	6831910	78144256.00
2017/09/01	11.42	11.62	11.41	11.50	8432100	97141616.00
2017/09/04	11.50	11.79	11.46	11.70	12378200	144082624.00
2017/09/05	11.67	11.79	11.59	11.68	8527100	99537232.00
2017/09/06	11.69	11.70	11.45	11.56	8792900	101529080.00
2017/09/07	11.56	11.97	11.47	11.88	22149876	260444368.00
2017/09/08	11.83	12.12	11.72	11.83	18311691	218223712.00
2017/09/11	11.83	12.03	11.74	11.92	12027610	143017056.00
2017/09/12	11.87	11.88	11.62	11.64	12981275	152298752.00
2017/09/13	11.60	11.64	11.47	11.63	7950700	91789536.00
2017/09/14	11.64	11.66	11.48	11.51	6788585	78335560.00
2017/09/15	11.58	12.10	11.58	11.94	25819500	305933984.00
2017/09/18	11.98	11.98	11.75	11.96	15597899	185042880.00
2017/09/19	11.93	12.30	11.84	12.24	26078013	315868672.00
2017/09/20	12.17	12.38	12.06	12.25	19106630	233595472.00
2017/09/21	12.25	12.43	11.92	11.93	16550245	201497728.00
2017/09/22	11.88	11.88	11.71	11.74	10150845	119521072.00
2017/09/25	11.67	11.84	11.53	11.58	6529000	76414336.00
2017/09/26	11.62	11.88	11.52	11.77	7648095	89544768.00
2017/09/27	11.80	11.88	11.65	11.68	6712475	78872064.00
2017/09/28	11.63	11.72	11.47	11.48	8573590	99128664.00
2017/09/29	11.49	11.63	11.49	11.55	4805846	55524672.00
2017/10/09	11.73	11.73	11.59	11.61	4829300	56214432.00
2017/10/10	11.59	11.80	11.53	11.77	7248771	84422952.00
2017/10/11	11.73	12.12	11.71	12.02	18074146	216320464.00
2017/10/12	12.00	12.08	11.85	12.06	11945129	143031456.00
2017/10/13	12.05	12.16	11.92	11.96	8794302	105642216.00
2017/10/16	11.93	12.04	11.56	11.64	9722902	114412320.00
2017/10/17	11.59	11.73	11.55	11.65	6127192	71319720.00
2017/10/18	11.68	11.70	11.15	11.17	10198900	116539368.00
2017/10/19	11.11	11.18	10.74	10.83	10644540	116249640.00
2017/10/20	10.85	11.23	10.84	11.20	6994320	77047712.00
2017/10/23	11.15	11.56	11.10	11.53	10285070	117573856.00
2017/10/24	11.73	11.79	11.43	11.72	11539366	134084112.00
2017/10/25	11.79	12.26	11.68	12.23	23867316	287006976.00
2017/10/26	12.50	12.73	11.98	12.06	67800486	839300864.00
2017/10/27	11.75	11.75	11.30	11.38	28843899	331198944.00
2017/10/30	11.21	11.37	10.85	11.09	15089740	166999392.00
2017/10/31	11.02	11.37	11.02	11.36	10296725	115309056.00
2017/11/01	11.32	11.35	11.13	11.14	8125620	91027808.00
2017/11/02	11.15	11.17	10.91	11.10	7688100	84656840.00
2017/11/03	10.92	11.03	10.80	10.91	7594613	82885352.00
2017/11/06	10.93	11.18	10.93	11.16	6089800	67431312.00
2017/11/07	11.12	11.18	11.02	11.13	5871755	65054796.00
2017/11/08	11.11	11.16	11.00	11.05	8321458	92264016.00
2017/11/09	11.01	11.11	10.92	11.02	6583823	72323784.00
2017/11/10	10.97	11.03	10.87	10.91	6296698	68772880.00
2017/11/13	10.91	10.94	10.71	10.86	8148849	88169152.00
2017/11/14	10.85	10.86	10.55	10.55	8782104	93621088.00
2017/11/15	10.55	10.71	10.52	10.55	4646600	49305900.00
2017/11/16	10.54	10.63	10.40	10.41	5149800	54063156.00
2017/11/17	10.44	10.47	9.88	10.10	10464995	105848768.00
2017/11/20	10.08	10.09	9.71	10.08	6259100	61883572.00
2017/11/21	10.04	10.14	9.97	10.09	4654401	46800508.00
2017/11/22	10.07	10.10	9.87	10.09	5161300	51581100.00
2017/11/23	10.09	10.12	9.88	10.08	5750600	57453592.00
2017/11/24	10.05	10.14	9.95	10.09	4035300	40643696.00
2017/11/27	10.10	10.15	9.92	10.07	3928100	39338356.00
2017/11/28	10.00	10.10	9.94	10.08	3756738	37665048.00
2017/11/29	10.04	10.08	9.97	10.07	3982900	39960160.00
2017/11/30	10.06	10.24	10.01	10.08	7224838	73277040.00
2017/12/01	10.08	10.11	9.98	10.09	7542600	75630880.00
2017/12/04	10.09	10.10	9.95	10.00	4680600	46903760.00
2017/12/05	9.98	9.99	9.00	9.34	7483600	72329824.00
2017/12/06	9.29	9.32	8.98	9.16	7772040	70743896.00
2017/12/07	9.10	9.15	9.00	9.03	4193897	37974164.00
2017/12/08	9.05	9.20	9.03	9.14	4102300	37495600.00
2017/12/11	9.11	9.19	9.08	9.15	2713100	24787418.00
2017/12/12	9.16	9.16	8.89	8.91	3941400	35662792.00
2017/12/13	8.91	8.96	8.78	8.89	4307100	38170596.00
2017/12/14	8.87	8.89	8.80	8.82	3498900	30886468.00
2017/12/15	8.85	8.88	8.80	8.81	2777300	24518538.00
2017/12/18	8.82	8.86	8.50	8.57	5760000	49850904.00
2017/12/19	8.55	8.69	8.52	8.67	3917800	33887328.00
2017/12/20	8.68	8.68	8.35	8.37	5591826	47413352.00
2017/12/21	8.40	8.42	8.06	8.16	6310485	51690188.00
2017/12/22	8.20	8.27	8.16	8.21	4626125	38074304.00
2017/12/25	8.16	8.22	7.86	7.88	6782226	54011012.00
2017/12/26	7.82	8.04	7.82	7.99	5759013	45585384.00
2017/12/27	7.97	8.08	7.92	7.94	5187100	41428752.00
2017/12/28	7.99	8.25	7.92	8.13	8384438	68346152.00
2017/12/29	8.10	8.20	8.07	8.13	6233950	50596992.00
2018/01/02	8.13	8.19	8.10	8.16	4165776	33995640.00
2018/01/03	8.17	8.39	8.11	8.27	6389651	52738304.00
2018/01/04	8.27	8.29	8.17	8.19	5369781	44157552.00
2018/01/05	8.18	8.24	8.15	8.20	4051900	33258080.00
2018/01/08	8.21	8.21	8.08	8.12	4744695	38518856.00
2018/01/09	8.10	8.24	8.09	8.19	5803494	47402296.00
2018/01/10	8.15	8.19	7.95	8.00	6037900	48640824.00
2018/01/11	8.02	8.12	7.96	8.10	3836968	30907828.00
2018/01/12	8.08	8.10	8.01	8.01	3569500	28696776.00
2018/01/15	8.01	8.02	7.76	7.80	5307638	41832344.00
2018/01/16	7.80	7.90	7.75	7.84	3302440	25844366.00
2018/01/17	7.85	8.62	7.75	8.62	19370998	161144416.00
2018/01/18	8.64	8.79	8.34	8.39	21679857	184470624.00
2018/01/19	8.25	9.10	8.20	8.72	24330827	208282800.00
2018/01/22	8.54	9.08	8.49	8.78	18426244	161454768.00
2018/01/23	8.75	8.86	8.55	8.57	10975340	95041080.00
2018/01/24	8.60	8.62	8.39	8.52	8987559	76159408.00
2018/01/25	8.46	8.55	8.41	8.46	7505050	63586280.00
2018/01/26	8.41	8.50	8.35	8.37	5984500	50442728.00
2018/01/29	8.36	8.54	8.33	8.39	6916400	58383328.00
2018/01/30	8.36	8.37	8.10	8.14	7314939	60227572.00
2018/01/31	8.13	8.13	7.89	7.95	7937281	63318804.00
2018/02/01	7.94	8.04	7.37	7.38	11277300	85916288.00
2018/02/02	7.38	7.64	7.01	7.57	10185400	74616544.00
2018/02/05	7.44	7.66	7.36	7.59	5923600	44367368.00
2018/02/06	7.44	7.52	6.83	7.11	8329300	60500460.00
2018/02/07	7.20	7.59	7.01	7.52	8344700	61015352.00
2018/02/08	7.47	7.59	7.37	7.51	5404501	40443496.00
2018/02/09	7.37	7.37	7.11	7.19	4271175	30946096.00
2018/02/12	7.20	7.32	7.20	7.23	6466205	46901148.00
2018/02/13	7.26	7.31	7.15	7.16	3453700	25013452.00
2018/02/14	7.16	7.25	7.05	7.14	2527509	18009148.00
2018/02/22	7.20	7.28	7.16	7.27	3082800	22357640.00
2018/02/23	7.29	7.30	7.23	7.28	3020500	21941704.00
2018/02/26	7.30	7.44	7.27	7.43	7943484	58507948.00
2018/02/27	7.43	7.57	7.38	7.50	6846775	51199864.00
2018/02/28	7.40	7.46	7.36	7.40	4854800	35985672.00
2018/03/01	7.38	7.52	7.35	7.50	5159802	38487188.00
2018/03/02	7.43	7.65	7.42	7.51	6585144	49677088.00
2018/03/05	7.51	7.58	7.42	7.48	4596257	34406960.00
2018/03/06	7.51	7.65	7.51	7.60	6838820	51892316.00
2018/03/07	7.62	7.63	7.46	7.47	4650980	35059388.00
2018/03/08	7.50	7.70	7.48	7.60	6869700	52389452.00
2018/03/09	7.68	7.77	7.57	7.73	8779170	67365864.00
2018/03/12	7.74	7.90	7.70	7.81	7813600	60882752.00
2018/03/13	7.81	7.84	7.72	7.76	5914940	46018728.00
2018/03/14	7.72	7.81	7.59	7.61	5382653	41468096.00
2018/03/15	7.60	7.67	7.41	7.49	5761090	43247436.00
2018/03/16	7.47	7.65	7.47	7.57	5207940	39425104.00
2018/03/19	7.55	7.74	7.48	7.61	5050000	38511412.00
2018/03/20	7.55	7.58	7.45	7.57	4476700	33647196.00
2018/03/21	7.56	7.73	7.53	7.57	6316675	48253624.00
2018/03/22	7.54	7.70	7.54	7.69	6372395	48685152.00
2018/03/23	7.56	7.56	6.92	6.93	11501988	82780824.00
2018/03/26	6.85	6.92	6.55	6.90	5762614	39019892.00
2018/03/27	6.96	7.17	6.96	7.07	5090581	36063756.00
2018/03/28	7.00	7.14	6.94	7.05	4448300	31492252.00
2018/03/29	7.03	7.48	7.02	7.26	6958871	50508272.00
2018/03/30	7.26	7.33	7.17	7.26	4658434	33809416.00
2018/04/02	7.24	7.36	7.23	7.31	4714320	34487504.00
2018/04/03	7.21	7.21	7.08	7.13	4661332	33233680.00
2018/04/04	7.18	7.29	7.13	7.13	4122249	29687468.00
2018/04/09	7.08	7.14	7.02	7.05	3523600	24916818.00
2018/04/10	7.06	7.10	7.01	7.09	3371300	23798200.00
2018/04/11	7.12	7.80	7.12	7.63	28357654	216395072.00
2018/04/12	7.44	7.89	7.40	7.81	29357837	227046752.00
2018/04/13	7.76	7.77	7.52	7.61	14503741	110720688.00
2018/04/16	7.55	7.60	7.32	7.37	9220900	68537152.00
2018/04/17	7.33	7.52	7.24	7.26	7146200	52814908.00
2018/04/18	7.34	7.39	7.12	7.30	6264000	45345968.00
2018/04/19	7.31	7.33	7.21	7.27	5035562	36592812.00
2018/04/20	7.27	7.27	7.02	7.03	5793621	41283236.00
2018/04/23	7.03	7.14	6.96	7.10	4003400	28238234.00
2018/04/24	7.11	7.21	7.10	7.20	4190596	30054052.00
2018/04/25	7.20	7.20	7.12	7.13	3136400	22403932.00
2018/04/26	6.95	7.06	6.91	6.91	5789800	40346120.00
2018/04/27	6.99	7.01	6.90	6.94	2747100	19090092.00
2018/05/02	6.94	7.00	6.77	6.85	3117000	21425280.00
2018/05/03	6.79	6.82	6.44	6.76	6480104	42860028.00
2018/05/04	6.70	6.77	6.62	6.63	3743929	25029562.00
2018/05/07	6.65	6.73	6.64	6.71	2551675	17095996.00
2018/05/08	6.73	6.88	6.72	6.83	3991700	27131100.00
2018/05/09	6.84	6.84	6.73	6.77	3297800	22375300.00
2018/05/10	6.72	6.88	6.71	6.86	4381360	29856720.00
2018/05/11	6.84	6.95	6.80	6.88	3968260	27267048.00
2018/05/14	6.87	6.94	6.78	6.79	2622200	17983858.00
2018/05/15	6.81	6.82	6.70	6.81	3048300	20575512.00
2018/05/16	6.75	6.78	6.61	6.66	3046500	20484680.00
2018/05/17	6.68	6.75	6.68	6.72	2292360	15380191.00
2018/05/18	6.75	6.76	6.65	6.74	2070900	13888498.00
2018/05/21	6.78	6.94	6.76	6.89	4323200	29675420.00
2018/05/22	6.88	6.90	6.81	6.89	3251860	22272888.00
2018/05/23	6.88	6.94	6.80	6.81	3116400	21405588.00
2018/05/24	6.79	6.97	6.72	6.89	5253650	36022228.00
2018/05/25	6.85	6.85	6.66	6.68	4937000	33398436.00
2018/05/28	6.69	6.69	6.50	6.52	3853800	25267060.00
2018/05/29	6.56	6.65	6.48	6.59	2674671	17632888.00
2018/05/30	6.54	6.95	6.46	6.66	6771000	45143376.00
2018/05/31	6.65	6.75	6.62	6.72	3874400	25929688.00
2018/06/01	6.68	6.70	6.55	6.60	3083500	20414692.00
2018/06/04	6.53	6.63	6.53	6.59	1713922	11282499.00
2018/06/05	6.55	6.64	6.55	6.62	2364900	15619972.00
2018/06/06	6.61	6.68	6.57	6.66	2503302	16634861.00
2018/06/07	6.65	6.72	6.60	6.60	2780800	18512788.00
2018/06/08	6.59	6.59	6.45	6.47	2953500	19205428.00
2018/06/11	6.48	6.54	6.39	6.44	2010802	12925106.00
2018/06/12	6.43	6.47	6.33	6.45	2654800	16991852.00
2018/06/13	6.47	6.47	6.30	6.38	2594400	16503631.00
2018/06/14	6.35	6.44	6.26	6.35	2428590	15440402.00
2018/06/15	6.38	6.39	6.02	6.03	4511500	28000266.00
2018/06/19	5.75	5.95	5.50	5.53	8372200	48025792.00
2018/06/20	5.45	5.65	5.39	5.56	5810100	32101172.00
2018/06/21	5.59	5.61	5.08	5.10	8404600	44775060.00
2018/06/22	5.10	5.16	4.97	5.07	7503740	38053748.00
2018/06/25	5.11	5.15	4.96	4.98	8007400	40250892.00
2018/06/26	4.93	5.04	4.82	5.01	5422200	26709896.00
2018/06/27	5.00	5.08	4.97	5.02	6293600	31600768.00
2018/06/28	5.00	5.10	4.98	5.05	5188690	26228216.00
2018/06/29	5.04	5.23	5.02	5.21	7061150	36301976.00
2018/07/02	5.22	5.24	5.15	5.20	4530990	23491408.00
2018/07/03	5.19	5.26	5.16	5.25	2680500	13987679.00
2018/07/04	5.23	5.30	5.19	5.29	3873700	20374480.00
2018/07/05	5.28	5.29	4.98	5.01	5518900	28379120.00
2018/07/06	5.02	5.09	4.77	4.97	6596300	32680220.00
2018/07/09	4.96	5.15	4.94	5.12	4844836	24503584.00
2018/07/10	5.18	5.18	5.05	5.08	3546214	18078944.00
2018/07/11	5.05	5.05	4.76	4.88	6013500	29450410.00
2018/07/12	4.85	5.04	4.85	5.00	3810500	18984328.00
2018/07/13	5.02	5.08	5.00	5.04	3310500	16644364.00
2018/07/16	5.03	5.06	4.98	4.99	2080600	10417515.00
2018/07/17	5.01	5.12	4.97	5.11	4606300	23341312.00
2018/07/18	5.11	5.18	5.08	5.13	3007800	15422139.00
2018/07/19	5.14	5.14	4.90	4.99	4165700	20829968.00
2018/07/20	4.98	5.23	4.95	5.13	5622500	28830340.00
2018/07/23	5.13	5.21	5.07	5.19	5026000	25927664.00
2018/07/24	5.19	5.32	5.16	5.31	7302500	38371172.00
2018/07/25	5.33	5.72	5.23	5.46	10798400	58695560.00
2018/07/26	5.35	5.45	5.32	5.39	7004800	37697220.00
2018/07/27	5.38	5.42	5.26	5.30	4481800	23858188.00
2018/07/30	5.27	5.30	5.18	5.22	4610800	24112156.00
2018/07/31	5.19	5.35	5.17	5.33	3894800	20624168.00
2018/08/01	5.32	5.37	5.15	5.18	3656200	19191406.00
2018/08/02	5.13	5.16	4.90	5.00	5357500	26910708.00
2018/08/03	5.02	5.08	4.92	4.94	3784000	18876516.00
2018/08/06	4.95	5.03	4.85	4.92	2881160	14205248.00
2018/08/07	4.90	5.06	4.89	5.06	2643600	13178280.00
2018/08/08	5.07	5.12	5.03	5.11	3285100	16683552.00
2018/08/09	5.09	5.43	5.05	5.19	8246100	42924120.00
2018/08/10	5.11	5.19	5.08	5.12	4417020	22621064.00
2018/08/13	5.05	5.10	4.97	5.09	2710620	13665188.00
2018/08/14	5.09	5.20	5.05	5.15	3300200	16953028.00
2018/08/15	5.14	5.16	5.05	5.05	3158400	16123643.00
2018/08/16	5.05	5.15	4.97	5.10	3099092	15738069.00
2018/08/17	5.11	5.15	5.01	5.03	2623700	13325628.00
2018/08/20	5.03	5.06	4.90	5.02	2909700	14488355.00
2018/08/21	4.99	5.08	4.95	5.05	1732000	8736479.00
2018/08/22	5.01	5.05	4.95	4.97	1924500	9611929.00
2018/08/23	5.01	5.03	4.96	4.98	1260400	6292471.00
2018/08/24	4.98	5.14	4.98	5.09	4259200	21609008.00
2018/08/27	5.12	5.17	5.09	5.16	3461700	17794708.00
2018/08/28	5.16	5.18	5.09	5.13	2313000	11856270.00
2018/08/29	5.11	5.11	5.07	5.07	1500700	7631286.00
2018/08/30	5.07	5.11	4.92	4.97	2608360	13055045.00
2018/08/31	4.96	5.01	4.94	4.98	1511400	7527823.00
2018/09/03	5.00	5.02	4.94	5.02	1349000	6724063.00
2018/09/04	5.01	5.10	4.98	5.08	2647822	13391570.00
2018/09/05	5.09	5.12	5.01	5.02	2244522	11388538.00
2018/09/06	4.97	5.07	4.97	5.02	1549400	7785911.00
2018/09/07	5.02	5.09	5.00	5.03	2178100	10993112.00
2018/09/10	5.02	5.05	4.99	5.03	2114940	10636679.00
2018/09/11	5.01	5.04	4.93	4.98	2798740	13962130.00
2018/09/12	4.96	5.01	4.95	4.97	1873900	9333799.00
2018/09/13	5.01	5.03	4.99	5.03	2227100	11158038.00
2018/09/14	5.02	5.14	5.01	5.13	6738590	34324220.00
2018/09/17	5.14	5.38	5.09	5.27	15056699	79149464.00
2018/09/18	5.16	5.28	5.16	5.26	8940190	46604096.00
2018/09/19	5.23	5.27	5.19	5.24	6602340	34507148.00
2018/09/20	5.29	5.29	5.17	5.18	4628039	24071300.00
2018/09/21	5.22	5.22	5.14	5.19	4286400	22207584.00
2018/09/25	5.16	5.19	5.13	5.13	3286600	16930348.00
2018/09/26	5.13	5.18	5.12	5.16	3447100	17775292.00
2018/09/27	5.16	5.17	5.09	5.10	4640600	23793860.00
2018/09/28	5.10	5.15	5.09	5.12	2178000	11165441.00
2018/10/08	5.08	5.09	4.95	4.97	3496150	17545406.00
2018/10/09	4.98	5.03	4.97	5.02	1482300	7411987.00
2018/10/10	5.00	5.04	4.97	5.00	1160000	5799826.00
2018/10/11	4.91	4.91	4.50	4.54	7238950	33470670.00
2018/10/12	4.53	4.53	4.18	4.46	4915100	21541558.00
2018/10/15	4.50	4.51	4.37	4.38	1944518	8682222.00
2018/10/16	4.48	4.70	4.42	4.45	3059668	13886614.00
2018/10/17	4.44	4.53	4.39	4.44	1752840	7794680.00
2018/10/18	4.41	4.45	4.28	4.30	3416632	14796265.00
2018/10/19	4.35	4.55	4.34	4.50	4376740	19571582.00
2018/10/22	4.47	4.82	4.45	4.74	7239992	33882800.00
2018/10/23	4.75	4.75	4.60	4.64	3949300	18435688.00
2018/10/24	4.61	4.85	4.61	4.70	4912200	23278152.00
2018/10/25	4.54	4.72	4.47	4.71	3797200	17468718.00
2018/10/26	4.75	4.83	4.66	4.69	2654752	12546195.00
2018/10/29	4.69	4.79	4.62	4.70	3356500	15857848.00
2018/10/30	4.74	4.86	4.67	4.82	4238500	20336162.00
2018/10/31	4.85	4.85	4.74	4.80	3432400	16512610.00
2018/11/01	4.83	5.18	4.81	4.90	8643926	43049424.00
2018/11/02	4.86	5.06	4.85	5.01	6520413	32482460.00
2018/11/05	5.01	5.19	4.99	5.18	7378818	37698640.00
2018/11/06	5.15	5.24	5.07	5.12	4282317	21993664.00
2018/11/07	5.16	5.18	5.07	5.11	3793176	19428186.00
2018/11/08	5.12	5.29	5.09	5.18	5675113	29519880.00
2018/11/09	5.18	5.21	5.07	5.10	3556600	18177110.00
2018/11/12	5.12	5.27	5.09	5.25	5549163	29021878.00
2018/11/13	5.23	5.49	5.17	5.41	10020023	53954212.00
2018/11/14	5.38	5.49	5.36	5.42	7123619	38693952.00
2018/11/15	5.36	5.47	5.36	5.44	4259700	23113782.00
2018/11/16	5.47	5.88	5.43	5.64	12101695	68378000.00
2018/11/19	5.65	5.70	5.55	5.68	6934500	39019984.00
2018/11/20	5.60	5.68	5.44	5.46	6669305	37097672.00
2018/11/21	5.38	5.66	5.36	5.63	5669619	31434744.00
2018/11/22	5.60	5.66	5.55	5.56	3142300	17549528.00
2018/11/23	5.65	5.65	5.29	5.32	5670800	30691524.00
2018/11/26	5.37	5.53	5.31	5.46	5077900	27760384.00
2018/11/27	5.52	5.60	5.38	5.42	4546850	24768468.00
2018/11/28	5.48	5.48	5.34	5.45	5016156	27271312.00
2018/11/29	5.49	5.55	5.26	5.30	4813900	26121286.00
2018/11/30	5.30	5.38	5.24	5.34	3474806	18454060.00
2018/12/03	5.45	5.70	5.45	5.64	7582624	42410028.00
2018/12/04	5.64	5.68	5.55	5.62	4106971	23017482.00
2018/12/05	5.50	5.57	5.48	5.53	3283700	18133972.00
2018/12/06	5.55	5.56	5.40	5.54	4783248	26189464.00
2018/12/07	5.60	5.65	5.44	5.45	4379320	24113188.00
2018/12/10	5.36	5.41	5.21	5.24	3819595	20251416.00
2018/12/11	5.28	5.44	5.25	5.41	3609149	19334340.00
2018/12/12	5.43	5.46	5.38	5.38	1960053	10623935.00
2018/12/13	5.39	5.46	5.37	5.39	2224208	12060559.00
2018/12/14	5.45	5.45	5.28	5.28	2919451	15621443.00
2018/12/17	5.25	5.33	5.23	5.31	1870500	9874840.00
2018/12/18	5.28	5.33	5.11	5.11	4528300	23582608.00
2018/12/19	5.13	5.19	5.13	5.14	2361716	12181525.00
2018/12/20	5.12	5.17	5.10	5.13	1750247	8991722.00
2018/12/21	5.13	5.15	5.06	5.12	1693600	8653995.00
2018/12/24	5.12	5.16	5.06	5.13	2277114	11650436.00
2018/12/25	5.14	5.15	4.87	4.95	3365578	16658480.00
2018/12/26	4.99	5.00	4.78	4.85	4127150	20153742.00
2018/12/27	4.90	4.95	4.76	4.76	3737647	18244840.00
2018/12/28	4.83	4.84	4.74	4.80	2055794	9853465.00
2019/01/02	4.85	4.93	4.79	4.87	2942268	14328870.00
2019/01/03	4.90	5.01	4.88	4.93	2530302	12540709.00
2019/01/04	4.90	5.10	4.85	5.07	3511668	17569904.00
2019/01/07	5.07	5.18	5.04	5.14	3846373	19716620.00
2019/01/08	5.14	5.25	5.08	5.23	4117284	21442720.00
2019/01/09	5.25	5.28	5.20	5.20	2671629	13981000.00
2019/01/10	5.19	5.25	5.16	5.19	2425100	12610821.00
2019/01/11	5.17	5.26	5.16	5.25	2749874	14364862.00
2019/01/14	5.23	5.28	5.19	5.22	2357153	12322636.00
2019/01/15	5.22	5.29	5.22	5.28	2377486	12510604.00
2019/01/16	5.29	5.30	5.23	5.25	2460529	12930308.00
2019/01/17	5.16	5.17	4.86	4.93	9800847	48673564.00
2019/01/18	4.87	4.93	4.80	4.84	6130689	29801178.00
2019/01/21	4.84	4.93	4.80	4.90	3803968	18591028.00
2019/01/22	4.94	4.94	4.81	4.82	3212831	15624428.00
2019/01/23	4.80	4.84	4.78	4.81	2073251	9962340.00
2019/01/24	4.81	4.82	4.65	4.72	3752506	17730700.00
2019/01/25	4.75	4.76	4.68	4.68	2708101	12754325.00
2019/01/28	4.61	4.73	4.60	4.61	4050404	18735808.00
2019/01/29	4.60	4.60	4.38	4.41	4717545	20959740.00
2019/01/30	4.43	4.53	4.40	4.46	2730247	12236146.00
2019/01/31	4.42	4.42	4.18	4.21	6742123	28842260.00
2019/02/01	4.21	4.36	4.19	4.34	3120220	13412523.00
2019/02/11	4.37	4.56	4.37	4.54	3308668	14850549.00
2019/02/12	4.52	4.61	4.52	4.58	2556400	11707386.00
2019/02/13	4.60	4.65	4.56	4.62	2962038	13683895.00
2019/02/14	4.62	4.69	4.61	4.66	3518400	16358565.00
2019/02/15	4.65	4.75	4.62	4.68	4005726	18746696.00
2019/02/18	4.68	4.84	4.68	4.80	5530078	26432578.00
2019/02/19	4.83	5.03	4.78	4.89	11244876	55221544.00
2019/02/20	4.95	4.99	4.81	4.86	7323683	35661672.00
2019/02/21	4.87	5.09	4.85	4.98	11774565	58819736.00
2019/02/22	4.93	5.24	4.87	5.20	14736353	74389320.00
2019/02/25	5.30	5.71	5.20	5.69	23868756	129939328.00
2019/02/26	5.60	5.98	5.45	5.70	28474827	162836608.00
2019/02/27	5.67	5.86	5.48	5.69	18487772	105305632.00
2019/02/28	5.60	5.66	5.52	5.56	10023532	55947484.00
2019/03/01	5.55	5.60	5.45	5.58	9347596	51585524.00
2019/03/04	5.67	5.73	5.57	5.62	14257080	80486856.00
2019/03/05	5.62	5.70	5.52	5.70	12668641	71336856.00
2019/03/06	5.70	6.16	5.69	6.09	19955851	118377096.00
2019/03/07	6.09	6.14	5.90	6.00	19921449	119557312.00
2019/03/08	5.88	6.08	5.80	5.81	14124820	83970824.00
2019/03/11	5.80	6.11	5.80	6.07	10778034	64424252.00
2019/03/12	6.68	6.68	6.68	6.68	3658550	24439114.00
2019/03/13	7.35	7.35	7.35	7.35	5565023	40902920.00
2019/03/14	7.15	7.16	6.70	6.78	27245018	187874176.00
2019/03/15	6.75	7.46	6.72	7.08	28543163	203721536.00
2019/03/18	7.00	7.29	6.76	7.04	18385208	128406880.00
2019/03/19	6.83	7.03	6.82	6.94	10053506	69639232.00
2019/03/20	6.92	7.42	6.86	7.24	16297133	115631856.00
2019/03/21	7.18	7.70	7.18	7.56	24094222	180858240.00
2019/03/22	7.40	7.55	7.31	7.44	14678968	108946096.00
2019/03/25	7.28	7.66	7.21	7.43	13435901	100704928.00
2019/03/26	7.50	7.70	7.22	7.28	12869225	96152640.00
2019/03/27	7.28	7.46	6.86	7.12	13182225	94190576.00
2019/03/28	7.18	7.48	7.15	7.37	14085941	103345952.00
2019/03/29	7.45	7.45	7.05	7.32	13253371	95669808.00
2019/04/01	7.41	7.83	7.33	7.76	17642331	134090600.00
2019/04/02	7.83	8.28	7.61	8.20	24085103	192443312.00
2019/04/03	8.20	8.58	8.08	8.52	19300712	162681344.00
2019/04/04	8.54	8.67	8.45	8.48	13529277	115622360.00
2019/04/08	8.56	8.66	8.19	8.51	12626750	106191936.00
2019/04/09	8.51	8.60	8.29	8.55	8283077	69960816.00
2019/04/10	8.55	9.41	8.46	9.36	21846237	199720688.00
2019/04/11	9.34	9.68	9.19	9.25	15624933	146568256.00
2019/04/12	9.56	10.12	9.38	9.80	23287357	226131712.00
2019/04/15	9.60	10.49	9.60	10.42	20941463	211892368.00
2019/04/16	10.35	11.46	10.18	11.46	27295851	303398272.00
2019/04/17	11.48	11.87	10.39	10.90	42408293	471462624.00
2019/04/18	10.50	10.58	9.91	9.98	24984510	254315376.00
2019/04/19	9.89	10.59	9.84	10.50	22060440	227043008.00
2019/04/22	10.48	10.98	10.31	10.69	15556700	167122400.00
2019/04/23	10.59	11.09	10.22	10.47	16078800	171139680.00
2019/04/24	10.40	10.67	10.03	10.18	11855983	122775400.00
2019/04/25	10.34	10.58	9.72	9.80	13940240	141812592.00
2019/04/26	9.90	9.95	9.58	9.86	12036833	117548584.00
2019/04/29	9.91	9.95	9.57	9.61	11974400	116734696.00
2019/04/30	9.63	9.94	9.63	9.94	8427142	83006008.00
2019/05/06	9.71	9.71	8.95	8.95	15894801	143916416.00
2019/05/07	8.99	9.29	8.85	9.19	7705110	70128424.00
2019/05/08	8.98	9.32	8.75	9.19	6822586	62232304.00
2019/05/09	9.03	9.26	9.03	9.11	4821132	44256096.00
2019/05/10	9.24	9.65	8.98	9.61	10152990	96213016.00
2019/05/13	9.48	10.46	9.38	10.05	8861346	88688792.00
2019/05/14	9.92	10.55	9.89	10.20	8285706	84836720.00
2019/05/15	10.21	10.35	10.09	10.23	6350558	64680528.00
2019/05/16	10.28	10.29	10.02	10.02	5435100	54851552.00
2019/05/17	9.98	10.18	9.59	9.70	5931800	59001528.00
2019/05/20	9.78	9.85	9.32	9.76	4303941	41331192.00
2019/05/21	9.79	9.86	9.65	9.78	3518877	34399136.00
2019/05/22	9.84	9.84	9.23	9.29	5109839	48379380.00
2019/05/23	9.11	9.50	9.10	9.30	5191227	48491628.00
2019/05/24	9.32	9.32	8.38	8.67	9040105	79151928.00
2019/05/27	8.70	9.40	8.70	9.30	8134273	73821712.00
2019/05/28	9.42	9.56	8.86	8.95	6770744	61798424.00
2019/05/29	9.10	9.14	8.95	8.98	4382702	39664976.00
2019/05/30	8.94	9.05	8.76	8.85	4141263	36782804.00
2019/05/31	8.95	9.14	8.70	8.74	3693789	32940100.00
2019/06/03	8.83	8.96	8.48	8.50	3578700	30933234.00
2019/06/04	8.57	8.60	8.21	8.25	3505289	29115866.00
2019/06/05	8.32	8.48	8.11	8.19	3925600	32422100.00
2019/06/06	8.20	8.25	7.54	7.82	5920715	46783164.00
2019/06/10	7.86	8.05	7.66	7.91	5363575	42279524.00
2019/06/11	7.99	8.20	7.85	8.19	4787475	38513228.00
2019/06/12	8.20	8.20	8.07	8.10	2496473	20305664.00
2019/06/13	8.13	8.18	7.88	8.13	2819147	22659742.00
2019/06/14	8.19	8.19	7.84	7.84	2847407	22830360.00
2019/06/17	7.91	8.18	7.91	8.01	3975600	32048874.00
2019/06/18	8.15	8.15	7.86	7.90	2074314	16450007.00
2019/06/19	8.07	8.26	8.03	8.09	4287898	34919060.00
2019/06/20	8.11	8.44	7.86	8.30	7034086	57770208.00
2019/06/21	8.35	8.48	8.30	8.31	6006710	50182300.00
2019/06/24	8.31	8.45	8.20	8.24	4866300	40435140.00
2019/06/25	8.27	8.34	8.02	8.14	3812046	31222216.00
2019/06/26	8.12	8.38	8.09	8.23	3049952	25216644.00
2019/06/27	8.30	8.30	8.10	8.18	4031192	33010068.00
2019/06/28	8.14	8.20	7.92	7.98	3269200	26175724.00
2019/07/01	8.06	8.38	8.06	8.35	5878079	48589960.00
2019/07/02	8.35	8.35	8.15	8.22	5191459	42707216.00
2019/07/03	8.30	8.30	8.03	8.10	3525313	28709628.00
2019/07/04	8.10	8.23	7.99	8.00	2975957	24052978.00
2019/07/05	8.10	8.12	7.96	8.03	2375536	19073924.00
2019/07/08	7.99	8.02	7.38	7.62	5069686	38805140.00
2019/07/09	7.62	7.80	7.55	7.64	2378460	18207520.00
2019/07/10	7.62	7.72	7.49	7.53	2099362	15948984.00
2019/07/11	7.60	7.64	7.30	7.42	4656657	34726416.00
2019/07/12	7.45	7.58	7.18	7.39	4912007	36171852.00
2019/07/15	7.40	7.65	7.31	7.59	3920726	29370312.00
2019/07/16	7.56	7.61	7.45	7.55	2081354	15654977.00
2019/07/17	7.55	7.73	7.43	7.47	2916400	21999528.00
2019/07/18	7.40	7.57	7.32	7.38	3190992	23678248.00
2019/07/19	7.44	7.54	7.31	7.36	3108166	23042440.00
2019/07/22	7.38	7.45	7.10	7.25	3230383	23309608.00
2019/07/23	7.16	7.27	7.15	7.21	3369118	24202900.00
2019/07/24	7.25	7.32	7.16	7.25	2408093	17459614.00
2019/07/25	7.25	7.32	7.20	7.22	2267009	16464614.00
2019/07/26	7.25	7.31	7.16	7.30	2308600	16699820.00
2019/07/29	7.30	7.30	7.16	7.20	2721307	19585736.00
2019/07/30	7.29	7.92	7.22	7.92	11697683	90783768.00
2019/07/31	7.95	8.57	7.82	8.44	21221552	176150496.00
2019/08/01	8.30	8.45	8.06	8.29	12532140	102976576.00
2019/08/02	8.00	8.00	7.76	7.94	10094984	79534688.00
2019/08/05	7.87	7.93	7.65	7.82	7380026	57276688.00
2019/08/06	7.59	7.69	7.04	7.38	8802398	64839868.00
2019/08/07	7.45	7.48	7.20	7.27	5142285	37443000.00
2019/08/08	7.27	7.49	7.21	7.27	4496385	33098586.00
2019/08/09	7.28	7.33	7.12	7.23	4640919	33474198.00
2019/08/12	7.18	7.34	6.95	7.32	3164760	22810812.00
2019/08/13	7.28	7.31	7.11	7.26	3587600	25902248.00
2019/08/14	7.33	7.37	7.24	7.26	2582100	18837488.00
2019/08/15	7.15	7.33	7.12	7.28	2913886	20939044.00
2019/08/16	7.29	7.42	7.27	7.32	2888939	21251852.00
2019/08/19	7.35	7.54	7.31	7.54	4264019	31737710.00
2019/08/20	7.54	7.65	7.48	7.56	2946835	22304688.00
2019/08/21	7.68	7.76	7.55	7.64	3944777	30198280.00
2019/08/22	7.72	8.14	7.67	8.02	6575190	52380484.00
2019/08/23	8.01	8.01	7.68	7.72	6257100	48703820.00
2019/08/26	7.60	7.60	7.38	7.41	3821000	28495728.00
2019/08/27	7.47	7.75	7.47	7.61	5306754	40551512.00
2019/08/28	7.69	7.71	7.51	7.53	3835400	29108168.00
2019/08/29	7.52	7.68	7.44	7.58	4589098	34694656.00
2019/08/30	8.34	8.34	8.34	8.34	3507250	29250464.00
2019/09/02	8.76	9.17	8.40	9.12	27579052	240716304.00
2019/09/03	8.80	9.10	8.70	8.87	19256871	171202944.00
2019/09/04	8.84	9.68	8.80	9.29	18529451	171044544.00
2019/09/05	9.35	9.99	9.27	9.54	18752995	181659152.00
2019/09/06	9.54	9.55	9.27	9.37	13766703	129192464.00
2019/09/09	9.40	9.40	9.08	9.39	13975030	129465240.00
2019/09/10	9.34	9.57	9.16	9.52	14458879	135456880.00
2019/09/11	9.47	9.85	9.41	9.53	12970175	124733096.00
2019/09/12	9.58	9.68	9.29	9.54	9059741	85878000.00
2019/09/16	9.62	10.12	9.54	10.03	13952844	138357616.00
2019/09/17	9.99	10.00	9.60	9.63	11199097	109227656.00
2019/09/18	9.70	9.96	9.56	9.59	9861128	96244704.00
2019/09/19	9.65	9.88	9.51	9.84	9378100	91514384.00
2019/09/20	9.89	9.92	9.65	9.75	6402496	62482564.00
2019/09/23	9.72	9.84	9.52	9.63	6075500	58585176.00
2019/09/24	9.71	9.75	9.40	9.46	7532144	71983608.00
2019/09/25	9.47	9.55	9.31	9.40	5551852	52445388.00
2019/09/26	9.39	9.41	8.74	8.92	9254400	83629936.00
2019/09/27	8.87	9.58	8.80	9.45	11307542	105853552.00
2019/09/30	9.45	9.47	9.13	9.18	5730100	52906896.00
2019/10/08	9.17	9.24	8.95	9.07	3888535	35196204.00
2019/10/09	9.11	9.15	9.01	9.10	4413311	40086376.00
2019/10/10	9.17	9.81	9.12	9.80	10367697	99440792.00
2019/10/11	9.80	9.91	9.66	9.80	10217800	100101168.00
2019/10/14	9.85	10.08	9.72	9.88	13110900	129872344.00
2019/10/15	7.07	7.13	6.70	6.83	12763400	87382688.00
2019/10/16	6.80	6.80	6.48	6.49	16193160	106791208.00
2019/10/17	6.54	6.92	6.39	6.52	14883223	98337880.00
2019/10/18	6.62	6.64	6.28	6.30	11467980	73022008.00
2019/10/21	6.34	6.34	6.03	6.17	8471755	52011684.00
2019/10/22	6.23	6.27	6.14	6.23	5864420	36369752.00
2019/10/23	6.23	6.44	6.14	6.39	9855698	62309288.00
2019/10/24	6.40	6.55	6.37	6.48	8663976	56110768.00
2019/10/25	6.50	6.73	6.36	6.63	7340020	48223352.00
2019/10/28	6.58	6.67	6.42	6.57	10994512	71842944.00
2019/10/29	6.57	6.58	6.33	6.39	7730153	49667084.00
2019/10/30	6.39	6.45	6.23	6.42	5551326	35136704.00
2019/10/31	6.45	6.45	6.09	6.16	9236980	57263480.00
2019/11/01	6.14	6.26	6.07	6.21	5236220	32490372.00
2019/11/04	6.25	6.25	6.10	6.11	5508880	33907968.00
2019/11/05	6.13	6.28	6.11	6.18	5487846	34011636.00
2019/11/06	6.18	6.27	6.13	6.19	3550400	22006212.00
2019/11/07	6.17	6.20	6.05	6.17	4099986	25177904.00
2019/11/08	6.20	6.22	6.10	6.17	3252120	20007692.00
2019/11/11	6.19	6.19	5.87	5.96	6229560	37014024.00
2019/11/12	6.00	6.20	5.94	6.17	5351506	32505228.00
2019/11/13	6.18	6.30	6.16	6.25	5267140	32851080.00
2019/11/14	6.24	6.28	6.05	6.12	5813280	35504728.00
2019/11/15	6.07	6.10	5.90	5.92	5624494	33426050.00
2019/11/18	5.94	5.95	5.78	5.85	4175760	24401362.00
2019/11/19	5.86	6.30	5.82	6.09	6224460	37943828.00
2019/11/20	6.11	6.13	5.93	5.94	4169564	25021410.00
2019/11/21	5.95	6.02	5.82	5.99	3512460	20873918.00
2019/11/22	6.05	6.05	5.91	5.94	3114456	18565262.00
2019/11/25	5.95	5.98	5.86	5.92	2630020	15534201.00
2019/11/26	5.95	5.98	5.84	5.97	2994701	17707388.00
2019/11/27	5.99	6.15	5.92	6.02	6140874	36910644.00
2019/11/28	6.05	6.05	5.93	5.95	2749124	16423784.00
2019/11/29	5.94	6.10	5.91	6.00	2737587	16428321.00
2019/12/02	6.25	6.60	6.16	6.18	15175809	95649792.00
2019/12/03	6.05	6.12	6.01	6.10	7282515	44169032.00
2019/12/04	6.06	6.08	5.98	6.00	5043240	30382192.00
2019/12/05	6.00	6.06	5.94	5.96	4349855	26036344.00
2019/12/06	5.96	6.00	5.90	5.95	3345200	19871148.00
2019/12/09	5.98	6.55	5.88	6.55	23353673	146460240.00
2019/12/10	6.59	6.89	6.42	6.73	38350884	255439616.00
2019/12/11	6.66	6.84	6.63	6.75	14335972	96853088.00
2019/12/12	6.90	7.05	6.69	6.77	31908042	218779696.00
2019/12/13	6.69	6.89	6.57	6.86	20890952	140729984.00
2019/12/16	6.85	7.03	6.75	6.95	23640552	163731248.00
2019/12/17	6.96	7.03	6.88	6.98	16469525	114569552.00
2019/12/18	6.98	7.15	6.96	7.06	18347826	129270752.00
2019/12/19	7.08	7.29	6.86	7.15	30146924	212868352.00
2019/12/20	7.25	7.25	7.03	7.09	19300713	137388224.00
2019/12/23	7.10	7.28	7.05	7.16	27158478	194294992.00
2019/12/24	7.17	7.49	7.13	7.35	38223334	278407232.00
2019/12/25	7.36	7.62	7.24	7.55	35731340	266788272.00
2019/12/26	7.54	7.73	7.51	7.71	23539241	179917792.00
2019/12/27	7.70	7.90	7.65	7.78	31497536	244392288.00
2019/12/30	7.78	8.01	7.58	7.91	36414893	285820224.00
2019/12/31	7.84	8.00	7.70	7.78	24798635	194813408.00
2020/01/02	7.82	7.99	7.60	7.78	31607305	246110464.00
2020/01/03	7.78	7.80	7.65	7.76	16385440	126689008.00
2020/01/06	7.78	8.54	7.69	8.54	73890898	582630080.00
2020/01/07	8.22	9.05	8.07	8.51	70858795	601940480.00
2020/01/08	8.37	8.43	8.15	8.17	21708100	179374784.00
2020/01/09	8.26	8.29	8.02	8.06	14554402	118020896.00
2020/01/10	8.08	8.18	7.85	7.91	17757482	141425456.00
2020/01/13	7.87	8.15	7.70	7.85	25759682	202860336.00
2020/01/14	7.80	8.02	7.66	7.77	25068442	194276656.00
2020/01/15	7.70	7.78	7.61	7.70	11785752	90462592.00
2020/01/16	7.72	7.96	7.63	7.87	19468330	151969312.00
2020/01/17	7.87	7.94	7.79	7.90	13536631	106430952.00
2020/01/20	7.90	7.93	7.80	7.92	14065088	110532328.00
2020/01/21	7.91	7.91	7.79	7.84	8092073	63306320.00
2020/01/22	7.95	8.30	7.84	8.20	38520530	310711840.00
2020/01/23	8.10	8.25	7.91	8.21	17894158	144566288.00
2020/02/03	7.59	7.59	7.39	7.39	3596700	26875052.00
2020/02/04	6.65	6.97	6.65	6.68	58707729	391829312.00
2020/02/05	6.55	6.78	6.55	6.69	26739408	178868720.00
2020/02/06	6.65	6.74	6.35	6.63	22887349	149606144.00
2020/02/07	6.55	6.62	6.42	6.51	15349199	99945008.00
2020/02/10	6.51	6.88	6.41	6.85	18033040	120465880.00
2020/02/11	6.91	6.96	6.71	6.76	13473473	91850856.00
2020/02/12	6.71	6.82	6.69	6.80	10282831	69606696.00
2020/02/13	6.81	6.82	6.68	6.74	9250286	62421752.00
2020/02/14	6.68	6.83	6.61	6.73	12345720	82931456.00
2020/02/17	6.76	6.95	6.75	6.94	18962264	129660080.00
2020/02/18	6.91	7.13	6.87	7.11	17106359	119776984.00
2020/02/19	7.08	7.58	7.05	7.38	23023874	169371952.00
2020/02/20	7.40	7.70	7.25	7.58	23996281	179577232.00
2020/02/21	7.58	7.73	7.52	7.59	18226168	138515376.00
2020/02/24	7.64	7.84	7.45	7.74	20769719	159072240.00
2020/02/25	7.51	7.80	7.33	7.66	23536048	179541136.00
2020/02/26	7.63	7.65	7.42	7.43	17773948	134145728.00
2020/02/27	7.50	7.69	7.44	7.50	15012826	113214816.00
2020/02/28	7.20	7.51	7.03	7.38	22032166	160502624.00
2020/03/02	7.38	7.85	7.34	7.61	30065880	227904736.00
2020/03/03	7.72	7.78	7.52	7.62	21062600	161071408.00
2020/03/04	7.58	7.74	7.48	7.60	23015965	175078512.00
2020/03/05	7.60	7.76	7.60	7.73	22353120	172068704.00
2020/03/06	7.65	7.96	7.60	7.91	23724640	184911776.00
2020/03/09	7.81	8.05	7.75	7.94	23509360	186471040.00
2020/03/10	7.80	8.14	7.66	8.12	37311566	296587040.00
2020/03/11	8.12	8.45	8.08	8.34	39704903	327962560.00
2020/03/12	8.25	8.61	8.20	8.59	51364533	434297920.00
2020/03/13	8.36	8.54	7.85	8.43	42747830	354903776.00
2020/03/16	8.43	8.45	7.79	8.00	22503446	183718144.00
2020/03/17	7.99	8.25	7.20	7.42	37121471	278935776.00
2020/03/18	7.37	7.46	6.92	7.00	23349160	166955072.00
2020/03/19	6.94	6.97	6.63	6.86	14275381	96866248.00
2020/03/20	6.91	7.24	6.91	7.20	15837100	113240544.00
2020/03/23	7.10	7.42	7.07	7.22	14729900	107280952.00
2020/03/24	7.33	7.39	7.22	7.28	8333760	60687636.00
2020/03/25	7.35	7.39	7.25	7.32	11666940	85361824.00
2020/03/26	7.30	7.30	7.05	7.15	9908920	70955800.00
2020/03/27	7.15	7.38	6.86	7.15	17330203	123089248.00
2020/03/30	7.05	7.12	6.90	7.07	8014100	56209900.00
2020/03/31	7.12	7.13	6.90	6.91	6276301	43860392.00
2020/04/01	6.90	7.01	6.82	6.87	5235520	36159996.00
2020/04/02	6.89	6.90	6.75	6.89	5918454	40305108.00
2020/04/03	6.89	7.00	6.77	6.91	10086640	69871624.00
2020/04/07	7.00	7.06	6.94	7.00	9161160	64115328.00
2020/04/08	7.00	7.04	6.95	6.99	6692960	46848888.00
2020/04/09	7.03	7.23	7.00	7.21	11060220	79261864.00
2020/04/10	7.21	7.24	7.00	7.00	7250526	51598840.00
2020/04/13	7.07	7.12	6.92	6.95	4592900	32084796.00
2020/04/14	6.90	7.08	6.89	7.04	5240887	36657104.00
2020/04/15	7.03	7.06	6.94	6.95	5576380	39011336.00
2020/04/16	6.97	6.98	6.77	6.79	8564660	58685732.00
2020/04/17	6.81	6.84	6.70	6.72	6798680	45956856.00
2020/04/20	6.68	6.77	6.65	6.70	6343335	42486396.00
2020/04/21	6.67	6.70	6.55	6.58	6597300	43468048.00
2020/04/22	6.58	6.58	6.45	6.53	7491800	48767504.00
2020/04/23	6.55	6.81	6.49	6.69	12001620	79766104.00
2020/04/24	6.66	6.76	6.57	6.62	6020660	40106908.00
2020/04/27	6.62	6.65	6.48	6.51	6427360	42146840.00
2020/04/28	6.52	6.53	6.03	6.13	14259624	88240624.00
2020/04/29	6.15	6.15	5.91	5.91	11200140	67335688.00
2020/04/30	5.98	6.10	5.95	6.07	5686520	34351040.00
2020/05/06	6.07	6.19	6.03	6.17	5889460	36109016.00
2020/05/07	6.19	6.33	6.14	6.27	6095480	38181216.00
2020/05/08	6.27	6.34	6.24	6.27	4028720	25301100.00
2020/05/11	6.28	6.30	6.14	6.17	5576400	34694088.00
2020/05/12	6.18	6.18	6.00	6.11	6044580	36722664.00
2020/05/13	6.14	6.15	6.06	6.13	4793340	29258252.00
2020/05/14	6.15	6.15	6.00	6.01	4052320	24482516.00
2020/05/15	6.01	6.06	5.96	5.96	4380849	26329196.00
2020/05/18	6.01	6.08	5.95	6.07	4675120	28247268.00
2020/05/19	6.10	6.10	5.98	6.03	4826400	29102268.00
2020/05/20	6.03	6.03	5.92	5.95	5476380	32643800.00
2020/05/21	5.95	5.98	5.82	5.84	5502780	32455536.00
2020/05/22	5.84	5.85	5.68	5.73	5741395	33004562.00
2020/05/25	5.78	6.05	5.75	5.86	6972409	41325536.00
2020/05/26	5.90	5.92	5.81	5.87	3418285	19968040.00
2020/05/27	5.87	5.88	5.75	5.79	2293541	13298759.00
2020/05/28	5.78	5.92	5.76	5.83	5201748	30405286.00
2020/05/29	5.80	6.04	5.75	5.94	6377908	37640656.00
2020/06/01	5.99	6.06	5.90	6.02	5657420	34002304.00
2020/06/02	6.03	6.13	5.98	6.12	5646100	34209260.00
2020/06/03	6.12	6.12	5.93	5.94	6725500	40531476.00
2020/06/04	5.95	5.96	5.89	5.89	4300300	25470952.00
2020/06/05	5.90	6.01	5.81	5.91	7680953	45583440.00
2020/06/08	5.90	5.95	5.85	5.85	4488060	26468600.00
2020/06/09	5.85	6.07	5.81	6.07	8973880	53602216.00
2020/06/10	6.04	6.06	5.93	5.98	3809620	22789480.00
2020/06/11	5.94	5.94	5.83	5.85	5841159	34339312.00
2020/06/12	5.77	5.85	5.70	5.83	3983840	23018180.00
2020/06/15	5.88	5.94	5.79	5.88	3502550	20615424.00
2020/06/16	5.86	5.93	5.86	5.91	3779092	22316564.00
2020/06/17	5.94	5.97	5.88	5.90	3414540	20200342.00
2020/06/18	5.93	5.94	5.86	5.94	3426713	20288542.00
2020/06/19	5.92	5.97	5.92	5.97	3669368	21840688.00
2020/06/22	5.97	6.10	5.95	6.02	5247722	31650140.00
2020/06/23	6.05	6.05	5.90	5.94	4408458	26205088.00
2020/06/24	5.94	6.01	5.91	5.94	2999440	17872144.00
2020/06/29	5.93	5.93	5.85	5.85	4969642	29182718.00
2020/06/30	5.86	5.93	5.86	5.93	2666240	15754535.00
2020/07/01	5.95	5.97	5.92	5.96	3200994	19019102.00
2020/07/02	5.99	6.56	5.96	6.56	22117097	140401904.00
2020/07/03	6.70	7.20	6.61	6.78	30071376	206292608.00
2020/07/06	6.70	7.10	6.64	6.97	23145763	159637632.00
2020/07/07	6.89	6.99	6.68	6.81	19869014	135789488.00
2020/07/08	6.85	7.04	6.78	6.95	18086381	124921560.00
2020/07/09	6.95	7.03	6.81	6.95	19469580	134636880.00
2020/07/10	6.97	6.97	6.73	6.75	13712100	93696192.00
2020/07/13	6.95	7.07	6.87	7.03	27417510	191684608.00
2020/07/14	6.95	7.18	6.75	6.88	20056215	139070480.00
2020/07/15	6.90	7.55	6.77	7.25	39312887	280373920.00
2020/07/16	7.19	7.19	6.76	6.77	23258240	161407264.00
2020/07/17	6.77	6.81	6.53	6.54	13324820	88422032.00
2020/07/20	6.56	6.95	6.56	6.91	12713684	85809000.00
2020/07/21	6.91	7.00	6.75	6.80	12048860	82705264.00
2020/07/22	6.80	6.90	6.67	6.73	10574480	71557040.00
2020/07/23	6.68	6.80	6.60	6.72	8547860	56927104.00
2020/07/24	6.70	6.78	6.48	6.49	9579740	63283900.00
2020/07/27	6.49	6.69	6.45	6.63	5652188	36957636.00
2020/07/28	6.63	6.75	6.60	6.69	5005340	33530228.00
2020/07/29	6.70	6.78	6.64	6.75	6129630	41186652.00
2020/07/30	6.76	6.79	6.65	6.66	5146562	34465648.00
2020/07/31	6.61	6.77	6.58	6.68	10660734	71347928.00
2020/08/03	6.70	7.05	6.70	6.90	11389406	78625768.00
2020/08/04	6.90	7.15	6.86	7.11	16899570	118355008.00
2020/08/05	7.05	7.08	6.95	6.98	8558440	59823228.00
2020/08/06	6.98	7.00	6.81	6.86	11300440	77472768.00
2020/08/07	6.90	7.36	6.78	7.19	19977449	141377088.00
2020/08/10	7.18	7.52	7.06	7.19	21123079	154131952.00
2020/08/11	7.20	7.29	6.82	6.85	17838360	125393000.00
2020/08/12	6.80	6.96	6.72	6.92	11021616	75493872.00
2020/08/13	6.90	7.28	6.86	7.06	20792620	148428320.00
2020/08/14	7.02	7.15	6.83	6.92	13311880	92034000.00
2020/08/17	6.90	7.16	6.85	7.05	16477880	115679040.00
2020/08/18	7.05	7.05	6.87	6.91	13627640	94580760.00
2020/08/19	6.92	6.92	6.76	6.77	10192620	69293984.00
2020/08/20	6.74	6.81	6.68	6.74	6044343	40786036.00
2020/08/21	6.75	6.80	6.64	6.71	6481813	43496992.00
2020/08/24	6.74	6.84	6.64	6.81	5037460	33969348.00
2020/08/25	6.82	6.84	6.71	6.74	3977120	26829148.00
2020/08/26	6.70	6.78	6.62	6.65	5700340	38137524.00
2020/08/27	6.62	6.71	6.62	6.69	3678327	24549624.00
2020/08/28	6.66	6.77	6.66	6.77	4305407	28921084.00
2020/08/31	6.77	6.84	6.70	6.71	4400147	29701532.00
2020/09/01	6.70	6.82	6.65	6.76	3726280	25165576.00
2020/09/02	6.79	6.85	6.73	6.77	5059599	34321928.00
2020/09/03	6.77	6.79	6.65	6.71	5401259	36227964.00
2020/09/04	6.67	6.74	6.62	6.69	2936079	19646816.00
2020/09/07	6.73	6.76	6.62	6.63	4976780	33253122.00
2020/09/08	6.63	6.69	6.62	6.64	3698927	24591888.00
2020/09/09	6.62	6.62	6.53	6.53	5423600	35604448.00
2020/09/10	6.61	6.78	6.53	6.54	5170340	34375896.00
2020/09/11	6.55	6.55	6.46	6.50	2948340	19159160.00
2020/09/14	6.51	6.72	6.51	6.72	4921120	32620020.00
2020/09/15	6.70	6.80	6.68	6.78	3460660	23336814.00
2020/09/16	6.70	6.83	6.70	6.79	3018440	20425892.00
2020/09/17	6.80	6.82	6.73	6.81	2671820	18140042.00
2020/09/18	6.84	6.84	6.72	6.83	3653060	24820018.00
2020/09/21	6.83	6.88	6.78	6.79	2848800	19402504.00
2020/09/22	6.73	6.85	6.71	6.79	3196160	21733940.00
2020/09/23	6.83	6.88	6.78	6.82	1730660	11774688.00
2020/09/24	6.76	6.87	6.74	6.74	4913301	33478936.00
2020/09/25	6.78	6.85	6.66	6.84	3498160	23697424.00
2020/09/28	6.83	7.08	6.80	6.94	5917220	41195408.00
2020/09/29	6.94	6.98	6.74	6.79	4785740	32704704.00
2020/09/30	6.75	6.82	6.74	6.81	2503180	16972840.00
2020/10/09	6.85	6.92	6.82	6.92	3659780	25138612.00
2020/10/12	6.92	7.00	6.89	6.95	6412900	44583864.00
2020/10/13	6.91	6.96	6.76	6.84	7227800	49353948.00
2020/10/14	6.86	6.86	6.73	6.74	4556120	30864382.00
2020/10/15	6.73	6.97	6.63	6.97	11367200	76890192.00
2020/10/16	6.96	7.10	6.79	6.88	7520630	51994064.00
2020/10/19	6.84	6.98	6.81	6.86	4222644	29164212.00
2020/10/20	6.85	6.93	6.81	6.90	3504160	24107820.00
2020/10/21	6.92	6.92	6.72	6.72	3853224	26180068.00
2020/10/22	6.72	6.72	6.51	6.67	5798877	38305808.00
2020/10/23	6.66	6.70	6.59	6.62	3570370	23725404.00
2020/10/26	6.60	6.66	6.50	6.55	3604763	23789108.00
2020/10/27	6.57	6.66	6.52	6.61	1800260	11862243.00
2020/10/28	6.62	6.67	6.56	6.65	2055280	13615092.00
2020/10/29	6.60	6.62	6.51	6.53	3373240	22149960.00
2020/10/30	6.53	6.57	6.46	6.54	3558307	23193192.00
2020/11/02	6.50	6.55	6.30	6.52	4189190	26934324.00
2020/11/03	6.50	6.57	6.50	6.54	1771680	11575757.00
2020/11/04	6.59	6.59	6.41	6.44	1992620	12861895.00
2020/11/05	6.47	6.49	6.40	6.46	2267164	14595665.00
2020/11/06	6.45	6.49	6.40	6.42	2290260	14746278.00
2020/11/09	6.45	6.47	6.37	6.46	6060287	38975520.00
2020/11/10	6.43	6.45	6.39	6.41	2282520	14644059.00
2020/11/11	6.41	6.41	6.26	6.28	4564300	28886148.00
2020/11/12	6.28	6.35	6.27	6.32	1444160	9110250.00
2020/11/13	6.34	6.35	6.20	6.27	2287780	14332922.00
2020/11/16	6.25	6.29	6.25	6.28	1337120	8389547.00
2020/11/17	6.29	6.45	6.28	6.39	3118108	19914804.00
2020/11/18	6.40	6.41	6.31	6.37	1515783	9644974.00
2020/11/19	6.37	6.42	6.34	6.37	1375880	8762734.00
2020/11/20	6.38	6.38	6.27	6.37	1847920	11682239.00
2020/11/23	6.34	6.45	6.29	6.38	2005000	12770200.00
2020/11/24	6.39	6.42	6.34	6.34	1338120	8517250.00
2020/11/25	6.37	6.37	6.26	6.26	1577600	9934004.00
2020/11/26	6.26	6.31	6.21	6.27	1556517	9737283.00
2020/11/27	6.26	6.30	6.24	6.29	930680	5841653.00
2020/11/30	6.29	6.35	6.26	6.28	1850800	11663448.00
2020/12/01	6.30	6.32	6.26	6.31	1550100	9761228.00
2020/12/02	6.31	6.38	6.28	6.35	4508532	28551872.00
2020/12/03	6.37	6.39	6.34	6.36	1183420	7540289.00
2020/12/04	6.37	6.38	6.32	6.34	1032440	6544748.00
2020/12/07	6.33	6.37	6.31	6.31	1192900	7552522.00
2020/12/08	6.30	6.33	6.20	6.23	2675906	16748271.00
2020/12/09	6.22	6.25	6.10	6.10	2024740	12503374.00
2020/12/10	6.11	6.12	6.04	6.06	1293967	7848423.00
2020/12/11	6.04	6.08	5.93	5.96	2322937	13906125.00
2020/12/14	5.96	6.01	5.95	6.01	819900	4909288.00
2020/12/15	6.05	6.34	5.99	6.30	4277500	26573928.00
2020/12/16	6.25	6.31	6.21	6.23	1806700	11311170.00
2020/12/17	6.23	6.30	6.16	6.30	1840946	11492356.00
2020/12/18	6.40	6.40	6.25	6.26	1597040	10074435.00
2020/12/21	6.25	6.29	6.21	6.25	1300040	8138688.00
2020/12/22	6.25	6.30	6.14	6.18	2380211	14723108.00
2020/12/23	6.18	6.20	6.11	6.18	2702080	16669530.00
2020/12/24	6.17	6.25	6.08	6.20	3159440	19544618.00
2020/12/25	6.21	6.23	6.15	6.16	1335400	8261024.50
2020/12/28	6.15	6.16	6.03	6.08	2411920	14643528.00
2020/12/29	6.07	6.14	6.05	6.09	1345120	8195447.00
2020/12/30	6.07	6.10	5.96	6.04	5708745	34330284.00
2020/12/31	6.04	6.25	6.01	6.15	2809424	17136402.00
2021/01/04	6.15	6.17	6.05	6.09	2049612	12479077.00
2021/01/05	6.06	6.11	6.04	6.08	2104260	12763448.00
2021/01/06	6.10	6.12	6.03	6.09	1954520	11863947.00
2021/01/07	6.10	6.28	6.09	6.20	3796821	23461892.00
2021/01/08	6.15	6.52	6.13	6.48	8293969	52860176.00
2021/01/11	6.45	6.50	6.25	6.35	4538460	28852414.00
2021/01/12	6.30	6.40	6.20	6.29	3299507	20750726.00
2021/01/13	6.29	6.30	6.08	6.13	2134420	13148075.00
2021/01/14	6.12	6.21	6.03	6.11	2640770	16104925.00
2021/01/15	6.10	6.15	6.07	6.12	1190901	7268205.50
2021/01/18	6.14	6.19	6.10	6.13	1436240	8823069.00
2021/01/19	6.20	6.20	6.10	6.12	1039500	6379536.00
2021/01/20	6.15	6.38	6.10	6.26	3735992	23458510.00
2021/01/21	6.23	6.28	6.18	6.22	2630699	16357625.00
2021/01/22	6.21	6.21	6.14	6.18	2478500	15266391.00
2021/01/25	6.02	6.33	5.79	6.33	6345560	38655652.00
2021/01/26	6.33	6.52	6.26	6.38	6571000	42063812.00
2021/01/27	6.34	6.39	6.27	6.38	2034600	12892956.00
2021/01/28	6.45	6.53	6.35	6.37	2778779	17883310.00
2021/01/29	6.37	6.45	6.25	6.44	3357619	21343906.00
2021/02/01	6.48	6.75	6.33	6.59	6716000	44047880.00
2021/02/02	6.59	6.75	6.52	6.70	4280686	28541560.00
2021/02/03	6.65	6.82	6.62	6.68	4647660	31257484.00
2021/02/04	6.65	6.72	6.61	6.62	2870500	19111520.00
2021/02/05	6.60	6.63	6.38	6.42	3641960	23664312.00
2021/02/08	6.42	6.84	6.35	6.77	8067862	54034848.00
2021/02/09	6.77	6.80	6.64	6.70	3383468	22622846.00
2021/02/10	6.65	6.73	6.51	6.66	2044137	13560105.00
2021/02/18	6.67	6.82	6.66	6.71	3873387	26045902.00
2021/02/19	6.72	6.77	6.67	6.74	2994240	20107418.00
2021/02/22	6.72	6.87	6.64	6.68	5097155	34425628.00
2021/02/23	6.65	7.11	6.65	6.96	8382220	57895396.00
2021/02/24	6.99	7.03	6.86	7.00	5071315	35104676.00
2021/02/25	7.08	7.09	6.89	6.91	4284080	29913914.00
2021/02/26	6.90	7.32	6.80	7.28	10186006	73043472.00
2021/03/01	7.25	8.00	7.19	7.59	24805426	188469776.00
2021/03/02	7.52	7.78	7.50	7.68	13281468	101567600.00
2021/03/03	7.67	7.75	7.55	7.70	8155940	62386856.00
2021/03/04	7.71	8.00	7.59	7.63	9618160	74816928.00
2021/03/05	7.62	7.92	7.56	7.67	13066402	100995048.00
2021/03/08	7.72	7.87	7.68	7.79	9971295	77661096.00
2021/03/09	7.79	8.05	7.73	8.00	12177720	96583176.00
2021/03/10	7.95	7.98	7.51	7.51	10518204	81078944.00
2021/03/11	7.53	7.76	7.50	7.69	4597460	35263892.00
2021/03/12	7.65	8.00	7.65	7.92	9044228	71413288.00
2021/03/15	7.84	8.04	7.82	7.95	7274540	57786292.00
2021/03/16	7.98	8.55	7.95	8.45	17654241	147836512.00
2021/03/17	8.45	8.74	8.36	8.41	16037480	137161440.00
2021/03/18	8.54	8.56	8.25	8.42	12420448	104834344.00
2021/03/19	8.37	8.80	8.33	8.58	15923399	136877952.00
2021/03/22	8.65	8.79	8.51	8.64	12378002	107477528.00
2021/03/23	8.60	8.85	8.60	8.80	7301763	64003948.00
2021/03/24	8.78	8.80	8.53	8.75	8157883	70605688.00
2021/03/25	8.80	8.89	8.50	8.65	6923007	60332316.00
2021/03/26	8.64	8.88	8.57	8.72	12021930	105671472.00
2021/03/29	8.82	8.84	8.60	8.74	5351219	46635316.00
2021/03/30	8.74	9.09	8.73	8.95	10592580	94850120.00
2021/03/31	8.85	9.18	8.80	9.05	8692055	78739480.00
2021/04/01	9.17	9.28	9.00	9.21	8313224	76389824.00
2021/04/02	9.15	9.34	9.10	9.26	8683926	80295256.00
2021/04/06	9.24	9.33	8.98	9.13	9991860	91366896.00
2021/04/07	9.17	9.27	9.06	9.16	9809517	89959832.00
2021/04/08	9.10	9.19	8.92	9.09	10276876	93289344.00
2021/04/09	9.14	9.29	8.95	9.11	6561660	59653164.00
2021/04/12	8.95	9.04	8.60	8.70	15322329	134678288.00
2021/04/13	8.79	8.81	8.38	8.45	12852356	109816672.00
2021/04/14	8.45	8.46	8.26	8.32	6559840	54919800.00
2021/04/15	8.34	8.52	8.24	8.38	5759654	48274168.00
2021/04/16	8.40	8.50	8.33	8.45	5913916	49821008.00
2021/04/19	8.50	8.60	8.41	8.51	5337376	45404244.00
2021/04/20	8.50	9.30	8.50	8.81	12035757	107504704.00
2021/04/21	8.79	9.04	8.78	8.84	5415297	48182352.00
2021/04/22	8.81	8.96	8.73	8.90	4672202	41413124.00
2021/04/23	8.89	8.98	8.70	8.81	5029600	44254100.00
2021/04/26	8.70	8.93	8.61	8.76	7061086	61829124.00
2021/04/27	8.71	8.84	8.65	8.80	4349420	38202136.00
2021/04/28	8.88	8.94	8.69	8.80	3880160	34213752.00
2021/04/29	8.72	8.82	8.62	8.77	4336077	37867280.00
2021/04/30	8.77	8.90	8.65	8.77	2734237	24040078.00
2021/05/06	8.77	8.82	8.63	8.68	3504033	30452684.00
2021/05/07	8.68	9.15	8.50	8.71	7235953	63954908.00
2021/05/10	8.71	8.95	8.69	8.86	3385420	29898626.00
2021/05/11	8.85	9.03	8.75	8.90	4531320	40283120.00
2021/05/12	8.88	9.01	8.82	8.91	3640900	32437422.00
2021/05/13	8.90	8.90	8.70	8.83	4043520	35645460.00
2021/05/14	8.94	9.00	8.82	8.89	3742200	33361932.00
2021/05/17	8.88	8.88	8.68	8.69	4846646	42363296.00
2021/05/18	8.69	8.95	8.50	8.81	5247393	45865528.00
2021/05/19	8.80	8.97	8.60	8.80	5023100	44228536.00
2021/05/20	8.75	8.87	8.68	8.83	3579220	31451012.00
2021/05/21	8.73	8.87	8.71	8.76	2980360	26181398.00
2021/05/24	8.73	8.77	8.53	8.58	3986380	34412684.00
2021/05/25	8.64	8.66	8.45	8.45	5515088	47015348.00
2021/05/26	8.47	8.64	8.38	8.41	5287760	44921804.00
2021/05/27	8.43	8.57	8.30	8.37	4301191	36140812.00
2021/05/28	8.40	8.61	8.38	8.51	5180500	44007960.00
2021/05/31	8.52	8.69	8.46	8.59	4448920	38286780.00
2021/06/01	8.68	8.84	8.45	8.71	5258620	45547188.00
2021/06/02	8.66	8.90	8.66	8.72	5502056	48450172.00
2021/06/03	8.70	8.83	8.64	8.70	3826674	33375298.00
2021/06/04	9.30	9.57	9.02	9.08	23819588	223983616.00
2021/06/07	9.20	9.99	9.13	9.71	23108582	224844736.00
2021/06/08	9.55	10.45	9.33	10.26	23085908	233526752.00
2021/06/09	10.26	10.40	10.10	10.33	12076948	123670216.00
2021/06/10	10.30	10.55	10.08	10.19	16031843	163768944.00
2021/06/11	10.35	10.55	10.16	10.28	20379480	211523344.00
2021/06/15	10.28	10.53	10.16	10.46	10359152	107877544.00
2021/06/16	10.62	10.84	10.11	10.66	12720712	134450816.00
2021/06/17	10.75	10.76	10.26	10.34	10836440	113480040.00
2021/06/18	10.42	10.53	10.08	10.10	9384400	96142048.00
2021/06/21	10.10	10.36	9.85	9.94	18582317	187460912.00
2021/06/22	9.95	10.93	9.95	10.93	24395572	262726144.00
2021/06/23	11.00	11.34	10.83	10.97	20565911	226589120.00
2021/06/24	10.90	10.97	10.68	10.75	8568902	92360128.00
2021/06/25	10.75	11.01	10.58	10.92	9720988	105147424.00
2021/06/28	10.91	10.91	10.65	10.84	7145886	76998576.00
2021/06/29	10.89	11.21	10.66	11.02	12202060	133783048.00
2021/06/30	11.00	11.42	10.82	11.33	11989825	134337840.00
2021/07/01	11.26	11.71	11.25	11.67	10572035	122144984.00
2021/07/02	11.61	12.15	11.37	11.89	13119095	154276144.00
2021/07/05	11.82	12.82	11.80	12.69	19150120	236532064.00
2021/07/06	12.59	12.67	12.02	12.26	16306292	199186352.00
2021/07/07	12.15	12.66	12.05	12.28	8635943	107048232.00
2021/07/08	12.47	13.00	12.34	12.48	12594919	158968512.00
2021/07/09	12.44	12.85	12.20	12.73	8973880	112685632.00
2021/07/12	12.75	12.80	12.50	12.59	8484597	107103648.00
2021/07/13	12.63	13.19	12.55	13.05	10145557	131969368.00
2021/07/14	13.06	13.18	12.60	12.65	6747313	86476784.00
2021/07/15	12.59	12.76	12.15	12.53	9903729	124016736.00
2021/07/16	12.60	13.14	12.48	12.60	9628000	122924408.00
2021/07/19	12.53	12.74	12.31	12.52	6006620	75285816.00
2021/07/20	12.53	12.61	12.30	12.41	3841040	47715440.00
2021/07/21	12.53	12.72	12.20	12.28	6404060	79048944.00
2021/07/22	12.30	12.44	12.08	12.24	6326074	77196464.00
2021/07/23	12.27	12.44	11.98	12.22	9459560	115088744.00
2021/07/26	12.22	12.63	12.12	12.63	9238880	113816056.00
2021/07/27	12.63	13.06	11.95	12.03	17319357	214108592.00
2021/07/28	12.03	12.19	11.20	11.59	12429220	143728656.00
2021/07/29	11.68	12.48	11.65	12.45	11395111	138737200.00
2021/07/30	12.52	13.15	12.52	13.14	18495932	237577408.00
2021/08/02	13.30	13.54	12.86	13.26	13308866	175494688.00
2021/08/03	13.42	13.45	12.47	12.50	14176789	180237696.00
2021/08/04	12.49	12.67	11.25	11.26	33059736	379207936.00
2021/08/05	11.36	11.39	10.66	11.06	23162133	253372816.00
2021/08/06	11.06	11.65	11.01	11.44	16355777	186434032.00
2021/08/09	10.30	10.30	10.30	10.30	2118400	21819520.00
2021/08/10	9.27	9.27	9.27	9.27	3450100	31982428.00
2021/08/11	9.03	9.56	8.34	9.56	91457392	792723136.00
2021/08/12	8.68	8.88	8.60	8.67	58973602	513148256.00
2021/08/13	8.51	8.73	8.40	8.55	41516037	355783968.00
2021/08/16	8.45	8.45	8.01	8.10	41323606	336813344.00
2021/08/17	8.07	8.20	8.04	8.12	20623940	167334704.00
2021/08/18	8.11	8.13	7.76	7.83	26682550	210894096.00
2021/08/19	7.92	8.09	7.80	7.97	19126320	152071472.00
2021/08/20	7.96	8.10	7.64	8.04	21616410	170092768.00
2021/08/23	8.05	8.08	7.91	8.06	17435749	139781936.00
2021/08/24	8.50	8.80	8.35	8.45	40810215	350195136.00
2021/08/25	8.37	8.48	8.18	8.22	22423869	186179296.00
2021/08/26	8.18	8.65	8.07	8.38	24960687	209569520.00
2021/08/27	8.41	8.75	8.23	8.63	29790009	253777600.00
2021/08/30	8.65	8.90	8.47	8.61	22741757	197057280.00
2021/08/31	8.60	8.86	8.51	8.71	17102560	149090784.00
2021/09/01	8.78	8.79	8.51	8.66	13598727	117402424.00
2021/09/02	8.65	8.72	8.41	8.66	16498063	141344208.00
2021/09/03	8.63	8.75	8.52	8.56	12974608	111676600.00
2021/09/06	8.56	8.77	8.50	8.72	14078800	121417728.00
2021/09/07	9.00	9.59	9.00	9.59	26977775	255816640.00
2021/09/08	9.95	10.26	9.59	10.15	45109449	444973312.00
2021/09/09	10.00	10.58	9.95	10.23	23238926	239451840.00
2021/09/10	10.29	10.54	10.03	10.11	14895260	151484640.00
2021/09/13	10.11	10.20	9.90	9.93	14406960	144517856.00
2021/09/14	10.06	10.07	9.73	9.78	12133667	119627224.00
2021/09/15	9.83	10.05	9.70	9.96	10145007	100464360.00
2021/09/16	9.98	10.19	9.84	9.95	10431980	104161480.00
2021/09/17	10.16	10.24	9.55	9.66	15583820	152718064.00
2021/09/22	9.66	9.92	9.44	9.76	9406120	91451080.00
2021/09/23	9.75	9.95	9.70	9.79	8620660	84481584.00
2021/09/24	9.76	9.82	9.44	9.46	10066197	96115824.00
2021/09/27	9.44	9.60	9.35	9.40	9469123	89527216.00
2021/09/28	9.40	9.53	9.10	9.12	6563980	60534368.00
2021/09/29	9.09	9.16	8.66	8.75	11145600	98699936.00
2021/09/30	8.76	9.16	8.73	9.10	8210863	73184272.00
2021/10/08	9.15	9.97	9.13	9.74	15950319	155046432.00
2021/10/11	9.94	9.94	9.49	9.73	10331983	100156944.00
2021/10/12	9.73	9.79	9.41	9.52	7324024	70124112.00
2021/10/13	9.48	9.56	9.37	9.41	4711847	44502644.00
2021/10/14	9.40	9.67	9.32	9.60	6458716	61429968.00
2021/10/15	9.60	9.64	9.20	9.21	6359824	59481960.00
2021/10/18	9.30	9.30	9.10	9.14	6584920	60436820.00
2021/10/19	9.14	9.35	9.03	9.30	7264536	66731188.00
2021/10/20	9.56	9.56	8.97	9.24	11967787	110846400.00
2021/10/21	9.16	9.54	9.10	9.20	8547700	79391448.00
2021/10/22	9.25	9.30	9.06	9.10	6572000	60058084.00
2021/10/25	9.10	9.74	9.06	9.67	10833952	102974856.00
2021/10/26	9.70	9.95	9.53	9.78	9815500	95826160.00
2021/10/27	9.75	10.15	9.67	9.96	10134261	100575968.00
2021/10/28	10.00	10.12	9.81	9.88	6707480	66700168.00
2021/10/29	9.88	10.10	9.75	9.87	7951080	79223608.00
2021/11/01	9.98	10.02	9.65	9.68	10176217	99678176.00
2021/11/02	9.75	9.75	9.08	9.21	9567565	89367368.00
2021/11/03	9.22	9.45	9.15	9.20	5441080	50471732.00
2021/11/04	9.19	9.35	9.03	9.16	6829460	62755888.00
2021/11/05	9.20	9.45	9.04	9.31	9724240	90268928.00
2021/11/08	9.25	9.35	8.97	9.22	6417226	58704652.00
2021/11/09	9.24	9.55	9.20	9.42	4538144	42558876.00
2021/11/10	9.45	9.63	9.37	9.62	8644640	82299776.00
2021/11/11	9.50	10.52	9.46	10.38	22289240	226481296.00
2021/11/12	10.50	11.26	10.12	10.83	28100711	300324864.00
2021/11/15	10.83	11.16	10.69	11.04	20396840	222547216.00
2021/11/16	11.10	11.52	11.03	11.12	19873180	224690432.00
2021/11/17	11.09	11.22	10.89	10.97	13828782	152356560.00
2021/11/18	11.00	11.00	9.90	10.56	28087345	291514944.00
2021/11/19	10.50	10.67	10.25	10.44	13238627	138198656.00
2021/11/22	10.51	10.55	10.05	10.43	17667060	181792880.00
2021/11/23	10.44	10.45	10.07	10.25	12817220	130606936.00
2021/11/24	10.20	10.58	10.10	10.52	14290500	148093616.00
2021/11/25	10.56	11.13	10.47	10.85	13943537	151492096.00
2021/11/26	10.87	11.06	10.78	11.06	12414860	135975344.00
2021/11/29	10.95	12.17	10.77	12.15	35693626	419190784.00
2021/11/30	12.19	12.32	11.74	11.96	22287679	266938624.00
2021/12/01	11.96	12.02	11.56	11.71	11913003	139549808.00
2021/12/02	11.71	11.73	11.29	11.44	9966640	114067968.00
2021/12/03	11.59	12.50	11.55	12.24	19740508	240432080.00
2021/12/06	12.31	12.73	12.06	12.10	21662100	267604688.00
2021/12/07	12.25	12.66	11.80	12.37	29730210	364155232.00
2021/12/08	12.37	12.91	12.13	12.55	22156240	279509728.00
2021/12/09	12.55	13.00	12.53	12.84	21148779	271822976.00
2021/12/10	12.77	13.28	12.65	13.15	16979339	222081488.00
2021/12/13	13.16	13.76	12.96	13.47	23204371	308331392.00
2021/12/14	13.54	13.69	13.25	13.28	12107437	162469616.00
2021/12/15	13.24	13.40	13.13	13.24	7462240	98985184.00
2021/12/16	13.33	13.38	13.00	13.29	7609328	100745792.00
2021/12/17	13.30	13.53	13.23	13.36	7227200	96564576.00
2021/12/20	13.33	13.65	13.29	13.56	11372120	153778096.00
2021/12/21	13.59	14.15	13.56	13.90	15316828	212243936.00
2021/12/22	13.92	14.26	13.91	14.10	14792642	208885296.00
2021/12/23	14.31	14.31	13.80	13.83	9007580	125772072.00
2021/12/24	13.78	14.14	13.61	13.82	9491780	131754672.00
2021/12/27	13.83	13.88	13.03	13.22	12208430	163240080.00
2021/12/28	13.43	13.71	13.00	13.42	11839660	158349008.00
2021/12/29	13.32	13.48	13.04	13.08	5453820	71750696.00
2021/12/30	13.07	13.41	13.01	13.10	6304800	83019504.00
2021/12/31	13.17	13.54	13.12	13.45	5705149	75972768.00
2022/01/04	13.45	13.67	13.15	13.31	5744843	76469936.00
2022/01/05	13.77	14.62	13.14	13.17	17846172	246675968.00
2022/01/06	13.11	14.04	13.00	13.74	12945933	177019840.00
2022/01/07	13.76	14.15	13.57	13.96	10147924	141140736.00
2022/01/10	13.93	14.32	13.73	14.20	11839888	166763552.00
2022/01/11	14.33	14.38	13.87	13.87	10611068	149898064.00
2022/01/12	13.75	13.98	13.43	13.75	10313760	141197104.00
2022/01/13	13.70	13.96	13.41	13.77	5192821	71576544.00
2022/01/14	13.98	14.20	13.76	14.00	6602718	92341040.00
2022/01/17	13.88	14.14	13.50	13.60	7550180	103472480.00
2022/01/18	13.70	13.74	13.28	13.40	7437176	99838552.00
2022/01/19	13.49	13.58	13.18	13.35	5500800	73438896.00
2022/01/20	13.45	13.49	13.11	13.35	5258750	69747072.00
2022/01/21	13.28	13.28	12.70	12.73	7361357	94907472.00
2022/01/24	13.03	13.55	12.63	13.25	8124421	107587920.00
2022/01/25	13.18	13.40	12.84	13.09	6592186	85792192.00
2022/01/26	12.96	13.14	12.50	12.77	5623742	71981080.00
2022/01/27	12.73	13.40	12.66	12.92	6241357	80940504.00
2022/01/28	12.89	12.98	12.50	12.56	4599084	58228912.00
2022/02/07	12.64	12.99	12.64	12.86	4284900	54927788.00
2022/02/08	13.02	13.20	12.82	13.13	5727988	74662872.00
2022/02/09	13.14	13.25	12.98	13.01	3864580	50418108.00
2022/02/10	13.06	13.13	12.72	12.79	3316387	42753208.00
2022/02/11	12.80	13.01	12.65	12.78	3053700	39169716.00
2022/02/14	12.97	12.97	12.43	12.45	4161780	52426000.00
2022/02/15	12.48	12.82	12.36	12.76	4116267	52130368.00
2022/02/16	12.79	13.12	12.78	13.10	3895913	50604084.00
2022/02/17	13.13	13.19	12.90	12.92	3322960	43201960.00
2022/02/18	12.97	13.08	12.68	12.89	2975480	38569316.00
2022/02/21	12.93	12.95	12.61	12.65	4209992	53669932.00
2022/02/22	12.65	12.70	12.27	12.37	6978020	86758368.00
2022/02/23	12.47	12.53	12.27	12.36	3362760	41598076.00
2022/02/24	12.40	12.56	11.66	11.94	6322540	76768104.00
2022/02/25	12.00	12.25	11.90	12.06	5136741	62168524.00
2022/02/28	12.15	12.18	11.85	12.00	3113826	37429648.00
2022/03/01	12.07	12.18	11.96	12.05	3513920	42358580.00
2022/03/02	12.07	12.14	11.88	11.90	3306126	39635936.00
2022/03/03	11.92	12.04	11.63	11.65	4560021	53655620.00
2022/03/04	11.55	11.65	11.28	11.35	5132380	58795176.00
2022/03/07	11.26	11.89	11.10	11.46	8356940	96240448.00
2022/03/08	11.45	11.81	11.31	11.36	7047933	81570368.00
2022/03/09	11.36	11.54	11.00	11.41	5070587	57114960.00
2022/03/10	11.53	11.65	11.22	11.38	4568701	52553696.00
2022/03/11	11.27	11.54	11.09	11.37	4769203	53852700.00
2022/03/14	11.32	11.32	10.73	10.73	4790729	52422292.00
2022/03/15	10.79	10.87	10.06	10.07	6439165	67060624.00
2022/03/16	10.23	10.60	9.87	10.54	6212616	63571544.00
2022/03/17	10.70	11.40	10.65	11.18	7155618	79433032.00
2022/03/18	11.35	11.95	11.08	11.56	8759222	101523344.00
2022/03/21	11.50	12.05	11.44	11.95	7594560	90110856.00
2022/03/22	11.97	12.26	11.82	12.13	4875240	59012968.00
2022/03/23	12.13	12.50	11.97	12.29	6313795	77452488.00
2022/03/24	12.15	12.27	11.95	12.08	4159981	50196884.00
2022/03/25	11.92	12.02	11.71	11.78	4367845	51696016.00
2022/03/28	11.88	11.88	11.44	11.56	4030223	46856444.00
2022/03/29	11.80	11.80	11.19	11.30	8335605	94616224.00
2022/03/30	11.49	11.73	11.33	11.46	3452821	39685740.00
2022/03/31	11.61	12.25	11.60	11.85	7707880	92305232.00
2022/04/01	11.85	11.99	11.42	11.64	5382997	62692976.00
2022/04/06	11.60	12.00	11.56	11.83	4207891	49586808.00
2022/04/07	11.80	12.17	11.64	11.68	4744017	56379484.00
2022/04/08	11.68	12.05	11.65	11.87	5115586	60809800.00
2022/04/11	11.76	11.98	11.51	11.56	3441380	40259488.00
2022/04/12	11.53	11.95	11.33	11.89	4602974	53764616.00
2022/04/13	11.77	12.04	11.74	11.93	4253540	50681852.00
2022/04/14	11.94	12.05	11.69	11.95	4082103	48340464.00
2022/04/15	11.88	11.88	11.63	11.74	3130420	36663912.00
2022/04/18	11.52	11.94	11.52	11.76	3315443	38939864.00
2022/04/19	11.67	11.91	11.61	11.70	2885080	33806584.00
2022/04/20	11.86	12.17	11.70	11.83	6360918	76154848.00
2022/04/21	11.80	11.83	11.42	11.51	5181840	60164064.00
2022/04/22	11.40	11.40	10.59	11.18	5369373	59194280.00
2022/04/25	10.82	11.01	10.06	10.10	6731457	70009752.00
2022/04/26	10.00	10.30	9.76	10.02	5382832	53868016.00
2022/04/27	10.30	10.33	9.57	10.26	7320862	73026368.00
2022/04/28	10.30	10.39	9.93	10.15	4979321	50394688.00
2022/04/29	10.27	10.88	10.17	10.79	7586520	80142936.00
2022/05/05	10.78	11.55	10.51	11.42	8808028	97384296.00
2022/05/06	10.91	11.53	10.88	11.37	8400689	94995992.00
2022/05/09	11.16	12.00	11.16	11.73	6731480	78382480.00
2022/05/10	11.54	12.00	11.51	11.85	7699140	90409008.00
2022/05/11	11.72	11.93	11.51	11.59	9341911	109064912.00
2022/05/12	11.45	11.69	11.42	11.64	4725733	54658580.00
2022/05/13	11.75	11.85	11.51	11.72	3597740	41954144.00
2022/05/16	11.81	11.87	11.38	11.43	5542780	63956056.00
2022/05/17	11.38	11.53	11.01	11.18	5031362	56268256.00
2022/05/18	11.17	11.48	11.01	11.20	4550720	51352524.00
2022/05/19	11.17	11.27	10.99	11.20	5454260	60692756.00
2022/05/20	11.29	11.68	11.17	11.62	10181499	116769536.00
2022/05/23	11.60	12.05	11.54	11.90	8168380	96638136.00
2022/05/24	12.02	12.13	11.33	11.38	7989955	92823712.00
2022/05/25	11.37	11.44	11.13	11.35	5947108	67235544.00
2022/05/26	11.52	11.56	11.22	11.35	3678380	41841088.00
2022/05/27	11.44	11.52	11.14	11.35	4602540	52035340.00
2022/05/30	11.34	11.63	11.22	11.47	10205340	117011696.00
2022/05/31	11.46	11.47	11.02	11.19	8565670	95966808.00
2022/06/01	11.36	11.54	11.15	11.30	7310718	82707608.00
2022/06/02	11.25	11.37	11.16	11.26	4751840	53513576.00
2022/06/06	11.27	11.40	11.02	11.30	9078260	101891024.00
2022/06/07	11.30	11.78	11.25	11.60	7840020	89908136.00
2022/06/08	11.73	11.90	11.50	11.70	8376481	97757952.00
2022/06/09	11.59	11.67	11.04	11.06	11643216	131130328.00
2022/06/10	11.13	11.41	11.02	11.27	13419366	150708480.00
2022/06/13	11.22	11.30	10.83	10.90	15087025	166485696.00
2022/06/14	11.00	11.04	10.28	10.48	14174180	149490256.00
2022/06/15	10.50	10.93	10.23	10.67	14708031	155375776.00
2022/06/16	10.59	10.97	10.57	10.82	8582133	93089200.00
2022/06/17	10.80	10.90	10.50	10.57	9944923	105995112.00
2022/06/20	7.59	7.61	7.39	7.48	10429180	78007544.00
2022/06/21	7.48	7.53	7.28	7.36	9957193	73646448.00
2022/06/22	7.45	7.45	7.17	7.24	8595569	62686528.00
2022/06/23	7.33	7.42	7.22	7.33	11403356	83201584.00
2022/06/24	7.38	7.39	7.24	7.27	8540216	62359788.00
2022/06/27	7.34	7.46	7.25	7.36	14251567	104762936.00
2022/06/28	7.41	7.68	7.30	7.64	15848990	118619176.00
2022/06/29	7.65	8.28	7.61	8.05	26856597	216712528.00
2022/06/30	8.10	8.46	7.91	7.97	25231057	206109200.00
2022/07/01	7.97	8.22	7.80	8.10	14647046	118200280.00
2022/07/04	8.05	8.81	8.05	8.65	35961644	304731968.00
2022/07/05	8.86	8.92	8.50	8.67	24711589	213730272.00
2022/07/06	8.67	8.98	8.60	8.76	21682550	190471856.00
2022/07/07	8.72	8.85	8.67	8.74	11454115	100415120.00
2022/07/08	8.69	9.05	8.67	8.95	20679692	182503360.00
2022/07/11	9.00	9.01	8.66	8.72	17689264	155450256.00
2022/07/12	8.77	8.78	8.61	8.62	14408463	124955192.00
2022/07/13	8.64	9.04	8.64	9.02	19100175	170101920.00
2022/07/14	9.00	9.29	8.90	9.18	27753209	252744384.00
2022/07/15	9.17	9.74	9.06	9.45	41549777	395162752.00
2022/07/18	9.60	9.62	9.27	9.37	25516390	240181120.00
2022/07/19	9.46	9.65	9.31	9.46	15491672	146313680.00
2022/07/20	9.50	9.56	9.31	9.35	9605825	90522976.00
2022/07/21	9.38	9.48	9.18	9.42	17814364	166687280.00
2022/07/22	9.42	9.95	9.30	9.45	15182824	143618880.00
2022/07/25	9.39	9.57	9.34	9.47	12128076	114384352.00
2022/07/26	9.54	9.63	9.25	9.59	20624675	195702880.00
2022/07/27	9.59	9.76	9.15	9.34	38445720	364871552.00
2022/07/28	9.37	9.37	8.41	8.41	43271212	366742656.00
2022/07/29	8.25	8.46	8.02	8.29	47677765	393238784.00
2022/08/01	8.10	8.25	7.90	8.21	30282704	245261408.00
2022/08/02	8.04	8.22	7.91	7.91	20950600	168848880.00
2022/08/03	7.90	8.03	7.50	7.55	25393946	196483728.00
2022/08/04	7.55	7.93	7.55	7.79	15802372	122649072.00
2022/08/05	7.88	8.00	7.77	7.80	11371216	89179064.00
2022/08/08	7.84	8.14	7.80	7.97	18720246	150185216.00
2022/08/09	7.96	7.99	7.69	7.73	13950450	108842456.00
2022/08/10	7.74	7.78	7.52	7.58	15013586	114235800.00
2022/08/11	7.63	7.70	7.54	7.66	12799754	97379000.00
2022/08/12	7.59	7.68	7.58	7.62	11056704	84221104.00
2022/08/15	7.63	7.64	7.40	7.48	15807215	118275752.00
2022/08/16	7.50	7.60	7.48	7.57	11780777	88959160.00
2022/08/17	7.57	7.60	7.47	7.55	8970757	67507904.00
2022/08/18	7.55	7.69	7.50	7.60	13137620	100000960.00
2022/08/19	7.61	7.67	7.55	7.59	9417139	71680240.00
2022/08/22	7.59	7.68	7.47	7.62	10577941	80235336.00
2022/08/23	7.64	8.05	7.64	7.98	25131583	198736672.00
2022/08/24	8.03	8.14	7.92	7.99	23519570	189254528.00
2022/08/25	8.06	8.17	7.92	8.09	15034702	120873200.00
2022/08/26	8.08	8.17	8.02	8.04	9917340	80213808.00
2022/08/29	7.94	8.09	7.80	7.98	8993160	71412448.00
2022/08/30	7.99	8.07	7.81	7.91	7959530	62908748.00
2022/08/31	7.91	7.97	7.63	7.70	9160629	71173232.00
2022/09/01	7.73	7.73	7.49	7.59	12700372	96378904.00
2022/09/02	7.55	7.75	7.55	7.65	10002296	76541304.00
2022/09/05	7.64	7.69	7.22	7.39	18232364	135002816.00
2022/09/06	7.44	7.64	7.27	7.61	18212856	135163216.00
2022/09/07	7.58	7.62	7.33	7.39	12351756	92026840.00
2022/09/08	7.39	7.51	7.29	7.44	11382404	84200928.00
2022/09/09	7.44	7.47	7.31	7.39	11081704	81615168.00
2022/09/13	7.40	7.75	7.38	7.61	17385648	132700528.00
2022/09/14	7.47	7.51	7.10	7.33	26893474	195817104.00
2022/09/15	7.26	7.34	7.10	7.30	14028712	101238128.00
2022/09/16	7.27	7.27	7.05	7.09	15398409	109826360.00
2022/09/19	7.08	7.08	6.38	6.66	40977843	267268256.00
2022/09/20	6.71	6.94	6.66	6.88	16973479	115843000.00
2022/09/21	6.92	6.99	6.69	6.88	10956016	74924952.00
2022/09/22	6.83	6.95	6.78	6.81	11027860	75625392.00
2022/09/23	6.88	6.88	6.55	6.68	12614639	84154328.00
2022/09/26	6.66	6.75	6.54	6.60	8680592	57491944.00
2022/09/27	6.59	6.72	6.53	6.63	8965160	59354484.00
2022/09/28	6.65	6.65	6.40	6.61	12414880	80871872.00
2022/09/29	6.58	6.61	6.34	6.47	14231902	91737832.00
2022/09/30	6.44	6.53	6.29	6.45	16250468	104100520.00
2022/10/10	6.45	6.70	6.41	6.64	15875719	104796368.00
2022/10/11	6.65	6.69	6.20	6.26	25930018	164549040.00
2022/10/12	6.29	6.30	5.92	6.12	24961115	151791328.00
2022/10/13	6.13	6.24	6.02	6.18	18955740	116727936.00
2022/10/14	6.22	6.42	6.16	6.37	16475668	104303408.00
2022/10/17	6.35	6.41	6.27	6.35	13127576	83167632.00
2022/10/18	6.35	6.39	6.26	6.27	12340732	77751552.00
2022/10/19	6.25	6.28	6.16	6.20	9338252	58034488.00
2022/10/20	6.18	6.31	6.12	6.23	7599680	47318704.00
2022/10/21	6.23	6.30	6.10	6.14	11271828	69798944.00
2022/10/24	6.16	6.21	5.97	6.00	8951380	54562952.00
2022/10/25	6.07	6.14	5.99	6.10	10323065	62606264.00
2022/10/26	6.10	6.33	6.09	6.29	14504901	90650448.00
2022/10/27	6.34	6.38	6.27	6.31	8512292	53761844.00
2022/10/28	6.31	6.37	6.11	6.13	11880768	74056840.00
2022/10/31	6.20	6.27	6.10	6.19	12140349	75090832.00
2022/11/01	6.19	6.31	6.15	6.30	7842136	49026164.00
2022/11/02	6.29	6.52	6.27	6.36	10364232	66323492.00
2022/11/03	6.36	6.40	6.30	6.32	9043564	57335320.00
2022/11/04	6.33	6.73	6.32	6.63	20683592	136405648.00
2022/11/07	6.64	6.67	6.40	6.48	22462764	145746944.00
2022/11/08	6.46	6.54	6.43	6.52	11741306	76126488.00
2022/11/09	6.48	6.62	6.46	6.47	9527496	62076548.00
2022/11/10	6.42	6.47	6.37	6.39	7989132	51168756.00
2022/11/11	6.48	6.85	6.44	6.72	28369984	188503424.00
2022/11/14	6.80	7.10	6.70	6.88	27153451	188469680.00
2022/11/15	6.81	6.87	6.67	6.84	17287968	116598456.00
2022/11/16	6.83	7.00	6.73	6.80	14964244	102078752.00
2022/11/17	6.81	6.86	6.64	6.83	19579916	131763912.00
2022/11/18	6.85	6.88	6.73	6.74	14549690	99184032.00
2022/11/21	6.78	6.93	6.68	6.88	17798118	121179648.00
2022/11/22	6.88	6.93	6.70	6.74	13493844	91739888.00
2022/11/23	6.74	6.81	6.61	6.71	10278617	68952944.00
2022/11/24	6.71	6.80	6.69	6.71	6150518	41385800.00
2022/11/25	6.69	6.82	6.66	6.73	10374504	70007832.00
2022/11/28	6.72	6.72	6.56	6.63	10980660	72880328.00
2022/11/29	6.59	6.97	6.59	6.90	23759608	161688960.00
2022/11/30	6.82	7.10	6.82	6.88	14575832	101407480.00
2022/12/01	6.91	7.17	6.88	7.05	21023321	147935376.00
2022/12/02	7.03	7.10	6.93	7.00	10721972	75134832.00
2022/12/05	7.06	7.23	7.01	7.22	15750257	112891304.00
2022/12/06	7.20	7.28	7.04	7.09	12765639	90924704.00
2022/12/07	7.09	7.09	6.93	6.94	13284526	92592672.00
2022/12/08	6.92	6.99	6.86	6.95	7974668	55276776.00
2022/12/09	6.95	7.00	6.79	7.00	17815152	122704776.00
2022/12/12	6.91	6.97	6.76	6.76	10927692	74453208.00
2022/12/13	6.75	6.95	6.75	6.85	10216035	70157400.00
2022/12/14	6.85	6.96	6.27	6.75	7338979	49901300.00
2022/12/15	6.76	6.85	6.74	6.76	6230671	42359672.00
2022/12/16	6.88	6.88	6.70	6.80	11741248	79989848.00
2022/12/19	6.76	6.88	6.54	6.60	8959689	59954232.00
2022/12/20	6.55	6.72	6.55	6.65	5925488	39387532.00
2022/12/21	6.58	6.75	6.55	6.66	6065649	40402720.00
2022/12/22	6.67	6.73	6.59	6.63	4886300	32527636.00
2022/12/23	6.57	6.71	6.55	6.63	4058675	26900906.00
2022/12/26	6.64	6.68	6.55	6.58	8813390	58196632.00
2022/12/27	6.58	6.65	6.45	6.46	10437882	68054680.00
2022/12/28	6.42	6.53	6.23	6.33	17571972	111356208.00
2022/12/29	6.32	6.36	6.18	6.28	13820264	86425664.00
2022/12/30	6.28	6.40	6.21	6.34	9649872	60934752.00
2023/01/03	6.33	6.41	6.29	6.37	7957659	50652116.00
2023/01/04	6.36	6.43	6.23	6.30	15593505	97979328.00
2023/01/05	6.30	6.40	6.29	6.33	13599074	86254744.00
2023/01/06	6.37	6.50	6.33	6.40	14125860	90632080.00
2023/01/09	6.41	6.56	6.37	6.40	17902786	115535856.00
2023/01/10	6.40	6.45	6.32	6.32	7939404	50440912.00
2023/01/11	6.33	6.56	6.31	6.51	13443618	86663064.00
2023/01/12	6.48	6.65	6.39	6.57	14697560	96215056.00
2023/01/13	6.56	6.64	6.51	6.60	7329362	48155476.00
2023/01/16	6.65	6.68	6.54	6.55	11475789	75660128.00
2023/01/17	6.54	6.55	6.45	6.50	10852014	70548656.00
2023/01/18	6.53	6.53	6.45	6.51	7975992	51770092.00
2023/01/19	6.52	6.61	6.46	6.60	8796695	57647096.00
2023/01/20	6.60	6.67	6.58	6.65	8640236	57305944.00
2023/01/30	6.72	6.77	6.64	6.66	14241420	95349264.00
2023/01/31	6.69	7.33	6.68	7.33	47187948	339546624.00
2023/02/01	7.44	7.47	7.30	7.38	55263998	408286752.00
2023/02/02	7.40	7.43	7.13	7.29	34432885	249329568.00
2023/02/03	7.25	7.54	7.16	7.52	57812828	425306752.00
2023/02/06	7.40	7.95	7.38	7.75	45716568	352820096.00
2023/02/07	7.75	7.92	7.59	7.70	23500178	182165440.00
2023/02/08	7.76	8.01	7.67	7.92	30440027	239968480.00
2023/02/09	7.90	8.11	7.77	7.99	21657176	173109808.00
2023/02/10	7.94	8.16	7.93	8.11	19793653	159564144.00
数据来源:通达信
