603016 新宏泰 日线 不复权
      日期	    开盘	    最高	    最低	    收盘	    成交量	    成交额
2016/07/01	12.23	12.23	12.23	12.23	16102	196927.45
2016/07/04	13.45	13.45	13.45	13.45	6502	87451.90
2016/07/05	14.80	14.80	14.80	14.80	7731	114418.80
2016/07/06	16.28	16.28	16.28	16.28	8702	141668.56
2016/07/07	17.91	17.91	17.91	17.91	10515	188323.66
2016/07/08	19.70	19.70	19.70	19.70	13600	267920.00
2016/07/11	21.67	21.67	21.67	21.67	17100	370557.00
2016/07/12	23.84	23.84	23.84	23.84	35973	857596.31
2016/07/13	26.22	26.22	26.22	26.22	20426	535569.75
2016/07/14	28.84	28.84	28.84	28.84	32740	944221.63
2016/07/15	31.72	31.72	31.72	31.72	36400	1154608.00
2016/07/18	34.89	34.89	34.89	34.89	55200	1925928.00
2016/07/19	38.38	38.38	38.38	38.38	68064	2612296.25
2016/07/20	42.22	42.22	42.22	42.22	79508	3356827.75
2016/07/21	46.44	46.44	46.44	46.44	74981	3482117.75
2016/07/22	51.08	51.08	46.51	46.58	21031549	1022453568.00
2016/07/25	44.38	44.38	41.92	42.77	13383502	573674304.00
2016/07/26	42.05	46.75	42.02	46.16	12541872	566531136.00
2016/07/27	45.24	48.00	43.01	47.14	16316267	746064000.00
2016/07/28	45.20	48.29	44.20	46.35	12356560	574111936.00
2016/07/29	46.68	49.75	45.56	47.82	14622310	703629696.00
2016/08/01	46.00	46.29	43.04	43.06	11778744	518801632.00
2016/08/02	42.41	43.99	42.30	43.15	7970045	343857792.00
2016/08/03	42.40	46.67	42.35	46.51	12486157	556683456.00
2016/08/04	45.70	47.90	45.05	46.00	12146931	563680896.00
2016/08/05	45.16	46.19	44.12	44.89	6824811	308235840.00
2016/08/08	44.91	45.08	42.62	44.21	6004231	261858272.00
2016/08/09	44.13	47.79	44.13	47.20	11307233	524020160.00
2016/08/10	47.50	51.92	46.32	51.92	16018855	784348352.00
2016/08/11	52.94	55.12	51.50	51.83	19043067	1018327040.00
2016/08/12	50.22	53.90	50.22	52.62	12417905	652165824.00
2016/08/15	53.34	55.64	51.88	54.31	13323462	713658560.00
2016/08/16	53.21	54.44	52.57	52.76	12221529	651914880.00
2016/08/17	51.90	53.68	51.56	52.89	7227462	380768416.00
2016/08/18	52.43	55.45	52.40	53.52	12855982	691270336.00
2016/08/19	52.85	53.31	49.06	49.72	9740935	496736128.00
2016/08/22	49.01	49.49	47.20	47.31	5431962	260939344.00
2016/08/23	47.30	49.45	47.21	49.19	4939800	240436528.00
2016/08/24	49.00	49.34	47.35	47.91	4714007	226491696.00
2016/08/25	47.00	49.57	45.80	49.34	7627611	364038048.00
2016/08/26	48.69	49.49	47.53	47.61	4787617	231457056.00
2016/08/29	46.90	48.47	46.67	47.59	3360878	160126464.00
2016/08/30	47.99	48.60	47.64	48.04	3440023	165616480.00
2016/08/31	48.04	49.94	46.50	49.85	8175000	398524736.00
2016/09/01	49.70	51.95	49.40	50.03	9967494	506579296.00
2016/09/02	48.20	49.14	47.65	47.84	6015499	290401312.00
2016/09/05	48.10	48.49	45.80	46.26	4637325	217019216.00
2016/09/06	46.25	46.88	45.00	46.78	3665754	168568560.00
2016/09/07	46.56	46.79	45.17	45.34	3614021	165710304.00
2016/09/08	45.11	45.92	44.58	44.80	2558712	115537544.00
2016/09/09	45.00	45.10	43.50	43.58	3593744	158346288.00
2016/09/12	42.58	43.17	41.70	41.80	2845597	120783840.00
2016/09/13	42.25	42.54	41.80	42.32	1822384	76819688.00
2016/09/14	41.82	42.80	41.81	42.00	1604689	67752112.00
2016/09/19	42.10	42.98	42.10	42.79	1924469	82130968.00
2016/09/20	42.79	42.90	42.29	42.41	1659604	70491984.00
2016/09/21	42.43	42.85	42.20	42.40	1561710	66392268.00
2016/09/22	42.67	42.78	42.15	42.18	1722190	73177520.00
2016/09/23	42.01	42.34	40.00	40.16	3564135	146148928.00
2016/09/26	40.14	40.14	37.01	37.18	3220838	123427184.00
2016/09/27	36.60	37.86	36.60	37.74	2069049	77418304.00
2016/09/28	38.00	38.00	37.23	37.70	1613227	60595112.00
2016/09/29	37.70	38.48	37.70	38.01	2305281	88081112.00
2016/09/30	38.01	38.25	37.70	38.18	1590468	60430684.00
2016/10/10	38.40	39.40	38.20	39.38	2481925	96400856.00
2016/10/11	39.20	39.48	38.75	39.18	1957810	76502648.00
2016/10/12	39.00	40.35	38.70	39.48	2494098	98844552.00
2016/10/13	39.40	40.30	39.06	40.27	3059271	121856152.00
2016/10/14	40.00	42.18	39.60	40.68	4131103	169255520.00
2016/10/17	40.70	40.97	39.80	40.11	3208281	129556368.00
2016/10/18	39.82	40.66	39.82	40.23	2531944	101925616.00
2016/10/19	40.50	40.60	39.97	40.36	2172798	87483120.00
2016/10/20	40.50	40.50	39.80	39.84	1987583	79572752.00
2016/10/21	39.97	40.16	38.69	39.40	2160665	85115440.00
2016/10/24	39.40	40.38	38.86	40.18	2395023	95026496.00
2016/10/25	40.19	41.47	40.02	41.09	3515938	144072672.00
2016/10/26	41.24	41.24	40.20	40.61	2353351	95633504.00
2016/10/27	40.50	41.29	40.28	41.28	3145902	128950664.00
2016/10/28	41.00	42.49	40.89	41.43	4305203	180127312.00
2016/10/31	40.80	40.84	40.02	40.09	2798797	112997224.00
2016/11/01	40.17	41.47	40.00	41.12	2967763	121281560.00
2016/11/02	40.99	45.18	40.80	44.10	9026599	389818496.00
2016/11/03	43.20	46.25	43.00	45.98	8222819	372409280.00
2016/11/04	46.00	48.87	45.40	47.07	8085676	383144320.00
2016/11/07	47.00	47.80	45.78	46.17	4868831	228034176.00
2016/11/08	47.00	49.66	46.29	48.76	7026649	336750400.00
2016/11/09	48.12	53.64	48.12	53.64	13440967	702158272.00
2016/11/10	55.00	59.00	52.68	59.00	15825217	900081472.00
2016/11/11	59.95	63.68	57.51	57.99	14804139	895395264.00
2016/11/14	56.72	59.57	56.72	57.87	5827632	337605760.00
2016/11/15	57.80	60.99	57.52	59.28	9280011	551396736.00
2016/11/16	59.35	60.46	54.00	59.50	8764046	509981696.00
2016/11/17	58.70	62.00	58.22	61.44	6491509	392300352.00
2016/11/18	60.60	62.12	58.62	59.71	4937133	296737632.00
2016/11/21	58.80	65.68	57.77	65.68	11451719	717773888.00
2016/11/22	65.00	66.13	59.11	59.11	24582093	1478217856.00
2016/11/23	56.79	56.81	53.35	53.68	14471796	788746624.00
2016/11/24	53.08	54.00	51.05	52.26	11212179	585639616.00
2016/11/25	51.66	51.89	49.26	50.82	7135962	360888192.00
2016/11/28	50.99	51.00	49.40	49.70	4849804	243060080.00
2016/11/29	50.34	50.73	48.22	48.49	5622430	278060000.00
2016/11/30	48.70	48.70	47.61	48.24	4458709	214134704.00
2016/12/01	48.47	50.18	47.92	49.68	6557117	320921088.00
2016/12/02	49.61	50.28	47.65	47.70	5286387	258700464.00
2016/12/05	47.64	48.37	46.20	48.07	3142112	150186960.00
2016/12/06	48.63	48.99	48.18	48.59	3729840	181316752.00
2016/12/07	48.75	48.99	47.50	48.40	3419876	164525584.00
2016/12/08	48.64	48.65	47.10	47.34	3313054	157970480.00
2016/12/09	47.18	47.18	44.81	45.17	4326502	198692464.00
2016/12/12	45.15	45.15	40.65	40.65	5114284	216718976.00
2016/12/13	40.28	41.88	39.35	41.35	4107149	168064944.00
2016/12/14	41.00	41.75	40.13	40.82	2695748	110178656.00
2016/12/15	40.60	41.85	40.34	41.09	2946226	121601568.00
2016/12/16	41.09	42.01	41.01	42.00	3358781	140002416.00
2016/12/19	42.08	42.13	41.31	41.38	2220736	92239048.00
2016/12/20	41.37	41.78	40.90	41.64	1918156	79373672.00
2016/12/21	41.75	45.80	41.50	45.80	8600284	379053952.00
2016/12/22	46.50	48.98	46.17	47.42	11249780	537743488.00
2016/12/23	45.91	46.50	43.28	43.64	6765507	302070688.00
2016/12/26	43.05	47.86	42.06	47.17	7815574	354953440.00
2016/12/27	46.50	47.29	45.60	46.68	5691548	264663456.00
2016/12/28	46.03	47.88	45.01	45.22	4931260	228164784.00
2016/12/29	45.20	45.80	44.21	44.57	3477873	156447072.00
2016/12/30	44.55	44.90	42.77	43.01	3753989	163247568.00
2017/01/03	43.28	44.97	43.04	43.69	3250212	143276704.00
2017/01/04	43.39	44.07	42.10	43.95	3355548	145334544.00
2017/01/05	43.96	44.07	42.82	42.97	2663349	115233920.00
2017/01/06	42.75	42.75	40.76	40.90	3663249	152215552.00
2017/01/09	40.44	41.14	39.60	40.79	1968905	79475992.00
2017/01/10	40.78	41.60	40.30	41.21	2094341	86101600.00
2017/01/11	41.00	42.65	40.60	42.03	3757417	157867936.00
2017/01/12	41.80	42.30	40.48	40.50	2453581	100994504.00
2017/01/13	39.99	40.47	37.03	37.90	3115875	121623120.00
2017/01/16	37.22	37.67	34.11	34.89	3162948	112279680.00
2017/01/17	34.79	35.89	32.80	35.58	2942807	101900592.00
2017/01/18	35.15	35.33	33.72	33.78	1945253	67183872.00
2017/01/19	33.48	34.70	32.91	33.82	1903591	64615356.00
2017/01/20	33.81	34.90	33.61	34.49	1788590	61714232.00
2017/01/23	34.18	35.17	34.18	34.84	1531566	53384936.00
2017/01/24	34.81	35.20	34.23	34.31	1362136	47009320.00
2017/01/25	34.78	35.18	34.29	35.17	1838369	63962600.00
2017/01/26	35.17	37.58	35.06	36.26	2622932	95662920.00
2017/02/03	36.19	36.27	35.20	35.66	1253999	44662616.00
2017/02/06	35.50	36.46	35.50	36.43	1733905	62542640.00
2017/02/07	36.34	36.42	35.62	36.10	1679130	60507500.00
2017/02/08	36.00	36.60	35.54	36.52	1848412	66909740.00
2017/02/09	36.58	37.46	36.33	36.77	2569934	95239432.00
2017/02/10	36.70	37.18	36.15	36.16	1763815	64448040.00
2017/02/13	36.20	36.96	35.80	36.68	1713019	62658880.00
2017/02/14	36.67	36.83	36.33	36.64	1519202	55506660.00
2017/02/15	36.50	39.50	36.34	37.66	4658690	175615312.00
2017/02/16	37.40	37.40	36.61	37.00	2354881	87069440.00
2017/02/17	36.71	37.50	36.01	36.05	1918247	70212312.00
2017/02/20	36.03	36.17	34.91	35.60	1622651	57523880.00
2017/02/21	35.62	36.31	35.62	36.27	1497300	54119484.00
2017/02/22	36.33	36.74	36.14	36.45	1597840	58174988.00
2017/02/23	36.45	37.00	36.10	36.81	2153652	78783424.00
2017/02/24	36.85	37.39	36.77	37.05	2071681	76802392.00
2017/02/27	37.16	37.33	36.60	36.69	1398406	51487456.00
2017/02/28	36.39	37.20	36.39	37.09	1585896	58595704.00
2017/03/01	37.23	37.23	36.68	36.82	1533802	56594272.00
2017/03/02	36.76	37.30	36.40	36.73	1674979	61690352.00
2017/03/03	36.61	37.13	36.16	36.88	1612279	59139204.00
2017/03/06	36.87	37.86	36.69	37.64	2708380	101348696.00
2017/03/07	37.65	38.50	37.37	38.29	3220656	122333128.00
2017/03/08	38.17	38.38	37.68	37.99	2060707	78315656.00
2017/03/09	37.95	37.95	37.20	37.42	1815222	68076088.00
2017/03/10	37.30	38.48	37.30	38.18	2990842	113771032.00
2017/03/13	38.12	38.65	37.50	38.53	2454943	93745328.00
2017/03/14	38.50	39.00	37.81	38.19	2901119	111525824.00
2017/03/15	37.95	38.17	37.37	38.07	1928178	72925664.00
2017/03/16	38.20	39.54	37.95	39.18	5065791	196854160.00
2017/03/17	39.18	40.83	38.60	38.65	5791384	230789216.00
2017/03/20	38.10	38.91	38.00	38.89	2669003	102497760.00
2017/03/21	38.80	39.36	38.56	39.05	2416091	94090176.00
2017/03/22	38.81	39.40	38.02	39.18	3125598	120973328.00
2017/03/23	39.08	40.48	39.08	40.25	5965097	237623360.00
2017/03/24	40.26	40.49	39.80	40.10	3887872	155934096.00
2017/03/27	39.88	40.40	39.46	39.80	2172516	86523048.00
2017/03/28	39.74	39.93	39.08	39.29	1864621	73480776.00
2017/03/29	39.19	39.58	36.15	36.32	3453095	129428232.00
2017/03/30	35.99	35.99	34.00	34.38	2745372	95205368.00
2017/03/31	34.39	35.28	34.10	34.49	1295402	44813168.00
2017/04/05	34.55	35.25	34.55	35.17	1267679	44327312.00
2017/04/06	35.21	35.94	35.16	35.19	1222596	43377912.00
2017/04/07	35.19	35.50	34.38	34.48	1511800	52531680.00
2017/04/10	34.28	34.28	32.35	32.46	2646184	87342488.00
2017/04/11	32.15	33.09	32.15	32.97	1440332	47259488.00
2017/04/12	32.95	32.95	32.26	32.48	1070881	34886744.00
2017/04/13	32.58	32.95	32.40	32.65	742763	24269988.00
2017/04/14	32.62	32.72	32.00	32.24	994532	31962908.00
2017/04/17	31.68	31.68	30.00	30.13	1380229	42112320.00
2017/04/18	30.01	30.53	29.80	29.84	929613	28014258.00
2017/04/19	29.84	30.33	29.41	30.25	1115698	33223834.00
2017/04/20	30.39	30.39	29.38	29.87	1001771	30028932.00
2017/04/21	30.10	30.16	29.62	29.71	631185	18839528.00
2017/04/24	29.71	29.71	27.90	27.97	1021810	28948488.00
2017/04/25	28.15	28.65	28.02	28.21	707091	20024842.00
2017/04/26	28.19	28.85	28.00	28.39	778493	22127872.00
2017/04/27	28.25	29.18	27.21	28.93	1479952	41950032.00
2017/04/28	28.57	29.04	28.55	28.94	861605	24853224.00
2017/09/07	31.46	31.46	31.46	31.46	260487	8194921.00
2017/09/08	34.61	34.61	34.61	34.61	133380	4616282.00
2017/09/11	38.07	38.07	38.07	38.07	259230	9868886.00
2017/09/12	41.88	41.88	41.88	41.88	388812	16283447.00
2017/09/13	46.07	46.07	43.36	45.04	18624134	838508864.00
2017/09/14	47.00	47.00	42.35	42.91	15846889	713060160.00
2017/09/15	41.80	44.52	40.50	43.97	12255561	519085312.00
2017/09/18	42.50	44.38	41.70	41.85	6532425	279308992.00
2017/09/19	42.00	43.59	41.31	43.45	6961015	297525440.00
2017/09/20	42.75	43.13	41.80	42.14	5360485	226786304.00
2017/09/21	42.33	46.00	42.33	44.01	12626589	558816192.00
2017/09/22	44.06	44.81	40.57	41.35	8916842	377812288.00
2017/09/25	40.20	40.40	37.22	37.26	8090399	312362816.00
2017/09/26	37.39	37.65	36.82	37.13	2898810	107704640.00
2017/09/27	37.33	37.48	36.36	37.19	3057817	112740000.00
2017/09/28	36.85	37.30	36.45	36.47	2241664	82508048.00
2017/09/29	36.94	37.97	36.38	37.30	3238073	121303280.00
2017/10/09	37.80	37.85	37.26	37.48	1944536	72792664.00
2017/10/10	37.45	39.50	36.60	38.62	3171522	120346776.00
2017/10/11	38.31	39.00	37.83	37.93	1858800	71414152.00
2017/10/12	37.59	37.93	37.03	37.76	2185187	81703400.00
2017/10/13	37.76	38.16	37.35	37.45	1641651	61821076.00
2017/10/16	37.45	37.89	36.20	36.22	1357728	50147956.00
2017/10/17	36.00	37.19	35.99	36.56	1073700	39456512.00
2017/10/18	36.43	38.89	36.43	37.99	3582628	136378320.00
2017/10/19	37.71	38.39	37.60	37.74	1583100	60055616.00
2017/10/20	37.34	37.50	36.27	36.71	1728300	63252088.00
2017/10/23	36.50	37.09	36.46	37.00	926100	34138316.00
2017/10/24	36.90	36.90	36.01	36.12	1158900	42083308.00
2017/10/25	36.10	37.50	36.10	37.32	1720400	63464600.00
2017/10/26	36.96	41.05	36.60	41.05	7496763	299701568.00
2017/10/27	40.22	42.50	40.22	40.71	7050828	291164768.00
2017/10/30	40.10	42.48	39.31	41.52	5991380	247499072.00
2017/10/31	41.39	41.66	40.31	40.91	3816768	155696160.00
2017/11/01	40.65	40.96	39.52	40.71	3197378	128830096.00
2017/11/02	40.34	40.35	39.13	39.21	2150381	85356144.00
2017/11/03	39.30	40.38	39.20	39.96	2297843	91638088.00
2017/11/06	39.82	40.70	39.00	40.35	1992498	79295744.00
2017/11/07	40.41	43.26	40.16	42.78	5141460	216664080.00
2017/11/08	42.31	43.20	41.90	42.38	3174781	135275984.00
2017/11/09	42.20	43.30	42.00	42.68	2181415	93298224.00
2017/11/10	42.99	43.00	41.30	41.64	2047080	85661176.00
2017/11/13	41.23	42.14	41.00	42.06	1354491	56401552.00
2017/11/14	41.85	44.00	41.60	43.46	3018267	130411152.00
2017/11/15	43.38	45.40	43.30	44.47	3657249	162663552.00
2017/11/16	44.02	44.60	43.10	43.22	1555400	68065648.00
2017/11/17	42.92	45.35	42.92	43.23	2913156	129222560.00
2017/11/20	42.80	42.80	38.91	42.12	1883600	77697664.00
2017/11/21	41.56	44.87	41.56	44.84	2237516	97990144.00
2017/11/22	44.86	45.06	43.38	43.83	1767681	78016824.00
2017/11/23	44.77	45.00	42.26	42.43	1376116	60421864.00
2017/11/24	42.57	43.44	42.01	43.33	1103500	47223048.00
2017/11/27	43.36	43.95	41.11	41.41	1196516	51200728.00
2017/11/28	39.90	42.00	39.84	40.96	887765	36090624.00
2017/11/29	40.90	41.65	40.80	41.52	647281	26665436.00
2017/11/30	41.39	42.29	41.13	41.80	487160	20374580.00
2017/12/01	42.20	42.40	41.30	42.05	429800	18000834.00
2017/12/04	42.06	42.98	41.45	41.47	551300	23034584.00
2017/12/05	41.40	42.00	39.50	39.58	676100	27574684.00
2017/12/06	40.00	40.00	37.68	39.16	1040000	40078128.00
2017/12/07	39.00	40.20	37.90	39.95	569559	22575988.00
2017/12/08	39.51	40.78	39.51	40.15	340599	13718880.00
2017/12/11	39.85	40.48	39.78	39.92	389800	15584313.00
2017/12/12	39.93	41.46	39.93	41.06	841900	34511068.00
2017/12/13	40.78	41.20	40.51	40.90	507599	20735860.00
2017/12/14	40.89	40.89	40.05	40.36	519523	21026148.00
2017/12/15	40.36	40.67	39.55	40.20	340600	13738640.00
2017/12/18	40.02	40.48	40.00	40.37	377000	15164974.00
2017/12/19	40.40	40.50	40.02	40.30	430200	17311704.00
2017/12/20	40.39	40.95	40.00	40.15	438502	17696392.00
2017/12/29	36.14	36.14	36.14	36.14	101000	3650140.00
2018/01/02	32.53	32.53	32.53	32.53	73300	2384449.00
2018/01/03	29.28	29.28	29.28	29.28	382100	11187888.00
2018/01/04	26.77	28.20	26.77	27.56	14302427	388931456.00
2018/01/05	26.53	27.56	26.31	27.02	7096576	191123888.00
2018/01/08	26.65	27.12	26.33	26.91	4104919	109778832.00
2018/01/09	26.90	27.13	26.55	26.60	4023046	107766600.00
2018/01/10	26.18	26.18	24.19	24.65	7159046	179488768.00
2018/01/11	24.52	24.85	24.05	24.64	3291748	80395064.00
2018/01/12	24.50	25.22	24.42	24.77	2738729	68052224.00
2018/01/15	24.80	24.86	23.02	23.18	3989277	94010440.00
2018/01/16	23.15	23.50	23.01	23.29	2006123	46748472.00
2018/01/17	23.30	24.68	22.51	24.45	4342076	103388048.00
2018/01/18	24.30	24.59	24.00	24.28	2956065	71871040.00
2018/01/19	22.11	23.89	22.11	23.53	3897708	90120848.00
2018/01/22	23.30	25.88	23.30	25.88	6797883	173292880.00
2018/01/23	26.73	28.47	26.66	28.47	6647776	183968336.00
2018/01/24	29.40	30.15	26.46	27.81	12178225	337429728.00
2018/01/25	27.60	27.95	26.21	26.26	7932931	212901776.00
2018/01/26	25.81	26.47	25.70	25.81	4411647	114558088.00
2018/01/29	25.89	26.69	25.73	26.51	5199095	136555328.00
2018/01/30	26.19	26.45	24.70	25.08	4768384	122061552.00
2018/01/31	24.50	24.50	22.65	22.70	5086364	119701408.00
2018/02/01	22.94	24.52	22.94	23.29	4594446	108178112.00
2018/02/02	23.33	23.68	20.96	21.18	5018600	108052672.00
2018/02/05	20.00	20.95	19.86	20.35	2864665	58547472.00
2018/02/06	18.80	19.95	18.32	18.32	3449100	65260344.00
2018/02/07	18.85	19.26	17.62	18.93	3873716	72757648.00
2018/02/08	18.75	19.58	18.73	19.38	3679300	70820440.00
2018/02/09	18.76	19.55	17.80	18.78	2776100	52299336.00
2018/02/12	18.99	20.66	18.85	20.66	4842305	98882352.00
2018/02/13	21.25	21.42	19.83	19.92	5242828	107275328.00
2018/02/14	19.90	20.50	19.68	19.91	2432300	48721440.00
2018/02/22	20.00	20.45	20.00	20.10	2169700	43621452.00
2018/02/23	20.10	20.18	19.85	19.93	1898500	37929616.00
2018/02/26	19.98	20.95	19.96	20.61	3433765	70146560.00
2018/02/27	20.67	21.43	20.67	20.93	3709784	77830208.00
2018/02/28	20.60	20.93	20.08	20.48	2652900	54108660.00
2018/03/01	20.35	21.52	20.33	21.13	3824400	80211704.00
2018/03/02	21.09	22.00	20.60	20.71	3884500	82707744.00
2018/03/05	20.52	20.95	20.30	20.74	2356802	48619224.00
2018/03/06	20.78	21.55	20.59	21.44	3791502	80006280.00
2018/03/07	21.48	21.86	21.06	21.46	3717765	79482880.00
2018/03/08	21.35	21.96	21.22	21.95	3934684	85182936.00
2018/03/09	21.87	22.74	21.70	22.48	5123800	114726864.00
2018/03/12	22.38	23.88	22.15	23.76	6256902	143977680.00
2018/03/13	23.38	23.60	22.66	22.74	4534814	104969136.00
2018/03/14	22.70	23.16	22.20	22.33	2981802	67339392.00
2018/03/15	22.06	22.29	20.58	21.16	4003101	85488976.00
2018/03/16	21.18	21.50	21.10	21.19	1891480	40313608.00
2018/03/19	20.88	21.60	20.88	21.40	1838000	39270976.00
2018/03/20	21.35	21.86	21.00	21.85	2100727	45022232.00
2018/03/21	21.88	22.47	21.38	21.39	2990188	65790068.00
2018/03/22	21.53	21.68	21.18	21.43	1749388	37453996.00
2018/03/23	20.18	20.63	19.29	19.29	2764388	55010256.00
2018/03/26	18.40	19.20	17.61	19.12	1949200	36135976.00
2018/03/27	19.38	19.94	19.29	19.66	1975600	38795420.00
2018/03/28	19.35	19.91	19.30	19.64	1844147	36094060.00
2018/03/29	19.90	20.36	19.81	20.19	2134947	42826324.00
2018/03/30	20.32	20.79	20.30	20.49	2315468	47565684.00
2018/04/02	20.68	20.86	20.07	20.32	2267369	46342560.00
2018/04/03	19.98	20.20	19.52	19.98	2353752	46495088.00
2018/04/04	20.40	21.94	20.04	20.97	5193593	108685552.00
2018/04/09	20.60	20.86	20.00	20.60	2626421	53714892.00
2018/04/10	20.67	20.68	20.03	20.23	2248600	45487636.00
2018/04/11	20.28	20.49	20.25	20.34	1623952	33086864.00
2018/04/12	20.16	21.77	20.16	21.13	4648603	97372792.00
2018/04/13	21.48	21.78	20.81	21.70	4410991	93770904.00
2018/04/16	21.46	21.50	20.78	20.89	2726456	57630340.00
2018/04/17	20.85	21.46	20.30	20.37	2590351	54220120.00
2018/04/18	20.39	20.57	19.28	19.98	2361414	46693184.00
2018/04/19	19.85	20.09	19.82	20.01	1689088	33744792.00
2018/04/20	19.90	20.88	19.28	20.48	3300463	67144656.00
2018/04/23	20.50	21.67	20.24	21.55	4888849	102843360.00
2018/04/24	21.00	22.79	20.97	22.36	8298638	182672320.00
2018/04/25	21.97	22.08	21.53	21.90	4735902	103351568.00
2018/04/26	21.80	22.07	21.43	21.62	2981400	64862652.00
2018/04/27	21.76	21.90	21.05	21.66	2136300	45914984.00
2018/05/02	21.50	21.64	19.51	20.34	2806137	58084508.00
2018/05/03	20.00	20.38	19.31	20.26	2580787	51231340.00
2018/05/04	20.30	20.70	20.10	20.24	1697100	34523068.00
2018/05/07	20.10	20.75	20.05	20.68	1810748	37038560.00
2018/05/08	20.60	22.75	20.56	22.75	4927553	108410056.00
2018/05/09	23.88	24.00	22.84	23.17	11740370	274860384.00
2018/05/10	22.75	23.74	22.75	22.91	6142686	142072640.00
2018/05/11	22.80	23.39	21.90	22.52	5409900	122510336.00
2018/05/14	22.65	23.48	22.08	23.39	6110829	140086816.00
2018/05/15	23.30	23.32	22.66	23.18	3992162	91834608.00
2018/05/16	23.20	23.20	22.46	22.86	2852114	64846864.00
2018/05/17	22.67	23.29	22.62	23.14	3892002	89662112.00
2018/05/18	23.19	23.47	22.74	23.31	2898800	66854004.00
2018/05/21	23.34	23.54	23.05	23.07	3671700	85299904.00
2018/05/22	23.00	23.20	22.41	23.18	3471001	78919040.00
2018/05/23	22.97	23.00	22.45	22.58	2523628	57349336.00
2018/05/24	22.56	22.71	21.84	21.88	2779545	61849564.00
2018/05/25	21.93	22.22	21.93	22.21	2104485	46460100.00
2018/05/28	22.38	22.38	20.01	20.69	3368100	70994384.00
2018/05/29	20.29	20.97	20.24	20.39	1715901	35471672.00
2018/05/30	19.90	20.30	18.77	18.96	2543000	49809192.00
2018/05/31	19.20	19.42	19.03	19.22	1595500	30691992.00
2018/06/01	19.03	19.47	18.93	19.17	1188985	22823828.00
2018/06/04	19.28	19.49	19.04	19.33	1063985	20478144.00
2018/06/05	19.23	19.86	19.18	19.85	1508284	29440524.00
2018/06/06	19.86	21.84	19.66	21.84	2835393	59026992.00
2018/10/11	19.39	19.39	19.39	19.39	294300	5706477.00
2018/10/12	17.45	17.45	17.45	17.45	99500	1736275.00
2018/10/15	16.08	17.38	15.71	15.71	3834599	62233748.00
2018/10/16	15.59	15.60	14.14	14.14	3381345	49814664.00
2018/10/17	14.00	14.28	13.40	13.97	2859750	39580876.00
2018/10/18	14.30	15.37	14.01	15.37	2149952	32299022.00
2018/10/19	15.69	16.91	15.58	16.91	5606824	91891408.00
2018/10/22	18.60	18.60	18.60	18.60	823600	15318960.00
2018/10/23	20.46	20.46	19.60	20.46	3555990	72664144.00
2018/10/24	19.00	20.22	18.50	19.58	9551617	184343440.00
2018/10/25	18.21	19.00	17.85	18.10	6478611	118948944.00
2018/10/26	18.17	18.65	17.11	17.33	5966602	107212208.00
2018/10/29	16.85	17.13	16.03	16.40	4647152	77215968.00
2018/10/30	16.90	18.04	16.56	18.04	3531100	61811600.00
2018/10/31	19.27	19.30	17.64	17.72	7597735	140287888.00
2018/11/01	17.40	18.07	17.30	17.35	4651900	81655768.00
2018/11/02	17.86	17.92	17.45	17.56	3446200	60650440.00
2018/11/05	17.59	18.80	17.59	18.37	6161408	113143472.00
2018/11/06	18.10	18.26	16.92	17.04	4266679	73563344.00
2018/11/07	16.98	18.74	16.98	18.74	3336636	61558144.00
2018/11/08	19.54	19.88	18.75	18.83	9527721	184821776.00
2018/11/09	18.50	18.78	18.25	18.28	4306602	79705280.00
2018/11/12	18.68	19.15	18.40	18.56	4136828	77225920.00
2018/11/13	18.53	19.36	18.13	19.24	6142856	115330896.00
2018/11/14	19.07	19.20	18.60	18.88	4792365	90212584.00
2018/11/15	18.99	19.16	18.66	19.13	4068765	77369288.00
2018/11/16	19.13	19.24	18.70	18.85	3411953	64534264.00
2018/11/19	18.97	18.97	18.57	18.82	2267628	42577520.00
2018/11/20	18.77	18.77	17.96	18.00	3021100	55295032.00
2018/11/21	17.97	18.13	17.60	18.11	1891206	33804264.00
2018/11/22	18.16	18.31	17.85	17.97	1479500	26721608.00
2018/11/23	18.23	18.23	16.57	16.70	2652502	46284832.00
2018/11/26	16.57	17.20	16.55	16.65	1649300	27780572.00
2018/11/27	16.78	17.10	16.58	16.90	1292500	21768212.00
2018/11/28	17.13	17.13	16.25	16.93	1470400	24705148.00
2018/11/29	16.98	17.15	15.24	16.18	1624600	27183244.00
2018/11/30	16.38	16.38	15.90	16.22	1884549	30450952.00
2018/12/03	16.54	17.47	16.54	17.05	2652892	45000488.00
2018/12/04	16.95	17.18	16.86	17.10	1908141	32534188.00
2018/12/05	16.68	17.09	16.50	16.92	1514237	25601776.00
2018/12/06	16.98	17.15	16.62	16.65	1383117	23359868.00
2018/12/07	16.74	17.03	16.70	16.96	1264542	21361424.00
2018/12/10	16.75	16.95	16.19	16.40	1361101	22471684.00
2018/12/11	16.50	17.50	16.50	17.06	2558693	43771308.00
2018/12/12	17.02	17.23	16.88	17.04	1493975	25423426.00
2018/12/13	17.04	17.39	16.81	17.10	1520706	25904330.00
2018/12/14	17.16	17.16	16.01	16.50	1210613	20297976.00
2018/12/17	16.50	16.94	16.33	16.80	1201092	20069204.00
2018/12/18	17.50	17.99	17.05	17.31	4293419	75291280.00
2018/12/19	16.81	16.89	16.21	16.55	3091362	51132784.00
2018/12/20	16.31	16.42	16.15	16.28	1552343	25312168.00
2018/12/21	16.33	16.44	16.18	16.28	880400	14325007.00
2018/12/24	16.30	16.80	16.10	16.75	1878722	31129068.00
2018/12/25	16.45	16.79	15.81	16.79	2350316	38176184.00
2018/12/26	18.47	18.47	18.47	18.47	2438182	45033224.00
2018/12/27	19.05	19.52	17.56	17.65	9583581	180204032.00
2018/12/28	16.80	17.17	16.41	16.70	5065962	85081240.00
2019/01/02	16.66	18.37	16.66	18.37	2579712	46691548.00
2019/01/03	20.21	20.21	20.20	20.21	3353074	67765624.00
2019/01/04	21.00	22.23	20.51	22.23	16068619	347284320.00
2019/01/07	22.53	24.45	22.53	24.45	13844250	329054048.00
2019/01/08	25.20	25.66	22.01	22.01	11216541	255503952.00
2019/01/09	20.70	21.98	20.41	21.02	15564980	328035040.00
2019/01/10	20.30	21.41	20.27	21.00	10427339	217107456.00
2019/01/11	20.71	22.18	20.51	22.15	13222845	283889184.00
2019/01/14	21.70	21.95	20.61	20.80	8358408	176645136.00
2019/01/15	20.52	21.80	20.47	21.34	7476619	159160752.00
2019/01/16	21.02	21.25	20.40	20.60	6192049	128201784.00
2019/01/17	20.58	20.64	19.63	19.90	6463886	128982648.00
2019/01/18	19.96	20.01	19.22	19.55	4741676	92583912.00
2019/01/21	19.74	19.85	19.40	19.52	3461724	67928184.00
2019/01/22	19.68	19.82	19.45	19.77	3379953	66462340.00
2019/01/23	19.67	19.70	19.02	19.42	3708426	71699368.00
2019/01/24	19.42	19.54	19.29	19.47	2650024	51528484.00
2019/01/25	19.36	19.55	18.57	18.59	3680429	70189856.00
2019/01/28	18.50	18.96	18.50	18.67	2540540	47454192.00
2019/01/29	18.01	18.44	16.80	16.80	5931517	101446088.00
2019/01/30	16.51	16.97	16.50	16.71	2507569	42167888.00
2019/01/31	16.44	16.85	15.33	15.93	3414506	55303456.00
2019/02/01	16.10	17.52	16.10	17.31	4035692	68705104.00
2019/02/11	16.86	17.75	16.86	17.64	4020260	70123168.00
2019/02/12	17.75	17.76	17.00	17.59	3662550	63921696.00
2019/02/13	17.59	17.99	17.35	17.94	4260814	75442560.00
2019/02/14	17.90	18.95	17.65	18.56	6134354	112510480.00
2019/02/15	18.28	18.64	18.25	18.31	4124800	75908656.00
2019/02/18	18.36	18.89	18.28	18.88	4561136	84996448.00
2019/02/19	19.00	19.55	18.54	19.55	6466608	122858880.00
2019/02/20	19.36	19.51	19.13	19.44	4650306	89922016.00
2019/02/21	19.35	20.20	19.00	19.22	6987578	137206768.00
2019/02/22	19.21	19.40	18.85	19.38	4594831	87902568.00
2019/02/25	19.55	20.30	19.32	20.26	7928827	157520256.00
2019/02/26	20.25	20.25	19.68	20.06	6268406	125110584.00
2019/02/27	19.71	20.05	19.20	19.49	4550701	89712752.00
2019/02/28	19.47	19.73	19.30	19.61	2828644	55311112.00
2019/03/01	19.68	19.80	19.20	19.50	2989600	58082288.00
2019/03/04	19.69	20.16	19.51	19.72	4785600	94938912.00
2019/03/05	19.81	20.44	19.64	20.32	5677918	113649256.00
2019/03/06	20.10	20.85	19.90	20.82	7968999	161967408.00
2019/03/07	20.99	21.05	20.30	20.85	7199618	149138288.00
2019/03/08	20.38	20.60	19.12	19.12	5450600	109185560.00
2019/03/11	19.00	21.03	19.00	21.03	6893881	141493920.00
2019/03/12	22.70	22.70	21.13	21.45	12050581	261783536.00
2019/03/13	21.88	22.14	20.31	20.89	7052314	150851936.00
2019/03/14	20.75	21.80	20.51	21.28	6745324	142992864.00
2019/03/15	21.98	22.14	21.28	21.60	6761635	146261872.00
2019/03/18	21.70	21.70	20.40	21.27	4644206	97490224.00
2019/03/19	21.31	21.50	20.95	21.07	3494700	73939280.00
2019/03/20	20.89	21.53	20.55	20.97	3556200	74618384.00
2019/03/21	20.86	21.13	20.58	21.06	4012033	84035296.00
2019/03/22	21.07	21.15	20.22	20.68	3374700	69776792.00
2019/03/25	20.23	20.87	20.02	20.83	3311381	67829400.00
2019/03/26	20.88	20.92	19.89	19.91	2785500	56665856.00
2019/03/27	20.15	20.28	19.48	19.62	1870554	36869980.00
2019/03/28	19.40	19.85	19.30	19.48	1601220	31358028.00
2019/03/29	19.65	20.08	19.38	19.97	2244118	44376644.00
2019/04/01	20.08	20.93	20.08	20.86	3464545	71217544.00
2019/04/02	20.88	21.16	20.70	20.85	3384688	70841832.00
2019/04/03	20.84	21.11	20.48	21.02	2795100	58292372.00
2019/04/04	21.10	21.30	20.87	21.06	3146954	66472256.00
2019/04/08	20.90	21.71	20.38	21.69	5672728	119406072.00
2019/04/09	21.53	21.53	20.90	21.28	3208253	68043184.00
2019/04/10	21.02	21.12	20.67	20.70	2633200	54767004.00
2019/04/11	20.70	20.90	20.05	20.12	2090400	42953680.00
2019/04/12	20.12	20.60	20.12	20.39	1559600	31874240.00
2019/04/15	20.49	20.80	20.09	20.11	1751118	35995592.00
2019/04/16	20.00	20.68	19.85	20.64	1960412	39967888.00
2019/04/17	20.74	20.85	20.41	20.72	1739000	35911448.00
2019/04/18	20.78	20.78	20.25	20.45	1604118	32851966.00
2019/04/19	20.43	20.55	20.03	20.40	1468000	29674118.00
2019/04/22	20.40	20.59	20.09	20.13	1395481	28340184.00
2019/04/23	20.13	20.39	19.73	20.14	1348500	26991240.00
2019/04/24	20.00	20.22	19.88	20.08	977700	19597344.00
2019/04/25	19.90	20.09	19.04	19.08	1819120	35613912.00
2019/04/26	19.10	19.38	18.70	18.70	1059800	20145928.00
2019/04/29	18.70	18.90	16.83	17.50	1395500	24982070.00
2019/04/30	17.57	17.96	17.50	17.85	785000	13950239.00
2019/05/06	17.84	17.84	16.12	16.22	1511500	25450868.00
2019/05/07	16.98	17.00	16.34	16.69	883300	14613141.00
2019/05/08	16.50	17.35	15.02	17.02	1065118	17827472.00
2019/05/09	16.80	17.26	16.80	16.87	836520	14210635.00
2019/05/10	16.94	17.40	16.40	17.21	1420840	24258104.00
2019/05/13	17.20	17.21	16.86	17.18	810300	13867525.00
2019/05/14	17.00	17.27	16.95	16.96	803400	13766624.00
2019/05/15	17.10	17.58	17.10	17.34	1081520	18805052.00
2019/05/16	16.90	17.92	16.90	17.70	1133920	19993654.00
2019/05/17	17.72	17.99	16.50	16.70	1558876	26777680.00
2019/05/20	16.70	17.00	16.21	16.84	856050	14273221.00
2019/05/21	17.08	17.39	16.58	17.39	884422	15155809.00
2019/05/22	17.39	17.40	16.91	16.99	966271	16505890.00
2019/05/23	16.72	17.16	16.72	16.78	620352	10515490.00
2019/05/24	16.62	17.16	16.36	16.60	696864	11607965.00
2019/05/27	16.60	17.13	16.50	17.07	733230	12432140.00
2019/05/28	17.14	17.43	17.01	17.06	790713	13545155.00
2019/05/29	17.24	17.24	17.03	17.13	558673	9580510.00
2019/05/30	17.09	17.12	16.83	16.97	716434	12156606.00
2019/05/31	17.22	17.34	17.00	17.07	739900	12691730.00
2019/06/03	16.89	17.19	16.60	16.87	781800	13157856.00
2019/06/04	16.87	16.97	16.43	16.68	701666	11684636.00
2019/06/05	16.84	16.84	16.35	16.41	669706	11109731.00
2019/06/06	16.45	16.66	16.17	16.26	763032	12549608.00
2019/06/10	16.32	16.48	16.18	16.26	660471	10758065.00
2019/06/11	16.23	16.73	16.10	16.60	1181071	19446788.00
2019/06/12	16.62	16.73	16.39	16.39	940771	15569465.00
2019/06/13	16.48	16.48	16.30	16.32	979900	16047012.00
2019/06/14	16.32	16.39	15.68	15.70	1764400	28137898.00
2019/06/17	15.84	15.87	15.50	15.77	1156800	18204112.00
2019/06/18	15.77	15.93	14.80	14.99	2894300	43925476.00
2019/06/19	15.29	15.35	15.10	15.11	2450058	37308820.00
2019/06/20	15.27	15.60	15.07	15.39	1666339	25555450.00
2019/06/21	15.45	16.41	15.45	16.08	2291782	36682856.00
2019/06/24	15.97	16.25	15.67	15.81	1523171	24127910.00
2019/06/25	15.76	15.80	15.34	15.55	1354900	20999112.00
2019/06/26	15.50	15.55	15.25	15.37	950500	14666390.00
2019/06/27	16.91	16.91	15.52	15.71	2768257	44264816.00
2019/06/28	15.41	15.52	15.15	15.28	1811585	27718808.00
2019/07/01	15.42	15.61	15.32	15.57	1588828	24659028.00
2019/07/02	15.65	15.75	15.57	15.69	1210057	18986446.00
2019/07/03	15.65	15.68	15.30	15.37	890900	13700907.00
2019/07/04	15.37	15.52	15.28	15.33	781800	12013578.00
2019/07/05	15.48	15.48	15.28	15.35	556519	8551680.00
2019/07/08	15.39	15.39	14.90	15.01	1069227	16113311.00
2019/07/09	15.14	15.56	15.03	15.56	1205571	18423488.00
2019/07/10	15.53	15.75	15.43	15.64	1377200	21490992.00
2019/07/11	15.64	15.79	15.20	15.32	1037764	16074209.00
2019/07/12	15.22	15.41	15.11	15.28	1228064	18684496.00
2019/07/15	14.01	14.80	14.01	14.55	1029719	14893237.00
2019/07/16	14.50	14.95	14.50	14.90	1079002	15946904.00
2019/07/17	14.83	15.06	14.62	14.86	1001473	14923930.00
2019/07/18	14.94	15.00	14.61	14.67	944901	13962559.00
2019/07/19	14.61	14.93	14.61	14.61	634106	9315055.00
2019/07/22	14.69	14.69	14.15	14.16	954179	13659629.00
2019/07/23	14.16	14.24	13.91	13.99	1541789	21633204.00
2019/07/24	14.00	14.33	14.00	14.18	1236994	17582128.00
2019/07/25	14.23	14.25	14.08	14.16	801000	11346898.00
2019/07/26	14.10	14.25	14.03	14.22	756900	10745567.00
2019/07/29	14.19	14.23	14.03	14.10	789700	11130828.00
2019/07/30	14.01	14.23	14.01	14.16	547300	7755127.00
2019/07/31	14.38	14.38	14.03	14.07	671400	9480190.00
2019/08/01	14.11	14.11	14.00	14.03	526800	7395792.00
2019/08/02	13.91	13.91	13.70	13.86	1015345	14003072.00
2019/08/05	13.82	14.12	13.79	13.85	757100	10524936.00
2019/08/06	13.50	13.69	13.03	13.35	1016332	13556451.00
2019/08/07	13.45	13.55	13.21	13.21	452900	6036927.00
2019/08/08	13.39	13.47	13.25	13.34	535600	7154361.00
2019/08/09	13.34	13.58	13.16	13.36	621600	8314874.00
2019/08/12	13.40	13.42	13.18	13.34	663492	8823271.00
2019/08/13	13.29	13.30	13.05	13.10	642200	8448638.00
2019/08/14	13.28	13.39	13.20	13.21	667700	8855039.00
2019/08/15	13.03	13.19	12.95	13.13	692000	9020737.00
2019/08/16	13.14	13.29	13.09	13.24	560200	7407523.00
2019/08/19	13.43	14.56	13.30	14.56	3539949	51011896.00
2019/08/20	14.56	14.95	14.26	14.41	5550584	80909456.00
2019/08/21	14.28	14.45	14.12	14.26	2083330	29672926.00
2019/08/22	14.45	14.46	14.20	14.37	1606700	23018980.00
2019/08/23	14.47	14.47	14.19	14.20	1359560	19448776.00
2019/08/26	13.85	14.49	13.85	14.39	1865846	26727930.00
2019/08/27	14.39	15.08	14.39	14.83	2891400	42765256.00
2019/08/28	14.83	15.27	14.73	15.12	1981600	29638072.00
2019/08/29	14.96	15.09	14.77	14.97	1346300	20127624.00
2019/08/30	14.95	15.02	14.58	14.62	1829900	26982156.00
2019/09/02	14.50	14.87	14.50	14.70	1166186	17208262.00
2019/09/03	14.70	15.41	14.70	15.07	2281069	34494256.00
2019/09/04	15.03	15.03	14.76	14.84	1955239	29049776.00
2019/09/05	15.00	15.14	14.82	14.91	1838169	27482456.00
2019/09/06	14.82	15.03	14.80	14.91	1177000	17498776.00
2019/09/09	15.00	15.34	14.96	15.31	2058043	31267192.00
2019/09/10	15.31	15.54	15.13	15.16	1428630	21741246.00
2019/09/11	15.27	15.50	15.10	15.18	1785632	27261068.00
2019/09/12	15.45	15.45	14.91	15.11	1085800	16405351.00
2019/09/16	15.20	15.49	15.10	15.30	1891653	29067148.00
2019/09/17	15.20	15.45	14.70	15.01	1896100	28609430.00
2019/09/18	14.88	15.17	14.87	14.90	929473	13952611.00
2019/09/19	15.00	15.25	14.77	15.25	1296334	19532250.00
2019/09/20	15.42	16.11	15.23	15.78	3733832	58244760.00
2019/09/23	15.72	15.72	15.21	15.47	1878200	28874788.00
2019/09/24	15.47	15.65	15.34	15.55	1572300	24378724.00
2019/09/25	15.70	16.37	15.46	16.09	5012500	80066624.00
2019/09/26	16.30	16.88	15.81	15.92	6773343	110589568.00
2019/09/27	15.34	15.69	14.33	15.08	3093769	46662476.00
2019/09/30	14.80	15.22	14.60	14.62	1327738	19749564.00
2019/10/08	14.35	14.66	13.71	13.99	2048327	28723096.00
2019/10/09	13.85	14.28	13.72	14.07	967151	13569884.00
2019/10/10	14.22	14.25	13.94	14.08	1334119	18735436.00
2019/10/11	14.06	14.29	13.96	14.21	1498700	21172404.00
2019/10/14	14.16	14.47	14.16	14.31	1243764	17854826.00
2019/10/15	14.38	14.38	14.11	14.13	979256	13907977.00
2019/10/16	14.11	14.20	13.86	13.90	1031108	14450990.00
2019/10/17	13.77	14.03	13.77	13.90	730800	10137065.00
2019/10/18	13.84	14.02	13.61	13.67	972400	13419973.00
2019/10/21	13.62	14.06	13.42	14.02	1262816	17384492.00
2019/10/22	13.97	14.05	13.87	14.01	586385	8180295.00
2019/10/23	14.08	14.27	13.93	14.14	854272	12050447.00
2019/10/24	14.20	14.27	14.10	14.19	676085	9591216.00
2019/10/25	14.10	14.38	14.10	14.28	780511	11131750.00
2019/10/28	14.38	14.38	14.22	14.28	1144754	16354220.00
2019/10/29	14.30	14.34	13.99	14.00	928154	13114609.00
2019/10/30	13.99	13.99	13.68	13.75	704075	9742768.00
2019/10/31	13.71	13.96	13.60	13.76	686400	9450666.00
2019/11/01	13.70	14.03	13.56	14.00	626800	8670806.00
2019/11/04	14.00	14.11	13.80	13.96	735811	10235556.00
2019/11/05	13.85	13.96	13.67	13.89	709650	9828624.00
2019/11/06	13.96	13.98	13.68	13.90	528900	7340422.00
2019/11/07	13.93	13.98	13.71	13.94	485600	6744169.00
2019/11/08	13.97	14.15	13.94	14.04	633950	8904308.00
2019/11/11	13.99	13.99	13.68	13.76	653300	8987072.00
2019/11/12	13.66	13.75	13.38	13.65	609300	8251970.00
2019/11/13	13.66	13.75	13.53	13.59	420800	5735317.00
2019/11/14	13.50	13.72	13.37	13.44	783323	10541545.00
2019/11/15	13.41	13.47	13.16	13.17	689000	9145335.00
2019/11/18	13.15	13.29	13.06	13.11	802400	10536239.00
2019/11/19	13.12	13.28	13.06	13.27	732000	9647898.00
2019/11/20	13.25	13.35	13.13	13.18	463500	6115809.00
2019/11/21	13.18	13.25	13.10	13.19	477800	6296948.00
2019/11/22	13.23	13.55	13.19	13.51	1738300	23299032.00
2019/11/25	13.47	13.58	13.07	13.20	698891	9293146.00
2019/11/26	13.16	13.25	13.07	13.15	599233	7878012.00
2019/11/27	13.10	13.32	13.00	13.14	652900	8579242.00
2019/11/28	13.17	13.42	13.16	13.18	692179	9195316.00
2019/11/29	13.18	13.30	13.04	13.30	1525400	20023400.00
2019/12/02	13.29	13.38	13.17	13.31	662600	8814455.00
2019/12/03	13.23	13.49	13.15	13.47	738055	9850020.00
2019/12/04	13.47	13.57	13.36	13.48	518100	6979143.00
2019/12/05	13.50	14.55	13.42	13.85	2598552	36301460.00
2019/12/06	13.86	14.50	13.69	14.40	3356934	47541880.00
2019/12/09	14.37	15.08	14.22	14.94	3948625	58299936.00
2019/12/10	15.03	15.50	14.95	15.45	4049432	61937068.00
2019/12/11	15.50	15.58	15.00	15.12	2523630	38410048.00
2019/12/12	15.13	15.69	15.05	15.12	3547271	54266936.00
2019/12/13	14.86	15.27	14.86	15.09	1701477	25722944.00
2019/12/16	15.20	15.47	14.99	15.37	2001725	30482914.00
2019/12/17	16.44	16.44	15.20	15.21	4409284	69101600.00
2019/12/18	15.10	15.29	14.75	14.85	2566330	38280888.00
2019/12/19	14.83	15.09	14.77	14.82	1573336	23476866.00
2019/12/20	14.90	14.96	14.76	14.85	1037500	15385546.00
2019/12/23	14.83	15.19	14.67	14.99	1898400	28368692.00
2019/12/24	14.91	15.13	14.81	14.95	1033630	15429347.00
2019/12/25	14.95	14.98	14.86	14.98	693100	10344327.00
2019/12/26	15.00	15.06	14.81	14.97	736779	10985272.00
2019/12/27	14.99	14.99	14.81	14.94	880759	13117219.00
2019/12/30	14.93	16.30	14.79	16.01	4246600	66799268.00
2019/12/31	16.06	17.10	15.92	16.90	5106550	84732904.00
2020/01/02	18.59	18.59	18.59	18.59	1926891	35820904.00
2020/01/03	20.20	20.20	17.02	17.57	10917752	195455120.00
2020/01/06	16.62	17.00	15.81	16.85	8759983	142358144.00
2020/01/07	16.40	16.85	16.33	16.60	4952700	82177160.00
2020/01/08	16.61	17.10	16.47	16.68	4219238	70804392.00
2020/01/09	16.72	16.98	16.47	16.73	2692113	44902364.00
2020/01/10	16.90	16.92	16.18	16.46	2734037	45285324.00
2020/01/13	16.48	16.56	16.17	16.48	1974100	32271540.00
2020/01/14	16.48	16.51	16.14	16.22	1935100	31567834.00
2020/01/15	16.29	16.36	16.12	16.22	1499737	24343704.00
2020/01/16	16.22	17.49	16.13	17.40	6466298	110070304.00
2020/01/17	17.28	18.10	17.15	17.77	5246784	92160776.00
2020/01/20	17.77	17.77	17.42	17.53	2705983	47550616.00
2020/01/21	17.20	17.92	17.20	17.50	1996799	35082164.00
2020/01/22	17.20	18.50	17.20	18.37	4422440	78956704.00
2020/01/23	18.38	18.53	17.50	17.83	3032474	54649492.00
2020/02/03	16.05	16.05	16.05	16.05	144800	2324040.00
2020/02/04	14.45	16.05	14.45	15.72	3213100	48874776.00
2020/02/05	15.80	16.22	15.45	16.03	2257288	36030896.00
2020/02/06	15.87	16.25	15.70	16.05	1729453	27713430.00
2020/02/07	16.05	16.17	15.83	16.05	1197338	19133294.00
2020/02/10	16.00	16.25	15.82	16.19	1633675	26216828.00
2020/02/11	16.19	16.46	16.02	16.19	1383078	22417666.00
2020/02/12	16.19	16.87	16.10	16.62	2014890	33288138.00
2020/02/13	16.60	16.77	16.26	16.32	1333109	21938188.00
2020/02/14	16.40	16.40	16.06	16.10	1289528	20883120.00
2020/02/17	16.30	16.56	15.75	16.45	1805900	29340880.00
2020/02/18	16.51	17.36	16.30	17.36	2166064	36449524.00
2020/02/19	17.50	17.63	16.80	17.14	2239609	38433416.00
2020/02/20	17.25	17.30	16.92	17.29	1663600	28527384.00
2020/02/21	17.28	17.50	16.93	17.01	2518592	43071068.00
2020/02/24	16.95	17.01	16.64	16.86	1939887	32605094.00
2020/02/25	16.67	16.67	15.81	16.38	2913588	47483372.00
2020/02/26	16.10	16.51	16.01	16.11	1456960	23682416.00
2020/02/27	16.14	16.85	16.08	16.83	1766581	29060016.00
2020/02/28	16.43	17.78	16.00	17.53	5593139	96473792.00
2020/03/02	17.69	18.90	17.19	18.58	7027078	128006816.00
2020/03/03	18.53	18.96	18.01	18.08	5675403	105194568.00
2020/03/04	17.83	18.20	17.71	17.94	2615700	46764584.00
2020/03/05	18.13	19.59	18.13	19.02	5392151	101424248.00
2020/03/06	18.54	19.48	18.50	18.65	4084678	77023168.00
2020/03/09	18.40	19.60	16.79	19.05	5633462	107260624.00
2020/03/10	18.61	19.99	18.12	19.89	6143292	117956800.00
2020/03/11	19.97	21.88	19.75	21.43	8723059	183235456.00
2020/03/12	20.59	21.25	19.29	19.60	5697181	115585992.00
2020/03/13	18.10	21.50	18.10	21.00	6414034	130210392.00
2020/03/16	21.35	21.75	19.02	19.46	4901745	101010944.00
2020/03/17	19.60	20.85	18.60	20.46	3884786	77549008.00
2020/03/18	20.78	20.97	19.50	19.50	3578016	72162000.00
2020/03/19	19.01	20.28	18.70	19.73	2734733	52876424.00
2020/03/20	19.65	20.80	19.53	20.62	3211925	65196068.00
2020/03/23	20.01	20.51	19.53	19.53	2259542	45133504.00
2020/03/24	19.79	20.08	18.60	19.75	2290017	44469140.00
2020/03/25	19.99	20.47	19.77	20.33	2351566	47359424.00
2020/03/26	19.90	21.38	19.83	20.96	4578268	95547760.00
2020/03/27	20.96	21.30	20.16	20.20	2876090	59332508.00
2020/03/30	19.82	20.22	19.11	19.80	1663800	32640940.00
2020/03/31	19.65	20.95	19.62	20.93	3013109	61836672.00
2020/04/01	20.88	21.10	20.25	20.30	2062500	42393184.00
2020/04/02	19.83	20.88	19.83	20.83	1845858	37827308.00
2020/04/03	21.00	22.50	20.52	21.92	4424498	95524944.00
2020/04/07	22.11	23.75	21.75	22.69	4483936	101490000.00
2020/04/08	22.52	23.49	22.10	22.93	3358921	76852160.00
2020/04/09	23.58	23.58	22.60	22.69	2687600	61649488.00
2020/04/10	23.05	23.10	22.28	22.32	1976600	44472240.00
2020/04/13	22.01	22.41	21.32	21.95	1514600	33289710.00
2020/04/14	22.18	23.08	21.52	22.76	2191600	49411960.00
2020/04/15	22.75	23.13	22.36	22.37	1867100	42453316.00
2020/04/16	22.37	23.50	22.04	23.38	4049254	92995600.00
2020/04/17	23.45	23.68	23.02	23.13	2063300	48040860.00
2020/04/20	23.13	24.77	23.09	24.51	3661800	88295968.00
2020/04/21	24.54	25.30	23.94	24.20	3746400	92004496.00
2020/04/22	24.28	25.78	24.01	25.42	3869078	96741520.00
2020/04/23	25.37	26.73	25.14	26.40	4129300	107432776.00
2020/04/24	26.35	26.82	26.03	26.67	2876462	75725032.00
2020/04/27	25.06	25.80	24.00	24.00	3418900	83314880.00
2020/04/28	21.85	23.80	21.85	22.60	3907100	88713480.00
2020/04/29	22.49	24.67	22.33	24.25	3280300	78488208.00
2020/04/30	24.25	24.98	23.53	23.68	2546323	61090156.00
2020/05/06	23.39	23.67	22.61	23.63	1744100	40547632.00
2020/05/07	23.79	25.99	23.43	25.99	3254143	82405480.00
2020/05/08	26.92	26.92	25.40	25.86	3487969	90819536.00
2020/05/11	26.77	26.92	25.18	25.80	2225500	57492508.00
2020/05/12	25.95	25.99	25.00	25.53	1348493	34258812.00
2020/05/13	25.53	26.28	25.05	25.77	1533865	39570740.00
2020/05/14	25.90	25.93	25.32	25.57	1189300	30520352.00
2020/05/15	25.54	25.77	25.07	25.13	1214042	30787400.00
2020/05/18	25.38	25.49	24.50	24.65	1325800	33105664.00
2020/05/19	24.77	25.20	24.52	24.85	1312300	32670284.00
2020/05/20	24.86	25.16	24.26	24.40	1189700	29275316.00
2020/05/21	24.92	26.14	23.92	25.34	2140500	54535600.00
2020/05/22	25.10	25.77	23.67	23.83	1947076	47422728.00
2020/05/25	23.45	23.90	22.71	23.90	1392156	32686284.00
2020/05/26	23.59	23.77	23.00	23.60	839100	19699368.00
2020/05/27	23.63	24.20	23.11	23.29	782500	18429440.00
2020/05/28	22.98	23.54	22.90	23.19	680100	15742358.00
2020/05/29	23.19	23.70	22.86	23.20	931410	21729712.00
2020/06/01	23.00	23.85	23.00	23.33	1386450	32436088.00
2020/06/02	23.44	23.50	23.02	23.08	856310	19844544.00
2020/06/03	23.08	23.30	22.77	23.11	926220	21395484.00
2020/06/04	23.07	23.53	22.78	22.91	854500	19727492.00
2020/06/05	22.91	23.02	22.18	22.63	1047252	23599140.00
2020/06/08	22.63	23.00	21.85	22.08	1146000	25452206.00
2020/06/09	22.08	22.47	21.33	22.45	1994962	43538552.00
2020/06/10	22.46	23.48	22.01	22.04	1593410	35902788.00
2020/06/11	21.90	22.14	21.52	21.53	1134200	24640874.00
2020/06/12	21.38	21.40	21.05	21.12	996500	21129508.00
2020/06/15	21.18	22.19	21.18	21.51	1421600	30879812.00
2020/06/16	21.99	21.99	21.44	21.73	584800	12657216.00
2020/06/17	21.68	22.61	21.68	22.41	1254913	27826092.00
2020/06/18	22.41	22.58	22.10	22.49	840200	18771054.00
2020/06/19	22.49	22.86	22.30	22.84	805500	18277120.00
2020/06/22	22.84	23.97	22.84	23.91	1702806	40126520.00
2020/06/23	23.93	24.30	23.39	23.78	1116356	26630600.00
2020/06/24	23.69	23.98	23.37	23.48	1009900	23804842.00
2020/06/29	23.48	23.76	23.00	23.18	948300	22120904.00
2020/06/30	23.40	23.42	23.13	23.16	917674	21322076.00
2020/07/01	23.27	23.46	22.55	22.77	1134800	25935256.00
2020/07/02	22.61	23.00	22.13	22.85	1166800	26415500.00
2020/07/03	22.83	23.07	22.67	22.73	1208292	27559980.00
2020/07/06	22.73	23.29	22.66	23.17	2105200	48394068.00
2020/07/07	23.25	24.20	23.25	23.78	2377424	56421648.00
2020/07/08	23.80	24.70	23.58	24.33	1954837	47068044.00
2020/07/09	24.40	24.77	23.90	24.51	2282424	55589592.00
2020/07/10	24.60	26.96	24.12	26.96	3911512	100414984.00
2020/07/13	28.09	29.65	26.40	28.85	4405125	124533400.00
2020/07/14	28.60	29.19	27.60	28.20	2573820	72640672.00
2020/07/15	28.21	29.21	28.01	28.42	2425104	69231432.00
2020/07/16	28.15	29.90	27.30	27.50	3313600	95313896.00
2020/07/17	27.99	29.45	27.99	29.18	3074100	89003744.00
2020/07/20	30.11	31.06	29.00	30.93	3258984	98815848.00
2020/07/21	31.50	31.50	29.56	29.74	2598600	78592008.00
2020/07/22	29.71	30.30	28.82	29.85	1552710	46082408.00
2020/07/23	29.56	30.93	29.31	30.56	1979310	59799664.00
2020/07/24	30.50	30.50	29.31	29.65	1489760	44322608.00
2020/07/27	29.63	29.99	28.42	28.68	1322190	38350592.00
2020/07/28	28.60	29.68	28.24	28.75	1086100	31187640.00
2020/07/29	28.60	29.41	28.31	29.20	951899	27719688.00
2020/07/30	29.35	29.42	28.45	28.55	1116950	32136996.00
2020/07/31	28.73	29.30	28.40	29.30	1044700	30323604.00
2020/08/03	29.70	30.85	29.18	30.68	1713681	51366168.00
2020/08/04	30.57	30.82	30.16	30.47	1063379	32297440.00
2020/08/05	30.22	33.00	30.22	32.74	2414300	77594256.00
2020/08/06	33.00	33.27	32.40	32.98	1528206	50124624.00
2020/08/07	32.82	32.91	30.00	30.23	2332400	72664096.00
2020/08/10	30.01	30.42	28.92	29.40	1748054	51674920.00
2020/08/11	29.86	29.86	28.71	28.74	925681	26963124.00
2020/08/12	28.50	29.06	27.39	29.05	1137641	32115508.00
2020/08/13	29.11	29.60	28.69	29.12	1029600	29854264.00
2020/08/14	28.73	29.38	28.68	29.15	574100	16609039.00
2020/08/17	29.44	30.45	29.02	30.00	1354392	40478488.00
2020/08/18	29.99	29.99	29.37	29.78	797400	23662332.00
2020/08/19	29.78	29.90	28.09	28.09	1385500	39718576.00
2020/08/20	28.05	28.58	27.72	28.00	1049540	29563468.00
2020/08/21	28.01	28.47	27.43	27.63	976500	27147206.00
2020/08/24	27.86	27.97	26.90	27.37	1778625	48487120.00
2020/08/25	27.37	27.49	26.71	26.96	1034000	27907508.00
2020/08/26	27.05	27.07	25.21	25.79	2026200	52806000.00
2020/08/27	26.21	26.78	25.44	26.34	1555398	40734596.00
2020/08/28	26.34	26.34	25.46	26.10	2190513	56672600.00
2020/08/31	25.90	27.57	25.90	26.71	2818400	75442608.00
2020/09/01	26.72	27.85	25.96	27.17	2184500	58987424.00
2020/09/02	27.61	27.96	26.81	27.64	1185800	32503804.00
2020/09/03	27.46	27.79	26.28	26.68	1294300	34822920.00
2020/09/04	26.04	27.45	25.28	27.45	1247600	33277916.00
2020/09/07	27.45	27.92	26.55	26.70	1175500	31630656.00
2020/09/08	26.89	27.60	26.43	27.16	1266543	34352144.00
2020/09/09	27.11	27.34	26.17	26.33	1266500	33950476.00
2020/09/10	26.84	26.84	25.00	25.03	1315500	33482452.00
2020/09/11	24.99	25.59	24.21	25.55	1175867	29388402.00
2020/09/14	26.00	26.60	25.05	25.55	911600	23610340.00
2020/09/15	25.55	25.86	25.16	25.47	469121	11901936.00
2020/09/16	25.45	25.62	25.10	25.19	441564	11161297.00
2020/09/17	25.20	25.64	24.75	25.30	739300	18638580.00
2020/09/18	25.29	25.75	25.03	25.65	604600	15342221.00
2020/09/21	26.56	26.56	24.50	24.81	1293743	32353596.00
2020/09/22	25.20	25.20	24.26	24.43	777988	19107412.00
2020/09/23	24.45	24.69	23.88	24.25	821731	19885308.00
2020/09/24	24.25	24.25	23.69	23.70	583300	13982686.00
2020/09/25	23.77	24.18	23.25	23.60	657188	15461616.00
2020/09/28	23.60	23.96	23.09	23.09	559906	13169003.00
2020/09/29	23.21	23.99	22.60	23.62	851895	19992572.00
2020/09/30	23.63	25.34	23.45	24.49	1048855	25746024.00
2020/10/09	24.98	25.05	24.24	24.26	768120	18846510.00
2020/10/12	24.30	24.74	24.05	24.73	638500	15667387.00
2020/10/13	24.46	25.05	24.42	24.45	614900	15125319.00
2020/10/14	24.45	24.58	24.00	24.03	461900	11146720.00
2020/10/15	23.81	24.13	23.60	23.78	541269	12866037.00
2020/10/16	23.78	23.95	23.46	23.48	417692	9862105.00
2020/10/19	23.56	24.05	22.74	22.91	1131100	26328074.00
2020/10/20	22.66	23.20	22.36	23.02	785013	17828840.00
2020/10/21	23.09	23.42	22.81	22.92	822979	19048860.00
2020/10/22	22.99	23.06	22.21	22.93	570913	12923395.00
2020/10/23	23.39	23.39	22.56	22.84	415948	9543414.00
2020/10/26	22.88	22.88	22.28	22.38	471800	10589976.00
2020/10/27	22.60	23.76	22.30	23.14	904792	21038662.00
2020/10/28	23.10	23.57	22.75	23.45	465513	10777362.00
2020/10/29	23.45	24.55	22.76	24.26	1731200	41632800.00
2020/10/30	24.39	25.18	23.87	24.85	2457692	60713136.00
2020/11/02	25.16	25.16	24.28	24.70	1406275	34635932.00
2020/11/03	24.48	24.76	24.30	24.52	643060	15756131.00
2020/11/04	24.53	24.69	23.80	24.10	1087700	26394500.00
2020/11/05	24.14	24.53	23.11	23.72	1433688	34055460.00
2020/11/06	23.66	23.99	22.88	23.40	1212188	28352944.00
2020/11/09	23.40	23.93	23.06	23.49	978388	23044914.00
2020/11/10	23.60	23.87	22.60	22.92	1006000	23112960.00
2020/11/11	22.90	23.30	22.30	23.18	533700	12303220.00
2020/11/12	23.18	23.36	22.77	23.06	522577	12014727.00
2020/11/13	22.99	23.19	22.63	22.83	475400	10820092.00
2020/11/16	22.45	22.99	22.45	22.99	314700	7182810.00
2020/11/17	22.95	22.95	22.41	22.55	409200	9246925.00
2020/11/18	22.90	23.09	22.60	22.78	299300	6836885.00
2020/11/19	22.77	22.98	22.36	22.86	292500	6681371.00
2020/11/20	22.85	23.15	22.80	22.95	278600	6403946.00
2020/11/23	23.32	23.70	23.00	23.02	608800	14131176.00
2020/11/24	23.03	23.16	22.76	22.83	392400	8984724.00
2020/11/25	23.00	23.00	21.86	22.06	830600	18540208.00
2020/11/26	22.00	22.64	21.83	22.50	628660	14098637.00
2020/11/27	22.45	22.60	21.90	22.54	567000	12567147.00
2020/11/30	22.37	22.97	22.26	22.66	405200	9163382.00
2020/12/01	22.66	22.85	22.50	22.64	1053700	23881580.00
2020/12/02	22.68	24.90	22.23	24.90	2086899	49229280.00
2020/12/03	24.67	25.00	23.54	24.91	2684503	64746564.00
2020/12/04	24.50	24.99	24.11	24.70	1444900	35601424.00
2020/12/07	24.73	26.20	24.53	25.58	1852858	47028320.00
2020/12/08	25.45	26.12	25.24	25.56	1537422	39324984.00
2020/12/09	25.69	25.69	24.80	24.82	807479	20263718.00
2020/12/10	26.00	26.00	24.54	24.82	1555958	39560076.00
2020/12/11	24.93	25.27	24.10	24.10	1043900	25592854.00
2020/12/14	24.30	25.26	23.88	25.01	993011	24491422.00
2020/12/15	24.94	25.30	24.40	24.60	612700	15215896.00
2020/12/16	24.00	25.20	23.90	24.98	659635	16331124.00
2020/12/17	24.98	25.00	24.25	24.95	575500	14212268.00
2020/12/18	24.22	24.99	24.22	24.42	526412	12914375.00
2020/12/21	24.45	25.49	24.00	25.38	1295900	32454418.00
2020/12/22	25.10	25.35	24.14	24.27	1051681	26113118.00
2020/12/23	24.37	25.31	24.37	25.18	1187800	29562550.00
2020/12/24	25.26	25.70	24.90	25.53	1698887	43124872.00
2020/12/25	25.53	26.49	25.00	26.30	1878333	48447860.00
2020/12/28	26.26	26.26	25.50	25.63	1251000	32245202.00
2020/12/29	25.60	25.88	24.19	24.24	1137642	28266036.00
2020/12/30	24.01	24.47	23.71	23.97	900487	21634784.00
2020/12/31	23.80	24.22	23.39	23.41	850588	20177072.00
2021/01/04	23.65	24.44	23.10	24.05	658777	15784119.00
2021/01/05	23.90	25.80	23.80	25.53	1604900	40326616.00
2021/01/06	25.56	25.88	24.69	24.81	1026800	25754168.00
2021/01/07	24.74	24.82	23.65	23.80	886764	21342616.00
2021/01/08	23.75	24.06	23.50	23.53	715181	16927146.00
2021/01/11	23.50	23.65	22.33	22.35	1051000	23886442.00
2021/01/12	22.31	23.20	22.30	22.97	433700	9887812.00
2021/01/13	22.90	22.91	21.50	21.55	903734	19912244.00
2021/01/14	21.55	22.05	19.99	20.55	1630100	33595720.00
2021/01/15	20.31	20.55	19.95	20.43	898900	18188666.00
2021/01/18	20.32	21.30	20.14	20.90	730500	15258286.00
2021/01/19	20.50	21.28	20.45	20.88	457900	9557763.00
2021/01/20	20.88	21.66	20.76	21.40	521955	11058959.00
2021/01/21	21.53	21.65	20.85	20.86	655706	13849738.00
2021/01/22	20.80	20.96	20.26	20.26	558900	11428028.00
2021/01/25	20.28	20.51	19.54	19.90	643687	12895416.00
2021/01/26	19.90	19.98	18.90	18.99	1101404	21251676.00
2021/01/27	19.31	19.50	18.45	18.75	1192500	22329840.00
2021/01/28	18.56	20.63	18.28	20.63	2961879	59943368.00
2021/01/29	20.98	22.69	20.40	22.69	2349649	51533768.00
2021/02/01	24.00	24.96	23.70	24.96	3805471	93686152.00
2021/02/02	25.55	27.46	25.38	27.46	3412079	91472840.00
2021/02/03	24.80	30.00	24.71	24.90	10286937	277040608.00
2021/02/04	22.96	27.00	22.96	25.81	9152708	229376288.00
2021/02/05	25.34	28.14	25.01	26.67	7242684	192215392.00
2021/02/08	26.52	28.14	25.80	26.24	6436900	175809744.00
2021/02/09	26.97	27.25	25.04	26.26	4145392	107429336.00
2021/02/10	26.53	28.40	25.79	28.05	5019120	137016000.00
2021/02/18	27.82	28.50	27.19	28.17	3771057	104571120.00
2021/02/19	28.17	28.17	26.90	27.48	2576579	70474808.00
2021/02/22	27.50	28.90	26.82	28.89	3651290	102519400.00
2021/02/23	29.20	29.97	28.49	28.71	4107210	120447232.00
2021/02/24	28.00	29.62	27.62	28.49	2914108	83464176.00
2021/02/25	28.90	29.50	28.35	29.30	2708271	78659072.00
2021/02/26	29.03	32.23	28.67	32.23	5189562	159514336.00
2021/03/01	31.78	32.52	30.70	31.46	4667676	146395536.00
2021/03/02	31.10	34.48	31.01	34.17	5079427	168693424.00
2021/03/03	33.95	37.59	33.75	37.59	5060845	181774992.00
2021/03/04	36.80	40.59	36.22	37.06	6488544	246998960.00
2021/03/05	37.00	37.59	33.35	33.35	4844681	166787520.00
2021/03/08	30.58	35.00	30.58	34.31	6358144	214481184.00
2021/03/09	33.90	34.38	30.88	31.69	4877517	155852704.00
2021/03/10	32.33	32.88	31.50	32.29	2226594	71953096.00
2021/03/11	33.00	33.33	31.05	33.20	2250689	72985336.00
2021/03/12	33.65	35.84	32.00	35.29	3187110	108197808.00
2021/03/15	35.42	35.42	32.15	32.55	3172210	106194952.00
2021/03/16	33.07	34.37	32.70	33.97	2731500	92057992.00
2021/03/17	33.16	35.06	32.80	34.50	2684540	91467208.00
2021/03/18	34.87	34.87	33.25	33.50	1948500	65701140.00
2021/03/19	33.22	34.49	32.24	32.61	2048100	67944568.00
2021/03/22	33.00	34.43	32.61	33.93	2772600	93792272.00
2021/03/23	33.81	34.34	32.38	33.00	2117200	70334352.00
2021/03/24	33.00	33.53	31.19	31.41	2747700	88457136.00
2021/03/25	30.94	32.68	28.75	29.55	5430079	162336272.00
2021/03/26	29.64	30.00	28.49	28.98	3435549	100011120.00
2021/03/29	29.06	29.57	28.75	28.96	2010127	58369344.00
2021/03/30	28.75	29.23	28.11	28.34	2032450	58083732.00
2021/03/31	29.03	30.68	27.89	30.10	2637600	77652568.00
2021/04/01	29.96	32.16	29.68	31.38	2731437	84875888.00
2021/04/02	31.27	32.01	30.91	31.79	1769786	55820452.00
2021/04/06	31.58	34.97	31.50	34.97	5445283	185248192.00
2021/04/07	35.07	36.68	34.23	36.05	4671026	165806528.00
2021/04/08	35.88	36.75	35.66	36.20	2403500	87062512.00
2021/04/09	36.77	36.95	35.10	35.28	2995200	108106088.00
2021/04/12	35.44	35.59	31.75	31.88	5962800	196653616.00
2021/04/13	32.06	32.06	28.88	29.69	5571100	166555936.00
2021/04/14	29.92	30.28	28.36	28.71	3162900	91469288.00
2021/04/15	28.51	29.10	28.10	28.94	2587260	74450864.00
2021/04/16	28.95	31.59	28.84	30.11	3958900	120850568.00
2021/04/19	30.43	30.69	29.56	29.85	1919000	57366856.00
2021/04/20	30.21	31.25	29.59	30.19	2178526	66177088.00
2021/04/21	30.01	30.40	28.84	29.25	2357100	69275480.00
2021/04/22	29.50	32.09	28.64	31.40	3966277	122794672.00
2021/04/23	31.52	31.52	29.68	29.88	2470600	74901736.00
2021/04/26	30.44	30.44	29.21	29.22	1379000	40805032.00
2021/04/27	29.02	30.27	28.25	29.43	1791000	51955304.00
2021/04/28	29.25	29.84	28.88	29.43	901600	26402624.00
2021/04/29	28.81	29.40	28.81	28.88	971326	28240550.00
2021/04/30	28.91	30.30	28.91	29.44	1252226	37093780.00
2021/05/06	29.45	30.16	28.72	28.79	1273500	37124592.00
2021/05/07	28.80	29.57	27.72	28.85	1295000	37309580.00
2021/05/10	29.29	29.29	27.75	27.96	1307900	36740048.00
2021/05/11	27.75	28.88	27.75	28.54	873763	24881344.00
2021/05/12	28.54	28.54	27.90	27.92	736400	20668212.00
2021/05/13	27.69	28.16	27.00	27.17	1256300	34565024.00
2021/05/14	27.00	27.38	26.62	26.80	1468400	39485136.00
2021/05/17	26.89	26.89	25.20	25.95	2394100	62103988.00
2021/05/18	26.10	26.48	25.50	26.45	1319600	34401448.00
2021/05/19	26.40	28.50	26.28	27.11	3396300	93709376.00
2021/05/20	26.90	26.91	25.80	26.02	1770517	46449528.00
2021/05/21	25.93	26.51	25.86	25.95	868500	22641824.00
2021/05/24	25.95	26.36	24.76	25.00	2011900	50591872.00
2021/05/25	25.00	25.08	24.32	24.80	1779908	43754420.00
2021/05/26	24.78	25.40	24.53	25.17	1018800	25506404.00
2021/05/27	25.17	25.38	24.91	25.00	1243600	31277576.00
2021/05/28	26.00	27.50	26.00	27.50	3821554	104206760.00
2021/05/31	29.63	29.63	27.79	27.88	5290913	151312144.00
2021/06/01	28.16	28.18	27.12	27.63	2071716	57134880.00
2021/06/02	27.63	27.92	27.44	27.64	1137375	31442792.00
2021/06/03	27.93	28.45	27.35	28.00	1666326	46608536.00
2021/06/04	27.30	27.51	26.37	26.40	1398567	37481348.00
2021/06/07	26.50	26.87	25.82	26.18	1349575	35450716.00
2021/06/08	26.68	26.79	26.15	26.70	984400	25965276.00
2021/06/09	26.88	28.99	26.35	28.10	2315675	64933732.00
2021/06/10	27.69	28.39	27.40	27.74	1402900	39192976.00
2021/06/11	27.94	28.32	27.72	28.09	1227000	34382712.00
2021/06/15	27.00	27.98	27.00	27.25	929533	25533518.00
2021/06/16	27.20	27.58	26.50	26.71	878400	23772054.00
2021/06/17	26.70	27.33	26.05	27.32	1125033	30361444.00
2021/06/18	27.76	27.76	26.63	26.85	1514792	40854540.00
2021/06/21	26.71	29.54	26.54	29.54	2674558	77140688.00
2021/06/22	30.26	30.85	28.69	28.88	3908909	115284544.00
2021/06/23	29.11	29.27	28.58	28.73	1519533	43811216.00
2021/06/24	28.63	29.20	28.33	28.40	1795800	51608108.00
2021/06/25	28.63	30.50	27.61	28.03	3525076	100893072.00
2021/06/28	27.75	28.30	27.35	27.94	1699996	47378824.00
2021/06/29	27.97	28.30	27.13	27.18	1670375	46105444.00
2021/06/30	27.16	27.65	27.16	27.33	889292	24380500.00
2021/07/01	27.33	27.58	26.80	26.88	1225334	33022380.00
2021/07/02	26.67	27.58	26.67	27.20	879400	23794098.00
2021/07/05	27.18	28.29	27.18	27.48	1263500	35106800.00
2021/07/06	27.55	27.88	27.00	27.48	908800	24937460.00
2021/07/07	27.13	27.76	27.13	27.46	892100	24497516.00
2021/07/08	27.72	28.93	27.32	28.70	2939925	82968536.00
2021/07/09	28.84	28.97	28.29	28.58	2232527	63862656.00
2021/07/12	28.60	28.60	27.60	27.90	1759758	49264176.00
2021/07/13	27.85	28.50	27.66	28.16	1351309	37963884.00
2021/07/14	28.40	28.88	28.00	28.43	1670109	47440228.00
2021/07/15	28.45	28.82	27.55	28.47	1479958	41787208.00
2021/07/16	28.47	28.78	28.00	28.30	970851	27596472.00
2021/07/19	28.01	28.49	27.66	27.74	1508300	42209936.00
2021/07/20	27.60	28.80	27.38	28.37	1204458	33629740.00
2021/07/21	28.03	28.80	28.03	28.37	1004734	28662542.00
2021/07/22	28.50	28.70	28.03	28.18	794100	22394096.00
2021/07/23	28.28	28.32	27.50	27.52	1198200	33422628.00
2021/07/26	27.88	27.88	26.52	26.92	1466000	39580228.00
2021/07/27	27.00	27.40	25.36	25.46	1471000	38899556.00
2021/07/28	25.15	25.69	24.26	25.25	1154434	28799178.00
2021/07/29	25.46	26.48	25.14	26.21	825025	21398624.00
2021/07/30	26.50	26.80	25.98	26.49	1078634	28530372.00
2021/08/02	26.40	26.98	26.01	26.72	955467	25436758.00
2021/08/03	26.62	27.11	26.38	26.45	605499	16155057.00
2021/08/04	26.46	27.09	24.27	26.93	930000	24766292.00
2021/08/05	26.52	26.80	26.20	26.40	661138	17484256.00
2021/08/06	26.45	26.58	25.40	25.91	1014963	26173896.00
2021/08/09	25.91	26.84	25.52	26.56	966441	25414868.00
2021/08/10	26.55	27.88	26.12	27.61	1540500	42423576.00
2021/08/11	27.87	28.15	27.52	27.91	1273234	35479524.00
2021/08/12	27.86	28.28	27.68	27.89	1117216	31217176.00
2021/08/13	27.74	28.08	27.21	27.46	1171334	32264304.00
2021/08/16	27.10	27.88	27.00	27.22	749000	20500644.00
2021/08/17	27.17	27.22	25.86	25.86	1054000	27897840.00
2021/08/18	25.86	26.46	25.66	25.80	803200	20812208.00
2021/08/19	26.29	26.29	25.40	25.65	645500	16560202.00
2021/08/20	25.41	25.77	25.03	25.25	715000	18085782.00
2021/08/23	25.37	25.87	25.00	25.49	886300	22602084.00
2021/08/24	25.59	25.64	24.85	25.05	1035300	25986934.00
2021/08/25	25.06	25.26	24.52	24.80	788900	19521784.00
2021/08/26	24.80	25.15	24.60	24.71	871800	21733024.00
2021/08/27	24.65	24.99	23.54	23.98	1001000	24122974.00
2021/08/30	24.00	24.40	23.30	23.38	1718345	40632376.00
2021/08/31	23.54	23.58	22.57	22.57	1847500	42363820.00
2021/09/01	22.67	22.72	21.88	22.35	1943000	43254688.00
2021/09/02	22.06	22.64	22.06	22.40	890400	19945872.00
2021/09/03	22.42	23.50	22.36	22.76	1452300	33186686.00
2021/09/06	22.80	23.23	21.78	22.56	2075001	46175344.00
2021/09/07	22.50	22.88	22.16	22.31	1198900	26848540.00
2021/09/08	22.44	23.00	22.31	22.50	1889000	42705128.00
2021/09/09	22.55	22.55	22.04	22.25	1187000	26395930.00
2021/09/10	22.25	22.79	22.01	22.12	1854500	41400824.00
2021/09/13	22.20	22.20	21.52	21.60	1195699	25946740.00
2021/09/14	21.65	21.87	21.20	21.40	1247600	26715308.00
2021/09/15	21.32	21.57	20.81	21.50	884700	18897166.00
2021/09/16	21.53	21.57	20.60	20.74	1188100	24935798.00
2021/09/17	20.74	20.91	20.28	20.67	1102900	22626504.00
2021/09/22	20.66	20.83	20.35	20.51	1034300	21223430.00
2021/09/23	20.66	22.00	20.66	21.84	2243299	48547176.00
2021/09/24	21.83	21.83	21.11	21.27	1330016	28342372.00
2021/09/27	21.49	21.55	20.40	20.84	1136700	23665060.00
2021/09/28	21.00	21.32	20.27	20.89	614700	12887153.00
2021/09/29	20.61	20.88	19.96	20.15	843200	17147476.00
2021/09/30	20.20	20.83	20.09	20.69	755000	15463253.00
2021/10/08	20.58	21.21	20.36	21.08	873600	18339600.00
2021/10/11	21.15	21.38	20.51	21.00	593700	12398615.00
2021/10/12	21.07	21.10	20.21	20.48	644600	13223237.00
2021/10/13	20.55	20.55	20.12	20.41	502500	10180116.00
2021/10/14	20.41	20.45	20.02	20.28	419100	8484466.00
2021/10/15	20.28	20.40	20.14	20.18	418300	8465129.00
2021/10/18	20.28	20.60	20.07	20.41	698916	14175116.00
2021/10/19	20.41	20.99	20.25	20.57	643600	13297991.00
2021/10/20	20.65	20.74	20.35	20.50	481300	9858593.00
2021/10/21	20.40	20.40	19.00	20.18	733900	14725847.00
2021/10/22	20.00	20.25	19.81	20.10	423200	8487100.00
2021/10/25	20.09	20.26	19.91	20.22	353600	7111325.00
2021/10/26	20.03	20.38	20.00	20.14	322200	6496107.00
2021/10/27	20.00	20.07	19.35	19.60	660200	12933130.00
2021/10/28	19.16	19.50	18.61	19.17	436775	8380341.00
2021/10/29	19.18	19.38	18.89	19.08	573200	10974498.00
2021/11/01	19.12	20.99	18.83	20.99	2533649	52029580.00
2021/11/02	21.26	22.49	21.00	21.05	3722991	79886312.00
2021/11/03	21.06	21.16	20.35	20.64	2255866	46676788.00
2021/11/04	20.64	21.36	20.64	21.30	1818000	38296652.00
2021/11/05	21.31	21.86	21.00	21.65	1968916	42358452.00
2021/11/08	21.78	21.84	21.20	21.29	1156300	24754448.00
2021/11/09	21.49	21.92	21.35	21.70	929765	20075460.00
2021/11/10	21.75	21.79	21.22	21.65	805000	17260332.00
2021/11/11	21.60	21.79	21.32	21.51	805600	17367438.00
2021/11/12	21.51	21.88	21.40	21.54	913600	19694664.00
2021/11/15	21.67	21.93	21.46	21.88	1437600	31179744.00
2021/11/16	21.88	21.89	21.41	21.42	1156800	25051074.00
2021/11/17	21.41	22.11	21.41	21.77	889900	19336564.00
2021/11/18	21.52	21.77	21.44	21.45	776433	16753259.00
2021/11/19	21.45	22.93	21.15	22.55	2264445	50420816.00
2021/11/22	22.79	23.15	22.06	22.18	1555057	34728912.00
2021/11/23	22.27	22.64	21.85	21.86	988000	21814988.00
2021/11/24	21.86	22.28	21.40	22.13	1100200	23989018.00
2021/11/25	22.20	22.20	21.68	21.75	752800	16445903.00
2021/11/26	21.66	22.09	21.52	21.96	1154199	25247050.00
2021/11/29	21.52	21.79	21.18	21.51	1109700	23848384.00
2021/11/30	21.60	22.00	21.26	21.41	914000	19711712.00
2021/12/01	21.41	21.70	21.23	21.45	1106583	23723048.00
2021/12/02	21.63	23.60	21.45	23.15	7246652	166262944.00
2021/12/03	22.37	22.50	21.50	21.84	4653973	102231416.00
2021/12/06	21.84	22.00	21.02	21.46	2695300	57461340.00
2021/12/07	21.40	21.64	20.70	21.10	1684069	35455556.00
2021/12/08	21.16	21.22	20.82	21.18	857545	18071338.00
2021/12/09	21.29	21.29	21.02	21.15	1183600	25012310.00
2021/12/10	21.01	21.44	20.85	21.40	1183733	25118864.00
2021/12/13	21.56	21.77	21.24	21.45	1311211	28201258.00
2021/12/14	21.39	23.38	21.23	22.74	3805833	85979576.00
2021/12/15	22.76	23.79	22.46	23.60	3469998	80809648.00
2021/12/16	23.55	23.80	23.18	23.40	2380998	55968112.00
2021/12/17	23.40	23.78	23.12	23.26	1490883	34907936.00
2021/12/20	23.26	23.41	22.75	22.86	1245100	28600810.00
2021/12/21	23.38	23.70	22.70	23.03	1246100	28740868.00
2021/12/22	23.02	23.39	22.05	22.83	769200	17608586.00
2021/12/23	23.05	23.09	22.51	22.71	667000	15165347.00
2021/12/24	22.77	24.37	22.70	23.40	3396547	80352712.00
2021/12/27	23.20	23.87	22.92	23.34	2402200	56318752.00
2021/12/28	23.18	23.95	23.00	23.72	1610500	38147728.00
2021/12/29	23.79	23.86	23.04	23.09	1929333	45057520.00
2021/12/30	23.09	23.26	22.80	22.82	1175800	26968704.00
2021/12/31	22.94	24.20	22.72	23.20	1508000	35280720.00
2022/01/04	22.99	23.99	22.99	23.56	1229000	28893212.00
2022/01/05	23.72	23.72	22.90	22.90	1009900	23324260.00
2022/01/06	22.86	23.44	22.55	23.11	922000	21275632.00
2022/01/07	23.05	23.22	22.39	22.43	1171739	26678712.00
2022/01/10	22.46	22.80	22.24	22.49	771659	17398170.00
2022/01/11	22.79	22.79	22.08	22.18	1063859	23757492.00
2022/01/12	22.29	23.27	22.29	22.69	1331000	30345406.00
2022/01/13	22.78	23.05	22.45	22.49	881800	20036112.00
2022/01/14	22.40	22.72	22.24	22.26	638000	14320311.00
2022/01/17	22.21	22.59	22.14	22.27	708366	15802803.00
2022/01/18	22.27	22.62	21.80	21.82	989900	21720940.00
2022/01/19	21.82	22.36	21.50	21.90	942200	20582284.00
2022/01/20	21.90	22.05	21.31	21.56	1019981	21912868.00
2022/01/21	21.34	21.64	20.89	21.23	1317000	27879400.00
2022/01/24	20.83	21.30	20.61	20.68	942380	19672904.00
2022/01/25	20.68	21.00	20.10	20.18	748900	15267931.00
2022/01/26	20.18	20.42	19.98	20.31	446281	9029470.00
2022/01/27	20.76	20.76	19.52	19.52	669700	13321311.00
2022/01/28	20.00	20.10	19.30	20.10	628100	12432488.00
2022/02/07	20.45	20.85	20.15	20.68	988800	20357186.00
2022/02/08	20.90	21.14	20.56	20.89	705900	14681977.00
2022/02/09	20.89	21.07	20.56	21.03	586369	12278714.00
2022/02/10	21.03	21.03	20.66	20.77	496200	10312031.00
2022/02/11	20.77	21.25	20.25	20.44	449500	9195483.00
2022/02/14	20.30	20.68	20.18	20.50	377300	7721328.00
2022/02/15	20.46	20.69	20.22	20.50	551600	11279967.00
2022/02/16	20.50	20.85	20.40	20.76	652077	13504375.00
2022/02/17	20.99	21.15	20.52	20.69	622800	12911975.00
2022/02/18	20.79	21.60	20.46	21.10	835100	17666216.00
2022/02/21	21.11	22.05	20.85	21.59	1186400	25625992.00
2022/02/22	21.51	21.73	21.06	21.46	800749	17131716.00
2022/02/23	21.49	21.61	21.39	21.42	613000	13171686.00
2022/02/24	21.42	21.54	20.50	20.81	992000	20796552.00
2022/02/25	20.81	21.60	20.81	21.04	824709	17497424.00
2022/02/28	21.07	21.40	20.60	20.75	727400	15148779.00
2022/03/01	20.89	21.10	20.75	20.91	526700	11014086.00
2022/03/02	20.91	21.31	20.66	21.17	650800	13654867.00
2022/03/03	21.21	21.30	20.91	21.00	528891	11141255.00
2022/03/04	21.03	21.16	20.81	20.98	703200	14757235.00
2022/03/07	20.98	21.01	20.40	20.56	706800	14544313.00
2022/03/08	20.56	22.60	20.34	20.41	1382409	28961712.00
2022/03/09	20.08	20.34	19.03	19.89	1269401	25002424.00
2022/03/10	19.95	20.56	19.95	20.23	789409	16032992.00
2022/03/11	20.16	20.44	19.62	20.36	638500	12777832.00
2022/03/14	20.29	20.29	19.53	19.53	510400	10086694.00
2022/03/15	19.76	19.90	18.48	18.67	913400	17364668.00
2022/03/16	18.69	19.04	18.38	18.85	888550	16665186.00
2022/03/17	19.15	19.20	18.35	18.93	901582	17163520.00
2022/03/18	18.88	19.15	18.68	19.15	560200	10614353.00
2022/03/21	19.15	19.26	18.89	19.17	461500	8808584.00
2022/03/22	19.16	19.39	18.96	19.24	474000	9096396.00
2022/03/23	19.38	19.54	19.13	19.22	400300	7703815.00
2022/03/24	19.21	19.33	18.81	19.00	761000	14498832.00
2022/03/25	19.00	19.26	18.86	18.90	469516	8943952.00
2022/03/28	18.88	19.00	18.44	18.84	429000	8038910.00
2022/03/29	18.97	18.97	18.63	18.77	230382	4324331.00
2022/03/30	18.77	19.18	18.63	18.85	432426	8128908.00
2022/03/31	18.86	19.13	18.66	18.90	548299	10360625.00
2022/04/01	18.90	18.91	18.50	18.91	512684	9611566.00
2022/04/06	18.91	19.09	18.75	18.96	572725	10819488.00
2022/04/07	18.99	19.15	18.70	18.88	951683	18017816.00
2022/04/08	18.90	19.15	18.68	18.88	680800	12803922.00
2022/04/11	18.64	18.64	18.10	18.36	641100	11787048.00
2022/04/12	18.34	18.91	18.18	18.62	616800	11379063.00
2022/04/13	18.37	18.60	18.27	18.32	497100	9155320.00
2022/04/14	18.40	18.50	18.00	18.13	680900	12368265.00
2022/04/15	18.13	18.13	17.46	17.90	1115700	19893092.00
2022/04/18	17.56	17.74	17.36	17.70	556700	9791118.00
2022/04/19	17.63	17.83	17.26	17.44	555050	9714484.00
2022/04/20	17.49	17.80	17.40	17.48	545382	9600131.00
2022/04/21	17.45	17.45	16.70	17.07	821600	13972746.00
2022/04/22	16.86	17.14	16.63	16.87	476300	8013036.00
2022/04/25	16.87	16.88	15.18	15.66	847705	13662579.00
2022/04/26	15.60	15.76	14.09	14.09	2175200	31920140.00
2022/04/27	13.66	14.13	13.14	13.95	1107600	15121668.00
2022/04/28	13.99	14.74	13.40	13.99	1382900	19502382.00
2022/04/29	13.86	14.77	13.85	14.66	910199	13120436.00
2022/05/05	14.67	15.50	14.38	15.36	1096200	16619828.00
2022/05/06	15.00	16.50	15.00	16.30	1736300	27781818.00
2022/05/09	16.28	17.93	16.23	17.93	1163800	20375208.00
2022/05/10	19.33	19.52	17.05	17.48	3517500	63568288.00
2022/05/11	17.20	17.46	16.86	17.09	1754099	30073760.00
2022/05/12	16.85	17.32	16.69	16.97	1083005	18400160.00
2022/05/13	17.06	17.50	16.98	17.14	808000	13867652.00
2022/05/16	17.14	17.29	16.85	16.87	551000	9384872.00
2022/05/17	17.14	17.50	16.75	17.19	766800	13130777.00
2022/05/18	17.31	17.60	16.96	17.15	1289331	22226832.00
2022/05/19	17.15	17.45	16.70	17.11	883031	15147962.00
2022/05/20	17.12	17.46	17.11	17.30	998200	17275988.00
2022/05/23	17.42	17.68	17.21	17.54	1019100	17795668.00
2022/05/24	17.60	17.82	16.76	16.76	915700	15863042.00
2022/05/25	16.70	17.38	16.69	17.29	929700	15984472.00
2022/05/26	17.47	17.50	16.90	17.02	694396	11877728.00
2022/05/27	17.04	17.19	16.80	16.92	554715	9429300.00
2022/05/30	16.78	17.21	16.78	17.15	622400	10583464.00
2022/05/31	17.20	17.29	16.77	17.15	693405	11808799.00
2022/06/01	17.28	18.20	17.00	17.96	1590305	28349280.00
2022/06/02	17.94	19.76	17.60	19.76	1927716	37163228.00
2022/06/06	19.91	20.79	19.65	20.30	4497332	90559776.00
2022/06/07	20.00	21.35	19.89	20.62	2961615	60324900.00
2022/06/08	20.30	20.31	19.51	19.77	1808800	35840516.00
2022/06/09	19.89	20.00	19.08	19.58	1231500	24001420.00
2022/06/10	19.61	21.54	19.39	21.54	3268800	67951736.00
2022/06/13	21.53	21.95	21.00	21.15	2445600	52407504.00
2022/06/14	21.24	22.12	20.92	22.00	2364917	51352504.00
2022/06/15	22.03	22.05	21.20	21.48	1527517	32843432.00
2022/06/16	21.48	21.87	21.32	21.79	1170849	25325648.00
2022/06/17	21.57	22.22	21.40	22.14	1366149	29960528.00
2022/06/20	22.28	22.55	21.88	21.99	1241100	27461064.00
2022/06/21	22.23	22.65	21.86	22.40	1881400	41871772.00
2022/06/22	22.21	23.16	22.04	22.70	1462216	33113190.00
2022/06/23	22.48	23.58	22.48	23.40	1767428	41024452.00
2022/06/24	23.11	24.20	22.73	22.85	2551000	59771700.00
2022/06/27	23.00	23.00	22.33	22.60	1744400	39353064.00
2022/06/28	22.60	22.88	22.10	22.37	1594500	35602872.00
2022/06/29	22.35	22.35	21.70	21.74	1298300	28419830.00
2022/06/30	21.95	22.16	21.60	21.60	1083900	23619696.00
2022/07/01	21.64	22.80	21.58	21.96	1688400	37370092.00
2022/07/04	21.96	22.73	21.55	22.48	1221200	27234170.00
2022/07/05	22.40	22.77	22.06	22.25	768800	17163806.00
2022/07/06	22.41	22.68	21.95	22.30	622500	13876927.00
2022/07/07	22.40	22.70	22.23	22.65	760600	17109740.00
2022/07/08	22.64	23.30	22.22	22.80	1298828	29578684.00
2022/07/11	22.49	23.00	22.04	22.63	917300	20743020.00
2022/07/12	22.60	22.99	21.89	21.99	1048754	23315404.00
2022/07/13	21.67	22.43	21.56	22.09	944000	20866320.00
2022/07/14	22.08	22.58	21.10	21.35	2331680	50502696.00
2022/07/15	21.22	21.44	20.80	21.08	1257117	26624256.00
2022/07/18	21.36	22.19	21.08	21.75	1944300	42308204.00
2022/07/19	21.96	22.10	21.26	21.55	1721900	37241056.00
2022/07/20	21.77	21.98	21.40	21.64	1183917	25632804.00
2022/07/21	21.79	21.80	20.92	21.50	1937028	41576844.00
2022/07/22	21.35	21.69	21.03	21.32	1149100	24479262.00
2022/07/25	21.62	21.90	20.83	20.90	1258199	26686098.00
2022/07/26	20.98	21.09	20.38	20.85	938300	19424864.00
2022/07/27	21.00	21.29	20.74	21.29	823523	17376140.00
2022/07/28	21.37	21.67	20.96	21.48	687817	14811804.00
2022/07/29	21.53	22.49	21.14	21.52	1084200	23727064.00
2022/08/01	21.56	21.56	21.01	21.25	954000	20243418.00
2022/08/02	21.27	21.27	20.30	20.80	1053945	21935114.00
2022/08/03	20.73	21.20	20.19	20.26	766615	15771949.00
2022/08/04	20.45	21.10	20.30	20.76	989515	20557180.00
2022/08/05	20.76	20.90	20.39	20.83	617500	12745918.00
2022/08/08	20.83	21.29	20.43	21.24	973600	20537264.00
2022/08/09	21.23	21.70	21.06	21.09	611800	12977654.00
2022/08/10	21.14	22.58	21.14	21.95	1801000	39227340.00
2022/08/11	21.95	22.97	21.58	22.42	2541800	57296024.00
2022/08/12	22.30	22.85	21.88	22.00	1651675	37004060.00
2022/08/15	21.73	22.31	21.73	21.96	1236400	27139000.00
2022/08/16	22.10	22.41	21.97	22.14	856000	18972188.00
2022/08/17	22.05	22.37	21.89	21.94	821575	18116960.00
2022/08/18	21.90	22.40	21.90	22.36	950900	21166152.00
2022/08/19	22.30	22.39	21.72	21.72	961026	21080644.00
2022/08/22	21.69	21.70	21.20	21.30	1049700	22399680.00
2022/08/23	21.30	21.70	21.04	21.45	901000	19287576.00
2022/08/24	21.70	21.70	20.10	20.16	1453100	29981952.00
2022/08/25	20.40	20.54	19.51	19.99	1791500	35683112.00
2022/08/26	19.77	20.31	19.53	19.62	831100	16455720.00
2022/08/29	19.61	19.96	19.05	19.92	675900	13375279.00
2022/08/30	20.12	20.12	19.51	19.62	631500	12428568.00
2022/08/31	19.56	19.87	19.04	19.20	1257100	24218688.00
2022/09/01	19.59	19.59	18.69	18.87	829300	15679384.00
2022/09/02	18.87	19.05	18.59	18.94	734875	13862439.00
2022/09/05	19.00	19.22	18.83	19.01	606800	11535222.00
2022/09/06	19.09	19.30	18.68	18.98	591400	11170862.00
2022/09/07	19.00	19.18	18.80	18.96	604975	11453074.00
2022/09/08	19.00	19.10	18.72	18.80	575700	10903916.00
2022/09/09	18.86	19.08	18.55	18.92	494100	9289158.00
2022/09/13	18.96	19.10	18.65	18.74	495000	9275019.00
2022/09/14	18.57	18.80	18.28	18.69	448000	8317307.00
2022/09/15	18.87	18.89	17.78	18.11	793900	14386508.00
2022/09/16	18.17	18.44	18.00	18.24	691400	12622556.00
2022/09/19	18.24	18.52	17.80	17.95	778100	14006713.00
2022/09/20	17.99	18.41	17.82	18.18	473000	8602042.00
2022/09/21	18.29	18.29	17.80	18.07	356500	6423025.00
2022/09/22	18.07	18.29	17.81	17.96	369000	6662619.00
2022/09/23	18.08	18.68	17.34	18.51	1108200	20268108.00
2022/09/26	18.30	18.30	17.60	17.68	1105100	19764718.00
2022/09/27	17.69	18.28	17.52	18.23	652000	11777369.00
2022/09/28	18.22	18.32	17.59	17.62	527600	9445820.00
2022/09/29	17.97	17.97	17.33	17.45	557300	9775754.00
2022/09/30	17.73	17.73	17.12	17.21	568200	9814229.00
2022/10/10	17.21	17.56	16.80	16.85	610400	10439093.00
2022/10/11	17.09	17.10	16.65	17.08	561185	9467066.00
2022/10/12	17.08	17.42	16.61	17.40	832200	14103585.00
2022/10/13	17.40	17.99	17.30	17.81	694400	12329208.00
2022/10/14	18.00	18.16	17.78	17.98	594300	10679301.00
2022/10/17	17.93	18.54	17.93	18.53	778500	14259837.00
2022/10/18	19.88	19.88	18.53	18.93	1518726	28997020.00
2022/10/19	18.74	19.03	18.70	18.84	614200	11568999.00
2022/10/20	18.84	19.03	18.50	18.60	473300	8866608.00
2022/10/21	18.88	19.19	18.61	18.86	320900	6051484.00
2022/10/24	18.85	19.08	18.41	18.65	740805	13891123.00
2022/10/25	18.58	18.90	18.31	18.65	608500	11349076.00
2022/10/26	18.72	19.07	18.67	19.01	687300	12991986.00
2022/10/27	19.37	19.66	18.93	19.00	759005	14618670.00
2022/10/28	18.90	19.07	18.50	18.70	682020	12779025.00
2022/10/31	18.75	19.47	18.51	19.24	858600	16468207.00
2022/11/01	19.40	19.99	18.88	19.93	994300	19600628.00
2022/11/02	20.00	20.22	19.50	20.05	702300	14097995.00
2022/11/03	19.73	20.05	19.67	20.00	555200	11034222.00
2022/11/04	19.98	20.30	19.83	20.19	672700	13553282.00
2022/11/07	20.40	20.40	19.88	20.06	669500	13437893.00
2022/11/08	20.25	20.25	19.62	19.85	696700	13770491.00
2022/11/09	19.84	19.98	19.65	19.72	519900	10293233.00
2022/11/10	21.38	21.69	20.53	21.69	4247800	90926432.00
2022/11/11	21.71	23.77	21.69	22.55	6518770	148468128.00
2022/11/14	22.49	22.49	21.01	21.16	3881091	83675176.00
2022/11/15	21.41	21.80	20.91	21.03	2492600	52991636.00
2022/11/16	21.03	21.20	20.81	20.97	1504800	31549624.00
2022/11/17	20.80	20.99	20.37	20.73	1317370	27131144.00
2022/11/18	20.73	21.26	20.51	20.64	1419700	29507840.00
2022/11/21	20.76	20.85	20.50	20.81	922200	19105756.00
2022/11/22	20.80	20.86	20.00	20.11	1102800	22400436.00
2022/11/23	20.01	20.19	19.45	20.05	1492228	29542442.00
2022/11/24	20.05	20.40	19.91	19.99	990968	20023252.00
2022/11/25	20.29	20.36	19.69	19.88	1037368	20658116.00
2022/11/28	20.00	20.00	19.09	19.77	740800	14563714.00
2022/11/29	19.72	19.97	19.61	19.80	1047600	20708152.00
2022/11/30	19.84	19.84	19.40	19.60	929600	18178908.00
2022/12/01	19.68	19.78	19.50	19.50	877019	17159700.00
2022/12/02	19.59	20.20	19.42	20.00	1403525	27964576.00
2022/12/05	20.05	20.95	19.80	20.82	2310691	47271504.00
2022/12/06	20.82	20.82	20.30	20.79	1046600	21547324.00
2022/12/07	20.55	20.79	20.40	20.55	830700	17061960.00
2022/12/08	20.40	20.51	20.08	20.17	836470	16958208.00
2022/12/09	20.24	20.70	19.90	20.10	1003910	20359618.00
2022/12/12	20.25	20.25	19.71	19.78	623900	12371343.00
2022/12/13	19.96	20.02	19.53	19.59	453100	8935536.00
2022/12/14	19.71	20.30	19.61	19.70	531300	10531727.00
2022/12/15	19.72	20.05	19.53	19.72	547700	10853969.00
2022/12/16	19.61	19.97	19.18	19.32	603000	11687475.00
2022/12/19	19.25	19.59	18.64	18.84	586100	11122132.00
2022/12/20	18.78	19.07	18.67	18.82	458800	8657072.00
2022/12/21	18.87	19.30	18.45	18.76	636500	11880775.00
2022/12/22	18.88	18.88	18.22	18.34	547300	10121413.00
2022/12/23	18.33	18.65	18.00	18.44	708800	12949970.00
2022/12/26	18.75	19.05	18.04	18.93	538200	10124582.00
2022/12/27	19.08	19.20	18.70	18.90	397300	7532605.00
2022/12/28	18.81	19.19	18.65	18.75	544000	10211478.00
2022/12/29	18.73	18.90	18.20	18.80	409130	7655618.00
2022/12/30	18.80	18.99	18.68	18.96	569500	10718283.00
2023/01/03	18.96	19.35	18.84	19.35	961400	18436792.00
2023/01/04	19.50	19.50	19.16	19.30	478300	9233245.00
2023/01/05	19.28	19.49	19.19	19.45	457430	8847902.00
2023/01/06	19.60	19.66	19.32	19.36	407200	7928982.00
2023/01/09	19.35	19.86	19.35	19.40	817700	16017306.00
2023/01/10	19.59	19.59	19.10	19.25	835100	16046717.00
2023/01/11	19.17	19.58	18.82	18.82	559200	10632895.00
2023/01/12	18.85	19.19	18.45	19.00	378400	7200491.00
2023/01/13	20.00	20.00	18.66	19.08	1329900	25506608.00
2023/01/16	19.00	19.50	19.00	19.23	1162100	22261124.00
2023/01/17	19.10	19.42	18.87	18.99	1006700	19133504.00
2023/01/18	19.12	19.54	18.93	19.44	958300	18457888.00
2023/01/19	19.30	19.52	19.14	19.31	620400	11950002.00
2023/01/20	19.42	19.91	19.25	19.76	915500	17994812.00
2023/01/30	19.90	21.74	19.89	21.74	2470400	52133836.00
2023/01/31	22.36	22.38	21.00	21.96	4547600	97931584.00
2023/02/01	21.79	21.98	21.46	21.82	2667778	57800996.00
2023/02/02	21.79	21.80	21.52	21.70	1554000	33630848.00
2023/02/03	21.70	21.87	21.33	21.87	1792200	38766092.00
2023/02/06	21.91	22.59	21.69	22.28	3089480	68431456.00
2023/02/07	22.04	22.77	22.01	22.57	1881700	42242000.00
2023/02/08	22.61	23.08	22.41	22.68	1876800	42787484.00
2023/02/09	22.69	23.18	22.50	22.73	1617800	36878352.00
2023/02/10	22.90	23.15	22.69	22.99	1554300	35682104.00
数据来源:通达信
