603843 正平股份 日线 不复权
      日期	    开盘	    最高	    最低	    收盘	    成交量	    成交额
2016/09/05	6.04	7.24	6.04	7.24	28800	206832.00
2016/09/06	7.96	7.96	7.96	7.96	12885	102564.60
2016/09/07	8.76	8.76	8.76	8.76	14000	122640.00
2016/09/08	9.64	9.64	9.64	9.64	12731	122726.84
2016/09/09	10.60	10.60	10.60	10.60	48900	518340.00
2016/09/12	11.66	11.66	11.66	11.66	117343	1368219.38
2016/09/13	12.83	12.83	12.83	12.83	72242	926864.88
2016/09/14	14.11	14.11	14.11	14.11	87349	1232494.38
2016/09/19	15.52	15.52	15.52	15.52	224000	3476480.00
2016/09/20	17.07	17.07	17.07	17.07	364462	6221366.00
2016/09/21	18.78	18.78	18.78	18.78	353865	6645585.00
2016/09/22	20.66	20.66	20.66	20.66	382292	7898153.00
2016/09/23	22.73	22.73	22.73	22.73	388826	8838015.00
2016/09/26	25.00	25.00	20.46	20.46	48997349	1059596416.00
2016/09/27	19.75	19.98	18.55	19.41	36133445	700256640.00
2016/09/28	19.25	19.68	18.49	18.52	24309123	461032128.00
2016/09/29	18.20	19.16	18.09	18.37	20189343	375645568.00
2016/09/30	18.10	18.17	17.10	17.23	23454144	412054464.00
2016/10/10	17.32	17.64	17.11	17.51	14501125	252730688.00
2016/10/11	17.42	18.75	17.33	18.38	23030934	414070912.00
2016/10/12	17.96	18.89	17.88	18.31	22462936	414914880.00
2016/10/13	18.15	18.35	17.80	17.83	13819137	248723280.00
2016/10/14	18.00	18.19	17.84	18.10	10262281	185160928.00
2016/10/17	18.13	18.18	17.36	17.56	11692965	207060160.00
2016/10/18	17.80	17.93	17.53	17.87	9793183	173633664.00
2016/10/19	17.78	18.76	17.73	18.40	22662703	413370368.00
2016/10/20	18.20	18.29	17.88	17.92	13590232	244656192.00
2016/10/21	17.88	18.08	17.42	17.88	9909435	176369920.00
2016/10/24	17.89	18.38	17.60	18.07	11850988	213296416.00
2016/10/25	18.09	19.88	17.97	19.88	28724718	548472576.00
2016/10/26	20.09	20.09	18.97	19.40	31103152	604202432.00
2016/10/27	19.36	21.29	19.03	20.67	41510751	844858112.00
2016/10/28	20.21	22.66	20.08	22.03	45230566	979709696.00
2016/10/31	21.40	21.40	20.30	20.46	26164392	542078336.00
2016/11/01	20.08	21.91	20.01	21.12	26526175	564236160.00
2016/11/02	21.28	23.23	20.51	22.52	45814368	1021838272.00
2016/11/03	21.99	24.77	21.77	24.47	53605598	1253285376.00
2016/11/04	23.82	26.92	23.82	26.92	49762103	1299170560.00
2016/11/07	27.79	29.61	27.73	29.61	58702371	1698964992.00
2016/11/08	30.30	30.30	27.01	28.42	46592846	1325371648.00
2016/11/09	28.56	30.43	28.00	28.97	52603903	1533917824.00
2016/11/10	28.33	31.87	28.32	31.87	43590886	1337430016.00
2016/11/11	33.00	34.39	30.08	30.63	60490295	1945982208.00
2016/11/14	29.00	29.63	27.63	28.04	30831693	872106496.00
2016/11/15	28.30	29.35	28.05	28.87	26856213	773203456.00
2016/11/16	28.33	28.49	27.00	27.16	24031769	657370944.00
2016/11/17	27.26	27.66	26.60	27.01	13971170	378193408.00
2016/11/18	26.90	27.46	26.65	26.91	12869629	347864896.00
2016/11/21	26.89	28.10	25.90	28.05	25742159	698785984.00
2016/11/22	27.50	28.62	27.35	27.81	18588472	521585088.00
2016/11/23	27.72	28.36	27.00	27.17	14625582	403004480.00
2016/11/24	26.90	27.36	25.90	26.08	13430403	354396992.00
2016/11/25	26.20	26.89	24.88	26.64	14060320	368379808.00
2016/11/28	26.40	26.69	25.86	25.99	8458398	222038496.00
2016/11/29	25.77	26.30	25.01	25.12	9245112	235743072.00
2016/11/30	24.88	25.25	24.10	24.66	8131767	200566400.00
2016/12/01	24.66	26.98	24.40	26.79	19202044	494906816.00
2016/12/02	26.33	28.20	26.21	26.87	27216529	742838592.00
2016/12/05	26.00	26.75	25.21	25.59	13475395	347458208.00
2016/12/06	25.72	26.99	25.72	26.51	14523638	385487104.00
2016/12/07	26.25	27.79	26.10	27.19	14900021	404156704.00
2016/12/08	27.00	27.34	26.22	26.36	11656626	310345376.00
2016/12/09	26.00	26.00	24.80	24.95	12018383	304926016.00
2016/12/12	24.60	25.30	23.45	23.57	10268989	251538288.00
2016/12/13	23.63	24.45	22.50	24.03	10695956	250266576.00
2016/12/14	23.80	24.06	23.00	23.14	7527426	177199792.00
2016/12/15	23.00	23.78	23.00	23.37	7070332	165543648.00
2016/12/16	23.39	25.44	23.01	25.01	15930768	387264832.00
2016/12/19	24.60	24.78	23.75	24.02	9596643	232128704.00
2016/12/20	23.88	24.99	23.88	24.39	10507141	257826400.00
2016/12/21	24.20	24.88	24.15	24.65	8277340	202471744.00
2016/12/22	24.60	24.62	24.17	24.27	5505026	134038032.00
2016/12/23	24.01	24.14	23.00	23.03	8189767	191764976.00
2016/12/26	22.61	23.58	22.36	23.34	6117320	141233920.00
2016/12/27	23.22	23.47	22.91	22.94	4673131	108060712.00
2016/12/28	22.96	23.13	22.38	22.39	4834540	109482088.00
2016/12/29	22.39	22.65	22.15	22.18	3890394	87296912.00
2016/12/30	22.30	22.44	20.60	21.05	8229712	174646288.00
2017/01/03	21.05	21.48	20.80	21.18	4941088	104164096.00
2017/01/04	21.16	21.35	20.91	21.27	4830636	102273432.00
2017/01/05	21.21	21.39	20.80	20.82	5585343	117407424.00
2017/01/06	20.80	20.80	19.40	19.52	8902113	177656368.00
2017/01/09	19.60	19.64	18.61	19.15	6637709	126461472.00
2017/01/10	19.10	19.96	19.01	19.38	7999803	157070208.00
2017/01/11	19.25	19.51	18.80	18.92	4991273	95242696.00
2017/01/12	18.93	19.25	18.52	18.63	4555840	85824672.00
2017/01/13	18.76	18.98	17.92	18.00	5247778	95767168.00
2017/01/16	17.79	18.17	16.20	16.61	7581349	128711312.00
2017/01/17	16.56	17.88	15.55	17.39	10426371	175134224.00
2017/01/18	17.28	17.28	16.61	16.70	5770466	97428208.00
2017/01/19	16.60	17.49	16.50	16.94	7733976	132335272.00
2017/01/20	16.74	17.45	16.51	17.17	6191505	106280752.00
2017/01/23	17.39	17.50	17.21	17.36	4520992	78576312.00
2017/01/24	17.44	17.56	17.13	17.18	3859668	66750980.00
2017/01/25	17.29	17.47	17.10	17.44	3859984	66973472.00
2017/01/26	17.60	17.69	17.31	17.41	3178584	55450952.00
2017/02/03	17.45	17.55	17.20	17.39	2633234	45780672.00
2017/02/06	17.41	18.33	17.41	18.23	7702698	137942064.00
2017/02/07	18.23	18.24	17.82	18.11	6906900	124425312.00
2017/02/08	18.10	18.48	17.88	18.33	6636986	121436528.00
2017/02/09	18.20	18.98	18.20	18.80	7661487	142764800.00
2017/02/10	18.86	19.00	18.36	18.47	7767849	145425728.00
2017/02/13	18.48	18.79	18.21	18.61	5829930	108263216.00
2017/02/14	18.57	18.65	18.22	18.40	5151812	94734448.00
2017/02/15	18.42	18.97	18.25	18.57	8333954	155389136.00
2017/02/16	18.40	18.47	18.10	18.32	5458062	99693240.00
2017/02/17	18.20	18.95	18.20	18.32	6716542	124509416.00
2017/02/20	18.22	18.36	17.80	18.04	4779056	86077112.00
2017/02/21	18.04	18.25	18.04	18.19	3417721	62096100.00
2017/02/22	18.20	19.95	18.12	19.29	14510314	277669184.00
2017/02/23	19.11	19.19	18.80	19.02	8513447	161369152.00
2017/02/24	18.88	19.19	18.82	19.04	6140945	116956576.00
2017/02/27	19.03	19.28	18.62	18.69	5616702	106627536.00
2017/02/28	18.75	18.99	18.52	18.84	4142600	77489472.00
2017/03/01	18.74	19.27	18.70	18.89	5248938	99719376.00
2017/03/02	18.87	19.07	18.61	18.87	5503572	103592544.00
2017/03/03	18.85	18.85	18.48	18.64	3834360	71390944.00
2017/03/06	18.62	19.10	18.62	19.08	5026015	94962928.00
2017/03/07	19.09	19.39	18.99	19.36	8604840	165384880.00
2017/03/08	19.39	20.90	19.25	20.49	19216591	385263232.00
2017/03/09	20.30	20.30	19.68	20.03	11671507	233187472.00
2017/03/10	20.00	20.39	19.85	20.03	7533797	151347184.00
2017/03/13	19.99	20.00	19.33	19.84	5978954	117632416.00
2017/03/14	19.89	20.18	19.43	19.74	6977130	138485824.00
2017/03/15	19.63	19.63	19.34	19.37	5320856	103492728.00
2017/03/16	19.45	20.11	19.44	20.10	9041957	179326192.00
2017/03/17	20.14	20.18	19.51	19.59	8305057	164772624.00
2017/03/20	19.36	19.77	19.33	19.77	4670130	91504720.00
2017/03/21	19.65	19.90	19.58	19.89	5144262	101519536.00
2017/03/22	19.67	20.29	19.50	20.09	9611438	191123776.00
2017/03/23	20.15	21.85	19.90	21.20	27926026	586299648.00
2017/03/24	20.90	21.13	20.56	20.81	15948591	331957504.00
2017/03/27	20.65	20.81	20.21	20.32	9082730	185472912.00
2017/03/28	20.24	20.65	20.09	20.22	6453564	131517120.00
2017/03/29	20.15	20.35	19.50	19.57	8768197	174120304.00
2017/03/30	19.14	19.40	18.00	18.06	9922193	184267408.00
2017/03/31	18.00	18.39	17.71	17.97	4728500	85537840.00
2017/04/05	18.22	18.62	18.11	18.56	4591131	84545640.00
2017/04/06	18.90	19.48	18.78	18.89	7196927	137904688.00
2017/04/07	18.70	18.88	18.32	18.83	5186734	96224856.00
2017/04/10	18.68	18.79	18.00	18.07	5270758	96866784.00
2017/04/11	18.05	18.38	17.51	18.19	5354757	96165672.00
2017/04/12	18.63	18.64	18.15	18.16	4675482	86149952.00
2017/04/13	17.90	18.29	17.70	17.98	3101093	55905012.00
2017/04/14	17.83	17.88	17.09	17.20	4817404	84002024.00
2017/04/17	16.85	16.85	15.60	16.40	3562506	58165832.00
2017/04/18	16.30	16.81	16.17	16.20	2589500	42725416.00
2017/04/19	16.20	16.57	16.01	16.53	2974842	48569700.00
2017/04/20	16.39	16.60	15.98	16.18	2229380	36380152.00
2017/04/21	16.33	16.33	16.11	16.15	1325600	21464570.00
2017/04/24	16.10	16.10	15.18	15.20	2883500	44576912.00
2017/04/25	15.17	15.46	15.17	15.28	2044519	31291736.00
2017/04/26	15.45	16.50	15.24	15.72	4113914	65169216.00
2017/04/27	15.49	16.08	15.40	15.95	4026504	63702796.00
2017/04/28	15.73	15.94	15.69	15.82	2487835	39360136.00
2017/05/02	15.70	15.97	15.70	15.87	2020642	32046714.00
2017/05/03	15.78	16.01	15.75	15.92	2267800	36022224.00
2017/05/04	15.91	15.91	15.17	15.45	3058900	47545776.00
2017/05/05	15.40	15.46	15.02	15.04	2644175	40231608.00
2017/05/08	15.02	15.05	14.00	14.04	3307514	48187472.00
2017/05/09	14.03	14.32	13.88	14.25	2284765	32334544.00
2017/05/10	14.33	14.76	14.15	14.18	2905756	41914220.00
2017/05/11	14.04	14.04	13.20	13.87	3374261	46311316.00
2017/05/12	13.87	13.96	13.59	13.76	2172380	29905784.00
2017/05/15	13.98	14.01	13.70	13.72	1996542	27667872.00
2017/05/16	13.60	14.12	13.39	14.06	3639016	49868264.00
2017/05/17	13.96	15.47	13.94	15.47	6101734	89539176.00
2017/05/18	15.41	16.35	15.09	15.67	12348162	195075808.00
2017/05/19	15.34	15.54	15.15	15.16	5134727	78310360.00
2017/05/22	14.97	15.19	14.03	14.40	4058752	59695244.00
2017/05/23	14.34	14.49	13.50	13.55	3402340	47499944.00
2017/05/24	13.37	14.00	13.10	13.86	3348056	45770248.00
2017/05/25	13.75	14.10	13.41	13.90	2979666	41188132.00
2017/05/26	14.14	15.29	13.95	14.87	6438025	94313072.00
2017/05/31	14.93	15.28	14.71	15.00	7418420	111509872.00
2017/06/01	14.75	14.93	13.80	13.83	4656779	66742672.00
2017/06/02	13.50	14.40	13.40	14.21	3037100	42666088.00
2017/06/05	14.37	14.69	14.30	14.33	2964826	43017664.00
2017/06/06	14.40	14.69	14.34	14.56	2706542	39263240.00
2017/06/07	14.64	15.06	14.42	14.90	4785616	70843728.00
2017/06/08	14.85	15.19	14.58	14.59	4187514	61923488.00
2017/06/09	14.68	14.79	14.24	14.42	3287658	47514980.00
2017/06/12	14.31	14.40	13.92	13.96	3183240	44847024.00
2017/06/13	13.96	14.44	13.96	14.25	2694800	38454720.00
2017/06/14	14.25	15.18	14.00	14.84	7638150	112390808.00
2017/06/15	14.64	15.27	14.64	15.10	8175479	123024920.00
2017/06/16	15.10	15.25	14.77	14.85	4911305	73588112.00
2017/06/19	14.86	15.07	14.71	14.95	3005772	44660192.00
2017/06/20	15.06	15.06	14.71	14.79	3090994	45873300.00
2017/06/21	14.86	15.10	14.65	14.89	3489000	51954808.00
2017/06/22	14.79	14.92	14.17	14.21	3932700	57366516.00
2017/06/23	14.20	14.37	13.95	14.29	2582208	36556312.00
2017/06/26	14.27	14.35	14.08	14.29	2012509	28639190.00
2017/06/27	14.33	14.75	14.15	14.47	3217320	46368096.00
2017/06/28	14.26	14.42	14.11	14.14	2175720	30944964.00
2017/06/29	14.14	14.21	14.06	14.07	2131588	30119106.00
2017/06/30	14.06	14.33	13.97	14.15	2171051	30661212.00
2017/07/03	14.15	14.27	14.09	14.24	1459052	20709068.00
2017/07/04	14.20	14.28	14.10	14.13	1232842	17470236.00
2017/07/05	14.13	14.35	14.13	14.29	1984700	28297316.00
2017/07/06	14.31	14.37	14.11	14.29	2498692	35623312.00
2017/07/07	14.30	14.62	14.21	14.47	3792666	54693728.00
2017/07/10	14.37	14.45	13.96	14.04	3860648	54632396.00
2017/07/11	14.01	14.09	13.77	13.79	2214547	30850618.00
2017/07/12	13.77	13.88	13.41	13.75	2043177	27801688.00
2017/07/13	13.75	15.13	13.61	15.13	12408671	182276400.00
2017/07/14	15.13	15.25	14.63	14.77	11318914	167990128.00
2017/07/17	14.60	14.60	13.29	13.29	9698593	133491568.00
2017/07/18	13.06	13.58	13.00	13.47	4905143	65115832.00
2017/07/19	13.30	13.87	13.12	13.67	5283724	71068800.00
2017/07/20	13.50	13.69	13.25	13.34	5051432	67998816.00
2017/07/21	13.25	13.48	13.25	13.30	2635018	35187944.00
2017/07/24	13.25	13.38	13.02	13.24	2796000	36844032.00
2017/07/25	13.24	13.48	13.14	13.27	2107592	28086404.00
2017/07/26	13.21	13.36	13.06	13.18	1937600	25540380.00
2017/07/27	13.13	13.49	13.13	13.39	3073934	40984576.00
2017/07/28	13.44	13.46	13.21	13.23	2070250	27579944.00
2017/07/31	13.21	13.31	13.15	13.20	1721300	22772496.00
2017/08/01	13.20	13.45	13.07	13.33	2978729	39356276.00
2017/08/02	13.23	13.38	13.19	13.26	2212200	29347464.00
2017/08/03	13.30	13.49	13.30	13.41	2905384	38999624.00
2017/08/04	13.38	13.51	13.26	13.28	2656522	35469696.00
2017/08/07	13.28	13.38	13.22	13.26	1519600	20174942.00
2017/08/08	13.26	13.35	13.13	13.21	1938996	25548436.00
2017/08/09	13.33	13.36	13.15	13.20	1283080	16979660.00
2017/08/10	13.19	13.20	13.00	13.05	2166450	28348902.00
2017/08/11	12.98	12.98	12.43	12.44	3330251	41980804.00
2017/08/14	12.40	12.72	12.39	12.51	1749100	21964382.00
2017/08/15	12.57	12.80	12.52	12.70	1853093	23486176.00
2017/08/16	12.61	12.84	12.61	12.82	1949413	24848186.00
2017/08/17	13.10	13.10	12.78	12.82	1876835	24136476.00
2017/08/18	12.71	12.82	12.60	12.71	1787961	22677332.00
2017/08/21	12.70	12.89	12.61	12.83	1880502	24024734.00
2017/08/22	12.83	13.20	12.74	12.98	3169173	41071584.00
2017/08/23	12.90	13.13	12.66	12.87	2612145	33620460.00
2017/08/24	12.77	12.85	12.60	12.61	1853830	23517220.00
2017/08/25	12.57	12.80	12.57	12.74	1623772	20646416.00
2017/08/28	12.78	13.08	12.78	12.96	2971943	38457052.00
2017/08/29	12.95	13.29	12.88	13.04	5072354	66315808.00
2017/08/30	12.80	12.99	12.70	12.75	3385970	43332876.00
2017/08/31	12.76	13.05	12.76	13.00	3329329	43037008.00
2017/09/01	13.08	13.08	12.81	12.86	2507542	32313544.00
2017/09/04	12.82	12.82	12.62	12.72	3086449	39138484.00
2017/09/05	12.75	12.86	12.65	12.76	2335229	29743030.00
2017/09/06	12.72	12.78	12.54	12.72	2468700	31194530.00
2017/09/07	12.70	12.92	12.62	12.79	3394230	43417112.00
2017/09/08	12.72	12.72	12.13	12.38	12126400	149291936.00
2017/09/11	12.34	13.45	12.18	13.06	13225307	169513120.00
2017/09/12	12.92	13.15	12.86	13.05	6385252	83159440.00
2017/09/13	13.04	13.11	12.90	13.09	4388830	57179568.00
2017/09/14	13.08	13.65	13.06	13.38	11198370	150224208.00
2017/09/15	13.37	13.90	13.32	13.71	11720922	160217536.00
2017/09/18	13.75	14.15	13.50	14.08	9278092	128892136.00
2017/09/19	14.33	14.34	13.76	13.82	9309400	130823232.00
2017/09/20	13.78	14.06	13.58	13.93	7201081	99406840.00
2017/09/21	13.82	14.31	13.78	14.00	7017009	99337352.00
2017/09/22	14.00	14.18	13.72	14.07	5151904	72239440.00
2017/09/25	14.14	14.65	14.02	14.56	7150685	102934304.00
2017/09/26	14.54	15.22	14.34	15.11	10306055	152953344.00
2017/09/27	15.01	15.21	14.85	15.02	10197131	153686128.00
2017/09/28	14.94	15.04	14.75	14.89	7200236	107206784.00
2017/09/29	14.89	15.04	14.64	14.80	5627842	83281064.00
2017/10/09	14.85	15.65	14.85	15.61	7477929	115036048.00
2017/10/10	15.60	16.27	15.41	16.19	7251187	116550880.00
2017/10/11	16.16	16.48	15.91	16.18	5651661	91464064.00
2017/10/12	16.21	16.48	16.14	16.47	4444425	72469392.00
2017/10/13	16.49	16.70	16.15	16.17	4660600	76236304.00
2017/10/16	16.01	16.36	15.74	16.03	3947689	63618876.00
2017/10/17	15.93	16.60	15.81	16.41	3542700	57678056.00
2017/10/18	16.42	17.52	16.31	17.19	6823700	116608224.00
2017/10/19	16.94	17.49	16.67	17.05	3055670	52079984.00
2017/10/20	16.98	17.38	16.79	17.36	2792750	47824208.00
2017/10/23	17.56	17.56	17.23	17.39	2112274	36724664.00
2017/10/24	17.36	17.44	16.45	16.74	4980656	84208472.00
2017/10/25	16.51	16.88	16.01	16.69	3902544	64405096.00
2017/10/26	16.51	17.07	16.50	16.83	2515142	42177728.00
2017/10/27	16.79	17.19	16.65	17.09	2543200	43395484.00
2017/10/30	16.81	16.89	16.35	16.68	3660261	60970008.00
2017/10/31	16.80	18.29	16.61	17.88	5306417	92560128.00
2017/11/01	17.87	18.07	17.37	17.53	3081314	54156060.00
2017/11/02	17.53	17.69	17.03	17.45	1908823	33281048.00
2017/11/03	17.55	17.55	17.09	17.39	1847514	31908808.00
2017/11/06	17.56	17.59	17.20	17.49	1594800	27765668.00
2017/11/07	17.10	17.58	17.10	17.44	2243464	38898352.00
2017/11/08	17.43	17.57	17.28	17.40	1529850	26621994.00
2017/11/09	17.25	17.86	17.11	17.81	2545250	44735236.00
2017/11/10	17.74	17.99	17.69	17.90	1828420	32614414.00
2017/11/13	17.95	18.20	17.00	17.54	2505898	44150640.00
2017/11/14	17.61	18.10	17.00	17.59	3057650	53521312.00
2017/11/15	17.59	17.59	17.22	17.39	1340100	23263388.00
2017/11/16	17.35	17.49	16.80	17.14	3028243	51953624.00
2017/11/17	17.02	17.30	16.80	17.16	2609513	44466808.00
2017/11/20	16.90	17.16	15.44	15.91	7543691	118413704.00
2017/11/21	15.88	16.70	15.45	16.39	5349959	84520792.00
2017/12/06	16.30	16.58	14.75	16.30	6634867	101720784.00
2017/12/07	16.09	16.30	15.55	16.22	4447956	70803120.00
2017/12/08	16.11	16.11	15.05	15.50	9405900	145471552.00
2017/12/11	15.37	15.38	13.95	14.72	25017732	353755392.00
2017/12/12	14.10	14.39	14.05	14.10	6134923	87113472.00
2017/12/13	14.15	14.28	14.10	14.12	3254792	46067568.00
2017/12/14	14.30	14.31	14.08	14.20	3142724	44461248.00
2017/12/15	14.15	14.18	14.10	14.11	1951274	27571014.00
2017/12/18	14.10	14.22	14.09	14.12	1787201	25251868.00
2017/12/19	14.12	14.16	13.95	14.12	2661600	37348304.00
2017/12/20	14.09	14.14	14.00	14.07	2701600	37941232.00
2017/12/21	14.08	14.10	14.00	14.05	1627800	22835062.00
2017/12/22	14.02	14.11	14.01	14.08	1698700	23859082.00
2017/12/25	14.08	14.13	14.02	14.11	1477700	20786060.00
2017/12/26	14.15	14.30	14.05	14.28	1619705	22944474.00
2017/12/27	14.35	14.89	14.15	14.59	2750105	39939156.00
2017/12/28	14.59	14.70	14.35	14.63	2480300	36165488.00
2017/12/29	14.63	14.74	14.54	14.67	1041100	15205371.00
2018/01/02	14.68	14.73	14.56	14.68	1407173	20630506.00
2018/01/03	14.75	14.78	14.43	14.58	1712800	24914862.00
2018/01/04	14.47	14.69	14.46	14.59	1069100	15516900.00
2018/01/05	14.59	14.80	14.44	14.78	1662200	24238112.00
2018/01/08	14.77	15.64	14.70	15.40	3566700	54719272.00
2018/01/09	15.35	15.55	15.09	15.19	2807150	42916544.00
2018/01/10	15.19	15.20	14.88	15.08	2258923	33979796.00
2018/01/11	15.10	15.21	14.88	15.00	2835723	42862228.00
2018/01/12	15.23	15.24	14.80	15.02	1679802	25123004.00
2018/01/15	15.47	15.48	14.98	15.09	6081577	92233480.00
2018/01/16	15.17	15.30	14.68	15.07	2905000	43262320.00
2018/01/17	15.07	15.07	14.68	14.86	1403423	20784460.00
2018/01/18	14.82	14.88	14.67	14.87	1693023	25012600.00
2018/01/19	14.79	14.79	14.46	14.68	2053800	30004916.00
2018/01/22	16.15	16.15	14.68	14.75	5746200	87442008.00
2018/01/23	14.50	14.50	14.08	14.14	4082400	58116596.00
2018/01/24	14.22	14.28	14.07	14.18	1847900	26149260.00
2018/01/25	14.19	14.29	14.11	14.17	1793200	25454212.00
2018/01/26	14.20	14.20	14.11	14.18	2697342	38133156.00
2018/01/29	14.17	14.19	14.06	14.18	2706100	38235184.00
2018/01/30	14.18	14.18	13.97	14.12	4701500	66099884.00
2018/01/31	14.16	14.17	13.97	14.16	3824600	53794188.00
2018/02/01	14.17	14.18	13.49	14.05	5863301	81511568.00
2018/02/02	14.05	14.05	13.70	13.85	2336500	32313708.00
2018/02/05	13.82	13.89	13.49	13.76	4184042	56974680.00
2018/02/06	13.76	13.76	12.38	12.38	3000600	39348980.00
2018/06/12	11.20	12.89	11.20	12.37	13977060	167361328.00
2018/06/13	11.99	12.80	11.99	12.63	6630424	83298208.00
2018/06/14	12.40	12.88	12.21	12.69	5031398	63827896.00
2018/06/15	12.69	12.80	11.42	11.42	3175700	37732428.00
2018/06/19	11.44	11.80	11.00	11.43	20975056	240415488.00
2018/06/20	11.49	11.65	11.30	11.50	7900173	90430792.00
2018/06/21	11.55	11.60	11.07	11.18	7931470	90185856.00
2018/06/22	11.19	11.47	11.17	11.35	2906628	32667048.00
2018/06/25	11.45	11.48	11.31	11.37	2259400	25750152.00
2018/06/26	11.37	11.48	11.16	11.39	3527091	39698240.00
2018/06/27	11.40	11.47	11.32	11.41	2000500	22802424.00
2018/06/28	11.44	11.44	11.30	11.42	2790943	31755872.00
2018/06/29	11.42	11.51	11.36	11.46	1238000	14168024.00
2018/07/02	11.46	11.60	11.19	11.41	2162291	24552618.00
2018/07/03	11.41	11.43	11.31	11.41	1486801	16902464.00
2018/07/04	11.41	11.43	11.22	11.30	2754259	31121608.00
2018/07/05	10.17	10.17	10.17	10.17	788400	8018028.00
2018/07/06	9.15	9.15	9.15	9.15	391500	3582225.00
2018/07/09	8.24	8.24	8.24	8.24	627900	5173896.00
2018/07/10	7.42	7.79	7.42	7.58	30912618	230124464.00
2018/07/11	7.50	8.34	7.42	8.34	45467069	359681472.00
2018/07/12	8.00	9.17	8.00	8.55	38801837	329932576.00
2018/07/13	8.35	8.85	8.15	8.21	23949612	201344080.00
2018/07/16	8.18	8.20	7.87	7.99	14608566	116543432.00
2018/07/17	8.01	8.28	7.92	8.23	16394208	133173240.00
2018/07/18	8.14	8.16	7.95	7.98	10198540	82097728.00
2018/07/19	7.92	7.96	7.56	7.87	11556000	89804528.00
2018/07/20	7.75	7.87	7.71	7.78	7893102	61534232.00
2018/07/23	7.83	7.94	7.72	7.89	8566502	67159240.00
2018/07/24	7.97	8.68	7.97	8.68	7788623	66174088.00
2018/07/25	9.55	9.55	9.55	9.55	2568683	24530924.00
2018/07/26	9.80	10.51	9.00	9.96	45716061	458187840.00
2018/07/27	9.80	9.80	8.96	8.96	32980129	307888192.00
2018/07/30	8.73	9.23	8.63	8.72	18817548	167634864.00
2018/07/31	8.59	9.08	8.34	9.00	19128573	166408176.00
2018/08/01	8.96	9.80	8.82	9.22	29116682	272098944.00
2018/08/02	9.19	9.80	8.51	9.77	26688875	241565056.00
2018/08/03	9.47	9.79	9.28	9.37	22787136	216768640.00
2018/08/06	9.09	9.65	8.92	9.25	14283776	132199144.00
2018/08/07	9.01	9.58	9.01	9.48	17971992	168009856.00
2018/08/08	9.40	9.76	9.27	9.44	20685900	196971872.00
2018/08/09	9.26	9.59	9.00	9.45	17562110	164087744.00
2018/08/10	9.40	9.58	9.12	9.15	14054286	130606344.00
2018/08/13	8.92	8.98	8.28	8.68	15401251	133494632.00
2018/08/14	8.75	8.95	8.66	8.67	10065334	88565584.00
2018/08/15	8.63	8.92	8.49	8.50	11353838	99092048.00
2018/08/16	8.23	8.47	8.00	8.23	9263007	76473848.00
2018/08/17	8.38	8.43	7.70	7.84	9016938	72691584.00
2018/08/20	7.89	7.96	7.55	7.83	6600938	51104416.00
2018/08/21	7.81	8.05	7.71	8.05	8475607	67178976.00
2018/08/22	8.07	8.07	7.76	7.76	6741300	53266788.00
2018/08/23	7.73	7.86	7.64	7.82	5579800	43361280.00
2018/08/24	7.99	8.60	7.90	8.60	13650138	112512912.00
2018/08/27	9.00	9.46	8.70	9.28	41836663	388297888.00
2018/08/28	8.88	8.96	8.36	8.43	31281573	269985664.00
2018/08/29	8.36	8.58	8.31	8.45	15499771	131209904.00
2018/08/30	8.45	8.93	8.25	8.58	19496271	166659328.00
2018/08/31	8.67	9.18	8.58	8.99	27653100	246832464.00
2018/09/03	8.80	9.17	8.48	9.09	20991419	185395008.00
2018/09/04	9.00	9.13	8.83	8.91	16365832	146507744.00
2018/09/05	8.80	8.87	8.56	8.65	14263542	124223416.00
2018/09/06	8.61	8.73	8.24	8.40	12430151	105533048.00
2018/09/07	8.34	8.95	8.26	8.70	16155334	139276800.00
2018/09/10	8.58	8.87	8.51	8.57	14243871	124035344.00
2018/09/11	8.52	8.63	8.19	8.33	11136030	92740104.00
2018/09/12	8.42	8.45	8.20	8.22	7818642	64792584.00
2018/09/13	8.46	8.56	8.21	8.33	7888100	65828264.00
2018/09/14	8.30	8.32	7.97	8.01	8592600	69958360.00
2018/09/17	7.91	8.14	7.81	8.09	6969900	55488132.00
2018/09/18	7.95	8.90	7.93	8.90	15157723	128807392.00
2018/09/19	9.79	9.79	9.50	9.79	59776052	581451840.00
2018/09/20	9.64	9.96	9.13	9.46	52455715	499477344.00
2018/09/21	9.35	9.60	9.20	9.40	31090766	292077664.00
2018/09/25	9.23	9.77	9.21	9.46	27554492	262925472.00
2018/09/26	9.31	9.62	9.31	9.38	19698777	186405232.00
2018/09/27	9.39	9.98	9.31	9.68	35414273	342032096.00
2018/09/28	9.54	9.65	9.21	9.55	19391294	183458528.00
2018/10/08	9.33	9.75	9.22	9.28	17161860	162228864.00
2018/10/09	9.39	9.59	9.25	9.47	14268500	134191040.00
2018/10/10	9.40	9.67	9.25	9.39	17430042	165436368.00
2018/10/11	9.10	10.33	9.02	9.50	38834121	377480704.00
2018/10/12	9.10	9.30	8.58	8.82	26787807	239646656.00
2018/10/15	8.82	8.97	8.20	8.30	17759300	153511552.00
2018/10/16	8.29	8.60	8.08	8.50	15165493	126643080.00
2018/10/17	8.62	8.79	8.42	8.72	14876862	127718520.00
2018/10/18	8.57	8.57	8.14	8.18	14036900	117386896.00
2018/10/19	7.80	8.41	7.50	8.41	12801102	104023272.00
2018/10/22	8.40	9.25	8.40	8.83	20482039	181714128.00
2018/10/23	8.88	9.18	8.63	8.72	17875068	159441360.00
2018/10/24	8.71	9.01	8.65	8.81	12467600	110270360.00
2018/10/25	8.40	8.85	8.34	8.62	10183008	87958040.00
2018/10/26	8.71	8.88	8.42	8.59	8226700	71390504.00
2018/10/29	8.51	8.67	8.35	8.49	6739100	57512264.00
2018/10/30	8.40	8.64	8.18	8.53	9034144	76272040.00
2018/10/31	8.60	9.15	8.51	8.79	15924595	141031008.00
2018/11/01	8.95	8.96	8.72	8.80	15646608	138308400.00
2018/11/02	8.85	9.00	8.73	9.00	17429960	154845920.00
2018/11/05	8.97	9.06	8.76	9.00	14057900	125368816.00
2018/11/06	8.96	9.35	8.73	9.22	21581000	196214656.00
2018/11/07	9.06	9.16	8.91	8.92	16060065	145057056.00
2018/11/08	8.92	9.00	8.63	8.68	11014900	97343960.00
2018/11/09	8.73	9.05	8.63	8.75	9601560	85109728.00
2018/11/12	8.58	8.99	8.52	8.95	11344500	99722808.00
2018/11/13	8.85	9.18	8.80	9.12	17061895	154178944.00
2018/11/14	9.06	9.29	8.95	9.07	15351242	139843824.00
2018/11/15	9.10	9.35	9.05	9.34	18157351	167208000.00
2018/11/16	9.35	9.36	9.16	9.21	15321200	141615344.00
2018/11/19	9.20	9.58	9.05	9.53	20363630	190253312.00
2018/11/20	9.38	9.46	9.11	9.14	13728802	127654456.00
2018/11/21	9.03	9.25	8.95	9.25	8446046	77330496.00
2018/11/22	9.35	9.48	9.21	9.26	11006560	102752880.00
2018/11/23	9.24	9.25	8.89	8.97	11616382	105441096.00
2018/11/26	9.00	9.12	8.18	8.49	11268294	98460696.00
2018/11/27	8.54	8.62	8.36	8.42	7230844	61271068.00
2018/11/28	8.37	8.65	8.16	8.50	8954402	75618752.00
2018/11/29	8.55	8.58	8.10	8.10	8906400	74585520.00
2018/11/30	8.08	8.26	7.93	8.25	7605800	61764876.00
2018/12/03	8.50	8.52	8.35	8.41	7974700	67293168.00
2018/12/04	8.41	8.51	8.35	8.50	6602582	55686516.00
2018/12/05	8.36	8.50	8.33	8.43	6257500	52739664.00
2018/12/06	8.40	8.44	8.22	8.25	6804700	56559448.00
2018/12/07	8.28	8.38	8.24	8.35	4938300	41098540.00
2018/12/10	8.30	8.38	8.15	8.18	4396100	36389540.00
2018/12/11	8.18	8.43	8.18	8.39	5603800	46635152.00
2018/12/12	8.42	8.49	8.34	8.41	5198700	43797756.00
2018/12/13	8.45	9.19	8.25	8.78	19532875	171313040.00
2018/12/14	8.72	8.78	8.44	8.47	13045782	112253568.00
2018/12/17	8.34	8.66	8.32	8.50	9545859	81294248.00
2018/12/18	8.41	8.51	8.22	8.33	7021158	58617808.00
2018/12/19	8.37	8.37	8.16	8.17	5424800	44683136.00
2018/12/20	8.14	8.25	8.12	8.21	4351938	35614756.00
2018/12/21	8.23	8.23	8.12	8.19	3396942	27769600.00
2018/12/24	8.19	8.37	8.13	8.37	4842193	40044268.00
2018/12/25	8.19	8.25	7.95	8.19	6301931	51146476.00
2018/12/26	8.19	8.27	8.14	8.19	3725124	30539144.00
2018/12/27	8.32	8.35	7.95	7.96	5231849	42507464.00
2018/12/28	7.95	8.06	7.80	7.80	4465000	35402696.00
2019/01/02	7.87	8.02	7.74	7.92	4705442	37086600.00
2019/01/03	7.90	7.97	7.82	7.89	3362942	26555916.00
2019/01/04	7.75	8.15	7.73	8.09	6210542	49610068.00
2019/01/07	8.14	8.20	8.09	8.15	5209800	42475044.00
2019/01/08	8.13	8.43	8.08	8.17	8506615	69972120.00
2019/01/09	8.12	8.38	8.12	8.20	8751165	72283776.00
2019/01/10	8.30	8.55	8.16	8.21	9188165	76369376.00
2019/01/11	8.10	8.60	8.06	8.46	18027667	151457600.00
2019/01/14	8.43	8.51	8.13	8.19	12115851	100410896.00
2019/01/15	8.17	8.28	8.12	8.26	6247910	51275916.00
2019/01/16	8.25	8.25	8.07	8.09	6859510	55794140.00
2019/01/17	8.11	8.13	7.90	7.94	5162400	41284608.00
2019/01/18	7.93	8.05	7.93	8.00	3520622	28152712.00
2019/01/21	8.00	8.08	7.98	8.02	3504322	28118472.00
2019/01/22	8.04	8.05	7.90	7.90	2848500	22617724.00
2019/01/23	7.90	7.92	7.85	7.88	2253500	17766192.00
2019/01/24	7.89	7.99	7.85	7.93	2741400	21743912.00
2019/01/25	7.91	7.97	7.82	7.82	2493300	19727934.00
2019/01/28	7.85	7.93	7.73	7.76	3282790	25642656.00
2019/01/29	7.76	7.76	7.02	7.28	6439200	47200864.00
2019/01/30	7.18	7.29	7.02	7.05	4016955	28788116.00
2019/01/31	7.12	7.19	6.60	6.80	6399569	44119028.00
2019/02/01	6.89	7.05	6.86	7.05	3708677	25785536.00
2019/02/11	7.14	7.29	7.11	7.21	3519912	25339796.00
2019/02/12	7.26	7.38	7.18	7.28	3866312	28119168.00
2019/02/13	7.28	7.37	7.20	7.36	6285781	45876088.00
2019/02/14	7.34	7.46	7.31	7.36	5851412	43107744.00
2019/02/15	7.41	7.50	7.35	7.36	4748489	35167072.00
2019/02/18	7.41	7.59	7.39	7.57	6668357	49954396.00
2019/02/19	7.56	7.70	7.43	7.55	7420446	56036016.00
2019/02/20	7.53	7.64	7.47	7.64	6260100	47318288.00
2019/02/21	7.62	7.88	7.54	7.66	9953873	76885016.00
2019/02/22	7.61	7.82	7.56	7.80	8039397	61913388.00
2019/02/25	7.85	8.22	7.82	8.16	12655480	101224176.00
2019/02/26	8.11	8.66	8.01	8.20	18084231	150038080.00
2019/02/27	8.20	8.27	8.02	8.08	10965833	89444944.00
2019/02/28	8.14	8.24	8.07	8.18	8644171	70379736.00
2019/03/01	8.28	8.42	8.20	8.27	11177083	92800496.00
2019/03/04	8.28	8.53	8.26	8.36	14421230	120681616.00
2019/03/05	8.33	8.58	8.27	8.50	13119846	110442672.00
2019/03/06	8.59	8.80	8.50	8.76	18210720	157845344.00
2019/03/07	8.70	9.10	8.61	8.94	19087165	168259088.00
2019/03/08	8.70	8.85	8.11	8.16	17164300	147489872.00
2019/03/11	8.25	8.76	8.25	8.71	12770413	108456088.00
2019/03/12	8.82	8.85	8.59	8.76	15887754	138522464.00
2019/03/13	8.80	8.98	8.57	8.63	14674277	128957888.00
2019/03/14	8.60	8.80	8.20	8.39	11369119	96570296.00
2019/03/15	8.49	8.72	8.39	8.60	10291593	88181328.00
2019/03/18	8.55	9.46	8.55	9.46	23195275	210695136.00
2019/03/19	9.47	9.60	9.13	9.18	29746535	276219424.00
2019/03/20	9.20	9.98	9.04	9.61	30629103	288674144.00
2019/03/21	9.40	9.67	9.40	9.46	21681022	206207072.00
2019/03/22	9.46	10.10	9.38	9.86	27627327	270177280.00
2019/03/25	9.65	10.22	9.54	9.78	21695252	215599952.00
2019/03/26	10.76	10.76	10.76	10.76	4820100	51864276.00
2019/03/27	10.98	11.84	10.22	11.12	50216711	547635200.00
2019/03/28	10.70	11.45	10.50	10.51	29537566	320157472.00
2019/03/29	10.48	10.69	10.05	10.40	22823240	236787872.00
2019/04/01	10.61	10.78	10.40	10.54	24577496	259801280.00
2019/04/02	10.56	10.85	10.38	10.44	21441022	227862576.00
2019/04/03	10.33	11.11	10.02	10.98	33949029	359699264.00
2019/04/04	10.88	11.29	10.80	11.16	29618282	329685056.00
2019/04/08	11.07	11.16	10.60	10.86	19592741	213430256.00
2019/04/09	10.89	11.15	10.61	11.06	16100365	174824928.00
2019/04/10	11.18	11.18	10.65	10.76	14551919	157849376.00
2019/04/11	10.60	10.62	10.24	10.25	14184055	147743360.00
2019/04/12	10.16	10.37	9.92	10.11	9874102	99988720.00
2019/04/15	10.26	10.32	9.97	9.97	7812119	79200680.00
2019/04/16	9.90	10.17	9.80	10.17	7680265	77309728.00
2019/04/17	10.22	10.45	10.16	10.19	8576781	88155744.00
2019/04/18	10.15	10.46	10.06	10.31	10271982	105651016.00
2019/04/19	10.30	10.50	10.19	10.46	10279600	106946368.00
2019/04/22	10.47	10.51	10.06	10.09	9669452	98700328.00
2019/04/23	10.09	10.13	9.68	9.68	9304300	91956432.00
2019/04/24	9.81	9.81	9.54	9.73	6527900	63332820.00
2019/04/25	9.75	9.79	9.10	9.15	9405600	88795016.00
2019/04/26	9.26	9.67	9.21	9.34	8870853	83387328.00
2019/04/29	9.37	9.49	9.07	9.14	6834318	63343452.00
2019/04/30	8.97	8.97	8.50	8.60	9950397	86663736.00
2019/05/06	8.38	8.38	7.74	7.74	9931400	79399584.00
2019/05/07	7.74	7.87	7.48	7.66	7942900	61075440.00
2019/05/08	7.50	7.78	7.40	7.61	5305921	40577168.00
2019/05/09	7.61	7.86	7.56	7.74	6840216	53148000.00
2019/05/10	7.80	7.95	7.50	7.95	8516040	66689100.00
2019/05/13	7.84	8.35	7.80	8.20	9690740	78240240.00
2019/05/14	8.18	8.18	7.91	8.01	7305668	58768320.00
2019/05/15	8.03	8.09	7.95	8.03	6297690	50489368.00
2019/05/16	7.99	8.27	7.99	8.06	6292164	50951084.00
2019/05/17	8.08	8.13	7.56	7.66	6578708	51666024.00
2019/05/20	7.70	7.76	7.43	7.75	4873942	37066064.00
2019/05/21	7.76	7.93	7.63	7.82	3779600	29543220.00
2019/05/22	7.85	7.85	7.53	7.59	5065100	38830928.00
2019/05/23	7.64	7.79	7.48	7.50	4335007	33081700.00
2019/05/24	7.42	7.48	7.34	7.37	4074900	30174972.00
2019/05/27	7.36	7.58	7.31	7.56	3264119	24439932.00
2019/05/28	7.60	7.68	7.49	7.55	3388700	25719140.00
2019/05/29	7.50	7.65	7.46	7.56	3231949	24475700.00
2019/05/30	7.52	7.53	7.34	7.45	4008900	29720228.00
2019/05/31	7.46	7.54	7.40	7.45	2801671	20928912.00
2019/06/03	7.48	7.58	7.20	7.28	3980600	29211502.00
2019/06/04	7.31	7.33	7.14	7.17	3343900	24101804.00
2019/06/05	7.25	7.28	7.17	7.19	2326000	16821876.00
2019/06/06	7.22	7.24	7.02	7.04	2928300	20709420.00
2019/06/10	7.05	7.12	7.02	7.10	2344671	16585405.00
2019/06/11	7.14	7.81	7.12	7.72	10307998	78581288.00
2019/06/12	8.49	8.49	8.12	8.18	20909844	173285536.00
2019/06/13	8.00	8.07	7.72	7.87	13142300	103688208.00
2019/06/14	7.84	7.96	7.64	7.70	6802400	52756872.00
2019/06/17	7.77	7.84	7.61	7.75	3289998	25360852.00
2019/06/18	7.80	7.81	7.65	7.66	2912810	22432398.00
2019/06/19	7.77	7.82	7.72	7.74	3843800	29826038.00
2019/06/20	7.73	7.85	7.66	7.85	4814200	37479976.00
2019/06/21	7.88	7.97	7.83	7.94	4721410	37351452.00
2019/06/24	7.91	7.95	7.74	7.80	4208525	32990154.00
2019/06/25	7.80	7.86	7.63	7.81	4425117	34321608.00
2019/06/26	7.76	7.87	7.72	7.76	2495800	19439204.00
2019/06/27	7.79	7.83	7.71	7.74	2340200	18178192.00
2019/06/28	7.73	8.28	7.49	7.95	9412165	74150624.00
2019/07/01	8.03	8.20	7.89	8.07	8596964	69106800.00
2019/07/02	8.01	8.02	7.91	7.93	3982082	31688878.00
2019/07/03	7.95	7.95	7.79	7.82	2475917	19421266.00
2019/07/04	7.81	7.95	7.80	7.87	2341900	18428020.00
2019/07/05	7.93	7.96	7.89	7.93	2305502	18278180.00
2019/07/08	7.94	7.95	7.61	7.67	3067900	23742048.00
2019/07/09	7.67	7.73	7.57	7.70	2063900	15758448.00
2019/07/10	7.82	8.07	7.77	7.88	6244845	49631208.00
2019/07/11	7.80	7.89	7.73	7.82	4111600	32099628.00
2019/07/12	5.58	5.60	5.49	5.54	2318929	12848585.00
2019/07/15	5.45	5.52	5.32	5.41	4637428	25082580.00
2019/07/16	5.41	5.45	5.33	5.38	3261220	17576438.00
2019/07/17	5.43	5.92	5.42	5.92	9317642	54675176.00
2019/07/18	5.95	5.95	5.62	5.70	18436580	106383480.00
2019/07/19	5.62	5.77	5.60	5.67	9083421	51549624.00
2019/07/22	5.60	5.67	5.26	5.33	10182425	54849792.00
2019/07/23	5.31	5.39	5.23	5.36	4592440	24444224.00
2019/07/24	5.31	5.49	5.30	5.45	6587480	35616184.00
2019/07/25	5.52	5.69	5.43	5.47	6615300	36653488.00
2019/07/26	5.37	6.02	5.37	6.02	23982452	143528528.00
2019/07/29	6.06	6.37	5.83	5.97	36787548	222425840.00
2019/07/30	5.97	6.02	5.80	5.83	18980648	111452344.00
2019/07/31	5.73	5.77	5.68	5.73	13060455	74820416.00
2019/08/01	5.73	5.89	5.66	5.84	13232195	76426248.00
2019/08/02	5.68	5.76	5.61	5.75	8218269	46735348.00
2019/08/05	5.73	5.75	5.56	5.58	6676460	37783112.00
2019/08/06	5.36	5.46	5.09	5.25	10860556	57065824.00
2019/08/07	5.27	5.50	5.21	5.21	4557164	24059362.00
2019/08/08	5.26	5.30	5.20	5.20	4164260	21845618.00
2019/08/09	5.24	5.28	5.11	5.11	4400960	22866136.00
2019/08/12	5.12	5.17	5.03	5.17	3314960	16979392.00
2019/08/13	5.19	5.44	5.18	5.27	6371400	33761368.00
2019/08/14	5.21	5.35	5.21	5.24	4867813	25647472.00
2019/08/15	5.08	5.33	5.03	5.24	4992644	25914844.00
2019/08/16	5.25	5.32	5.21	5.28	4615760	24370120.00
2019/08/19	5.30	5.40	5.29	5.39	6435273	34442720.00
2019/08/20	5.39	5.47	5.34	5.46	6792968	36704568.00
2019/08/21	5.50	5.75	5.45	5.74	14546269	81327080.00
2019/08/22	5.60	5.77	5.54	5.64	13139031	74078448.00
2019/08/23	5.60	5.66	5.48	5.50	7508100	41596232.00
2019/08/26	5.35	5.40	5.30	5.32	5273800	28155478.00
2019/08/27	5.33	5.43	5.33	5.40	4689954	25261888.00
2019/08/28	5.39	5.43	5.33	5.37	3841507	20640052.00
2019/08/29	5.36	5.39	5.31	5.32	4128660	22103968.00
2019/08/30	5.35	5.38	5.19	5.19	5281260	27794806.00
2019/09/02	5.17	5.30	5.17	5.28	5074180	26643152.00
2019/09/03	5.27	5.42	5.24	5.42	10229180	54591388.00
2019/09/04	5.40	5.67	5.40	5.60	18191234	101322712.00
2019/09/05	5.58	5.63	5.48	5.51	15776809	87366240.00
2019/09/06	5.46	5.53	5.43	5.49	6730120	36908384.00
2019/09/09	5.54	5.56	5.46	5.54	10142185	55892828.00
2019/09/10	5.72	5.96	5.60	5.60	14583900	82668256.00
2019/09/11	5.61	5.66	5.55	5.55	8675083	48534696.00
2019/09/12	5.56	5.62	5.55	5.61	5902420	33020400.00
2019/09/16	5.60	5.69	5.57	5.60	7185902	40493580.00
2019/09/17	5.62	5.68	5.42	5.47	7375469	40739624.00
2019/09/18	5.48	5.51	5.44	5.45	4213450	23013108.00
2019/09/19	5.47	5.66	5.40	5.63	10588380	58920056.00
2019/09/20	5.76	5.88	5.60	5.61	14846120	85078784.00
2019/09/23	5.52	5.71	5.51	5.66	10111623	56932776.00
2019/09/24	5.66	5.69	5.55	5.58	7397010	41507212.00
2019/09/25	5.55	5.61	5.41	5.42	6462744	35436664.00
2019/09/26	5.42	5.47	5.25	5.27	7406440	39374948.00
2019/09/27	5.29	5.38	5.29	5.36	3913934	20900686.00
2019/09/30	5.26	5.26	5.05	5.15	8835340	45308388.00
2019/10/08	5.15	5.18	5.10	5.11	3946360	20263212.00
2019/10/09	5.11	5.17	5.09	5.15	3543360	18207452.00
2019/10/10	5.11	5.19	5.11	5.19	3640160	18791760.00
2019/10/11	5.20	5.21	5.11	5.17	4105940	21147020.00
2019/10/14	5.19	5.25	5.17	5.23	5075280	26475254.00
2019/10/15	5.22	5.29	5.15	5.27	4633800	24153420.00
2019/10/16	5.27	5.28	5.13	5.14	3986240	20709296.00
2019/10/17	5.16	5.19	5.14	5.15	2452900	12668194.00
2019/10/18	5.12	5.14	5.03	5.06	5074580	25786972.00
2019/10/21	5.07	5.07	4.96	5.04	3750580	18772608.00
2019/10/22	5.02	5.10	5.02	5.10	2232500	11319983.00
2019/10/23	5.11	5.12	5.05	5.06	2526600	12832070.00
2019/10/24	5.08	5.09	5.04	5.07	2495620	12636591.00
2019/10/25	5.07	5.08	5.01	5.07	2353540	11882108.00
2019/10/28	5.07	5.13	5.03	5.12	3332076	16965424.00
2019/10/29	5.10	5.13	5.02	5.02	3578680	18124402.00
2019/10/30	5.02	5.02	4.90	4.91	3981549	19690644.00
2019/10/31	4.94	4.96	4.85	4.87	3157460	15458927.00
2019/11/01	4.87	4.92	4.82	4.90	2516100	12258161.00
2019/11/04	4.91	4.91	4.80	4.83	4015620	19513512.00
2019/11/05	4.84	4.84	4.73	4.75	4626780	22123252.00
2019/11/06	4.77	4.83	4.75	4.79	3596640	17233440.00
2019/11/07	4.77	4.82	4.74	4.76	2816820	13446327.00
2019/11/08	4.78	4.86	4.76	4.78	2658156	12770606.00
2019/11/11	4.80	4.80	4.61	4.63	3247900	15219207.00
2019/11/12	4.64	4.77	4.53	4.75	4919302	22864444.00
2019/11/13	4.70	4.73	4.64	4.67	2799382	13100274.00
2019/11/14	4.70	4.75	4.64	4.68	3567541	16753166.00
2019/11/15	4.63	4.66	4.54	4.54	3769040	17300904.00
2019/11/18	4.58	4.58	4.51	4.55	1956880	8907399.00
2019/11/19	4.58	4.68	4.53	4.65	3324282	15436292.00
2019/11/20	4.68	4.72	4.58	4.59	2631800	12178225.00
2019/11/21	4.61	4.64	4.54	4.62	1914320	8805514.00
2019/11/22	4.64	4.95	4.56	4.76	8879824	42202636.00
2019/11/25	4.75	4.95	4.69	4.90	9446957	45673696.00
2019/11/26	4.82	4.88	4.75	4.78	5893368	28194384.00
2019/11/27	4.78	4.78	4.68	4.71	4158281	19645280.00
2019/11/28	4.74	4.76	4.65	4.65	3358960	15816034.00
2019/11/29	4.64	4.68	4.55	4.60	3727620	17143442.00
2019/12/02	4.60	4.61	4.55	4.59	2613240	11975713.00
2019/12/03	4.57	4.75	4.53	4.70	4244520	19679226.00
2019/12/04	4.66	4.69	4.63	4.64	3037860	14132913.00
2019/12/05	4.63	4.70	4.63	4.67	3337840	15603759.00
2019/12/06	4.69	4.74	4.67	4.73	3726580	17584000.00
2019/12/09	4.73	4.80	4.72	4.74	3401560	16160426.00
2019/12/10	4.72	4.73	4.65	4.72	3474107	16271959.00
2019/12/11	4.72	4.74	4.67	4.69	2543667	11957408.00
2019/12/12	4.71	4.79	4.69	4.72	3821200	18137444.00
2019/12/13	4.71	4.78	4.71	4.76	3899562	18481216.00
2019/12/16	4.79	4.80	4.70	4.77	5285880	25101544.00
2019/12/17	4.75	4.84	4.75	4.80	6212020	29833892.00
2019/12/18	4.80	4.84	4.78	4.82	6219820	29920594.00
2019/12/19	4.85	4.86	4.81	4.84	5219020	25204508.00
2019/12/20	4.85	4.86	4.75	4.77	5216920	25116804.00
2019/12/23	4.77	4.78	4.63	4.63	4979220	23406402.00
2019/12/24	4.64	4.66	4.61	4.65	5831680	27040694.00
2019/12/25	4.66	4.69	4.63	4.63	3708100	17278218.00
2019/12/26	4.65	4.67	4.63	4.67	3533365	16439600.00
2019/12/27	4.69	4.71	4.62	4.63	5288528	24688268.00
2019/12/30	4.63	4.67	4.55	4.64	5837770	26899948.00
2019/12/31	4.65	4.70	4.61	4.68	7212448	33603724.00
2020/01/02	4.69	4.75	4.68	4.73	9626460	45485912.00
2020/01/03	4.75	4.77	4.72	4.76	6862190	32569096.00
2020/01/06	4.74	4.84	4.71	4.79	8692818	41519032.00
2020/01/07	4.78	4.84	4.77	4.84	6536340	31480160.00
2020/01/08	4.83	4.84	4.73	4.74	8801898	42081732.00
2020/01/09	4.77	4.81	4.76	4.79	5903180	28247798.00
2020/01/10	4.82	4.83	4.77	4.79	5118700	24563056.00
2020/01/13	4.78	4.83	4.73	4.82	4313580	20610180.00
2020/01/14	4.81	4.85	4.79	4.81	5523100	26601316.00
2020/01/15	4.81	4.82	4.73	4.76	4852340	23095682.00
2020/01/16	4.75	4.77	4.72	4.72	4511700	21395452.00
2020/01/17	4.73	4.74	4.68	4.70	3580613	16876076.00
2020/01/20	4.69	4.70	4.63	4.70	3609033	16846836.00
2020/01/21	4.69	4.70	4.61	4.63	4942023	22947486.00
2020/01/22	4.63	4.64	4.56	4.60	4021576	18460080.00
2020/01/23	4.56	4.60	4.45	4.49	5531280	25026488.00
2020/02/03	4.04	4.04	4.04	4.04	1417200	5725488.00
2020/02/04	3.65	3.87	3.65	3.81	9816820	37214324.00
2020/02/05	3.84	3.92	3.81	3.87	6457443	24948418.00
2020/02/06	3.89	3.95	3.85	3.92	6626568	25830750.00
2020/02/07	3.92	3.92	3.84	3.89	6497320	25205132.00
2020/02/10	3.88	4.00	3.85	4.00	6743220	26585832.00
2020/02/11	4.00	4.15	3.96	4.05	7394200	30019324.00
2020/02/12	4.05	4.08	4.02	4.07	4932470	19990104.00
2020/02/13	4.05	4.10	4.00	4.02	4969328	20078372.00
2020/02/14	4.01	4.08	3.95	4.02	6335881	25392102.00
2020/02/17	3.99	4.12	3.99	4.11	6633090	27052358.00
2020/02/18	4.11	4.15	4.08	4.15	5151328	21247616.00
2020/02/19	4.15	4.41	4.11	4.28	12762353	54408096.00
2020/02/20	4.26	4.31	4.17	4.30	10094262	42777288.00
2020/02/21	4.27	4.29	4.23	4.27	8573752	36480096.00
2020/02/24	4.25	4.29	4.18	4.26	8127240	34305024.00
2020/02/25	4.14	4.17	4.01	4.14	9611484	39484768.00
2020/02/26	4.08	4.45	4.06	4.27	17110147	73334800.00
2020/02/27	4.29	4.44	4.26	4.34	14620883	63289264.00
2020/02/28	4.17	4.36	4.06	4.11	11115920	46844668.00
2020/03/02	4.13	4.52	4.13	4.52	18152848	80120704.00
2020/03/03	4.78	4.88	4.50	4.51	39369825	183503040.00
2020/03/04	4.39	4.74	4.39	4.70	26718114	122320784.00
2020/03/05	4.67	4.78	4.57	4.65	24735020	115696736.00
2020/03/06	4.54	4.63	4.46	4.54	17124006	77658712.00
2020/03/09	4.48	4.53	4.32	4.33	13479331	59687460.00
2020/03/10	4.27	4.48	4.23	4.45	12273751	53366568.00
2020/03/11	4.46	4.63	4.39	4.55	14829011	66981892.00
2020/03/12	4.44	4.48	4.32	4.37	12419720	54427784.00
2020/03/13	4.10	4.60	4.10	4.43	18276931	79377664.00
2020/03/16	4.43	4.50	4.15	4.16	12944226	56437352.00
2020/03/17	4.25	4.31	4.06	4.30	8746717	36799956.00
2020/03/18	4.30	4.58	4.26	4.36	17215986	76449736.00
2020/03/19	4.30	4.61	4.30	4.60	23315624	104739200.00
2020/03/20	4.66	4.82	4.48	4.67	27861960	128754416.00
2020/03/23	4.54	4.71	4.45	4.48	17806865	81859136.00
2020/03/24	4.56	4.85	4.50	4.74	26577667	124152960.00
2020/03/25	4.82	4.82	4.65	4.69	20740439	97465280.00
2020/03/26	4.64	4.66	4.46	4.48	15919051	72357728.00
2020/03/27	4.54	4.93	4.51	4.93	31103012	149381760.00
2020/03/30	4.95	5.25	4.82	5.14	67302885	340013568.00
2020/03/31	5.02	5.05	4.87	4.91	38499466	190765648.00
2020/04/01	4.81	4.87	4.66	4.66	28927783	137231296.00
2020/04/02	4.59	4.79	4.58	4.78	18568581	87598560.00
2020/04/03	4.72	4.74	4.60	4.62	17257527	80260136.00
2020/04/07	4.68	4.76	4.63	4.71	17707664	83166224.00
2020/04/08	4.71	4.90	4.61	4.87	26643774	126109824.00
2020/04/09	4.86	4.97	4.80	4.84	23056820	112164304.00
2020/04/10	4.80	4.83	4.65	4.68	15941620	75336496.00
2020/04/13	4.63	4.67	4.49	4.50	11882229	53921424.00
2020/04/14	4.51	4.66	4.49	4.57	10751027	49030760.00
2020/04/15	4.60	4.60	4.38	4.39	15064000	67364072.00
2020/04/16	4.39	4.43	4.33	4.38	8010320	35091424.00
2020/04/17	4.40	4.53	4.33	4.42	14767707	65567872.00
2020/04/20	4.43	4.51	4.41	4.50	11176018	49858556.00
2020/04/21	4.50	4.59	4.38	4.57	16076231	72084144.00
2020/04/22	4.47	4.55	4.43	4.50	9459280	42542536.00
2020/04/23	4.48	4.49	4.37	4.38	8820967	39081532.00
2020/04/24	4.38	4.40	4.17	4.20	11083211	47162904.00
2020/04/27	4.18	4.23	4.14	4.16	6024600	25213012.00
2020/04/28	4.15	4.19	3.81	3.99	8051500	32268878.00
2020/04/29	4.01	4.05	3.98	3.99	4357400	17493392.00
2020/04/30	4.00	4.06	3.99	4.04	4895291	19751128.00
2020/05/06	4.05	4.18	4.02	4.16	7052969	29044226.00
2020/05/07	4.14	4.19	4.09	4.14	4864960	20080824.00
2020/05/08	4.15	4.15	4.11	4.13	4522860	18677896.00
2020/05/11	4.14	4.28	4.12	4.18	7037320	29428130.00
2020/05/12	4.15	4.18	4.06	4.09	4970604	20408874.00
2020/05/13	4.07	4.12	4.04	4.09	2768660	11322001.00
2020/05/14	4.08	4.09	4.00	4.01	4688300	18960324.00
2020/05/15	4.05	4.05	4.01	4.03	3402871	13706150.00
2020/05/18	4.27	4.27	4.11	4.12	10045700	42132952.00
2020/05/19	4.14	4.20	4.11	4.16	5684280	23567658.00
2020/05/20	4.13	4.23	4.11	4.21	7639780	31815406.00
2020/05/21	4.23	4.42	4.18	4.31	15374000	65897384.00
2020/05/22	4.30	4.40	4.15	4.25	11569160	49462520.00
2020/05/25	4.24	4.24	4.09	4.13	6290500	26175446.00
2020/05/26	4.13	4.20	4.11	4.18	4875017	20266772.00
2020/05/27	4.17	4.17	4.11	4.12	4302720	17783560.00
2020/05/28	4.11	4.15	4.03	4.06	4754757	19434444.00
2020/05/29	4.03	4.10	4.03	4.09	3613660	14735801.00
2020/06/01	4.10	4.21	4.10	4.19	5699720	23730204.00
2020/06/02	4.21	4.30	4.17	4.27	8490220	35946372.00
2020/06/03	4.26	4.33	4.24	4.29	9360700	40141744.00
2020/06/04	4.28	4.35	4.25	4.32	5760420	24842420.00
2020/06/05	4.33	4.35	4.25	4.33	3909180	16835960.00
2020/06/08	4.36	4.37	4.30	4.32	3214340	13916963.00
2020/06/09	4.38	4.42	4.23	4.25	9597642	41301116.00
2020/06/10	4.25	4.30	4.21	4.27	5146200	21842292.00
2020/06/11	4.26	4.29	4.22	4.24	3479989	14801007.00
2020/06/12	4.19	4.38	4.15	4.32	6079949	25971028.00
2020/06/15	4.28	4.34	4.28	4.31	4159840	17964968.00
2020/06/16	4.34	4.37	4.31	4.34	5109460	22155968.00
2020/06/17	4.34	4.34	4.30	4.34	3917500	16927846.00
2020/06/18	4.34	4.39	4.30	4.38	3896760	16984468.00
2020/06/19	4.36	4.44	4.35	4.41	4639440	20419376.00
2020/06/22	4.40	4.57	4.40	4.50	7882000	35419984.00
2020/06/23	4.50	4.75	4.48	4.67	14672629	68244584.00
2020/06/24	4.67	4.78	4.62	4.69	10574491	49648176.00
2020/06/29	4.68	4.92	4.64	4.88	14307400	69278896.00
2020/06/30	4.89	4.94	4.77	4.79	11883860	57577512.00
2020/07/01	4.80	4.84	4.73	4.73	9094840	43293024.00
2020/07/02	4.71	4.94	4.68	4.94	10953400	52960156.00
2020/07/03	4.98	5.22	4.92	5.16	16028478	80753488.00
2020/07/06	5.17	5.38	5.17	5.29	17151080	90687624.00
2020/07/07	5.32	5.39	5.12	5.12	14129459	74124792.00
2020/07/08	5.10	5.56	5.08	5.50	15331574	82740416.00
2020/07/09	5.53	5.53	5.36	5.46	12598753	68654040.00
2020/07/10	5.45	5.58	5.41	5.48	9210533	50574288.00
2020/07/13	5.60	6.03	5.58	5.86	23594940	138160944.00
2020/07/14	5.89	5.95	5.48	5.65	20556283	117494448.00
2020/07/15	5.62	5.70	5.40	5.41	10409480	57123072.00
2020/07/16	5.40	5.55	5.24	5.32	9934005	53882416.00
2020/07/17	5.34	5.45	5.18	5.26	6752660	35598124.00
2020/07/20	5.32	5.47	5.31	5.46	5041451	27261040.00
2020/07/21	5.46	5.58	5.37	5.37	5168280	28197602.00
2020/07/22	5.37	5.42	5.20	5.24	7227520	38314316.00
2020/07/23	5.28	5.37	5.03	5.35	9919902	51500528.00
2020/07/24	5.30	5.50	5.12	5.13	9964265	52814972.00
2020/07/27	5.15	5.20	4.98	5.14	6114332	31211496.00
2020/07/28	5.17	5.27	5.11	5.19	5622980	29145586.00
2020/07/29	5.13	5.21	5.06	5.17	6724840	34635300.00
2020/07/30	5.19	5.21	5.05	5.06	5220318	26707152.00
2020/07/31	5.06	5.11	4.97	5.07	8772805	44070544.00
2020/08/03	5.12	5.24	5.08	5.12	10117290	51925264.00
2020/08/04	5.15	5.15	5.02	5.07	7136560	36149356.00
2020/08/05	5.08	5.08	4.95	4.99	10246120	50988168.00
2020/08/06	5.00	5.03	4.79	4.91	10206520	49884580.00
2020/08/07	4.89	4.96	4.80	4.85	5419640	26344832.00
2020/08/10	4.88	4.95	4.83	4.92	5120169	25101890.00
2020/08/11	5.04	5.04	4.84	4.85	8493644	41986708.00
2020/08/12	4.88	4.88	4.74	4.83	5210080	24956238.00
2020/08/13	4.84	4.94	4.80	4.93	5980564	29276232.00
2020/08/14	4.94	4.94	4.82	4.89	4658080	22686022.00
2020/08/17	4.90	4.95	4.87	4.93	4565380	22451064.00
2020/08/18	4.96	5.10	4.95	5.07	8765564	44156912.00
2020/08/19	5.07	5.21	4.99	5.08	11803100	60461232.00
2020/08/20	5.09	5.16	5.00	5.03	6224399	31537130.00
2020/08/21	5.03	5.09	4.91	4.94	5739519	28584920.00
2020/08/24	4.92	4.95	4.81	4.86	5564514	27080044.00
2020/08/25	4.87	4.88	4.80	4.81	4863960	23493048.00
2020/08/26	4.82	4.84	4.75	4.75	5114480	24489780.00
2020/08/27	4.76	4.85	4.74	4.82	3114920	14949162.00
2020/08/28	4.82	4.85	4.78	4.84	2955400	14237920.00
2020/08/31	4.94	5.02	4.87	4.87	9121880	45098996.00
2020/09/01	4.87	4.92	4.84	4.89	4811697	23433472.00
2020/09/02	4.89	4.98	4.84	4.98	7106760	34985900.00
2020/09/03	4.99	5.04	4.92	4.93	5088760	25334004.00
2020/09/04	4.88	5.01	4.80	5.00	6388920	31431216.00
2020/09/07	5.02	5.10	4.95	5.02	9234060	46645640.00
2020/09/08	4.99	5.12	4.99	5.10	6532672	33159536.00
2020/09/09	5.05	5.13	4.99	4.99	6431988	32443990.00
2020/09/10	5.00	5.06	4.77	4.82	6830280	33559344.00
2020/09/11	4.75	4.83	4.72	4.81	4729080	22562748.00
2020/09/14	4.80	4.90	4.75	4.81	3478900	16745663.00
2020/09/15	4.81	4.82	4.74	4.78	2744910	13081040.00
2020/09/16	4.78	4.78	4.73	4.76	2661230	12640063.00
2020/09/17	4.77	4.85	4.71	4.76	4741580	22676024.00
2020/09/18	4.75	4.81	4.73	4.80	4634180	22146668.00
2020/09/21	4.79	4.85	4.76	4.78	3930762	18851712.00
2020/09/22	4.76	4.76	4.58	4.61	8036030	37440668.00
2020/09/23	4.61	4.64	4.56	4.60	3430520	15758973.00
2020/09/24	4.58	4.58	4.38	4.45	5427300	24210268.00
2020/09/25	4.51	4.51	4.38	4.41	3564840	15771191.00
2020/09/28	4.42	4.47	4.35	4.38	2495620	11001752.00
2020/09/29	4.38	4.44	4.35	4.36	3313520	14571323.00
2020/09/30	4.40	4.40	4.32	4.38	2302060	10023991.00
2020/10/09	4.49	4.50	4.43	4.46	2924286	13021934.00
2020/10/12	4.48	4.57	4.45	4.55	4308400	19479860.00
2020/10/13	4.55	4.55	4.49	4.52	3622416	16343186.00
2020/10/14	4.49	4.55	4.48	4.49	2490620	11226814.00
2020/10/15	4.56	4.60	4.47	4.53	3993440	18139988.00
2020/10/16	4.51	4.55	4.49	4.51	2383202	10741044.00
2020/10/19	4.52	4.55	4.49	4.50	2253262	10176257.00
2020/10/20	4.53	4.53	4.47	4.50	2208840	9924026.00
2020/10/21	4.50	4.50	4.41	4.44	2088542	9285089.00
2020/10/22	4.44	4.48	4.38	4.44	2207100	9774321.00
2020/10/23	4.45	4.50	4.43	4.45	1747460	7807505.00
2020/10/26	4.45	4.49	4.38	4.47	2781220	12382151.00
2020/10/27	4.44	4.48	4.41	4.45	1564033	6943589.00
2020/10/28	4.47	4.49	4.37	4.43	3034000	13426522.00
2020/10/29	4.38	4.47	4.37	4.45	1537020	6825877.00
2020/10/30	4.42	4.45	4.22	4.22	4779700	20751904.00
2020/11/02	4.25	4.28	4.07	4.11	5936177	24679124.00
2020/11/03	4.12	4.20	4.08	4.20	3682948	15341094.00
2020/11/04	4.20	4.22	4.11	4.16	2685460	11186801.00
2020/11/05	4.20	4.32	4.17	4.27	3849758	16347874.00
2020/11/06	4.27	4.31	4.19	4.20	2325000	9812962.00
2020/11/09	4.21	4.30	4.21	4.28	2698800	11511934.00
2020/11/10	4.33	4.34	4.21	4.22	3026607	12912343.00
2020/11/11	4.24	4.29	4.22	4.25	3700520	15758558.00
2020/11/12	4.23	4.27	4.22	4.24	2285620	9696063.00
2020/11/13	4.24	4.25	4.17	4.22	2854020	11984433.00
2020/11/16	4.23	4.34	4.20	4.30	3332500	14201586.00
2020/11/17	4.28	4.30	4.22	4.25	4009340	17041684.00
2020/11/18	4.26	4.37	4.23	4.32	4908860	21172888.00
2020/11/19	4.32	4.37	4.28	4.34	3543640	15318087.00
2020/11/20	4.34	4.34	4.28	4.33	1999380	8615888.00
2020/11/23	4.34	4.37	4.28	4.34	3719260	16116734.00
2020/11/24	4.31	4.36	4.31	4.33	3192600	13829126.00
2020/11/25	4.33	4.40	4.28	4.29	4002840	17365840.00
2020/11/26	4.29	4.31	4.23	4.26	2854238	12155467.00
2020/11/27	4.28	4.28	4.18	4.23	2744100	11563573.00
2020/11/30	4.25	4.31	4.23	4.29	4185200	17939052.00
2020/12/01	4.29	4.34	4.27	4.34	4941600	21303900.00
2020/12/02	4.35	4.36	4.31	4.33	3148300	13636573.00
2020/12/03	4.33	4.34	4.28	4.31	2761740	11891201.00
2020/12/04	4.32	4.32	4.28	4.30	2124860	9135526.00
2020/12/07	4.29	4.30	4.19	4.20	3783200	16021939.00
2020/12/08	4.23	4.23	4.19	4.19	2707620	11383020.00
2020/12/09	4.22	4.26	4.16	4.16	5528800	23285806.00
2020/12/10	4.14	4.27	4.11	4.18	3695029	15431338.00
2020/12/11	4.17	4.19	4.05	4.08	5080418	20841564.00
2020/12/14	4.09	4.09	4.01	4.07	2680660	10855143.00
2020/12/15	4.04	4.07	4.01	4.07	2093570	8478211.00
2020/12/16	4.05	4.06	4.00	4.01	2365660	9513423.00
2020/12/17	4.01	4.06	3.95	4.06	2680831	10741146.00
2020/12/18	4.06	4.09	4.00	4.02	3636660	14744950.00
2020/12/21	4.04	4.06	3.99	4.03	3490400	14066460.00
2020/12/22	4.03	4.03	3.91	3.92	4273680	16937718.00
2020/12/23	3.92	3.95	3.89	3.91	3242000	12678718.00
2020/12/24	3.91	3.91	3.79	3.81	4463420	17121442.00
2020/12/25	3.80	3.85	3.76	3.84	3217340	12272111.00
2020/12/28	3.83	3.84	3.76	3.78	3269120	12405938.00
2020/12/29	3.76	3.82	3.74	3.80	3506880	13265217.00
2020/12/30	3.80	3.81	3.76	3.79	3240111	12274655.00
2020/12/31	3.78	3.85	3.78	3.82	2997375	11454768.00
2021/01/04	3.82	3.85	3.82	3.84	2818360	10809175.00
2021/01/05	3.83	3.83	3.80	3.81	2677540	10218685.00
2021/01/06	3.81	3.84	3.78	3.80	3266645	12412173.00
2021/01/07	3.80	3.82	3.60	3.66	6015579	22236992.00
2021/01/08	3.69	3.69	3.58	3.65	3223440	11721430.00
2021/01/11	3.64	3.64	3.48	3.50	4470808	15896880.00
2021/01/12	3.50	3.56	3.48	3.51	2839108	9989043.00
2021/01/13	3.50	3.50	3.36	3.39	5217615	17774880.00
2021/01/14	3.39	3.42	3.33	3.40	6497671	21979260.00
2021/01/15	3.39	3.53	3.39	3.50	5244800	18250352.00
2021/01/18	3.50	3.58	3.50	3.53	3473400	12323767.00
2021/01/19	3.53	3.61	3.51	3.60	4699420	16767791.00
2021/01/20	3.57	3.64	3.54	3.56	3245879	11565756.00
2021/01/21	3.54	3.60	3.53	3.56	3259760	11627935.00
2021/01/22	3.60	3.61	3.50	3.50	4639720	16518793.00
2021/01/25	3.48	3.50	3.38	3.40	3967900	13588644.00
2021/01/26	3.40	3.46	3.38	3.41	2792340	9544172.00
2021/01/27	3.42	3.47	3.39	3.45	2833020	9761584.00
2021/01/28	3.43	3.52	3.41	3.48	3797600	13226034.00
2021/01/29	3.66	3.83	3.64	3.83	6426240	24424222.00
2021/02/01	4.21	4.21	4.03	4.21	38509334	160156560.00
2021/02/02	4.63	4.63	4.63	4.63	12624725	58452476.00
2021/02/03	4.25	4.62	4.17	4.17	49417359	213052608.00
2021/02/04	3.86	3.97	3.75	3.76	31455934	120393224.00
2021/02/05	3.71	4.13	3.65	3.83	29388374	113421056.00
2021/02/08	3.72	3.82	3.64	3.65	18831370	69851744.00
2021/02/09	3.63	3.65	3.53	3.63	15152329	54313744.00
2021/02/10	3.59	3.63	3.56	3.60	9715540	34936352.00
2021/02/18	3.63	3.73	3.62	3.71	11979040	44100984.00
2021/02/19	3.71	3.88	3.68	3.83	12804680	48735044.00
2021/02/22	3.84	4.16	3.80	4.05	20654380	83022040.00
2021/02/23	3.98	4.00	3.86	3.92	14123760	55257704.00
2021/02/24	3.90	3.95	3.88	3.92	8123148	31789374.00
2021/02/25	3.94	4.04	3.85	3.85	10503028	41318380.00
2021/02/26	3.79	3.98	3.78	3.91	9934260	38794628.00
2021/03/01	3.89	4.02	3.89	3.96	7819880	30873784.00
2021/03/02	3.94	3.98	3.88	3.93	6115600	24028234.00
2021/03/03	3.90	3.96	3.90	3.95	6620900	26037338.00
2021/03/04	3.93	4.03	3.89	3.92	9511860	37560124.00
2021/03/05	3.88	4.20	3.88	4.03	14465020	58441144.00
2021/03/08	4.03	4.10	4.00	4.02	10893280	44161304.00
2021/03/09	4.03	4.06	3.86	3.93	7861340	31074142.00
2021/03/10	3.94	3.94	3.80	3.81	6832940	26369794.00
2021/03/11	3.81	3.95	3.76	3.94	6803320	26391482.00
2021/03/12	3.90	3.99	3.90	3.93	5975200	23557306.00
2021/03/15	3.93	4.00	3.89	3.96	6486620	25715536.00
2021/03/16	3.97	4.15	3.97	4.13	12170160	49532724.00
2021/03/17	4.09	4.16	4.05	4.10	7439680	30406144.00
2021/03/18	4.11	4.11	4.03	4.05	5719160	23171414.00
2021/03/19	4.03	4.08	3.99	4.05	4197528	16946054.00
2021/03/22	4.06	4.10	4.03	4.07	5168708	21039130.00
2021/03/23	4.10	4.11	3.96	3.98	6827280	27335932.00
2021/03/24	3.98	4.01	3.90	3.93	5721808	22639508.00
2021/03/25	3.97	3.99	3.90	3.90	4360680	17147110.00
2021/03/26	3.91	3.97	3.88	3.94	3636860	14290358.00
2021/03/29	3.94	3.95	3.90	3.93	3364220	13181124.00
2021/03/30	3.91	3.97	3.88	3.95	5201520	20427014.00
2021/03/31	3.90	4.07	3.90	4.06	9359340	37591244.00
2021/04/01	4.06	4.07	3.94	3.97	6809200	27097290.00
2021/04/02	3.97	4.03	3.92	4.02	3853144	15304946.00
2021/04/06	4.03	4.09	3.97	4.01	4216580	16883370.00
2021/04/07	4.01	4.05	3.97	4.05	4563100	18345282.00
2021/04/08	4.04	4.04	3.99	4.00	5078923	20356430.00
2021/04/09	3.98	4.02	3.95	4.00	4484060	17838832.00
2021/04/12	3.99	4.00	3.93	3.94	3507219	13876424.00
2021/04/13	3.92	3.93	3.86	3.88	3695800	14408074.00
2021/04/14	3.88	3.93	3.86	3.92	2998060	11693716.00
2021/04/15	3.96	3.96	3.91	3.92	3311860	13017620.00
2021/04/16	3.92	4.03	3.92	4.02	5810100	23133874.00
2021/04/19	4.01	4.07	3.99	4.03	5605353	22578630.00
2021/04/20	4.01	4.07	3.99	3.99	4104720	16541977.00
2021/04/21	4.00	4.04	3.97	4.01	3972003	15931453.00
2021/04/22	4.00	4.03	3.96	3.99	4726603	18869748.00
2021/04/23	4.03	4.05	3.91	3.94	7393360	29349670.00
2021/04/26	3.95	3.96	3.88	3.90	4795420	18786946.00
2021/04/27	3.89	3.92	3.81	3.84	3969644	15275228.00
2021/04/28	3.86	3.86	3.79	3.79	4226340	16096831.00
2021/04/29	3.79	3.93	3.78	3.90	5778576	22362578.00
2021/04/30	3.90	3.90	3.70	3.72	8879640	33368652.00
2021/05/06	3.73	3.76	3.69	3.73	3699020	13775230.00
2021/05/07	3.72	4.10	3.72	4.10	14859434	58887348.00
2021/05/10	4.08	4.11	3.97	4.10	23108676	93453072.00
2021/05/11	4.01	4.09	4.00	4.03	11990224	48263180.00
2021/05/12	4.02	4.05	3.97	4.05	8599460	34431980.00
2021/05/13	4.02	4.08	3.98	3.99	7733178	31053520.00
2021/05/14	4.01	4.03	3.99	4.03	6006780	24111422.00
2021/05/17	4.02	4.04	3.88	3.88	8752480	34463680.00
2021/05/18	3.86	3.92	3.85	3.91	3199240	12437719.00
2021/05/19	3.89	3.92	3.85	3.89	2919480	11338755.00
2021/05/20	3.91	3.94	3.86	3.89	2891320	11263612.00
2021/05/21	3.89	3.93	3.88	3.90	2628840	10260115.00
2021/05/24	4.06	4.19	3.97	4.01	13054327	52879900.00
2021/05/25	3.98	3.99	3.93	3.94	7880133	31146418.00
2021/05/26	3.93	3.98	3.92	3.96	4295860	16992920.00
2021/05/27	3.94	4.02	3.94	4.01	4911420	19560220.00
2021/05/28	4.02	4.04	3.94	3.96	4278160	16979944.00
2021/05/31	3.94	3.96	3.92	3.95	4099780	16142839.00
2021/06/01	3.98	3.98	3.93	3.96	3526679	13938185.00
2021/06/02	3.95	4.02	3.93	4.00	6042381	24022806.00
2021/06/03	3.98	4.01	3.94	3.95	5111400	20371566.00
2021/06/04	3.95	3.96	3.91	3.93	3695780	14518417.00
2021/06/07	3.92	3.94	3.91	3.93	2571180	10075475.00
2021/06/08	3.94	4.09	3.93	3.99	7862000	31514044.00
2021/06/09	4.02	4.05	3.97	4.03	7686600	30834456.00
2021/06/10	4.05	4.08	3.99	4.00	6644840	26735472.00
2021/06/11	3.97	4.09	3.94	4.08	10242564	41332808.00
2021/06/15	4.08	4.14	4.04	4.09	9573760	39127884.00
2021/06/16	4.07	4.10	3.99	4.00	6363710	25678652.00
2021/06/17	4.00	4.07	3.98	4.01	5067010	20416966.00
2021/06/18	4.00	4.03	3.92	4.02	5832300	23119010.00
2021/06/21	3.99	4.08	3.98	4.08	7310100	29567476.00
2021/06/22	4.07	4.24	4.06	4.16	12203990	50653984.00
2021/06/23	4.16	4.17	4.08	4.10	5610500	23039980.00
2021/06/24	4.10	4.24	4.08	4.20	11008540	45897312.00
2021/06/25	4.20	4.27	4.14	4.17	8741580	36661172.00
2021/06/28	4.18	4.19	4.06	4.08	6925120	28367236.00
2021/06/29	4.08	4.11	4.04	4.06	3816900	15537482.00
2021/06/30	4.07	4.11	4.05	4.07	3741440	15242496.00
2021/07/01	4.07	4.09	3.96	3.98	5194180	20931390.00
2021/07/02	3.98	3.99	3.94	3.94	4283720	16930152.00
2021/07/05	3.92	3.96	3.90	3.95	3834620	15065029.00
2021/07/06	3.94	4.01	3.94	3.97	2946240	11690705.00
2021/07/07	3.95	4.00	3.95	3.96	2677740	10613826.00
2021/07/08	3.97	3.97	3.89	3.90	3827240	15002344.00
2021/07/09	3.90	3.96	3.86	3.96	4031420	15768580.00
2021/07/12	3.96	3.99	3.93	3.93	4351508	17229144.00
2021/07/13	3.93	3.97	3.91	3.95	3444340	13569981.00
2021/07/14	3.94	3.95	3.92	3.92	2909100	11447997.00
2021/07/15	3.94	3.94	3.87	3.88	4160540	16187566.00
2021/07/16	3.87	3.90	3.84	3.84	3150440	12170303.00
2021/07/19	3.84	3.85	3.76	3.78	4179800	15859428.00
2021/07/20	3.78	3.82	3.74	3.82	3571580	13473529.00
2021/07/21	3.85	3.91	3.82	3.88	4398345	16993758.00
2021/07/22	3.86	3.87	3.82	3.85	3037740	11673199.00
2021/07/23	3.85	3.87	3.79	3.80	3378040	12905053.00
2021/07/26	3.79	3.80	3.72	3.76	3644368	13672918.00
2021/07/27	3.76	3.79	3.66	3.66	4763801	17710694.00
2021/07/28	3.65	3.65	3.52	3.55	5522824	19658418.00
2021/07/29	3.55	3.60	3.55	3.58	2839400	10153402.00
2021/07/30	3.57	3.60	3.56	3.59	3174760	11375623.00
2021/08/02	3.59	3.67	3.56	3.66	3424276	12399058.00
2021/08/03	3.64	3.72	3.63	3.69	3414720	12577726.00
2021/08/04	3.69	3.70	3.66	3.68	2723094	10004682.00
2021/08/05	3.67	3.70	3.66	3.69	2608320	9593448.00
2021/08/06	3.69	3.69	3.60	3.67	2787320	10185546.00
2021/08/09	3.68	3.71	3.65	3.70	3019320	11136135.00
2021/08/10	3.70	3.74	3.69	3.74	3803196	14124223.00
2021/08/11	3.73	3.76	3.71	3.75	3494714	13061796.00
2021/08/12	3.76	3.77	3.73	3.73	1995414	7467477.50
2021/08/13	3.73	3.78	3.72	3.75	3004040	11254371.00
2021/08/16	3.76	3.87	3.75	3.83	5631697	21549244.00
2021/08/17	3.83	3.88	3.79	3.80	6223960	23917774.00
2021/08/18	3.81	3.87	3.80	3.85	3983654	15304549.00
2021/08/19	3.83	3.84	3.77	3.79	2840740	10793775.00
2021/08/20	3.79	3.79	3.70	3.74	2922300	10906048.00
2021/08/23	3.73	3.85	3.73	3.83	3146260	12012166.00
2021/08/24	3.82	3.92	3.82	3.89	6166536	23982372.00
2021/08/25	3.89	3.92	3.85	3.92	3989340	15578666.00
2021/08/26	3.92	3.93	3.89	3.90	3881120	15159423.00
2021/08/27	3.89	3.90	3.79	3.82	5813800	22262914.00
2021/08/30	3.84	3.85	3.78	3.80	4337836	16512252.00
2021/08/31	3.80	3.93	3.77	3.85	7355100	28484136.00
2021/09/01	3.84	3.93	3.82	3.92	9074300	35355552.00
2021/09/02	3.90	3.97	3.88	3.96	7771830	30613676.00
2021/09/03	3.94	3.99	3.89	3.93	8857520	34825128.00
2021/09/06	3.93	4.01	3.90	4.00	8519840	33788020.00
2021/09/07	4.00	4.04	3.97	4.01	8113800	32543848.00
2021/09/08	4.00	4.09	3.99	4.08	8700300	35213836.00
2021/09/09	4.07	4.17	4.06	4.11	9301077	38206656.00
2021/09/10	4.11	4.32	4.08	4.13	15768632	66034768.00
2021/09/13	4.11	4.54	4.11	4.54	28576069	126390496.00
2021/09/14	4.55	4.98	4.36	4.70	58705508	270599456.00
2021/09/15	4.62	5.16	4.59	5.12	45580774	223747072.00
2021/09/16	5.00	5.63	4.90	5.41	60736250	323593792.00
2021/09/17	5.35	5.59	5.02	5.43	47334292	250934768.00
2021/09/22	5.12	5.12	4.89	4.93	42893645	212962288.00
2021/09/23	4.91	5.02	4.73	4.88	27318168	132517328.00
2021/09/24	4.88	4.88	4.50	4.55	25186500	117042200.00
2021/09/27	4.51	4.61	4.36	4.42	17366213	77412304.00
2021/09/28	4.43	4.52	4.40	4.50	14262620	63741984.00
2021/09/29	4.45	4.48	4.25	4.27	12121080	52710684.00
2021/09/30	4.31	4.40	4.28	4.40	8872000	38583848.00
2021/10/08	4.35	4.35	4.17	4.25	14943580	63433304.00
2021/10/11	4.25	4.29	4.18	4.27	10117996	42797312.00
2021/10/12	4.26	4.26	4.11	4.16	9090660	37873296.00
2021/10/13	4.17	4.43	4.05	4.39	21820540	92705704.00
2021/10/14	4.31	4.34	4.23	4.27	9477462	40579088.00
2021/10/15	4.23	4.26	4.14	4.18	7495280	31326958.00
2021/10/18	4.12	4.24	4.12	4.19	5891300	24657920.00
2021/10/19	4.19	4.29	4.10	4.22	10667662	44755788.00
2021/10/20	4.20	4.26	4.16	4.18	5817760	24465036.00
2021/10/21	4.18	4.20	4.10	4.13	6277556	25985822.00
2021/10/22	4.13	4.16	4.03	4.03	6197420	25353420.00
2021/10/25	4.01	4.10	3.97	4.09	5361258	21733244.00
2021/10/26	4.08	4.12	4.01	4.02	4623420	18728746.00
2021/10/27	4.02	4.04	3.86	3.90	7589780	29873518.00
2021/10/28	3.90	3.94	3.52	3.85	8792940	33772704.00
2021/10/29	3.84	3.89	3.73	3.85	6455480	24645056.00
2021/11/01	3.85	3.92	3.81	3.83	5643818	21778532.00
2021/11/02	3.84	3.86	3.70	3.76	5572940	21022448.00
2021/11/03	3.76	3.78	3.67	3.72	5441280	20270080.00
2021/11/04	3.72	3.81	3.71	3.80	4240800	15967232.00
2021/11/05	3.80	3.81	3.70	3.72	4930880	18441684.00
2021/11/08	3.74	3.80	3.73	3.79	4807980	18102582.00
2021/11/09	3.78	3.83	3.77	3.79	4196960	15922531.00
2021/11/10	3.80	3.80	3.73	3.78	3924800	14739316.00
2021/11/11	3.78	3.89	3.76	3.89	6401900	24647412.00
2021/11/12	3.95	3.95	3.84	3.87	5605940	21680470.00
2021/11/15	3.88	3.95	3.85	3.94	4736802	18500014.00
2021/11/16	3.94	3.98	3.90	3.92	5219500	20524520.00
2021/11/17	3.92	4.03	3.90	4.03	6289376	25063896.00
2021/11/18	4.04	4.19	3.99	4.13	13851276	57021436.00
2021/11/19	4.12	4.13	4.02	4.08	6451460	26214484.00
2021/11/22	4.07	4.12	4.03	4.07	5353420	21824676.00
2021/11/23	4.05	4.26	4.04	4.17	9767710	40830168.00
2021/11/24	4.16	4.28	4.12	4.24	7437642	31286860.00
2021/11/25	4.22	4.52	4.21	4.36	16327615	71237064.00
2021/11/26	4.39	4.55	4.34	4.42	14011899	62218208.00
2021/11/29	4.30	4.54	4.26	4.50	14800962	66033100.00
2021/11/30	4.53	4.90	4.43	4.84	25256798	118742504.00
2021/12/01	4.93	4.95	4.72	4.75	18673386	89372832.00
2021/12/02	4.69	5.10	4.67	4.81	21266216	103791408.00
2021/12/03	4.75	4.94	4.70	4.81	15650399	74849408.00
2021/12/06	4.75	4.78	4.50	4.58	17427100	80764304.00
2021/12/07	4.60	4.72	4.50	4.54	13425400	61394976.00
2021/12/08	4.55	4.59	4.40	4.45	15028542	66982584.00
2021/12/09	4.47	4.48	4.36	4.38	7838220	34518336.00
2021/12/10	4.37	4.58	4.31	4.46	10059649	45051272.00
2021/12/13	4.46	4.63	4.36	4.44	10092980	44984784.00
2021/12/14	4.39	4.44	4.32	4.36	7683480	33574372.00
2021/12/15	4.41	4.51	4.31	4.47	11636540	51773304.00
2021/12/16	4.47	4.55	4.41	4.54	9948880	44584936.00
2021/12/17	4.56	4.59	4.45	4.48	7304260	32947968.00
2021/12/20	4.44	4.83	4.38	4.55	18636838	84998968.00
2021/12/21	4.53	4.77	4.51	4.73	23890940	111698168.00
2021/12/22	4.70	4.75	4.58	4.68	12734534	59243296.00
2021/12/23	4.68	4.88	4.63	4.87	19884540	95076448.00
2021/12/24	4.87	4.88	4.55	4.59	13700860	64625592.00
2021/12/27	4.62	4.70	4.59	4.65	6089140	28367540.00
2021/12/28	4.61	4.66	4.41	4.57	12196460	54981248.00
2021/12/29	4.58	4.62	4.45	4.45	7276260	32905192.00
2021/12/30	4.43	4.65	4.42	4.53	6747760	30708760.00
2021/12/31	4.54	4.82	4.50	4.66	10865926	51033712.00
2022/01/04	4.72	4.83	4.66	4.76	10560906	50357716.00
2022/01/05	4.79	4.81	4.60	4.63	7709119	35945992.00
2022/01/06	4.67	4.92	4.65	4.91	15582540	75060624.00
2022/01/07	4.95	5.02	4.78	4.82	14115274	68707008.00
2022/01/10	4.82	5.26	4.74	5.15	29358580	147594480.00
2022/01/11	5.03	5.14	4.94	4.98	21999492	110252992.00
2022/01/12	4.96	5.01	4.86	4.87	11764420	57629496.00
2022/01/13	4.87	4.94	4.84	4.87	7035300	34372056.00
2022/01/14	4.90	4.90	4.62	4.63	13069090	61653268.00
2022/01/17	4.62	4.67	4.59	4.63	6507460	30094520.00
2022/01/18	4.65	4.65	4.46	4.50	9120520	41146304.00
2022/01/19	4.49	4.67	4.45	4.59	7846720	35834848.00
2022/01/20	4.56	4.59	4.41	4.42	6982040	31265238.00
2022/01/21	4.43	4.63	4.39	4.48	7546900	34008528.00
2022/01/24	4.46	4.57	4.42	4.45	6078300	27228472.00
2022/01/25	4.48	4.48	4.09	4.10	12282660	51722336.00
2022/01/26	4.10	4.29	4.10	4.25	10866580	45871288.00
2022/01/27	4.26	4.27	4.13	4.16	7873180	33030108.00
2022/01/28	4.19	4.27	4.13	4.21	5941112	25028642.00
2022/02/07	4.26	4.50	4.20	4.45	11520460	50434268.00
2022/02/08	4.47	4.56	4.40	4.50	10405140	46647336.00
2022/02/09	4.43	4.68	4.43	4.57	14512800	66439728.00
2022/02/10	4.57	5.03	4.54	5.03	22081642	109511592.00
2022/02/11	5.53	5.53	5.53	5.53	9335619	51625972.00
2022/02/14	6.08	6.08	6.08	6.08	4920940	29919316.00
2022/02/15	6.69	6.69	6.69	6.69	4968758	33240992.00
2022/02/16	6.85	7.36	6.50	7.36	149274931	1054151744.00
2022/02/17	7.58	8.10	6.68	6.90	176676745	1350990848.00
2022/02/18	6.21	7.15	6.21	6.45	132875761	864652864.00
2022/02/21	5.81	6.57	5.81	6.43	196250539	1197336448.00
2022/02/22	6.22	6.66	6.12	6.16	175700643	1125284864.00
2022/02/23	5.99	6.26	5.70	6.08	157132773	929224512.00
2022/02/24	5.88	5.93	5.47	5.47	115380140	656034304.00
2022/02/25	5.44	5.52	5.18	5.19	106349083	563896960.00
2022/02/28	5.14	5.21	5.07	5.21	62850140	323188576.00
2022/03/01	5.22	5.26	5.12	5.25	60938905	317018752.00
2022/03/02	5.20	5.34	5.16	5.31	61445245	323010336.00
2022/03/03	5.29	5.29	5.15	5.18	58867960	306571680.00
2022/03/04	5.18	5.19	5.04	5.04	50744440	258527904.00
2022/03/07	5.04	5.16	5.02	5.07	38691970	197031376.00
2022/03/08	5.04	5.11	4.84	4.96	46592080	232999360.00
2022/03/09	5.00	5.08	4.85	5.08	52477332	262222368.00
2022/03/10	5.12	5.20	5.05	5.20	67333943	346095680.00
2022/03/11	5.10	5.22	4.95	5.20	57433603	291488608.00
2022/03/14	5.10	5.48	5.08	5.24	88544165	470919904.00
2022/03/15	5.17	5.42	5.12	5.38	101105729	537110272.00
2022/03/16	5.45	5.92	5.18	5.71	135498989	743115712.00
2022/03/17	5.60	5.86	5.55	5.60	119799192	683501504.00
2022/03/18	5.53	5.70	5.43	5.58	65038940	364438208.00
2022/03/21	5.53	5.92	5.51	5.82	92434843	531289888.00
2022/03/22	5.74	5.77	5.49	5.51	73004180	409497920.00
2022/03/23	5.48	5.60	5.27	5.30	64074420	345404384.00
2022/03/24	5.31	5.35	5.17	5.19	37346100	195265120.00
2022/03/25	5.18	5.40	5.15	5.28	50293552	265811424.00
2022/03/28	5.23	5.45	5.12	5.40	47396180	253055200.00
2022/03/29	5.41	5.41	5.15	5.16	45693860	239148864.00
2022/03/30	5.17	5.30	5.17	5.21	31568680	165230032.00
2022/03/31	5.48	5.73	5.45	5.73	36136555	205496688.00
2022/04/01	5.90	6.13	5.55	5.66	163686295	963633280.00
2022/04/06	5.55	6.23	5.51	6.23	155443307	937835200.00
2022/04/07	6.17	6.83	5.92	6.02	185528006	1186202880.00
2022/04/08	5.80	6.44	5.80	6.34	133039240	827442688.00
2022/04/11	6.21	6.26	5.80	5.98	97954440	592550464.00
2022/04/12	5.98	6.08	5.61	5.94	81012220	474175712.00
2022/04/13	5.75	5.80	5.35	5.35	84688140	464179904.00
2022/04/14	5.24	5.58	5.09	5.47	65176944	353037920.00
2022/04/15	5.45	5.66	5.16	5.19	63095404	341498144.00
2022/04/18	5.05	5.31	4.98	5.12	45430239	233885904.00
2022/04/19	5.17	5.21	5.02	5.08	35081119	178177472.00
2022/04/20	5.09	5.11	4.76	4.83	45941649	225628832.00
2022/04/21	4.78	4.80	4.48	4.50	42441300	195197136.00
2022/04/22	4.48	4.60	4.39	4.54	33425040	151066112.00
2022/04/25	4.49	4.54	4.17	4.17	39734420	172612176.00
2022/04/26	4.25	4.41	4.19	4.24	40611120	173804640.00
2022/04/27	4.42	4.66	4.36	4.58	80070640	363343904.00
2022/04/28	4.47	4.57	4.25	4.49	72443389	320467200.00
2022/04/29	4.30	4.55	4.23	4.50	67027249	296560800.00
2022/05/05	4.47	4.65	4.45	4.58	53685880	245097504.00
2022/05/06	4.40	4.55	4.36	4.45	32171000	143455568.00
2022/05/09	4.69	4.90	4.65	4.90	20636420	100347264.00
2022/05/10	5.30	5.30	4.95	5.13	116293349	594452288.00
2022/05/11	5.09	5.35	4.95	4.96	102603655	524748992.00
2022/05/12	5.04	5.09	4.86	5.01	60134100	299093696.00
2022/05/13	5.02	5.06	4.82	4.92	41819220	205944784.00
2022/05/16	4.91	4.97	4.81	4.88	33437680	163198096.00
2022/05/17	4.98	5.14	4.88	5.09	72361040	363138464.00
2022/05/18	4.94	4.99	4.88	4.90	47476620	234140096.00
2022/05/19	4.80	4.90	4.74	4.88	34230084	165537296.00
2022/05/20	4.91	5.01	4.89	4.95	40207209	198815536.00
2022/05/23	4.90	5.14	4.83	5.13	57355221	285955136.00
2022/05/24	5.64	5.64	5.02	5.02	104625429	560562560.00
2022/05/25	4.78	5.04	4.75	5.00	59212340	291588768.00
2022/05/26	5.00	5.25	4.97	5.10	60562204	311416544.00
2022/05/27	5.10	5.23	4.97	5.14	59325116	302903936.00
2022/05/30	5.09	5.12	4.91	4.96	42767975	213380576.00
2022/05/31	4.97	4.99	4.76	4.83	37692185	182043440.00
2022/06/01	4.79	4.97	4.76	4.88	28875836	140658304.00
2022/06/02	4.87	4.88	4.70	4.71	35329496	168176896.00
2022/06/06	4.68	4.82	4.66	4.75	23392213	110910176.00
2022/06/07	4.76	4.77	4.63	4.71	24855640	116689472.00
2022/06/08	4.71	4.74	4.57	4.64	22627200	105149936.00
2022/06/09	4.63	4.79	4.59	4.78	35910460	169032160.00
2022/06/10	4.72	4.78	4.66	4.75	24142010	113849104.00
2022/06/13	4.69	4.73	4.58	4.60	24149912	111897720.00
2022/06/14	4.56	4.66	4.49	4.61	19464768	89052760.00
2022/06/15	4.57	4.72	4.57	4.65	23619158	109976384.00
2022/06/16	4.65	4.66	4.59	4.61	14968840	69177240.00
2022/06/17	4.56	4.60	4.50	4.57	16793480	76351208.00
2022/06/20	4.57	4.64	4.56	4.60	12940584	59681204.00
2022/06/21	4.62	4.69	4.56	4.65	19996780	92631288.00
2022/06/22	4.68	4.68	4.51	4.51	14839900	67870120.00
2022/06/23	4.51	4.54	4.41	4.54	16073340	72183560.00
2022/06/24	4.51	4.55	4.46	4.49	15260300	68707456.00
2022/06/27	4.51	4.54	4.46	4.48	13085200	58794028.00
2022/06/28	4.47	4.57	4.44	4.56	18196759	82301104.00
2022/06/29	4.54	4.75	4.53	4.63	34841900	162519152.00
2022/06/30	4.66	5.00	4.57	4.84	55795845	267633184.00
2022/07/01	4.90	4.95	4.75	4.88	44194365	214717504.00
2022/07/04	4.81	4.84	4.71	4.72	26105400	123927760.00
2022/07/05	4.71	4.73	4.58	4.65	22800190	106042336.00
2022/07/06	4.62	4.65	4.48	4.52	16966700	77020512.00
2022/07/07	4.50	4.57	4.50	4.51	12386000	55987600.00
2022/07/08	4.51	4.59	4.51	4.54	12653150	57633392.00
2022/07/11	4.54	4.59	4.47	4.57	14072720	63718440.00
2022/07/12	4.59	4.74	4.53	4.69	28258240	131865728.00
2022/07/13	4.78	4.82	4.63	4.65	25746080	120900968.00
2022/07/14	4.65	4.67	4.51	4.51	19911220	90635880.00
2022/07/15	4.51	4.53	4.27	4.29	26261600	115228664.00
2022/07/18	4.30	4.58	4.30	4.49	20246780	90443400.00
2022/07/19	4.47	4.51	4.42	4.47	10883380	48560676.00
2022/07/20	4.47	4.51	4.45	4.50	10216604	45794136.00
2022/07/21	4.47	4.56	4.39	4.42	14382920	64221192.00
2022/07/22	4.42	4.47	4.35	4.42	10217864	45077200.00
2022/07/25	4.40	4.45	4.36	4.38	7404480	32520076.00
2022/07/26	4.38	4.44	4.35	4.44	7917640	34861256.00
2022/07/27	4.42	4.60	4.40	4.55	20016642	90448320.00
2022/07/28	4.55	4.63	4.52	4.58	19750040	90378160.00
2022/07/29	4.59	4.60	4.53	4.59	11869840	54239660.00
2022/08/01	4.58	4.81	4.52	4.78	36198354	171332496.00
2022/08/02	4.75	4.75	4.44	4.62	31736355	145337376.00
2022/08/03	4.63	4.72	4.62	4.63	20651180	96384360.00
2022/08/04	4.64	4.78	4.63	4.75	14912340	70148984.00
2022/08/05	4.76	4.78	4.69	4.74	14483740	68643592.00
2022/08/08	4.73	5.00	4.71	4.91	35094736	171176960.00
2022/08/09	4.97	5.30	4.92	5.20	54619935	282286848.00
2022/08/10	5.21	5.30	5.18	5.24	31775965	166642976.00
2022/08/11	5.28	5.39	5.09	5.12	39034375	204102176.00
2022/08/12	5.14	5.15	5.01	5.04	25850109	130899120.00
2022/08/15	5.05	5.17	5.03	5.08	16082380	81727768.00
2022/08/16	5.12	5.16	5.02	5.06	13681000	69319184.00
2022/08/17	5.04	5.11	4.94	4.98	16998380	84637288.00
2022/08/18	4.95	4.98	4.87	4.90	17510642	86082464.00
2022/08/19	4.92	4.94	4.81	4.83	14688980	71390672.00
2022/08/22	4.81	4.88	4.79	4.85	12169520	58896620.00
2022/08/23	4.83	4.85	4.74	4.79	12108139	57790228.00
2022/08/24	4.82	4.94	4.70	4.71	20460860	98096936.00
2022/08/25	4.71	4.80	4.64	4.75	12693360	59969080.00
2022/08/26	4.78	4.80	4.63	4.66	13448900	63195704.00
2022/08/29	4.57	4.74	4.54	4.73	13095060	61210248.00
2022/08/30	4.73	4.90	4.71	4.81	20068260	96793424.00
2022/08/31	4.82	4.85	4.64	4.66	14487853	68104672.00
2022/09/01	4.67	4.80	4.66	4.70	13951427	65909104.00
2022/09/02	4.71	4.79	4.67	4.76	11432420	54129260.00
2022/09/05	4.76	4.91	4.73	4.88	16291900	79123040.00
2022/09/06	4.89	4.92	4.84	4.87	11000050	53484520.00
2022/09/07	4.88	5.02	4.83	4.98	20262275	100506400.00
2022/09/08	5.11	5.11	4.87	5.02	23165960	115218520.00
2022/09/09	5.04	5.13	4.96	5.04	15297960	76952192.00
2022/09/13	5.07	5.10	4.88	4.90	23384860	116521344.00
2022/09/14	4.74	4.87	4.66	4.68	25012162	118656272.00
2022/09/15	4.68	4.78	4.48	4.58	18083420	83150088.00
2022/09/16	4.58	4.60	4.47	4.50	14076900	63621400.00
2022/09/19	4.46	4.63	4.46	4.61	14719260	67374416.00
2022/09/20	4.61	4.68	4.53	4.57	13583820	62223412.00
2022/09/21	4.56	4.63	4.49	4.61	8723940	39935196.00
2022/09/22	4.60	4.63	4.50	4.50	9651680	43906992.00
2022/09/23	4.50	4.56	4.42	4.43	9567020	42851720.00
2022/09/26	4.38	4.43	4.16	4.20	14115740	60238032.00
2022/09/27	4.20	4.36	4.17	4.35	10972700	46860864.00
2022/09/28	4.33	4.37	4.24	4.30	9013000	38837084.00
2022/09/29	4.31	4.36	4.19	4.20	9158905	39007188.00
2022/09/30	4.20	4.24	4.13	4.21	8589338	35964308.00
2022/10/10	4.22	4.24	4.02	4.07	8687170	35845992.00
2022/10/11	4.08	4.12	3.97	4.11	6878150	27811142.00
2022/10/12	4.10	4.14	3.99	4.14	8002060	32609068.00
2022/10/13	4.14	4.20	4.07	4.15	10011500	41409508.00
2022/10/14	4.15	4.24	4.14	4.22	12976700	54600304.00
2022/10/17	4.22	4.33	4.20	4.32	9393530	40196064.00
2022/10/18	4.34	4.34	4.26	4.26	5579240	23907700.00
2022/10/19	4.27	4.30	4.20	4.21	6963740	29517888.00
2022/10/20	4.19	4.21	4.11	4.15	6928730	28829546.00
2022/10/21	4.15	4.23	4.13	4.16	6895290	28791804.00
2022/10/24	4.20	4.22	4.03	4.05	8097920	33360568.00
2022/10/25	4.05	4.11	3.99	4.08	6462340	26174312.00
2022/10/26	4.12	4.16	4.08	4.10	7214820	29697378.00
2022/10/27	4.10	4.13	4.04	4.06	6912380	28134442.00
2022/10/28	4.04	4.04	3.81	3.82	17186893	66999736.00
2022/10/31	3.80	3.87	3.77	3.82	7212200	27603664.00
2022/11/01	3.84	3.91	3.83	3.91	7599900	29433644.00
2022/11/02	3.93	3.96	3.86	3.93	7341930	28766466.00
2022/11/03	3.92	4.00	3.88	3.96	9843800	38841676.00
2022/11/04	3.93	4.14	3.93	4.10	14269947	58045288.00
2022/11/07	4.09	4.23	4.08	4.18	14867257	62041104.00
2022/11/08	4.17	4.34	4.13	4.27	17156060	72562136.00
2022/11/09	4.25	4.70	4.24	4.42	38814436	174506416.00
2022/11/10	4.35	4.47	4.24	4.41	30377090	131898456.00
2022/11/11	4.85	4.85	4.85	4.85	16126190	78212024.00
2022/11/14	5.01	5.26	4.62	4.66	81773493	393812320.00
2022/11/15	4.60	4.65	4.49	4.53	47204932	213924976.00
2022/11/16	4.52	4.57	4.43	4.55	30802603	138669856.00
2022/11/17	4.48	4.80	4.46	4.58	36543305	168321712.00
2022/11/18	4.59	4.61	4.41	4.43	24440959	109824464.00
2022/11/21	4.33	4.45	4.33	4.43	16021864	70475568.00
2022/11/22	4.69	4.87	4.65	4.87	39014424	188103440.00
2022/11/23	4.85	4.93	4.56	4.66	58189131	276193376.00
2022/11/24	4.72	4.94	4.67	4.74	36078489	171334816.00
2022/11/25	4.63	4.77	4.63	4.70	25609290	120206608.00
2022/11/28	4.71	4.79	4.60	4.67	23589398	110799312.00
2022/11/29	4.71	4.85	4.68	4.76	31480917	149566432.00
2022/11/30	4.74	4.85	4.72	4.76	21046658	100354384.00
2022/12/01	4.78	4.82	4.66	4.68	18883300	88849528.00
2022/12/02	4.66	4.78	4.64	4.77	17812742	84054048.00
2022/12/05	4.77	4.83	4.72	4.82	22107451	105829808.00
2022/12/06	4.82	4.82	4.69	4.72	15999066	75662936.00
2022/12/07	4.70	4.72	4.61	4.71	12158705	56738892.00
2022/12/08	4.71	4.81	4.62	4.80	19874600	94293816.00
2022/12/09	4.80	5.17	4.77	4.96	49654283	246406896.00
2022/12/12	4.91	5.02	4.84	4.89	23406383	114690320.00
2022/12/13	4.92	4.94	4.82	4.88	14463860	70459672.00
2022/12/14	4.97	4.98	4.45	4.86	20932700	101882232.00
2022/12/15	4.87	4.92	4.73	4.78	13986560	66886204.00
2022/12/16	4.73	4.80	4.70	4.73	9256400	43982200.00
2022/12/19	4.69	4.75	4.59	4.60	11212020	51989564.00
2022/12/20	4.61	4.69	4.53	4.63	6970100	32206796.00
2022/12/21	4.64	4.65	4.53	4.55	7392080	33747012.00
2022/12/22	4.58	4.62	4.46	4.47	7886760	35817092.00
2022/12/23	4.48	4.57	4.44	4.53	5920440	26703304.00
2022/12/26	4.52	4.62	4.50	4.61	6072760	27802852.00
2022/12/27	4.61	4.70	4.57	4.58	9692420	44875156.00
2022/12/28	4.58	4.60	4.45	4.47	11969880	53750816.00
2022/12/29	4.44	4.49	4.25	4.27	13093543	56771512.00
2022/12/30	4.30	4.33	4.25	4.28	8102680	34718120.00
2023/01/03	4.29	4.48	4.29	4.46	10701480	47164576.00
2023/01/04	4.48	4.54	4.41	4.53	8579980	38568832.00
2023/01/05	4.53	4.55	4.44	4.45	8323900	37239648.00
2023/01/06	4.48	4.51	4.40	4.41	7214240	32052384.00
2023/01/09	4.41	4.45	4.39	4.41	6528700	28861952.00
2023/01/10	4.41	4.44	4.35	4.37	6297000	27534668.00
2023/01/11	4.35	4.42	4.29	4.30	7623463	33211370.00
2023/01/12	4.32	4.32	4.22	4.24	8063060	34339720.00
2023/01/13	4.25	4.29	4.23	4.27	7439160	31668058.00
2023/01/16	4.26	4.33	4.23	4.28	10403540	44670520.00
2023/01/17	4.29	4.29	4.17	4.22	10433370	44042344.00
2023/01/18	4.22	4.25	4.21	4.25	5563540	23587160.00
2023/01/19	4.25	4.30	4.22	4.28	7525900	32020508.00
2023/01/20	4.33	4.37	4.28	4.36	13039680	56471176.00
2023/01/30	4.40	4.43	4.36	4.39	13404980	58948192.00
2023/01/31	4.35	4.41	4.32	4.41	13464540	58790160.00
2023/02/01	4.41	4.52	4.41	4.51	12940880	57775428.00
2023/02/02	4.51	4.55	4.48	4.50	9073280	40860176.00
2023/02/03	4.50	4.56	4.45	4.55	9449320	42518028.00
2023/02/06	4.55	4.62	4.50	4.61	11124740	50978008.00
2023/02/07	4.62	4.69	4.58	4.67	11668640	54112468.00
2023/02/08	4.68	4.68	4.56	4.58	9469060	43669768.00
2023/02/09	4.56	4.60	4.53	4.59	8383940	38335868.00
2023/02/10	4.57	4.65	4.56	4.62	9827545	45332532.00
数据来源:通达信
