688766 普冉股份 日线 不复权
      日期	    开盘	    最高	    最低	    收盘	    成交量	    成交额
2021/08/23	423.00	498.00	415.00	485.10	5826865	2688304640.00
2021/08/24	484.00	512.99	466.66	487.00	2825012	1383009664.00
2021/08/25	474.00	536.00	472.66	522.40	2272433	1145797504.00
2021/08/26	519.00	528.00	488.89	505.99	1540903	780738688.00
2021/08/27	500.11	507.56	490.80	495.09	853435	424042496.00
2021/08/30	499.99	514.95	472.00	477.00	1434978	704640960.00
2021/08/31	464.00	478.00	440.00	443.00	1386735	636128704.00
2021/09/01	438.28	449.80	423.00	430.20	788880	343587424.00
2021/09/02	430.11	445.25	426.07	444.96	662265	288874528.00
2021/09/03	440.06	466.00	432.10	457.00	775782	348868096.00
2021/09/06	457.00	469.98	433.30	435.00	991415	442234208.00
2021/09/07	435.42	438.55	423.53	430.45	500606	215263968.00
2021/09/08	431.00	437.77	429.11	431.63	338309	146516768.00
2021/09/09	428.34	428.34	388.50	389.00	984961	394348576.00
2021/09/10	386.00	409.78	375.08	397.00	1187542	469104480.00
2021/09/13	390.19	391.00	368.88	369.88	734548	275182624.00
2021/09/14	370.00	375.00	363.68	364.98	632478	233279664.00
2021/09/15	365.00	366.93	353.60	356.76	647468	232148416.00
2021/09/16	359.74	364.99	350.30	355.20	524293	187385936.00
2021/09/17	357.50	361.59	351.00	354.00	480587	170747824.00
2021/09/22	347.00	356.00	345.00	347.18	417547	146312240.00
2021/09/23	347.28	355.84	345.48	351.40	438793	154564976.00
2021/09/24	351.00	354.55	332.10	332.80	639161	218725616.00
2021/09/27	334.50	337.00	318.00	324.42	668988	218193520.00
2021/09/28	328.00	338.21	321.02	328.15	423884	140448016.00
2021/09/29	327.00	327.00	313.10	315.80	583935	185661664.00
2021/09/30	318.23	320.60	315.00	316.50	293441	93336512.00
2021/10/08	318.80	332.66	318.01	324.47	416530	135469968.00
2021/10/11	329.00	329.80	318.00	325.40	388610	125880576.00
2021/10/12	319.90	346.54	316.88	342.00	676062	223144592.00
2021/10/13	338.10	349.00	333.30	348.00	477021	163179296.00
2021/10/14	346.10	369.55	346.00	365.07	721935	261165376.00
2021/10/15	366.00	372.70	355.80	366.70	560762	204515984.00
2021/10/18	363.00	365.07	345.22	347.70	513759	180739728.00
2021/10/19	347.00	350.50	335.12	337.43	598998	204342144.00
2021/10/20	337.98	341.05	321.44	327.88	856342	281131904.00
2021/10/21	326.95	329.00	324.02	327.26	369941	120727696.00
2021/10/22	327.00	336.99	327.00	328.11	485311	161343936.00
2021/10/25	332.04	335.50	315.00	334.88	472184	152749104.00
2021/10/26	332.00	348.98	332.00	347.36	575313	196878528.00
2021/10/27	346.00	346.79	322.00	325.40	442204	148026672.00
2021/10/28	334.00	365.64	333.01	361.67	1182178	420909696.00
2021/10/29	357.00	382.00	356.98	371.21	913247	338949760.00
2021/11/01	408.00	415.00	385.00	398.99	1669410	665798208.00
2021/11/02	397.35	409.49	390.50	393.00	1040424	415796320.00
2021/11/03	392.35	403.90	389.02	396.16	597021	236676144.00
2021/11/04	396.01	399.55	388.28	398.00	557877	219942848.00
2021/11/05	402.00	416.50	391.55	392.00	634650	256150464.00
2021/11/08	387.97	397.92	377.70	397.00	511566	196904000.00
2021/11/09	394.00	417.88	392.02	417.70	636075	261369168.00
2021/11/10	417.78	419.95	407.00	417.65	419441	173840960.00
2021/11/11	414.00	428.00	411.00	417.28	496374	208340592.00
2021/11/12	413.50	423.00	409.09	419.52	296637	123674888.00
2021/11/15	422.85	422.85	393.07	397.00	582607	235049552.00
2021/11/16	395.97	403.50	388.35	390.00	393044	155901952.00
2021/11/17	393.00	413.75	390.02	413.20	475229	192868432.00
2021/11/18	412.82	422.82	409.18	413.25	346820	144312304.00
2021/11/19	411.11	437.99	411.10	437.00	598026	257166832.00
2021/11/22	434.93	447.80	433.10	440.03	578683	255403776.00
2021/11/23	439.99	447.00	432.00	436.00	331881	145659632.00
2021/11/24	435.99	458.60	433.00	435.44	648921	288403264.00
2021/11/25	431.94	447.33	430.00	435.00	360924	157887600.00
2021/11/26	433.97	438.58	425.27	433.00	313294	135134112.00
2021/11/29	427.07	442.99	425.58	441.45	322375	140952864.00
2021/11/30	443.18	448.80	432.63	436.38	332746	146500080.00
2021/12/01	436.29	458.28	433.30	438.03	437376	194872896.00
2021/12/02	439.50	439.51	423.00	424.00	397531	169937968.00
2021/12/03	426.70	438.80	423.58	425.00	298226	128424960.00
2021/12/06	425.00	425.00	403.90	409.14	405514	166543536.00
2021/12/07	412.00	412.93	389.00	391.90	398612	157969136.00
2021/12/08	396.88	401.80	391.20	396.70	292780	116263008.00
2021/12/09	396.81	403.33	395.42	400.00	257461	102699888.00
2021/12/10	397.78	407.00	393.69	395.00	300036	119845816.00
2021/12/13	394.60	397.45	390.80	392.01	254198	100114760.00
2021/12/14	392.09	395.44	390.69	392.99	166128	65212976.00
2021/12/15	389.98	393.99	375.99	377.00	469048	178826176.00
2021/12/16	379.88	379.99	373.30	376.00	199650	75104816.00
2021/12/17	376.75	377.66	363.00	366.21	324890	119386048.00
2021/12/20	363.85	369.48	357.00	358.00	194988	70619568.00
2021/12/21	357.98	361.58	352.75	357.50	157536	56195888.00
2021/12/22	358.51	368.88	356.18	363.91	285652	103978352.00
2021/12/23	364.53	364.53	355.00	356.06	210100	75472784.00
2021/12/24	356.38	356.38	346.74	349.35	215435	75460816.00
2021/12/27	348.00	353.97	344.00	345.00	167381	58300788.00
2021/12/28	345.51	353.65	345.51	352.26	179251	62782856.00
2021/12/29	350.00	351.97	341.18	346.80	255319	88056008.00
2021/12/30	346.00	359.00	346.00	356.00	316126	112123208.00
2021/12/31	355.00	357.71	351.57	354.61	245057	86835792.00
2022/01/04	354.56	357.50	338.00	341.75	340160	117521096.00
2022/01/05	339.36	343.88	332.00	334.47	305129	102210648.00
2022/01/06	333.50	337.26	327.72	334.21	271473	90243232.00
2022/01/07	333.86	339.90	333.45	336.00	210292	70725552.00
2022/01/10	335.01	338.00	326.11	337.08	185533	61771800.00
2022/01/11	337.08	338.88	328.00	328.43	238557	79132608.00
2022/01/12	330.91	339.05	330.69	338.50	278782	93482464.00
2022/01/13	337.00	338.26	330.10	332.26	257189	85796872.00
2022/01/14	330.00	353.35	329.08	348.12	462193	159674736.00
2022/01/17	347.95	355.91	345.28	352.43	344798	121274128.00
2022/01/18	352.55	368.68	351.00	356.34	467073	168111536.00
2022/01/19	352.18	356.20	348.50	352.20	238830	84043640.00
2022/01/20	349.00	365.20	349.00	352.97	289695	103364512.00
2022/01/21	357.48	357.48	323.10	325.10	531882	177319008.00
2022/01/24	324.00	325.91	315.01	324.02	249703	79923248.00
2022/01/25	320.35	327.81	313.20	313.97	205815	65675192.00
2022/01/26	318.90	319.80	307.10	311.22	193462	60451440.00
2022/01/27	315.00	324.08	310.99	312.93	317671	101017424.00
2022/01/28	313.00	319.16	298.94	301.02	341331	103913208.00
2022/02/07	306.51	307.38	298.02	300.98	161671	48540356.00
2022/02/08	299.89	299.90	284.09	290.50	301243	86999400.00
2022/02/09	290.00	298.59	288.88	297.18	203231	59824456.00
2022/02/10	297.18	299.09	287.00	291.71	243703	71085328.00
2022/02/11	291.71	291.71	284.10	285.57	214566	61410976.00
2022/02/14	284.00	285.88	276.99	285.75	167696	47390836.00
2022/02/15	285.69	291.88	283.41	289.69	239994	69302448.00
2022/02/16	293.00	293.99	286.80	289.89	137796	39865208.00
2022/02/17	287.28	298.55	287.20	293.05	255717	75073832.00
2022/02/18	290.50	292.00	284.33	287.01	207332	59537680.00
2022/02/21	287.87	292.99	285.61	290.80	186048	53954464.00
2022/02/22	290.50	290.50	278.00	279.79	271851	76512760.00
2022/02/23	284.46	325.38	280.00	322.97	1095735	342238304.00
2022/02/24	317.00	319.87	301.52	306.99	769169	239594240.00
2022/02/25	311.69	316.98	309.00	310.58	371482	116220096.00
2022/02/28	308.75	318.00	308.75	313.38	319119	100130960.00
2022/03/01	312.11	322.53	308.00	319.38	453107	142881904.00
2022/03/02	316.81	318.77	310.03	314.25	247722	77551312.00
2022/03/03	314.90	316.60	307.11	307.20	204088	63245452.00
2022/03/04	306.91	315.32	304.32	308.50	258250	80386616.00
2022/03/07	305.62	307.51	291.62	293.18	305742	90755096.00
2022/03/08	293.00	304.67	285.84	293.20	367340	108131424.00
2022/03/09	294.76	304.67	288.53	303.68	406777	121001968.00
2022/03/10	313.00	316.00	301.42	301.99	526730	162973072.00
2022/03/11	297.95	303.81	290.95	303.50	307758	91944160.00
2022/03/14	300.00	304.79	286.51	288.07	320460	93987904.00
2022/03/15	283.01	293.40	279.01	284.01	272187	77824952.00
2022/03/16	286.88	289.98	267.32	285.88	556829	154975472.00
2022/03/17	295.00	295.44	285.51	286.03	419587	122175504.00
2022/03/18	284.68	284.68	276.00	279.78	242445	67621224.00
2022/03/21	286.66	313.82	286.00	307.99	748588	228076112.00
2022/03/22	305.37	311.87	305.08	308.00	344018	106116488.00
2022/03/23	307.38	309.90	305.08	307.88	231779	71180224.00
2022/03/24	304.88	307.66	301.91	304.30	236252	71859048.00
2022/03/25	307.00	314.50	298.50	299.99	311582	95625056.00
2022/03/28	297.14	299.38	289.01	289.60	255503	74810472.00
2022/03/29	289.60	293.03	285.20	286.99	196469	56766160.00
2022/03/30	289.26	293.40	286.33	292.50	224650	65320720.00
2022/03/31	290.00	294.87	285.00	292.59	205048	59646208.00
2022/04/01	290.09	322.54	286.15	313.10	587383	182698640.00
2022/04/06	309.60	314.88	302.58	305.88	290866	89707640.00
2022/04/07	301.11	321.99	301.11	316.29	434724	135988256.00
2022/04/08	316.29	332.80	311.05	324.30	523817	169182144.00
2022/04/11	324.20	324.20	312.60	312.60	377484	119779712.00
2022/04/12	311.11	323.96	306.38	322.46	370086	117268496.00
2022/04/13	320.73	327.98	303.66	304.47	398828	126844992.00
2022/04/14	305.09	308.80	267.00	280.93	936257	263284496.00
2022/04/15	272.00	272.00	258.30	258.70	539087	142571376.00
2022/04/18	250.00	264.87	250.00	260.80	252039	65307256.00
2022/04/19	258.30	262.18	252.01	252.99	255645	65283036.00
2022/04/20	253.00	256.80	245.20	245.20	270576	67806528.00
2022/04/21	243.98	247.85	231.20	231.20	414579	98762824.00
2022/04/22	231.49	232.00	218.23	225.00	469658	105154912.00
2022/04/25	220.00	228.33	213.00	213.18	384188	85011056.00
2022/04/26	217.00	217.98	181.07	182.96	953349	185891712.00
2022/04/27	178.83	199.27	175.00	198.41	862932	161073424.00
2022/04/28	195.01	196.00	187.01	190.62	374283	71730808.00
2022/04/29	193.99	200.55	189.12	197.60	432599	84839896.00
2022/05/05	195.68	209.94	195.68	202.01	444435	90438032.00
2022/05/06	198.00	203.80	195.00	198.70	233561	46528208.00
2022/05/09	196.78	200.41	195.19	195.73	157522	31114850.00
2022/05/10	192.03	205.40	191.88	202.25	254780	51282712.00
2022/05/11	203.52	216.29	201.30	210.02	359674	76217312.00
2022/05/12	206.59	213.00	205.55	210.89	246688	51854848.00
2022/05/13	210.95	224.00	207.20	222.27	316627	67768184.00
2022/05/16	222.22	222.88	213.67	215.80	291324	63402140.00
2022/05/17	215.50	220.79	211.18	216.41	228708	49591956.00
2022/05/18	216.97	218.55	213.00	214.88	138310	29900476.00
2022/05/19	213.80	223.00	211.08	222.94	355797	77489648.00
2022/05/20	222.88	226.85	219.40	224.70	222475	49495788.00
2022/05/23	224.41	229.46	222.48	228.42	143184	32410466.00
2022/05/24	227.87	228.80	216.28	216.40	242358	53677280.00
2022/05/25	155.00	159.84	151.00	152.64	171912	26736782.00
2022/05/26	152.00	152.62	142.00	144.21	438853	63639192.00
2022/05/27	144.68	148.07	142.60	142.61	200973	29135540.00
2022/05/30	142.88	145.00	138.52	144.00	213202	30267844.00
2022/05/31	143.96	157.00	141.20	154.90	547042	82469608.00
2022/06/01	154.18	160.49	152.00	157.87	492700	77271464.00
2022/06/02	156.62	169.98	156.00	168.89	715261	117527032.00
2022/06/06	168.77	177.85	167.10	172.31	764323	131920744.00
2022/06/07	170.00	174.53	168.26	170.70	433356	73855528.00
2022/06/08	172.00	173.79	165.20	168.00	332094	56093872.00
2022/06/09	168.00	168.78	160.06	161.64	295175	48160800.00
2022/06/10	161.64	165.58	160.35	164.00	220523	36111432.00
2022/06/13	162.50	166.18	160.79	163.12	235481	38470260.00
2022/06/14	162.76	162.76	151.00	154.90	391139	60657488.00
2022/06/15	154.59	161.00	154.59	155.52	309548	48753764.00
2022/06/16	159.00	163.00	154.81	159.01	361581	57854948.00
2022/06/17	157.48	162.70	156.01	158.95	258514	41155056.00
2022/06/20	160.98	163.94	158.02	160.80	301175	48597820.00
2022/06/21	160.57	162.09	155.59	157.50	264826	42018008.00
2022/06/22	157.50	158.68	150.59	151.31	280834	43259304.00
2022/06/23	151.36	160.00	151.36	158.90	370094	57605496.00
2022/06/24	158.98	165.90	158.98	162.49	348598	56456060.00
2022/06/27	161.50	166.00	160.94	162.17	322449	52471960.00
2022/06/28	162.17	165.98	155.63	164.97	423206	68488744.00
2022/06/29	164.97	169.40	161.26	161.26	557632	91991376.00
2022/06/30	162.00	165.88	160.44	163.13	348724	57042888.00
2022/07/01	165.00	165.99	158.16	159.23	289541	46592364.00
2022/07/04	158.60	158.60	145.70	152.00	419713	63413216.00
2022/07/05	152.00	155.87	148.11	149.52	286672	43262720.00
2022/07/06	149.52	155.98	146.80	151.72	293586	44859344.00
2022/07/07	151.72	152.95	147.11	148.95	229079	34137044.00
2022/07/08	149.30	152.50	148.24	149.00	207409	31116468.00
2022/07/11	147.69	148.99	144.08	144.75	236914	34415624.00
2022/07/12	144.50	146.18	136.59	136.68	377521	52675632.00
2022/07/13	135.60	137.00	132.97	133.33	280480	37628160.00
2022/07/14	132.43	139.26	132.34	136.17	215749	29460300.00
2022/07/15	137.27	142.00	133.48	137.90	259220	35930032.00
2022/07/18	137.98	138.63	135.24	137.30	155993	21347268.00
2022/07/19	137.97	139.46	135.55	137.95	159635	21973296.00
2022/07/20	138.95	143.97	138.05	141.92	318898	45156428.00
2022/07/21	141.93	145.89	140.90	143.25	284138	40973496.00
2022/07/22	144.60	146.00	137.00	137.66	269679	37618252.00
2022/07/25	137.00	138.89	134.66	137.98	210585	28697934.00
2022/07/26	138.02	141.77	135.34	141.49	277245	38645512.00
2022/07/27	140.50	141.19	137.50	139.60	172214	24055884.00
2022/07/28	141.60	153.85	140.00	149.54	768020	114842920.00
2022/07/29	149.89	155.00	147.12	151.40	664345	101097952.00
2022/08/01	149.00	155.75	146.51	153.00	491629	74775232.00
2022/08/02	151.40	155.55	148.11	151.98	453288	69085600.00
2022/08/03	153.01	159.60	149.03	155.39	656729	101804464.00
2022/08/04	157.08	163.83	155.00	161.37	703063	112472024.00
2022/08/05	161.14	174.97	161.14	173.94	1053101	178972592.00
2022/08/08	173.94	173.94	163.04	167.99	639730	107005256.00
2022/08/09	167.00	174.90	165.60	174.80	680049	116164336.00
2022/08/10	173.95	184.44	171.56	179.43	790556	142653344.00
2022/08/11	180.43	191.00	180.43	190.05	830994	155297088.00
2022/08/12	186.30	191.55	180.80	181.20	678081	126214856.00
2022/08/15	180.00	181.72	171.87	173.58	628915	109982536.00
2022/08/16	172.44	172.44	164.56	165.00	712602	119463952.00
2022/08/17	166.00	169.81	163.20	165.38	366899	60810804.00
2022/08/18	164.35	173.78	161.25	172.70	564264	95659264.00
2022/08/19	172.50	179.80	166.71	166.89	491811	84364992.00
2022/08/22	165.73	169.99	164.01	164.51	353805	58888244.00
2022/08/23	164.27	168.80	163.18	163.61	260606	43058436.00
2022/08/24	164.80	164.80	152.00	153.28	526117	82048064.00
2022/08/25	154.99	155.55	147.00	151.44	293970	44029140.00
2022/08/26	155.67	157.50	147.70	147.80	363595	55686800.00
2022/08/29	146.33	152.30	141.02	148.49	400119	59863968.00
2022/08/30	148.42	152.85	145.64	145.68	298565	44345724.00
2022/08/31	145.39	147.54	141.09	142.60	423028	60449948.00
2022/09/01	143.82	147.39	142.88	144.20	363236	52702704.00
2022/09/02	144.10	148.76	143.70	148.00	431359	63559292.00
2022/09/05	148.00	151.48	143.00	150.00	377407	56258884.00
2022/09/06	150.00	152.90	148.05	150.99	377138	57157268.00
2022/09/07	150.99	165.79	149.30	164.00	756932	120426360.00
2022/09/08	163.00	164.46	158.59	161.18	407718	65752256.00
2022/09/09	159.57	161.26	154.33	158.50	370013	57999056.00
2022/09/13	153.00	155.80	145.20	145.43	588280	87702552.00
2022/09/14	142.16	147.91	141.71	147.53	279513	40614960.00
2022/09/15	147.53	147.53	142.15	143.66	247991	35832464.00
2022/09/16	143.33	149.49	142.68	144.98	277298	40661160.00
2022/09/19	146.74	146.74	139.67	139.81	224642	31895180.00
2022/09/20	140.73	142.87	138.12	140.35	143399	20222348.00
2022/09/21	139.51	141.20	136.60	139.35	153029	21218572.00
2022/09/22	139.00	140.95	137.51	139.12	88967	12421143.00
2022/09/23	138.06	139.69	134.95	135.77	173514	23691504.00
2022/09/26	136.00	137.67	134.42	134.66	113337	15357759.00
2022/09/27	134.70	136.42	132.89	134.86	259025	34756440.00
2022/09/28	134.00	134.00	124.55	124.98	264530	34006068.00
2022/09/29	126.00	126.54	122.88	124.27	184886	22864708.00
2022/09/30	123.14	124.00	120.09	120.09	126464	15405500.00
2022/10/10	119.95	119.95	114.30	114.40	145314	16843746.00
2022/10/11	115.00	116.85	112.59	114.01	105902	12153607.00
2022/10/12	111.02	117.73	111.00	117.60	316601	36725192.00
2022/10/13	115.15	118.86	115.15	117.70	190489	22443464.00
2022/10/14	119.50	124.00	117.69	123.69	259073	31440838.00
2022/10/17	122.57	127.40	122.57	126.00	177406	22240670.00
2022/10/18	126.74	126.74	123.17	125.43	146842	18294992.00
2022/10/19	125.00	126.20	123.45	123.45	123481	15381203.00
2022/10/20	122.22	132.88	121.22	128.26	347234	44021892.00
2022/10/21	128.26	131.50	125.70	128.40	251978	32160012.00
2022/10/24	128.89	133.92	125.04	127.45	187763	24274032.00
2022/10/25	127.45	129.55	122.12	124.94	213351	26560552.00
2022/10/26	124.90	129.69	122.21	129.36	247789	31598640.00
2022/10/27	129.36	129.87	125.00	125.52	196607	25058982.00
2022/10/28	119.00	125.00	116.15	120.80	304343	37029552.00
2022/10/31	120.84	128.10	120.66	124.00	340273	42674556.00
2022/11/01	123.38	125.38	121.61	124.02	288942	35652928.00
2022/11/02	124.27	130.49	123.71	128.88	397904	50917808.00
2022/11/03	127.60	137.68	127.16	135.62	507137	67202112.00
2022/11/04	135.23	141.94	134.03	139.08	575343	79167128.00
2022/11/07	139.10	140.88	134.45	135.14	359108	48922584.00
2022/11/08	133.89	135.83	131.62	133.24	212621	28199748.00
2022/11/09	132.75	134.48	131.10	132.50	153093	20315544.00
2022/11/10	131.68	133.81	129.01	129.10	200979	26293528.00
2022/11/11	133.94	135.60	128.91	129.00	432068	57287888.00
2022/11/14	128.00	132.68	127.50	129.28	234291	30458388.00
2022/11/15	129.33	144.60	128.02	143.02	1016520	141060672.00
2022/11/16	145.06	151.04	143.07	147.17	926195	136469664.00
2022/11/17	146.00	166.17	141.51	160.56	1564478	240865888.00
2022/11/18	160.38	160.47	152.72	153.80	787623	122830760.00
2022/11/21	152.04	155.00	148.50	152.04	437685	66313212.00
2022/11/22	152.00	161.80	149.61	153.88	723567	112964544.00
2022/11/23	150.90	155.61	147.44	148.19	447196	67199024.00
2022/11/24	150.15	150.15	143.65	143.93	371248	54126964.00
2022/11/25	143.31	147.80	141.30	142.00	280926	40390156.00
2022/11/28	140.00	142.99	137.23	138.50	243729	34033956.00
2022/11/29	137.99	144.56	137.99	143.90	300615	42947768.00
2022/11/30	143.93	145.30	141.10	142.95	224832	32083260.00
2022/12/01	145.13	150.08	142.25	144.09	376729	54989064.00
2022/12/02	143.80	145.39	141.24	141.55	239785	34199340.00
2022/12/05	143.58	143.58	140.60	143.50	270096	38528576.00
2022/12/06	143.01	149.00	141.53	146.63	429761	63228632.00
2022/12/07	145.80	147.20	143.01	146.30	316017	45882864.00
2022/12/08	149.00	149.00	139.91	140.52	493352	70652592.00
2022/12/09	140.88	144.00	138.31	139.83	382402	53920796.00
2022/12/12	139.83	159.99	137.20	157.87	1502509	228892224.00
2022/12/13	156.45	160.00	154.00	157.00	630421	98797088.00
2022/12/14	160.98	165.85	156.10	158.50	1024624	165524992.00
2022/12/15	158.69	169.67	155.21	163.40	728818	120271848.00
2022/12/16	163.24	163.40	157.21	160.57	485495	77551024.00
2022/12/19	160.00	161.98	153.97	154.70	320006	50290656.00
2022/12/20	154.70	157.96	152.08	153.97	230937	35821108.00
2022/12/21	152.45	156.80	150.39	151.85	264701	40566324.00
2022/12/22	151.07	153.82	150.07	150.83	258771	39136372.00
2022/12/23	148.95	150.00	140.16	141.21	329719	47310676.00
2022/12/26	141.24	154.80	141.24	150.98	404846	60609436.00
2022/12/27	150.99	157.95	150.04	156.30	275329	42509128.00
2022/12/28	158.00	160.68	154.37	156.84	238894	37660616.00
2022/12/29	156.00	159.88	154.24	154.58	162121	25381476.00
2022/12/30	157.39	158.80	151.95	151.95	141999	22023736.00
2023/01/03	151.88	164.90	151.88	163.60	521783	83944824.00
2023/01/04	166.47	166.47	160.69	162.65	323352	52935512.00
2023/01/05	162.60	175.57	162.00	167.88	877206	147859392.00
2023/01/06	166.21	169.98	163.00	164.00	412527	67957408.00
2023/01/09	164.00	168.40	160.00	163.50	399705	65451376.00
2023/01/10	163.61	176.00	162.06	173.21	720101	124027640.00
2023/01/11	173.01	179.66	165.99	166.68	367502	63045856.00
2023/01/12	165.84	172.00	165.84	169.20	279355	47422272.00
2023/01/13	169.20	176.00	169.15	174.65	346594	60313396.00
2023/01/16	174.00	190.00	172.76	187.40	714212	131969536.00
2023/01/17	187.00	197.01	185.21	197.01	717750	139300704.00
2023/01/18	197.88	197.88	186.82	188.16	551375	104763824.00
2023/01/19	189.99	196.95	185.90	195.24	694301	133984464.00
2023/01/20	195.22	196.58	189.00	195.39	314500	60444432.00
2023/01/30	193.60	196.00	186.00	189.95	372653	70772368.00
2023/01/31	180.00	184.97	171.57	173.90	1193534	208870272.00
2023/02/01	173.00	180.00	171.05	179.00	600347	106394936.00
2023/02/02	180.08	183.33	171.72	173.21	866289	152118656.00
2023/02/03	171.34	181.00	171.34	177.95	732933	128926416.00
2023/02/06	176.89	184.50	175.08	184.29	493902	89048480.00
2023/02/07	185.85	185.85	167.28	170.68	796765	137723728.00
2023/02/08	169.65	174.67	168.60	169.44	328312	56036384.00
2023/02/09	166.31	173.82	166.31	173.31	431149	73977272.00
2023/02/10	173.29	178.95	172.04	173.23	509724	89830560.00
数据来源:通达信
