603380 易德龙 日线 不复权
      日期	    开盘	    最高	    最低	    收盘	    成交量	    成交额
2017/06/22	15.38	15.38	15.38	15.38	13696	210644.00
2017/06/23	16.92	16.92	16.92	16.92	5208	88119.00
2017/06/26	18.61	18.61	18.61	18.61	9600	178656.00
2017/06/27	20.47	20.47	20.47	20.47	22367	457852.00
2017/06/28	22.52	22.52	22.52	22.52	81625	1838195.00
2017/06/29	24.77	24.77	24.77	24.77	124323	3079481.00
2017/06/30	27.25	27.25	25.60	27.25	23249297	619914368.00
2017/07/03	26.00	26.93	25.72	26.74	17064465	447710272.00
2017/07/04	26.43	29.41	26.41	29.41	26541341	757583424.00
2017/07/05	29.00	30.18	28.35	29.69	22530241	660802560.00
2017/07/06	28.96	29.53	28.34	28.86	16592741	478650464.00
2017/07/07	28.46	28.52	27.03	27.81	15166718	421817376.00
2017/07/10	27.69	27.69	25.03	25.12	13693229	355569664.00
2017/07/11	24.99	25.39	24.55	24.95	6839722	170716000.00
2017/07/12	24.70	25.55	24.60	25.44	6695420	168393488.00
2017/07/13	25.27	25.28	24.02	24.32	6884786	168465904.00
2017/07/14	24.60	24.60	23.50	23.57	4435634	106606584.00
2017/07/17	23.00	23.00	21.21	21.21	6751248	147015216.00
2017/07/18	20.88	21.50	20.38	21.44	4774239	100253352.00
2017/07/19	21.25	21.74	20.71	21.44	4234688	90181560.00
2017/07/20	21.30	21.78	20.97	21.07	4136475	88507840.00
2017/07/21	20.90	21.26	20.71	20.85	2933248	61406564.00
2017/07/24	20.55	21.13	20.17	20.91	3759251	77523216.00
2017/07/25	20.79	21.20	20.68	20.78	2433864	50863928.00
2017/07/26	20.77	20.95	20.21	20.40	2645222	54323264.00
2017/07/27	20.25	21.12	20.09	21.00	3717458	77002832.00
2017/07/28	21.06	21.84	20.89	21.16	5187583	111292352.00
2017/07/31	20.95	21.10	20.66	20.81	3153297	65678532.00
2017/08/01	20.81	20.97	20.55	20.94	2796839	58210956.00
2017/08/02	20.77	20.96	20.25	20.41	2689693	55433076.00
2017/08/03	20.24	20.70	20.24	20.43	1736306	35514216.00
2017/08/04	20.49	20.56	19.79	19.81	2721485	54848988.00
2017/08/07	19.90	20.29	19.85	20.01	1512750	30374714.00
2017/08/08	20.00	20.01	19.69	19.81	1794711	35582472.00
2017/08/09	19.80	19.95	19.69	19.73	1413759	27968850.00
2017/08/10	19.71	20.13	19.43	19.83	3415673	67528432.00
2017/08/11	19.68	19.68	19.03	19.05	2875068	55434028.00
2017/08/14	19.02	19.32	19.02	19.22	1627869	31315184.00
2017/08/15	19.31	19.65	19.22	19.53	2054711	39952360.00
2017/08/16	19.54	21.48	19.32	21.09	8670873	178513616.00
2017/08/17	20.86	21.26	20.63	20.88	5380827	112702896.00
2017/08/18	20.67	20.83	20.34	20.40	3151841	64803800.00
2017/08/21	20.33	22.26	20.31	21.97	7672673	163941088.00
2017/08/22	21.84	22.55	21.65	21.73	8349869	184175712.00
2017/08/23	21.61	22.19	21.03	21.93	6559850	141905520.00
2017/08/24	21.67	22.52	21.54	21.55	7761570	170752096.00
2017/08/25	21.40	22.74	21.30	22.42	9268566	205776480.00
2017/08/28	22.78	23.95	22.31	23.56	10841319	250280672.00
2017/08/29	23.30	24.68	23.00	23.37	12089355	286943040.00
2017/08/30	23.01	23.50	22.51	22.63	7041456	161427088.00
2017/08/31	22.63	24.24	22.63	24.05	9608357	227250688.00
2017/09/01	24.08	24.47	23.51	24.18	8610558	206801664.00
2017/09/04	23.90	24.18	23.37	23.48	5733589	135993616.00
2017/09/05	23.49	24.19	23.49	23.70	5007037	119477752.00
2017/09/06	23.21	23.42	22.52	23.05	6388125	146364096.00
2017/09/07	22.94	23.38	22.66	22.75	4291965	98957832.00
2017/09/08	22.82	23.20	22.65	22.91	3548126	81242712.00
2017/09/11	22.91	23.95	22.74	23.85	4801533	112612936.00
2017/09/12	23.62	23.91	22.92	23.01	4866365	113244000.00
2017/09/13	22.98	23.00	22.45	22.88	3620874	82307704.00
2017/09/14	22.91	22.99	22.62	22.72	2575081	58701352.00
2017/09/15	22.77	23.20	22.70	22.81	2872297	65890276.00
2017/09/18	22.55	22.77	22.23	22.48	2700826	60481064.00
2017/09/19	22.50	22.80	22.41	22.57	1853419	41904360.00
2017/09/20	22.51	23.30	22.51	23.28	3559898	81762048.00
2017/09/21	23.14	25.20	23.14	23.92	10182499	246547136.00
2017/09/22	23.85	25.82	23.40	25.40	12247355	305581024.00
2017/09/25	24.99	25.84	24.21	24.46	8662347	216565696.00
2017/09/26	24.43	24.79	22.82	23.30	6466469	152418160.00
2017/09/27	23.30	24.44	23.08	24.42	5317718	127036528.00
2017/09/28	24.28	24.39	23.70	23.82	4561525	109722064.00
2017/09/29	23.81	24.60	23.81	24.15	4138590	100320944.00
2017/10/09	24.61	24.77	24.19	24.26	4056692	99171208.00
2017/10/10	24.26	25.17	24.23	25.10	5248152	130169008.00
2017/10/11	25.24	25.24	23.89	24.01	5191966	127471408.00
2017/10/12	23.86	24.63	23.80	24.14	3410456	82592304.00
2017/10/13	24.15	24.78	23.93	24.72	4273612	104667696.00
2017/10/16	24.72	24.72	23.09	23.38	4844689	115769392.00
2017/10/17	23.36	23.93	23.24	23.72	2611037	61757260.00
2017/10/18	23.69	24.08	22.81	23.06	3345204	78387280.00
2017/10/19	22.87	23.13	22.50	22.68	2409352	54860920.00
2017/10/20	22.65	23.13	22.65	23.01	1437362	32980092.00
2017/10/23	22.99	23.73	22.95	23.49	1910604	44826232.00
2017/10/24	23.29	23.35	22.62	22.99	2200600	50438620.00
2017/10/25	22.95	23.95	22.83	23.93	4370564	103212928.00
2017/10/26	23.70	24.16	23.69	23.97	3835040	91821712.00
2017/10/27	24.22	24.50	23.73	24.12	3382237	81582928.00
2017/10/30	23.83	23.98	22.82	23.16	3040640	70868248.00
2017/10/31	23.16	24.28	23.01	24.24	3242250	76996520.00
2017/11/01	24.18	24.65	24.05	24.30	5242854	127879736.00
2017/11/02	24.26	25.24	23.85	24.96	9123442	224998272.00
2017/11/03	24.69	24.86	24.21	24.60	5133751	125874576.00
2017/11/06	24.59	25.37	24.59	25.34	6396463	159690896.00
2017/11/07	25.12	25.37	24.46	25.04	4648306	115455840.00
2017/11/08	25.00	25.24	24.65	24.70	4777501	118988944.00
2017/11/09	24.50	24.55	24.02	24.42	4648733	112797552.00
2017/11/10	24.29	26.51	24.22	25.85	11958209	305629280.00
2017/11/13	25.59	25.79	25.32	25.68	7025514	179304832.00
2017/11/14	25.67	26.18	25.03	25.27	7118656	182451648.00
2017/11/15	25.12	25.27	24.36	24.77	4888184	121086328.00
2017/11/16	24.61	24.96	23.69	23.72	4361964	106346360.00
2017/11/17	23.75	23.88	21.36	21.38	5479298	122826688.00
2017/11/20	21.32	21.76	20.70	21.63	2542498	54291972.00
2017/11/21	21.60	21.81	20.89	21.37	3009778	64302988.00
2017/11/22	21.50	21.74	21.15	21.44	2000327	42895388.00
2017/11/23	21.45	21.46	20.19	20.26	2518247	52274968.00
2017/11/24	20.18	20.59	20.15	20.36	1505646	30731322.00
2017/11/27	20.26	20.50	19.75	19.78	1347201	26975748.00
2017/11/28	19.68	20.48	19.68	20.37	1178951	23774182.00
2017/11/29	20.25	20.38	19.52	20.19	1437900	28734352.00
2017/11/30	20.04	20.57	20.00	20.24	1460327	29706850.00
2017/12/01	20.38	20.59	20.20	20.50	1244351	25415492.00
2017/12/04	20.48	20.48	19.19	19.23	1903505	37544008.00
2017/12/05	19.16	19.44	18.31	18.49	1802327	33928724.00
2017/12/06	18.48	19.00	18.39	18.99	1334685	24970710.00
2017/12/07	19.16	19.35	18.91	19.10	1360252	26018296.00
2017/12/08	19.00	19.95	18.91	19.70	2037327	40000372.00
2017/12/11	19.72	20.00	19.61	19.84	1144817	22703496.00
2017/12/12	19.88	19.97	19.31	19.37	1165498	22802184.00
2017/12/13	19.48	19.78	19.32	19.66	1024530	20111428.00
2017/12/14	19.66	19.94	19.59	19.82	1101452	21816960.00
2017/12/15	19.81	19.87	19.41	19.77	1065596	21000112.00
2017/12/18	19.79	19.82	19.52	19.62	577527	11365523.00
2017/12/19	19.70	20.08	19.62	20.00	927400	18461556.00
2017/12/20	20.07	20.50	19.90	19.95	1706100	34544856.00
2017/12/21	19.83	20.13	19.33	19.96	1378498	27327414.00
2017/12/22	19.84	20.09	19.77	19.82	818500	16299927.00
2017/12/25	19.71	19.95	19.16	19.34	1053496	20440312.00
2017/12/26	19.49	20.30	19.31	20.21	1940175	38779492.00
2017/12/27	20.20	20.37	20.04	20.14	1421527	28677302.00
2017/12/28	20.10	20.64	20.01	20.27	1439881	29279304.00
2017/12/29	20.15	20.50	20.15	20.47	1153998	23480476.00
2018/01/02	20.47	20.58	20.31	20.54	1514956	30994820.00
2018/01/03	20.53	20.55	20.22	20.39	1242727	25298478.00
2018/01/04	20.32	20.45	19.90	20.08	1512998	30442892.00
2018/01/05	20.07	20.34	20.00	20.27	1347600	27240216.00
2018/01/08	20.29	20.46	20.02	20.25	1284418	25933392.00
2018/01/09	20.25	20.61	20.06	20.57	1845914	37554632.00
2018/01/10	20.56	20.57	19.80	20.07	1755200	35311960.00
2018/01/11	20.00	20.46	19.93	20.32	1441929	29268458.00
2018/01/12	20.10	20.40	19.90	20.10	1283777	25828264.00
2018/01/15	20.10	20.10	19.02	19.08	1577700	30703888.00
2018/01/16	19.11	19.59	19.01	19.48	1175757	22805660.00
2018/01/17	19.46	20.39	19.33	20.29	2202924	43979684.00
2018/01/18	20.15	20.48	20.02	20.06	1633796	32963800.00
2018/01/19	20.06	20.38	19.20	19.77	1593729	31978936.00
2018/01/22	19.68	19.86	19.07	19.56	1485267	28822382.00
2018/01/23	19.49	19.75	19.30	19.59	768927	15053994.00
2018/01/24	19.58	19.90	19.37	19.84	960254	18962026.00
2018/01/25	19.77	20.07	19.77	19.99	1324366	26416070.00
2018/01/26	19.99	20.19	19.76	20.13	1477758	29510390.00
2018/01/29	20.16	20.58	19.85	20.31	3111406	63062816.00
2018/01/30	20.30	20.30	19.61	19.71	1953301	38741184.00
2018/01/31	19.62	19.62	18.81	18.95	1470427	28143218.00
2018/02/01	19.02	19.14	17.60	17.97	1244925	22773046.00
2018/02/02	17.96	18.15	17.54	17.85	791621	14097427.00
2018/02/05	17.50	17.70	17.35	17.46	538158	9438022.00
2018/02/06	17.40	17.40	15.81	16.10	1384498	22858132.00
2018/02/07	16.46	16.69	15.80	16.30	819858	13363813.00
2018/02/08	16.25	16.64	16.17	16.52	666754	11007282.00
2018/02/09	16.06	16.30	15.69	15.91	798100	12775043.00
2018/02/12	16.00	16.65	16.00	16.48	855129	14046601.00
2018/02/13	16.61	16.67	16.25	16.26	664811	10948015.00
2018/02/14	16.40	16.44	16.22	16.36	358238	5842351.00
2018/02/22	16.55	16.66	16.43	16.56	463736	7670874.00
2018/02/23	16.54	16.64	16.42	16.57	495858	8206078.00
2018/02/26	16.76	17.27	16.76	17.18	973222	16637027.00
2018/02/27	17.19	17.36	17.02	17.22	796309	13719014.00
2018/02/28	17.22	17.22	16.92	17.06	641729	10935486.00
2018/03/01	16.85	17.43	16.85	17.39	1110432	19163900.00
2018/03/02	17.18	17.61	17.15	17.25	792403	13773501.00
2018/03/05	17.33	17.64	17.17	17.61	923829	16071839.00
2018/03/06	17.59	18.13	17.51	17.79	1348309	24019692.00
2018/03/07	17.87	17.88	17.50	17.70	904100	16014282.00
2018/03/08	17.62	18.46	17.50	18.08	1561100	28345210.00
2018/03/09	18.00	18.60	17.90	18.57	1978548	36351740.00
2018/03/12	18.80	19.10	18.50	18.61	2187265	41000636.00
2018/03/13	18.50	18.66	18.26	18.27	1368100	25196892.00
2018/03/14	18.25	18.47	18.07	18.21	1196025	21807212.00
2018/03/15	18.26	18.27	17.17	17.46	1838300	32273080.00
2018/03/16	17.47	17.72	17.37	17.48	847600	14873892.00
2018/03/19	18.03	19.23	18.01	19.23	1841954	34880176.00
2018/03/20	21.15	21.15	20.89	21.15	6401220	135331872.00
2018/03/21	23.27	23.27	22.00	22.27	10884945	247256384.00
2018/03/22	23.10	24.50	22.58	23.87	20514028	485692032.00
2018/03/23	21.48	22.16	21.48	21.48	11764641	254370320.00
2018/03/26	20.20	21.15	19.33	20.87	9847702	198471312.00
2018/03/27	21.00	21.50	20.61	21.35	8772443	185141088.00
2018/03/28	20.67	22.58	20.53	21.94	11567290	248998848.00
2018/03/29	21.52	21.90	20.66	21.03	6468370	136582496.00
2018/03/30	21.16	21.25	20.88	21.18	5082059	107170384.00
2018/04/02	21.44	21.91	20.62	21.49	6590008	140212304.00
2018/04/03	20.95	21.26	20.79	20.99	3721244	78058392.00
2018/04/04	21.01	21.57	20.44	20.49	3962379	83357264.00
2018/04/09	20.38	20.85	19.70	20.58	3732627	75694240.00
2018/04/10	20.69	22.60	20.51	21.62	7941807	171042784.00
2018/04/11	21.81	22.58	21.42	22.34	8647266	189779664.00
2018/04/12	22.01	22.19	21.38	21.89	5361750	116744792.00
2018/04/13	21.57	21.67	20.98	21.02	4171119	88809936.00
2018/04/16	20.68	20.84	20.13	20.65	2752703	56540132.00
2018/04/17	20.65	21.05	19.84	19.86	2567788	52656528.00
2018/04/18	20.27	20.62	19.30	20.46	2871186	57562824.00
2018/04/19	20.58	21.28	20.22	21.09	3791529	79209424.00
2018/04/20	20.79	20.90	20.00	20.04	2528321	51676312.00
2018/04/23	19.88	20.33	19.34	19.70	1541098	30564404.00
2018/04/24	19.80	20.93	19.80	20.58	2396700	48982228.00
2018/04/25	20.25	21.30	20.21	21.27	4253819	89224032.00
2018/04/26	21.25	21.32	20.35	20.37	2533358	52599544.00
2018/04/27	20.52	21.74	20.52	21.18	3627129	77010024.00
2018/05/02	21.07	21.13	20.16	20.58	2599400	53420992.00
2018/05/03	20.50	20.98	19.56	20.97	3163384	64644248.00
2018/05/04	20.79	21.70	20.70	21.50	5793707	124042088.00
2018/05/07	21.84	22.00	21.30	21.64	4585739	99049144.00
2018/05/08	21.42	22.24	21.34	22.18	5749298	126153984.00
2018/05/09	22.00	22.20	21.69	21.96	3102894	67957760.00
2018/05/10	22.01	22.08	21.33	21.62	3062786	66238184.00
2018/05/11	21.66	21.67	21.05	21.07	2086047	44495312.00
2018/05/14	21.06	21.24	20.53	20.64	1734361	36122868.00
2018/05/15	20.61	21.09	20.61	21.07	1608059	33489542.00
2018/05/16	21.15	21.36	20.82	20.88	1894456	40013584.00
2018/05/17	20.80	21.15	20.72	20.99	1314283	27455520.00
2018/05/18	21.00	21.00	20.29	20.63	2095856	43182944.00
2018/05/21	20.83	21.60	20.70	21.50	3285858	69842104.00
2018/05/22	21.45	22.05	21.25	21.90	4219945	91737152.00
2018/05/23	21.73	22.17	21.56	21.84	3186666	69580072.00
2018/05/24	21.99	22.07	21.45	21.54	2541266	55156860.00
2018/05/25	21.50	22.80	21.50	22.20	5663671	125932592.00
2018/05/28	22.08	23.98	21.81	23.16	8434645	190979952.00
2018/05/29	22.68	23.60	22.14	22.23	5572150	126899824.00
2018/05/30	21.19	21.97	20.01	20.01	5158756	106939472.00
2018/05/31	20.33	20.77	19.91	20.47	2163029	43996096.00
2018/06/01	20.30	20.80	19.88	20.01	1807200	36687552.00
2018/06/04	20.11	20.33	19.82	20.08	1195500	24042828.00
2018/06/05	20.11	20.86	20.11	20.82	2239267	46166424.00
2018/06/06	20.73	21.12	20.58	20.95	2097288	43737004.00
2018/06/07	20.99	21.00	20.61	20.82	1519100	31542620.00
2018/06/08	20.59	20.60	20.16	20.36	1099707	22331868.00
2018/06/11	20.50	20.68	20.20	20.35	1051200	21484238.00
2018/06/12	20.21	20.48	18.98	19.37	3835900	74140944.00
2018/06/13	19.25	19.25	18.06	18.16	3245300	60716072.00
2018/06/14	18.00	18.47	17.90	18.30	1350300	24736148.00
2018/06/15	18.22	18.50	17.10	17.45	2038229	35981984.00
2018/06/19	17.20	17.20	15.71	15.97	2083552	34114104.00
2018/06/20	15.97	17.30	15.97	16.81	1931536	31883532.00
2018/06/21	16.90	17.12	16.08	16.30	1585307	26385960.00
2018/06/22	15.96	17.58	15.81	16.99	1896562	32200568.00
2018/06/25	17.13	17.23	16.79	16.91	1715829	29186664.00
2018/06/26	16.61	17.40	16.42	17.13	1806200	30810368.00
2018/06/27	17.03	17.29	16.80	16.89	1566429	26757610.00
2018/06/28	16.90	17.24	16.86	16.94	1286729	21932072.00
2018/06/29	16.90	17.80	16.60	17.63	3066300	53279484.00
2018/07/02	17.80	17.80	17.01	17.25	1777400	30983540.00
2018/07/03	17.27	17.93	17.11	17.67	1971436	34558632.00
2018/07/04	17.53	17.59	16.82	16.89	1567072	26884404.00
2018/07/05	16.89	17.27	16.60	16.61	1111400	18841492.00
2018/07/06	16.74	17.30	16.31	16.96	1533500	25957758.00
2018/07/09	16.96	17.58	16.91	17.55	2074000	35991176.00
2018/07/10	17.55	18.16	17.41	17.84	1921029	34044176.00
2018/07/11	17.63	17.63	16.95	17.18	2013629	34642432.00
2018/07/12	17.15	17.97	17.15	17.89	2609700	46243688.00
2018/07/13	17.73	17.92	17.66	17.80	1454100	25867764.00
2018/07/16	17.80	18.07	17.69	17.99	1547299	27707720.00
2018/07/17	18.03	18.03	17.47	17.87	1193700	21223334.00
2018/07/18	17.87	18.70	17.87	18.08	3278658	59971380.00
2018/07/19	17.94	18.18	17.72	17.81	1736829	31021930.00
2018/07/20	17.71	18.19	17.54	18.05	1740429	31064274.00
2018/07/23	17.99	18.08	17.82	18.07	1326729	23816204.00
2018/07/24	18.06	18.34	17.94	18.15	1833100	33270912.00
2018/07/25	18.14	18.24	17.82	17.86	1679800	30202212.00
2018/07/26	17.81	17.89	17.36	17.42	1914000	33612400.00
2018/07/27	17.41	17.46	17.18	17.26	846729	14637752.00
2018/07/30	17.18	17.34	16.78	16.92	1103100	18758248.00
2018/07/31	16.95	17.04	16.82	16.95	697935	11821976.00
2018/08/01	16.95	17.18	16.66	16.69	950335	16098756.00
2018/08/02	16.66	16.67	15.87	16.32	1125375	18256208.00
2018/08/03	16.37	16.37	15.86	15.88	771100	12398958.00
2018/08/06	15.88	15.97	15.42	15.60	915200	14381644.00
2018/08/07	15.61	16.06	15.55	16.02	844258	13411171.00
2018/08/08	16.08	16.09	15.75	15.84	755029	12052953.00
2018/08/09	15.71	16.52	15.71	16.43	1325800	21625524.00
2018/08/10	16.30	16.74	16.29	16.60	1452000	24012572.00
2018/08/13	16.39	16.67	16.26	16.60	964300	15863486.00
2018/08/14	16.59	16.70	16.43	16.57	869500	14411638.00
2018/08/15	16.47	16.64	16.02	16.03	755100	12308484.00
2018/08/16	15.90	16.31	15.73	16.06	886100	14298835.00
2018/08/17	16.26	16.55	16.00	16.01	1099007	17904538.00
2018/08/20	15.98	16.33	15.60	16.29	1086500	17392844.00
2018/08/21	16.15	16.60	16.04	16.53	1693607	27767130.00
2018/08/22	16.36	16.48	16.15	16.16	835207	13591762.00
2018/08/23	16.10	16.53	16.10	16.34	793600	12967716.00
2018/08/24	16.39	16.56	16.25	16.30	863100	14124547.00
2018/08/27	16.22	17.08	16.22	16.85	2417031	40435512.00
2018/08/28	16.76	16.88	16.60	16.64	1132932	18938172.00
2018/08/29	16.60	16.74	16.42	16.50	876032	14457006.00
2018/08/30	16.53	16.65	16.10	16.10	877000	14322423.00
2018/08/31	16.09	16.22	15.96	16.01	663000	10667621.00
2018/09/03	15.88	16.15	15.58	15.85	932000	14700334.00
2018/09/04	15.85	16.12	15.76	16.09	934532	14945810.00
2018/09/05	16.05	16.16	15.85	15.85	756600	12135346.00
2018/09/06	15.83	16.24	15.60	16.07	1103947	17636776.00
2018/09/07	16.07	16.39	16.03	16.08	1075457	17415618.00
2018/09/10	16.08	16.18	15.63	15.65	1088429	17237472.00
2018/09/11	15.66	15.87	15.59	15.69	552800	8677735.00
2018/09/12	15.70	15.85	15.66	15.70	568900	8960553.00
2018/09/13	15.84	15.95	15.58	15.86	820100	12908497.00
2018/09/14	15.86	15.94	15.61	15.64	852845	13433981.00
2018/09/17	15.55	15.58	15.11	15.13	885100	13581082.00
2018/09/18	15.04	15.43	15.02	15.38	619900	9461771.00
2018/09/19	15.29	15.64	15.23	15.47	990529	15326399.00
2018/09/20	15.45	15.51	15.21	15.28	747659	11461233.00
2018/09/21	15.22	15.53	15.22	15.53	818929	12626629.00
2018/09/25	15.50	15.53	15.31	15.45	670229	10338983.00
2018/09/26	15.45	15.74	15.35	15.51	866300	13453949.00
2018/09/27	15.50	15.51	15.05	15.07	914500	13974421.00
2018/09/28	15.20	15.26	15.01	15.22	498000	7554748.00
2018/10/08	15.00	15.15	14.75	14.80	706100	10564829.00
2018/10/09	14.91	14.93	14.59	14.67	479400	7068121.00
2018/10/10	14.88	15.22	14.69	15.09	842800	12627554.00
2018/10/11	14.82	14.82	13.60	13.72	1193500	16871890.00
2018/10/12	13.62	14.30	12.79	13.81	1270288	17205632.00
2018/10/15	13.95	13.97	13.50	13.53	553800	7640491.00
2018/10/16	13.57	13.87	13.16	13.33	677899	9145248.00
2018/10/17	13.56	13.60	13.08	13.48	632499	8478933.00
2018/10/18	13.23	13.48	13.15	13.30	565300	7521526.00
2018/10/19	13.24	13.67	13.00	13.63	707900	9536044.00
2018/10/22	13.84	14.37	13.63	14.23	1141888	16068681.00
2018/10/23	14.20	14.20	13.75	13.88	841600	11761242.00
2018/10/24	13.73	14.11	13.73	14.00	537200	7498839.00
2018/10/25	13.60	13.97	13.54	13.95	611988	8399605.00
2018/10/26	13.96	14.27	13.92	13.96	554800	7813692.00
2018/10/29	13.93	14.30	13.71	14.00	615399	8688492.00
2018/10/30	13.82	13.82	13.30	13.75	1705345	23153052.00
2018/10/31	13.80	14.10	13.70	13.90	1074157	14941202.00
2018/11/01	14.20	14.36	14.01	14.01	1681757	23928594.00
2018/11/02	14.15	14.34	14.01	14.30	1431358	20407396.00
2018/11/05	14.33	14.50	14.12	14.47	1724900	24733510.00
2018/11/06	14.39	14.39	13.95	14.20	1144300	16156328.00
2018/11/07	14.20	15.00	14.13	14.38	1785000	25837620.00
2018/11/08	14.42	14.53	14.17	14.22	978300	14019074.00
2018/11/09	14.21	14.25	14.03	14.16	811500	11467993.00
2018/11/12	14.16	14.52	14.13	14.47	1372829	19777466.00
2018/11/13	14.30	14.74	14.23	14.66	1663157	24158092.00
2018/11/14	14.63	14.76	14.46	14.52	1290758	18858268.00
2018/11/15	14.59	15.05	14.52	15.05	2683528	39848392.00
2018/11/16	15.10	15.33	14.94	15.12	1923299	29048270.00
2018/11/19	15.06	15.24	14.92	15.20	1429758	21526120.00
2018/11/20	15.15	15.18	14.68	14.69	1237200	18469632.00
2018/11/21	14.68	15.90	14.57	15.87	3996746	61557516.00
2018/11/22	15.60	16.28	15.46	15.59	4717075	74434864.00
2018/11/23	15.58	15.58	14.55	14.55	2736075	40903544.00
2018/11/26	14.59	14.98	14.42	14.73	1502900	22236444.00
2018/11/27	14.91	15.54	14.71	15.00	1852800	27902036.00
2018/11/28	15.03	15.29	14.81	15.23	2026300	30612616.00
2018/11/29	15.23	15.30	14.73	14.76	1840900	27779600.00
2018/11/30	14.60	14.69	14.02	14.42	1798900	25888472.00
2018/12/03	14.78	15.04	14.62	14.98	1592600	23747402.00
2018/12/04	14.98	15.09	14.76	14.98	1139800	17037168.00
2018/12/05	14.67	14.86	14.62	14.74	954200	14065279.00
2018/12/06	14.62	14.84	14.59	14.69	1005700	14778543.00
2018/12/07	14.75	15.07	14.61	14.94	1200300	17911798.00
2018/12/10	14.81	14.94	14.77	14.86	582100	8639819.00
2018/12/11	14.88	15.00	14.82	14.99	698700	10404816.00
2018/12/12	15.11	15.11	14.70	14.76	626600	9326958.00
2018/12/13	14.81	15.05	14.70	15.01	952329	14223486.00
2018/12/14	14.89	15.02	14.18	14.28	1248796	18178214.00
2018/12/17	14.02	14.40	14.02	14.28	718000	10206621.00
2018/12/18	14.19	14.36	13.96	14.29	684100	9698602.00
2018/12/19	14.21	14.34	14.09	14.14	385900	5477866.00
2018/12/20	14.05	14.32	13.97	14.25	487600	6902702.00
2018/12/21	14.20	14.32	14.10	14.19	331400	4706422.00
2018/12/24	14.36	14.64	14.20	14.64	867400	12588947.00
2018/12/25	14.52	15.14	14.06	14.88	1439600	21087220.00
2018/12/26	14.88	14.96	14.58	14.60	857200	12677724.00
2018/12/27	14.80	14.95	14.62	14.82	1251300	18506816.00
2018/12/28	14.95	15.53	14.86	15.40	4050998	61571028.00
2019/01/02	15.33	15.33	14.95	15.23	2054075	31163992.00
2019/01/03	15.13	15.22	14.75	14.78	1586875	23701698.00
2019/01/04	14.61	15.35	14.60	15.24	2064975	31224966.00
2019/01/07	15.32	15.52	15.09	15.40	2163898	33171908.00
2019/01/08	15.32	15.38	15.07	15.15	1335100	20251344.00
2019/01/09	15.25	15.47	15.08	15.16	1407198	21519352.00
2019/01/10	15.13	15.21	14.82	15.02	1378298	20669464.00
2019/01/11	15.15	15.48	14.92	15.42	2194098	33554472.00
2019/01/14	15.58	15.61	15.05	15.14	1495500	22804502.00
2019/01/15	15.00	15.26	14.95	15.22	1121007	16975864.00
2019/01/16	15.16	15.23	14.96	15.08	924798	13993999.00
2019/01/17	15.08	15.08	14.72	14.78	1204500	17865976.00
2019/01/18	14.76	14.89	14.68	14.85	530753	7855921.00
2019/01/21	14.88	15.13	14.88	14.94	729098	10958529.00
2019/01/22	14.99	15.12	14.91	15.03	604598	9095389.00
2019/01/23	15.11	15.47	14.96	15.35	1496788	22845156.00
2019/01/24	15.43	16.00	15.43	15.70	3040726	47885280.00
2019/01/25	15.54	15.65	15.27	15.29	1778000	27453492.00
2019/01/28	15.94	16.25	15.45	15.45	2874027	45255368.00
2019/01/29	15.29	15.35	13.91	14.48	2205727	32335846.00
2019/01/30	14.18	14.58	14.12	14.12	1099300	15751794.00
2019/01/31	14.11	14.39	14.05	14.20	883327	12592039.00
2019/02/01	14.20	14.62	14.20	14.52	763700	11055122.00
2019/02/11	14.55	14.86	14.52	14.84	762000	11222584.00
2019/02/12	14.84	15.13	14.71	14.96	684715	10226903.00
2019/02/13	14.99	15.47	14.98	15.37	1731498	26501280.00
2019/02/14	15.31	15.52	15.12	15.41	1171700	18024166.00
2019/02/15	15.39	15.85	15.36	15.37	1437442	22370916.00
2019/02/18	15.53	15.84	15.41	15.81	2537242	39849140.00
2019/02/19	15.83	15.92	15.35	15.53	2540675	39635736.00
2019/02/20	15.53	15.59	15.26	15.49	1748013	26976290.00
2019/02/21	15.57	15.89	15.38	15.48	2284686	35790844.00
2019/02/22	15.44	16.13	15.35	16.00	2844600	44975400.00
2019/02/25	16.28	16.65	15.88	16.58	4467400	72682032.00
2019/02/26	16.44	16.63	16.08	16.25	4152300	67631664.00
2019/02/27	16.18	16.33	15.80	15.93	2823500	45544996.00
2019/02/28	15.99	16.32	15.95	16.05	1791900	28858796.00
2019/03/01	16.15	16.20	15.85	16.15	1801986	28874520.00
2019/03/04	16.20	16.57	16.17	16.36	3118668	51156724.00
2019/03/05	16.35	17.08	16.27	17.06	3937029	66073356.00
2019/03/06	17.00	17.06	16.69	16.95	3661500	61717000.00
2019/03/07	17.04	18.47	16.90	18.40	6147900	109711072.00
2019/03/08	17.85	18.88	17.43	17.74	4798800	87368736.00
2019/03/11	17.90	18.47	17.80	18.41	4008996	72708320.00
2019/03/12	18.40	18.40	17.91	18.09	4052900	73494800.00
2019/03/13	18.09	18.29	17.37	17.42	3252591	57981020.00
2019/03/14	17.40	17.65	16.64	16.80	2063974	34957704.00
2019/03/15	16.86	17.07	16.72	17.03	1477600	25038078.00
2019/03/18	17.12	17.33	16.88	17.30	1751831	30050560.00
2019/03/19	17.25	17.45	17.17	17.31	1361331	23563878.00
2019/03/20	17.22	17.40	16.73	17.01	2141125	36336308.00
2019/03/21	17.04	17.30	16.97	17.27	2285098	39316864.00
2019/03/22	17.22	17.34	16.96	17.30	1724123	29586268.00
2019/03/25	17.11	17.68	17.03	17.50	2017400	35180452.00
2019/03/26	17.51	17.66	17.04	17.27	1789900	31072460.00
2019/03/27	17.41	18.15	17.31	18.08	4442874	79117928.00
2019/03/28	17.88	18.42	17.65	17.90	3120100	56092052.00
2019/03/29	17.20	17.70	16.60	17.45	4819009	82736752.00
2019/04/01	17.68	18.21	17.48	18.18	3469900	62162884.00
2019/04/02	18.34	18.34	17.94	17.96	2596909	46892044.00
2019/04/03	17.96	18.12	17.88	18.09	1777609	31986838.00
2019/04/04	18.04	18.58	18.04	18.49	3080013	56545184.00
2019/04/08	18.57	18.64	17.77	17.90	2380716	43171592.00
2019/04/09	17.88	18.09	17.75	17.93	1903000	34065308.00
2019/04/10	17.92	18.34	17.58	18.25	2188025	39561116.00
2019/04/11	18.35	18.35	17.40	17.40	2253356	40115192.00
2019/04/12	17.58	17.58	17.19	17.34	991400	17222106.00
2019/04/15	17.45	17.82	17.25	17.30	1128200	19862396.00
2019/04/16	17.31	17.88	17.23	17.84	1714509	30223952.00
2019/04/17	17.85	18.11	17.71	17.88	1268109	22685482.00
2019/04/18	17.96	18.30	17.80	18.01	2078240	37636500.00
2019/04/19	17.99	18.09	17.20	18.07	1731725	30844832.00
2019/04/22	18.07	18.40	18.00	18.00	1471427	26703096.00
2019/04/23	17.95	18.48	17.82	18.42	2512200	45921664.00
2019/04/24	18.42	18.54	17.95	18.53	2711400	49566840.00
2019/04/25	18.12	18.26	16.91	17.60	4891636	86900440.00
2019/04/26	17.48	18.50	16.88	18.05	7448426	133833856.00
2019/04/29	17.61	17.98	16.25	16.25	3498034	57782632.00
2019/04/30	15.80	16.20	15.47	15.52	1738234	27447112.00
2019/05/06	14.99	15.00	14.01	14.12	1655900	23807660.00
2019/05/07	14.19	14.47	14.10	14.28	851900	12160473.00
2019/05/08	14.14	14.39	13.60	14.09	903200	12810820.00
2019/05/09	14.09	14.34	14.03	14.26	916300	12987180.00
2019/05/10	14.26	14.73	14.15	14.68	1272100	18461160.00
2019/05/13	14.50	14.65	14.34	14.51	843200	12205643.00
2019/05/14	14.35	14.55	14.29	14.36	626100	9041488.00
2019/05/15	14.41	14.62	14.41	14.55	683900	9953339.00
2019/05/16	14.59	14.69	14.55	14.63	926928	13555105.00
2019/05/17	14.63	14.66	14.03	14.11	1291600	18548032.00
2019/05/20	14.11	14.36	13.85	14.18	560900	7889004.00
2019/05/21	14.18	14.56	14.10	14.53	883400	12729610.00
2019/05/22	14.43	14.72	14.43	14.56	753700	10987929.00
2019/05/23	14.49	14.58	14.10	14.17	724755	10373176.00
2019/05/24	14.15	15.10	14.05	14.76	3222529	47192616.00
2019/05/27	14.75	14.95	14.52	14.78	2127855	31461140.00
2019/05/28	14.79	14.90	14.57	14.70	1649029	24338358.00
2019/05/29	14.64	14.90	14.57	14.77	1395700	20623392.00
2019/05/30	14.75	14.89	14.54	14.83	1360800	20023060.00
2019/05/31	14.73	14.91	14.66	14.79	938500	13902103.00
2019/06/03	14.80	14.95	14.55	14.94	1400400	20746492.00
2019/06/04	14.81	15.28	14.81	15.00	2112800	31740680.00
2019/06/05	15.01	15.43	14.92	15.40	2183729	33160070.00
2019/06/06	15.39	15.39	14.69	14.69	1530329	22929562.00
2019/06/10	14.69	15.14	14.69	15.09	1192674	17866340.00
2019/06/11	14.93	15.33	14.83	15.30	2737129	41549068.00
2019/06/12	15.20	15.22	14.88	14.97	2319714	34980960.00
2019/06/13	14.94	15.20	14.91	15.07	1591800	23959562.00
2019/06/14	15.07	15.16	14.70	14.79	1319387	19636552.00
2019/06/17	14.78	15.00	14.70	14.97	1046529	15594754.00
2019/06/18	14.96	15.15	14.89	15.05	1195467	17982276.00
2019/06/19	15.21	15.34	15.03	15.09	1966192	29794570.00
2019/06/20	15.08	15.26	14.94	15.21	1656021	25077438.00
2019/06/21	14.99	15.45	14.96	15.31	1768167	26902216.00
2019/06/24	15.15	15.36	14.98	15.24	1857700	28099372.00
2019/06/25	15.11	15.45	15.11	15.30	2009700	30723428.00
2019/06/26	15.24	15.40	15.15	15.20	1164198	17764516.00
2019/06/27	15.20	15.44	15.12	15.25	1420900	21662828.00
2019/06/28	15.27	15.57	14.89	15.50	2521900	38485856.00
2019/07/01	15.16	16.23	15.16	15.88	3637766	57811520.00
2019/07/02	15.74	16.26	15.74	16.00	2317725	37092292.00
2019/07/03	16.00	16.07	15.65	15.66	1597800	25207654.00
2019/07/04	15.61	16.21	15.58	16.10	2422897	38757728.00
2019/07/05	16.06	16.50	15.89	16.37	2915147	47320252.00
2019/07/08	16.38	16.66	15.82	15.93	2148123	34520396.00
2019/07/09	16.03	16.03	15.48	15.87	1678817	26525484.00
2019/07/10	15.80	15.99	15.56	15.61	1247313	19641744.00
2019/07/11	15.65	15.85	15.56	15.78	1045975	16471276.00
2019/07/12	15.78	15.97	15.60	15.83	1052683	16660993.00
2019/07/15	15.73	15.86	15.30	15.75	1550151	24183846.00
2019/07/16	15.70	15.82	15.55	15.71	1089000	17057068.00
2019/07/17	15.70	15.95	15.56	15.80	1336542	21131152.00
2019/07/18	15.80	15.80	14.88	14.88	1902507	28952936.00
2019/07/19	15.13	15.27	14.80	15.01	1313213	19755228.00
2019/07/22	15.00	15.07	14.30	14.40	1300899	18886908.00
2019/07/23	14.41	14.97	14.34	14.94	1594778	23506660.00
2019/07/24	14.99	15.11	14.83	14.94	1105719	16578234.00
2019/07/25	14.99	15.18	14.86	15.16	899915	13574768.00
2019/07/26	15.02	15.17	14.86	15.05	743924	11149546.00
2019/07/29	15.10	15.25	14.80	14.83	722597	10776893.00
2019/07/30	15.22	15.22	14.80	14.96	837000	12545890.00
2019/07/31	14.90	14.95	14.74	14.84	826995	12253880.00
2019/08/01	14.81	14.93	14.61	14.85	874895	12960658.00
2019/08/02	14.60	14.77	14.34	14.65	1285948	18708384.00
2019/08/05	14.55	14.92	14.52	14.65	1175866	17426012.00
2019/08/06	14.48	14.48	13.82	14.19	1357635	19131064.00
2019/08/07	14.28	14.35	13.91	13.92	862213	12124246.00
2019/08/08	14.12	14.12	13.78	13.85	1092207	15160386.00
2019/08/09	13.95	13.99	13.65	13.67	793599	10993539.00
2019/08/12	13.71	14.17	13.70	14.10	1096935	15328622.00
2019/08/13	13.99	14.53	13.88	14.30	1637006	23423460.00
2019/08/14	14.40	14.62	14.26	14.43	1281005	18473616.00
2019/08/15	14.00	14.40	14.00	14.25	1179284	16644958.00
2019/08/16	14.21	14.62	14.13	14.36	1074841	15457900.00
2019/08/19	14.48	14.95	14.36	14.89	1532504	22589404.00
2019/08/20	14.89	14.95	14.66	14.74	1232245	18209768.00
2019/08/21	14.79	14.94	14.69	14.88	937237	13894277.00
2019/08/22	14.99	15.00	14.80	14.91	869403	12930956.00
2019/08/23	14.83	14.95	14.66	14.77	855330	12620139.00
2019/08/26	14.65	14.74	14.40	14.47	653006	9490393.00
2019/08/27	14.69	14.85	14.58	14.85	969308	14317416.00
2019/08/28	14.88	15.39	14.88	14.98	1827530	27620694.00
2019/08/29	15.12	15.50	14.82	15.19	1820243	27862156.00
2019/08/30	15.21	15.59	15.11	15.29	1604809	24667348.00
2019/09/02	15.21	15.51	15.08	15.51	1574577	24113360.00
2019/09/03	15.39	15.65	15.35	15.65	1500651	23252234.00
2019/09/04	15.62	16.20	15.54	16.08	2195740	35031944.00
2019/09/05	16.12	16.21	15.92	15.94	2339868	37561468.00
2019/09/06	15.99	16.08	15.82	15.97	1329570	21224600.00
2019/09/09	16.17	16.37	16.06	16.33	2033950	32939968.00
2019/09/10	16.35	16.58	16.10	16.18	1586353	25846318.00
2019/09/11	16.17	16.46	16.12	16.25	1433822	23345964.00
2019/09/12	16.35	16.46	16.21	16.25	1234500	20115304.00
2019/09/16	16.31	16.61	16.20	16.50	1685600	27729810.00
2019/09/17	16.45	16.49	15.72	16.05	1914108	30976816.00
2019/09/18	16.17	16.46	16.03	16.24	1430400	23286556.00
2019/09/19	16.27	16.56	16.08	16.54	1724072	28128240.00
2019/09/20	16.58	16.58	16.33	16.40	1381414	22682764.00
2019/09/23	16.50	16.50	16.09	16.33	1391553	22625584.00
2019/09/24	16.39	16.58	16.21	16.32	1911468	31480384.00
2019/09/25	16.22	16.33	15.97	16.10	1568590	25347572.00
2019/09/26	16.40	16.40	15.32	15.50	2003167	31396574.00
2019/09/27	15.38	16.04	15.38	15.94	1410495	22397000.00
2019/09/30	16.00	16.09	15.47	15.55	1083875	16986792.00
2019/10/08	15.70	16.06	15.53	15.71	1091788	17279026.00
2019/10/09	15.60	15.92	15.46	15.85	1131674	17729452.00
2019/10/10	15.85	16.07	15.75	16.05	913700	14562779.00
2019/10/11	16.10	16.33	15.85	16.24	1508600	24431208.00
2019/10/14	16.24	16.45	16.17	16.28	1482264	24161406.00
2019/10/15	16.38	16.57	15.92	16.30	1805700	29280774.00
2019/10/16	16.40	16.40	16.00	16.02	1285117	20711160.00
2019/10/17	16.15	16.19	15.65	16.00	843000	13519538.00
2019/10/18	16.14	16.14	15.65	15.76	882097	13978488.00
2019/10/21	15.72	15.76	15.21	15.35	1030468	15877091.00
2019/10/22	15.49	15.98	15.35	15.86	1361775	21395584.00
2019/10/23	15.91	16.57	15.79	15.89	991381	15856893.00
2019/10/24	15.89	16.07	15.52	15.82	756617	11911519.00
2019/10/25	15.96	16.13	15.68	16.09	1101429	17624060.00
2019/10/28	16.09	16.38	16.01	16.30	1068607	17305978.00
2019/10/29	16.30	16.66	16.08	16.20	1879970	30820494.00
2019/10/30	16.24	16.30	15.69	16.24	1490200	24033236.00
2019/10/31	16.14	16.20	15.61	15.78	1739801	27619388.00
2019/11/01	15.65	15.96	15.56	15.86	1130854	17835496.00
2019/11/04	15.99	16.25	15.85	16.14	1164455	18736028.00
2019/11/05	16.25	16.39	16.14	16.19	1860600	30247972.00
2019/11/06	16.19	16.45	16.05	16.31	1977321	32235424.00
2019/11/07	16.40	16.54	16.19	16.41	2146960	35137584.00
2019/11/08	16.47	16.92	16.37	16.81	4179518	69784728.00
2019/11/11	16.61	16.67	15.76	15.89	4021660	64917892.00
2019/11/12	15.89	15.89	15.13	15.38	3247000	49996704.00
2019/11/13	15.43	15.43	14.81	14.88	2395460	36049108.00
2019/11/14	14.92	15.08	14.71	15.01	1541439	22975742.00
2019/11/15	14.90	14.96	14.60	14.60	1579330	23336692.00
2019/11/18	14.60	14.91	14.60	14.88	1185793	17550786.00
2019/11/19	14.84	15.14	14.81	15.12	1208863	18202548.00
2019/11/20	15.08	15.25	14.82	14.94	1070416	16097543.00
2019/11/21	15.10	15.10	14.81	14.85	788400	11760150.00
2019/11/22	14.90	15.05	14.43	14.58	1719500	25258032.00
2019/11/25	14.80	14.80	14.31	14.52	900862	13036844.00
2019/11/26	14.59	14.65	14.45	14.52	756100	10987078.00
2019/11/27	14.45	14.56	14.26	14.48	913660	13148724.00
2019/11/28	14.50	14.59	14.35	14.43	608900	8812944.00
2019/11/29	14.43	14.62	14.36	14.57	866959	12575322.00
2019/12/02	14.69	14.78	14.52	14.68	917323	13434356.00
2019/12/03	14.64	14.88	14.56	14.87	863990	12728932.00
2019/12/04	14.91	14.94	14.75	14.86	819130	12162533.00
2019/12/05	14.86	15.09	14.86	15.02	1070887	16083161.00
2019/12/06	15.12	15.24	14.94	15.21	1295900	19591636.00
2019/12/09	15.21	15.45	15.20	15.39	1413842	21715792.00
2019/12/10	15.39	15.58	15.30	15.52	1104500	17087908.00
2019/12/11	15.58	15.64	15.41	15.62	1257775	19530586.00
2019/12/12	15.56	15.67	15.46	15.57	869400	13532655.00
2019/12/13	15.57	15.72	15.51	15.66	821119	12837681.00
2019/12/16	15.75	15.89	15.61	15.85	1535977	24241304.00
2019/12/17	15.86	16.13	15.81	15.95	1483830	23708142.00
2019/12/18	15.95	16.35	15.93	16.19	1730040	27985752.00
2019/12/19	16.19	16.33	15.94	16.13	1535431	24684480.00
2019/12/20	16.21	16.21	15.77	15.78	1742347	27762220.00
2019/12/23	15.70	16.08	15.56	15.69	1895407	29997222.00
2019/12/24	15.68	16.01	15.64	16.01	1478826	23503302.00
2019/12/25	15.93	16.32	15.88	16.08	1746343	28191384.00
2019/12/26	16.06	16.71	15.95	16.66	2748800	45121712.00
2019/12/27	16.66	16.66	16.03	16.07	2470186	40375124.00
2019/12/30	15.90	16.41	15.67	16.25	2138222	34340936.00
2019/12/31	16.25	16.91	16.16	16.70	2621775	43785656.00
2020/01/02	16.80	16.91	16.61	16.78	2579558	43219440.00
2020/01/03	16.78	16.86	16.49	16.73	1791769	29846344.00
2020/01/06	16.65	17.07	16.40	16.84	2231357	37384072.00
2020/01/07	16.75	16.90	16.63	16.82	2051616	34401448.00
2020/01/08	16.79	16.80	16.39	16.46	1920580	31884020.00
2020/01/09	16.64	16.77	16.61	16.73	1433147	23932742.00
2020/01/10	16.86	17.09	16.62	16.77	1948638	32810880.00
2020/01/13	16.76	17.36	16.64	17.26	3007272	51467024.00
2020/01/14	17.28	17.48	17.01	17.32	2571812	44409888.00
2020/01/15	17.31	17.36	16.92	17.20	2008000	34411432.00
2020/01/16	17.23	17.32	16.79	16.91	1967931	33437084.00
2020/01/17	17.05	17.20	16.77	16.87	1806694	30664614.00
2020/01/20	16.85	16.98	16.65	16.98	1765697	29700810.00
2020/01/21	16.91	16.99	16.41	16.60	2065800	34357288.00
2020/01/22	16.55	16.73	16.20	16.65	1760568	29098860.00
2020/01/23	16.65	16.96	16.05	16.19	2190645	36182020.00
2020/02/03	14.57	14.77	14.57	14.57	818000	11919771.00
2020/02/04	13.39	14.79	13.39	14.65	2455382	35547468.00
2020/02/05	14.70	15.14	14.61	15.00	2000394	29900456.00
2020/02/06	14.86	15.17	14.72	15.10	2314675	34624904.00
2020/02/07	15.06	15.39	14.90	15.36	1986365	30175260.00
2020/02/10	15.35	15.86	15.18	15.73	2077583	32557310.00
2020/02/11	15.66	15.92	15.43	15.59	1306348	20382898.00
2020/02/12	15.55	15.84	15.48	15.80	1627059	25518952.00
2020/02/13	15.86	15.86	15.50	15.61	1518012	23786468.00
2020/02/14	15.64	15.94	15.49	15.88	2277987	35956916.00
2020/02/17	15.84	16.39	15.82	16.38	2313498	37378288.00
2020/02/18	16.42	16.64	16.21	16.63	2804045	46027960.00
2020/02/19	16.60	16.95	16.45	16.70	2901722	48487652.00
2020/02/20	16.70	16.90	16.44	16.86	3016268	50346788.00
2020/02/21	17.00	17.16	16.81	17.08	3363401	57142648.00
2020/02/24	17.08	18.18	17.00	17.78	4485952	78732448.00
2020/02/25	17.35	18.49	16.68	18.39	7461714	131479824.00
2020/02/26	18.00	18.20	17.08	17.28	5318036	93637784.00
2020/02/27	17.44	17.63	17.10	17.39	2555327	44363628.00
2020/02/28	16.20	16.85	16.20	16.30	3971543	65656100.00
2020/03/02	16.40	17.11	16.40	16.98	2618249	44100996.00
2020/03/03	17.19	17.73	17.01	17.23	3576326	62077308.00
2020/03/04	17.00	17.49	16.80	17.37	2204934	37978396.00
2020/03/05	17.51	17.75	17.21	17.45	2844675	49777800.00
2020/03/06	17.31	17.45	17.14	17.35	1651407	28532884.00
2020/03/09	17.00	17.25	16.66	16.67	1832707	31079570.00
2020/03/10	16.63	18.33	16.52	18.05	5541325	97268128.00
2020/03/11	17.96	18.42	17.68	17.78	4588123	82674872.00
2020/03/12	17.60	18.14	17.46	17.80	3573307	63548528.00
2020/03/13	17.10	17.59	16.70	17.50	3456547	59198648.00
2020/03/16	17.49	17.94	16.54	16.68	3637274	63006968.00
2020/03/17	16.91	17.28	16.08	16.93	2736891	46000460.00
2020/03/18	16.95	18.62	16.94	18.20	10956553	201121936.00
2020/03/19	18.50	19.00	17.56	18.14	12160502	221746048.00
2020/03/20	18.42	19.55	18.04	19.46	10354019	195762160.00
2020/03/23	18.69	19.20	18.11	18.29	7519210	141037232.00
2020/03/24	18.60	19.06	17.88	19.05	6013477	111130936.00
2020/03/25	19.10	19.27	18.27	18.49	5385826	100724832.00
2020/03/26	18.30	18.35	17.00	17.40	5211450	92189664.00
2020/03/27	17.43	17.66	16.92	16.93	2919429	50451704.00
2020/03/30	16.70	16.70	15.24	15.52	4387916	68808088.00
2020/03/31	15.77	15.85	15.35	15.42	1846545	28632778.00
2020/04/01	15.31	15.65	15.23	15.26	1686200	26059812.00
2020/04/02	15.12	15.66	14.91	15.62	1927366	29511904.00
2020/04/03	15.62	15.66	15.40	15.41	1437500	22295156.00
2020/04/07	15.68	15.97	15.68	15.90	1883800	29864556.00
2020/04/08	15.88	16.14	15.66	16.05	1503400	23987276.00
2020/04/09	16.10	16.59	16.10	16.40	2037100	33352058.00
2020/04/10	16.34	16.40	15.71	15.82	2094100	33439160.00
2020/04/13	15.71	15.72	15.39	15.52	1166800	18122120.00
2020/04/14	15.52	15.92	15.51	15.91	1240600	19605966.00
2020/04/15	15.94	16.25	15.83	16.14	1646900	26386988.00
2020/04/16	16.11	16.45	15.92	16.24	1387900	22387368.00
2020/04/17	16.55	16.81	16.30	16.38	2873100	47555024.00
2020/04/20	16.39	17.00	16.39	16.84	2523800	42323472.00
2020/04/21	16.94	17.42	16.62	17.36	3221120	55145996.00
2020/04/22	17.18	17.95	17.10	17.81	3091629	54635448.00
2020/04/23	17.93	18.03	17.60	17.78	2370400	42191928.00
2020/04/24	17.96	17.96	17.38	17.69	2075158	36796416.00
2020/04/27	17.63	17.74	17.34	17.53	1831375	32109912.00
2020/04/28	17.53	17.54	16.00	16.50	3422939	57058920.00
2020/04/29	16.76	17.05	16.25	16.35	2476023	41156652.00
2020/04/30	16.50	17.14	16.35	16.93	2568372	43318660.00
2020/05/06	16.85	17.12	16.71	17.06	2619329	44361528.00
2020/05/07	16.99	17.35	16.80	17.25	2459200	41996100.00
2020/05/08	17.14	17.52	17.11	17.32	2103600	36508040.00
2020/05/11	17.36	17.45	16.82	16.94	2119707	36305724.00
2020/05/12	16.95	17.01	16.42	16.87	1625600	27166708.00
2020/05/13	16.86	16.89	16.56	16.73	1402800	23442726.00
2020/05/14	16.58	16.89	16.45	16.45	1704500	28406720.00
2020/05/15	16.46	16.84	16.46	16.58	1462900	24346716.00
2020/05/18	16.66	16.66	16.00	16.06	2103874	34104424.00
2020/05/19	16.24	16.35	16.16	16.32	1344775	21853794.00
2020/05/20	16.35	16.35	15.95	16.03	1605007	25847304.00
2020/05/21	16.11	16.22	15.94	16.02	1139175	18294346.00
2020/05/22	16.01	16.54	15.71	16.24	2534714	40938404.00
2020/05/25	16.24	16.30	15.83	15.90	1773800	28492916.00
2020/05/26	16.04	16.25	15.88	16.20	1332032	21466628.00
2020/05/27	16.27	16.29	16.06	16.10	1136600	18380736.00
2020/05/28	16.21	16.21	15.67	15.91	1331200	21180710.00
2020/05/29	15.94	16.24	15.85	16.08	1161307	18692968.00
2020/06/01	16.08	16.57	16.08	16.52	1940807	31880264.00
2020/06/02	16.50	16.99	16.48	16.87	2069727	34707268.00
2020/06/03	16.90	16.96	16.66	16.68	1460470	24571656.00
2020/06/04	16.76	16.87	16.62	16.67	1213400	20326664.00
2020/06/05	16.67	16.79	16.50	16.69	1074900	17873472.00
2020/06/08	16.69	17.35	16.69	16.94	2270138	38712548.00
2020/06/09	16.94	17.08	16.71	16.86	1229100	20673532.00
2020/06/10	16.80	16.86	16.42	16.56	1319485	21853068.00
2020/06/11	16.42	16.93	16.41	16.65	1358000	22653208.00
2020/06/12	16.40	16.60	16.00	16.60	1319420	21657908.00
2020/06/15	16.50	17.06	16.44	16.71	1990366	33372764.00
2020/06/16	16.85	17.07	16.76	17.02	2004776	33995136.00
2020/06/17	17.00	17.05	16.77	16.96	1806882	30516900.00
2020/06/18	16.95	17.14	16.84	17.14	1602004	27198708.00
2020/06/19	17.12	17.20	16.90	16.97	1982995	33795440.00
2020/06/22	16.87	17.56	16.87	17.26	2645800	45603264.00
2020/06/23	17.08	17.18	16.78	16.82	2630429	44569248.00
2020/06/24	16.84	16.98	16.72	16.87	1547994	26111172.00
2020/06/29	16.87	16.95	16.61	16.65	1374000	23016280.00
2020/06/30	16.70	17.80	16.70	17.69	4376872	76229664.00
2020/07/01	17.79	17.90	17.36	17.63	2853417	50249836.00
2020/07/02	17.60	17.79	17.50	17.64	2388226	42079236.00
2020/07/03	17.66	18.06	17.55	17.69	2696835	47850796.00
2020/07/06	17.63	17.98	17.45	17.97	3313551	58877128.00
2020/07/07	18.05	18.38	17.82	18.20	3485960	63249488.00
2020/07/08	18.17	18.58	17.94	18.36	2947481	53764488.00
2020/07/09	18.41	18.88	18.29	18.77	3065976	56951412.00
2020/07/10	18.75	19.50	18.58	18.66	4060868	77133888.00
2020/07/13	18.75	19.67	18.66	19.45	3949676	75747864.00
2020/07/14	19.52	19.70	18.84	19.18	3110159	59887332.00
2020/07/15	19.20	19.88	18.60	18.72	3259120	62268176.00
2020/07/16	18.61	19.18	17.96	18.02	3187720	59225564.00
2020/07/17	18.01	18.33	17.78	18.16	2671100	48345088.00
2020/07/20	18.18	18.51	18.06	18.49	2478346	45497628.00
2020/07/21	18.52	18.68	18.18	18.32	2011460	36917600.00
2020/07/22	18.33	18.60	18.22	18.36	2276202	41927648.00
2020/07/23	18.32	18.32	17.60	18.20	2333632	41973568.00
2020/07/24	18.18	18.46	17.55	17.58	2332229	41921472.00
2020/07/27	17.59	17.67	17.03	17.26	1855800	32098618.00
2020/07/28	17.27	17.54	17.19	17.38	1274300	22099636.00
2020/07/29	17.43	18.51	17.38	18.51	2832049	51147068.00
2020/07/30	18.55	19.14	18.51	18.71	3638538	68617384.00
2020/07/31	18.71	19.27	18.64	19.18	2523888	47978684.00
2020/08/03	19.30	19.48	19.07	19.19	2877263	55277048.00
2020/08/04	19.35	19.35	18.81	19.11	2070888	39494288.00
2020/08/05	19.33	19.33	18.93	19.26	1686829	32344940.00
2020/08/06	19.20	19.32	18.70	19.11	2101725	40041072.00
2020/08/07	19.23	19.86	18.71	18.99	4479937	86733632.00
2020/08/10	19.00	19.15	18.73	19.03	2246449	42526104.00
2020/08/11	18.89	19.00	18.10	18.21	2777268	51575880.00
2020/08/12	18.07	18.24	17.52	17.96	1966153	35041220.00
2020/08/13	17.98	18.27	17.92	18.07	1180700	21369028.00
2020/08/14	18.17	18.27	17.82	18.25	1416600	25528816.00
2020/08/17	18.23	18.69	18.12	18.65	1766100	32622132.00
2020/08/18	18.65	18.79	18.41	18.53	1243612	23093440.00
2020/08/19	18.48	18.72	18.09	18.09	1411239	25879948.00
2020/08/20	18.14	18.17	17.88	18.15	966763	17432736.00
2020/08/21	18.28	18.43	18.05	18.27	1312292	23923696.00
2020/08/24	18.26	18.70	18.00	18.62	1857598	34190000.00
2020/08/25	18.60	19.36	18.44	19.29	3739306	71370408.00
2020/08/26	21.22	21.22	21.22	21.22	2383300	50573624.00
2020/08/27	22.00	22.50	21.28	21.44	12939583	283871136.00
2020/08/28	21.43	23.38	21.38	22.55	9700552	216909440.00
2020/08/31	22.64	23.40	22.23	22.47	8485889	192539616.00
2020/09/01	22.58	24.30	22.52	23.69	8558511	201115232.00
2020/09/02	23.82	23.97	23.01	23.53	5117438	120141040.00
2020/09/03	23.60	23.87	22.92	23.20	5018700	116865304.00
2020/09/04	23.06	23.39	22.55	22.77	3970929	90548784.00
2020/09/07	23.00	23.49	22.07	22.60	3664985	83881648.00
2020/09/08	22.81	23.88	22.42	23.65	4117501	95749968.00
2020/09/09	23.21	23.50	21.46	21.75	5607500	125250712.00
2020/09/10	21.85	22.10	21.10	21.24	4623400	100117280.00
2020/09/11	21.32	22.26	20.94	22.05	3534100	77124464.00
2020/09/14	22.16	22.21	21.54	21.91	2730200	59659920.00
2020/09/15	21.76	21.95	21.50	21.70	2047276	44389816.00
2020/09/16	21.74	21.87	21.16	21.38	2072657	44515440.00
2020/09/17	21.61	22.13	21.18	21.82	3580438	77746104.00
2020/09/18	21.76	21.85	21.18	21.77	2652211	57121016.00
2020/09/21	21.69	21.99	21.42	21.88	2004829	43557512.00
2020/09/22	21.62	21.78	21.23	21.35	1725100	37040488.00
2020/09/23	21.40	21.94	21.23	21.87	1633000	35414264.00
2020/09/24	21.70	21.70	20.88	21.04	2654000	56270524.00
2020/09/25	21.20	21.28	20.68	20.91	1692984	35391132.00
2020/09/28	20.91	21.21	20.51	20.82	1471700	30773748.00
2020/09/29	21.08	21.52	20.83	21.12	1556600	33125412.00
2020/09/30	21.10	21.52	21.00	21.36	1544613	32949464.00
2020/10/09	21.72	22.28	21.46	22.00	3061789	67065944.00
2020/10/12	22.05	24.08	22.02	23.47	5290689	123192352.00
2020/10/13	23.15	25.82	23.15	25.82	6223643	155239776.00
2020/10/14	26.80	28.40	25.61	27.60	9793388	267979008.00
2020/10/15	27.60	28.97	26.83	28.05	5882597	163779664.00
2020/10/16	28.01	28.74	27.24	27.82	4959550	139037888.00
2020/10/19	28.39	29.09	27.61	27.71	4320282	122041176.00
2020/10/20	28.09	28.58	27.67	28.31	3358900	94928200.00
2020/10/21	28.73	28.99	27.00	27.35	3925821	108954832.00
2020/10/22	27.47	27.60	26.40	26.58	2990400	79892216.00
2020/10/23	27.08	27.38	25.10	25.23	4148000	107268176.00
2020/10/26	25.60	26.18	24.82	25.75	3016000	77300264.00
2020/10/27	25.83	26.28	25.33	25.70	1957100	50480560.00
2020/10/28	25.83	26.19	25.04	25.60	2513000	64074176.00
2020/10/29	25.99	26.33	25.03	25.26	4118800	105366600.00
2020/10/30	25.15	25.80	24.51	24.56	2949082	74052232.00
2020/11/02	24.91	25.19	24.21	24.75	2978787	73708856.00
2020/11/03	25.00	25.79	24.77	25.30	2966650	75379680.00
2020/11/04	25.50	25.95	24.89	25.41	3003261	76132504.00
2020/11/05	25.50	26.41	25.44	26.30	3438454	89298056.00
2020/11/06	26.15	26.31	24.51	25.29	3677956	93178488.00
2020/11/09	25.29	25.70	24.94	25.39	3681340	93125144.00
2020/11/10	25.40	26.28	25.11	25.38	3648268	93469608.00
2020/11/11	25.38	26.10	24.68	24.86	4267982	108837400.00
2020/11/12	25.02	25.22	24.34	24.58	2333299	57779036.00
2020/11/13	24.59	24.86	24.03	24.78	1991020	48762496.00
2020/11/16	24.88	24.94	24.02	24.39	2214619	53808456.00
2020/11/17	24.21	24.54	23.60	23.99	1905539	45721500.00
2020/11/18	24.15	24.97	23.84	24.46	2202652	53858664.00
2020/11/19	24.60	25.25	24.50	25.06	2037300	50722156.00
2020/11/20	24.91	25.03	24.54	24.66	1459001	36057584.00
2020/11/23	24.67	24.90	24.01	24.82	1993982	48594776.00
2020/11/24	24.65	24.79	24.00	24.25	1837500	44699288.00
2020/11/25	24.25	24.48	23.92	24.08	1662500	40175616.00
2020/11/26	24.48	24.48	23.08	23.18	2451112	57477640.00
2020/11/27	22.97	23.21	22.46	23.08	2047301	46663492.00
2020/11/30	23.07	23.13	22.56	22.72	1460800	33298820.00
2020/12/01	22.90	22.90	22.53	22.78	1165631	26481102.00
2020/12/02	22.85	23.19	22.53	22.76	1573153	35770712.00
2020/12/03	22.90	22.98	22.48	22.55	1383900	31371426.00
2020/12/04	22.69	22.82	22.21	22.29	1276865	28596688.00
2020/12/07	22.38	23.15	22.36	22.66	2648985	60327704.00
2020/12/08	22.67	23.29	22.62	23.18	2316065	53372904.00
2020/12/09	23.03	23.50	21.83	21.95	2499871	56217524.00
2020/12/10	21.91	22.05	21.60	21.80	1364449	29704254.00
2020/12/11	21.75	21.97	20.90	21.50	1837400	39326168.00
2020/12/14	21.34	22.18	21.12	22.16	1778000	38840512.00
2020/12/15	22.01	22.29	21.85	22.14	1127926	24897026.00
2020/12/16	22.09	22.24	21.68	21.75	970263	21175232.00
2020/12/17	21.82	22.05	21.20	22.00	1124800	24331674.00
2020/12/18	21.86	22.18	21.53	21.57	995800	21601062.00
2020/12/21	21.57	21.93	21.26	21.79	969100	21078412.00
2020/12/22	21.52	21.68	20.95	20.96	1819169	38656948.00
2020/12/23	20.95	21.35	20.72	21.11	1193850	25119476.00
2020/12/24	21.09	21.12	20.40	20.50	1170637	24220526.00
2020/12/25	20.65	21.11	20.33	20.91	1274188	26583594.00
2020/12/28	20.80	20.85	20.05	20.09	1662119	33822780.00
2020/12/29	20.00	20.53	19.98	20.16	1066631	21612664.00
2020/12/30	20.20	20.20	19.77	19.78	1369700	27294700.00
2020/12/31	19.77	20.61	19.71	20.40	1679598	33984720.00
2021/01/04	20.40	20.57	20.18	20.47	1452500	29637930.00
2021/01/05	20.41	20.82	20.22	20.64	2072080	42565268.00
2021/01/06	20.61	20.77	20.00	20.07	1793800	36305416.00
2021/01/07	19.87	19.98	18.80	18.94	2777495	53580060.00
2021/01/08	18.75	19.39	18.32	18.90	2068399	39066288.00
2021/01/11	18.85	18.93	18.15	18.27	2138200	39463080.00
2021/01/12	18.39	18.93	18.13	18.68	1886400	35100816.00
2021/01/13	18.77	18.77	18.03	18.42	1761700	32279396.00
2021/01/14	18.42	19.14	18.22	18.84	1863600	34962448.00
2021/01/15	18.70	19.48	18.67	19.17	1893256	36161452.00
2021/01/18	19.18	19.97	19.02	19.90	2184256	43078812.00
2021/01/19	19.89	20.48	19.70	20.08	2149468	43207088.00
2021/01/20	19.68	19.68	19.03	19.24	2997035	57810488.00
2021/01/21	19.25	19.66	18.98	19.52	1985700	38499104.00
2021/01/22	19.46	19.74	19.20	19.50	1171474	22751742.00
2021/01/25	19.50	19.50	18.47	18.72	1880600	35395608.00
2021/01/26	18.55	19.05	18.40	18.70	982600	18437980.00
2021/01/27	18.71	19.06	18.52	18.85	1020700	19165344.00
2021/01/28	18.87	18.92	18.17	18.28	1009300	18663044.00
2021/01/29	18.38	18.62	18.08	18.24	1138425	20860238.00
2021/02/01	18.30	18.42	17.92	17.93	1131544	20469470.00
2021/02/02	17.98	18.06	17.40	17.47	1475272	25996832.00
2021/02/03	17.54	17.55	17.02	17.15	1198200	20649424.00
2021/02/04	17.18	17.25	16.70	16.91	1071600	18185352.00
2021/02/05	17.17	17.38	16.81	17.13	1022363	17537046.00
2021/02/08	17.01	17.29	16.53	16.67	1362100	23020438.00
2021/02/09	16.61	16.86	16.24	16.71	1562700	25853352.00
2021/02/10	16.71	16.77	16.16	16.32	2218347	36320488.00
2021/02/18	16.49	17.18	16.49	17.17	2649800	44710208.00
2021/02/19	17.18	17.66	16.94	17.61	1594125	27627996.00
2021/02/22	17.75	18.06	17.53	17.66	2301031	40978084.00
2021/02/23	17.60	17.72	17.30	17.44	1360163	23812200.00
2021/02/24	17.63	17.79	17.41	17.51	1487563	26201886.00
2021/02/25	17.62	18.04	17.46	17.63	1564332	27696634.00
2021/02/26	17.50	18.78	17.35	18.61	3002401	55108404.00
2021/03/01	18.91	20.00	18.91	19.99	5516700	107478160.00
2021/03/02	19.30	19.59	18.69	18.82	5099416	96693456.00
2021/03/03	18.83	20.70	18.63	20.70	5199645	103503352.00
2021/03/04	20.94	21.71	20.48	20.59	7269307	153774464.00
2021/03/05	21.33	21.65	20.30	21.06	4467144	94033264.00
2021/03/08	21.07	22.47	21.07	21.76	6267610	137932688.00
2021/03/09	21.96	22.08	20.40	20.46	4358683	92570888.00
2021/03/10	20.55	21.30	20.33	20.49	2674500	55490824.00
2021/03/11	20.50	20.70	19.89	20.70	2840144	57713248.00
2021/03/12	20.70	21.18	20.58	20.92	1931878	40333400.00
2021/03/15	20.60	23.01	20.60	23.01	6626169	149524160.00
2021/03/16	22.93	25.31	22.70	25.20	9647708	236863712.00
2021/03/17	24.59	24.59	22.80	23.74	6394542	150970336.00
2021/03/18	23.63	24.68	23.63	23.86	3945985	95455928.00
2021/03/19	23.29	24.40	23.21	23.46	2640684	62402568.00
2021/03/22	23.43	23.69	23.10	23.42	2361785	55255976.00
2021/03/23	23.42	23.42	22.87	23.08	1891767	43742756.00
2021/03/24	23.26	23.30	21.85	22.51	3538492	79424872.00
2021/03/25	22.42	22.98	22.01	22.55	2318595	52333656.00
2021/03/26	22.61	22.88	22.30	22.58	1237133	27978638.00
2021/03/29	22.50	22.65	21.94	22.07	1726000	38289304.00
2021/03/30	21.89	22.31	21.82	21.91	1274200	28028364.00
2021/03/31	21.59	23.30	21.59	22.35	2762228	62542648.00
2021/04/01	22.24	23.10	21.89	23.02	1985000	44622196.00
2021/04/02	22.85	23.31	22.62	22.69	1945630	44564760.00
2021/04/06	22.61	22.90	22.58	22.85	1026694	23349950.00
2021/04/07	22.40	23.07	22.40	22.75	1066129	24309258.00
2021/04/08	22.76	23.67	22.60	22.94	1812622	42044304.00
2021/04/09	22.94	23.49	22.76	22.95	1284800	29683140.00
2021/04/12	22.84	23.15	21.38	21.50	2283400	50221700.00
2021/04/13	21.50	21.79	21.00	21.15	1310285	27869500.00
2021/04/14	21.30	21.49	21.10	21.36	835500	17833144.00
2021/04/15	21.22	21.87	21.20	21.50	865272	18598596.00
2021/04/16	21.48	22.16	21.42	21.98	1048700	22873766.00
2021/04/19	22.03	22.33	21.28	21.92	1174900	25829906.00
2021/04/20	21.95	22.99	21.95	22.44	1903833	42849868.00
2021/04/21	22.38	22.87	22.23	22.45	1200465	26970376.00
2021/04/22	22.60	24.68	22.45	24.37	4321460	103804408.00
2021/04/23	24.00	24.35	22.72	22.81	4605671	107525040.00
2021/04/26	23.04	23.90	22.77	22.88	3201109	74162864.00
2021/04/27	22.79	22.95	21.86	22.29	2116319	47128344.00
2021/04/28	22.47	22.47	21.60	21.85	1346200	29422724.00
2021/04/29	21.74	22.23	21.60	21.89	1167498	25588266.00
2021/04/30	22.01	22.20	21.53	21.62	957300	20799884.00
2021/05/06	21.56	21.85	21.06	21.14	1295600	27687700.00
2021/05/07	21.33	21.45	20.70	20.73	1675475	35229084.00
2021/05/10	20.70	21.04	20.19	20.33	1411400	29034024.00
2021/05/11	20.32	20.49	20.09	20.43	991207	20109628.00
2021/05/12	20.34	21.38	20.20	21.25	1292200	26953694.00
2021/05/13	21.32	21.56	20.91	21.01	981757	20872956.00
2021/05/14	21.01	21.81	20.83	21.63	1354800	29032730.00
2021/05/17	21.63	22.11	21.45	21.78	1242444	27200242.00
2021/05/18	21.69	21.78	21.13	21.40	982602	21045832.00
2021/05/19	21.13	21.64	21.13	21.19	778000	16618459.00
2021/05/20	21.01	21.74	21.01	21.65	1000201	21440540.00
2021/05/21	21.76	22.56	21.66	22.16	1862000	41312060.00
2021/05/24	22.17	22.67	22.01	22.22	1432457	32018306.00
2021/05/25	22.03	22.50	21.91	22.33	1164300	25876300.00
2021/05/26	22.31	22.56	22.11	22.54	950100	21210242.00
2021/05/27	22.57	22.72	22.31	22.35	1160754	26088432.00
2021/05/28	22.22	22.54	22.15	22.39	1368315	30599932.00
2021/05/31	22.39	23.14	22.22	23.05	1427626	32498852.00
2021/06/01	23.04	23.65	22.89	23.22	1222329	28520720.00
2021/06/02	23.25	23.55	22.75	22.80	1738797	40188800.00
2021/06/03	22.80	23.12	22.54	22.61	1260997	28797210.00
2021/06/04	22.79	23.48	22.62	23.32	1359400	31521708.00
2021/06/07	23.60	23.76	23.12	23.16	1391150	32494390.00
2021/06/08	23.23	23.39	22.63	22.86	1863944	42644924.00
2021/06/09	22.78	24.20	22.78	23.70	3178975	75109232.00
2021/06/10	23.60	23.60	22.85	23.45	1859363	43382792.00
2021/06/11	23.39	23.55	22.50	22.50	1717118	39572940.00
2021/06/15	22.45	23.07	22.20	22.76	1676585	37921760.00
2021/06/16	22.65	23.24	22.57	22.65	1300310	29737598.00
2021/06/17	22.60	23.58	22.38	23.49	1875566	43540520.00
2021/06/18	23.51	24.20	23.33	24.13	2455769	58524288.00
2021/06/21	24.05	24.40	23.80	24.12	1984153	47799772.00
2021/06/22	24.30	24.43	23.98	24.35	1405135	34044304.00
2021/06/23	24.90	26.79	24.55	26.79	5192011	136938816.00
2021/06/24	27.47	27.50	24.90	24.90	6757283	174474368.00
2021/06/25	24.98	25.22	23.15	23.52	5067840	121309136.00
2021/06/28	24.00	25.87	23.88	24.67	3521356	86854384.00
2021/06/29	24.41	24.66	23.83	23.87	2147133	51712932.00
2021/06/30	23.51	24.29	23.51	24.02	1813896	43538340.00
2021/07/01	24.38	24.88	24.08	24.39	2655100	65032280.00
2021/07/02	24.30	25.10	24.10	24.50	2308329	56990244.00
2021/07/05	24.50	25.18	24.41	25.09	2264216	56404892.00
2021/07/06	24.86	24.96	23.65	24.13	2171729	52482556.00
2021/07/07	23.93	24.59	23.80	24.46	1350795	32837208.00
2021/07/08	24.40	25.05	24.24	24.81	2146300	52884240.00
2021/07/09	24.88	25.68	24.73	25.56	2482730	62640048.00
2021/07/12	25.60	28.12	25.34	27.00	6724303	182853456.00
2021/07/13	27.10	27.15	25.74	26.40	3985629	104528384.00
2021/07/14	26.00	26.43	25.60	25.86	2117929	55043052.00
2021/07/15	25.84	26.20	25.23	25.78	2312979	59230112.00
2021/07/16	25.53	27.98	25.43	27.51	4099875	111073824.00
2021/07/19	27.51	28.89	27.21	27.88	3228754	90929240.00
2021/07/20	27.92	28.68	27.03	28.50	2512936	70258136.00
2021/07/21	28.69	28.93	28.13	28.49	1815600	51651232.00
2021/07/22	28.51	29.47	27.87	29.22	2548850	73484736.00
2021/07/23	29.14	29.48	27.85	28.18	2934100	83265832.00
2021/07/26	28.03	28.95	27.00	27.96	2375181	66346828.00
2021/07/27	27.97	28.75	27.36	27.46	1907900	53882476.00
2021/07/28	27.19	28.30	26.31	27.60	2485950	68149152.00
2021/07/29	27.95	28.39	27.42	27.82	1907100	53105872.00
2021/07/30	27.65	28.10	27.31	27.70	1591707	44045192.00
2021/08/02	27.64	29.14	27.50	28.95	2143800	61164484.00
2021/08/03	28.80	28.93	27.55	27.76	1938000	54850632.00
2021/08/04	27.64	28.06	27.16	27.85	1511000	41709204.00
2021/08/05	27.83	27.83	26.50	26.97	2145000	58070344.00
2021/08/06	26.90	27.54	26.53	27.43	1570600	42352620.00
2021/08/09	27.14	27.56	26.70	27.39	969600	26309740.00
2021/08/10	27.50	28.98	27.35	28.98	2257200	64245216.00
2021/08/11	29.00	30.14	28.52	29.99	3249123	95941872.00
2021/08/12	30.00	30.33	29.41	29.92	1584800	47213540.00
2021/08/13	30.00	30.20	29.08	29.35	1756714	51735364.00
2021/08/16	29.23	29.23	28.40	28.70	1712353	49177928.00
2021/08/17	28.81	28.93	27.02	27.16	2122300	59176312.00
2021/08/18	27.01	27.40	26.52	27.11	1230800	33178204.00
2021/08/19	26.89	27.33	26.80	26.97	712800	19266394.00
2021/08/20	26.55	27.32	25.94	26.80	2189886	58204400.00
2021/08/23	26.70	28.08	26.70	27.78	1782475	49299916.00
2021/08/24	27.78	29.92	27.78	29.68	2227036	65107644.00
2021/08/25	29.71	30.12	29.38	30.10	1556500	46479900.00
2021/08/26	30.36	31.29	30.12	31.07	2322500	71641336.00
2021/08/27	31.00	31.00	29.00	29.29	3009033	88980944.00
2021/08/30	29.78	29.89	28.71	28.83	2166200	62923000.00
2021/08/31	28.98	30.37	28.55	29.29	2664800	78894728.00
2021/09/01	29.57	29.57	28.35	28.86	1816885	52453260.00
2021/09/02	29.09	30.18	28.39	30.09	1898300	56193256.00
2021/09/03	29.98	30.80	29.03	29.15	1834068	54430640.00
2021/09/06	29.43	31.06	29.09	30.90	2084370	63106492.00
2021/09/07	31.06	32.16	30.46	31.78	2768986	87701504.00
2021/09/08	31.66	32.20	31.30	31.57	2224018	70596192.00
2021/09/09	31.92	32.50	31.19	31.33	2403767	76371656.00
2021/09/10	31.70	32.10	30.91	31.40	1718417	54099164.00
2021/09/13	31.71	31.95	30.51	31.12	1149815	35640996.00
2021/09/14	31.05	31.50	30.53	30.60	1322312	40838336.00
2021/09/15	30.84	31.41	30.18	31.11	1101317	34055204.00
2021/09/16	30.88	31.15	28.81	29.00	2293500	68108552.00
2021/09/17	29.15	29.63	28.90	29.51	1607485	47235360.00
2021/09/22	29.00	29.98	28.92	29.71	916000	27009576.00
2021/09/23	29.78	30.69	29.48	30.58	1037720	31225192.00
2021/09/24	30.56	31.50	30.16	30.58	1282455	39718016.00
2021/09/27	30.56	31.07	28.30	28.78	1839579	54003524.00
2021/09/28	29.18	29.88	28.10	29.60	1268700	36907352.00
2021/09/29	29.48	29.66	28.39	28.56	1111300	32033076.00
2021/09/30	28.69	29.59	28.68	29.55	875600	25621860.00
2021/10/08	29.95	30.15	29.57	29.62	717497	21418652.00
2021/10/11	29.56	31.00	29.56	30.60	1245997	38152976.00
2021/10/12	30.35	30.75	29.00	29.15	1053697	31198588.00
2021/10/13	29.15	29.59	28.45	29.17	816697	23644370.00
2021/10/14	29.12	29.43	28.60	29.29	450000	13095333.00
2021/10/15	29.47	30.53	28.67	30.43	932583	27967654.00
2021/10/18	30.40	30.42	29.62	30.28	770289	23089484.00
2021/10/19	30.39	31.47	30.09	31.20	1295100	40152212.00
2021/10/20	31.19	31.48	30.32	31.31	1030200	31893204.00
2021/10/21	31.48	31.48	30.37	30.81	1051600	32284516.00
2021/10/22	30.78	31.59	30.03	30.32	1307700	40178104.00
2021/10/25	30.05	30.06	28.08	29.45	1813050	52332800.00
2021/10/26	29.15	29.53	28.85	29.00	666500	19401192.00
2021/10/27	28.90	28.97	28.33	28.63	764600	21826832.00
2021/10/28	28.59	29.30	28.38	28.60	774872	22377748.00
2021/10/29	28.40	29.60	28.40	29.09	957568	27972404.00
2021/11/01	30.20	32.00	30.02	32.00	2573100	81483536.00
2021/11/02	32.84	33.90	32.46	33.25	5094373	169123264.00
2021/11/03	33.60	35.88	33.33	35.60	4502587	156324416.00
2021/11/04	35.79	36.20	34.30	35.87	3491623	123814136.00
2021/11/05	36.27	36.76	35.58	35.89	3062713	110775872.00
2021/11/08	36.18	36.38	34.80	35.50	2257716	79961760.00
2021/11/09	35.51	35.79	35.20	35.74	1909400	67822976.00
2021/11/10	35.68	36.19	34.95	35.93	2111369	75244416.00
2021/11/11	35.77	37.79	35.36	37.12	2913468	107570240.00
2021/11/12	37.00	40.79	36.90	39.66	4008293	157018720.00
2021/11/15	39.66	40.97	38.80	39.74	2467500	97582600.00
2021/11/16	39.38	39.79	37.30	38.30	3734546	143133200.00
2021/11/17	38.30	39.65	37.70	39.14	2058418	79734056.00
2021/11/18	39.00	39.64	38.38	38.90	1495600	58158532.00
2021/11/19	38.86	40.25	38.62	39.50	1464050	57920176.00
2021/11/22	39.83	41.94	39.51	41.37	1822475	74935200.00
2021/11/23	40.93	41.01	39.86	40.25	1705866	68799648.00
2021/11/24	39.80	40.80	39.80	40.30	978200	39392416.00
2021/11/25	40.38	40.55	39.29	39.35	1349150	53723204.00
2021/11/26	39.34	40.04	38.68	39.43	1223107	48141888.00
2021/11/29	40.29	40.39	38.63	40.00	1428641	56301892.00
2021/11/30	40.80	41.44	39.69	39.93	1237400	50040552.00
2021/12/01	38.88	42.28	38.88	41.70	2289481	94188000.00
2021/12/02	41.96	41.96	38.06	39.27	2688424	105887472.00
2021/12/03	39.28	41.43	39.18	40.61	1581400	64255888.00
2021/12/06	40.46	40.81	38.10	38.62	2647108	102797376.00
2021/12/07	39.06	39.80	37.08	37.19	1932208	73331312.00
2021/12/08	37.28	38.37	37.21	37.38	1107520	41678036.00
2021/12/09	37.45	37.93	36.91	37.22	910854	33975848.00
2021/12/10	37.19	38.98	36.30	38.50	1611600	61028364.00
2021/12/13	38.28	38.98	37.48	38.50	1007993	38575244.00
2021/12/14	38.48	38.88	37.90	38.52	642941	24681606.00
2021/12/15	38.81	39.49	37.30	37.32	1141600	43469548.00
2021/12/16	37.28	38.09	37.00	37.35	703239	26368464.00
2021/12/17	37.35	37.39	36.00	36.41	1049609	38434400.00
2021/12/20	36.41	37.13	36.04	36.40	915000	33376920.00
2021/12/21	36.50	37.00	36.30	36.65	659524	24084384.00
2021/12/22	36.55	38.25	36.55	37.96	1202185	45213976.00
2021/12/23	37.88	38.13	37.21	37.98	687900	25949348.00
2021/12/24	38.00	38.06	36.65	37.42	987000	36725408.00
2021/12/27	37.60	37.60	36.67	36.71	656817	24269318.00
2021/12/28	36.99	40.27	36.74	39.72	1940900	75501232.00
2021/12/29	39.50	40.45	38.00	38.12	1886850	73523712.00
2021/12/30	37.98	38.79	37.72	38.20	944000	36151568.00
2021/12/31	38.19	38.65	37.73	38.30	621609	23725084.00
2022/01/04	38.80	39.39	37.35	38.32	1345846	51818412.00
2022/01/05	38.37	38.76	36.85	37.40	1186500	44516104.00
2022/01/06	37.23	39.50	36.88	39.00	1636165	62814468.00
2022/01/07	39.19	39.84	37.86	37.89	1321009	51354528.00
2022/01/10	37.77	38.65	35.61	38.13	1755357	65292052.00
2022/01/11	38.00	39.98	37.91	39.07	1676000	65647888.00
2022/01/12	39.12	39.81	38.58	39.24	917808	35829468.00
2022/01/13	39.40	39.80	38.10	38.45	827700	31945984.00
2022/01/14	38.00	39.49	37.80	39.00	898100	34919912.00
2022/01/17	39.35	40.50	38.60	40.14	1562282	61575692.00
2022/01/18	40.28	43.97	40.15	42.97	3060729	130078616.00
2022/01/19	42.97	42.98	41.66	42.35	1705856	71910952.00
2022/01/20	41.98	43.96	40.40	40.40	2251308	95155408.00
2022/01/21	40.00	40.64	38.32	38.73	1686800	66106640.00
2022/01/24	38.28	39.36	38.02	38.99	1108800	42882904.00
2022/01/25	38.82	39.26	36.43	36.43	1763555	65906592.00
2022/01/26	36.43	38.16	36.33	37.25	1305556	48760488.00
2022/01/27	37.33	37.68	36.50	37.06	1082400	40043164.00
2022/01/28	37.52	37.52	35.23	35.30	1187600	42703304.00
2022/02/07	36.09	36.23	34.17	34.86	1426005	49859244.00
2022/02/08	34.64	35.39	34.36	34.95	900500	31436976.00
2022/02/09	34.81	37.05	34.40	36.99	1390800	49917672.00
2022/02/10	36.74	37.06	35.80	35.99	813508	29499692.00
2022/02/11	35.61	35.88	34.75	35.28	978908	34589952.00
2022/02/14	35.10	35.53	34.29	35.20	808008	28239196.00
2022/02/15	35.78	36.33	35.05	36.05	570209	20436072.00
2022/02/16	36.48	37.45	36.06	36.80	786904	29099602.00
2022/02/17	36.73	37.29	36.30	36.52	664100	24386284.00
2022/02/18	36.35	36.87	36.20	36.41	459800	16768254.00
2022/02/21	36.40	37.17	36.40	36.91	450602	16660795.00
2022/02/22	36.88	37.50	36.55	36.89	862600	31966276.00
2022/02/23	36.89	38.59	36.72	38.40	1096400	41749804.00
2022/02/24	38.20	39.39	37.68	37.97	1853400	71060848.00
2022/02/25	38.35	38.98	35.77	35.98	2423600	88780664.00
2022/02/28	35.98	36.59	35.20	36.16	1285100	46177780.00
2022/03/01	36.08	36.35	34.35	34.93	1894500	66478412.00
2022/03/02	35.00	35.34	33.80	35.10	1502600	52019888.00
2022/03/03	35.26	35.35	34.06	34.06	861239	29636436.00
2022/03/04	34.05	34.29	33.00	33.06	972317	32568524.00
2022/03/07	33.13	33.14	31.95	32.29	1843000	59573356.00
2022/03/08	32.40	33.48	31.36	31.59	1556779	49936928.00
2022/03/09	31.87	31.89	29.60	30.80	1434029	44008808.00
2022/03/10	31.46	32.16	31.40	31.91	981730	31187744.00
2022/03/11	31.70	32.06	30.39	31.95	1168300	36339468.00
2022/03/14	31.95	33.30	31.80	31.90	1410400	45825316.00
2022/03/15	31.99	32.00	30.07	30.10	1329800	41318204.00
2022/03/16	30.61	32.02	30.03	31.70	1408700	43612040.00
2022/03/17	32.00	33.16	32.00	32.70	899400	29467930.00
2022/03/18	32.79	32.79	31.30	32.10	1091314	34863948.00
2022/03/21	32.11	32.36	31.51	32.13	561216	17948112.00
2022/03/22	31.83	34.15	31.55	33.97	1316200	43673720.00
2022/03/23	33.95	35.14	33.51	34.42	1139300	39283408.00
2022/03/24	34.50	34.50	33.53	33.58	430100	14546795.00
2022/03/25	33.85	33.85	32.94	33.16	436700	14557518.00
2022/03/28	33.16	33.17	31.61	32.19	922000	29744308.00
2022/03/29	32.46	32.56	30.70	31.26	992000	31133132.00
2022/03/30	31.38	32.13	31.15	32.05	443000	14098646.00
2022/03/31	31.57	32.78	31.57	32.20	719716	23319676.00
2022/04/01	32.49	32.76	31.82	32.60	561100	18136072.00
2022/04/06	32.00	32.39	31.01	31.39	1031100	32321604.00
2022/04/07	31.40	31.78	30.41	30.46	949500	29473804.00
2022/04/08	30.51	30.55	29.61	30.10	670116	20188500.00
2022/04/11	30.36	30.36	28.06	28.39	846209	24375600.00
2022/04/12	28.25	28.48	27.70	28.29	542400	15267199.00
2022/04/13	27.94	28.03	27.14	27.46	647850	17848572.00
2022/04/14	27.87	27.95	27.01	27.51	783655	21466880.00
2022/04/15	27.06	27.25	26.36	26.77	830700	22195444.00
2022/04/18	26.03	27.96	26.03	27.56	681400	18489750.00
2022/04/19	27.33	28.48	27.33	27.88	815900	22827214.00
2022/04/20	27.68	29.76	27.65	29.11	1443916	42006312.00
2022/04/21	29.40	30.13	28.58	28.70	1391500	41007224.00
2022/04/22	28.70	29.10	27.70	28.33	673630	19091150.00
2022/04/25	27.99	27.99	26.60	26.61	945414	25740844.00
2022/04/26	26.54	27.06	25.92	26.00	1088100	28985400.00
2022/04/27	25.21	28.60	25.21	28.60	1268100	34674224.00
2022/04/28	28.60	29.00	27.92	28.37	1341800	38127064.00
2022/04/29	29.02	31.17	28.64	30.99	1548908	46498584.00
2022/05/05	30.85	32.19	30.85	32.00	1001824	31759668.00
2022/05/06	30.59	32.29	30.59	31.71	528929	16811492.00
2022/05/09	31.87	32.50	31.20	31.44	495800	15728291.00
2022/05/10	31.20	32.88	31.16	32.80	888130	28800940.00
2022/05/11	32.93	34.09	32.70	33.15	858430	28813046.00
2022/05/12	33.15	33.56	32.51	33.42	558302	18498476.00
2022/05/13	33.52	33.93	33.10	33.64	365800	12302850.00
2022/05/16	34.27	34.27	32.70	33.09	459900	15292133.00
2022/05/17	32.80	33.55	32.80	33.38	350900	11688079.00
2022/05/18	33.02	33.99	33.02	33.62	332100	11194072.00
2022/05/19	33.70	33.73	33.05	33.60	329790	11004584.00
2022/05/20	33.67	34.00	33.40	33.75	369300	12435623.00
2022/05/23	33.77	33.92	33.12	33.84	297529	9992151.00
2022/05/24	33.64	34.40	33.20	33.30	583200	19641228.00
2022/05/25	33.00	33.79	32.74	33.25	367900	12204693.00
2022/05/26	33.14	33.56	32.32	33.41	423300	13973066.00
2022/05/27	33.16	34.13	33.08	33.77	348000	11723594.00
2022/05/30	33.93	34.72	33.06	34.58	580700	19763574.00
2022/05/31	34.58	35.56	34.10	35.54	694173	24326780.00
2022/06/01	35.80	36.00	35.18	35.54	457000	16265376.00
2022/06/02	35.38	36.57	35.33	36.38	533912	19303488.00
2022/06/06	37.18	37.18	36.38	37.00	585000	21601632.00
2022/06/07	36.98	36.98	36.17	36.41	454815	16577169.00
2022/06/08	36.40	37.18	36.18	36.65	495286	18173034.00
2022/06/09	36.64	36.95	34.07	36.07	392300	14183976.00
2022/06/10	36.07	36.45	35.82	36.02	442200	15958514.00
2022/06/13	36.00	37.48	36.00	36.86	499400	18392324.00
2022/06/14	36.49	37.27	36.00	37.16	522400	19117012.00
2022/06/15	37.16	37.35	36.60	37.10	374300	13846462.00
2022/06/16	37.10	37.92	36.98	37.32	407500	15209496.00
2022/06/17	37.16	37.73	36.93	37.32	274800	10226903.00
2022/06/20	37.32	37.39	37.00	37.00	347900	12898005.00
2022/06/21	37.02	38.80	37.02	38.00	720900	27537128.00
2022/06/22	37.53	38.51	37.53	38.26	546400	20902156.00
2022/06/23	37.35	38.12	35.50	38.00	907500	33926340.00
2022/06/24	38.30	38.38	37.52	37.85	495600	18806848.00
2022/06/27	37.85	38.55	37.52	38.30	512500	19530888.00
2022/06/28	38.00	38.74	37.51	38.41	495800	18912648.00
2022/06/29	38.30	38.70	37.68	37.72	582200	22137706.00
2022/06/30	37.89	39.16	37.52	38.90	832100	32141060.00
2022/07/01	39.00	39.35	38.18	38.65	571216	22130858.00
2022/07/04	38.20	38.79	37.66	38.14	470300	18002628.00
2022/07/05	37.80	38.53	36.65	37.12	1061700	39389420.00
2022/07/06	37.12	38.30	37.05	37.65	495000	18664500.00
2022/07/07	37.80	38.77	37.50	38.39	733000	28054756.00
2022/07/08	38.87	38.87	37.67	37.67	450700	17193868.00
2022/07/11	37.62	37.96	36.63	37.22	1069900	39584032.00
2022/07/12	37.46	37.50	35.90	35.90	620200	22676772.00
2022/07/13	36.00	36.59	35.46	35.74	433300	15574333.00
2022/07/14	35.95	37.06	35.52	36.59	538500	19703688.00
2022/07/15	36.61	37.59	36.18	36.82	628300	23354370.00
2022/07/18	36.82	37.90	36.20	36.25	659300	24187826.00
2022/07/19	36.26	36.98	36.20	36.57	709214	26001606.00
2022/07/20	36.72	37.43	36.38	36.65	443300	16315498.00
2022/07/21	36.65	37.19	36.09	36.12	590700	21543420.00
2022/07/22	36.18	36.70	35.05	35.37	570106	20296596.00
2022/07/25	35.38	35.88	34.15	34.46	659800	22864464.00
2022/07/26	34.47	35.83	34.08	35.79	588792	20643540.00
2022/07/27	35.79	36.20	34.90	35.25	647899	22934022.00
2022/07/28	35.46	35.88	35.12	35.36	606900	21482100.00
2022/07/29	34.96	35.77	34.56	34.59	510800	17853020.00
2022/08/01	34.47	35.96	34.04	35.69	1079561	38236744.00
2022/08/02	35.12	35.94	33.59	34.23	1043700	35753356.00
2022/08/03	33.89	34.86	32.73	33.08	1130000	37987768.00
2022/08/04	33.38	33.97	32.98	33.28	682054	22782740.00
2022/08/05	32.85	34.18	32.80	33.80	658400	22139688.00
2022/08/08	34.00	34.40	33.25	33.25	862100	29039210.00
2022/08/09	33.59	33.88	33.18	33.54	559600	18700962.00
2022/08/10	33.61	36.89	33.23	36.89	3674692	132666400.00
2022/08/11	36.61	38.80	36.02	38.46	4400046	164416720.00
2022/08/12	37.89	38.39	35.12	35.34	3235500	117611656.00
2022/08/15	35.25	36.95	34.80	36.25	2491561	90309568.00
2022/08/16	36.43	36.60	34.93	35.12	2171043	76975656.00
2022/08/17	35.13	35.77	34.15	34.57	1742361	60249064.00
2022/08/18	34.60	36.15	34.22	35.90	1868651	66243460.00
2022/08/19	35.79	36.70	35.10	35.21	1322800	47491964.00
2022/08/22	35.19	35.51	34.18	34.86	1055600	36648688.00
2022/08/23	34.93	35.79	34.55	34.79	717000	25075352.00
2022/08/24	34.76	34.76	32.90	33.53	1504900	50468816.00
2022/08/25	33.10	33.78	31.85	32.66	1049700	34064544.00
2022/08/26	32.56	32.89	31.70	31.88	651600	21027924.00
2022/08/29	30.50	31.13	29.61	30.50	1780100	54292440.00
2022/08/30	30.74	30.95	29.60	30.20	925100	27839324.00
2022/08/31	30.25	30.25	29.07	29.13	1171500	34592496.00
2022/09/01	29.13	29.74	28.97	29.32	941261	27597496.00
2022/09/02	29.32	30.18	29.20	30.18	957800	28425712.00
2022/09/05	30.18	31.66	29.75	30.53	1214300	37668280.00
2022/09/06	30.77	31.74	30.16	31.25	776937	24111342.00
2022/09/07	30.94	32.09	30.81	31.82	866611	27546966.00
2022/09/08	31.75	32.13	31.60	31.82	437800	13965288.00
2022/09/09	31.80	32.27	31.32	32.10	642900	20512896.00
2022/09/13	32.25	33.53	32.06	32.87	1087118	35710580.00
2022/09/14	32.39	33.25	32.20	33.00	495286	16294506.00
2022/09/15	33.03	33.27	31.80	32.85	790700	25735020.00
2022/09/16	32.85	33.10	31.82	32.39	754800	24426416.00
2022/09/19	32.68	32.68	31.03	32.28	769800	24414876.00
2022/09/20	32.03	32.20	31.26	31.35	586500	18518510.00
2022/09/21	31.35	31.75	31.10	31.61	258900	8141365.00
2022/09/22	31.58	31.68	30.80	30.97	407558	12684154.00
2022/09/23	31.13	31.13	30.00	30.04	276400	8383496.00
2022/09/26	30.00	30.70	29.80	30.64	475700	14384616.00
2022/09/27	30.00	30.64	30.00	30.31	393400	11868514.00
2022/09/28	30.11	31.16	29.84	30.31	387372	11823289.00
2022/09/29	30.33	30.56	29.60	29.74	349972	10482294.00
2022/09/30	29.43	29.89	28.50	28.61	358900	10418728.00
2022/10/10	29.13	29.19	27.60	27.73	292300	8258405.00
2022/10/11	27.00	28.01	27.00	27.68	228454	6325621.00
2022/10/12	26.30	28.35	26.30	28.32	335554	9348481.00
2022/10/13	28.15	30.66	28.15	28.80	523696	15251516.00
2022/10/14	28.94	29.50	28.80	29.37	311200	9082914.00
2022/10/17	29.37	29.91	29.05	29.73	240597	7143260.00
2022/10/18	29.94	29.94	29.15	29.58	283343	8342374.00
2022/10/19	29.28	29.80	29.18	29.23	272900	8055402.00
2022/10/20	29.39	30.50	28.96	29.83	472319	14035241.00
2022/10/21	29.72	30.20	29.40	29.43	257500	7623175.00
2022/10/24	29.21	29.88	29.02	29.22	363138	10683953.00
2022/10/25	29.03	29.15	28.21	28.66	319500	9183204.00
2022/10/26	28.79	29.30	28.34	28.98	691500	20056012.00
2022/10/27	28.98	29.45	28.24	28.28	431577	12378188.00
2022/10/28	28.41	28.50	26.85	27.10	486661	13433302.00
2022/10/31	26.50	27.07	26.00	26.74	1016509	27099992.00
2022/11/01	26.69	28.25	26.68	28.18	955895	26223328.00
2022/11/02	28.33	29.70	28.19	29.05	671595	19587756.00
2022/11/03	28.95	29.67	28.60	29.24	377600	10917436.00
2022/11/04	29.04	29.80	28.99	29.69	361520	10643415.00
2022/11/07	29.70	29.96	29.43	29.71	369300	10952516.00
2022/11/08	29.32	29.70	29.24	29.52	394800	11623076.00
2022/11/09	29.28	29.73	29.28	29.33	251800	7421170.00
2022/11/10	29.24	29.47	28.80	28.80	439997	12772719.00
2022/11/11	29.38	30.00	29.15	29.31	456397	13465986.00
2022/11/14	29.42	30.19	29.02	29.75	586296	17465082.00
2022/11/15	29.50	30.74	29.50	30.70	524800	15910822.00
2022/11/16	30.86	30.96	30.51	30.58	239800	7350862.00
2022/11/17	30.57	31.68	30.44	31.51	488700	15193516.00
2022/11/18	31.68	31.99	30.90	30.99	356100	11117428.00
2022/11/21	30.90	30.98	30.33	30.88	305900	9394218.00
2022/11/22	30.88	31.16	30.28	30.48	263800	8096329.00
2022/11/23	30.22	30.41	29.21	29.90	538300	16011218.00
2022/11/24	31.59	31.59	29.30	29.35	536900	15998625.00
2022/11/25	29.49	30.00	29.02	29.50	591800	17443238.00
2022/11/28	29.55	29.55	28.13	28.27	509800	14508820.00
2022/11/29	27.76	28.70	27.76	28.62	349800	9957629.00
2022/11/30	28.78	29.22	28.28	28.77	491400	14158484.00
2022/12/01	28.80	29.62	28.45	28.60	1189200	34596824.00
2022/12/02	28.07	28.72	28.07	28.38	332100	9467374.00
2022/12/05	28.47	29.13	28.37	28.37	753300	21565764.00
2022/12/06	28.65	29.08	28.28	28.48	889400	25408316.00
2022/12/07	28.48	28.53	28.09	28.17	436100	12289539.00
2022/12/08	28.06	28.11	27.86	27.86	408800	11429577.00
2022/12/09	27.86	28.05	27.37	27.54	402800	11119162.00
2022/12/12	27.60	27.95	27.35	27.91	458529	12662799.00
2022/12/13	28.95	28.95	27.32	27.39	528204	14554595.00
2022/12/14	27.54	27.63	26.99	27.16	434329	11823298.00
2022/12/15	27.01	28.09	26.95	27.73	587300	16223348.00
2022/12/16	27.78	27.78	27.23	27.31	321400	8806191.00
2022/12/19	27.25	27.31	26.67	26.73	322300	8677222.00
2022/12/20	26.89	26.89	26.40	26.49	243600	6472909.00
2022/12/21	26.75	26.75	26.10	26.20	245300	6448369.00
2022/12/22	26.28	26.32	25.62	25.70	424900	11011927.00
2022/12/23	25.58	25.75	25.23	25.40	309900	7890180.00
2022/12/26	25.62	26.40	25.40	26.19	434000	11299951.00
2022/12/27	26.21	26.50	26.03	26.36	369396	9713748.00
2022/12/28	26.21	26.56	25.95	25.97	392200	10255900.00
2022/12/29	26.14	26.19	25.72	25.90	266800	6904315.00
2022/12/30	26.13	26.19	25.71	26.14	473506	12303849.00
2023/01/03	25.48	27.44	25.48	27.27	660600	17696172.00
2023/01/04	27.46	27.51	26.80	27.00	326200	8815515.00
2023/01/05	26.81	28.20	26.81	28.00	663900	18416434.00
2023/01/06	27.94	28.08	27.73	27.90	233214	6495959.00
2023/01/09	27.90	28.37	27.78	28.09	320114	8996830.00
2023/01/10	28.09	28.10	27.80	28.01	279120	7804616.00
2023/01/11	28.08	28.16	27.68	27.75	282400	7885371.00
2023/01/12	27.99	28.10	27.62	27.81	190016	5300174.00
2023/01/13	27.85	28.26	27.75	27.96	188900	5262090.00
2023/01/16	28.14	28.28	27.70	28.02	248900	7000979.00
2023/01/17	28.25	28.55	27.90	28.48	380400	10778050.00
2023/01/18	28.42	28.85	28.38	28.77	281400	8074721.00
2023/01/19	28.68	28.86	28.40	28.76	224300	6422310.00
2023/01/20	28.80	29.12	28.00	28.08	446024	12591171.00
2023/01/30	28.25	28.39	27.83	27.99	489400	13772124.00
2023/01/31	28.02	28.33	27.88	27.99	425600	11925119.00
2023/02/01	28.00	28.74	28.00	28.64	820400	23271506.00
2023/02/02	28.80	29.69	28.62	29.53	759214	22186484.00
2023/02/03	29.32	30.00	29.02	29.81	531000	15618865.00
2023/02/06	29.73	30.10	29.40	29.56	339896	10085521.00
2023/02/07	29.44	29.69	29.22	29.53	172147	5062490.00
2023/02/08	29.65	29.66	29.15	29.26	249840	7311970.00
2023/02/09	29.25	29.80	29.01	29.71	307300	9063324.00
2023/02/10	29.75	29.94	29.12	29.44	387700	11425962.00
数据来源:通达信
