601949 中国出版 日线 不复权
      日期	    开盘	    最高	    最低	    收盘	    成交量	    成交额
2017/08/21	4.01	4.81	4.01	4.81	83517	398437.00
2017/08/22	5.29	5.29	5.29	5.29	47540	251487.00
2017/08/23	5.82	5.82	5.82	5.82	65759	382717.00
2017/08/24	6.40	6.40	6.40	6.40	122860	786304.00
2017/08/25	7.04	7.04	7.04	7.04	414719	2919622.00
2017/08/28	7.74	7.74	7.74	7.74	379421	2936719.00
2017/08/29	8.51	8.51	8.51	8.51	482984	4110194.00
2017/08/30	9.36	9.36	9.36	9.36	763864	7149767.00
2017/08/31	10.30	10.30	10.30	10.30	2462279	25361474.00
2017/09/01	11.33	11.33	11.33	11.33	5861369	66409312.00
2017/09/04	12.46	12.46	12.46	12.46	15504660	193188064.00
2017/09/05	13.00	13.70	11.84	13.36	247564729	3135240960.00
2017/09/06	12.66	14.38	12.65	13.22	194840100	2596258560.00
2017/09/07	12.90	14.54	12.81	14.19	205796252	2866929920.00
2017/09/08	13.80	14.09	12.88	12.98	168959868	2281495040.00
2017/09/11	12.85	13.23	12.28	12.99	99817039	1272881536.00
2017/09/12	12.75	12.89	12.21	12.33	92400366	1153462144.00
2017/09/13	12.13	12.41	11.98	12.21	57547025	699991232.00
2017/09/14	12.18	12.69	12.07	12.36	63120633	785216704.00
2017/09/15	12.19	12.22	11.40	11.51	75006049	883675968.00
2017/09/18	11.38	11.51	10.92	11.08	43989799	489551552.00
2017/09/19	11.08	11.57	11.06	11.27	39193539	444841664.00
2017/09/20	11.13	11.45	11.13	11.35	32385946	366741120.00
2017/09/21	11.37	11.40	10.98	10.99	38023607	423097792.00
2017/09/22	10.80	10.95	10.63	10.74	30036767	323565344.00
2017/09/25	10.75	10.90	10.60	10.63	19816131	213129648.00
2017/09/26	10.60	10.69	10.01	10.21	36721243	376314816.00
2017/09/27	10.18	10.23	10.05	10.18	19300196	195891040.00
2017/09/28	10.21	10.26	9.98	9.99	23247755	235206288.00
2017/09/29	10.01	10.09	9.61	9.72	28526497	280856128.00
2017/10/09	9.86	9.97	9.69	9.87	21245768	208863392.00
2017/10/10	9.83	10.60	9.76	10.45	44406250	459366656.00
2017/10/11	10.37	10.41	10.13	10.18	23206112	237929840.00
2017/10/12	10.18	10.69	9.97	10.49	33854274	350940320.00
2017/10/13	10.40	10.82	10.29	10.54	33254775	352148480.00
2017/10/16	10.47	10.80	10.32	10.34	29180829	307450816.00
2017/10/17	10.20	10.20	9.90	10.06	21447423	215341232.00
2017/10/18	10.08	10.35	9.99	10.09	19286471	195339168.00
2017/10/19	9.99	10.07	9.67	9.70	21002161	206441840.00
2017/10/20	9.70	9.95	9.68	9.89	14134929	138644176.00
2017/10/23	9.90	9.91	9.78	9.83	11029277	108423936.00
2017/10/24	9.82	9.84	9.55	9.63	14205182	137267136.00
2017/10/25	9.65	9.73	9.60	9.68	9557173	92433152.00
2017/10/26	9.69	9.69	9.53	9.65	14898921	143141536.00
2017/10/27	9.63	9.70	9.52	9.53	10269912	98617248.00
2017/10/30	9.57	9.57	8.88	8.97	20009982	181793936.00
2017/10/31	8.94	9.15	8.90	9.00	10449686	94276568.00
2017/11/01	9.01	9.03	8.92	8.94	10531372	94388160.00
2017/11/02	8.95	8.95	8.70	8.78	15681961	137437776.00
2017/11/03	8.80	8.80	8.46	8.52	15008000	128903824.00
2017/11/06	8.52	8.59	8.38	8.57	11222473	95208064.00
2017/11/07	8.57	8.98	8.40	8.87	26238824	229639392.00
2017/11/08	8.80	8.98	8.77	8.83	18704706	166210400.00
2017/11/09	8.81	8.88	8.75	8.78	10176847	89550544.00
2017/11/10	8.84	9.07	8.80	8.89	19259935	171907008.00
2017/11/13	8.90	8.94	8.72	8.74	13321688	117592680.00
2017/11/14	8.69	8.69	8.46	8.48	14855353	126830680.00
2017/11/15	8.48	8.52	8.38	8.41	7333858	61843908.00
2017/11/16	8.38	8.65	8.38	8.50	11337584	96469704.00
2017/11/17	8.49	8.54	7.88	7.94	15960765	130529392.00
2017/11/20	7.82	8.07	7.60	8.03	11213239	87724704.00
2017/11/21	7.99	8.08	7.87	7.96	8171844	65020856.00
2017/11/22	8.03	8.03	7.86	7.90	8094662	64031208.00
2017/11/23	7.94	7.99	7.52	7.55	9788260	76455352.00
2017/11/24	7.53	7.63	7.51	7.53	7194202	54409220.00
2017/11/27	7.53	7.62	7.38	7.43	8171500	61527760.00
2017/11/28	7.41	7.56	7.40	7.53	7662782	57343320.00
2017/11/29	7.53	7.56	7.41	7.54	8151502	61085916.00
2017/11/30	7.51	7.57	7.32	7.35	10756271	80290288.00
2017/12/01	7.35	7.45	7.25	7.44	8935073	65957148.00
2017/12/04	7.50	7.50	7.01	7.14	11113832	80900536.00
2017/12/05	7.10	7.18	6.72	6.82	14915249	103618232.00
2017/12/06	6.86	7.40	6.75	7.15	21699663	153963424.00
2017/12/07	7.10	7.18	7.02	7.07	11800804	83577064.00
2017/12/08	7.09	7.31	7.04	7.16	13767060	98665936.00
2017/12/11	7.16	7.22	7.11	7.18	8211086	58808600.00
2017/12/12	7.15	7.17	6.97	6.98	8192200	57820816.00
2017/12/13	6.98	7.06	6.96	7.04	4840330	33987604.00
2017/12/14	7.05	7.05	6.91	6.96	6353959	44303572.00
2017/12/15	6.99	7.07	6.92	6.99	6400348	44724904.00
2017/12/18	7.01	7.03	6.89	6.93	5607736	38943424.00
2017/12/19	6.90	7.05	6.88	7.03	7689825	53645688.00
2017/12/20	7.02	7.05	6.88	6.91	6209559	43057884.00
2017/12/21	6.87	7.03	6.70	6.94	9607021	66145936.00
2017/12/22	6.89	7.13	6.89	6.98	12532056	88131048.00
2017/12/25	6.92	7.10	6.77	7.04	13467609	93252512.00
2017/12/26	7.00	7.74	6.99	7.74	43527531	326336800.00
2017/12/27	7.80	8.26	7.74	7.85	65371324	522198464.00
2017/12/28	7.66	7.84	7.51	7.69	29582141	227473104.00
2017/12/29	7.67	7.76	7.43	7.51	19526664	147808208.00
2018/01/02	7.51	7.62	7.41	7.60	15269640	115045240.00
2018/01/03	7.61	7.62	7.49	7.54	14961378	113007456.00
2018/01/04	7.52	7.55	7.42	7.46	12906987	96574840.00
2018/01/05	7.46	7.49	7.35	7.39	13514912	100079056.00
2018/01/08	7.37	7.48	7.30	7.47	12652744	93515312.00
2018/01/09	7.44	7.49	7.38	7.42	8833320	65650456.00
2018/01/10	7.42	7.42	7.13	7.21	11016670	80105192.00
2018/01/11	7.21	7.34	7.13	7.29	9035544	65628312.00
2018/01/12	7.25	7.46	7.18	7.42	15876181	116315248.00
2018/01/15	7.42	7.42	7.03	7.05	13778287	99652568.00
2018/01/16	7.00	7.32	6.96	7.28	15647855	112887800.00
2018/01/17	7.25	7.82	7.25	7.49	29669929	222624256.00
2018/01/18	7.40	7.56	7.37	7.54	17744639	132198656.00
2018/01/19	7.54	7.65	7.37	7.39	18239519	137180320.00
2018/01/22	7.30	7.56	7.10	7.47	18248104	133850144.00
2018/01/23	7.43	7.47	7.32	7.35	11329329	83620744.00
2018/01/24	7.35	8.09	7.31	8.09	49163812	385270592.00
2018/01/25	8.37	8.87	8.15	8.22	102179802	863244800.00
2018/01/26	8.01	8.30	7.97	8.06	39918969	323702912.00
2018/01/29	7.95	8.05	7.72	7.81	30993390	242959760.00
2018/01/30	7.79	7.86	7.73	7.77	15695430	122139344.00
2018/01/31	7.72	7.73	7.41	7.43	22730586	171452112.00
2018/02/01	7.45	7.49	6.90	6.92	23951950	171639008.00
2018/02/02	6.81	7.10	6.74	7.05	16529273	115353248.00
2018/02/05	6.94	6.98	6.81	6.93	9789100	67766840.00
2018/02/06	6.78	6.88	6.25	6.30	18606736	121806512.00
2018/02/07	6.47	6.53	6.10	6.38	11528429	73307784.00
2018/02/08	6.32	6.48	6.32	6.44	7264248	46668560.00
2018/02/09	6.20	6.28	6.02	6.11	9961101	61448720.00
2018/02/12	6.19	6.33	6.17	6.27	6672776	41807848.00
2018/02/13	6.27	6.34	6.20	6.23	6392100	40166892.00
2018/02/14	6.20	6.28	6.20	6.28	4172383	26057884.00
2018/02/22	6.36	6.42	6.32	6.39	5462837	34785800.00
2018/02/23	6.38	6.69	6.35	6.54	10061071	65791956.00
2018/02/26	6.54	6.86	6.52	6.75	11889753	79654928.00
2018/02/27	6.74	6.80	6.60	6.73	12616524	84263856.00
2018/02/28	6.65	6.65	6.55	6.60	7626612	50438880.00
2018/03/01	6.55	6.65	6.53	6.63	6542354	43244660.00
2018/03/02	6.59	6.78	6.57	6.70	10715810	71455888.00
2018/03/05	6.65	6.70	6.61	6.65	6013700	39946856.00
2018/03/06	6.66	6.77	6.63	6.75	9667973	64902128.00
2018/03/07	6.77	6.77	6.59	6.60	8542342	56891384.00
2018/03/08	6.58	6.69	6.58	6.68	5994550	39842784.00
2018/03/09	6.65	6.93	6.65	6.82	14929812	102098416.00
2018/03/12	6.81	6.95	6.81	6.93	14258529	98315216.00
2018/03/13	6.97	7.13	6.85	6.90	17358057	120923584.00
2018/03/14	6.84	6.87	6.78	6.81	8889562	60623228.00
2018/03/15	6.80	6.80	6.52	6.64	11056920	73574648.00
2018/03/16	6.61	6.86	6.60	6.73	10063338	67841760.00
2018/03/19	6.70	6.76	6.65	6.74	4811773	32302368.00
2018/03/20	6.62	6.70	6.58	6.66	6509989	43237888.00
2018/03/21	6.64	6.82	6.64	6.68	8515489	57328400.00
2018/03/22	6.67	6.84	6.60	6.75	8832974	59421252.00
2018/03/23	6.59	6.64	6.10	6.17	15874495	100998624.00
2018/03/26	6.10	6.21	5.86	6.19	7839020	47352004.00
2018/03/27	6.24	6.80	6.23	6.51	16197860	104951816.00
2018/03/28	6.32	6.43	6.30	6.34	8387287	53397920.00
2018/03/29	6.39	6.43	6.32	6.38	6180137	39393488.00
2018/03/30	6.44	6.52	6.40	6.47	6304075	40680808.00
2018/04/02	6.48	6.62	6.41	6.45	7615533	49544776.00
2018/04/03	6.36	6.36	6.26	6.30	7462828	46995000.00
2018/04/04	6.31	6.36	6.26	6.26	5330097	33640372.00
2018/04/09	6.23	6.29	6.16	6.27	4837033	30153424.00
2018/04/10	6.30	6.87	6.26	6.48	17797153	116237512.00
2018/04/11	6.58	6.98	6.52	6.87	37311611	253270512.00
2018/04/12	6.78	6.85	6.64	6.67	21888001	146933120.00
2018/04/13	6.70	6.74	6.56	6.56	10575198	70121776.00
2018/04/16	6.56	6.56	6.36	6.43	9295725	59852760.00
2018/04/17	6.40	6.47	6.23	6.27	7201632	45711772.00
2018/04/18	6.31	6.38	6.17	6.37	6961859	43799864.00
2018/04/19	6.39	6.39	6.31	6.33	6305415	40041532.00
2018/04/20	6.31	6.33	6.13	6.13	6267282	38932756.00
2018/04/23	6.15	6.25	6.10	6.18	3943890	24364220.00
2018/04/24	6.16	6.33	6.15	6.31	5641990	35370176.00
2018/04/25	6.26	6.31	6.24	6.27	4167212	26134320.00
2018/04/26	6.26	6.35	6.15	6.16	5412371	33764152.00
2018/04/27	6.14	6.20	6.07	6.10	6020159	36849320.00
2018/05/02	6.09	6.14	5.98	6.01	4951271	29902282.00
2018/05/03	5.98	6.11	5.92	6.09	5043200	30349152.00
2018/05/04	6.05	6.09	6.02	6.04	2958900	17910728.00
2018/05/07	6.07	6.13	6.02	6.13	4108200	25038108.00
2018/05/08	6.10	6.23	6.05	6.17	8526743	52329328.00
2018/05/09	6.13	6.16	6.09	6.13	4769859	29170592.00
2018/05/10	6.14	6.29	6.11	6.20	8384778	51938808.00
2018/05/11	6.19	6.26	6.10	6.25	11219910	69356320.00
2018/05/14	6.88	6.88	6.34	6.40	32919552	218982128.00
2018/05/15	6.30	6.79	6.25	6.65	34920006	227672160.00
2018/05/16	6.50	6.54	6.30	6.33	22780971	145896128.00
2018/05/17	6.24	6.37	6.24	6.26	8725660	54863232.00
2018/05/18	6.25	6.36	6.22	6.30	8398184	52779644.00
2018/05/21	6.33	6.41	6.30	6.36	8995411	57182528.00
2018/05/22	6.36	6.44	6.31	6.38	7186355	45761672.00
2018/05/23	6.35	6.37	6.24	6.25	7335259	46223760.00
2018/05/24	6.21	6.27	6.16	6.17	7390654	45821116.00
2018/05/25	6.17	6.21	6.11	6.12	5593849	34443000.00
2018/05/28	6.13	6.13	6.02	6.02	6720800	40752580.00
2018/05/29	6.02	6.13	6.01	6.04	5663738	34271604.00
2018/05/30	5.98	5.98	5.81	5.85	7592100	44804920.00
2018/05/31	5.92	5.94	5.86	5.92	4463902	26355598.00
2018/06/01	5.90	5.95	5.86	5.89	3856161	22761032.00
2018/06/04	5.89	5.92	5.87	5.88	2301300	13550538.00
2018/06/05	5.86	5.97	5.86	5.95	3358200	19893730.00
2018/06/06	5.94	6.14	5.94	6.05	8003900	48614272.00
2018/06/07	6.05	6.05	5.94	5.94	4767849	28538184.00
2018/06/08	5.94	5.97	5.83	5.87	3991200	23422820.00
2018/06/11	5.86	5.99	5.82	5.91	3979080	23471188.00
2018/06/12	5.89	5.95	5.86	5.93	3054249	18029532.00
2018/06/13	5.89	5.93	5.83	5.83	2814700	16536745.00
2018/06/14	5.78	5.87	5.76	5.78	3003100	17418976.00
2018/06/15	5.76	5.80	5.50	5.55	5413577	30432944.00
2018/06/19	5.50	5.50	5.00	5.03	9004932	46508208.00
2018/06/20	5.02	5.11	4.99	5.06	4672200	23621390.00
2018/06/21	5.09	5.11	4.87	4.89	5279600	26375660.00
2018/06/22	4.90	4.97	4.83	4.94	3380600	16600523.00
2018/06/25	4.98	5.07	4.94	4.95	4648838	23174460.00
2018/06/26	4.86	4.95	4.70	4.94	4437100	21588808.00
2018/06/27	4.98	4.98	4.84	4.87	3662253	17955204.00
2018/06/28	4.87	4.91	4.68	4.69	7876164	37762192.00
2018/06/29	4.68	4.86	4.68	4.83	6075473	29150998.00
2018/07/02	4.85	4.88	4.73	4.76	4673971	22468212.00
2018/07/03	4.77	4.86	4.72	4.84	4629312	22185400.00
2018/07/04	4.84	4.86	4.76	4.77	4341400	20883696.00
2018/07/05	4.80	4.83	4.66	4.67	4535612	21489364.00
2018/07/06	4.65	4.72	4.50	4.62	5057160	23395640.00
2018/07/09	4.64	4.74	4.63	4.72	3473472	16307540.00
2018/07/10	4.73	4.77	4.70	4.76	3448800	16326217.00
2018/07/11	4.71	4.71	4.56	4.61	4356100	20149134.00
2018/07/12	4.58	4.79	4.56	4.76	5440911	25671252.00
2018/07/13	4.77	4.79	4.72	4.78	4420511	21020688.00
2018/07/16	4.68	4.68	4.61	4.64	3537269	16425910.00
2018/07/17	4.64	4.72	4.63	4.70	3688242	17242768.00
2018/07/18	4.71	5.12	4.69	4.78	10089270	48813532.00
2018/07/19	4.75	4.80	4.68	4.71	5060700	24014320.00
2018/07/20	4.69	4.76	4.63	4.75	3769029	17751816.00
2018/07/23	4.72	4.82	4.69	4.81	4388500	20946014.00
2018/07/24	4.80	4.97	4.78	4.93	7578300	37139256.00
2018/07/25	4.91	4.96	4.88	4.89	4562042	22404796.00
2018/07/26	4.90	5.05	4.87	5.02	8385060	41684688.00
2018/07/27	4.98	5.01	4.87	4.89	5961636	29364366.00
2018/07/30	4.87	4.92	4.66	4.71	8144532	38742848.00
2018/07/31	4.70	4.76	4.69	4.74	3270812	15453746.00
2018/08/01	4.74	4.79	4.59	4.63	4510300	21232804.00
2018/08/02	4.60	4.62	4.33	4.39	8329489	36989304.00
2018/08/03	4.38	4.44	4.31	4.32	3083812	13528939.00
2018/08/06	4.32	4.36	4.25	4.28	3351224	14404796.00
2018/08/07	4.27	4.38	4.27	4.37	3558009	15403727.00
2018/08/08	4.35	4.38	4.30	4.32	2676300	11620002.00
2018/08/09	4.29	4.43	4.28	4.39	3702158	16202179.00
2018/08/10	4.38	4.43	4.36	4.41	2703077	11880264.00
2018/08/13	4.33	4.41	4.30	4.40	3518612	15297402.00
2018/08/14	4.38	4.49	4.36	4.45	3115661	13751376.00
2018/08/15	4.46	4.46	4.31	4.35	3099800	13570859.00
2018/08/16	4.33	4.33	4.21	4.25	3006781	12856255.00
2018/08/17	4.28	4.30	4.14	4.18	3205861	13555566.00
2018/08/20	4.18	4.24	4.14	4.22	2159900	9038352.00
2018/08/21	4.22	4.27	4.19	4.25	2345326	9937474.00
2018/08/22	4.21	4.25	4.18	4.20	1812900	7626335.00
2018/08/23	4.20	4.23	4.18	4.21	2082900	8769969.00
2018/08/24	4.21	4.27	4.18	4.23	2657526	11218568.00
2018/08/27	4.26	4.29	4.22	4.28	3295990	14066610.00
2018/08/28	4.29	4.30	4.26	4.29	2060000	8820036.00
2018/08/29	4.31	4.46	4.30	4.32	5238881	22786352.00
2018/08/30	4.30	4.31	4.18	4.21	3600345	15255098.00
2018/08/31	4.19	4.23	4.18	4.18	2267000	9528784.00
2018/09/03	4.17	4.23	4.16	4.23	2982300	12531631.00
2018/09/04	4.22	4.38	4.20	4.34	7643604	33083908.00
2018/09/05	4.30	4.37	4.28	4.28	4156979	17985476.00
2018/09/06	4.30	4.34	4.27	4.34	2753166	11866357.00
2018/09/07	4.33	4.37	4.30	4.34	3687718	16009759.00
2018/09/10	4.34	4.34	4.24	4.24	2712400	11601459.00
2018/09/11	4.20	4.33	4.20	4.29	3340826	14286166.00
2018/09/12	4.28	4.36	4.26	4.35	4339973	18778802.00
2018/09/13	4.35	4.38	4.31	4.37	3395742	14783875.00
2018/09/14	4.37	4.41	4.32	4.32	4363201	19052304.00
2018/09/17	4.30	4.30	4.22	4.22	2672400	11336747.00
2018/09/18	4.23	4.37	4.21	4.36	5370800	23122892.00
2018/09/19	4.34	4.40	4.33	4.37	5414030	23678256.00
2018/09/20	4.35	4.39	4.35	4.38	2660012	11618972.00
2018/09/21	4.39	4.42	4.34	4.41	4947978	21729752.00
2018/09/25	4.39	4.45	4.36	4.41	3829300	16923268.00
2018/09/26	4.41	4.44	4.38	4.42	3476700	15347022.00
2018/09/27	4.41	4.42	4.33	4.33	3365900	14715342.00
2018/09/28	4.32	4.37	4.30	4.36	3997266	17310924.00
2018/10/08	4.32	4.32	4.23	4.27	3579825	15296632.00
2018/10/09	4.26	4.29	4.24	4.26	2465507	10515049.00
2018/10/10	4.26	4.30	4.23	4.27	2777300	11837950.00
2018/10/11	4.14	4.18	3.85	3.87	6954700	27825252.00
2018/10/12	3.87	3.87	3.62	3.77	6225100	23271224.00
2018/10/15	3.78	3.81	3.67	3.68	2712832	10167465.00
2018/10/16	3.67	3.75	3.65	3.68	3457402	12792459.00
2018/10/17	3.74	3.75	3.63	3.71	2492706	9208999.00
2018/10/18	3.69	3.69	3.59	3.60	4310400	15660709.00
2018/10/19	3.57	3.68	3.54	3.67	2888910	10512632.00
2018/10/22	3.68	3.87	3.68	3.80	8076455	30705294.00
2018/10/23	3.79	3.87	3.77	3.83	6018877	23000126.00
2018/10/24	3.82	3.94	3.77	3.85	4653226	17913120.00
2018/10/25	3.69	3.98	3.69	3.93	8216438	31913828.00
2018/10/26	3.94	4.18	3.92	3.98	9455200	38294120.00
2018/10/29	3.97	4.00	3.91	3.92	2861764	11295649.00
2018/10/30	3.94	4.04	3.92	4.01	4401000	17559106.00
2018/10/31	4.02	4.09	4.00	4.08	5216811	21189350.00
2018/11/01	4.06	4.12	4.02	4.02	4722592	19234184.00
2018/11/02	4.07	4.09	4.05	4.08	3894800	15871198.00
2018/11/05	4.06	4.14	4.06	4.10	4229581	17344312.00
2018/11/06	4.10	4.11	4.01	4.07	4618312	18673068.00
2018/11/07	4.08	4.14	4.08	4.14	7056400	29041500.00
2018/11/08	4.15	4.17	4.10	4.12	4178033	17285090.00
2018/11/09	4.10	4.10	4.04	4.05	3219594	13090010.00
2018/11/12	4.07	4.22	4.05	4.18	5699029	23629936.00
2018/11/13	4.13	4.41	4.12	4.32	13046831	56359612.00
2018/11/14	4.32	4.50	4.32	4.38	13138086	57996240.00
2018/11/15	4.38	4.72	4.38	4.60	16113611	73862048.00
2018/11/16	4.60	4.75	4.58	4.70	14723967	68867592.00
2018/11/19	4.72	4.94	4.72	4.82	13338892	64458784.00
2018/11/20	4.81	4.83	4.60	4.60	12016563	56340668.00
2018/11/21	4.61	4.75	4.58	4.68	8046841	37632884.00
2018/11/22	4.68	4.78	4.64	4.68	6675918	31466962.00
2018/11/23	4.76	4.81	4.49	4.52	8379900	38756572.00
2018/11/26	4.57	4.63	4.47	4.53	6630541	30278060.00
2018/11/27	4.60	4.66	4.53	4.56	6491026	29864156.00
2018/11/28	4.54	4.92	4.48	4.75	15392804	72545120.00
2018/11/29	4.80	4.83	4.50	4.65	13289146	61684800.00
2018/11/30	4.58	4.59	4.44	4.52	7983266	35869832.00
2018/12/03	4.59	4.64	4.55	4.61	8218223	37756164.00
2018/12/04	4.58	4.62	4.55	4.61	5157298	23673632.00
2018/12/05	4.50	4.83	4.46	4.70	13727804	64592760.00
2018/12/06	4.77	4.77	4.56	4.56	8319000	38613040.00
2018/12/07	4.47	4.55	4.47	4.51	4166586	18792044.00
2018/12/10	4.56	4.57	4.45	4.52	3853659	17473776.00
2018/12/11	4.51	4.68	4.51	4.63	4795500	22089800.00
2018/12/12	4.64	4.67	4.53	4.56	4044989	18568192.00
2018/12/13	4.59	4.62	4.53	4.56	2886212	13191515.00
2018/12/14	4.58	4.66	4.55	4.56	6161700	28396934.00
2018/12/17	4.51	4.55	4.45	4.46	3539359	15863656.00
2018/12/18	4.46	4.50	4.38	4.44	2354000	10446032.00
2018/12/19	4.44	4.45	4.38	4.43	1762400	7777743.00
2018/12/20	4.43	4.47	4.40	4.44	1685400	7455061.00
2018/12/21	4.44	4.44	4.34	4.38	2395200	10488438.00
2018/12/24	4.37	4.44	4.34	4.43	1730423	7637940.00
2018/12/25	4.43	4.43	4.26	4.33	2658700	11488827.00
2018/12/26	4.38	4.50	4.31	4.47	4959000	22069014.00
2018/12/27	4.49	4.54	4.38	4.38	5899300	26430696.00
2018/12/28	4.42	4.44	4.35	4.39	2084900	9156376.00
2019/01/02	4.38	4.42	4.37	4.37	1646500	7223318.00
2019/01/03	4.37	4.45	4.37	4.37	1778700	7816967.00
2019/01/04	4.31	4.46	4.31	4.43	4176017	18408916.00
2019/01/07	4.43	4.63	4.43	4.63	7489800	34026032.00
2019/01/08	4.60	4.67	4.55	4.58	4791190	21942864.00
2019/01/09	4.59	4.65	4.52	4.54	4685186	21527152.00
2019/01/10	4.54	4.62	4.53	4.57	4214012	19295812.00
2019/01/11	4.57	4.74	4.57	4.69	7837310	36550380.00
2019/01/14	4.71	4.72	4.61	4.65	3583500	16681625.00
2019/01/15	4.62	4.67	4.61	4.64	3341043	15489549.00
2019/01/16	4.65	4.72	4.64	4.65	3255984	15210850.00
2019/01/17	4.65	4.65	4.54	4.55	4078739	18769766.00
2019/01/18	4.55	4.60	4.50	4.60	2473700	11285675.00
2019/01/21	4.60	4.74	4.58	4.68	6280688	29380688.00
2019/01/22	4.72	4.72	4.62	4.64	2671500	12445691.00
2019/01/23	4.62	4.67	4.61	4.62	1743700	8059523.00
2019/01/24	4.63	4.70	4.60	4.64	3159290	14690254.00
2019/01/25	4.64	4.68	4.57	4.58	2578300	11928930.00
2019/01/28	4.64	4.64	4.51	4.55	3935260	17976756.00
2019/01/29	4.55	4.55	4.35	4.41	4918900	21791016.00
2019/01/30	4.38	4.42	4.28	4.28	4296127	18635928.00
2019/01/31	4.29	4.35	4.20	4.20	4533427	19385904.00
2019/02/01	4.21	4.32	4.21	4.31	2462100	10538786.00
2019/02/11	4.33	4.39	4.30	4.38	3976995	17287712.00
2019/02/12	4.37	4.46	4.36	4.43	4030400	17809432.00
2019/02/13	4.40	4.52	4.40	4.48	5499400	24548888.00
2019/02/14	4.49	4.52	4.44	4.49	4769400	21363032.00
2019/02/15	4.47	4.55	4.44	4.45	5265411	23553202.00
2019/02/18	4.46	4.59	4.46	4.59	11753809	53228840.00
2019/02/19	4.60	4.60	4.51	4.55	9546512	43472096.00
2019/02/20	4.53	4.58	4.50	4.58	6792012	30848848.00
2019/02/21	4.57	4.70	4.55	4.56	11495831	53223960.00
2019/02/22	4.54	4.71	4.54	4.69	11478682	53304728.00
2019/02/25	4.78	4.97	4.73	4.97	19456371	94460944.00
2019/02/26	5.00	5.39	4.93	5.16	30129546	157370112.00
2019/02/27	5.11	5.33	5.10	5.19	22279614	115769672.00
2019/02/28	5.23	5.33	5.13	5.23	13412171	70103032.00
2019/03/01	5.23	5.32	5.19	5.26	12815549	67256552.00
2019/03/04	5.28	5.64	5.20	5.40	27846875	151555680.00
2019/03/05	5.31	5.63	5.29	5.58	19273083	106335272.00
2019/03/06	5.57	6.14	5.50	6.14	34900139	203495248.00
2019/03/07	6.61	6.75	6.23	6.37	70121003	459518016.00
2019/03/08	6.10	6.18	5.73	5.74	47721538	286856800.00
2019/03/11	5.69	5.88	5.61	5.88	26901606	155021088.00
2019/03/12	5.91	6.24	5.86	6.03	29716687	180498368.00
2019/03/13	5.99	6.08	5.68	5.79	22655293	133664440.00
2019/03/14	5.72	5.77	5.35	5.48	22069132	121561088.00
2019/03/15	5.52	5.65	5.48	5.61	13592353	75677384.00
2019/03/18	5.73	5.82	5.61	5.80	12651813	72446296.00
2019/03/19	5.89	5.99	5.80	5.88	12621390	74283232.00
2019/03/20	5.93	5.93	5.64	5.88	12879185	74437752.00
2019/03/21	5.86	6.47	5.77	6.47	72062488	456115136.00
2019/03/22	6.34	6.43	6.10	6.17	48324013	300703104.00
2019/03/25	6.00	6.12	5.93	5.97	24910794	149808752.00
2019/03/26	5.92	6.00	5.66	5.68	22413494	130863496.00
2019/03/27	5.74	5.78	5.60	5.78	11052042	62973580.00
2019/03/28	5.75	5.75	5.58	5.58	9185620	51929824.00
2019/03/29	5.59	5.80	5.48	5.79	12662366	71808592.00
2019/04/01	5.82	5.98	5.80	5.95	16254853	96288912.00
2019/04/02	5.99	6.01	5.90	5.95	14558270	86505008.00
2019/04/03	5.88	6.11	5.84	6.11	19387008	116874792.00
2019/04/04	6.15	6.20	6.01	6.06	14567130	88534480.00
2019/04/08	6.08	6.12	5.81	5.90	16408583	97662400.00
2019/04/09	5.90	6.10	5.85	6.09	18701725	112656408.00
2019/04/10	6.03	6.05	5.94	5.97	11962425	71653032.00
2019/04/11	5.97	6.01	5.80	5.80	11403200	67133136.00
2019/04/12	5.80	6.25	5.77	6.16	34201510	207814720.00
2019/04/15	6.25	6.78	6.06	6.78	97428478	644423936.00
2019/04/16	6.70	7.46	6.58	7.46	55432377	395357760.00
2019/04/17	8.10	8.21	7.53	7.75	149800906	1199473024.00
2019/04/18	7.81	8.53	7.64	8.53	188283975	1552369024.00
2019/04/19	8.00	8.05	7.68	7.70	153805115	1198651776.00
2019/04/22	7.49	7.63	7.10	7.25	77814820	571459136.00
2019/04/23	7.18	7.31	6.83	6.92	60428531	426517760.00
2019/04/24	6.87	7.14	6.77	6.97	45100149	313867200.00
2019/04/25	6.92	6.97	6.55	6.56	44734838	301052992.00
2019/04/26	6.63	7.22	6.59	6.91	62706940	436297408.00
2019/04/29	6.99	6.99	6.22	6.22	53197100	342493024.00
2019/04/30	6.25	6.40	6.17	6.37	26506083	167292000.00
2019/05/06	6.01	6.10	5.73	5.73	36524183	214130336.00
2019/05/07	5.80	5.87	5.59	5.82	26579754	153206608.00
2019/05/08	5.61	6.15	5.56	5.93	34074717	201560320.00
2019/05/09	5.77	5.96	5.75	5.78	20885895	122470784.00
2019/05/10	5.89	6.16	5.60	6.11	36209354	216470080.00
2019/05/13	6.02	6.16	5.94	6.06	23667600	142960768.00
2019/05/14	5.90	6.07	5.88	5.90	19503169	116431280.00
2019/05/15	5.97	6.35	5.92	6.21	35843800	220932544.00
2019/05/16	6.25	6.83	6.25	6.83	29319581	193808864.00
2019/05/17	6.96	6.96	6.31	6.35	56899237	374096032.00
2019/05/20	6.32	6.53	6.03	6.52	31942504	200889520.00
2019/05/21	6.42	6.69	6.34	6.66	33870021	222723680.00
2019/05/22	6.67	6.70	6.42	6.46	24543768	159710368.00
2019/05/23	6.43	6.43	6.13	6.14	22130582	137923392.00
2019/05/24	6.11	6.46	6.07	6.21	21046266	132081632.00
2019/05/27	6.20	6.47	6.15	6.47	22920061	146220944.00
2019/05/28	6.43	6.75	6.43	6.54	38207081	252950016.00
2019/05/29	6.44	6.68	6.44	6.50	23005951	150781312.00
2019/05/30	6.47	6.58	6.28	6.41	20023405	128523608.00
2019/05/31	6.47	6.68	6.37	6.54	25608172	167669840.00
2019/06/03	6.54	6.55	6.28	6.35	19842336	126490976.00
2019/06/04	6.34	6.35	5.90	5.93	23539851	143375216.00
2019/06/05	6.02	6.21	6.02	6.13	24226811	148688128.00
2019/06/06	6.21	6.23	5.85	5.88	20565791	123006336.00
2019/06/10	5.85	6.00	5.83	5.92	11241438	66340204.00
2019/06/11	5.93	6.15	5.82	6.14	21653029	131119368.00
2019/06/12	6.12	6.18	6.05	6.08	16091476	98308280.00
2019/06/13	6.08	6.18	6.03	6.10	14462472	88317896.00
2019/06/14	6.08	6.11	5.90	5.93	15216193	91126432.00
2019/06/17	5.98	5.99	5.87	5.92	8022955	47384052.00
2019/06/18	5.90	5.93	5.80	5.87	6908701	40528784.00
2019/06/19	6.12	6.38	6.03	6.14	33167200	204843136.00
2019/06/20	6.07	6.26	5.96	6.20	30677036	187899088.00
2019/06/21	6.14	6.43	6.14	6.34	28037527	176965984.00
2019/06/24	6.27	6.66	6.21	6.56	34305337	220459344.00
2019/06/25	6.50	6.84	6.45	6.73	44489758	295771776.00
2019/06/26	6.78	6.82	6.54	6.71	33050194	220589616.00
2019/06/27	6.60	6.64	6.46	6.48	33151528	216577232.00
2019/06/28	6.43	6.55	6.35	6.50	18254833	117795568.00
2019/07/01	6.60	6.65	6.46	6.54	26457431	173410800.00
2019/07/02	6.48	6.57	6.40	6.49	19075368	123810488.00
2019/07/03	6.45	6.65	6.43	6.56	22002853	144435904.00
2019/07/04	6.55	6.72	6.55	6.64	24722221	164314784.00
2019/07/05	6.69	6.72	6.50	6.55	14493723	95445392.00
2019/07/08	6.55	6.56	6.14	6.16	20264200	126967656.00
2019/07/09	6.16	6.22	6.00	6.12	12606500	76698936.00
2019/07/10	6.11	6.22	6.04	6.09	8356900	51217912.00
2019/07/11	6.11	6.16	6.02	6.10	7220218	43941996.00
2019/07/12	6.11	6.21	6.03	6.17	9006218	55274976.00
2019/07/15	6.17	6.25	6.08	6.18	11277553	69600800.00
2019/07/16	6.27	6.36	6.22	6.30	12182968	76551496.00
2019/07/17	6.25	6.45	6.20	6.34	15855700	100045440.00
2019/07/18	6.34	6.42	6.11	6.15	15337000	95408648.00
2019/07/19	6.12	6.20	6.11	6.12	7871818	48380672.00
2019/07/22	6.10	6.12	5.93	5.96	9689100	58118384.00
2019/07/23	5.98	6.02	5.94	6.01	4210769	25210856.00
2019/07/24	6.05	6.20	6.03	6.13	8302900	50903916.00
2019/07/25	6.18	6.20	6.08	6.11	7751700	47555988.00
2019/07/26	6.07	6.24	6.05	6.14	9551642	58836400.00
2019/07/29	6.16	6.16	6.06	6.07	6725190	40955804.00
2019/07/30	6.08	6.14	6.06	6.08	6020400	36724376.00
2019/07/31	6.05	6.12	5.99	6.06	6283400	38048860.00
2019/08/01	6.02	6.06	5.96	6.00	5883100	35353976.00
2019/08/02	5.85	5.90	5.78	5.86	8889269	51877272.00
2019/08/05	5.80	5.87	5.67	5.69	8195100	47210116.00
2019/08/06	5.55	5.55	5.29	5.41	12587338	68241456.00
2019/08/07	5.47	5.49	5.38	5.43	6366726	34651384.00
2019/08/08	5.45	5.53	5.44	5.50	5182800	28501636.00
2019/08/09	5.54	5.58	5.46	5.47	4482900	24725118.00
2019/08/12	5.50	5.51	5.43	5.51	4806748	26331032.00
2019/08/13	5.48	5.49	5.39	5.45	4475530	24294346.00
2019/08/14	5.42	5.46	5.33	5.33	4597218	24833718.00
2019/08/15	5.24	5.34	5.14	5.29	6766830	35281540.00
2019/08/16	5.29	5.49	5.28	5.46	8488738	46065732.00
2019/08/19	5.44	5.66	5.43	5.64	10869600	60755380.00
2019/08/20	5.64	5.82	5.64	5.70	11779385	67700984.00
2019/08/21	5.71	5.80	5.70	5.75	8549101	49263524.00
2019/08/22	5.78	5.93	5.78	5.87	10034298	58972604.00
2019/08/23	5.88	5.92	5.80	5.87	8632008	50667936.00
2019/08/26	5.71	5.97	5.67	5.92	8498443	49775960.00
2019/08/27	5.94	6.11	5.88	5.99	10212780	61491784.00
2019/08/28	6.01	6.16	5.90	6.15	14507918	88122176.00
2019/08/29	6.27	6.69	6.11	6.55	38114753	244617920.00
2019/08/30	6.49	6.63	6.15	6.31	30114298	192582272.00
2019/09/02	6.32	6.94	6.28	6.91	52281397	355720096.00
2019/09/03	6.83	6.93	6.68	6.78	34031100	230745648.00
2019/09/04	6.80	6.83	6.62	6.71	19555042	131046024.00
2019/09/05	6.76	7.19	6.72	6.98	33719789	236545552.00
2019/09/06	6.94	6.99	6.71	6.80	19455016	132924952.00
2019/09/09	6.85	7.04	6.80	6.96	20259292	139937024.00
2019/09/10	7.09	7.12	6.78	6.99	19629761	136149616.00
2019/09/11	7.13	7.57	7.02	7.37	35208592	259771984.00
2019/09/12	7.33	7.37	7.13	7.22	17503053	126320568.00
2019/09/16	7.28	7.49	7.13	7.25	20600549	151365968.00
2019/09/17	7.27	7.33	7.00	7.03	18192361	129976912.00
2019/09/18	7.05	7.21	7.05	7.09	11677746	83234944.00
2019/09/19	7.11	7.19	7.05	7.12	10299610	73175480.00
2019/09/20	7.15	7.18	6.92	7.16	14427800	102010280.00
2019/09/23	7.16	7.17	6.87	7.11	14650400	102672832.00
2019/09/24	7.05	7.13	6.91	6.92	10186160	71542208.00
2019/09/25	6.81	7.60	6.81	6.92	25019130	179453968.00
2019/09/26	6.93	7.02	6.36	6.61	24613194	164294064.00
2019/09/27	6.62	6.81	6.60	6.60	9297760	62093540.00
2019/09/30	6.65	6.76	6.55	6.55	5706583	37923760.00
2019/10/08	6.55	6.62	6.43	6.60	7918715	51569044.00
2019/10/09	6.57	6.57	6.36	6.46	6232711	40128636.00
2019/10/10	6.45	6.57	6.43	6.57	7407711	48368772.00
2019/10/11	6.63	6.72	6.50	6.60	13509583	89629712.00
2019/10/14	6.64	6.75	6.57	6.66	12086099	80625152.00
2019/10/15	6.63	6.66	6.51	6.59	6262400	41221404.00
2019/10/16	6.59	6.64	6.37	6.39	8124801	52605844.00
2019/10/17	6.40	6.57	6.35	6.48	6748483	43776328.00
2019/10/18	6.52	6.52	6.34	6.43	5856433	37617200.00
2019/10/21	6.40	6.41	6.21	6.26	5648600	35400728.00
2019/10/22	6.26	6.38	6.24	6.35	3367300	21243030.00
2019/10/23	6.36	6.37	6.24	6.29	3642286	22901356.00
2019/10/24	6.24	6.30	6.20	6.23	2596412	16209548.00
2019/10/25	6.23	6.38	6.23	6.33	4161128	26322084.00
2019/10/28	6.41	6.71	6.41	6.63	10401343	68727280.00
2019/10/29	6.57	6.92	6.57	6.66	15917220	107446368.00
2019/10/30	6.61	6.61	6.24	6.40	13515112	86991280.00
2019/10/31	6.45	6.50	6.14	6.20	9906564	62084772.00
2019/11/01	6.20	6.21	6.08	6.20	8038360	49335428.00
2019/11/04	6.20	6.22	6.04	6.08	9627706	58996144.00
2019/11/05	6.10	6.14	6.05	6.08	7065200	43064760.00
2019/11/06	6.10	6.18	6.07	6.11	5716567	35013108.00
2019/11/07	6.15	6.18	6.05	6.10	6560360	39990480.00
2019/11/08	6.13	6.16	6.08	6.12	5743230	35082816.00
2019/11/11	6.09	6.09	5.86	5.93	10508198	62512568.00
2019/11/12	5.90	6.01	5.89	5.97	5973103	35529036.00
2019/11/13	6.03	6.03	5.93	5.95	4847500	28988406.00
2019/11/14	5.95	5.98	5.81	5.82	9619000	56293144.00
2019/11/15	5.81	5.85	5.74	5.74	5416400	31377466.00
2019/11/18	5.72	5.82	5.72	5.78	3926040	22601762.00
2019/11/19	5.82	6.06	5.78	6.05	10873600	64805452.00
2019/11/20	6.05	6.11	6.00	6.06	7127486	43118300.00
2019/11/21	6.05	6.05	5.94	5.98	4239000	25402910.00
2019/11/22	6.03	6.30	6.02	6.08	19527704	120415536.00
2019/11/25	6.23	6.28	5.87	5.91	14392000	86614968.00
2019/11/26	5.82	5.98	5.81	5.85	7252000	42740844.00
2019/11/27	5.82	5.91	5.80	5.87	5415400	31667724.00
2019/11/28	5.88	5.90	5.76	5.77	4830800	28053078.00
2019/11/29	5.80	5.80	5.68	5.72	5105803	29188376.00
2019/12/02	5.73	5.82	5.73	5.79	4168745	24083056.00
2019/12/03	5.75	5.80	5.71	5.80	3262103	18760204.00
2019/12/04	5.78	5.82	5.73	5.81	2776800	16091391.00
2019/12/05	5.82	5.88	5.81	5.87	4390942	25679356.00
2019/12/06	5.87	5.95	5.85	5.95	5415121	31986648.00
2019/12/09	5.95	6.03	5.89	5.89	7148050	42507172.00
2019/12/10	5.89	6.04	5.85	5.98	7708373	45870820.00
2019/12/11	6.00	6.14	5.99	6.03	11092975	67283216.00
2019/12/12	6.03	6.04	5.92	5.93	6617805	39413428.00
2019/12/13	6.00	6.14	5.96	6.12	15387293	93251256.00
2019/12/16	6.17	6.19	6.05	6.18	13899439	85297704.00
2019/12/17	6.13	6.36	6.12	6.28	13675679	85556304.00
2019/12/18	6.27	6.42	6.25	6.25	10542372	66601908.00
2019/12/19	6.27	6.51	6.26	6.50	18614906	119346080.00
2019/12/20	6.52	6.60	6.33	6.34	12792320	82087080.00
2019/12/23	6.32	6.33	6.10	6.12	11550918	71629952.00
2019/12/24	6.12	6.22	6.09	6.20	6990605	43015760.00
2019/12/25	6.20	6.25	6.17	6.21	6159049	38243760.00
2019/12/26	6.24	6.27	6.19	6.25	6706373	41793008.00
2019/12/27	6.26	6.36	6.20	6.23	10298063	64774160.00
2019/12/30	6.20	6.30	6.13	6.29	9270202	57594872.00
2019/12/31	6.29	6.37	6.25	6.33	7644923	48312808.00
2020/01/02	6.40	6.51	6.36	6.46	10222695	65862552.00
2020/01/03	6.47	6.75	6.43	6.58	19272942	127706784.00
2020/01/06	6.48	6.70	6.45	6.65	13958991	92335088.00
2020/01/07	6.64	6.88	6.60	6.82	16846355	113849776.00
2020/01/08	6.78	6.78	6.55	6.64	14679929	97931816.00
2020/01/09	6.70	6.80	6.65	6.69	9715172	65197560.00
2020/01/10	6.78	6.94	6.66	6.74	17397800	117903336.00
2020/01/13	6.70	6.88	6.65	6.88	12375786	83983944.00
2020/01/14	6.88	7.10	6.84	7.02	20066743	140323280.00
2020/01/15	7.06	7.25	6.91	7.08	23522324	165849248.00
2020/01/16	7.10	7.10	6.71	6.73	20912670	142740864.00
2020/01/17	6.73	6.89	6.70	6.74	12429460	84490616.00
2020/01/20	6.70	6.74	6.52	6.69	10689568	70985240.00
2020/01/21	6.66	6.72	6.55	6.63	9000400	59690264.00
2020/01/22	6.64	6.66	6.44	6.52	10760484	70031000.00
2020/01/23	6.46	6.51	6.18	6.22	12675467	80016976.00
2020/02/03	5.60	5.60	5.60	5.60	2852100	15971760.00
2020/02/04	5.10	5.60	5.10	5.52	17288797	93987216.00
2020/02/05	5.52	5.75	5.50	5.64	12614787	71045360.00
2020/02/06	5.61	5.83	5.57	5.79	14587696	83322144.00
2020/02/07	5.77	6.03	5.71	5.99	17387501	103049912.00
2020/02/10	5.99	6.05	5.91	6.04	9523691	57146416.00
2020/02/11	6.05	6.12	5.96	6.01	9547790	57537088.00
2020/02/12	6.05	6.09	5.99	6.08	8435054	50987440.00
2020/02/13	6.05	6.09	5.90	5.93	8843639	52861792.00
2020/02/14	5.95	5.96	5.85	5.89	5297268	31287988.00
2020/02/17	5.90	6.13	5.89	6.13	11666323	70300800.00
2020/02/18	6.14	6.22	6.09	6.17	10775876	66314456.00
2020/02/19	6.15	6.20	6.02	6.05	9840483	60126408.00
2020/02/20	6.07	6.17	6.01	6.15	13595549	83039680.00
2020/02/21	6.14	6.33	6.11	6.25	15784119	98414064.00
2020/02/24	6.21	6.44	6.20	6.41	16702034	105689424.00
2020/02/25	6.28	6.29	5.99	6.18	25460395	156580352.00
2020/02/26	6.11	6.27	6.02	6.06	16388061	100427216.00
2020/02/27	6.11	6.15	6.01	6.06	10037040	60939536.00
2020/02/28	5.88	5.91	5.68	5.71	17659496	102189224.00
2020/03/02	5.72	5.90	5.72	5.90	9164376	53385080.00
2020/03/03	5.95	6.06	5.88	5.91	10389543	62024712.00
2020/03/04	5.89	5.97	5.80	5.91	9393859	55341156.00
2020/03/05	5.96	6.01	5.91	5.98	13903828	83042320.00
2020/03/06	5.91	6.01	5.90	5.93	8781032	52329912.00
2020/03/09	5.86	5.96	5.69	5.70	13566920	78663424.00
2020/03/10	5.62	5.83	5.60	5.82	10517201	60159088.00
2020/03/11	5.81	5.88	5.75	5.76	6900803	40192792.00
2020/03/12	5.69	5.72	5.56	5.60	8626730	48584700.00
2020/03/13	5.40	5.54	5.32	5.48	10818321	58503620.00
2020/03/16	5.54	5.57	5.30	5.31	7449461	40604744.00
2020/03/17	5.35	5.44	5.17	5.29	7765727	41095612.00
2020/03/18	5.35	5.41	5.16	5.18	8076313	42771752.00
2020/03/19	5.13	5.25	5.11	5.24	7838569	40554424.00
2020/03/20	5.28	5.39	5.22	5.35	6103709	32341028.00
2020/03/23	5.24	5.29	5.18	5.18	5141511	26883378.00
2020/03/24	5.30	5.32	5.17	5.27	4494075	23567096.00
2020/03/25	5.38	5.40	5.33	5.36	4798916	25736652.00
2020/03/26	5.35	5.37	5.27	5.28	3608579	19145544.00
2020/03/27	5.33	5.40	5.31	5.33	4759419	25492728.00
2020/03/30	5.28	5.28	5.16	5.19	4245411	22083744.00
2020/03/31	5.23	5.26	5.18	5.20	2903444	15132996.00
2020/04/01	5.18	5.24	5.13	5.18	3138200	16309589.00
2020/04/02	5.16	5.26	5.13	5.26	3697016	19219130.00
2020/04/03	5.26	5.28	5.20	5.21	3027940	15847873.00
2020/04/07	5.28	5.35	5.26	5.35	4678224	24844106.00
2020/04/08	5.31	5.42	5.29	5.37	4645775	24879630.00
2020/04/09	5.40	5.41	5.36	5.40	4027885	21684820.00
2020/04/10	5.40	5.42	5.27	5.27	5011600	26795188.00
2020/04/13	5.25	5.27	5.21	5.23	4035332	21122260.00
2020/04/14	5.27	5.34	5.24	5.33	4886117	25978178.00
2020/04/15	5.34	5.35	5.24	5.25	4686960	24763422.00
2020/04/16	5.23	5.34	5.21	5.30	3621391	19072602.00
2020/04/17	5.32	5.38	5.29	5.33	4949437	26436708.00
2020/04/20	5.33	5.52	5.32	5.44	6464335	35145300.00
2020/04/21	5.39	5.41	5.34	5.38	5586893	30010480.00
2020/04/22	5.34	5.50	5.34	5.49	7214720	39245256.00
2020/04/23	5.49	5.55	5.42	5.51	7988641	43908208.00
2020/04/24	5.50	5.52	5.34	5.37	5354493	28997078.00
2020/04/27	5.39	5.39	5.28	5.29	3934332	20932680.00
2020/04/28	5.31	5.31	5.14	5.21	5040231	26221904.00
2020/04/29	5.16	5.23	5.14	5.18	4135000	21458586.00
2020/04/30	5.23	5.27	5.19	5.25	4105822	21504284.00
2020/05/06	5.22	5.35	5.16	5.31	6841365	35888912.00
2020/05/07	5.26	5.29	5.24	5.25	3890568	20465036.00
2020/05/08	5.27	5.33	5.24	5.32	6348930	33589968.00
2020/05/11	5.32	5.36	5.32	5.34	4245346	22670332.00
2020/05/12	5.33	5.38	5.28	5.36	4798423	25567944.00
2020/05/13	5.35	5.37	5.30	5.35	3207601	17090108.00
2020/05/14	5.32	5.33	5.23	5.24	4480500	23616192.00
2020/05/15	5.26	5.30	5.21	5.22	3379276	17742742.00
2020/05/18	5.22	5.24	5.17	5.19	3599576	18694108.00
2020/05/19	5.22	5.23	5.16	5.20	3387867	17583540.00
2020/05/20	5.20	5.22	5.16	5.18	3917635	20277652.00
2020/05/21	5.18	5.20	5.13	5.14	3943900	20347004.00
2020/05/22	5.15	5.15	5.01	5.02	5136827	26006120.00
2020/05/25	5.00	5.05	4.88	4.93	7225052	35535520.00
2020/05/26	4.94	4.97	4.91	4.94	4846136	23920664.00
2020/05/27	4.95	4.96	4.87	4.89	4628100	22676508.00
2020/05/28	4.90	4.93	4.82	4.88	3723015	18167716.00
2020/05/29	4.87	4.95	4.86	4.93	4574601	22485868.00
2020/06/01	4.91	5.11	4.91	5.08	6123134	30784212.00
2020/06/02	5.09	5.14	5.06	5.08	4560600	23251128.00
2020/06/03	5.11	5.17	5.08	5.09	4451388	22777572.00
2020/06/04	5.11	5.19	5.05	5.11	4268800	21832128.00
2020/06/05	5.11	5.15	5.05	5.09	2810700	14285165.00
2020/06/08	5.08	5.12	5.06	5.08	3072500	15616232.00
2020/06/09	5.09	5.59	5.04	5.48	29370301	160388480.00
2020/06/10	5.31	5.35	5.20	5.27	22302092	117280936.00
2020/06/11	5.25	5.31	5.15	5.17	10510209	54839192.00
2020/06/12	5.09	5.32	5.07	5.28	12102409	63306988.00
2020/06/15	5.22	5.35	5.21	5.24	9024697	47685668.00
2020/06/16	5.29	5.45	5.25	5.37	11702219	62732080.00
2020/06/17	5.37	5.48	5.31	5.44	10793319	58462420.00
2020/06/18	5.41	5.52	5.36	5.36	7539000	40818244.00
2020/06/19	5.35	5.40	5.32	5.40	5733240	30736686.00
2020/06/22	5.39	5.40	5.32	5.34	4200378	22498836.00
2020/06/23	5.38	5.51	5.32	5.40	9353284	50905488.00
2020/06/24	5.40	5.41	5.33	5.33	4116151	22075528.00
2020/06/29	5.32	5.33	5.18	5.20	4861971	25424656.00
2020/06/30	5.21	5.28	5.21	5.25	4592940	24093676.00
2020/07/01	5.25	5.47	5.25	5.34	7593966	40772468.00
2020/07/02	5.30	5.46	5.28	5.45	9747284	52805784.00
2020/07/03	5.45	5.53	5.41	5.50	11373386	62283004.00
2020/07/06	5.52	5.75	5.52	5.73	15949370	90157688.00
2020/07/07	5.80	5.95	5.69	5.69	15758979	91351328.00
2020/07/08	5.70	5.79	5.62	5.79	12722516	72861784.00
2020/07/09	5.79	5.98	5.76	5.95	14876238	87800936.00
2020/07/10	5.95	6.09	5.84	5.89	13301386	79439120.00
2020/07/13	5.88	6.03	5.82	6.00	12618657	75214536.00
2020/07/14	6.02	6.13	5.92	6.04	12829148	77120864.00
2020/07/15	6.04	6.08	5.77	5.81	13191644	77703184.00
2020/07/16	5.84	6.07	5.71	5.71	17947738	106058240.00
2020/07/17	5.70	5.79	5.60	5.70	9709922	55301440.00
2020/07/20	5.70	5.92	5.70	5.90	8898180	51810352.00
2020/07/21	5.91	6.02	5.88	6.02	10945055	65277384.00
2020/07/22	6.00	6.07	5.93	6.00	10961943	65890408.00
2020/07/23	5.97	6.00	5.80	5.92	10871442	63996792.00
2020/07/24	5.90	5.93	5.57	5.57	12690712	72558600.00
2020/07/27	5.58	5.61	5.44	5.50	8181700	45142648.00
2020/07/28	5.51	5.67	5.51	5.65	6492600	36352952.00
2020/07/29	5.71	5.91	5.62	5.86	11729060	67949240.00
2020/07/30	5.88	6.45	5.87	6.26	50109381	316072384.00
2020/07/31	6.26	6.44	6.23	6.30	30115100	190744640.00
2020/08/03	6.42	6.44	6.22	6.25	20906594	131489168.00
2020/08/04	6.30	6.34	6.19	6.26	14308754	89411768.00
2020/08/05	6.26	6.28	6.16	6.22	11237680	69765344.00
2020/08/06	6.11	6.20	5.97	6.10	9646848	58550324.00
2020/08/07	6.10	6.12	5.85	5.97	12016984	71497208.00
2020/08/10	5.91	6.14	5.91	6.07	9303801	56347744.00
2020/08/11	6.07	6.10	5.85	5.85	8913654	53028488.00
2020/08/12	5.86	5.90	5.71	5.83	7138733	41438728.00
2020/08/13	5.85	5.90	5.81	5.83	5111000	29888920.00
2020/08/14	5.81	5.90	5.74	5.85	6158078	35716636.00
2020/08/17	5.85	5.96	5.82	5.93	6554302	38699240.00
2020/08/18	5.94	6.04	5.86	5.92	6847824	40679928.00
2020/08/19	5.90	5.96	5.79	5.80	6292466	36867800.00
2020/08/20	5.79	5.83	5.70	5.72	7754216	44659696.00
2020/08/21	5.76	5.96	5.73	5.89	9386667	55219640.00
2020/08/24	5.89	6.00	5.89	5.93	7116932	42317016.00
2020/08/25	5.98	5.99	5.84	5.97	7311770	43340112.00
2020/08/26	5.96	5.98	5.72	5.76	8357987	48717440.00
2020/08/27	5.73	5.83	5.66	5.81	7402800	42645564.00
2020/08/28	5.93	6.23	5.89	6.11	25776691	156355936.00
2020/08/31	6.10	6.27	6.06	6.19	15973047	99103616.00
2020/09/01	6.19	6.20	6.04	6.09	9264478	56457676.00
2020/09/02	6.14	6.16	6.06	6.13	11546420	70499344.00
2020/09/03	6.14	6.37	6.07	6.20	14661346	91370080.00
2020/09/04	6.17	6.17	6.01	6.07	10905906	66125680.00
2020/09/07	6.09	6.11	5.85	5.88	11695968	69990064.00
2020/09/08	5.86	6.02	5.85	5.97	10421990	61756852.00
2020/09/09	5.95	6.00	5.81	5.81	9667831	56915880.00
2020/09/10	5.84	5.87	5.61	5.62	14716007	84376624.00
2020/09/11	5.59	5.68	5.48	5.56	10228991	56708640.00
2020/09/14	5.59	5.64	5.49	5.55	8547598	47444868.00
2020/09/15	5.54	5.60	5.48	5.51	7102118	39148688.00
2020/09/16	5.51	5.60	5.44	5.47	8291180	45445088.00
2020/09/17	5.45	5.59	5.45	5.52	9855130	54279924.00
2020/09/18	5.52	5.57	5.45	5.55	8070000	44516384.00
2020/09/21	5.57	5.58	5.48	5.49	6444764	35507120.00
2020/09/22	5.49	5.50	5.39	5.41	8281269	45011328.00
2020/09/23	5.44	5.57	5.40	5.41	9881692	53974896.00
2020/09/24	5.40	5.40	5.19	5.25	14708960	77294152.00
2020/09/25	5.25	5.28	5.17	5.22	5561900	29030936.00
2020/09/28	5.21	5.25	5.17	5.20	6254954	32543014.00
2020/09/29	5.23	5.26	5.18	5.22	7092079	37035264.00
2020/09/30	5.23	5.23	5.08	5.13	7780928	40070580.00
2020/10/09	5.19	5.30	5.19	5.23	8340995	43729532.00
2020/10/12	5.28	5.36	5.23	5.34	8036000	42680648.00
2020/10/13	5.33	5.37	5.29	5.34	4248072	22606988.00
2020/10/14	5.33	5.34	5.27	5.32	3830700	20323128.00
2020/10/15	5.29	5.31	5.23	5.27	4658722	24524408.00
2020/10/16	5.23	5.28	5.20	5.26	4271027	22381032.00
2020/10/19	5.26	5.31	5.22	5.24	5084032	26747524.00
2020/10/20	5.23	5.28	5.20	5.27	3427746	17933942.00
2020/10/21	5.26	5.37	5.24	5.29	6300934	33344206.00
2020/10/22	5.28	5.30	5.22	5.29	4353695	22881688.00
2020/10/23	5.26	5.29	5.00	5.17	8381833	43511928.00
2020/10/26	5.13	5.21	5.10	5.18	4898827	25312928.00
2020/10/27	5.18	5.18	5.11	5.13	3736661	19194122.00
2020/10/28	5.12	5.16	5.08	5.12	3499300	17897788.00
2020/10/29	5.12	5.20	5.08	5.18	4000619	20662492.00
2020/10/30	5.20	5.22	5.06	5.07	5989973	30741324.00
2020/11/02	5.04	5.12	4.99	5.04	7279659	36730200.00
2020/11/03	5.09	5.21	5.05	5.18	5359445	27554372.00
2020/11/04	5.19	5.31	5.17	5.25	7526332	39537448.00
2020/11/05	5.24	5.32	5.24	5.28	5818801	30720468.00
2020/11/06	5.27	5.33	5.25	5.33	5680965	30074908.00
2020/11/09	5.33	5.39	5.30	5.32	10057361	53815520.00
2020/11/10	5.32	5.42	5.30	5.31	7382449	39484768.00
2020/11/11	5.35	5.35	5.25	5.31	4735079	25097488.00
2020/11/12	5.30	5.44	5.28	5.32	6857754	36738604.00
2020/11/13	5.30	5.41	5.26	5.39	6251244	33471536.00
2020/11/16	5.38	5.57	5.38	5.53	12672774	69775472.00
2020/11/17	5.51	5.54	5.44	5.50	5751532	31494026.00
2020/11/18	5.50	5.64	5.46	5.53	8217940	45701248.00
2020/11/19	5.53	5.98	5.52	5.91	28586349	166406752.00
2020/11/20	5.91	6.05	5.89	5.97	17085829	102074728.00
2020/11/23	5.97	6.01	5.83	5.85	13238665	77839440.00
2020/11/24	5.87	5.89	5.79	5.82	8638173	50458992.00
2020/11/25	5.84	5.87	5.76	5.76	7191237	41799640.00
2020/11/26	5.78	5.82	5.71	5.74	5272800	30343976.00
2020/11/27	5.78	5.85	5.72	5.81	9506237	54936492.00
2020/11/30	5.78	6.05	5.76	5.87	14336310	84858552.00
2020/12/01	5.87	6.34	5.86	6.28	26535703	163108304.00
2020/12/02	6.26	6.35	6.13	6.32	25848804	161474752.00
2020/12/03	6.29	6.48	6.23	6.36	16693527	106489208.00
2020/12/04	6.37	6.44	6.30	6.34	10745532	68341664.00
2020/12/07	6.35	6.35	6.13	6.20	17815272	110741664.00
2020/12/08	6.25	6.27	6.08	6.13	9964509	61361844.00
2020/12/09	6.19	6.19	6.06	6.07	8032698	49200676.00
2020/12/10	6.05	6.06	5.95	5.99	8382835	50224524.00
2020/12/11	5.98	5.98	5.76	5.84	10288846	60211988.00
2020/12/14	5.80	5.86	5.75	5.77	5413191	31336572.00
2020/12/15	5.78	5.90	5.71	5.83	6313759	36873428.00
2020/12/16	5.82	5.85	5.73	5.76	4455860	25772626.00
2020/12/17	5.74	5.83	5.66	5.76	8578232	49330496.00
2020/12/18	5.75	5.82	5.67	5.68	5684446	32456266.00
2020/12/21	5.63	5.68	5.55	5.61	10487040	58802776.00
2020/12/22	5.58	5.69	5.54	5.55	7584900	42491364.00
2020/12/23	5.53	5.56	5.46	5.46	6444205	35379932.00
2020/12/24	5.47	5.52	5.38	5.42	5542821	30156472.00
2020/12/25	5.42	5.61	5.35	5.58	6366509	35124648.00
2020/12/28	5.58	5.58	5.33	5.36	16987826	91954504.00
2020/12/29	5.36	5.79	5.35	5.60	12692122	71232368.00
2020/12/30	5.58	5.61	5.52	5.57	5712628	31795098.00
2020/12/31	5.58	5.73	5.56	5.65	6622013	37390208.00
2021/01/04	5.67	5.68	5.53	5.65	7301569	40895076.00
2021/01/05	5.65	5.69	5.50	5.52	8678441	48292760.00
2021/01/06	5.53	5.54	5.42	5.51	6187356	33879436.00
2021/01/07	5.51	5.54	5.34	5.35	8356756	45085732.00
2021/01/08	5.34	5.64	5.32	5.54	9458618	52295144.00
2021/01/11	5.52	5.59	5.35	5.45	7781935	42429812.00
2021/01/12	5.45	5.45	5.34	5.41	6125351	32908868.00
2021/01/13	5.41	5.64	5.28	5.58	12365561	67970776.00
2021/01/14	5.53	6.14	5.53	6.14	28521242	170118144.00
2021/01/15	6.26	6.27	5.92	5.99	27853903	169012752.00
2021/01/18	5.98	6.08	5.87	6.03	16121245	96050232.00
2021/01/19	6.03	6.26	5.93	5.94	19157676	116594744.00
2021/01/20	5.94	5.98	5.83	5.93	10725115	63240504.00
2021/01/21	5.93	6.03	5.85	5.96	9963593	59169184.00
2021/01/22	5.87	5.96	5.74	5.75	11689001	67944488.00
2021/01/25	5.73	5.81	5.61	5.65	8576838	48796580.00
2021/01/26	5.65	5.73	5.56	5.65	7754994	43744092.00
2021/01/27	5.67	5.84	5.62	5.71	8743777	50081912.00
2021/01/28	5.63	5.95	5.55	5.89	15034772	87922720.00
2021/01/29	5.85	6.35	5.85	6.08	23507175	144148240.00
2021/02/01	6.10	6.26	6.04	6.14	18041857	110443824.00
2021/02/02	6.15	6.22	6.03	6.07	15148600	92636104.00
2021/02/03	6.02	6.34	6.01	6.30	25069258	156387056.00
2021/02/04	6.21	6.22	5.86	6.12	23537720	141622032.00
2021/02/05	6.06	6.10	5.80	5.86	15708928	93010544.00
2021/02/08	5.86	6.45	5.74	6.45	24231824	151292640.00
2021/02/09	6.55	6.78	6.42	6.57	38172562	250000672.00
2021/02/10	6.52	6.55	6.37	6.48	19990567	128785056.00
2021/02/18	6.62	6.75	6.44	6.58	23165280	152316064.00
2021/02/19	6.54	7.24	6.53	7.24	35648418	248017856.00
2021/02/22	7.41	7.96	7.15	7.68	62204284	470128576.00
2021/02/23	7.43	7.89	7.31	7.89	37613307	285811872.00
2021/02/24	7.77	8.44	7.51	7.65	44743584	353832768.00
2021/02/25	7.58	7.89	7.32	7.83	33807002	255771904.00
2021/02/26	7.63	7.80	7.35	7.38	30166500	228641408.00
2021/03/01	7.35	7.77	7.33	7.71	28709398	216956112.00
2021/03/02	7.68	8.26	7.61	7.95	36574250	289442016.00
2021/03/03	7.86	8.26	7.74	8.08	30009058	241856768.00
2021/03/04	8.04	8.06	7.27	7.38	41662270	317402688.00
2021/03/05	7.36	7.47	7.15	7.32	20149128	147164928.00
2021/03/08	7.28	7.46	7.16	7.18	20135873	146304960.00
2021/03/09	7.16	7.25	6.47	6.72	27820075	190583808.00
2021/03/10	6.80	6.88	6.67	6.73	13013589	88124584.00
2021/03/11	6.75	6.95	6.64	6.91	12025435	82164408.00
2021/03/12	6.90	7.13	6.76	7.03	13465163	93461832.00
2021/03/15	7.04	7.14	6.93	7.05	9289900	65218980.00
2021/03/16	7.08	7.10	6.85	6.95	9770564	67867256.00
2021/03/17	6.88	7.03	6.88	7.03	6479400	45189300.00
2021/03/18	7.04	7.05	6.86	6.90	7790134	53925004.00
2021/03/19	6.83	7.19	6.78	6.99	12663800	88736384.00
2021/03/22	7.02	7.67	7.00	7.50	26935700	200008128.00
2021/03/23	7.51	7.65	7.43	7.55	18079928	136380976.00
2021/03/24	7.48	7.73	7.40	7.62	17768889	134997648.00
2021/03/25	7.60	7.79	7.45	7.61	15316506	116901520.00
2021/03/26	7.53	7.72	7.52	7.61	13130055	99941120.00
2021/03/29	7.65	7.67	7.46	7.59	10861043	82088576.00
2021/03/30	7.55	8.13	7.48	7.82	24588709	193179328.00
2021/03/31	7.78	7.97	7.68	7.69	13152454	102281664.00
2021/04/01	7.73	7.77	7.53	7.71	10470745	80105688.00
2021/04/02	7.70	7.90	7.50	7.50	14836900	114043848.00
2021/04/06	7.54	7.96	7.46	7.90	21580751	168645344.00
2021/04/07	7.88	8.25	7.80	8.14	24052233	193826432.00
2021/04/08	8.13	8.24	7.97	8.02	14730792	119154256.00
2021/04/09	8.03	8.10	7.81	7.94	12657150	100492984.00
2021/04/12	7.94	7.94	7.70	7.74	12163433	94801920.00
2021/04/13	7.75	7.91	7.57	7.61	13705148	105738864.00
2021/04/14	7.58	7.80	7.50	7.64	9579961	73298464.00
2021/04/15	7.64	7.76	7.45	7.66	9278926	70649720.00
2021/04/16	7.68	8.43	7.58	8.03	43580452	356857888.00
2021/04/19	8.01	8.35	7.96	7.97	33731243	273796896.00
2021/04/20	8.02	8.77	7.98	8.77	20725151	174421280.00
2021/04/21	9.10	9.20	8.70	8.77	53623845	476105728.00
2021/04/22	8.84	9.09	8.77	8.83	36401761	324315488.00
2021/04/23	8.80	9.15	8.80	8.89	24279666	216776576.00
2021/04/26	9.18	9.40	8.25	8.26	45791781	393263040.00
2021/04/27	8.25	8.28	7.43	7.54	43126915	332287776.00
2021/04/28	7.55	7.62	7.31	7.38	20145657	149650080.00
2021/04/29	7.39	7.50	7.13	7.18	19361231	141009488.00
2021/04/30	7.15	7.32	7.13	7.18	15374081	110802736.00
2021/05/06	7.19	7.33	7.01	7.20	15266501	110146072.00
2021/05/07	7.15	7.54	7.08	7.37	23738750	175280128.00
2021/05/10	7.29	7.49	7.21	7.37	18864082	138195264.00
2021/05/11	7.28	7.78	7.22	7.55	29200369	219331616.00
2021/05/12	7.48	8.05	7.37	7.90	39495264	305806464.00
2021/05/13	7.81	7.99	7.64	7.66	29919496	233069312.00
2021/05/14	7.66	7.99	7.57	7.87	27332442	214632576.00
2021/05/17	7.89	8.08	7.70	7.81	26026345	205346688.00
2021/05/18	7.76	7.96	7.63	7.78	21599394	168202304.00
2021/05/19	7.78	7.92	7.71	7.80	14249277	111326848.00
2021/05/20	7.79	8.28	7.73	8.11	31606076	252979792.00
2021/05/21	8.08	8.30	7.79	7.87	33147023	265785392.00
2021/05/24	7.75	7.79	7.33	7.42	33049753	249107984.00
2021/05/25	7.42	7.45	7.16	7.30	24655163	179720784.00
2021/05/26	7.30	7.38	7.10	7.17	24382109	176140848.00
2021/05/27	7.14	7.28	7.04	7.09	27853364	198533376.00
2021/05/28	7.12	7.28	7.08	7.16	22161258	158869472.00
2021/05/31	7.12	7.13	6.76	6.88	34570846	238632160.00
2021/06/01	6.90	6.91	6.73	6.78	22844124	156028176.00
2021/06/02	6.80	6.80	6.48	6.52	29996223	197345280.00
2021/06/03	6.54	6.61	6.50	6.54	12840872	84050160.00
2021/06/04	6.56	6.68	6.48	6.58	15973160	105379824.00
2021/06/07	6.56	6.60	6.49	6.56	10729810	70186656.00
2021/06/08	6.59	6.64	6.54	6.58	8361300	55034864.00
2021/06/09	6.59	6.73	6.56	6.71	13117875	87461112.00
2021/06/10	6.66	6.76	6.63	6.69	9828400	65589760.00
2021/06/11	6.72	6.72	6.56	6.58	9337998	61591560.00
2021/06/15	6.59	6.61	6.29	6.33	14121887	90061256.00
2021/06/16	6.33	6.38	6.28	6.33	5849222	37016056.00
2021/06/17	6.30	6.55	6.28	6.52	10528919	68240736.00
2021/06/18	6.54	6.59	6.43	6.48	7889224	51167596.00
2021/06/21	6.45	6.55	6.42	6.44	7251969	46909272.00
2021/06/22	6.48	6.49	6.42	6.47	6234795	40229184.00
2021/06/23	6.47	6.50	6.40	6.44	6502452	41808584.00
2021/06/24	6.45	6.45	6.31	6.35	7145950	45386240.00
2021/06/25	6.34	6.43	6.29	6.37	7011057	44591748.00
2021/06/28	6.37	6.54	6.36	6.49	8621126	55759592.00
2021/06/29	6.51	6.52	6.32	6.33	8033751	51314552.00
2021/06/30	6.33	6.41	6.28	6.35	8122177	51376276.00
2021/07/01	6.35	6.36	6.06	6.08	13089297	80971000.00
2021/07/02	6.10	6.38	6.06	6.17	13902628	87140784.00
2021/07/05	6.13	6.21	6.10	6.13	6120888	37583416.00
2021/07/06	6.13	6.15	6.04	6.11	6346155	38625904.00
2021/07/07	6.08	6.14	6.05	6.08	7407439	45103696.00
2021/07/08	6.05	6.09	5.95	5.95	9276600	55717892.00
2021/07/09	5.96	6.05	5.94	6.03	6061786	36307200.00
2021/07/12	6.06	6.13	6.03	6.05	6233251	37958272.00
2021/07/13	6.00	6.07	6.00	6.05	5173147	31228012.00
2021/07/14	6.03	6.06	5.95	5.95	7041549	42109800.00
2021/07/15	5.85	5.86	5.74	5.76	6929863	40020144.00
2021/07/16	5.79	5.86	5.73	5.83	6436849	37273828.00
2021/07/19	5.80	5.84	5.68	5.73	8122650	46637760.00
2021/07/20	5.65	5.80	5.64	5.72	5053480	28888584.00
2021/07/21	5.71	5.74	5.58	5.62	8875389	50128996.00
2021/07/22	5.61	5.65	5.58	5.59	6262110	35099164.00
2021/07/23	5.58	5.66	5.52	5.60	7796550	43506364.00
2021/07/26	5.65	5.70	5.55	5.64	9069947	51031396.00
2021/07/27	5.61	5.64	5.36	5.39	13396098	73265776.00
2021/07/28	5.37	5.38	5.15	5.20	8787325	46214152.00
2021/07/29	5.28	5.33	5.23	5.25	5738687	30259976.00
2021/07/30	5.24	5.33	5.13	5.28	7495602	39209640.00
2021/08/02	5.39	5.54	5.31	5.46	9292268	50589336.00
2021/08/03	5.44	5.73	5.41	5.57	13412545	75048200.00
2021/08/04	5.57	5.57	5.41	5.42	10009452	54754584.00
2021/08/05	5.42	5.47	5.35	5.42	6282274	34025144.00
2021/08/06	5.39	5.41	5.29	5.35	6498620	34645124.00
2021/08/09	5.34	5.51	5.33	5.46	6598999	35938196.00
2021/08/10	5.46	5.50	5.41	5.46	5368923	29257520.00
2021/08/11	5.46	5.59	5.43	5.49	7738204	42702616.00
2021/08/12	5.48	5.75	5.45	5.61	15482835	86848480.00
2021/08/13	5.58	5.72	5.51	5.54	9698983	54119032.00
2021/08/16	5.56	5.60	5.50	5.51	5930796	32870698.00
2021/08/17	5.53	5.55	5.38	5.39	7878711	42909804.00
2021/08/18	5.36	5.44	5.35	5.43	4771444	25757694.00
2021/08/19	5.43	5.45	5.36	5.38	5028000	27106190.00
2021/08/20	5.36	5.36	5.27	5.32	6778953	35918212.00
2021/08/23	5.32	5.36	5.25	5.27	12939671	68560048.00
2021/08/24	5.27	5.32	5.24	5.29	6160260	32498948.00
2021/08/25	5.30	5.47	5.26	5.44	12192977	65604388.00
2021/08/26	5.44	5.44	5.36	5.36	5810434	31340286.00
2021/08/27	5.35	5.37	5.28	5.31	5443511	28884868.00
2021/08/30	5.32	5.42	5.31	5.40	7093700	38116832.00
2021/08/31	5.41	5.49	5.36	5.48	8420351	45910316.00
2021/09/01	5.46	5.64	5.46	5.62	15566072	86724176.00
2021/09/02	5.72	5.88	5.66	5.79	24184021	139787760.00
2021/09/03	5.85	5.94	5.70	5.79	16305608	94502008.00
2021/09/06	5.79	5.86	5.71	5.84	14159414	81911656.00
2021/09/07	5.83	5.85	5.76	5.83	13926661	80720080.00
2021/09/08	5.86	6.04	5.83	6.03	19045910	113935784.00
2021/09/09	5.98	6.05	5.92	6.01	11127031	66587740.00
2021/09/10	6.00	6.12	5.92	5.95	14130944	84895064.00
2021/09/13	5.95	6.06	5.85	6.06	11389815	68288600.00
2021/09/14	6.07	6.07	5.79	5.82	16602300	97907664.00
2021/09/15	5.85	5.93	5.78	5.90	8602600	50539800.00
2021/09/16	5.90	5.94	5.67	5.68	10813940	62622240.00
2021/09/17	5.66	5.77	5.60	5.67	8394164	47685156.00
2021/09/22	5.65	5.76	5.61	5.76	8353350	47485080.00
2021/09/23	5.82	6.24	5.82	5.97	27870165	168544432.00
2021/09/24	5.90	6.04	5.73	5.79	15748211	92515472.00
2021/09/27	5.81	5.82	5.58	5.63	11487157	65205640.00
2021/09/28	5.66	5.70	5.55	5.61	6815868	38206156.00
2021/09/29	5.60	5.61	5.32	5.40	9597599	52307244.00
2021/09/30	5.41	5.52	5.34	5.41	7577475	41014752.00
2021/10/08	5.47	5.71	5.44	5.56	8825381	49239464.00
2021/10/11	5.64	5.69	5.54	5.57	5567317	31078980.00
2021/10/12	5.53	5.57	5.42	5.48	6207100	34020196.00
2021/10/13	5.47	5.55	5.42	5.51	5414800	29766104.00
2021/10/14	5.50	5.63	5.46	5.60	6814076	37896200.00
2021/10/15	5.61	5.61	5.48	5.48	5671700	31296398.00
2021/10/18	5.46	5.51	5.45	5.48	4886339	26752428.00
2021/10/19	5.47	5.48	5.39	5.42	5562000	30147586.00
2021/10/20	5.40	5.43	5.38	5.41	3105100	16786990.00
2021/10/21	5.41	5.42	5.33	5.35	4706500	25272372.00
2021/10/22	5.35	5.42	5.31	5.36	3465858	18600072.00
2021/10/25	5.36	5.41	5.31	5.40	4600068	24687600.00
2021/10/26	5.39	5.49	5.36	5.48	6981476	37906176.00
2021/10/27	5.50	5.50	5.40	5.42	3886831	21132472.00
2021/10/28	5.41	5.42	5.28	5.33	5323101	28363344.00
2021/10/29	5.36	5.57	5.30	5.43	5853171	31768148.00
2021/11/01	5.42	5.48	5.37	5.47	4502162	24488224.00
2021/11/02	5.46	5.49	5.35	5.38	4725462	25566884.00
2021/11/03	5.36	5.42	5.34	5.37	3222319	17303884.00
2021/11/04	5.36	5.40	5.34	5.37	2810687	15091103.00
2021/11/05	5.37	5.49	5.33	5.45	6784498	36853216.00
2021/11/08	5.45	5.51	5.36	5.48	5660601	30877256.00
2021/11/09	5.46	5.54	5.43	5.52	4904201	26915836.00
2021/11/10	5.52	5.58	5.47	5.52	5890453	32445064.00
2021/11/11	5.50	5.67	5.49	5.66	9592700	53881424.00
2021/11/12	5.66	5.67	5.55	5.58	6499237	36309308.00
2021/11/15	5.56	5.72	5.56	5.69	9186737	51977600.00
2021/11/16	5.70	5.73	5.63	5.67	6344800	35988716.00
2021/11/17	5.67	5.70	5.62	5.64	5187944	29297120.00
2021/11/18	5.62	5.66	5.50	5.52	6501134	36183512.00
2021/11/19	5.54	5.58	5.49	5.57	4448880	24634924.00
2021/11/22	5.55	5.57	5.49	5.51	5900400	32570504.00
2021/11/23	5.50	5.56	5.48	5.51	4578264	25267294.00
2021/11/24	5.54	5.54	5.44	5.49	5766712	31553816.00
2021/11/25	5.50	5.51	5.46	5.47	3905700	21411902.00
2021/11/26	5.48	5.48	5.35	5.36	7011716	37789184.00
2021/11/29	5.30	5.37	5.25	5.32	5543094	29438616.00
2021/11/30	5.36	5.38	5.30	5.33	3398200	18166620.00
2021/12/01	5.30	5.40	5.30	5.39	3888184	20796536.00
2021/12/02	5.41	5.44	5.35	5.38	4632210	24985652.00
2021/12/03	5.40	5.50	5.37	5.45	4582307	24917528.00
2021/12/06	5.44	5.46	5.39	5.40	3244173	17558038.00
2021/12/07	5.41	5.44	5.38	5.39	3126623	16887372.00
2021/12/08	5.42	5.43	5.33	5.40	4396036	23653564.00
2021/12/09	5.41	5.49	5.35	5.46	14592376	78970704.00
2021/12/10	5.43	5.49	5.39	5.45	7793231	42516984.00
2021/12/13	5.45	5.56	5.45	5.48	8797877	48434692.00
2021/12/14	5.50	6.03	5.47	5.72	40241214	232045456.00
2021/12/15	5.63	5.88	5.61	5.70	29738162	169903136.00
2021/12/16	5.70	5.84	5.67	5.76	23088282	133123736.00
2021/12/17	5.77	5.81	5.70	5.74	14606580	83934792.00
2021/12/20	5.73	5.78	5.63	5.64	12579188	71523544.00
2021/12/21	5.67	5.74	5.66	5.73	9927955	56654092.00
2021/12/22	5.75	5.89	5.69	5.84	16120337	93724448.00
2021/12/23	5.84	5.85	5.72	5.78	11661018	67365016.00
2021/12/24	5.71	5.85	5.67	5.72	10417281	59819912.00
2021/12/27	5.71	5.75	5.62	5.67	7073702	40142740.00
2021/12/28	5.68	5.75	5.64	5.69	8127437	46127872.00
2021/12/29	5.70	5.71	5.59	5.59	8298000	46671588.00
2021/12/30	5.62	5.83	5.61	5.80	17387915	100146184.00
2021/12/31	5.79	5.88	5.74	5.84	14015199	81679584.00
2022/01/04	5.84	6.15	5.83	6.09	30230666	182518608.00
2022/01/05	6.08	6.19	5.98	6.06	21893166	132913984.00
2022/01/06	6.03	6.12	5.98	6.03	10840157	65477600.00
2022/01/07	6.01	6.24	5.99	6.00	24617371	150772224.00
2022/01/10	6.04	6.14	5.95	6.10	16522470	100385144.00
2022/01/11	6.10	6.13	6.00	6.01	11115970	67336624.00
2022/01/12	5.99	6.13	5.95	6.11	14297917	86653168.00
2022/01/13	6.09	6.17	6.00	6.01	9197277	55841380.00
2022/01/14	6.01	6.04	5.88	5.89	10842481	64464808.00
2022/01/17	5.89	6.17	5.88	6.12	15219158	92451648.00
2022/01/18	6.15	6.42	6.13	6.20	30619278	192753600.00
2022/01/19	6.17	6.30	6.10	6.19	13935796	86351688.00
2022/01/20	6.19	6.23	5.99	6.00	11629128	70684568.00
2022/01/21	6.00	6.23	5.89	5.94	20571535	123951344.00
2022/01/24	5.93	5.93	5.70	5.75	21909334	126577448.00
2022/01/25	5.71	5.75	5.40	5.40	18032213	99773768.00
2022/01/26	5.45	5.45	5.32	5.36	9187182	49425296.00
2022/01/27	5.38	5.38	5.19	5.20	12177610	63991872.00
2022/01/28	5.22	5.28	5.15	5.22	9348720	48879504.00
2022/02/07	5.29	5.35	5.19	5.32	10796053	57000104.00
2022/02/08	5.32	5.48	5.28	5.48	9924668	53793492.00
2022/02/09	5.47	5.64	5.45	5.59	10085647	56154984.00
2022/02/10	5.59	5.83	5.56	5.81	18142623	104119168.00
2022/02/11	5.77	5.89	5.71	5.74	12175075	70466544.00
2022/02/14	5.70	5.73	5.61	5.64	10993411	62189344.00
2022/02/15	5.64	5.70	5.55	5.61	6466946	36230432.00
2022/02/16	5.63	5.72	5.63	5.69	7317650	41536520.00
2022/02/17	5.68	5.69	5.56	5.58	7660711	42920460.00
2022/02/18	5.52	5.61	5.52	5.59	7766718	43191264.00
2022/02/21	5.61	5.79	5.58	5.72	10043169	57279464.00
2022/02/22	5.76	5.76	5.52	5.56	9233135	51630072.00
2022/02/23	5.56	5.66	5.56	5.62	8071900	45352688.00
2022/02/24	5.60	5.63	5.34	5.40	12654890	69112576.00
2022/02/25	5.43	5.47	5.36	5.37	7433062	40158800.00
2022/02/28	5.37	5.41	5.26	5.39	6906174	36807632.00
2022/03/01	5.38	5.43	5.35	5.43	6564842	35357032.00
2022/03/02	5.39	5.45	5.36	5.44	5864600	31740152.00
2022/03/03	5.45	5.49	5.42	5.46	6424403	35054896.00
2022/03/04	5.46	5.46	5.35	5.38	7023068	37855920.00
2022/03/07	5.38	5.47	5.35	5.38	8740085	47302400.00
2022/03/08	5.36	5.39	5.21	5.23	10331177	54589208.00
2022/03/09	5.25	5.29	4.92	5.13	12823295	65756248.00
2022/03/10	5.25	5.33	5.16	5.22	7672824	40302968.00
2022/03/11	5.20	5.28	5.11	5.26	6149452	31848944.00
2022/03/14	5.20	5.27	5.12	5.12	6352897	32944988.00
2022/03/15	5.11	5.11	4.85	4.85	10453757	51861792.00
2022/03/16	4.90	4.99	4.80	4.94	8330608	40860620.00
2022/03/17	5.01	5.07	4.97	5.01	6892300	34592208.00
2022/03/18	5.00	5.12	4.97	5.10	5904481	29930592.00
2022/03/21	5.10	5.13	5.03	5.09	4609401	23418856.00
2022/03/22	5.07	5.13	5.04	5.11	6886651	34935772.00
2022/03/23	5.11	5.13	5.05	5.07	4309671	21908180.00
2022/03/24	5.05	5.06	4.98	5.00	5902929	29598922.00
2022/03/25	5.00	5.11	5.00	5.03	6011043	30374984.00
2022/03/28	5.02	5.11	4.97	5.05	4742495	23955178.00
2022/03/29	5.06	5.07	4.98	5.00	4597363	23039298.00
2022/03/30	5.02	5.09	4.99	5.07	7712224	38797332.00
2022/03/31	5.06	5.10	5.03	5.06	7708631	39067512.00
2022/04/01	5.05	5.19	5.02	5.17	8252663	42299848.00
2022/04/06	5.20	5.35	5.17	5.32	10201397	53955532.00
2022/04/07	5.30	5.31	5.19	5.21	8074700	42322956.00
2022/04/08	5.21	5.23	5.15	5.19	6364476	32993512.00
2022/04/11	5.18	5.20	5.02	5.06	6782287	34678152.00
2022/04/12	5.07	5.21	5.04	5.20	6927713	35382032.00
2022/04/13	5.16	5.21	5.12	5.12	5657831	29187064.00
2022/04/14	5.13	5.18	5.12	5.14	4020998	20710328.00
2022/04/15	5.11	5.12	5.02	5.04	7090736	35864760.00
2022/04/18	5.05	5.09	4.99	5.06	4240775	21366360.00
2022/04/19	5.05	5.08	5.01	5.07	3876900	19573974.00
2022/04/20	5.07	5.12	4.99	5.00	5793525	29284188.00
2022/04/21	4.99	5.02	4.86	4.87	7304436	36158896.00
2022/04/22	4.83	4.88	4.78	4.80	5521209	26614168.00
2022/04/25	4.78	4.79	4.45	4.46	9487016	43987716.00
2022/04/26	4.51	4.53	4.30	4.30	7310900	32403644.00
2022/04/27	4.28	4.44	4.18	4.43	7557522	32429128.00
2022/04/28	4.42	4.46	4.28	4.34	4298133	18768348.00
2022/04/29	4.35	4.65	4.33	4.51	13332956	60161928.00
2022/05/05	4.51	4.56	4.45	4.49	6326100	28429880.00
2022/05/06	4.43	4.60	4.36	4.45	8896100	39972636.00
2022/05/09	4.46	4.55	4.45	4.49	4019822	18070068.00
2022/05/10	4.42	4.52	4.38	4.48	4400748	19610922.00
2022/05/11	4.48	4.66	4.47	4.50	10935833	49763836.00
2022/05/12	4.46	4.50	4.43	4.49	6531249	29176542.00
2022/05/13	4.51	4.55	4.48	4.52	4529082	20450008.00
2022/05/16	4.53	4.60	4.50	4.58	6262860	28593766.00
2022/05/17	4.55	4.56	4.48	4.50	5086203	22940430.00
2022/05/18	4.50	4.55	4.49	4.51	3736938	16901512.00
2022/05/19	4.47	4.54	4.45	4.53	3707722	16681525.00
2022/05/20	4.57	4.66	4.53	4.60	6600235	30305862.00
2022/05/23	4.73	4.80	4.67	4.68	10786647	50994144.00
2022/05/24	4.68	4.68	4.46	4.46	8761400	40133436.00
2022/05/25	4.47	4.65	4.47	4.63	6585376	30078952.00
2022/05/26	4.69	4.75	4.61	4.69	16000156	74548304.00
2022/05/27	4.72	5.02	4.66	4.90	21871032	105304600.00
2022/05/30	4.90	4.90	4.73	4.86	17479815	84088240.00
2022/05/31	4.80	4.94	4.78	4.85	12205561	59123760.00
2022/06/01	4.82	4.94	4.81	4.88	9519918	46483556.00
2022/06/02	4.83	4.88	4.80	4.84	7678423	37210432.00
2022/06/06	4.86	4.88	4.82	4.87	5633422	27312284.00
2022/06/07	4.85	4.87	4.78	4.86	5578825	26977568.00
2022/06/08	4.87	4.90	4.76	4.86	7008902	33929992.00
2022/06/09	4.86	4.87	4.79	4.84	7247689	34976084.00
2022/06/10	4.84	4.92	4.78	4.90	7330939	35839116.00
2022/06/13	4.87	4.88	4.74	4.78	7373048	35377920.00
2022/06/14	4.77	4.80	4.67	4.79	6295490	29772684.00
2022/06/15	4.82	4.92	4.78	4.83	7678502	37297792.00
2022/06/16	4.84	4.94	4.84	4.91	6525713	31986624.00
2022/06/17	4.88	4.94	4.81	4.84	7526673	36516868.00
2022/06/20	4.84	4.89	4.82	4.86	4697451	22798272.00
2022/06/21	4.89	4.90	4.83	4.88	4767561	23232228.00
2022/06/22	4.86	4.91	4.78	4.79	5542674	26829966.00
2022/06/23	4.78	4.85	4.76	4.84	3793718	18219440.00
2022/06/24	4.85	4.85	4.80	4.82	4603703	22193140.00
2022/06/27	4.82	4.86	4.81	4.83	4855006	23469544.00
2022/06/28	4.85	4.88	4.81	4.86	7350642	35608368.00
2022/06/29	4.85	4.90	4.81	4.81	9348291	45352744.00
2022/06/30	4.81	4.88	4.79	4.82	7594743	36682916.00
2022/07/01	4.82	4.82	4.77	4.78	5087031	24366540.00
2022/07/04	4.79	4.79	4.69	4.71	8527234	40238528.00
2022/07/05	4.72	4.73	4.66	4.70	5943400	27903180.00
2022/07/06	4.70	4.70	4.55	4.61	8079763	37216320.00
2022/07/07	4.63	4.66	4.60	4.62	3564100	16483724.00
2022/07/08	4.63	4.67	4.59	4.62	5626535	26043416.00
2022/07/11	4.61	4.64	4.57	4.62	3849000	17700964.00
2022/07/12	4.60	4.64	4.59	4.60	3010049	13879521.00
2022/07/13	4.59	4.65	4.58	4.63	3489966	16142261.00
2022/07/14	4.62	4.63	4.58	4.58	3284920	15093978.00
2022/07/15	4.57	4.59	4.46	4.46	5162557	23280568.00
2022/07/18	4.46	4.58	4.46	4.58	3651600	16610223.00
2022/07/19	4.57	4.64	4.57	4.63	2974370	13733631.00
2022/07/20	4.66	4.66	4.62	4.64	2944700	13664337.00
2022/07/21	4.68	4.69	4.63	4.67	3749191	17487860.00
2022/07/22	4.67	4.68	4.58	4.65	4054300	18770956.00
2022/07/25	4.65	4.68	4.60	4.61	2520406	11688290.00
2022/07/26	4.62	4.66	4.60	4.66	2431992	11273018.00
2022/07/27	4.64	4.67	4.62	4.63	3265222	15123983.00
2022/07/28	4.64	4.67	4.63	4.64	3601918	16743441.00
2022/07/29	4.66	4.67	4.60	4.62	3620543	16768371.00
2022/08/01	4.61	4.63	4.59	4.62	2702200	12453418.00
2022/08/02	4.61	4.61	4.43	4.46	8441196	37774376.00
2022/08/03	4.47	4.52	4.40	4.41	4530700	20243944.00
2022/08/04	4.43	4.46	4.41	4.46	3469868	15401323.00
2022/08/05	4.48	4.54	4.45	4.53	3446100	15468396.00
2022/08/08	4.53	4.55	4.49	4.54	2933800	13284666.00
2022/08/09	4.55	4.55	4.49	4.53	2155700	9726864.00
2022/08/10	4.50	4.59	4.49	4.56	4302413	19524380.00
2022/08/11	4.48	4.50	4.42	4.48	4459910	19925676.00
2022/08/12	4.48	4.54	4.46	4.53	3397665	15351302.00
2022/08/15	4.52	4.52	4.47	4.49	2652009	11917388.00
2022/08/16	4.51	4.52	4.48	4.50	1875300	8440160.00
2022/08/17	4.50	4.55	4.49	4.55	3266372	14779114.00
2022/08/18	4.55	4.55	4.47	4.49	3424100	15378215.00
2022/08/19	4.48	4.59	4.47	4.53	5940900	27055760.00
2022/08/22	4.55	4.62	4.50	4.57	4068048	18626132.00
2022/08/23	4.59	4.62	4.53	4.61	3677621	16827212.00
2022/08/24	4.60	4.62	4.54	4.55	4535050	20754256.00
2022/08/25	4.57	4.64	4.54	4.63	6871027	31657356.00
2022/08/26	4.63	4.74	4.61	4.67	7487371	35050236.00
2022/08/29	4.61	4.70	4.60	4.68	5609142	26063800.00
2022/08/30	4.67	4.75	4.66	4.73	7464898	35246936.00
2022/08/31	4.76	4.80	4.67	4.69	12825685	60790264.00
2022/09/01	4.72	4.82	4.68	4.70	8450575	40124296.00
2022/09/02	4.72	4.81	4.70	4.80	9874794	47228212.00
2022/09/05	4.80	4.84	4.75	4.81	6047330	29005770.00
2022/09/06	4.80	4.81	4.76	4.80	4851725	23209468.00
2022/09/07	4.79	4.80	4.70	4.71	7199053	34043104.00
2022/09/08	4.70	4.76	4.69	4.74	4445474	21023164.00
2022/09/09	4.77	4.77	4.69	4.71	5352874	25263580.00
2022/09/13	4.74	4.76	4.69	4.70	4071200	19227784.00
2022/09/14	4.67	4.69	4.61	4.63	5338400	24793982.00
2022/09/15	4.66	4.71	4.58	4.61	6010476	27900596.00
2022/09/16	4.61	4.68	4.53	4.56	6492937	29955496.00
2022/09/19	4.55	4.55	4.41	4.48	6822738	30465056.00
2022/09/20	4.48	4.54	4.45	4.46	4577098	20527116.00
2022/09/21	4.46	4.59	4.40	4.56	5185742	23384430.00
2022/09/22	4.52	4.56	4.48	4.49	4665798	21059094.00
2022/09/23	4.48	4.54	4.43	4.45	4291306	19234044.00
2022/09/26	4.42	4.45	4.32	4.33	4716362	20684068.00
2022/09/27	4.34	4.45	4.33	4.43	4886151	21516656.00
2022/09/28	4.43	4.44	4.35	4.35	3213638	14089963.00
2022/09/29	4.40	4.43	4.26	4.27	4883458	21110500.00
2022/09/30	4.27	4.32	4.25	4.25	3357989	14362442.00
2022/10/10	4.23	4.35	4.22	4.24	4321932	18430920.00
2022/10/11	4.26	4.26	4.14	4.23	4559689	19173372.00
2022/10/12	4.23	4.29	4.17	4.28	4141153	17547260.00
2022/10/13	4.28	4.31	4.23	4.29	4231300	18115788.00
2022/10/14	4.32	4.38	4.30	4.35	4497723	19557364.00
2022/10/17	4.33	4.41	4.31	4.40	5315033	23218316.00
2022/10/18	4.40	4.43	4.35	4.36	4066400	17796334.00
2022/10/19	4.38	4.41	4.32	4.37	4357078	19025208.00
2022/10/20	4.35	4.39	4.32	4.34	3568598	15536374.00
2022/10/21	4.38	4.38	4.31	4.34	3339705	14510480.00
2022/10/24	4.35	4.39	4.20	4.22	5529700	23762252.00
2022/10/25	4.20	4.26	4.16	4.19	6151741	25803222.00
2022/10/26	4.19	4.28	4.19	4.24	4678031	19832652.00
2022/10/27	4.26	4.43	4.24	4.38	7861389	34246992.00
2022/10/28	4.37	4.37	4.22	4.26	5261058	22597968.00
2022/10/31	4.25	4.26	4.18	4.21	5414375	22827326.00
2022/11/01	4.21	4.34	4.18	4.34	6022685	25701144.00
2022/11/02	4.32	4.44	4.31	4.42	7135031	31422250.00
2022/11/03	4.43	4.52	4.36	4.48	8781945	38938432.00
2022/11/04	4.47	4.52	4.44	4.47	6879809	30789748.00
2022/11/07	4.44	4.56	4.43	4.54	6307960	28433180.00
2022/11/08	4.53	4.55	4.46	4.53	4218489	19064224.00
2022/11/09	4.51	4.55	4.45	4.47	5245284	23597576.00
2022/11/10	4.47	4.57	4.44	4.53	7880364	35626896.00
2022/11/11	4.56	4.62	4.53	4.53	7395356	33817336.00
2022/11/14	4.54	4.61	4.52	4.55	5438036	24809296.00
2022/11/15	4.53	4.59	4.52	4.54	4967197	22556822.00
2022/11/16	4.55	4.62	4.53	4.61	7547478	34637992.00
2022/11/17	4.63	4.65	4.57	4.61	6432481	29621058.00
2022/11/18	4.62	4.71	4.60	4.60	7578567	35307072.00
2022/11/21	4.60	4.61	4.52	4.54	4712252	21420688.00
2022/11/22	4.54	4.80	4.53	4.68	17524861	82400904.00
2022/11/23	4.68	4.99	4.63	4.85	28408791	137097952.00
2022/11/24	4.82	4.98	4.75	4.79	17897740	86489440.00
2022/11/25	4.83	5.27	4.77	5.27	31907654	163721968.00
2022/11/28	5.78	5.80	5.27	5.80	116906988	660956352.00
2022/11/29	5.66	6.00	5.52	5.68	97926638	560698304.00
2022/11/30	5.48	5.59	5.41	5.43	70774688	388076512.00
2022/12/01	5.37	5.41	5.17	5.23	54357279	286122976.00
2022/12/02	5.21	5.26	5.18	5.26	33438284	174744688.00
2022/12/05	5.31	5.68	5.21	5.57	74783351	408302272.00
2022/12/06	5.45	5.47	5.25	5.28	39800709	212622384.00
2022/12/07	5.27	5.35	5.18	5.27	26281214	137582928.00
2022/12/08	5.21	5.26	5.12	5.14	20409258	105431864.00
2022/12/09	5.14	5.21	5.05	5.13	27565265	141556480.00
2022/12/12	5.13	5.18	5.02	5.05	16735093	84858080.00
2022/12/13	5.06	5.18	5.02	5.05	17328088	88127408.00
2022/12/14	5.04	5.09	5.00	5.08	15028166	75785184.00
2022/12/15	5.07	5.18	5.00	5.04	15873713	80510680.00
2022/12/16	5.02	5.06	4.96	5.03	13324872	66805792.00
2022/12/19	5.03	5.06	4.87	4.91	15241940	75308416.00
2022/12/20	4.90	4.98	4.86	4.88	10720161	52681032.00
2022/12/21	4.91	4.98	4.86	4.90	9279210	45712176.00
2022/12/22	4.93	5.02	4.90	4.91	9111528	45168628.00
2022/12/23	4.90	5.03	4.87	4.99	10729359	53363512.00
2022/12/26	4.94	4.99	4.88	4.91	9687896	47709560.00
2022/12/27	4.96	4.96	4.89	4.92	7017586	34526360.00
2022/12/28	4.92	4.98	4.84	4.88	10585902	51958776.00
2022/12/29	4.90	4.98	4.87	4.88	10570593	52104064.00
2022/12/30	4.89	5.00	4.86	4.99	11642612	57737288.00
2023/01/03	4.96	5.06	4.96	5.05	14681785	73706736.00
2023/01/04	5.05	5.12	5.02	5.08	12500246	63418080.00
2023/01/05	5.11	5.11	4.98	4.99	12476214	62779492.00
2023/01/06	4.98	4.99	4.87	4.87	12095805	59349500.00
2023/01/09	4.87	4.93	4.86	4.87	6104200	29800716.00
2023/01/10	4.87	4.87	4.80	4.83	9019344	43523712.00
2023/01/11	4.82	4.87	4.77	4.78	8254400	39807848.00
2023/01/12	4.80	4.89	4.77	4.83	7156114	34510700.00
2023/01/13	4.83	4.89	4.82	4.87	6579524	31973018.00
2023/01/16	4.88	4.91	4.85	4.87	7851997	38383160.00
2023/01/17	4.89	4.90	4.77	4.78	9647192	46393448.00
2023/01/18	4.79	4.86	4.78	4.83	5695259	27548448.00
2023/01/19	4.84	4.87	4.82	4.86	5923100	28751992.00
2023/01/20	4.86	4.94	4.86	4.94	7561471	37097884.00
2023/01/30	4.99	5.03	4.94	4.98	10191522	50786008.00
2023/01/31	4.97	5.01	4.94	4.98	8124985	40339588.00
2023/02/01	4.99	5.11	4.97	5.10	16483699	83442856.00
2023/02/02	5.10	5.13	5.05	5.08	9572101	48761312.00
2023/02/03	5.07	5.15	5.06	5.11	10802851	55230796.00
2023/02/06	5.10	5.16	5.07	5.10	6913100	35328084.00
2023/02/07	5.12	5.16	5.08	5.14	9538225	48903952.00
2023/02/08	5.14	5.17	5.09	5.12	10621668	54487808.00
2023/02/09	5.12	5.14	5.09	5.14	7948400	40688152.00
2023/02/10	5.12	5.23	5.11	5.20	12977585	67334704.00
数据来源:通达信
