688585 上纬新材 日线 不复权
      日期	    开盘	    最高	    最低	    收盘	    成交量	    成交额
2020/09/28	20.68	20.68	16.00	16.35	31298396	552859008.00
2020/09/29	16.00	16.15	14.46	14.59	20768057	314275552.00
2020/09/30	14.00	15.05	13.88	14.31	13117781	187931936.00
2020/10/09	15.15	15.29	14.40	14.51	12973732	191015664.00
2020/10/12	14.55	15.38	14.53	15.30	11787654	176303184.00
2020/10/13	15.15	15.40	14.82	15.15	8635275	129875832.00
2020/10/14	15.18	17.14	14.99	15.93	14957938	240510416.00
2020/10/15	15.93	16.16	15.07	15.17	8577984	132202648.00
2020/10/16	15.20	15.30	14.77	14.90	5419638	80881856.00
2020/10/19	14.95	15.36	14.88	14.93	4237135	63932580.00
2020/10/20	15.02	15.28	14.60	15.22	4422538	65999184.00
2020/10/21	15.62	16.47	15.28	15.28	9440915	148927184.00
2020/10/22	14.95	15.28	14.85	14.97	4838376	72718728.00
2020/10/23	15.05	15.19	14.38	14.49	4396514	65173040.00
2020/10/26	14.58	14.74	14.01	14.68	2373303	34394828.00
2020/10/27	14.60	14.88	14.46	14.80	2350134	34606344.00
2020/10/28	14.78	15.07	14.53	14.85	2815678	41468092.00
2020/10/29	14.68	15.25	14.50	15.18	4376531	64843788.00
2020/10/30	15.21	15.38	14.45	14.64	4056002	60938116.00
2020/11/02	14.66	14.93	14.35	14.66	2705374	39444520.00
2020/11/03	14.68	15.22	14.60	15.04	3971427	59425244.00
2020/11/04	15.05	15.41	14.98	15.22	5177274	78514736.00
2020/11/05	15.22	15.34	14.95	15.01	5627914	84842960.00
2020/11/06	15.10	15.17	14.74	14.84	4192955	62821764.00
2020/11/09	14.93	15.85	14.93	15.67	7352861	113658760.00
2020/11/10	15.76	16.77	15.37	16.45	10000456	162208016.00
2020/11/11	16.38	16.69	15.93	16.11	5976048	97209424.00
2020/11/12	16.11	16.34	15.74	15.83	3913983	62214356.00
2020/11/13	15.76	17.30	15.76	16.55	6418401	106762584.00
2020/11/16	16.88	17.29	16.40	16.85	4927913	83170536.00
2020/11/17	16.67	18.17	16.67	17.47	6112121	106296152.00
2020/11/18	17.80	17.95	17.00	17.70	4026933	70343168.00
2020/11/19	17.56	17.79	16.69	17.09	4468576	76562200.00
2020/11/20	17.09	17.37	16.79	17.11	3185157	54170092.00
2020/11/23	17.29	17.29	16.01	16.16	4545601	74313592.00
2020/11/24	16.19	16.53	16.06	16.18	2459915	39925272.00
2020/11/25	16.09	16.34	15.77	15.90	2794937	44545088.00
2020/11/26	16.00	16.00	15.33	15.41	2358360	36737552.00
2020/11/27	15.41	15.51	15.04	15.19	2056850	31321256.00
2020/11/30	15.30	15.44	15.05	15.19	1767891	26979808.00
2020/12/01	15.19	15.51	15.12	15.42	1802885	27651418.00
2020/12/02	15.42	15.77	15.33	15.62	2306816	35919184.00
2020/12/03	15.59	15.59	15.23	15.25	1736540	26721008.00
2020/12/04	15.21	15.37	15.15	15.19	1337440	20396014.00
2020/12/07	15.28	15.28	14.77	14.80	1760931	26322896.00
2020/12/08	14.72	15.07	14.65	14.68	1647683	24367274.00
2020/12/09	14.69	15.01	14.60	14.75	1438670	21293310.00
2020/12/10	14.75	14.85	14.51	14.57	1147670	16799522.00
2020/12/11	14.58	14.82	14.09	14.17	1596594	22910642.00
2020/12/14	14.10	14.46	14.10	14.38	986704	14136177.00
2020/12/15	14.26	14.47	14.15	14.34	1130526	16164632.00
2020/12/16	14.43	14.44	13.72	13.75	1834888	25793928.00
2020/12/17	13.83	13.85	13.11	13.74	1927522	26015078.00
2020/12/18	13.53	13.75	13.36	13.48	1490302	20133674.00
2020/12/21	13.54	13.78	13.43	13.60	1338433	18227636.00
2020/12/22	13.60	13.63	13.02	13.17	2088551	27765252.00
2020/12/23	13.21	14.33	13.06	13.87	4190057	57991040.00
2020/12/24	13.88	14.60	13.52	14.00	4065706	57623604.00
2020/12/25	14.14	14.62	13.98	14.41	2971778	42626052.00
2020/12/28	14.49	14.50	13.07	13.17	4365782	59525884.00
2020/12/29	13.17	13.35	12.56	13.29	2747268	35640748.00
2020/12/30	12.98	13.25	12.86	13.09	1822002	23858532.00
2020/12/31	13.08	13.62	12.98	13.16	2283771	30453640.00
2021/01/04	13.20	13.86	13.19	13.60	2382184	32366958.00
2021/01/05	13.63	13.73	13.35	13.46	1543580	20852144.00
2021/01/06	13.40	13.59	12.78	12.82	2103827	27465300.00
2021/01/07	12.85	13.28	12.06	12.35	2850113	35900944.00
2021/01/08	12.12	12.54	11.82	12.03	1812678	22045394.00
2021/01/11	12.08	12.08	10.88	10.92	3533666	39899048.00
2021/01/12	10.94	11.19	10.70	10.79	2278587	24950474.00
2021/01/13	10.86	10.87	10.22	10.22	2811139	29202588.00
2021/01/14	10.23	11.19	10.23	10.93	3983033	43311788.00
2021/01/15	10.82	11.48	10.71	11.28	3106609	34842568.00
2021/01/18	11.16	11.53	11.01	11.14	2194324	24638390.00
2021/01/19	11.03	11.87	11.03	11.50	2681471	30806464.00
2021/01/20	11.55	11.68	11.10	11.60	2654823	30082544.00
2021/01/21	11.51	11.66	11.27	11.31	2146462	24458168.00
2021/01/22	11.31	11.39	10.90	11.00	2379483	26391568.00
2021/01/25	11.02	11.49	10.76	11.06	3113075	34724068.00
2021/01/26	11.10	11.67	11.10	11.33	3065861	35037456.00
2021/01/27	11.31	11.37	11.00	11.25	2011306	22476524.00
2021/01/28	11.40	11.89	11.20	11.42	3049503	35286160.00
2021/01/29	11.52	11.89	11.32	11.72	3531022	41116820.00
2021/02/01	11.71	12.35	11.49	12.11	3672507	44371152.00
2021/02/02	12.03	12.82	11.82	12.30	4407316	54867228.00
2021/02/03	12.12	12.79	11.69	11.73	3084906	37798060.00
2021/02/04	11.70	11.90	10.95	11.20	2469542	27963828.00
2021/02/05	11.31	11.50	10.65	10.78	2116909	23319520.00
2021/02/08	10.90	10.96	10.37	10.37	1448661	15524025.00
2021/02/09	10.45	11.16	10.44	10.76	1338204	14444454.00
2021/02/10	10.86	11.04	10.70	10.95	1567333	17078564.00
2021/02/18	11.10	11.46	11.00	11.29	1535196	17366712.00
2021/02/19	11.20	11.76	11.20	11.67	1421231	16421750.00
2021/02/22	11.80	12.27	11.60	11.88	2075899	24926472.00
2021/02/23	11.98	12.30	11.83	11.98	1855687	22341582.00
2021/02/24	12.10	12.14	11.81	11.96	1648511	19755846.00
2021/02/25	12.14	12.19	11.58	11.60	1362831	16048771.00
2021/02/26	11.51	12.04	11.50	11.94	1457111	17307284.00
2021/03/01	12.17	12.46	12.03	12.46	1628958	19977748.00
2021/03/02	12.50	12.60	12.24	12.41	1273439	15769171.00
2021/03/03	12.37	12.61	12.17	12.61	1522570	18894190.00
2021/03/04	12.80	13.47	12.62	13.16	3646322	47683320.00
2021/03/05	12.95	13.13	12.72	12.73	1970659	25348846.00
2021/03/08	12.78	13.08	12.31	12.41	1402792	17747822.00
2021/03/09	12.46	12.52	11.80	12.16	1388701	16871918.00
2021/03/10	12.16	12.39	11.41	11.47	1488206	17623954.00
2021/03/11	11.52	12.10	11.20	11.97	1740692	20446410.00
2021/03/12	12.00	12.58	11.86	12.36	2049455	25216334.00
2021/03/15	12.38	13.52	12.38	12.78	4588377	60143224.00
2021/03/16	12.94	13.13	12.58	13.06	2200029	28337558.00
2021/03/17	13.08	13.22	12.80	12.90	1594423	20701254.00
2021/03/18	13.00	13.65	12.86	13.50	3664915	49138156.00
2021/03/19	13.34	14.12	13.30	13.61	3187831	43942660.00
2021/03/22	13.66	13.71	13.27	13.41	2314177	31061840.00
2021/03/23	13.43	13.49	12.63	12.67	2081254	26940040.00
2021/03/24	12.63	13.33	12.60	13.15	2150779	28190552.00
2021/03/25	13.01	13.80	13.00	13.55	2777360	37527108.00
2021/03/26	13.65	13.65	13.06	13.19	2708638	35846340.00
2021/03/29	13.00	14.26	12.87	13.59	4321806	58493336.00
2021/03/30	13.39	13.49	12.92	13.01	2959099	38724204.00
2021/03/31	12.93	13.34	12.84	13.01	1875565	24537932.00
2021/04/01	13.04	13.12	12.61	12.64	1838291	23510236.00
2021/04/02	12.79	12.90	12.10	12.77	1691225	21428078.00
2021/04/06	12.78	13.70	12.78	13.65	3908441	52405504.00
2021/04/07	13.61	13.89	13.39	13.76	2411281	32880020.00
2021/04/08	13.83	13.86	13.47	13.53	1746954	23817562.00
2021/04/09	13.40	13.55	13.01	13.11	1982765	26245664.00
2021/04/12	13.27	13.29	12.90	12.92	1457519	19012806.00
2021/04/13	12.93	13.06	12.68	12.77	1121243	14419602.00
2021/04/14	12.89	13.08	12.55	13.08	1445550	18657594.00
2021/04/15	12.92	12.95	12.60	12.68	1525733	19486826.00
2021/04/16	12.39	12.55	11.69	12.48	3566771	43308824.00
2021/04/19	12.44	12.90	12.31	12.85	2538512	32083864.00
2021/04/20	12.85	13.48	12.61	12.67	3650416	47917736.00
2021/04/21	12.69	12.69	12.19	12.25	1934053	23950254.00
2021/04/22	12.25	12.32	11.80	11.83	2639139	31573670.00
2021/04/23	11.83	12.06	11.72	11.84	1388579	16446956.00
2021/04/26	11.70	11.76	11.35	11.40	2073714	23880770.00
2021/04/27	11.40	11.43	11.02	11.14	1258908	14123120.00
2021/04/28	11.14	11.29	11.00	11.15	1416956	15792511.00
2021/04/29	11.08	11.37	11.06	11.17	1063858	11892228.00
2021/04/30	10.91	10.92	9.84	10.14	4547968	46845460.00
2021/05/06	10.16	10.20	9.90	10.03	1460739	14600601.00
2021/05/07	10.15	10.15	9.91	9.97	826601	8252899.00
2021/05/10	9.95	10.09	9.89	9.98	1185450	11832895.00
2021/05/11	9.99	10.10	9.81	10.04	1805181	17951712.00
2021/05/12	10.07	10.14	9.93	10.05	1201254	12014076.00
2021/05/13	10.02	10.02	9.89	9.90	971078	9665143.00
2021/05/14	9.99	10.08	9.88	10.03	855420	8559733.00
2021/05/17	10.08	10.32	9.91	10.12	1250942	12606852.00
2021/05/18	10.12	10.34	10.03	10.27	1187735	12132240.00
2021/05/19	10.28	10.35	10.07	10.10	1134234	11531774.00
2021/05/20	10.10	10.25	10.00	10.13	1097602	11091494.00
2021/05/21	10.16	10.37	10.03	10.04	1098745	11153204.00
2021/05/24	10.12	10.13	9.94	10.00	889279	8902827.00
2021/05/25	10.00	10.06	9.94	10.00	564786	5645417.50
2021/05/26	10.03	10.24	10.02	10.13	1288794	13024633.00
2021/05/27	10.18	10.23	10.04	10.15	1182451	11990851.00
2021/05/28	10.23	10.25	9.91	9.97	1223223	12283949.00
2021/05/31	10.01	10.11	9.83	10.07	2296497	22919564.00
2021/06/01	10.12	10.69	9.99	10.37	4591203	47912296.00
2021/06/02	10.41	10.96	10.29	10.78	4126316	44106348.00
2021/06/03	10.68	10.88	10.54	10.61	2680447	28662050.00
2021/06/04	10.65	10.79	10.51	10.52	1393266	14770491.00
2021/06/07	10.65	10.83	10.46	10.72	1621044	17268640.00
2021/06/08	10.75	10.87	10.57	10.77	1335037	14284827.00
2021/06/09	10.63	10.75	10.51	10.63	1323093	14047258.00
2021/06/10	10.70	10.99	10.52	10.90	2587384	27979502.00
2021/06/11	11.00	11.18	10.46	10.47	3417969	36707944.00
2021/06/15	10.47	10.48	10.08	10.25	1925220	19651302.00
2021/06/16	10.16	10.25	9.96	10.02	1438785	14487186.00
2021/06/17	10.05	10.25	10.00	10.19	1062325	10760866.00
2021/06/18	10.21	10.21	10.06	10.16	929753	9399103.00
2021/06/21	10.11	10.86	10.10	10.69	2753918	28916590.00
2021/06/22	10.71	10.75	10.49	10.65	1718205	18180764.00
2021/06/23	10.58	10.63	10.46	10.59	913148	9633561.00
2021/06/24	10.61	10.61	10.42	10.44	851275	8913637.00
2021/06/25	10.42	10.47	10.21	10.26	968109	9975736.00
2021/06/28	10.26	10.71	10.24	10.57	2052122	21622886.00
2021/06/29	10.58	10.65	10.30	10.45	1083282	11295816.00
2021/06/30	10.41	10.83	10.25	10.60	2143242	22757900.00
2021/07/01	10.60	10.79	10.40	10.42	1852209	19485724.00
2021/07/02	10.42	10.58	10.23	10.25	1123571	11662407.00
2021/07/05	10.33	10.35	10.14	10.26	1151318	11771642.00
2021/07/06	10.26	10.55	10.25	10.34	1520865	15808039.00
2021/07/07	10.25	10.43	10.25	10.40	1009000	10463116.00
2021/07/08	10.45	10.45	10.31	10.37	853758	8854173.00
2021/07/09	10.23	10.49	10.23	10.39	883348	9177511.00
2021/07/12	10.44	10.73	10.32	10.62	1763622	18599458.00
2021/07/13	10.70	10.71	10.47	10.64	1438620	15249375.00
2021/07/14	10.63	10.80	10.48	10.49	1255032	13316139.00
2021/07/15	10.53	10.53	10.13	10.20	1785991	18325732.00
2021/07/16	10.49	10.60	10.16	10.16	1429134	14802636.00
2021/07/19	10.15	10.25	9.93	9.98	1328820	13299308.00
2021/07/20	10.05	10.11	9.96	10.03	861981	8627375.00
2021/07/21	10.03	10.18	10.03	10.18	1180344	11920415.00
2021/07/22	10.19	10.60	10.09	10.42	2297746	23781898.00
2021/07/23	10.42	10.44	10.00	10.00	1814490	18426600.00
2021/07/26	10.10	10.10	9.34	9.57	2504373	24153636.00
2021/07/27	9.60	9.98	9.42	9.55	2106528	20394936.00
2021/07/28	9.78	9.78	8.94	8.98	2339807	21450358.00
2021/07/29	9.06	9.28	9.06	9.15	1147224	10525384.00
2021/07/30	9.08	10.17	9.03	9.88	5535798	54224472.00
2021/08/02	9.89	10.04	9.67	10.03	2319940	22857672.00
2021/08/03	9.94	10.22	9.87	9.92	1661964	16698249.00
2021/08/04	9.85	10.75	9.84	10.65	4654929	48823728.00
2021/08/05	10.72	11.25	10.50	10.95	5391142	59299720.00
2021/08/06	10.70	11.07	10.55	10.95	3981250	43011004.00
2021/08/09	10.96	11.50	10.96	11.18	2843257	31939422.00
2021/08/10	11.37	11.92	11.10	11.67	3171068	37076756.00
2021/08/11	11.54	11.94	11.40	11.56	2374323	27607552.00
2021/08/12	11.55	11.79	11.47	11.63	1864762	21682826.00
2021/08/13	11.52	12.18	11.52	12.09	3380295	40324684.00
2021/08/16	11.98	12.14	11.63	11.92	2178889	25734440.00
2021/08/17	11.90	11.90	11.33	11.48	2016623	23327008.00
2021/08/18	11.50	11.88	11.40	11.56	1052968	12209744.00
2021/08/19	11.65	11.65	10.85	11.05	2331126	25972752.00
2021/08/20	11.00	11.30	10.80	11.20	1323157	14695156.00
2021/08/23	11.30	11.44	10.90	11.20	2233615	25008186.00
2021/08/24	11.15	12.64	11.11	12.38	4375992	52520996.00
2021/08/25	12.29	13.52	11.96	13.17	5167467	66155912.00
2021/08/26	13.01	13.25	12.57	12.57	2644049	33715856.00
2021/08/27	12.49	12.66	12.01	12.19	1695620	20862982.00
2021/08/30	11.95	12.29	11.73	11.89	1794084	21454692.00
2021/08/31	11.98	11.98	11.47	11.62	1689433	19638488.00
2021/09/01	11.72	11.79	11.10	11.13	1991886	22488302.00
2021/09/02	11.30	12.65	11.02	12.09	4462445	53366164.00
2021/09/03	12.01	12.57	11.70	11.78	2994956	36330180.00
2021/09/06	11.75	12.27	11.62	11.70	1775692	21135850.00
2021/09/07	11.61	11.89	11.41	11.61	1505285	17489172.00
2021/09/08	11.66	11.77	11.40	11.53	1122315	12975472.00
2021/09/09	11.51	11.60	11.22	11.29	1571082	17821118.00
2021/09/10	11.22	11.36	11.10	11.26	1184261	13309928.00
2021/09/13	11.35	11.35	10.88	10.98	1601002	17617244.00
2021/09/14	10.92	11.05	10.55	10.60	1211557	13073126.00
2021/09/15	10.60	11.10	10.60	10.93	1259761	13710902.00
2021/09/16	10.75	12.00	10.73	11.34	4052819	47095144.00
2021/09/17	11.25	12.28	11.19	11.85	3670511	43403056.00
2021/09/22	11.71	12.18	11.39	11.64	2321791	27221526.00
2021/09/23	11.64	11.84	11.08	11.22	2658742	30433472.00
2021/09/24	11.23	12.38	10.91	12.03	3721921	43620124.00
2021/09/27	12.06	12.09	10.06	10.26	4296820	46459440.00
2021/09/28	10.26	11.33	10.26	11.22	3425485	37111192.00
2021/09/29	11.33	11.34	10.34	10.35	2023902	21533448.00
2021/09/30	10.38	10.72	10.31	10.44	1179413	12386812.00
2021/10/08	10.44	10.69	10.14	10.26	1557141	16040254.00
2021/10/11	10.25	10.69	10.08	10.50	1137926	11809783.00
2021/10/12	10.51	10.51	9.90	10.04	1490916	15044923.00
2021/10/13	10.04	10.14	9.65	9.85	1018716	10032917.00
2021/10/14	9.86	10.47	9.85	10.14	1504771	15310919.00
2021/10/15	10.10	10.10	9.60	9.67	2416285	23520708.00
2021/10/18	9.70	10.01	9.66	9.94	1055253	10406153.00
2021/10/19	10.00	10.05	9.82	9.94	885960	8802131.00
2021/10/20	9.94	10.79	9.82	10.38	2399458	24910660.00
2021/10/21	10.32	10.35	10.01	10.01	1198717	12113133.00
2021/10/22	10.01	10.07	9.72	9.79	845658	8348219.00
2021/10/25	9.90	10.33	9.84	10.13	1428808	14470213.00
2021/10/26	10.03	10.23	10.00	10.12	1058987	10704795.00
2021/10/27	10.05	10.20	9.77	9.78	672686	6692951.00
2021/10/28	9.76	9.88	9.20	9.27	1101816	10332749.00
2021/10/29	9.31	9.60	9.20	9.35	733728	6846838.00
2021/11/01	9.88	9.88	9.43	9.67	969599	9369151.00
2021/11/02	9.88	9.88	9.35	9.41	1049135	10049772.00
2021/11/03	9.31	9.50	9.31	9.39	679094	6384017.00
2021/11/04	9.45	10.34	9.44	10.29	2626395	26441972.00
2021/11/05	10.34	10.50	10.12	10.20	1564709	16032411.00
2021/11/08	10.15	10.50	10.02	10.39	1644999	16965256.00
2021/11/09	10.43	10.96	10.12	10.29	2554764	26639868.00
2021/11/10	10.20	10.50	10.06	10.48	1411962	14471518.00
2021/11/11	10.31	10.94	10.31	10.79	2928272	31526852.00
2021/11/12	10.99	11.08	10.31	11.00	2374045	25509100.00
2021/11/15	10.86	11.08	10.80	10.94	1611289	17601608.00
2021/11/16	10.88	11.26	10.88	11.05	1254464	13876356.00
2021/11/17	11.05	11.60	10.81	11.33	2820976	31754676.00
2021/11/18	11.20	11.36	10.92	10.97	2196603	24450952.00
2021/11/19	11.13	12.49	11.01	11.90	4953332	58290040.00
2021/11/22	11.85	12.31	11.62	11.66	3825341	45397996.00
2021/11/23	11.60	11.76	11.46	11.48	1969355	22807558.00
2021/11/24	11.58	11.70	11.33	11.45	1409455	16191247.00
2021/11/25	11.45	11.52	11.02	11.51	1716020	19403576.00
2021/11/26	11.50	11.55	11.10	11.24	1468774	16495285.00
2021/11/29	11.00	11.68	10.92	11.64	2054409	23490732.00
2021/11/30	11.62	12.25	11.42	11.50	2242597	26400838.00
2021/12/01	11.74	11.79	11.39	11.48	1293530	14860319.00
2021/12/02	11.31	11.60	11.14	11.14	1702254	19344620.00
2021/12/03	11.15	11.31	11.05	11.14	1196644	13380402.00
2021/12/06	11.10	11.26	10.81	10.85	1059969	11626604.00
2021/12/07	10.93	10.93	10.37	10.45	1341812	14138084.00
2021/12/08	10.54	10.60	10.38	10.45	671967	7048787.00
2021/12/09	10.57	10.66	10.40	10.60	798093	8429617.00
2021/12/10	10.55	10.85	10.52	10.75	853589	9142298.00
2021/12/13	10.75	10.75	10.45	10.55	1021679	10810434.00
2021/12/14	10.56	10.65	10.46	10.57	757048	7984435.00
2021/12/15	10.65	10.66	10.52	10.53	552965	5842482.00
2021/12/16	10.60	10.79	10.60	10.70	1050614	11234546.00
2021/12/17	10.70	10.70	10.41	10.47	1002502	10525987.00
2021/12/20	10.44	10.63	10.03	10.04	1376077	14028870.00
2021/12/21	10.23	10.25	10.00	10.22	467606	4735355.00
2021/12/22	10.31	10.43	10.24	10.37	526696	5437157.00
2021/12/23	10.43	10.70	10.27	10.54	1413604	14887137.00
2021/12/24	10.58	10.66	10.00	10.05	1200693	12265876.00
2021/12/27	10.07	10.55	10.02	10.38	985628	10224745.00
2021/12/28	10.47	10.50	10.37	10.46	437817	4571044.00
2021/12/29	10.50	10.58	10.32	10.46	617110	6453001.00
2021/12/30	10.47	10.63	10.36	10.58	641153	6749558.00
2021/12/31	10.58	10.87	10.51	10.70	1552554	16576756.00
2022/01/04	10.88	10.88	10.65	10.71	947155	10153306.00
2022/01/05	10.68	10.76	10.40	10.52	795923	8387873.00
2022/01/06	10.48	10.75	10.48	10.58	701080	7455894.00
2022/01/07	10.53	10.74	10.33	10.38	773937	8141983.00
2022/01/10	10.39	10.63	10.33	10.52	612802	6448129.00
2022/01/11	10.46	10.67	10.42	10.47	575516	6056089.00
2022/01/12	10.56	10.87	10.48	10.71	1023389	10953379.00
2022/01/13	10.70	10.82	10.60	10.64	587878	6272277.00
2022/01/14	10.70	10.73	10.50	10.56	773596	8206419.00
2022/01/17	10.40	10.66	10.40	10.52	1090173	11479976.00
2022/01/18	10.60	10.60	10.14	10.15	1086489	11175992.00
2022/01/19	10.10	10.28	10.05	10.25	856448	8677869.00
2022/01/20	10.25	10.25	9.84	9.89	1781272	17860608.00
2022/01/21	9.89	10.02	9.78	9.89	687755	6815982.00
2022/01/24	9.92	10.01	9.85	9.97	389189	3862706.00
2022/01/25	9.88	9.99	9.40	9.42	829530	8031647.00
2022/01/26	9.56	9.72	9.44	9.70	595384	5697214.00
2022/01/27	9.60	9.75	9.46	9.47	470063	4494151.00
2022/01/28	9.67	9.75	9.44	9.64	465579	4479270.00
2022/02/07	9.80	9.80	9.52	9.63	507482	4904165.00
2022/02/08	9.74	9.95	9.61	9.92	436459	4281151.00
2022/02/09	9.93	10.02	9.86	9.99	511529	5091862.50
2022/02/10	10.00	10.00	9.83	9.86	636086	6288320.00
2022/02/11	9.85	9.85	9.56	9.61	568709	5487710.00
2022/02/14	9.54	9.72	9.48	9.54	356667	3414993.00
2022/02/15	9.60	9.65	9.41	9.57	311121	2967695.00
2022/02/16	9.58	9.76	9.57	9.71	426108	4132106.00
2022/02/17	9.71	9.81	9.59	9.68	477334	4631427.00
2022/02/18	9.68	9.79	9.55	9.71	298115	2873546.00
2022/02/21	9.60	9.79	9.59	9.78	346992	3366927.00
2022/02/22	9.78	9.78	9.53	9.65	351153	3381567.00
2022/02/23	9.75	9.84	9.66	9.80	488607	4766599.00
2022/02/24	9.73	9.85	9.50	9.51	924911	8927530.00
2022/02/25	9.68	9.77	9.55	9.61	439116	4240874.00
2022/02/28	9.72	9.73	9.48	9.69	467014	4493960.00
2022/03/01	9.77	9.77	9.62	9.69	456026	4428708.00
2022/03/02	9.62	9.96	9.62	9.87	609472	5991778.00
2022/03/03	9.87	10.04	9.80	9.96	636035	6310665.00
2022/03/04	9.88	10.49	9.80	10.25	1974829	20043556.00
2022/03/07	10.17	10.34	9.82	9.92	1111193	11176818.00
2022/03/08	9.99	10.00	9.49	9.49	769923	7468368.00
2022/03/09	9.65	9.69	9.00	9.45	975478	9168258.00
2022/03/10	9.70	9.75	9.55	9.69	422866	4082884.00
2022/03/11	9.60	9.70	9.30	9.68	498212	4737144.00
2022/03/14	9.55	10.07	9.51	9.88	714737	7050633.00
2022/03/15	9.81	9.96	9.21	9.33	771704	7400616.00
2022/03/16	9.50	9.52	9.00	9.41	745893	6891215.00
2022/03/17	9.47	9.78	9.44	9.63	583786	5615790.00
2022/03/18	9.64	9.80	9.59	9.75	425838	4133106.00
2022/03/21	9.60	9.85	9.60	9.79	360615	3514056.00
2022/03/22	9.78	9.88	9.64	9.80	356171	3482173.00
2022/03/23	9.88	9.94	9.70	9.82	458454	4494772.00
2022/03/24	9.80	9.80	9.61	9.71	411070	3975717.00
2022/03/25	9.82	10.16	9.73	9.92	1451321	14546111.00
2022/03/28	9.93	10.35	9.90	10.18	1460731	14818772.00
2022/03/29	10.18	10.28	9.68	9.81	1576609	15733734.00
2022/03/30	9.86	9.89	9.68	9.80	485043	4753795.00
2022/03/31	9.80	9.98	9.56	9.67	893692	8730519.00
2022/04/01	9.52	9.62	9.48	9.48	560212	5348064.00
2022/04/06	9.48	9.62	9.37	9.44	466905	4409988.00
2022/04/07	9.44	9.45	9.04	9.07	899104	8250687.00
2022/04/08	9.03	9.18	8.65	8.72	1278115	11213874.00
2022/04/11	8.80	8.80	8.32	8.44	585257	4962494.00
2022/04/12	8.46	8.69	8.18	8.55	516034	4370183.00
2022/04/13	8.52	8.58	8.38	8.40	321575	2718429.00
2022/04/14	8.49	8.53	8.23	8.27	271631	2263207.00
2022/04/15	8.27	8.27	8.00	8.01	474583	3843694.00
2022/04/18	8.01	8.20	7.70	8.03	767990	6069336.00
2022/04/19	8.15	8.21	8.00	8.04	332292	2685037.00
2022/04/20	8.12	8.20	7.85	7.95	493521	3948845.00
2022/04/21	7.88	8.02	7.54	7.55	455823	3538685.00
2022/04/22	7.51	7.64	7.41	7.45	392141	2940143.00
2022/04/25	7.41	7.58	6.63	6.63	1027496	7242481.00
2022/04/26	6.72	6.85	6.43	6.44	1012169	6767226.00
2022/04/27	6.40	6.70	6.29	6.66	603531	3924910.00
2022/04/28	6.72	6.90	6.54	6.61	445935	3001505.00
2022/04/29	6.69	7.20	6.59	7.07	660384	4579150.00
2022/05/05	7.14	7.55	7.14	7.47	949047	7049543.00
2022/05/06	7.47	7.50	7.21	7.40	644484	4764436.00
2022/05/09	7.50	7.69	7.40	7.52	413283	3122585.00
2022/05/10	7.48	7.81	7.32	7.74	544272	4166328.00
2022/05/11	7.87	8.20	7.70	7.91	887910	7138863.00
2022/05/12	7.81	8.10	7.74	7.96	573817	4515255.00
2022/05/13	7.96	8.00	7.73	7.82	513400	4025326.00
2022/05/16	7.85	8.42	7.85	8.29	1677464	13735995.00
2022/05/17	8.37	8.38	8.17	8.29	784045	6465323.00
2022/05/18	8.35	8.35	8.15	8.17	512429	4220211.00
2022/05/19	8.17	8.29	8.00	8.22	566903	4619622.00
2022/05/20	8.22	8.52	8.12	8.32	986390	8270006.00
2022/05/23	8.31	8.84	8.23	8.78	1110061	9612253.00
2022/05/24	8.78	8.78	8.30	8.30	1002576	8594873.00
2022/05/25	8.22	8.98	8.21	8.59	607485	5216305.00
2022/05/26	8.51	8.65	8.20	8.29	590539	4920738.00
2022/05/27	8.47	8.85	8.25	8.34	862781	7351151.00
2022/05/30	8.34	8.54	8.23	8.47	661348	5545787.00
2022/05/31	8.50	8.84	8.43	8.75	1342133	11599877.00
2022/06/01	8.66	9.21	8.66	9.20	1270910	11520802.00
2022/06/02	9.17	9.66	8.95	9.53	1655065	15540682.00
2022/06/06	9.46	9.79	9.41	9.71	1588807	15356875.00
2022/06/07	9.70	9.70	9.36	9.57	1103984	10528320.00
2022/06/08	9.50	9.87	9.05	9.28	1223166	11449930.00
2022/06/09	9.10	9.69	9.10	9.55	2075542	19500080.00
2022/06/10	9.40	9.40	9.20	9.29	1087851	10080146.00
2022/06/13	9.21	9.48	9.07	9.18	1039292	9554534.00
2022/06/14	9.18	9.30	8.88	9.16	1054126	9605352.00
2022/06/15	9.07	9.34	8.98	9.02	954117	8700012.00
2022/06/16	9.03	9.25	8.92	9.06	726819	6602875.00
2022/06/17	9.10	9.29	8.98	9.12	494612	4506167.00
2022/06/20	9.19	9.67	9.07	9.41	1407980	13213089.00
2022/06/21	9.42	9.57	9.11	9.33	684729	6371499.00
2022/06/22	9.16	9.33	8.88	8.88	794581	7157309.00
2022/06/23	8.89	9.22	8.89	9.16	682084	6215595.00
2022/06/24	9.16	9.46	9.15	9.41	644396	6028030.00
2022/06/27	9.46	9.91	9.37	9.89	2121070	20696580.00
2022/06/28	9.89	9.89	9.59	9.70	989604	9569287.00
2022/06/29	9.53	10.50	9.53	10.16	3575459	36582396.00
2022/06/30	10.11	10.20	9.52	9.66	3349389	32587684.00
2022/07/01	9.56	9.97	9.45	9.57	1595722	15409662.00
2022/07/04	9.52	9.68	9.00	9.04	2642311	24178864.00
2022/07/05	9.20	9.56	8.99	9.06	1441001	13316452.00
2022/07/06	9.06	9.24	8.93	8.95	998202	9018368.00
2022/07/07	9.16	9.16	8.82	9.01	729537	6509189.00
2022/07/08	9.04	9.19	8.96	9.00	636919	5767559.00
2022/07/11	9.20	9.20	8.80	9.00	839293	7486949.00
2022/07/12	9.01	9.09	8.62	8.70	895518	7880363.00
2022/07/13	8.62	9.00	8.51	8.81	920017	8083090.00
2022/07/14	8.82	9.14	8.80	9.08	1329440	11960560.00
2022/07/15	8.99	9.12	8.88	8.88	551997	4961625.00
2022/07/18	8.95	9.43	8.95	9.40	1370015	12646373.00
2022/07/19	9.41	11.28	9.27	10.80	9049579	93945808.00
2022/07/20	10.53	10.97	10.10	10.47	6599086	69100048.00
2022/07/21	10.56	10.56	10.00	10.03	3748382	38079840.00
2022/07/22	10.04	10.44	10.04	10.13	3211488	32840508.00
2022/07/25	10.25	10.43	9.90	10.00	2044954	20634520.00
2022/07/26	9.90	10.09	9.70	10.08	1879587	18609928.00
2022/07/27	10.08	10.45	10.00	10.37	2064526	21207520.00
2022/07/28	10.43	10.55	10.27	10.47	1639538	17097440.00
2022/07/29	10.65	10.85	10.45	10.67	2163698	23124416.00
2022/08/01	10.67	11.37	10.56	11.15	2708052	29955016.00
2022/08/02	11.10	11.19	10.40	10.41	2900044	31192340.00
2022/08/03	10.48	11.25	10.41	10.54	3061591	32979580.00
2022/08/04	10.61	10.78	10.35	10.75	2704214	28587804.00
2022/08/05	10.70	10.76	10.25	10.41	2828395	29510352.00
2022/08/08	10.38	10.57	10.21	10.50	1497367	15610621.00
2022/08/09	10.60	11.07	10.43	10.77	1794921	19284048.00
2022/08/10	10.90	10.90	10.60	10.77	1428016	15331737.00
2022/08/11	10.89	11.33	10.62	11.21	2155159	23913584.00
2022/08/12	11.19	11.58	10.92	10.93	2466995	27676216.00
2022/08/15	11.20	11.46	10.60	11.29	2877960	31921612.00
2022/08/16	11.37	11.93	11.16	11.49	3320738	38511396.00
2022/08/17	11.32	11.80	11.11	11.25	2543792	28848340.00
2022/08/18	11.18	11.97	11.10	11.56	3024681	35148040.00
2022/08/19	11.78	11.78	11.12	11.18	2259417	25661232.00
2022/08/22	11.10	11.29	10.72	10.72	2043796	22276252.00
2022/08/23	10.93	11.06	10.60	10.83	1335219	14379776.00
2022/08/24	10.87	10.90	10.15	10.21	1927557	19943944.00
2022/08/25	10.23	10.30	9.89	10.17	1225283	12360917.00
2022/08/26	10.17	10.35	9.84	9.86	897244	9039317.00
2022/08/29	10.01	10.27	9.78	10.26	962954	9752081.00
2022/08/30	10.25	10.37	9.96	10.13	784204	7921548.00
2022/08/31	10.04	10.08	9.55	9.58	970190	9451179.00
2022/09/01	9.91	9.94	9.41	9.45	721213	6890818.00
2022/09/02	9.50	9.68	9.47	9.63	427762	4107787.00
2022/09/05	9.56	9.79	9.56	9.69	594161	5752169.00
2022/09/06	9.74	9.95	9.55	9.70	670187	6468536.00
2022/09/07	9.77	9.90	9.65	9.76	855081	8362465.00
2022/09/08	9.86	9.92	9.45	9.47	696475	6691724.00
2022/09/09	9.68	9.68	9.27	9.33	640961	6000610.00
2022/09/13	9.38	9.65	9.35	9.49	519764	4925926.00
2022/09/14	9.42	9.49	9.30	9.33	539165	5049767.00
2022/09/15	9.49	9.49	8.92	8.98	586971	5332630.00
2022/09/16	9.16	9.16	8.69	8.80	440592	3892054.00
2022/09/19	8.75	8.90	8.47	8.58	402039	3490711.00
2022/09/20	8.84	8.84	8.62	8.73	305178	2677925.00
2022/09/21	8.72	8.88	8.54	8.78	596433	5203223.00
2022/09/22	8.88	9.13	8.75	8.89	457181	4099658.00
2022/09/23	8.98	8.99	8.64	8.66	275741	2415663.00
2022/09/26	8.77	8.77	8.31	8.32	453703	3839465.00
2022/09/27	8.40	8.75	8.38	8.70	411676	3541616.00
2022/09/28	8.71	8.90	8.40	8.46	548458	4732214.00
2022/09/29	8.50	8.65	8.24	8.24	481330	4027686.00
2022/09/30	8.20	8.39	8.05	8.06	368561	2996825.00
2022/10/10	8.06	8.27	7.84	7.87	461764	3698373.00
2022/10/11	7.80	8.25	7.70	8.06	764386	6106173.00
2022/10/12	8.06	8.34	7.77	8.24	647244	5182132.00
2022/10/13	8.29	8.65	8.13	8.46	898338	7574556.00
2022/10/14	8.53	8.74	8.45	8.65	907861	7831611.00
2022/10/17	8.61	9.52	8.61	9.40	1693218	15485401.00
2022/10/18	9.69	9.69	9.09	9.13	1748857	16190068.00
2022/10/19	9.17	9.17	8.95	9.00	974555	8780290.00
2022/10/20	9.07	9.07	8.90	8.91	722317	6465289.00
2022/10/21	9.06	9.07	8.88	8.96	548518	4926830.00
2022/10/24	9.05	9.17	8.84	8.95	918174	8275577.00
2022/10/25	9.08	9.08	8.66	8.91	937124	8257728.00
2022/10/26	8.92	9.42	8.92	9.24	1265856	11711385.00
2022/10/27	9.20	9.33	9.00	9.09	1050692	9577279.00
2022/10/28	9.15	9.15	8.74	8.80	1328580	11833365.00
2022/10/31	8.88	9.29	8.75	9.18	1165646	10660084.00
2022/11/01	9.25	9.47	9.08	9.34	971695	9064437.00
2022/11/02	9.39	9.50	9.30	9.38	1290823	12134562.00
2022/11/03	9.33	9.45	9.30	9.42	527042	4949106.00
2022/11/04	9.48	9.82	9.39	9.59	1206771	11632775.00
2022/11/07	9.65	10.07	9.54	9.90	1910079	18949050.00
2022/11/08	9.83	10.00	9.66	9.76	770698	7524865.00
2022/11/09	9.81	9.96	9.66	9.87	826949	8145276.00
2022/11/10	9.87	9.87	9.32	9.34	1809211	17185904.00
2022/11/11	9.38	9.61	9.20	9.20	1219106	11435807.00
2022/11/14	9.40	9.40	9.12	9.13	875734	8080360.00
2022/11/15	9.21	9.78	9.11	9.70	1820900	17292786.00
2022/11/16	9.80	9.80	9.36	9.43	1085728	10308309.00
2022/11/17	9.43	9.58	9.27	9.58	921114	8680913.00
2022/11/18	9.58	9.76	9.34	9.34	717441	6827144.00
2022/11/21	9.30	9.76	9.29	9.76	1008145	9627261.00
2022/11/22	9.75	9.77	9.37	9.46	865084	8276681.00
2022/11/23	9.51	9.51	9.16	9.32	827988	7692442.00
2022/11/24	9.40	9.59	9.36	9.48	669375	6362509.00
2022/11/25	9.60	9.60	9.23	9.31	748721	7017725.00
2022/11/28	9.35	9.43	8.93	8.98	1929291	17428492.00
2022/11/29	8.98	9.28	8.97	9.09	1480299	13530313.00
2022/11/30	9.11	9.25	8.95	8.96	1015000	9159511.00
2022/12/01	9.09	9.18	8.97	9.02	1353108	12268287.00
2022/12/02	9.05	9.16	8.97	9.05	787061	7139314.00
2022/12/05	9.05	9.16	8.86	9.00	1572648	14053751.00
2022/12/06	8.82	9.10	8.70	8.75	1404731	12327757.00
2022/12/07	8.73	8.84	8.63	8.75	833493	7292147.00
2022/12/08	8.83	8.86	8.56	8.56	776838	6697140.00
2022/12/09	8.61	8.67	8.49	8.50	592025	5065357.00
2022/12/12	8.56	8.68	8.35	8.65	882477	7518573.00
2022/12/13	8.64	8.64	8.35	8.39	1160089	9784382.00
2022/12/14	8.44	8.68	8.32	8.48	833915	7118509.00
2022/12/15	8.60	8.60	8.41	8.55	408369	3468065.00
2022/12/16	8.60	8.60	8.30	8.32	663815	5567998.00
2022/12/19	8.37	8.54	8.03	8.10	786613	6438797.00
2022/12/20	8.10	8.28	8.08	8.17	397661	3246616.00
2022/12/21	8.11	8.29	7.99	8.09	541053	4362150.00
2022/12/22	8.18	8.19	7.85	7.92	539912	4327948.00
2022/12/23	7.80	8.03	7.80	7.82	319669	2528779.00
2022/12/26	8.06	8.08	7.80	7.97	456665	3629608.00
2022/12/27	7.99	8.10	7.85	8.04	328840	2622369.00
2022/12/28	8.08	8.08	7.77	7.80	809489	6381772.00
2022/12/29	7.77	7.99	7.77	7.89	383674	3028432.00
2022/12/30	7.87	8.09	7.80	8.01	519106	4133048.00
2023/01/03	7.75	8.30	7.75	8.26	879939	7155669.00
2023/01/04	8.35	8.35	8.17	8.23	593584	4885858.00
2023/01/05	8.25	8.42	8.18	8.38	899739	7482249.00
2023/01/06	8.36	8.56	8.36	8.40	823982	6984692.00
2023/01/09	8.52	8.54	8.34	8.45	516797	4371331.00
2023/01/10	8.41	8.55	8.40	8.43	345768	2930769.00
2023/01/11	8.42	8.53	8.29	8.30	461692	3869314.00
2023/01/12	8.26	8.48	8.26	8.35	641197	5374946.00
2023/01/13	8.30	8.49	8.30	8.38	526510	4410123.00
2023/01/16	8.44	8.55	8.34	8.49	881072	7485057.00
2023/01/17	8.53	8.67	8.36	8.55	558611	4771662.00
2023/01/18	8.53	8.62	8.52	8.60	417267	3577141.00
2023/01/19	8.53	8.67	8.53	8.62	447182	3853130.00
2023/01/20	8.83	9.14	8.75	8.93	2054352	18378668.00
2023/01/30	9.09	9.16	8.99	9.10	1501407	13632730.00
2023/01/31	9.24	9.24	9.05	9.18	884027	8073107.00
2023/02/01	9.19	9.40	9.18	9.38	1025477	9550711.00
2023/02/02	9.47	9.74	9.29	9.64	1920234	18451342.00
2023/02/03	9.75	9.75	9.38	9.50	1248168	11865436.00
2023/02/06	9.55	9.70	9.39	9.54	904486	8657171.00
2023/02/07	9.57	9.78	9.43	9.71	1563322	15080694.00
2023/02/08	9.74	9.79	9.55	9.58	582808	5604541.00
2023/02/09	9.54	9.86	9.51	9.83	1049069	10252321.00
2023/02/10	9.80	9.85	9.59	9.65	797159	7727666.00
数据来源:通达信
