688073 毕得医药 日线 不复权
      日期	    开盘	    最高	    最低	    收盘	    成交量	    成交额
2022/10/11	72.22	75.48	66.00	67.41	5480767	379155200.00
2022/10/12	67.41	71.70	62.50	71.51	3606958	235721824.00
2022/10/13	69.50	79.99	67.50	77.62	4079576	303606688.00
2022/10/14	76.10	88.78	75.51	81.79	3318841	272850816.00
2022/10/17	80.20	83.00	75.88	78.60	2754077	219051232.00
2022/10/18	81.83	86.98	81.83	85.01	3318634	279431936.00
2022/10/19	85.99	88.55	84.00	86.50	1961907	170808304.00
2022/10/20	84.00	88.70	82.30	83.10	1349175	115255400.00
2022/10/21	81.00	86.59	80.20	86.36	1199420	99403136.00
2022/10/24	86.95	88.53	85.12	87.94	1394302	121594784.00
2022/10/25	87.05	89.60	82.01	86.92	1666678	142727360.00
2022/10/26	86.18	99.87	86.18	92.50	2446648	229542336.00
2022/10/27	91.29	93.79	87.50	88.58	1809600	162078960.00
2022/10/28	89.75	90.99	85.71	86.30	1279654	113850752.00
2022/10/31	86.56	93.40	86.30	92.05	1343765	121941840.00
2022/11/01	94.86	99.49	92.63	97.15	1861298	178815504.00
2022/11/02	96.18	98.50	93.60	95.00	1088853	104296960.00
2022/11/03	96.14	99.75	93.79	97.59	855928	83284032.00
2022/11/04	96.51	98.85	95.33	95.99	606523	58530324.00
2022/11/07	95.50	98.50	92.33	93.83	907247	85773648.00
2022/11/08	94.30	95.59	91.12	93.38	336736	31548108.00
2022/11/09	93.54	95.48	91.70	91.72	356376	33181786.00
2022/11/10	92.19	95.32	90.50	91.51	615939	57282204.00
2022/11/11	94.28	97.78	90.20	91.02	751916	70974720.00
2022/11/14	92.00	94.60	90.18	94.00	505654	46915864.00
2022/11/15	91.30	94.57	89.00	94.38	580557	53883256.00
2022/11/16	93.43	98.88	93.15	96.45	765189	74077784.00
2022/11/17	94.92	99.84	93.50	96.45	668003	65392984.00
2022/11/18	98.21	100.80	96.00	97.68	917852	90131488.00
2022/11/21	98.93	98.93	94.24	95.30	555921	53319576.00
2022/11/22	94.98	96.66	89.99	91.05	882675	81784512.00
2022/11/23	90.15	90.99	86.00	88.41	714936	62710360.00
2022/11/24	88.69	90.86	88.41	89.23	300560	26899608.00
2022/11/25	88.37	90.50	87.23	87.33	291494	25655176.00
2022/11/28	85.99	88.94	85.34	86.21	357910	30986596.00
2022/11/29	85.70	90.37	85.42	90.30	655753	58023776.00
2022/11/30	89.33	90.48	86.91	87.50	341366	29975148.00
2022/12/01	89.00	90.80	85.20	89.30	520083	45716496.00
2022/12/02	88.38	92.99	88.00	89.60	303102	27522608.00
2022/12/05	90.00	91.00	87.20	88.00	408455	36112108.00
2022/12/06	88.00	88.00	85.70	86.02	291949	25276800.00
2022/12/07	87.30	87.59	84.01	84.70	380453	32334588.00
2022/12/08	85.25	85.84	83.00	83.00	328069	27629412.00
2022/12/09	83.03	84.79	82.20	83.34	231578	19320920.00
2022/12/12	83.34	84.46	81.23	84.27	235988	19483458.00
2022/12/13	83.52	83.83	80.60	81.83	316101	25829402.00
2022/12/14	81.84	82.46	81.52	82.32	98396	8080561.00
2022/12/15	81.56	83.88	81.36	81.50	112029	9221459.00
2022/12/16	81.50	82.91	80.78	82.18	153334	12596679.00
2022/12/19	81.10	82.19	78.55	79.09	175014	14015860.00
2022/12/20	78.50	79.79	78.32	79.01	43490	3435760.00
2022/12/21	78.76	79.30	77.54	77.54	93307	7331549.00
2022/12/22	77.84	79.24	77.02	77.68	111676	8730507.00
2022/12/23	77.89	79.40	77.27	78.75	96166	7570332.00
2022/12/26	78.31	80.50	78.31	80.04	83527	6672606.00
2022/12/27	79.95	83.33	76.50	81.15	315137	25158632.00
2022/12/28	81.15	81.96	79.52	80.55	103884	8395270.00
2022/12/29	80.25	82.97	80.08	82.29	119099	9765066.00
2022/12/30	81.71	83.00	81.68	82.15	110531	9093231.00
2023/01/03	82.11	83.25	81.25	82.14	341041	27979640.00
2023/01/04	82.70	86.60	81.33	85.75	646950	54656408.00
2023/01/05	85.75	95.36	85.69	93.62	904328	82240360.00
2023/01/06	95.00	99.30	93.63	97.08	1257556	122184056.00
2023/01/09	97.46	99.75	96.46	98.11	529854	52221728.00
2023/01/10	99.26	105.58	97.85	103.14	859439	88110000.00
2023/01/11	104.27	108.80	101.85	104.99	651558	68860296.00
2023/01/12	106.68	107.79	102.87	106.17	629594	66141344.00
2023/01/13	105.23	110.88	105.23	108.79	480032	52066484.00
2023/01/16	110.33	129.99	110.33	124.69	1464922	181192640.00
2023/01/17	125.89	126.40	118.94	124.62	939700	115660832.00
2023/01/18	123.73	125.43	122.52	124.06	356578	44236100.00
2023/01/19	123.99	126.67	121.24	125.24	489816	60771912.00
2023/01/20	124.27	126.50	123.16	124.90	288034	35980328.00
2023/01/30	124.46	129.68	122.95	127.94	448232	56814920.00
2023/01/31	125.00	130.80	124.64	124.81	524043	66759456.00
2023/02/01	123.43	130.48	123.43	129.80	479781	61034656.00
2023/02/02	128.60	134.45	126.19	127.03	468029	60731304.00
2023/02/03	126.21	129.77	126.21	129.56	338216	43375440.00
2023/02/06	129.90	131.80	124.98	128.79	399048	50709840.00
2023/02/07	127.11	131.65	126.50	127.33	270695	34891312.00
2023/02/08	129.75	131.20	126.85	129.99	276438	35687852.00
2023/02/09	128.18	130.60	128.18	129.53	133406	17296656.00
2023/02/10	128.39	129.22	126.50	129.00	212716	27158306.00
数据来源:通达信
