605268 王力安防 日线 不复权
      日期	    开盘	    最高	    最低	    收盘	    成交量	    成交额
2021/02/24	12.38	14.86	12.38	14.86	1024904	15195849.00
2021/02/25	16.35	16.35	16.35	16.35	242376	3962847.50
2021/02/26	17.99	17.99	17.99	17.99	378529	6809736.50
2021/03/01	19.79	19.79	19.79	19.79	940724	18616928.00
2021/03/02	17.81	17.81	17.81	17.81	3392400	60418644.00
2021/03/03	16.04	18.66	16.04	16.93	30730321	517754656.00
2021/03/04	15.90	16.30	15.28	15.33	22879799	358224640.00
2021/03/05	14.95	15.30	14.40	14.90	15550124	229403920.00
2021/03/08	14.89	15.40	14.75	14.95	11400131	171405376.00
2021/03/09	14.82	14.86	13.80	14.01	10420634	148620624.00
2021/03/10	14.20	14.63	13.66	14.27	10394932	146963120.00
2021/03/11	14.27	14.45	14.03	14.31	7081274	101111104.00
2021/03/12	14.30	14.30	13.80	13.86	7071582	99109976.00
2021/03/15	13.86	14.16	13.69	13.99	4925315	68600880.00
2021/03/16	13.89	14.10	13.86	13.99	4377821	61194564.00
2021/03/17	13.91	14.60	13.83	14.38	9133249	130809112.00
2021/03/18	14.33	15.30	14.16	14.94	12361631	181158976.00
2021/03/19	14.61	15.30	14.55	14.97	11979627	179971776.00
2021/03/22	15.01	16.35	14.72	15.70	15430630	239167472.00
2021/03/23	15.40	15.59	14.77	14.97	11846633	180287744.00
2021/03/24	14.76	16.31	14.68	15.80	14216808	220428160.00
2021/03/25	15.69	16.29	15.37	15.39	11979892	188771424.00
2021/03/26	15.18	15.68	15.00	15.58	9444134	144939632.00
2021/03/29	15.48	15.90	15.20	15.22	8389200	129949880.00
2021/03/30	15.08	15.09	14.31	14.33	10474407	153149680.00
2021/03/31	14.46	14.69	14.34	14.55	5625375	81859400.00
2021/04/01	14.53	14.94	14.35	14.85	6330394	93490928.00
2021/04/02	14.98	16.34	14.90	16.34	14820599	238779920.00
2021/04/06	17.40	17.70	16.07	16.33	26394348	443482400.00
2021/04/07	16.06	17.96	16.06	17.96	23823133	414172704.00
2021/04/08	17.96	17.99	16.58	16.68	24037177	412085024.00
2021/04/09	16.50	17.45	16.15	16.88	15183330	253702400.00
2021/04/12	17.02	17.40	16.50	16.72	12267369	207779824.00
2021/04/13	16.40	16.85	15.71	15.92	11557052	186535136.00
2021/04/14	15.82	17.51	15.71	17.51	23791861	407260928.00
2021/04/15	17.59	19.26	17.55	19.26	20302214	382687360.00
2021/04/16	18.65	19.83	17.54	17.79	34791991	649493824.00
2021/04/19	18.16	19.21	17.58	18.03	20285085	368252096.00
2021/04/20	17.75	18.94	17.53	17.65	20017791	363363872.00
2021/04/21	17.13	17.42	16.60	17.20	12276392	209799280.00
2021/04/22	17.21	17.37	16.68	17.05	10269818	173772704.00
2021/04/23	17.03	17.03	15.88	16.01	14180551	230469744.00
2021/04/26	16.02	16.10	15.33	15.37	8968504	139623456.00
2021/04/27	15.26	15.78	15.17	15.64	7761657	120890272.00
2021/04/28	15.45	15.61	14.92	15.28	7221633	109708216.00
2021/04/29	15.15	15.57	15.05	15.10	4879021	74196784.00
2021/04/30	14.96	15.20	14.58	14.80	5447805	80902552.00
2021/05/06	14.85	15.16	14.76	15.01	3795176	56697784.00
2021/05/07	15.08	15.10	14.60	14.63	4942811	72842856.00
2021/05/10	14.63	14.74	14.39	14.51	3994643	57799888.00
2021/05/11	14.52	14.76	14.40	14.69	3559405	51990568.00
2021/05/12	14.71	15.19	14.60	15.15	5931638	88861336.00
2021/05/13	15.01	15.03	14.69	14.69	4533491	67195144.00
2021/05/14	14.68	14.96	14.68	14.81	3084677	45641620.00
2021/05/17	14.81	14.86	14.39	14.55	4290514	62242344.00
2021/05/18	14.60	14.75	14.48	14.63	2909646	42610416.00
2021/05/19	14.60	14.66	14.30	14.32	4031066	58117312.00
2021/05/20	14.29	14.54	14.01	14.50	3931053	55826024.00
2021/05/21	14.43	14.54	14.32	14.43	2394978	34590664.00
2021/05/24	14.41	14.56	14.28	14.55	2363711	34238816.00
2021/05/25	14.48	14.48	14.13	14.28	2761563	39397064.00
2021/05/26	14.39	14.58	14.22	14.54	3961846	57259252.00
2021/05/27	14.59	14.74	14.46	14.65	3944975	57638452.00
2021/05/28	14.55	14.65	14.32	14.34	3669024	52962656.00
2021/05/31	14.35	14.55	14.15	14.42	3529292	50527364.00
2021/06/01	14.38	15.07	14.26	14.97	8121675	120783984.00
2021/06/02	14.98	15.17	14.68	14.79	5178184	76839592.00
2021/06/03	14.79	15.13	14.70	14.75	4721993	70372808.00
2021/06/04	14.65	14.82	14.50	14.60	3666398	53610184.00
2021/06/07	14.50	14.65	14.37	14.62	2494313	36182360.00
2021/06/08	14.61	14.61	14.31	14.33	3219539	46316920.00
2021/06/09	14.44	14.44	14.22	14.25	1792201	25598390.00
2021/06/10	14.26	14.50	14.21	14.25	2308107	33082466.00
2021/06/11	14.37	14.40	14.22	14.24	2060277	29431016.00
2021/06/15	14.21	14.21	13.82	13.84	3063441	42632904.00
2021/06/16	13.82	13.95	13.44	13.64	3612204	49313388.00
2021/06/17	13.53	13.72	13.52	13.65	1679252	22882170.00
2021/06/18	13.69	13.97	13.59	13.89	2106912	29176984.00
2021/06/21	13.86	13.88	13.74	13.82	1721485	23738828.00
2021/06/22	13.85	14.10	13.80	13.97	2037764	28427772.00
2021/06/23	13.98	14.05	13.80	13.88	1895623	26279094.00
2021/06/24	13.92	13.92	13.52	13.52	2777210	37789716.00
2021/06/25	13.52	13.63	13.42	13.60	1808756	24462458.00
2021/06/28	13.60	13.60	13.50	13.54	1358703	18390652.00
2021/06/29	13.58	13.63	13.35	13.37	1687865	22758234.00
2021/06/30	13.45	14.10	13.45	13.80	4528703	62778940.00
2021/07/01	13.82	13.88	13.58	13.77	2296605	31510424.00
2021/07/02	13.71	13.97	13.52	13.80	2821893	38803952.00
2021/07/05	13.81	13.85	13.67	13.70	1520778	20884476.00
2021/07/06	13.70	13.75	13.55	13.65	1576242	21488470.00
2021/07/07	13.60	13.72	13.55	13.66	1333607	18207166.00
2021/07/08	13.63	13.72	13.31	13.35	2251100	30352200.00
2021/07/09	13.33	13.42	13.26	13.36	1529898	20402448.00
2021/07/12	13.40	13.43	13.32	13.35	1604307	21435764.00
2021/07/13	13.33	13.33	13.16	13.24	2249101	29715062.00
2021/07/14	13.23	13.25	12.90	12.93	3033037	39553108.00
2021/07/15	12.92	12.96	12.58	12.70	3019098	38456840.00
2021/07/16	12.73	13.07	12.73	12.87	2059677	26563786.00
2021/07/19	12.75	13.32	12.74	13.26	2569465	33483152.00
2021/07/20	13.16	13.43	13.05	13.21	2276343	30130972.00
2021/07/21	13.16	13.29	13.11	13.19	1382886	18229608.00
2021/07/22	13.20	13.25	12.78	12.87	2654497	34322024.00
2021/07/23	12.90	12.90	12.61	12.66	1755849	22263214.00
2021/07/26	12.62	12.62	12.16	12.31	2114365	26133280.00
2021/07/27	12.30	12.38	12.17	12.17	1556839	19081422.00
2021/07/28	12.17	12.17	11.63	11.71	2065393	24366624.00
2021/07/29	11.78	11.94	11.68	11.79	1344188	15859183.00
2021/07/30	11.90	11.96	11.76	11.83	1214731	14382536.00
2021/08/02	11.83	12.06	11.58	12.04	1882720	22281050.00
2021/08/03	12.07	12.29	11.92	11.97	1734240	20937310.00
2021/08/04	12.00	12.23	11.95	12.13	1547931	18721178.00
2021/08/05	12.10	13.34	11.92	13.34	7797073	100565104.00
2021/08/06	13.33	13.96	12.90	13.48	10185498	136180256.00
2021/08/09	13.30	14.19	13.17	13.85	8303696	113793288.00
2021/08/10	13.92	14.08	13.61	13.69	5039129	69624680.00
2021/08/11	13.67	14.31	13.67	14.07	6766728	95322544.00
2021/08/12	13.98	14.28	13.58	14.07	5516200	77123304.00
2021/08/13	13.93	15.22	13.93	15.00	11697903	172256576.00
2021/08/16	15.20	15.94	14.66	15.60	9708460	148996224.00
2021/08/17	15.60	15.80	14.85	15.04	6169798	94134512.00
2021/08/18	14.70	14.80	14.05	14.15	8273657	118133024.00
2021/08/19	14.15	14.30	13.80	13.90	3656527	51141824.00
2021/08/20	13.90	14.16	13.50	13.71	3367453	46347600.00
2021/08/23	13.59	14.56	13.59	14.40	5921569	84174928.00
2021/08/24	14.41	14.46	14.04	14.06	2826000	40114640.00
2021/08/25	14.05	14.38	13.83	14.32	3159354	44820480.00
2021/08/26	14.34	14.35	14.02	14.02	2279740	32157760.00
2021/08/27	13.95	14.43	13.86	14.34	3513580	49798640.00
2021/08/30	14.29	14.30	12.91	12.91	8746507	115758568.00
2021/08/31	12.63	12.78	12.10	12.36	7705429	95283704.00
2021/09/01	12.34	12.53	12.25	12.34	3018926	37347252.00
2021/09/02	12.39	12.55	12.26	12.50	2427368	30147528.00
2021/09/03	12.50	12.75	12.48	12.66	2198621	27774724.00
2021/09/06	12.69	12.77	12.50	12.55	2360450	29762490.00
2021/09/07	12.52	12.68	12.52	12.62	1936928	24415818.00
2021/09/08	12.66	13.12	12.58	12.79	2418346	31077520.00
2021/09/09	12.85	12.86	12.68	12.77	1666021	21266000.00
2021/09/10	12.83	12.83	12.50	12.62	1863663	23592108.00
2021/09/13	12.62	12.77	12.51	12.63	1487121	18753172.00
2021/09/14	12.63	12.63	12.32	12.40	1833097	22884500.00
2021/09/15	12.35	12.76	12.35	12.56	2415834	30381330.00
2021/09/16	12.63	12.64	12.36	12.37	1694595	21112148.00
2021/09/17	12.34	12.41	12.12	12.25	1649568	20190786.00
2021/09/22	12.04	12.16	11.86	11.89	2936069	35046264.00
2021/09/23	11.80	12.11	11.78	12.07	1247900	15007442.00
2021/09/24	12.06	12.07	11.92	11.94	1223097	14652560.00
2021/09/27	12.00	12.06	11.75	11.80	1371400	16222060.00
2021/09/28	11.82	12.15	11.80	12.12	1834227	21995870.00
2021/09/29	12.12	12.20	11.90	11.90	1471567	17717700.00
2021/09/30	11.93	12.16	11.93	12.06	1335709	16056158.00
2021/10/08	12.15	12.54	12.08	12.40	2213197	27191924.00
2021/10/11	12.41	12.44	12.20	12.30	1111927	13708399.00
2021/10/12	12.33	12.35	12.05	12.10	1048333	12738422.00
2021/10/13	12.10	12.24	12.04	12.18	1050705	12760113.00
2021/10/14	12.21	12.28	12.10	12.17	900400	10965039.00
2021/10/15	12.17	12.17	11.80	11.86	2421762	28917594.00
2021/10/18	11.88	11.92	11.77	11.88	986642	11681094.00
2021/10/19	11.88	11.98	11.79	11.96	800698	9554923.00
2021/10/20	11.96	11.99	11.87	11.88	734372	8744654.00
2021/10/21	11.84	11.95	11.78	11.79	1080400	12769487.00
2021/10/22	11.82	12.16	11.79	12.07	1964660	23634890.00
2021/10/25	11.87	11.96	11.76	11.81	1720665	20330812.00
2021/10/26	11.65	11.84	11.62	11.82	1276610	15019801.00
2021/10/27	11.80	11.80	11.52	11.53	1411859	16461842.00
2021/10/28	11.58	11.58	11.10	11.15	1688540	18954888.00
2021/10/29	11.13	11.32	11.13	11.23	767525	8633131.00
2021/11/01	11.23	11.37	11.12	11.32	806200	9074818.00
2021/11/02	11.26	11.55	11.20	11.24	1338293	15160768.00
2021/11/03	11.24	11.30	11.15	11.29	1067842	11976903.00
2021/11/04	11.29	11.43	11.23	11.35	1200002	13591961.00
2021/11/05	11.32	11.49	11.27	11.40	1079621	12282010.00
2021/11/08	11.45	11.58	11.42	11.51	1210226	13912716.00
2021/11/09	11.51	11.57	11.42	11.54	1027351	11812231.00
2021/11/10	11.46	11.62	11.40	11.59	1100982	12666710.00
2021/11/11	11.59	11.93	11.50	11.80	2130015	25050744.00
2021/11/12	11.78	11.85	11.68	11.79	1571142	18461138.00
2021/11/15	11.77	12.15	11.72	12.15	2507723	30257392.00
2021/11/16	12.17	12.20	12.00	12.03	1721300	20779534.00
2021/11/17	12.08	12.14	11.98	12.14	1185259	14287333.00
2021/11/18	12.14	12.14	11.80	11.81	2026400	24158862.00
2021/11/19	11.82	12.15	11.80	12.15	2070749	24785386.00
2021/11/22	12.08	12.20	11.91	11.96	2687900	32266022.00
2021/11/23	11.96	12.00	11.74	11.80	2454742	29059360.00
2021/11/24	11.78	12.14	11.77	12.02	2599217	31186568.00
2021/11/25	12.22	12.40	12.02	12.06	2519179	30673872.00
2021/11/26	12.02	12.10	11.89	11.93	1349039	16110070.00
2021/11/29	11.79	11.84	11.59	11.64	2219960	25996716.00
2021/11/30	11.68	12.00	11.68	11.81	2366899	28063836.00
2021/12/01	11.78	12.00	11.71	11.94	1355742	16146977.00
2021/12/02	11.92	11.95	11.78	11.82	1427000	16907800.00
2021/12/03	11.82	11.87	11.70	11.83	1332361	15710698.00
2021/12/06	11.84	11.90	11.44	11.47	3984019	46058828.00
2021/12/07	11.52	12.62	11.52	12.62	9849225	121263392.00
2021/12/08	12.72	13.00	12.30	12.52	12283203	154354928.00
2021/12/09	12.60	13.48	12.52	12.91	11719232	151937872.00
2021/12/10	12.75	12.95	12.55	12.81	5488967	69856608.00
2021/12/13	12.85	13.00	12.61	12.76	4577147	58386464.00
2021/12/14	12.68	12.79	12.50	12.69	3347214	42288312.00
2021/12/15	12.80	12.80	12.50	12.62	2972789	37405944.00
2021/12/16	12.62	12.96	12.51	12.82	4253084	54307336.00
2021/12/17	12.83	13.23	12.61	12.94	5231942	67415032.00
2021/12/20	13.08	13.37	12.65	12.65	4107684	53119240.00
2021/12/21	12.65	12.95	12.51	12.73	4238287	53976588.00
2021/12/22	12.76	12.88	12.58	12.82	3313014	42253324.00
2021/12/23	12.79	12.92	12.61	12.64	2381100	30280484.00
2021/12/24	12.64	12.64	12.10	12.55	3317701	41200848.00
2021/12/27	12.40	12.85	12.38	12.69	2492807	31580956.00
2021/12/28	12.70	12.72	12.53	12.64	1860236	23441506.00
2021/12/29	12.64	12.64	12.40	12.53	1659542	20744588.00
2021/12/30	12.51	12.58	12.46	12.48	1620300	20247440.00
2021/12/31	12.54	12.97	12.48	12.83	5314359	68241600.00
2022/01/04	12.84	13.25	12.77	13.24	4826012	62973880.00
2022/01/05	13.33	13.94	13.04	13.66	8210830	110269456.00
2022/01/06	13.38	14.08	13.18	13.59	6304990	86067712.00
2022/01/07	13.52	13.79	13.34	13.34	3166603	42806016.00
2022/01/10	13.20	13.46	13.11	13.34	2125200	28303452.00
2022/01/11	13.34	13.53	13.18	13.32	2417000	32246500.00
2022/01/12	13.32	13.39	13.16	13.32	2084400	27594526.00
2022/01/13	13.26	13.37	13.05	13.09	1994600	26308162.00
2022/01/14	13.13	13.16	12.88	12.91	1474808	19189224.00
2022/01/17	12.92	13.29	12.85	13.23	2180203	28451814.00
2022/01/18	13.17	13.20	12.88	13.01	1960049	25440542.00
2022/01/19	13.08	13.16	12.81	13.10	1565301	20401056.00
2022/01/20	13.03	13.90	12.93	13.59	5566256	74610976.00
2022/01/21	13.60	13.60	12.96	12.99	3531103	46657888.00
2022/01/24	12.95	12.99	12.40	12.58	2432214	30562554.00
2022/01/25	12.50	12.52	11.78	11.80	2560484	30857488.00
2022/01/26	11.82	12.07	11.70	11.94	1174724	13933265.00
2022/01/27	11.99	12.00	11.75	11.79	946900	11182048.00
2022/01/28	11.81	12.04	11.76	11.92	961687	11464010.00
2022/02/07	12.05	12.27	12.02	12.11	681614	8280398.00
2022/02/08	12.13	12.36	12.13	12.27	958190	11744327.00
2022/02/09	12.22	12.36	12.21	12.26	1586727	19466760.00
2022/02/10	12.28	12.30	12.15	12.27	989007	12098985.00
2022/02/11	12.20	12.25	11.95	12.00	1451219	17518658.00
2022/02/14	11.95	13.20	11.93	12.65	5527541	70120240.00
2022/02/15	12.65	12.79	12.18	12.38	2316400	28705908.00
2022/02/16	12.45	12.97	12.23	12.71	2080349	26333078.00
2022/02/17	12.74	13.05	12.43	12.71	2290904	29050502.00
2022/02/18	12.58	12.73	12.47	12.59	1554700	19566364.00
2022/02/21	12.57	12.63	12.50	12.60	1142200	14359016.00
2022/02/22	12.56	12.72	12.40	12.44	1519136	18986008.00
2022/02/23	12.40	12.50	12.30	12.43	1637100	20303580.00
2022/02/24	12.44	12.48	11.88	11.91	2475300	29965168.00
2022/02/25	11.97	12.13	11.93	11.95	766100	9208671.00
2022/02/28	12.00	12.33	11.78	12.08	1168623	14048421.00
2022/03/01	12.25	12.68	12.09	12.22	2556243	31585604.00
2022/03/02	12.08	12.22	12.00	12.09	1621700	19602498.00
2022/03/03	12.11	12.23	12.03	12.11	970107	11739105.00
2022/03/04	12.02	12.26	12.02	12.20	1193319	14454709.00
2022/03/07	12.11	12.19	11.98	12.10	1139619	13742466.00
2022/03/08	12.00	12.10	11.67	11.78	1438293	16980066.00
2022/03/09	11.79	11.89	11.02	11.51	1398790	16042640.00
2022/03/10	11.65	11.90	11.60	11.69	997790	11718259.00
2022/03/11	11.60	11.80	11.40	11.66	1027000	11900402.00
2022/03/14	11.54	11.75	11.52	11.65	794600	9248833.00
2022/03/15	11.73	11.73	11.22	11.26	1578901	17995924.00
2022/03/16	11.38	11.49	11.11	11.42	1230819	13903229.00
2022/03/17	11.53	11.70	11.45	11.45	1356301	15696780.00
2022/03/18	11.40	12.40	11.33	11.84	2301690	27283444.00
2022/03/21	11.81	11.93	11.65	11.83	1269116	15022465.00
2022/03/22	11.79	12.33	11.70	12.03	1962146	23595032.00
2022/03/23	12.03	12.12	11.83	11.88	1076390	12835368.00
2022/03/24	11.82	11.87	11.71	11.75	818114	9617966.00
2022/03/25	11.75	11.88	11.72	11.75	618311	7288292.00
2022/03/28	11.80	11.80	11.58	11.66	617016	7197286.00
2022/03/29	11.80	11.99	11.70	11.75	668800	7878609.00
2022/03/30	11.76	11.93	11.75	11.86	746897	8858742.00
2022/03/31	11.88	12.33	11.82	12.13	2156394	26053962.00
2022/04/01	12.03	12.16	11.92	11.97	953107	11443536.00
2022/04/06	12.00	12.21	11.86	12.16	1375558	16540705.00
2022/04/07	12.15	12.16	11.93	11.98	975081	11720049.00
2022/04/08	11.97	12.03	11.78	11.97	768921	9144660.00
2022/04/11	11.90	12.13	11.84	11.95	1254421	15007609.00
2022/04/12	11.99	11.99	11.76	11.95	1024821	12192044.00
2022/04/13	11.92	11.92	11.60	11.81	982714	11532572.00
2022/04/14	11.82	11.86	11.72	11.80	544800	6423728.00
2022/04/15	11.71	11.75	11.38	11.49	720700	8335218.00
2022/04/18	11.49	11.56	11.35	11.53	475884	5454100.00
2022/04/19	11.55	11.75	11.48	11.56	795700	9230718.00
2022/04/20	11.65	11.66	11.41	11.48	448600	5181970.00
2022/04/21	11.48	11.52	11.11	11.28	835014	9426178.00
2022/04/22	11.01	11.48	10.15	10.15	3738020	38621324.00
2022/04/25	9.80	9.88	9.30	9.33	1848008	17631952.00
2022/04/26	9.33	9.37	8.62	8.62	1906142	17189830.00
2022/04/27	8.51	8.90	8.00	8.85	1847537	15881520.00
2022/04/28	8.85	8.86	8.58	8.71	1155700	10094310.00
2022/04/29	8.72	9.11	8.59	8.96	1649349	14697190.00
2022/05/05	8.94	9.36	8.90	9.21	1142978	10515916.00
2022/05/06	8.98	9.52	8.90	9.09	1204600	11012745.00
2022/05/09	9.39	9.39	9.09	9.25	781042	7205685.00
2022/05/10	9.19	9.54	9.11	9.40	1184807	11083811.00
2022/05/11	9.50	9.56	9.23	9.23	924591	8706388.00
2022/05/12	9.12	9.38	9.12	9.35	911900	8489117.00
2022/05/13	9.36	9.48	9.25	9.35	645800	6050063.00
2022/05/16	9.45	9.47	9.29	9.31	504800	4733503.00
2022/05/17	9.37	9.37	9.16	9.19	591100	5449454.00
2022/05/18	9.29	9.45	9.22	9.38	1013708	9505360.00
2022/05/19	9.24	9.36	9.19	9.23	815618	7539867.00
2022/05/20	9.35	9.43	9.24	9.41	1139438	10653269.00
2022/05/23	9.47	9.59	9.39	9.57	1544289	14627155.00
2022/05/24	9.58	9.68	9.00	9.14	1913900	17798412.00
2022/05/25	9.16	9.60	9.13	9.51	1367900	12804115.00
2022/05/26	9.48	9.68	9.21	9.62	1654000	15731574.00
2022/05/27	9.60	9.70	9.36	9.67	1167600	11109922.00
2022/05/30	9.65	9.85	9.45	9.70	2157926	20873572.00
2022/05/31	9.90	10.05	9.12	9.27	6314960	58972140.00
2022/06/01	9.39	9.39	9.13	9.18	2282739	21074336.00
2022/06/02	9.18	9.30	9.00	9.23	2023200	18579760.00
2022/06/06	9.24	9.40	9.20	9.34	1780558	16628361.00
2022/06/07	9.38	9.42	9.23	9.27	1364104	12701014.00
2022/06/08	9.35	9.35	9.06	9.19	1140300	10483979.00
2022/06/09	9.17	9.22	9.07	9.08	727678	6634927.00
2022/06/10	9.08	9.16	9.03	9.10	927540	8440275.00
2022/06/13	9.18	9.45	9.10	9.14	1007800	9243306.00
2022/06/14	9.16	9.16	8.94	9.10	1228939	11112920.00
2022/06/15	9.10	9.22	9.04	9.13	1125500	10300710.00
2022/06/16	9.13	9.27	9.06	9.24	1067000	9823653.00
2022/06/17	9.18	9.24	9.03	9.15	816800	7460476.00
2022/06/20	9.16	9.39	9.07	9.39	1966400	18350120.00
2022/06/21	9.41	10.33	9.38	10.04	6979036	69521736.00
2022/06/22	9.73	10.13	9.65	9.67	4014079	39405184.00
2022/06/23	9.52	9.75	9.48	9.60	2001597	19144126.00
2022/06/24	9.61	9.74	9.53	9.67	1473593	14209671.00
2022/06/27	9.67	9.76	9.62	9.69	1043400	10105617.00
2022/06/28	9.75	10.59	9.55	10.11	3899496	39300680.00
2022/06/29	10.12	11.12	9.92	11.12	8513294	90753416.00
2022/06/30	11.30	11.30	10.61	10.97	7293965	79328432.00
2022/07/01	10.76	10.80	10.40	10.60	3959984	41891560.00
2022/07/04	10.54	10.85	10.40	10.64	3187900	33775048.00
2022/07/05	10.64	10.64	9.80	10.27	2638784	27125296.00
2022/07/06	10.20	10.40	10.03	10.23	1593918	16325840.00
2022/07/07	10.15	10.29	9.92	10.03	2272001	22873306.00
2022/07/08	10.09	10.50	10.02	10.24	2138304	21962562.00
2022/07/11	10.08	10.41	10.01	10.12	1679718	17067376.00
2022/07/12	10.10	10.15	9.78	9.78	1606500	15927776.00
2022/07/13	9.88	9.95	9.78	9.95	1043077	10294750.00
2022/07/14	9.95	10.11	9.78	10.07	1050623	10523314.00
2022/07/15	9.91	10.10	9.41	9.59	3145738	30430064.00
2022/07/18	9.75	10.55	9.62	10.40	6145054	63640528.00
2022/07/19	10.42	10.53	10.06	10.23	4204883	43095956.00
2022/07/20	10.33	11.24	10.21	10.96	10513444	115396864.00
2022/07/21	11.12	11.15	10.53	10.58	2556400	27423834.00
2022/07/22	10.66	10.74	10.40	10.46	1558900	16393795.00
2022/07/25	10.55	10.74	10.33	10.54	1264500	13340213.00
2022/07/26	10.36	10.62	10.35	10.57	966000	10147302.00
2022/07/27	10.53	10.58	10.41	10.50	940549	9851628.00
2022/07/28	10.49	10.66	10.48	10.56	861400	9104702.00
2022/07/29	10.60	10.60	10.38	10.42	676200	7063078.00
2022/08/01	10.31	10.49	10.21	10.22	1252246	12910750.00
2022/08/02	10.20	10.20	9.60	9.74	1676349	16494708.00
2022/08/03	9.78	10.08	9.66	9.74	1264707	12499399.00
2022/08/04	9.83	9.87	9.67	9.80	721000	7030404.00
2022/08/05	9.87	9.87	9.74	9.85	664007	6514893.00
2022/08/08	9.74	10.10	9.74	10.07	821300	8198418.00
2022/08/09	10.25	10.49	10.07	10.07	1154442	11827863.00
2022/08/10	10.06	10.17	10.00	10.10	663500	6686760.00
2022/08/11	10.14	10.29	10.12	10.21	640942	6540820.00
2022/08/12	10.11	10.26	10.11	10.14	468100	4764315.00
2022/08/15	10.37	10.45	10.10	10.23	812900	8295716.00
2022/08/16	10.26	10.27	10.08	10.14	611600	6206886.00
2022/08/17	10.14	10.22	10.11	10.22	503700	5131516.00
2022/08/18	10.25	10.27	10.10	10.18	526907	5349352.00
2022/08/19	10.22	10.30	10.00	10.01	1218700	12349413.00
2022/08/22	9.98	10.09	9.70	9.98	600497	5960312.00
2022/08/23	9.99	10.06	9.83	9.92	866991	8575211.00
2022/08/24	10.00	10.02	9.70	9.72	686201	6716269.00
2022/08/25	9.76	9.88	9.63	9.67	517000	5016468.00
2022/08/26	9.72	9.79	9.60	9.67	364007	3534050.00
2022/08/29	9.70	9.88	9.42	9.81	790252	7679733.00
2022/08/30	9.81	10.04	9.71	9.94	832759	8233541.00
2022/08/31	9.89	9.97	9.66	9.72	622200	6098365.00
2022/09/01	9.67	9.84	9.65	9.72	509800	4965154.00
2022/09/02	9.69	9.84	9.69	9.82	298600	2919394.00
2022/09/05	9.84	9.90	9.72	9.80	326300	3193217.00
2022/09/06	9.85	9.93	9.68	9.77	1256100	12289001.00
2022/09/07	9.71	9.86	9.67	9.78	645000	6286032.00
2022/09/08	9.78	9.80	9.64	9.68	372300	3607040.00
2022/09/09	9.68	9.83	9.65	9.73	427100	4159647.00
2022/09/13	9.73	9.90	9.71	9.78	1112800	10885562.00
2022/09/14	9.66	9.81	9.47	9.50	2252799	21616700.00
2022/09/15	9.52	9.54	9.06	9.12	1660100	15362071.00
2022/09/16	9.24	9.25	8.85	8.85	1216100	10970182.00
2022/09/19	8.82	8.84	8.54	8.70	823600	7157424.00
2022/09/20	8.89	8.96	8.76	8.87	622042	5517262.00
2022/09/21	8.89	9.04	8.69	8.98	816184	7267829.00
2022/09/22	8.98	9.01	8.82	8.83	485800	4323233.00
2022/09/23	8.90	8.94	8.53	8.55	745284	6466654.00
2022/09/26	8.55	8.69	8.34	8.39	783500	6622073.00
2022/09/27	8.47	8.75	8.35	8.74	628519	5408540.00
2022/09/28	8.63	8.79	8.53	8.55	601100	5189237.00
2022/09/29	8.69	8.69	8.34	8.36	679213	5746194.00
2022/09/30	8.37	8.49	8.30	8.36	557400	4673611.00
2022/10/10	8.37	8.48	8.15	8.25	454200	3752094.00
2022/10/11	8.22	8.24	8.07	8.15	405442	3296683.00
2022/10/12	8.15	8.39	8.08	8.36	341900	2814729.00
2022/10/13	8.38	8.98	8.32	8.63	1205984	10467370.00
2022/10/14	8.59	8.77	8.50	8.66	1117195	9679064.00
2022/10/17	8.64	8.89	8.51	8.86	847400	7451764.00
2022/10/18	8.74	8.89	8.74	8.79	411407	3624672.00
2022/10/19	8.81	8.82	8.68	8.70	433500	3785655.00
2022/10/20	8.69	8.78	8.59	8.65	465542	4047565.00
2022/10/21	8.60	8.81	8.60	8.66	477642	4158764.00
2022/10/24	8.74	8.83	8.46	8.46	642742	5561566.00
2022/10/25	8.59	8.69	8.37	8.47	567600	4807654.00
2022/10/26	8.47	8.80	8.46	8.77	917860	7975933.00
2022/10/27	8.73	8.91	8.73	8.84	883700	7805913.00
2022/10/28	8.74	9.18	8.51	8.51	966442	8402399.00
2022/10/31	8.55	8.66	8.45	8.51	615900	5262704.00
2022/11/01	8.52	8.77	8.51	8.75	710200	6166665.00
2022/11/02	8.70	8.89	8.67	8.82	794700	7023802.00
2022/11/03	8.77	8.88	8.74	8.82	603951	5313387.00
2022/11/04	8.83	8.91	8.75	8.87	834954	7391785.00
2022/11/07	8.87	9.07	8.87	9.01	1164419	10441967.00
2022/11/08	9.03	9.03	8.88	8.93	644800	5748006.00
2022/11/09	8.94	9.05	8.89	8.97	639921	5744726.00
2022/11/10	9.02	9.04	8.83	8.99	641800	5745367.00
2022/11/11	9.08	9.41	9.08	9.11	2042100	18864222.00
2022/11/14	9.19	9.79	9.19	9.34	3762914	35449232.00
2022/11/15	9.30	9.40	9.12	9.36	1465853	13682958.00
2022/11/16	9.33	9.36	9.20	9.27	1189653	11027897.00
2022/11/17	9.29	9.31	9.08	9.23	896100	8236640.00
2022/11/18	9.20	9.30	9.11	9.13	923566	8512297.00
2022/11/21	9.26	9.27	9.01	9.25	957542	8812940.00
2022/11/22	9.25	9.36	9.22	9.26	1161266	10783236.00
2022/11/23	9.25	9.25	9.11	9.17	700842	6414619.00
2022/11/24	9.18	9.40	9.12	9.26	1129300	10481114.00
2022/11/25	9.30	9.32	9.12	9.20	1710342	15775227.00
2022/11/28	9.10	9.10	8.92	9.00	1709700	15381705.00
2022/11/29	9.21	9.41	9.10	9.30	3031219	28088280.00
2022/11/30	9.33	9.40	9.12	9.20	1945353	17980356.00
2022/12/01	9.24	9.30	9.02	9.11	1752307	16023099.00
2022/12/02	9.10	9.23	9.06	9.20	1127200	10346188.00
2022/12/05	9.21	9.30	9.19	9.25	1188900	10996253.00
2022/12/06	9.29	10.18	9.29	10.18	15386095	154664528.00
2022/12/07	9.88	10.28	9.75	10.02	10978032	109473496.00
2022/12/08	9.99	10.02	9.68	9.75	5403306	53086316.00
2022/12/09	9.79	10.73	9.79	10.13	15422994	156773056.00
2022/12/12	10.16	10.73	9.86	10.33	10421274	107158560.00
2022/12/13	10.30	10.61	10.07	10.36	6003966	61939424.00
2022/12/14	10.25	10.36	10.12	10.18	3710499	37874920.00
2022/12/15	10.24	10.39	9.93	10.00	3894000	39119020.00
2022/12/16	10.00	10.06	9.84	9.87	2750200	27260712.00
2022/12/19	9.86	9.99	9.68	9.83	2567300	25186024.00
2022/12/20	9.76	9.78	9.38	9.41	3177200	30147870.00
2022/12/21	9.50	9.78	9.41	9.55	2826800	27121090.00
2022/12/22	9.69	9.91	9.42	9.42	2245499	21688092.00
2022/12/23	9.48	9.60	9.22	9.31	1950600	18336676.00
2022/12/26	9.39	9.41	9.20	9.28	1693900	15714885.00
2022/12/27	9.36	9.55	9.29	9.45	1674000	15789291.00
2022/12/28	9.36	9.40	9.00	9.00	2586900	23631560.00
2022/12/29	9.00	9.08	8.79	8.84	1942547	17331934.00
2022/12/30	8.92	8.92	8.77	8.80	1205819	10663425.00
2023/01/03	8.80	9.08	8.80	9.00	1533419	13772351.00
2023/01/04	9.10	9.73	8.96	9.46	4430500	41888380.00
2023/01/05	9.49	9.54	9.30	9.46	1989300	18752826.00
2023/01/06	9.44	10.41	9.44	10.41	8749491	88905776.00
2023/01/09	10.51	10.87	10.37	10.50	12091004	128287744.00
2023/01/10	10.60	10.69	10.33	10.54	7203311	75559200.00
2023/01/11	10.50	10.70	10.30	10.38	4929500	51750696.00
2023/01/12	10.49	10.58	9.97	10.04	5400300	54918680.00
2023/01/13	10.14	10.51	9.92	10.38	4484400	46244128.00
2023/01/16	10.51	10.66	10.33	10.45	4093400	42967036.00
2023/01/17	10.49	10.50	10.09	10.17	2150600	21975632.00
2023/01/18	10.34	10.42	10.01	10.08	1928100	19546448.00
2023/01/19	9.98	10.20	9.93	9.96	2034500	20378032.00
2023/01/20	9.98	10.07	9.90	10.03	1686800	16820072.00
2023/01/30	10.16	10.20	9.97	10.10	2070300	20856740.00
2023/01/31	10.01	10.06	9.85	9.98	2499906	24825586.00
2023/02/01	9.99	10.05	9.87	10.04	2970299	29547402.00
2023/02/02	10.04	10.97	10.02	10.51	7919900	82996304.00
2023/02/03	10.34	10.40	10.06	10.19	6713986	68229280.00
2023/02/06	10.18	10.18	9.95	9.95	3882100	38881876.00
2023/02/07	9.94	10.95	9.90	10.95	9256693	99206392.00
2023/02/08	11.17	11.49	10.92	11.11	19887701	223368464.00
2023/02/09	10.90	10.91	10.60	10.84	9691222	104502632.00
2023/02/10	10.84	10.88	10.61	10.70	5791600	61990976.00
数据来源:通达信
