688435 英方软件 日线 不复权
      日期	    开盘	    最高	    最低	    收盘	    成交量	    成交额
2023/01/19	90.01	117.20	89.00	107.00	13714660	1370232704.00
2023/01/20	105.40	110.00	100.85	110.00	5938915	627766592.00
2023/01/30	111.00	112.99	102.10	105.97	4891202	522116192.00
2023/01/31	105.00	106.54	99.33	103.00	3386428	347710752.00
2023/02/01	103.10	116.67	101.14	116.66	4593213	498492832.00
2023/02/02	114.00	115.66	109.70	113.45	3594420	405018208.00
2023/02/03	111.90	119.50	110.00	118.78	3856572	444626016.00
2023/02/06	115.00	117.60	106.07	108.00	3774722	417252448.00
2023/02/07	106.00	108.00	102.02	103.51	2232912	234700016.00
2023/02/08	103.20	105.58	101.00	103.56	2066839	214239216.00
2023/02/09	101.59	106.38	96.70	106.00	3314047	336452576.00
2023/02/10	105.00	107.86	100.31	102.98	2617217	273137216.00
数据来源:通达信
