603800 道森股份 日线 不复权
      日期	    开盘	    最高	    最低	    收盘	    成交量	    成交额
2015/12/10	15.77	15.77	15.77	15.77	28100	443137.00
2015/12/11	17.35	17.35	17.35	17.35	11100	192585.00
2015/12/14	19.09	19.09	19.09	19.09	35000	668150.00
2015/12/15	21.00	21.00	21.00	21.00	42400	890400.00
2015/12/16	23.10	23.10	23.10	23.10	46200	1067220.00
2015/12/17	25.41	25.41	25.41	25.41	55300	1405173.00
2015/12/18	27.95	27.95	27.95	27.95	71400	1995630.00
2015/12/21	30.75	30.75	30.75	30.75	184850	5684137.50
2015/12/22	33.83	33.83	33.83	33.83	276434	9351762.00
2015/12/23	37.21	37.21	37.21	37.21	216500	8055965.00
2015/12/24	40.93	40.93	40.93	40.93	679712	27820612.00
2015/12/25	45.02	45.02	45.02	45.02	627740	28260854.00
2015/12/28	49.52	49.52	49.52	49.52	695022	34417488.00
2015/12/29	54.47	54.47	54.47	54.47	1014488	55259160.00
2015/12/30	59.92	59.92	57.28	59.92	27298714	1633019264.00
2015/12/31	58.00	58.49	53.93	53.93	25941114	1420262400.00
2016/01/04	48.69	57.43	48.68	49.25	20179689	1063845440.00
2016/01/05	46.20	53.29	45.10	52.08	23220296	1138372224.00
2016/01/06	50.54	57.29	50.54	57.29	23236965	1267509760.00
2016/01/07	57.80	57.80	51.56	51.56	8929073	490778816.00
2016/01/08	52.00	54.00	46.58	47.91	21380308	1075310976.00
2016/01/11	43.13	44.94	43.12	43.12	10078265	437008128.00
2016/01/12	40.97	42.00	38.81	38.81	10021176	397596128.00
2016/01/13	37.70	39.79	36.48	39.34	13897552	531416064.00
2016/01/14	37.38	40.15	37.38	39.40	11940195	467796672.00
2016/01/15	38.71	39.11	35.46	35.46	9766355	360052224.00
2016/01/18	33.12	35.84	32.50	34.00	10257223	350929472.00
2016/01/19	33.97	36.55	33.72	35.93	10517149	373922464.00
2016/01/20	35.80	35.80	33.03	33.39	10709044	367442016.00
2016/01/21	32.70	33.80	30.85	31.02	8517249	276237216.00
2016/01/22	31.80	34.08	31.20	33.70	11135068	366369472.00
2016/01/25	33.42	34.28	32.51	33.55	9307724	309655296.00
2016/01/26	32.58	32.85	30.20	30.20	7846106	244684992.00
2016/01/27	30.00	32.79	29.02	32.02	11076260	342026016.00
2016/01/28	30.90	32.15	29.70	30.40	8065732	248536128.00
2016/01/29	30.24	32.15	30.00	31.54	8067018	253903520.00
2016/02/01	31.00	32.68	30.70	31.93	8273393	262793632.00
2016/02/02	31.70	32.80	31.70	32.47	8863339	287412672.00
2016/02/03	31.96	32.08	30.08	31.70	7010257	219043280.00
2016/02/04	31.75	33.80	31.75	32.92	9106729	300340864.00
2016/02/05	32.78	32.90	31.11	31.24	6113684	194847136.00
2016/02/15	29.13	30.64	29.10	30.07	5860817	173488752.00
2016/02/16	30.20	31.32	30.20	31.08	5960187	184338032.00
2016/02/17	30.80	32.50	30.68	31.78	7945400	251526992.00
2016/02/18	32.11	32.98	31.41	32.38	9007865	289469728.00
2016/02/19	32.10	34.00	31.81	33.56	9482131	309939584.00
2016/02/22	34.50	34.60	33.30	33.88	10025837	340682304.00
2016/02/23	33.83	34.88	33.35	34.30	9212498	314211328.00
2016/02/24	33.83	34.30	31.85	32.89	7973985	262822640.00
2016/02/25	32.50	32.59	29.60	29.60	7720358	236607424.00
2016/02/26	29.66	30.10	27.81	28.48	5477228	158113232.00
2016/02/29	28.19	28.19	25.63	25.63	5349023	139616320.00
2016/03/01	25.60	26.49	24.08	26.08	5211028	133464368.00
2016/03/02	25.90	27.50	25.71	27.16	6623220	176578688.00
2016/03/03	27.00	27.99	26.53	26.59	6313431	171656752.00
2016/03/04	26.31	26.48	24.15	24.66	5706341	144380448.00
2016/03/07	25.02	26.10	25.02	25.59	3942205	100831672.00
2016/03/08	25.36	25.85	24.00	25.75	4058689	101161352.00
2016/03/09	24.90	26.80	24.70	25.94	5709944	147680752.00
2016/03/10	25.70	26.27	25.15	25.35	3957640	101903688.00
2016/03/11	24.81	25.74	24.70	25.39	3500862	88272280.00
2016/03/14	25.90	26.88	25.68	26.61	6002108	158879904.00
2016/03/15	26.22	26.61	25.74	25.82	4020228	105034936.00
2016/03/16	26.20	26.70	25.58	25.85	3901674	101901408.00
2016/03/17	25.91	26.68	25.52	26.54	5656714	148311312.00
2016/03/18	26.70	28.00	26.45	27.83	8362550	228047632.00
2016/03/21	28.00	28.60	27.68	28.55	8493068	238585920.00
2016/03/22	28.26	28.55	27.77	27.82	5552033	155936160.00
2016/03/23	27.76	29.90	27.55	29.21	8361110	240500896.00
2016/03/24	28.71	28.90	27.81	27.93	6279117	178445600.00
2016/03/25	27.61	27.93	27.38	27.78	4590764	126858280.00
2016/03/28	27.90	28.36	27.43	27.53	4113443	115029288.00
2016/03/29	27.52	27.68	26.01	26.41	3905027	104235200.00
2016/03/30	26.50	27.35	26.50	27.32	4319757	116425600.00
2016/03/31	27.38	27.95	27.30	27.38	4344536	119698968.00
2016/04/01	27.07	27.20	26.42	26.87	3590576	96069648.00
2016/04/05	26.70	28.00	26.70	27.91	4373014	120253680.00
2016/04/06	27.79	28.88	27.62	28.25	5793381	164056176.00
2016/04/07	28.53	29.80	28.05	28.93	9871403	287361568.00
2016/04/08	28.60	28.80	27.72	28.34	5341247	150991824.00
2016/04/11	28.30	29.40	28.00	29.28	6590773	190775760.00
2016/04/12	29.27	30.50	28.96	29.52	9204117	273541856.00
2016/04/13	29.24	30.70	29.22	29.98	9889121	295574880.00
2016/04/14	30.14	32.25	29.50	31.96	12880376	398044832.00
2016/04/15	31.54	32.50	31.00	31.14	9969902	314866784.00
2016/04/18	30.84	30.84	29.69	29.81	6401232	192090432.00
2016/04/19	30.10	30.50	29.71	30.32	5060475	152027824.00
2016/04/20	30.25	30.49	27.29	27.57	7932712	225357920.00
2016/04/21	27.33	27.89	26.32	26.57	5160800	140261168.00
2016/04/22	26.34	27.01	26.33	26.90	3471818	92664960.00
2016/04/25	26.58	26.69	25.60	26.26	3091364	80813952.00
2016/04/26	26.30	26.49	25.75	26.42	3686912	96295168.00
2016/04/27	26.44	27.19	26.31	26.77	4469292	119738272.00
2016/04/28	27.00	27.00	25.86	26.48	2785605	73484160.00
2016/04/29	26.18	26.70	26.07	26.21	2153026	56707744.00
2016/05/03	26.21	27.24	25.82	27.21	4147477	110956112.00
2016/05/04	27.20	27.89	26.92	27.42	4193137	114875216.00
2016/05/05	27.23	27.78	27.02	27.73	3751203	103316336.00
2016/05/06	27.99	27.99	26.20	26.27	5487775	148815360.00
2016/05/09	25.80	25.85	24.50	24.97	3658561	92204168.00
2016/05/10	24.83	25.99	24.83	25.71	3585475	91951296.00
2016/05/11	26.35	26.35	25.51	25.55	3307585	85638024.00
2016/05/12	25.06	25.28	24.52	25.24	2645383	65798400.00
2016/05/13	25.08	25.55	24.62	24.81	2246256	56210160.00
2016/05/16	24.82	25.20	24.53	25.19	2046681	50959384.00
2016/05/17	25.07	25.70	25.07	25.24	2383902	60425924.00
2016/05/18	25.17	25.17	24.01	24.29	2841377	69616128.00
2016/05/19	24.35	24.78	24.28	24.46	2016669	49497996.00
2016/05/20	24.10	25.60	24.08	25.32	2551074	62996840.00
2016/05/23	25.65	25.79	25.37	25.54	3495604	89476120.00
2016/05/24	25.35	25.35	24.82	24.86	2386509	59670392.00
2016/05/25	25.02	25.90	25.02	25.79	5141520	130898784.00
2016/05/26	25.70	25.70	24.86	25.60	3663629	92622320.00
2016/05/27	25.56	26.52	25.31	26.27	5603325	146341072.00
2016/05/30	25.90	26.00	25.21	25.62	3004943	77087064.00
2016/05/31	25.55	26.53	25.47	26.51	4682223	122721744.00
2016/06/01	26.48	29.16	26.31	29.16	5373787	153958032.00
2016/06/02	29.96	31.88	29.29	31.29	17790433	545148800.00
2016/06/03	30.61	31.50	30.10	30.40	11489837	353041120.00
2016/06/06	30.40	30.58	29.80	30.41	6322800	190535376.00
2016/06/07	30.67	33.44	30.51	33.07	13860857	444693664.00
2016/06/08	32.50	32.53	31.18	31.48	9493099	301870336.00
2016/06/13	30.50	30.50	28.33	28.33	7887647	232043872.00
2016/06/14	27.28	28.17	27.28	27.93	5426997	150356816.00
2016/06/15	27.49	29.86	27.31	29.25	6385804	185454592.00
2016/06/16	29.36	30.27	28.75	29.09	5891511	173792608.00
2016/06/17	29.20	29.83	29.02	29.46	4409838	129446560.00
2016/06/20	30.00	30.88	29.68	30.57	7717737	234760272.00
2016/06/21	30.72	31.50	29.20	30.13	7114608	218306368.00
2016/06/22	29.55	30.90	29.02	30.89	6640765	201216336.00
2016/06/23	31.09	31.82	30.35	30.84	7289924	226722256.00
2016/06/24	30.85	31.44	28.50	29.75	7381979	222726800.00
2016/06/27	29.70	30.57	29.00	30.47	5006384	150976000.00
2016/06/28	30.25	31.29	30.15	30.52	6097854	187294016.00
2016/06/29	30.57	31.95	30.20	31.69	9551317	296982432.00
2016/06/30	31.15	31.59	30.50	30.75	6458819	199871936.00
2016/07/01	31.00	31.48	30.30	30.65	4203285	129485976.00
2016/07/04	30.37	31.39	30.12	31.18	6639875	205003840.00
2016/07/05	31.30	33.18	30.80	32.57	10794044	341988736.00
2016/07/06	32.13	35.00	31.41	34.44	15571749	521422880.00
2016/07/07	33.82	34.94	33.55	34.10	11241067	385514400.00
2016/07/08	33.90	34.80	33.87	34.12	7383188	253823024.00
2016/07/11	33.90	34.24	32.00	32.18	8977294	294977600.00
2016/07/12	32.20	32.93	31.23	32.75	5863207	187606464.00
2016/07/13	32.75	33.09	32.07	32.34	5721911	186089312.00
2016/07/14	32.15	32.59	31.97	32.31	3402972	109898512.00
2016/07/15	32.03	32.26	31.35	31.38	4796690	152246048.00
2016/07/18	31.02	31.25	30.02	30.07	4825590	146336816.00
2016/07/19	29.99	30.75	29.95	30.68	3010931	91656304.00
2016/07/20	30.61	30.96	30.40	30.55	2649671	81247328.00
2016/07/21	30.38	30.77	30.20	30.34	2609702	79581344.00
2016/07/22	30.34	30.58	29.99	30.07	2228428	67334336.00
2016/07/25	30.03	30.25	29.50	29.99	2463736	73638288.00
2016/07/26	29.89	30.78	29.89	30.75	3037242	92763112.00
2016/07/27	30.75	30.89	27.81	28.15	4906195	142861360.00
2016/07/28	28.18	28.43	26.71	27.52	3809756	104873024.00
2016/07/29	27.50	28.17	26.98	27.82	3000289	83023768.00
2016/08/01	27.60	28.90	26.70	28.73	4831490	136450528.00
2016/08/02	28.44	30.15	28.40	30.09	5267573	154610736.00
2016/08/03	30.88	30.92	29.56	29.69	6410995	193933536.00
2016/08/04	29.70	32.65	29.07	31.02	7079669	216882912.00
2016/08/05	31.00	31.45	29.69	29.76	5549750	169071968.00
2016/08/08	29.11	30.11	29.11	29.85	3480237	103097288.00
2016/08/09	29.85	30.00	29.48	29.81	2242767	66615680.00
2016/08/10	29.82	30.22	29.53	29.81	2622899	78421352.00
2016/08/11	29.48	29.89	28.54	28.71	2967679	86136680.00
2016/08/12	28.40	28.95	28.24	28.70	1745064	50054696.00
2016/08/15	28.91	29.48	28.71	29.32	2402760	70179000.00
2016/08/16	29.31	29.61	29.20	29.31	2699724	79352416.00
2016/08/17	29.44	31.49	29.10	31.34	9649499	295702080.00
2016/08/18	30.93	30.99	30.06	30.47	6030721	183847520.00
2016/08/19	30.56	30.65	29.00	29.80	3506356	105500416.00
2016/08/22	29.60	29.64	29.00	29.22	3068475	89675168.00
2016/08/23	29.05	29.50	29.02	29.30	1997895	58502240.00
2016/08/24	29.14	29.50	29.14	29.28	1932846	56644248.00
2016/08/25	29.10	29.25	28.44	28.88	2544000	73103520.00
2016/08/26	29.29	29.45	28.74	28.86	1886549	54990360.00
2016/08/29	28.95	29.28	28.63	28.98	1814220	52611592.00
2016/08/30	29.32	29.36	28.98	29.03	1452383	42352992.00
2016/08/31	29.18	29.18	28.51	28.81	1705485	49048504.00
2016/09/01	28.83	29.19	28.71	28.94	1764809	51103776.00
2016/09/02	28.80	29.18	28.61	28.79	1846797	53487536.00
2016/09/05	28.98	29.03	28.64	28.92	1255151	36255840.00
2016/09/06	29.15	29.27	28.81	29.23	1944898	56536020.00
2016/09/07	29.32	30.44	29.09	29.93	6547534	195437456.00
2016/09/08	29.67	30.41	29.67	29.97	3273894	98173160.00
2016/09/09	29.85	30.25	29.40	29.43	2203732	65768724.00
2016/09/12	29.00	29.68	28.57	29.52	3100857	90219592.00
2016/09/13	29.45	30.58	29.45	30.18	6912330	208362192.00
2016/09/14	29.78	30.00	28.88	29.05	3868451	114016160.00
2016/09/19	29.05	30.77	29.05	30.71	7563883	228749664.00
2016/09/20	30.71	30.86	30.20	30.69	4690591	143120800.00
2016/09/21	30.61	31.06	30.40	30.69	4192951	129228248.00
2016/09/22	30.85	31.23	30.50	31.16	4545855	140425168.00
2016/09/23	31.20	31.48	30.45	30.51	4079815	126217408.00
2016/09/26	30.05	30.50	29.66	30.41	3081156	92582544.00
2016/09/27	30.10	31.20	30.01	30.85	5626860	172131776.00
2016/09/28	30.78	30.97	30.40	30.51	3806129	116798152.00
2016/09/29	30.50	30.87	30.10	30.13	2995396	90990808.00
2016/09/30	30.06	30.31	29.35	29.99	3023701	90084128.00
2016/10/10	29.88	30.47	29.70	30.44	2917621	87981664.00
2016/10/11	30.50	30.88	30.31	30.83	4079438	124941840.00
2016/10/12	30.69	31.46	30.40	31.41	5730106	178153376.00
2016/10/13	31.62	31.97	31.09	31.13	4808965	151153104.00
2016/10/14	31.21	31.54	30.97	31.48	3636889	113731136.00
2016/10/17	31.30	31.79	30.30	30.41	4386807	136277760.00
2016/10/18	30.23	30.98	30.12	30.88	3144257	96178304.00
2016/10/19	30.80	31.62	30.47	31.32	4849048	150948080.00
2016/10/20	31.24	31.80	31.15	31.39	4116419	129593472.00
2016/10/21	31.40	31.40	30.60	31.14	2934554	90917896.00
2016/10/24	31.14	31.68	30.70	30.86	4032322	125304920.00
2016/10/25	30.78	31.07	30.62	30.79	2958089	91170088.00
2016/10/26	30.83	30.97	30.10	30.21	3642480	111307656.00
2016/10/27	30.20	31.50	30.14	31.36	5911367	183231328.00
2016/10/28	31.50	34.50	31.30	34.50	20035969	663084928.00
2016/10/31	34.80	37.38	34.45	35.66	21886607	787180160.00
2016/11/01	35.04	37.80	34.67	35.27	20838000	745980608.00
2016/11/02	35.22	36.20	34.41	35.61	15205615	538779584.00
2016/11/03	35.00	36.97	34.67	35.79	14703995	526431712.00
2016/11/04	35.55	38.30	35.30	37.27	17719320	659292352.00
2016/11/07	37.08	37.20	35.31	36.05	11657515	421356672.00
2016/11/08	36.08	39.00	35.68	38.03	15484769	576613504.00
2016/11/09	37.30	37.90	35.92	37.26	12448457	460822432.00
2016/11/10	37.57	37.87	36.67	37.40	10505586	391549888.00
2016/11/11	37.30	37.50	35.56	35.73	11003359	399727552.00
2016/11/14	35.49	36.18	35.40	36.04	6587250	235479184.00
2016/11/15	36.11	36.24	35.10	35.26	5552248	196515728.00
2016/11/16	35.45	35.81	35.00	35.60	4880734	172734368.00
2016/11/17	35.39	35.51	34.60	34.65	5755019	200920624.00
2016/11/18	34.81	35.49	34.50	34.62	5304606	185580448.00
2016/11/21	34.31	35.02	33.73	34.98	6562086	225254432.00
2016/11/22	34.88	35.64	34.69	35.10	6458227	227159584.00
2016/11/23	35.03	35.30	34.00	34.17	5347485	184522064.00
2016/11/24	33.92	34.30	32.68	32.99	5104600	171141408.00
2016/11/25	32.70	33.00	31.70	32.94	4756439	154099824.00
2016/11/28	32.89	33.34	32.51	32.55	2784537	91359880.00
2016/11/29	32.50	32.83	31.80	31.94	2648949	85636832.00
2016/11/30	31.82	32.37	31.50	32.28	2627231	84133088.00
2016/12/01	32.68	33.30	32.68	32.73	4206700	138718096.00
2016/12/02	32.49	33.50	32.37	32.63	4794137	158286608.00
2016/12/05	31.90	31.90	30.16	31.20	3015432	94513856.00
2016/12/06	31.06	31.58	30.93	30.99	2215155	69038928.00
2016/12/07	31.38	31.38	30.30	30.93	2521262	77395520.00
2016/12/08	30.88	30.96	30.31	30.66	2668176	81708608.00
2016/12/09	30.70	31.27	30.47	30.85	3120244	96370400.00
2016/12/12	30.90	30.99	27.77	27.77	4448500	129469816.00
2016/12/13	27.80	27.91	26.58	27.61	2589000	70825136.00
2016/12/14	27.17	27.35	26.75	26.97	4873700	131952216.00
2016/12/15	26.90	27.77	26.80	27.70	5704027	156093664.00
2016/12/16	27.92	29.05	27.50	28.97	6564507	185522608.00
2016/12/19	28.88	29.60	28.40	28.68	7542095	219607664.00
2016/12/20	28.33	28.75	28.05	28.51	2586095	73402680.00
2016/12/21	28.20	29.65	28.20	29.41	7473338	217600000.00
2016/12/22	29.03	29.45	29.00	29.17	2796975	81662408.00
2016/12/23	29.30	29.35	28.51	28.57	2295680	66256016.00
2016/12/26	28.40	30.08	28.36	30.03	6360470	187303968.00
2016/12/27	30.29	30.29	29.50	29.93	4050100	120709760.00
2016/12/28	29.88	30.18	29.50	30.04	3934766	117814120.00
2016/12/29	29.80	30.13	29.31	29.94	5039100	149880672.00
2016/12/30	29.94	30.40	29.70	30.17	3682200	110713096.00
2017/01/03	30.00	30.75	29.92	30.42	5546700	168340576.00
2017/01/04	30.49	30.91	30.08	30.77	5716700	174205536.00
2017/01/05	30.87	30.99	30.19	30.55	5093400	155316208.00
2017/01/06	30.49	30.81	30.12	30.78	4646351	141535984.00
2017/01/09	30.78	31.30	30.50	31.28	8551775	264776848.00
2017/01/10	31.60	31.60	30.80	31.16	4054001	126068600.00
2017/01/11	30.88	32.79	30.70	32.77	8881490	283742112.00
2017/01/12	32.71	33.49	32.63	32.94	9165079	303403552.00
2017/01/13	32.88	33.45	32.10	32.96	7276810	238604624.00
2017/01/16	33.43	34.02	29.70	32.57	11495756	375075232.00
2017/01/17	31.99	32.60	30.65	32.50	10474040	332473664.00
2017/01/18	32.10	32.90	31.84	32.80	7062203	229222912.00
2017/01/19	32.75	32.90	32.41	32.60	4471945	146077856.00
2017/01/20	32.33	33.47	32.00	33.32	8218845	270723872.00
2017/01/23	33.18	33.95	33.10	33.76	11682990	391575008.00
2017/01/24	33.66	33.88	32.65	33.66	9065588	303175168.00
2017/01/25	33.64	34.30	33.03	33.80	9370950	314986848.00
2017/01/26	33.80	35.70	33.56	35.35	15813011	551625280.00
2017/02/03	35.00	35.50	34.51	35.32	8049001	283022432.00
2017/02/06	35.32	35.78	34.70	35.46	8175997	288974560.00
2017/02/07	35.92	35.92	35.11	35.50	5731063	202884480.00
2017/02/08	35.15	36.50	35.01	36.11	10945842	394383968.00
2017/02/09	36.00	36.35	34.78	34.93	6862104	243960480.00
2017/02/10	34.69	38.10	34.69	36.59	13308428	484654208.00
2017/02/13	36.50	36.60	35.28	35.94	7428449	266855712.00
2017/02/14	35.80	35.85	34.59	34.81	6381298	222994368.00
2017/02/15	34.56	35.44	34.42	35.19	6415283	225134736.00
2017/02/16	35.18	36.14	34.82	35.63	6413734	228038592.00
2017/02/17	35.75	36.15	35.40	35.83	4354900	155755984.00
2017/02/20	35.82	37.45	35.70	37.25	8008355	294487552.00
2017/02/21	37.30	37.60	36.51	37.26	4915133	182268896.00
2017/02/22	36.81	37.50	36.69	37.24	5227383	193397600.00
2017/02/23	36.95	37.41	36.70	37.29	3224201	119436208.00
2017/02/24	37.24	38.87	37.02	38.22	6339528	242250448.00
2017/02/27	38.45	39.02	37.95	38.64	9172639	355315488.00
2017/02/28	38.55	39.35	37.33	39.26	11575688	443341152.00
2017/03/01	39.10	39.30	35.33	39.15	6006174	231740976.00
2017/03/02	38.62	38.62	35.24	36.92	16000701	579420992.00
2017/03/03	37.00	37.06	36.01	36.67	8371971	307538976.00
2017/03/06	36.80	36.94	36.00	36.21	8738005	318550880.00
2017/03/07	36.21	36.45	35.61	36.23	7336552	265624560.00
2017/03/08	36.24	37.25	36.01	37.15	6566816	240623712.00
2017/03/09	37.20	37.23	36.49	36.94	3290156	121002656.00
2017/03/10	36.89	40.63	36.66	40.27	25160027	980530368.00
2017/03/13	39.50	44.30	39.40	44.27	20313130	864696768.00
2017/03/14	43.90	44.90	42.05	43.50	11220058	490782400.00
2017/03/15	44.10	47.85	43.20	47.85	9492265	435855136.00
2017/03/16	48.50	52.52	46.80	47.99	19822705	973483584.00
2017/03/17	46.00	48.50	43.19	43.19	36861936	1600012416.00
2017/03/20	40.40	40.88	38.87	39.38	43237295	1688425600.00
2017/03/21	38.36	38.85	37.69	38.23	20455602	780383488.00
2017/03/22	37.98	37.98	36.55	36.73	19570399	725152192.00
2017/03/23	36.60	36.99	35.70	36.29	14019065	510357696.00
2017/03/24	36.20	36.20	35.66	35.89	9605205	344851840.00
2017/03/27	35.99	36.55	35.80	36.25	10180426	368210176.00
2017/03/28	36.30	36.32	35.38	35.43	7870842	281939200.00
2017/03/29	35.30	35.49	33.21	33.33	13512900	460904384.00
2017/03/30	33.01	33.03	31.91	32.10	10484541	338819520.00
2017/03/31	32.15	32.59	31.68	32.22	6555673	210842208.00
2017/04/05	31.80	32.73	31.80	32.58	6077200	197190624.00
2017/04/06	32.50	32.88	32.20	32.23	6251547	203262496.00
2017/04/07	32.23	32.40	31.21	31.23	7370447	234293840.00
2017/04/10	31.03	31.05	29.56	29.74	9351445	282103680.00
2017/04/11	29.79	30.37	29.45	30.21	6260210	187781840.00
2017/04/12	30.00	30.19	29.12	29.22	5293905	157458944.00
2017/04/13	29.02	29.80	29.00	29.31	4403677	129206176.00
2017/04/14	29.36	29.52	28.80	28.95	4480052	130602456.00
2017/04/17	28.85	28.85	27.29	27.55	5522000	154487952.00
2017/04/18	27.61	27.99	27.31	27.64	4027300	111476456.00
2017/04/19	27.49	28.07	27.04	27.97	4875600	134424944.00
2017/04/20	27.97	28.39	27.39	27.66	4306000	120002704.00
2017/04/21	27.81	27.99	27.60	27.77	3082700	85606128.00
2017/04/24	27.80	27.85	26.08	26.13	4782900	128258032.00
2017/04/25	26.20	26.60	26.08	26.21	3198300	84137752.00
2017/04/26	26.23	26.58	26.03	26.47	3543758	93465752.00
2017/04/27	26.31	26.88	25.30	26.82	6068800	158578496.00
2017/04/28	26.80	26.97	26.52	26.85	3892700	104384592.00
2017/05/02	27.52	28.69	27.52	28.66	11397400	320978048.00
2017/05/03	28.40	28.58	27.80	28.28	8022447	225685264.00
2017/05/04	28.03	28.10	27.60	27.74	4377800	121829064.00
2017/05/05	27.70	27.70	26.53	26.57	4819647	130961072.00
2017/05/08	26.50	26.50	25.21	25.28	4064600	105251896.00
2017/05/09	24.81	25.49	24.66	25.37	3488400	87506224.00
2017/05/10	25.20	25.69	24.78	24.81	3852660	97556688.00
2017/05/11	24.62	24.68	23.70	24.64	4646754	112822192.00
2017/05/12	24.55	24.79	24.36	24.63	2965411	72905008.00
2017/05/15	24.73	24.75	24.03	24.06	3074300	74844656.00
2017/05/16	23.90	24.54	23.51	24.53	4504500	108031176.00
2017/05/17	24.50	25.17	24.45	24.82	4410660	109417664.00
2017/05/18	24.54	26.40	24.40	25.59	7444661	189956480.00
2017/05/19	26.14	27.10	25.71	25.79	10205748	269239296.00
2017/05/22	25.18	25.50	23.95	24.09	6274878	156125360.00
2017/05/23	23.70	23.94	21.68	21.68	6652698	152445168.00
2017/05/24	21.51	21.81	20.62	21.74	4216197	90018928.00
2017/05/25	21.68	21.97	21.11	21.84	3790600	81934576.00
2017/05/26	21.70	22.15	21.65	21.85	3036611	66536784.00
2017/05/31	22.15	22.49	21.53	21.67	3368579	74452928.00
2017/06/01	21.40	21.85	20.02	20.14	4352798	91456464.00
2017/06/02	20.12	20.79	19.80	20.66	3941759	79735224.00
2017/06/05	20.69	21.46	20.69	20.89	2643200	55619776.00
2017/06/06	20.80	21.45	20.70	21.12	3043968	64149076.00
2017/06/07	21.14	21.86	21.02	21.76	4535414	97634872.00
2017/06/08	21.65	21.95	21.36	21.62	3841800	83205064.00
2017/06/09	21.65	22.18	21.22	21.94	5067000	110310032.00
2017/06/12	21.66	21.75	20.68	20.93	3508844	74634192.00
2017/06/13	21.00	21.80	20.90	21.65	3546674	75980480.00
2017/06/14	21.60	22.40	21.43	22.32	6141379	135304832.00
2017/06/15	22.20	23.42	22.15	23.39	9477689	217248976.00
2017/06/16	23.39	23.69	22.69	22.78	7110979	164241568.00
2017/06/19	22.53	23.05	22.45	22.99	3346800	76466168.00
2017/06/20	23.05	23.28	22.60	22.63	3936100	90285648.00
2017/06/21	22.65	22.85	22.15	22.48	3669100	82304720.00
2017/06/22	22.40	22.58	21.78	21.83	3257100	72340792.00
2017/06/23	21.70	22.18	21.15	21.78	3246400	70349368.00
2017/06/26	21.78	22.08	21.40	22.03	2716600	59345132.00
2017/06/27	21.94	22.44	21.94	22.36	3042900	67740152.00
2017/06/28	22.27	22.28	21.78	21.90	2236980	49124812.00
2017/06/29	22.07	22.14	21.87	21.92	1818180	39977396.00
2017/06/30	21.98	22.03	21.50	21.74	2101133	45657176.00
2017/07/03	21.78	22.17	21.72	22.16	2253333	49502132.00
2017/07/04	22.18	22.19	21.87	21.94	1891833	41603304.00
2017/07/05	22.03	22.14	21.80	22.07	2232483	49066148.00
2017/07/06	22.26	22.86	22.14	22.38	5423167	121936424.00
2017/07/07	22.23	22.50	22.06	22.38	3061634	68231880.00
2017/07/10	22.44	22.54	21.80	21.82	3407200	75545440.00
2017/07/11	21.74	21.91	21.24	21.38	3284300	70437952.00
2017/07/12	21.18	21.46	20.72	21.18	2479024	52160656.00
2017/07/13	21.33	21.33	20.93	21.10	1431840	30179812.00
2017/07/14	21.11	21.11	20.66	20.69	1678200	34953880.00
2017/07/17	20.58	20.58	18.62	18.62	4127522	79390352.00
2017/07/18	18.39	18.83	18.30	18.65	2180940	40475184.00
2017/07/19	18.51	19.17	18.42	19.06	2603259	48935832.00
2017/07/20	18.94	19.35	18.90	19.04	2086507	39983624.00
2017/07/21	19.04	19.26	18.73	18.77	1623426	30730732.00
2017/07/24	18.88	19.37	18.88	19.28	2604767	49878380.00
2017/07/25	19.25	19.25	18.90	19.07	1786000	33999752.00
2017/07/26	19.09	19.17	18.85	18.94	1223964	23210256.00
2017/07/27	18.94	19.43	18.82	19.37	2670781	51355568.00
2017/07/28	19.36	19.55	19.24	19.27	1658807	32119352.00
2017/07/31	19.38	19.40	19.16	19.25	1319601	25423512.00
2017/08/01	19.25	19.45	19.20	19.41	1777740	34319868.00
2017/08/02	19.39	19.39	18.91	18.94	2042963	39107936.00
2017/08/03	18.95	19.26	18.91	19.13	1818539	34777488.00
2017/08/04	19.28	19.45	19.12	19.14	1865000	35955544.00
2017/08/07	19.19	19.38	19.06	19.29	1211501	23316572.00
2017/08/08	19.29	19.29	19.02	19.25	1650930	31610210.00
2017/08/09	19.18	19.35	19.02	19.20	1288057	24720016.00
2017/08/10	19.20	19.20	18.55	18.70	2318299	43737664.00
2017/08/11	18.42	18.62	18.38	18.46	1716900	31752302.00
2017/08/14	18.40	18.79	18.40	18.73	1534730	28717704.00
2017/08/15	18.69	19.06	18.64	19.03	1956653	36974668.00
2017/08/16	19.07	19.55	18.87	19.38	3336500	64206876.00
2017/08/17	19.23	19.65	19.23	19.57	3087500	60235180.00
2017/08/18	19.44	19.45	19.21	19.28	2243030	43387048.00
2017/08/21	19.35	19.84	19.27	19.80	3037400	59909876.00
2017/08/22	19.72	19.76	19.52	19.55	1879500	36817600.00
2017/08/23	19.50	19.65	19.25	19.43	1458650	28359476.00
2017/08/24	19.40	20.05	19.40	19.59	3919600	77492064.00
2017/08/25	19.55	19.88	19.47	19.76	2528400	49779364.00
2017/08/28	19.79	20.10	19.69	19.99	3201809	63755588.00
2017/08/29	20.10	20.18	19.84	19.98	2833000	56627388.00
2017/08/30	19.97	20.13	19.76	19.81	2157500	42910828.00
2017/08/31	19.75	19.97	19.73	19.93	1987110	39516096.00
2017/09/01	19.89	20.04	19.85	19.94	1776109	35401128.00
2017/09/04	20.01	20.29	20.01	20.16	2840124	57296784.00
2017/09/05	20.73	22.18	20.72	22.18	13378069	285845248.00
2017/09/06	22.45	24.00	21.57	23.52	21107602	483770816.00
2017/09/07	23.04	23.28	22.53	22.57	11752621	269099104.00
2017/09/08	22.54	22.89	22.26	22.65	6805179	153613008.00
2017/09/11	22.62	22.98	22.28	22.92	6311430	142919920.00
2017/09/12	22.79	22.80	21.99	22.27	6134210	137586256.00
2017/09/13	22.18	22.52	22.18	22.25	2959682	65998044.00
2017/09/14	22.25	22.40	21.63	21.72	4225564	92398576.00
2017/09/15	21.66	22.15	21.43	21.97	3481311	75824944.00
2017/09/18	21.77	22.39	21.76	22.37	3366082	74391720.00
2017/09/19	22.38	22.88	22.10	22.14	3974669	89373944.00
2017/09/20	22.14	22.43	21.86	22.00	2797101	61676108.00
2017/09/21	22.12	22.18	21.53	21.57	2730900	59561440.00
2017/09/22	21.65	23.21	21.60	22.91	9988330	224824720.00
2017/09/25	22.80	22.90	21.98	22.12	4888039	109596080.00
2017/09/26	22.20	23.77	22.16	23.64	14375130	332905216.00
2017/09/27	23.33	23.65	22.88	23.58	9474733	220706496.00
2017/09/28	23.40	23.45	22.51	22.68	7537802	173287856.00
2017/09/29	22.76	23.10	22.41	22.78	4662903	105942560.00
2017/10/09	23.01	23.95	22.59	23.84	8645714	201767616.00
2017/10/10	23.76	24.49	23.53	23.66	11084900	266151552.00
2017/10/11	23.54	23.92	23.21	23.36	5549080	130443232.00
2017/10/12	23.36	24.13	23.35	23.95	7196980	171739760.00
2017/10/13	23.80	24.00	23.62	23.85	4144600	98532448.00
2017/10/16	23.95	23.98	22.52	22.54	5097600	118139640.00
2017/10/17	22.40	22.65	21.62	21.98	4725402	104038984.00
2017/10/18	22.18	22.24	21.20	21.30	3605900	78292992.00
2017/10/19	21.33	21.45	20.66	20.74	3448500	72067944.00
2017/10/20	20.82	21.14	20.56	20.99	2072860	43263444.00
2017/10/23	21.05	21.45	20.90	21.41	2118010	44935788.00
2017/10/24	21.30	21.41	20.75	20.98	2174350	45803072.00
2017/10/25	21.05	21.18	20.90	21.04	1560651	32845312.00
2017/10/26	21.35	21.40	21.13	21.24	1914900	40740136.00
2017/10/27	21.21	21.39	20.82	20.91	1716950	36159456.00
2017/10/30	20.90	20.99	18.82	19.56	3334600	66023904.00
2017/10/31	19.40	20.18	19.28	19.77	1690800	33488742.00
2017/11/01	19.77	20.08	19.73	19.84	1582900	31518584.00
2017/11/02	19.86	19.91	19.31	19.46	1864889	36352504.00
2017/11/03	19.43	19.55	19.35	19.51	1174600	22876842.00
2017/11/06	19.51	19.94	19.45	19.88	1863074	36882000.00
2017/11/07	19.88	20.86	19.75	20.74	4348941	89316272.00
2017/11/08	20.57	20.72	20.37	20.44	2673500	54715808.00
2017/11/09	20.50	20.56	20.24	20.38	1570600	31991114.00
2017/11/10	20.48	20.78	20.11	20.21	1906350	38921816.00
2017/11/13	20.01	20.20	19.60	19.71	2676701	52994180.00
2017/11/14	19.71	19.71	19.18	19.23	1910550	37043204.00
2017/11/15	19.31	19.58	19.17	19.36	1264500	24521838.00
2017/11/16	19.40	19.50	19.28	19.34	902110	17477860.00
2017/11/17	19.24	19.44	17.42	18.29	2608451	48666976.00
2017/11/20	18.32	18.32	17.15	18.00	1641700	29096176.00
2017/11/21	18.00	18.33	17.90	18.13	1184600	21485624.00
2017/11/22	18.18	18.20	17.65	17.83	1142500	20494312.00
2017/11/23	17.91	17.97	17.30	17.37	1196500	21114118.00
2017/11/24	17.32	17.66	17.28	17.49	838600	14698692.00
2017/11/27	17.58	17.58	17.24	17.29	716000	12437693.00
2017/11/28	17.23	17.42	17.15	17.40	865400	14989389.00
2017/11/29	17.22	17.38	15.81	16.38	4364289	71064632.00
2017/11/30	16.13	16.36	16.13	16.18	1915100	31039948.00
2017/12/01	16.18	16.45	16.17	16.40	1421200	23253312.00
2017/12/04	16.40	16.72	16.11	16.20	1189201	19480560.00
2017/12/05	16.19	16.33	15.31	15.40	1865001	29332856.00
2017/12/06	15.40	15.71	15.36	15.68	1420005	22127988.00
2017/12/07	15.77	15.78	15.58	15.65	875700	13716883.00
2017/12/08	15.65	15.90	15.62	15.82	1000200	15798043.00
2017/12/11	15.80	16.32	15.80	16.19	1630099	26331718.00
2017/12/12	16.30	16.31	15.80	15.84	1357600	21697148.00
2017/12/13	15.80	16.00	15.78	15.94	638906	10168776.00
2017/12/14	15.94	16.25	15.90	16.03	1126745	18114012.00
2017/12/15	16.10	16.11	15.91	15.96	654200	10445930.00
2017/12/18	16.04	16.30	15.71	15.80	751501	11949920.00
2017/12/19	15.77	15.97	15.72	15.89	728100	11552702.00
2017/12/20	15.95	16.06	15.84	15.85	717100	11423596.00
2017/12/21	15.66	16.08	15.42	15.51	1185700	18462188.00
2017/12/22	15.65	16.40	15.47	16.11	2582200	41293528.00
2017/12/25	15.93	16.00	15.57	15.59	1676655	26319466.00
2017/12/26	15.59	17.15	15.37	16.69	4513450	74287688.00
2017/12/27	16.78	17.10	16.33	16.51	3614210	60335124.00
2017/12/28	16.31	16.66	16.21	16.24	1986410	32549016.00
2017/12/29	16.25	16.39	16.21	16.30	1051110	17139518.00
2018/01/02	16.35	16.69	16.31	16.55	1406600	23272344.00
2018/01/03	16.47	16.65	16.40	16.55	1364700	22519276.00
2018/01/04	16.54	17.19	16.54	16.78	3433751	57991696.00
2018/01/05	16.66	16.78	16.44	16.55	1781500	29495516.00
2018/01/08	16.59	16.59	16.32	16.49	1026600	16890320.00
2018/01/09	16.40	16.54	16.27	16.31	1074189	17587012.00
2018/01/10	16.28	16.65	16.23	16.40	1525600	25072428.00
2018/01/11	16.33	16.60	16.15	16.46	1736700	28409996.00
2018/01/12	16.46	16.65	16.35	16.56	1648300	27242184.00
2018/01/15	16.91	16.92	15.73	15.86	2932401	48346808.00
2018/01/16	15.60	15.90	15.41	15.77	1674900	26320044.00
2018/01/17	15.77	15.89	15.55	15.78	1241400	19506616.00
2018/01/18	15.76	15.85	15.67	15.76	916525	14445764.00
2018/01/19	15.75	15.95	15.61	15.72	1142701	18061272.00
2018/01/22	15.72	15.86	15.45	15.86	1322235	20732232.00
2018/01/23	15.84	16.12	15.72	16.04	1504725	24023272.00
2018/01/24	16.08	16.10	15.86	16.06	1489589	23796478.00
2018/01/25	16.11	16.44	16.01	16.03	1619600	26309796.00
2018/01/26	16.28	16.35	15.80	15.84	1381525	22176914.00
2018/01/29	15.80	16.06	15.55	15.65	1215901	19185420.00
2018/01/30	15.62	15.73	15.52	15.65	777300	12147478.00
2018/01/31	15.59	15.62	14.75	14.86	2091700	31747068.00
2018/02/01	14.51	14.94	13.68	13.72	2070800	29375360.00
2018/02/02	13.80	13.80	13.38	13.65	1200301	16358956.00
2018/02/05	13.57	13.82	13.45	13.71	813900	11144082.00
2018/02/06	13.46	13.49	12.34	12.35	1903000	24578826.00
2018/02/07	12.65	12.77	12.16	12.42	1165900	14527462.00
2018/02/08	12.16	12.70	12.16	12.51	1101000	13808489.00
2018/02/09	12.25	12.43	11.96	12.24	1276282	15541752.00
2018/02/12	12.43	12.68	12.24	12.59	920282	11499231.00
2018/02/13	12.97	12.97	12.33	12.36	1005602	12698889.00
2018/02/14	12.46	12.57	12.38	12.48	673189	8396925.00
2018/02/22	12.53	12.81	12.53	12.75	841491	10710522.00
2018/02/23	12.75	12.92	12.72	12.83	743802	9545568.00
2018/02/26	12.91	13.23	12.86	13.17	1404200	18343364.00
2018/02/27	13.15	13.28	13.04	13.21	1243400	16372387.00
2018/02/28	13.99	14.53	13.84	14.53	7902910	112762832.00
2018/03/01	14.00	14.94	13.90	14.64	6657100	95619160.00
2018/03/02	14.45	14.46	14.07	14.08	3591200	51126808.00
2018/03/05	14.08	14.22	13.87	14.15	2000100	28001520.00
2018/03/06	14.15	14.15	13.91	14.11	1823200	25574148.00
2018/03/07	14.19	14.42	14.02	14.13	2686000	38196072.00
2018/03/08	14.19	14.19	13.90	14.16	1851300	26019382.00
2018/03/09	14.10	14.38	13.92	14.36	2734838	38764176.00
2018/03/12	14.37	14.77	14.30	14.62	3193803	46460528.00
2018/03/13	14.51	14.62	14.34	14.44	2118903	30617004.00
2018/03/14	14.49	14.49	14.04	14.07	1892248	26856798.00
2018/03/15	14.10	14.10	13.50	13.64	2123803	29186192.00
2018/03/16	13.59	13.85	13.59	13.64	1073700	14739371.00
2018/03/19	13.63	13.87	13.63	13.73	1088582	14995567.00
2018/03/20	13.73	13.99	13.57	13.98	1445292	19998188.00
2018/03/21	13.98	14.15	13.68	13.73	1848085	25873796.00
2018/03/22	13.73	13.88	13.60	13.65	1182503	16205760.00
2018/03/23	13.41	13.43	12.29	12.39	3057600	38868492.00
2018/03/26	12.37	12.59	11.90	12.56	1793710	22026450.00
2018/03/27	12.71	13.08	12.71	13.02	2088410	26969016.00
2018/03/28	12.89	13.10	12.73	12.95	1309837	16957274.00
2018/03/29	12.96	13.49	12.96	13.47	2534954	33731348.00
2018/03/30	13.36	14.10	13.36	13.88	3545939	48972792.00
2018/04/02	13.95	14.30	13.80	13.89	2997718	42242568.00
2018/04/03	13.72	15.28	13.59	14.12	5446237	77409456.00
2018/04/04	14.70	14.86	14.12	14.16	4736214	68435392.00
2018/04/09	13.52	14.44	13.51	14.04	3160198	43860728.00
2018/04/10	14.00	14.03	13.69	13.88	1940750	26872876.00
2018/04/11	13.77	14.60	13.77	14.39	4412674	63215096.00
2018/04/12	14.40	14.49	14.14	14.25	2515720	35922984.00
2018/04/13	14.25	14.46	14.00	14.12	1700400	24191956.00
2018/04/16	14.13	14.25	13.66	13.84	1603819	22279500.00
2018/04/17	13.76	13.94	13.14	13.19	1750300	23656052.00
2018/04/18	13.30	13.45	12.93	13.35	1378600	18212546.00
2018/04/19	13.35	13.69	13.27	13.55	1641600	22226320.00
2018/04/20	13.60	13.60	12.98	13.00	1357600	18025464.00
2018/04/23	13.00	13.18	12.61	12.80	1249259	16058586.00
2018/04/24	12.80	13.20	12.80	13.19	1266200	16534490.00
2018/04/25	13.05	13.40	13.05	13.29	1133700	14999507.00
2018/04/26	13.23	13.39	12.78	12.81	1243900	16203643.00
2018/04/27	12.88	13.10	12.79	12.96	964500	12509424.00
2018/05/02	12.90	12.93	12.33	12.35	1840034	23107988.00
2018/05/03	12.36	12.59	12.22	12.56	1044035	12966914.00
2018/05/04	12.56	12.79	12.47	12.62	841100	10645844.00
2018/05/07	12.80	12.93	12.53	12.88	1411300	18052908.00
2018/05/08	12.89	13.18	12.88	13.10	1647902	21548846.00
2018/05/09	13.10	13.66	13.00	13.56	3271435	43959864.00
2018/05/10	13.80	14.00	13.52	13.67	3515901	48370308.00
2018/05/11	13.97	14.03	13.62	13.66	2847534	39182300.00
2018/05/14	13.22	13.80	13.20	13.55	1843701	24935800.00
2018/05/15	13.59	14.26	13.59	13.89	3277701	45647888.00
2018/05/16	13.80	14.03	13.55	13.65	2099200	28801380.00
2018/05/17	13.66	15.02	13.56	15.02	7778875	114511664.00
2018/05/18	16.52	16.52	15.02	16.52	23285587	379309920.00
2018/05/21	18.17	18.17	18.17	18.17	1709450	31060708.00
2018/05/22	19.40	19.99	18.43	19.99	20540779	398443904.00
2018/05/25	21.99	21.99	21.99	21.99	1903450	41856864.00
2018/05/28	22.79	24.19	22.00	24.19	24893560	587636992.00
2018/05/31	21.78	23.96	21.78	22.87	32650123	736891520.00
2018/06/01	21.77	22.22	20.58	20.58	12722454	269934272.00
2018/06/04	18.55	19.09	18.52	18.52	6954309	129513552.00
2018/06/05	18.03	18.70	17.86	18.65	20714349	378637120.00
2018/06/06	18.48	19.20	18.23	18.66	20777385	387395104.00
2018/06/07	18.42	18.57	17.52	17.91	16622054	300560160.00
2018/06/08	18.05	18.35	17.65	18.23	12650909	228229520.00
2018/06/11	17.89	17.97	17.45	17.75	9496951	167866976.00
2018/06/12	17.61	17.69	16.60	17.36	12822202	219651088.00
2018/06/13	17.15	17.53	16.52	16.61	9570528	163370064.00
2018/06/14	16.35	17.00	16.33	16.65	7190927	120085816.00
2018/06/15	16.42	16.78	15.73	15.76	10187764	164871968.00
2018/06/19	15.53	16.00	14.35	15.01	10980415	167622576.00
2018/06/20	15.07	15.65	14.85	15.39	9747702	149139280.00
2018/06/21	15.28	15.54	14.15	14.24	9600402	142832992.00
2018/06/22	14.17	15.00	14.06	14.79	8356582	122663864.00
2018/06/25	15.18	15.52	14.88	15.02	10445800	158842256.00
2018/06/26	14.70	15.67	14.48	15.35	9760652	148645664.00
2018/06/27	15.65	16.44	15.33	15.52	15824175	250311408.00
2018/06/28	16.05	16.44	15.71	15.83	15301800	244832032.00
2018/06/29	15.48	15.81	14.61	15.74	12671843	193409376.00
2018/07/02	15.41	15.58	14.62	14.87	9912193	150314992.00
2018/07/03	15.07	16.36	15.07	16.36	11104745	175234544.00
2018/07/04	17.00	17.50	16.10	16.69	26377796	443179904.00
2018/07/05	16.00	16.32	15.03	15.15	15132309	236820128.00
2018/07/06	15.01	15.92	14.62	15.31	13297900	204311184.00
2018/07/09	15.38	16.84	15.33	16.84	15647483	254809024.00
2018/07/10	16.99	17.15	16.29	16.86	21016012	351808896.00
2018/07/11	16.20	16.76	15.91	16.52	13190768	216035296.00
2018/07/12	16.07	16.95	16.07	16.66	13932485	231078656.00
2018/07/13	16.65	16.65	16.10	16.19	8265676	134551024.00
2018/07/16	16.04	16.30	15.80	16.24	5704374	91573216.00
2018/07/17	16.04	16.60	15.88	16.48	7892200	128706080.00
2018/07/18	16.42	17.14	16.30	16.78	13915669	233566256.00
2018/07/19	16.91	16.95	16.11	16.70	9069904	150388448.00
2018/07/20	16.58	16.95	16.43	16.50	7952995	132667696.00
2018/07/23	16.15	16.31	14.85	15.17	12745219	196522608.00
2018/07/24	15.16	15.48	14.70	15.46	8001395	121033760.00
2018/07/25	15.36	15.57	15.04	15.10	5965700	90935256.00
2018/07/26	15.00	15.19	14.58	14.94	6246300	93173368.00
2018/07/27	14.99	15.15	14.43	14.48	4929800	72915184.00
2018/07/30	14.50	14.58	13.66	13.75	6159800	86097072.00
2018/07/31	13.90	14.99	13.74	14.59	8800959	127280720.00
2018/08/01	14.20	14.59	13.96	14.01	5909326	84471480.00
2018/08/02	13.72	13.88	12.68	13.16	6754303	88919112.00
2018/08/03	13.20	13.58	13.07	13.13	4165329	55493164.00
2018/08/06	13.05	13.24	12.60	12.70	3404600	43911276.00
2018/08/07	12.74	13.60	12.74	13.33	4787326	63274200.00
2018/08/08	13.25	13.84	13.08	13.35	6819500	92234088.00
2018/08/09	13.10	13.50	12.84	13.44	5729900	75792248.00
2018/08/10	13.41	13.80	13.25	13.67	5927400	80364880.00
2018/08/13	13.35	13.56	13.09	13.48	3928900	52329188.00
2018/08/14	13.46	13.87	13.30	13.72	4923800	67294512.00
2018/08/15	13.74	13.84	13.24	13.30	3646800	48948272.00
2018/08/16	12.99	13.41	12.88	12.99	2588500	33951324.00
2018/08/17	13.09	13.44	12.70	12.73	3300600	43232808.00
2018/08/20	12.73	12.94	12.21	12.64	2859617	35972152.00
2018/08/21	12.63	13.02	12.43	12.91	3289700	42353760.00
2018/08/22	12.85	13.48	12.80	12.96	3917800	51461540.00
2018/08/23	13.30	13.48	12.95	13.06	3454400	45513344.00
2018/08/24	12.89	13.05	12.71	12.85	2797300	35984756.00
2018/08/27	12.90	13.05	12.78	13.03	2670900	34633796.00
2018/08/28	13.04	13.28	12.99	13.25	3855226	50819388.00
2018/08/29	13.22	13.28	12.83	12.91	2616400	34030332.00
2018/08/30	12.98	13.12	12.78	12.80	2129400	27621128.00
2018/08/31	12.84	13.03	12.72	12.84	2093200	26934644.00
2018/09/03	12.84	12.88	12.15	12.47	3153501	39277012.00
2018/09/04	12.31	12.62	12.31	12.51	2840018	35557744.00
2018/09/05	12.52	12.64	12.15	12.17	2930917	36306676.00
2018/09/06	12.30	12.88	12.30	12.52	4655119	58632188.00
2018/09/07	12.43	12.63	12.34	12.63	3719536	46524712.00
2018/09/10	12.62	12.72	12.33	12.47	3375956	42218300.00
2018/09/11	12.37	13.18	12.28	12.89	5518891	70663168.00
2018/09/12	13.00	13.90	12.99	13.13	7279875	97166224.00
2018/09/13	13.20	14.44	13.20	14.44	8168974	114321112.00
2018/09/14	14.44	15.35	14.01	14.38	19552574	289434368.00
2018/09/17	13.91	14.56	13.56	14.36	9671926	135488464.00
2018/09/18	13.82	14.09	13.61	14.03	8479958	117693896.00
2018/09/19	13.91	15.18	13.68	14.78	14051916	205433760.00
2018/09/20	14.52	14.75	14.31	14.59	9038226	131143856.00
2018/09/21	14.50	14.50	14.06	14.28	6161974	87782560.00
2018/09/25	14.60	14.98	14.31	14.45	7305542	107010008.00
2018/09/26	14.09	14.46	14.02	14.27	5529000	78799408.00
2018/09/27	14.15	14.24	13.44	13.51	7200272	98949520.00
2018/09/28	13.59	13.77	13.51	13.67	3330682	45372512.00
2018/10/08	13.77	14.10	13.56	13.86	6363825	88335680.00
2018/10/09	13.60	14.58	13.60	14.52	10512385	149992096.00
2018/10/10	14.36	14.88	14.20	14.66	10074185	146429984.00
2018/10/11	13.80	14.12	13.19	13.19	7619330	104084160.00
2018/10/12	12.68	12.85	11.87	12.50	7149856	88324048.00
2018/10/15	12.51	12.55	12.00	12.03	4190138	51448504.00
2018/10/16	12.05	12.39	12.02	12.07	3028009	36846096.00
2018/10/17	12.26	12.28	11.01	11.59	5581875	64972280.00
2018/10/18	11.31	11.38	10.86	10.86	3755166	41650408.00
2018/10/19	10.51	11.06	10.48	11.00	3008191	32730812.00
2018/10/22	11.20	11.66	11.08	11.61	4461045	50992152.00
2018/10/23	11.48	11.71	11.22	11.30	3574656	40753144.00
2018/10/24	11.26	11.44	11.12	11.23	2874800	32327070.00
2018/10/25	10.78	11.21	10.60	11.00	3027789	32963452.00
2018/10/26	11.09	11.38	11.00	11.10	2652277	29624540.00
2018/10/29	11.09	11.27	10.91	10.99	1835600	20330194.00
2018/10/30	11.09	11.16	10.73	11.07	2149800	23562626.00
2018/10/31	11.20	11.66	11.15	11.46	4217500	48324856.00
2018/11/01	11.36	11.63	11.33	11.42	3869600	44463632.00
2018/11/02	11.66	12.15	11.38	11.97	7156299	84205128.00
2018/11/05	12.00	13.17	11.88	13.17	13926673	178226128.00
2018/11/06	12.88	12.99	12.49	12.63	9816884	124927856.00
2018/11/07	12.31	12.80	12.28	12.50	6423400	80757408.00
2018/11/08	12.57	13.08	12.57	12.68	7438099	95085112.00
2018/11/09	12.51	12.68	12.21	12.29	4690100	58033512.00
2018/11/12	12.39	12.60	12.35	12.54	3751700	46808196.00
2018/11/13	12.35	12.85	12.35	12.61	5696099	72018488.00
2018/11/14	12.59	12.89	12.49	12.68	6612084	84107952.00
2018/11/15	12.96	13.42	12.84	13.17	9510825	124795712.00
2018/11/16	12.85	13.10	12.78	12.86	6509500	84114928.00
2018/11/19	12.89	13.26	12.89	13.07	5573000	72886592.00
2018/11/20	12.90	13.02	12.38	12.53	4618202	58699816.00
2018/11/21	12.20	12.53	12.20	12.48	2740789	33972104.00
2018/11/22	12.57	12.80	12.45	12.60	3028591	38164540.00
2018/11/23	12.65	12.66	11.60	11.66	4781300	57202836.00
2018/11/26	11.51	11.98	11.51	11.76	2102200	24720264.00
2018/11/27	11.85	12.08	11.81	11.87	2634900	31452176.00
2018/11/28	11.93	12.40	11.90	12.24	3924656	47904548.00
2018/11/29	12.23	13.14	12.08	12.37	6604700	83207472.00
2018/11/30	12.37	12.48	11.62	12.39	5401356	65519860.00
2018/12/03	13.28	13.50	12.70	12.90	11028386	144036304.00
2018/12/04	12.70	13.82	12.60	13.66	13131566	172757232.00
2018/12/05	13.15	13.60	13.03	13.14	9118879	120736512.00
2018/12/06	13.10	13.30	12.68	12.71	5949056	76509176.00
2018/12/07	12.61	12.74	12.40	12.42	3666400	46068728.00
2018/12/10	12.08	12.39	11.92	12.18	3798300	46237036.00
2018/12/11	12.21	12.24	11.95	12.14	2788600	33737176.00
2018/12/12	12.15	12.27	12.07	12.21	2361800	28766026.00
2018/12/13	12.30	12.61	12.18	12.49	4114277	51305512.00
2018/12/14	12.45	12.45	11.99	11.99	3759351	45709824.00
2018/12/17	11.93	11.93	11.55	11.83	2613151	30637902.00
2018/12/18	11.79	11.84	11.59	11.68	1708675	19957852.00
2018/12/19	11.67	11.74	11.50	11.51	1549243	17936100.00
2018/12/20	11.51	11.80	11.51	11.80	2099245	24576772.00
2018/12/21	11.78	11.89	11.65	11.77	1559860	18311228.00
2018/12/24	11.90	12.06	11.78	12.00	2017873	24132096.00
2018/12/25	11.87	11.88	11.22	11.53	2970525	34035456.00
2018/12/26	11.42	11.58	11.42	11.44	1329100	15254207.00
2018/12/27	11.72	12.00	11.28	11.29	2350975	27413038.00
2018/12/28	11.31	11.47	11.10	11.24	1767700	19864492.00
2019/01/02	11.14	11.27	11.13	11.20	1241200	13901126.00
2019/01/03	11.20	11.28	11.11	11.16	1234425	13826927.00
2019/01/04	11.12	11.48	10.90	11.47	2606089	29419456.00
2019/01/07	11.48	11.79	11.48	11.77	2756523	32128160.00
2019/01/08	11.76	11.98	11.53	11.91	3289526	38960200.00
2019/01/09	11.91	11.98	11.73	11.75	3232996	38302932.00
2019/01/10	11.85	12.33	11.82	11.95	4828618	58231376.00
2019/01/11	11.89	11.90	11.63	11.88	3067763	36128008.00
2019/01/14	11.82	11.96	11.70	11.75	2179775	25715272.00
2019/01/15	11.79	11.91	11.73	11.89	2012738	23791216.00
2019/01/16	11.80	11.94	11.74	11.76	1798600	21241792.00
2019/01/17	11.85	11.87	11.60	11.60	1534175	18053832.00
2019/01/18	11.65	11.86	11.64	11.83	2610900	30766108.00
2019/01/21	11.80	12.01	11.78	11.93	2395200	28542040.00
2019/01/22	11.88	11.93	11.62	11.67	2018300	23665146.00
2019/01/23	11.60	11.80	11.56	11.67	1616000	18830904.00
2019/01/24	11.62	11.77	11.62	11.71	1675700	19645200.00
2019/01/25	11.71	11.77	11.48	11.50	1685000	19568500.00
2019/01/28	11.56	11.71	11.53	11.55	1422244	16531753.00
2019/01/29	11.51	11.52	10.90	11.28	1871944	20937552.00
2019/01/30	11.42	11.64	11.34	11.36	2203700	25397316.00
2019/01/31	11.30	11.45	11.01	11.20	2147999	24073748.00
2019/02/01	11.17	11.40	11.17	11.40	2207499	24943840.00
2019/02/11	11.36	11.72	11.36	11.70	2440788	28288236.00
2019/02/12	11.78	11.85	11.65	11.80	2788900	32753934.00
2019/02/13	11.89	11.95	11.74	11.91	3595969	42654220.00
2019/02/14	11.91	12.19	11.91	12.03	3969244	47768328.00
2019/02/15	12.03	12.09	11.89	11.93	2793669	33463060.00
2019/02/18	12.06	12.26	12.03	12.26	4206925	51175664.00
2019/02/19	12.31	12.42	12.02	12.40	4675900	57186488.00
2019/02/20	12.40	12.44	12.21	12.43	3616300	44619916.00
2019/02/21	12.43	12.55	12.15	12.23	5162346	63958092.00
2019/02/22	12.18	12.45	12.18	12.45	4212900	51958484.00
2019/02/25	12.60	12.94	12.42	12.94	6621364	84173824.00
2019/02/26	12.91	13.20	12.60	12.87	7678992	98991248.00
2019/02/27	12.81	13.07	12.65	12.75	4981492	64067140.00
2019/02/28	12.84	13.19	12.72	12.87	3986513	51541764.00
2019/03/01	12.84	12.97	12.76	12.89	2823213	36274928.00
2019/03/04	12.90	13.29	12.83	12.93	6346294	82679808.00
2019/03/05	12.84	13.20	12.70	13.18	5782032	75258080.00
2019/03/06	13.32	13.60	13.10	13.46	7955428	106128000.00
2019/03/07	13.50	13.78	13.32	13.65	7485011	101504368.00
2019/03/08	13.36	13.71	12.82	12.84	6548306	86869264.00
2019/03/11	12.79	13.39	12.79	13.39	5091201	67040656.00
2019/03/12	13.69	14.09	13.44	13.76	7728914	106194160.00
2019/03/13	13.80	14.12	13.60	13.76	6145158	85328816.00
2019/03/14	13.82	14.10	13.20	13.34	4761543	64739848.00
2019/03/15	13.45	13.88	13.40	13.81	4584538	62412240.00
2019/03/18	13.82	14.22	13.61	14.19	6387736	88918048.00
2019/03/19	14.18	14.51	14.03	14.33	7759781	110947584.00
2019/03/20	14.33	14.41	13.80	14.09	5700676	80126728.00
2019/03/21	14.08	14.27	13.90	14.13	4761094	67164608.00
2019/03/22	14.00	14.14	13.85	14.07	3438200	48013172.00
2019/03/25	13.80	13.99	13.70	13.84	3114800	43224484.00
2019/03/26	13.91	13.95	13.30	13.32	4518872	61263836.00
2019/03/27	13.39	13.55	13.20	13.43	3799469	50730520.00
2019/03/28	13.30	13.57	13.22	13.26	2750764	36876584.00
2019/03/29	13.30	13.74	13.24	13.69	3279574	44281824.00
2019/04/01	13.72	14.12	13.68	14.07	5346024	74600728.00
2019/04/02	14.19	14.25	13.95	14.12	4485793	63136500.00
2019/04/03	14.08	14.50	14.02	14.46	5907943	84885376.00
2019/04/04	14.40	15.11	14.26	14.90	8042679	118232096.00
2019/04/08	15.03	15.10	14.31	14.58	6285329	92187936.00
2019/04/09	14.67	14.71	14.20	14.40	3871100	55795664.00
2019/04/10	14.31	14.67	14.13	14.49	3915819	56444480.00
2019/04/11	14.47	14.88	14.33	14.65	4326526	63231896.00
2019/04/12	14.61	14.78	14.43	14.66	3100700	45299068.00
2019/04/15	14.83	15.12	14.56	14.56	4561481	67847176.00
2019/04/16	14.59	15.06	14.28	15.00	5858922	86483984.00
2019/04/17	15.10	15.14	14.80	14.93	4735800	70624832.00
2019/04/18	14.85	14.98	14.60	14.66	3089249	45557732.00
2019/04/19	14.65	15.29	14.61	15.04	4667172	69627824.00
2019/04/22	14.99	15.88	14.98	15.34	7261725	112071920.00
2019/04/23	15.31	15.66	14.90	14.94	4973222	75496800.00
2019/04/24	14.91	15.19	14.48	14.79	3474168	51117244.00
2019/04/25	14.73	14.73	13.82	13.84	3571800	51202240.00
2019/04/26	13.80	14.04	13.68	13.92	2413389	33512456.00
2019/04/29	13.81	13.92	13.02	13.20	3483171	46970232.00
2019/04/30	13.18	14.09	13.18	14.09	3272725	45055848.00
2019/05/06	13.65	13.79	12.73	12.75	4494137	59414888.00
2019/05/07	12.86	13.12	12.69	12.92	2371269	30612984.00
2019/05/08	12.78	12.99	12.38	12.68	1905022	24288826.00
2019/05/09	12.75	13.10	12.63	12.72	1612661	20645200.00
2019/05/10	12.88	13.18	12.70	13.09	2483912	32268362.00
2019/05/13	12.93	13.31	12.80	13.19	2310076	30274220.00
2019/05/14	13.10	13.19	12.82	12.90	2102900	27246560.00
2019/05/15	13.10	13.75	12.98	13.67	4215461	56654928.00
2019/05/16	13.68	13.80	13.51	13.80	3168361	43257828.00
2019/05/17	14.05	14.06	13.01	13.16	2828956	37975152.00
2019/05/20	13.17	13.72	12.79	13.66	1993900	26444432.00
2019/05/21	13.52	13.80	13.48	13.69	2439494	33344176.00
2019/05/22	13.26	13.26	12.67	12.88	2214500	28548380.00
2019/05/23	12.84	12.84	12.37	12.38	1798200	22556362.00
2019/05/24	12.08	12.50	12.08	12.17	1140195	14009923.00
2019/05/27	12.20	12.59	12.19	12.45	1312100	16233736.00
2019/05/28	12.45	12.59	12.30	12.33	1402000	17466722.00
2019/05/29	12.39	12.49	12.26	12.36	963229	11933823.00
2019/05/30	12.57	13.10	12.57	12.96	4258029	54483352.00
2019/05/31	12.86	13.79	12.86	13.39	5968210	79741800.00
2019/06/03	13.24	13.34	12.90	13.03	3359210	44002376.00
2019/06/04	12.92	13.03	12.23	12.31	3000000	37609512.00
2019/06/05	12.43	12.80	12.37	12.61	2112500	26579584.00
2019/06/06	12.54	12.55	11.95	12.24	2296900	27993284.00
2019/06/10	12.29	12.60	12.14	12.45	1515600	18745284.00
2019/06/11	12.48	12.78	12.35	12.74	2216450	28009660.00
2019/06/12	12.66	13.30	12.58	12.99	3659824	47383800.00
2019/06/13	12.99	13.25	12.70	13.06	2848800	36774112.00
2019/06/14	12.99	13.07	12.43	12.43	2351730	30003144.00
2019/06/17	12.32	12.59	12.32	12.42	967400	12057939.00
2019/06/18	12.40	12.52	12.30	12.40	761300	9444419.00
2019/06/19	13.10	13.11	12.65	12.72	2476200	31677092.00
2019/06/20	12.62	13.04	12.62	12.98	2705553	34861068.00
2019/06/21	13.08	13.24	13.00	13.14	3297310	43286324.00
2019/06/24	13.06	13.22	13.01	13.13	1957210	25631928.00
2019/06/25	13.11	13.68	13.04	13.25	4905200	65412696.00
2019/06/26	13.15	13.73	13.00	13.54	4883210	65735004.00
2019/06/27	13.52	13.60	13.31	13.43	3177110	42577516.00
2019/06/28	13.38	13.40	13.06	13.23	2412100	31895644.00
2019/07/01	13.58	13.70	13.42	13.54	4685056	63399744.00
2019/07/02	13.51	13.62	13.39	13.53	2714880	36666272.00
2019/07/03	13.29	13.35	13.10	13.12	2643900	34905192.00
2019/07/04	13.20	13.44	13.17	13.23	2295400	30538048.00
2019/07/05	13.23	13.44	13.15	13.23	1349740	17897608.00
2019/07/08	13.34	13.34	12.62	12.77	2539707	32816542.00
2019/07/09	12.71	13.06	12.69	12.87	1494900	19267630.00
2019/07/10	12.90	12.99	12.71	12.78	1160200	14904197.00
2019/07/11	12.99	13.21	12.90	12.97	1968700	25706220.00
2019/07/12	13.00	13.09	12.76	12.88	1617976	20824412.00
2019/07/15	12.89	12.93	12.66	12.90	1330900	17030880.00
2019/07/16	12.90	12.96	12.76	12.84	1038069	13325873.00
2019/07/17	12.71	12.84	12.71	12.76	1084801	13854822.00
2019/07/18	12.83	12.83	12.40	12.42	1934188	24201232.00
2019/07/19	12.39	12.63	12.36	12.37	1109417	13870645.00
2019/07/22	12.48	12.48	12.01	12.38	1702274	20849288.00
2019/07/23	12.25	12.43	12.25	12.41	992700	12270998.00
2019/07/24	12.41	12.65	12.41	12.55	1389161	17421040.00
2019/07/25	12.44	12.57	12.35	12.45	1252561	15559985.00
2019/07/26	12.41	12.55	12.33	12.50	1029600	12793130.00
2019/07/29	12.45	12.55	12.38	12.40	726900	9062517.00
2019/07/30	12.40	12.59	12.40	12.53	832000	10410283.00
2019/07/31	12.65	12.65	12.36	12.38	926269	11532664.00
2019/08/01	12.38	12.48	12.17	12.38	972200	12021890.00
2019/08/02	12.10	12.11	11.88	12.07	1554700	18703210.00
2019/08/05	12.07	12.22	11.96	12.06	829100	10035276.00
2019/08/06	11.82	11.99	11.32	11.61	1798416	21028444.00
2019/08/07	11.73	11.76	11.50	11.66	854400	9951453.00
2019/08/08	11.65	11.74	11.60	11.67	904900	10561678.00
2019/08/09	11.74	11.76	11.31	11.46	882917	10222342.00
2019/08/12	11.40	11.56	11.37	11.53	605217	6942245.00
2019/08/13	11.53	11.70	11.38	11.58	815500	9451016.00
2019/08/14	11.71	11.77	11.63	11.64	852376	9974664.00
2019/08/15	11.31	11.55	11.31	11.49	956687	10921768.00
2019/08/16	11.49	11.65	11.44	11.49	800050	9214457.00
2019/08/19	11.51	11.81	11.51	11.79	1237900	14483359.00
2019/08/20	11.80	11.84	11.73	11.75	824900	9723899.00
2019/08/21	11.70	11.95	11.70	11.79	816800	9638821.00
2019/08/22	11.80	11.94	11.70	11.84	962800	11393587.00
2019/08/23	11.89	11.95	11.78	11.86	801000	9498500.00
2019/08/26	11.72	11.76	11.50	11.66	858600	10004922.00
2019/08/27	11.70	11.90	11.70	11.85	1179900	13971364.00
2019/08/28	11.87	11.92	11.81	11.90	649900	7715721.00
2019/08/29	11.94	11.94	11.81	11.81	981188	11653856.00
2019/08/30	11.84	12.00	11.67	11.76	1180400	13988665.00
2019/09/02	12.10	12.32	12.00	12.22	2436346	29695668.00
2019/09/03	12.24	12.64	12.12	12.53	2835334	35218976.00
2019/09/04	12.65	12.65	12.33	12.51	1430830	17816336.00
2019/09/05	12.53	12.72	12.52	12.55	2229600	28108004.00
2019/09/06	12.56	12.67	12.39	12.49	1318100	16447947.00
2019/09/09	12.60	12.75	12.53	12.72	1640800	20774114.00
2019/09/10	12.80	13.04	12.72	12.85	1567800	20186996.00
2019/09/11	12.88	12.96	12.70	12.78	1142800	14641940.00
2019/09/12	12.76	12.90	12.70	12.78	1082200	13809923.00
2019/09/16	13.50	13.75	12.96	13.03	4752537	63071004.00
2019/09/17	13.30	13.35	12.87	13.22	5125101	67342544.00
2019/09/18	12.80	12.90	12.59	12.63	3540581	45093112.00
2019/09/19	12.76	12.76	12.50	12.54	1722700	21629696.00
2019/09/20	12.58	12.71	12.53	12.57	1096353	13814474.00
2019/09/23	12.51	12.67	12.41	12.60	1064530	13337573.00
2019/09/24	12.63	12.72	12.56	12.59	992999	12538705.00
2019/09/25	12.60	12.60	12.22	12.26	1300099	16018303.00
2019/09/26	12.37	12.51	12.08	12.08	1242100	15294096.00
2019/09/27	12.34	12.34	12.08	12.24	772900	9432273.00
2019/09/30	12.35	12.45	12.17	12.40	1126600	13915389.00
2019/10/08	12.34	12.44	12.23	12.39	1080454	13318698.00
2019/10/09	12.30	12.56	12.24	12.54	1439588	17961074.00
2019/10/10	12.59	12.68	12.50	12.63	1250453	15721463.00
2019/10/11	12.75	13.04	12.64	12.90	2648800	34060716.00
2019/10/14	12.97	13.02	12.76	12.96	2248884	28968132.00
2019/10/15	12.95	12.95	12.75	12.86	1600888	20516780.00
2019/10/16	12.86	12.98	12.80	12.84	1312200	16917240.00
2019/10/17	12.72	12.94	12.70	12.74	955400	12239546.00
2019/10/18	12.72	13.18	12.72	12.79	2067900	26766888.00
2019/10/21	12.62	12.71	12.32	12.45	1566853	19492196.00
2019/10/22	12.47	12.90	12.40	12.86	1469600	18641372.00
2019/10/23	12.97	12.97	12.58	12.61	1202500	15308281.00
2019/10/24	12.73	13.29	12.61	13.21	4508100	59131400.00
2019/10/25	13.25	13.26	12.90	13.11	3367984	43844952.00
2019/10/28	12.91	13.17	12.89	13.15	3240588	42147984.00
2019/10/29	13.10	13.10	12.82	12.84	2096206	27143034.00
2019/10/30	12.93	13.37	12.86	13.30	5762354	76082792.00
2019/10/31	13.24	13.42	13.02	13.09	4940508	65272492.00
2019/11/01	13.11	13.20	12.75	12.95	3791652	48793592.00
2019/11/04	13.01	13.08	12.76	12.83	2894435	37421880.00
2019/11/05	12.90	13.05	12.77	12.82	2452533	31618644.00
2019/11/06	12.80	12.87	12.34	12.46	3825700	48137896.00
2019/11/07	12.41	12.65	12.31	12.53	1724000	21583272.00
2019/11/08	12.51	12.81	12.51	12.60	1704500	21628708.00
2019/11/11	12.51	12.56	12.14	12.22	1991853	24501732.00
2019/11/12	12.20	12.27	11.96	12.09	1333700	16149395.00
2019/11/13	12.13	12.16	11.98	11.99	867100	10453888.00
2019/11/14	12.05	12.13	11.97	12.01	936935	11266315.00
2019/11/15	12.01	12.05	11.76	11.78	1141200	13548326.00
2019/11/18	11.78	11.98	11.68	11.91	862808	10242980.00
2019/11/19	11.95	12.09	11.88	12.09	890321	10721001.00
2019/11/20	11.99	12.09	11.92	11.94	898000	10788718.00
2019/11/21	11.98	12.32	11.98	12.04	862305	10422439.00
2019/11/22	12.04	12.15	11.90	11.98	1004300	12109792.00
2019/11/25	11.97	12.28	11.91	12.23	1213100	14706728.00
2019/11/26	12.16	12.27	12.15	12.21	458400	5597787.00
2019/11/27	12.20	12.29	12.13	12.22	766208	9351734.00
2019/11/28	12.23	12.32	12.15	12.16	628800	7689841.00
2019/11/29	12.16	12.24	12.03	12.08	682300	8263242.00
2019/12/02	12.08	12.09	11.82	11.88	964500	11513505.00
2019/12/03	11.81	12.05	11.81	12.02	669300	8013954.00
2019/12/04	11.95	12.07	11.91	12.04	416900	5010409.00
2019/12/05	12.05	12.14	12.05	12.11	707800	8565660.00
2019/12/06	12.16	12.16	12.03	12.11	673900	8152208.00
2019/12/09	12.11	12.29	12.11	12.21	1044600	12768672.00
2019/12/10	12.21	12.27	12.12	12.24	1011400	12341754.00
2019/12/11	12.24	12.29	12.14	12.27	761200	9316007.00
2019/12/12	12.30	12.31	12.06	12.11	1029000	12491494.00
2019/12/13	12.26	12.26	12.12	12.20	982400	11950025.00
2019/12/16	12.26	12.53	12.17	12.49	1929500	23856496.00
2019/12/17	12.49	12.63	12.40	12.53	1839400	23044366.00
2019/12/18	12.59	12.60	12.45	12.57	1372000	17178190.00
2019/12/19	12.60	12.70	12.50	12.63	1275300	16082535.00
2019/12/20	12.70	12.73	12.52	12.53	931400	11732980.00
2019/12/23	12.49	12.66	12.25	12.32	1268900	15765303.00
2019/12/24	12.32	12.51	12.31	12.50	949900	11784928.00
2019/12/25	12.41	12.93	12.41	12.85	3141600	40077456.00
2019/12/26	12.85	13.14	12.80	13.03	3669551	47680384.00
2019/12/27	13.06	13.28	12.90	12.90	2479400	32334868.00
2019/12/30	12.97	13.30	12.91	13.23	3028982	39822804.00
2019/12/31	13.15	13.23	13.06	13.17	1716300	22584616.00
2020/01/02	13.20	13.48	13.18	13.26	2040300	27122702.00
2020/01/03	13.27	13.57	13.15	13.32	2432472	32504398.00
2020/01/06	13.30	13.87	13.30	13.48	3945900	53543684.00
2020/01/07	13.35	13.47	13.15	13.32	3821607	50673648.00
2020/01/08	13.38	13.54	13.10	13.16	2430283	32284732.00
2020/01/09	13.00	13.32	13.00	13.23	2812101	37116944.00
2020/01/10	13.33	13.36	13.08	13.15	2040728	26937200.00
2020/01/13	13.15	13.22	12.98	13.20	1782600	23338618.00
2020/01/14	13.22	13.46	13.17	13.26	1919982	25516620.00
2020/01/15	13.26	13.27	13.07	13.16	1328672	17462104.00
2020/01/16	13.17	13.28	12.99	13.03	1595100	20916872.00
2020/01/17	13.07	13.12	12.90	12.92	1476945	19189680.00
2020/01/20	12.95	13.03	12.83	13.03	1262017	16316173.00
2020/01/21	13.09	13.10	12.83	12.96	1316025	17061190.00
2020/01/22	12.91	13.02	12.71	12.89	1350961	17375436.00
2020/01/23	12.89	12.90	12.33	12.48	1907160	24119020.00
2020/02/03	11.23	11.23	11.23	11.23	684100	7682443.00
2020/02/04	10.24	11.07	10.24	10.82	1999753	21666578.00
2020/02/05	10.94	11.19	10.88	11.03	1560012	17242994.00
2020/02/06	11.12	11.26	11.02	11.18	1644100	18318496.00
2020/02/07	11.18	11.20	11.00	11.16	1997651	22168494.00
2020/02/10	11.15	11.38	11.06	11.31	1649901	18501328.00
2020/02/11	11.37	11.45	11.19	11.30	1818800	20563552.00
2020/02/12	11.26	11.42	11.20	11.40	1542500	17475548.00
2020/02/13	11.40	11.46	11.20	11.20	1863400	21118874.00
2020/02/14	11.20	11.27	11.10	11.18	1115900	12467085.00
2020/02/17	11.18	11.50	11.16	11.48	2139507	24363904.00
2020/02/18	11.54	11.69	11.45	11.67	2212600	25586344.00
2020/02/19	11.66	11.70	11.53	11.56	1674700	19459924.00
2020/02/20	11.63	11.77	11.53	11.77	2410758	28114912.00
2020/02/21	11.87	11.87	11.73	11.78	2249751	26477840.00
2020/02/24	11.68	11.77	11.52	11.69	2267737	26358716.00
2020/02/25	11.33	11.45	11.11	11.43	3075651	34790048.00
2020/02/26	11.25	11.47	11.21	11.36	2309576	26245070.00
2020/02/27	11.36	11.48	11.27	11.45	1727700	19708104.00
2020/02/28	11.28	11.28	10.90	10.92	2864400	31695300.00
2020/03/02	10.87	11.39	10.86	11.36	1822900	20448978.00
2020/03/03	11.56	11.57	11.23	11.30	2039100	23280196.00
2020/03/04	11.35	11.44	11.20	11.42	1663912	18877746.00
2020/03/05	11.52	11.64	11.42	11.64	2891904	33357068.00
2020/03/06	11.35	11.85	11.30	11.74	2835613	33088872.00
2020/03/09	11.44	11.55	11.33	11.35	2492100	28488308.00
2020/03/10	11.21	11.42	10.86	11.39	3642376	40758348.00
2020/03/11	11.40	11.62	11.33	11.33	3090200	35406224.00
2020/03/12	11.26	11.26	10.92	11.13	2497300	27644576.00
2020/03/13	10.69	11.10	10.50	11.09	2053237	22332448.00
2020/03/16	11.14	11.21	10.72	10.74	1524000	16758039.00
2020/03/17	10.85	10.89	10.00	10.77	1778650	18715168.00
2020/03/18	10.75	10.91	10.66	10.79	2012825	21777556.00
2020/03/19	10.69	10.91	10.60	10.91	1360432	14664230.00
2020/03/20	11.05	11.22	10.95	11.16	1389100	15415106.00
2020/03/23	11.00	11.46	11.00	11.27	3294800	37277748.00
2020/03/24	11.41	11.56	11.29	11.55	3123125	35697852.00
2020/03/25	11.70	11.74	11.37	11.63	3161200	36566912.00
2020/03/26	11.53	11.69	11.45	11.52	2094725	24228822.00
2020/03/27	11.71	11.71	11.48	11.60	2379701	27575804.00
2020/03/30	11.58	12.20	11.33	12.20	1605475	18658008.00
2020/03/31	11.95	13.41	11.75	12.75	14010124	176323040.00
2020/04/01	12.30	12.30	11.48	11.58	9400082	110482112.00
2020/04/02	11.20	11.46	10.90	11.35	5295375	59029528.00
2020/04/03	11.33	11.36	10.95	10.97	3717555	41225360.00
2020/04/07	11.04	11.25	11.02	11.13	2777712	30838012.00
2020/04/08	11.04	11.13	10.98	11.09	2162815	23885924.00
2020/04/09	11.18	11.18	11.07	11.10	1808503	20092364.00
2020/04/10	11.11	11.11	10.76	10.86	2001704	21892478.00
2020/04/13	10.95	11.06	10.88	10.96	1229200	13492408.00
2020/04/14	10.98	11.05	10.93	11.05	1293650	14222772.00
2020/04/15	11.08	11.10	10.88	10.93	1523263	16711084.00
2020/04/16	10.86	10.98	10.86	10.88	987100	10750202.00
2020/04/17	10.93	11.06	10.88	10.88	1357100	14860423.00
2020/04/20	10.81	11.08	10.80	11.04	1750363	19249838.00
2020/04/21	10.91	11.11	10.86	11.10	1468412	16150880.00
2020/04/22	10.97	11.24	10.96	11.19	2094939	23278576.00
2020/04/23	11.19	11.61	11.13	11.46	4354340	49941236.00
2020/04/24	11.46	11.54	11.12	11.31	1746700	19685076.00
2020/04/27	11.32	11.40	11.12	11.37	1218338	13668047.00
2020/04/28	11.50	11.50	10.85	10.98	2289412	25317144.00
2020/04/29	10.83	11.00	10.65	10.73	1786838	19262446.00
2020/04/30	10.79	11.20	10.72	11.15	3462727	38182268.00
2020/05/06	11.15	11.65	11.01	11.37	4415500	50276404.00
2020/05/07	11.38	11.76	11.28	11.66	5605139	64991008.00
2020/05/08	11.70	11.70	11.46	11.55	2727625	31497328.00
2020/05/11	11.65	12.23	11.50	11.95	7471206	89084384.00
2020/05/12	11.99	12.07	11.55	12.00	6350606	75177256.00
2020/05/13	12.36	12.77	11.87	12.08	7236620	89029320.00
2020/05/14	11.95	11.95	11.40	11.43	4679207	53956384.00
2020/05/15	11.43	11.49	11.08	11.08	3997526	44774072.00
2020/05/18	11.09	11.18	10.94	11.01	2350600	25934196.00
2020/05/19	11.06	11.14	10.92	11.05	2084000	22938802.00
2020/05/20	11.00	11.03	10.82	10.85	1940500	21140158.00
2020/05/21	10.90	11.06	10.89	10.94	1351800	14797473.00
2020/05/22	10.88	11.03	10.85	10.93	985612	10773981.00
2020/05/25	10.85	11.04	10.83	11.02	905912	9956062.00
2020/05/26	11.05	11.06	10.96	11.01	1426707	15685506.00
2020/05/27	11.01	11.09	10.94	11.03	1063800	11734797.00
2020/05/28	11.00	11.06	10.81	10.89	1293118	14113652.00
2020/05/29	10.92	11.04	10.84	11.00	1213018	13324023.00
2020/06/01	11.05	11.23	10.91	11.17	1853620	20685416.00
2020/06/02	11.31	11.45	11.16	11.42	2148607	24400304.00
2020/06/03	11.42	11.57	11.30	11.30	1894700	21680610.00
2020/06/04	11.33	11.56	11.30	11.35	1120918	12728796.00
2020/06/05	11.35	11.50	11.24	11.47	1470200	16745345.00
2020/06/08	11.59	11.59	11.29	11.36	2022100	23006600.00
2020/06/09	10.91	10.91	10.65	10.72	1468720	15773617.00
2020/06/10	10.75	10.76	10.59	10.63	1228700	13079202.00
2020/06/11	10.59	10.69	10.50	10.56	962200	10203973.00
2020/06/12	10.46	10.62	10.43	10.57	933400	9828945.00
2020/06/15	10.52	10.67	10.51	10.67	789548	8380897.00
2020/06/16	10.67	10.91	10.64	10.83	1522700	16451856.00
2020/06/17	10.80	10.86	10.71	10.81	855025	9214720.00
2020/06/18	10.83	10.83	10.71	10.73	740000	7946359.00
2020/06/19	10.75	10.80	10.72	10.80	763600	8224430.00
2020/06/22	10.79	10.80	10.64	10.65	1022200	10944398.00
2020/06/23	10.67	10.70	10.50	10.54	1125118	11873879.00
2020/06/24	10.56	10.56	10.41	10.42	1117518	11674940.00
2020/06/29	10.43	10.44	10.33	10.41	705425	7326245.00
2020/06/30	10.41	10.59	10.41	10.53	638518	6713700.00
2020/07/01	10.56	10.58	10.42	10.50	762400	7982385.00
2020/07/02	10.51	10.76	10.40	10.69	1809100	19232616.00
2020/07/03	10.73	10.89	10.69	10.89	1941700	20934648.00
2020/07/06	10.84	11.17	10.83	11.16	2755379	30461512.00
2020/07/07	11.17	11.26	11.04	11.12	3808226	42479128.00
2020/07/08	11.10	11.30	11.03	11.24	2083100	23276052.00
2020/07/09	11.28	11.49	11.18	11.43	2791900	31613462.00
2020/07/10	11.38	11.38	11.11	11.28	4332354	48626400.00
2020/07/13	11.34	11.54	11.26	11.53	5088300	58365252.00
2020/07/14	11.52	11.56	11.21	11.40	2590401	29512508.00
2020/07/15	11.40	11.47	11.10	11.14	2459275	27652194.00
2020/07/16	11.18	11.30	11.00	11.04	3347300	37386648.00
2020/07/17	11.10	11.59	10.98	11.57	4757926	53867888.00
2020/07/20	11.59	11.98	11.56	11.85	4709900	55844032.00
2020/07/21	11.79	11.95	11.64	11.80	2956748	34844104.00
2020/07/22	12.00	12.00	11.68	11.81	2955086	34879380.00
2020/07/23	11.80	12.63	11.39	12.25	5932850	71214864.00
2020/07/24	12.20	12.39	11.79	11.96	3156600	37992300.00
2020/07/27	11.90	12.08	11.52	11.98	2103900	24919044.00
2020/07/28	12.00	12.35	11.90	12.14	2409699	29274844.00
2020/07/29	12.20	12.30	12.00	12.15	1741800	21111294.00
2020/07/30	12.15	12.25	11.92	12.00	2029700	24470368.00
2020/07/31	11.94	12.03	11.75	11.81	2297450	27243068.00
2020/08/03	11.88	12.59	11.88	12.49	3455038	42387828.00
2020/08/04	12.46	13.13	12.33	13.02	5990645	76863704.00
2020/08/05	12.97	14.14	12.81	13.93	8036220	108905312.00
2020/08/06	13.93	14.06	13.16	13.26	5880420	78905184.00
2020/08/07	13.70	13.70	12.89	13.00	2887273	37764868.00
2020/08/10	12.91	13.14	12.89	13.00	1695701	22096590.00
2020/08/11	13.06	13.24	12.70	13.06	2651301	34415648.00
2020/08/12	12.91	13.16	12.65	13.10	1923376	24864040.00
2020/08/13	13.05	13.75	13.05	13.36	2931080	39354724.00
2020/08/14	13.32	13.44	12.90	13.10	1823500	23912912.00
2020/08/17	13.16	13.35	13.02	13.24	1366200	18012424.00
2020/08/18	14.00	14.00	13.17	13.25	1927100	25794356.00
2020/08/19	13.25	13.25	12.79	12.81	2063400	26724768.00
2020/08/20	12.77	12.94	12.60	12.60	1195000	15169710.00
2020/08/21	12.55	12.80	12.45	12.55	1351600	17018052.00
2020/08/24	12.61	12.78	12.52	12.72	890800	11287453.00
2020/08/25	12.77	12.77	12.29	12.30	1991100	24728486.00
2020/08/26	12.25	12.37	11.85	11.89	1390200	16775247.00
2020/08/27	11.87	12.29	11.80	12.20	1341300	16207510.00
2020/08/28	12.21	12.75	12.12	12.42	1891250	23539132.00
2020/08/31	12.37	12.63	12.30	12.44	1070600	13388717.00
2020/09/01	12.38	12.54	12.32	12.48	781920	9696518.00
2020/09/02	12.39	12.52	12.19	12.29	1157900	14257697.00
2020/09/03	12.31	12.36	11.93	12.01	1326300	15993072.00
2020/09/04	11.83	12.15	11.74	12.13	893500	10680163.00
2020/09/07	12.11	12.33	11.86	11.97	1409800	17030668.00
2020/09/08	11.92	12.41	11.92	12.35	1615200	19711242.00
2020/09/09	12.26	12.66	12.15	12.52	2150607	26742700.00
2020/09/10	12.58	12.65	12.08	12.08	1866707	22956662.00
2020/09/11	12.25	12.25	11.92	12.00	1070800	12880721.00
2020/09/14	11.92	12.09	11.50	11.55	2455250	28725802.00
2020/09/15	11.61	11.64	11.35	11.50	1631900	18665652.00
2020/09/16	11.50	11.64	11.33	11.42	1717400	19735092.00
2020/09/17	11.41	11.53	11.24	11.46	1072307	12217677.00
2020/09/18	11.50	11.55	11.35	11.51	1049300	12040942.00
2020/09/21	11.52	11.62	11.17	11.20	2169870	24627920.00
2020/09/22	11.38	11.38	10.96	10.98	2008494	22216136.00
2020/09/23	10.97	11.20	10.95	11.13	1008700	11160151.00
2020/09/24	11.82	11.82	10.70	10.72	2582514	28382964.00
2020/09/25	10.70	10.89	10.61	10.76	858150	9195381.00
2020/09/28	10.75	10.81	10.60	10.66	560500	5996251.00
2020/09/29	10.62	10.83	10.58	10.66	590300	6323229.00
2020/09/30	10.76	10.76	10.60	10.65	633520	6751771.00
2020/10/09	10.78	10.91	10.60	10.85	1483100	16021476.00
2020/10/12	10.91	11.11	10.85	11.07	1507800	16578654.00
2020/10/13	11.08	11.10	10.79	10.92	1935300	21051262.00
2020/10/14	10.94	10.98	10.72	10.80	1713100	18514420.00
2020/10/15	10.74	10.84	10.65	10.73	1206300	12949658.00
2020/10/16	10.68	11.05	10.68	10.90	1605225	17414032.00
2020/10/19	10.95	10.97	10.80	10.89	997600	10865913.00
2020/10/20	10.85	10.94	10.73	10.91	846500	9176812.00
2020/10/21	10.99	10.99	10.61	10.70	1155500	12374055.00
2020/10/22	10.63	10.70	10.51	10.65	641625	6792327.00
2020/10/23	10.65	10.70	10.56	10.60	539700	5728185.00
2020/10/26	10.58	10.64	10.45	10.55	633100	6662072.00
2020/10/27	10.50	10.61	10.50	10.57	327400	3453446.00
2020/10/28	10.62	10.64	10.41	10.62	758600	7975275.00
2020/10/29	10.80	10.80	10.51	10.64	1299900	13867061.00
2020/10/30	10.56	10.67	10.24	10.36	1270498	13243166.00
2020/11/02	10.25	10.35	9.91	10.02	1405417	14113292.00
2020/11/03	10.10	10.48	10.01	10.33	1525217	15669436.00
2020/11/04	10.40	10.59	10.21	10.28	1023350	10583213.00
2020/11/05	10.32	10.54	10.16	10.43	1055300	10905797.00
2020/11/06	10.43	10.48	10.21	10.30	675873	6969957.00
2020/11/09	10.30	10.65	10.30	10.60	2143400	22427644.00
2020/11/10	10.75	10.76	10.45	10.65	2033800	21613094.00
2020/11/11	10.60	10.82	10.45	10.75	1727500	18452804.00
2020/11/12	10.70	10.89	10.63	10.75	956380	10292446.00
2020/11/13	10.70	11.08	10.68	11.04	2221781	24225744.00
2020/11/16	11.04	11.17	10.95	10.99	1116600	12309060.00
2020/11/17	10.98	11.11	10.85	11.04	893900	9807520.00
2020/11/18	11.04	11.14	10.85	10.96	953600	10454129.00
2020/11/19	10.99	11.01	10.80	10.98	800200	8743925.00
2020/11/20	10.93	11.05	10.87	11.02	780200	8573806.00
2020/11/23	10.97	11.20	10.97	11.00	1213879	13446807.00
2020/11/24	11.00	11.13	10.88	10.97	990748	10875939.00
2020/11/25	11.06	11.25	10.90	10.90	1575000	17454668.00
2020/11/26	10.75	10.90	10.74	10.76	827600	8941405.00
2020/11/27	10.71	10.79	10.58	10.67	926300	9894696.00
2020/11/30	10.67	10.80	10.56	10.56	698811	7461804.00
2020/12/01	10.63	10.75	10.52	10.61	679900	7225426.00
2020/12/02	10.61	10.67	10.50	10.61	728800	7700019.00
2020/12/03	10.65	10.74	10.56	10.70	757000	8064604.00
2020/12/04	10.67	10.73	10.54	10.60	743800	7899985.00
2020/12/07	10.70	10.77	10.60	10.63	728000	7760229.00
2020/12/08	10.57	10.62	10.51	10.52	389000	4102473.00
2020/12/09	10.76	10.76	10.43	10.43	627811	6621503.50
2020/12/10	10.37	10.48	10.31	10.42	398900	4146843.00
2020/12/11	10.43	10.58	10.17	10.22	599600	6158809.00
2020/12/14	10.22	10.38	10.10	10.30	435600	4473923.00
2020/12/15	10.33	10.33	10.12	10.19	526000	5358309.00
2020/12/16	10.19	10.21	10.01	10.08	462200	4672125.00
2020/12/17	10.08	10.25	9.95	10.23	609100	6151517.00
2020/12/18	10.20	10.30	10.11	10.15	691700	7071868.00
2020/12/21	10.15	10.15	9.98	10.05	858500	8624544.00
2020/12/22	10.03	10.03	9.83	9.85	1083601	10731077.00
2020/12/23	9.83	9.85	9.72	9.75	727700	7107307.00
2020/12/24	9.75	9.75	9.60	9.68	495100	4787263.00
2020/12/25	9.62	10.11	9.62	10.05	1494800	14926829.00
2020/12/28	9.96	9.96	9.76	9.84	557700	5486732.00
2020/12/29	10.50	10.50	9.91	9.91	603100	6080338.00
2020/12/30	9.91	9.97	9.84	9.86	354000	3495540.00
2020/12/31	9.86	9.91	9.77	9.85	504200	4961048.00
2021/01/04	9.83	9.90	9.67	9.74	929800	9042020.00
2021/01/05	9.70	9.75	9.53	9.57	810400	7805978.00
2021/01/06	9.56	9.72	9.56	9.56	669456	6431324.00
2021/01/07	9.52	9.55	8.91	9.03	1645600	15057834.00
2021/01/08	9.03	9.06	8.80	9.00	806500	7219337.00
2021/01/11	9.00	9.00	8.52	8.58	1165275	10133714.00
2021/01/12	8.60	8.83	8.59	8.61	522300	4548082.00
2021/01/13	8.66	8.66	8.46	8.51	560000	4769716.00
2021/01/14	8.54	8.72	8.47	8.61	471100	4054830.00
2021/01/15	8.80	8.80	8.57	8.77	412764	3602563.50
2021/01/18	8.81	8.86	8.72	8.76	470300	4129598.00
2021/01/19	8.76	8.96	8.64	8.80	732400	6430886.00
2021/01/20	8.83	8.83	8.70	8.73	411900	3601045.00
2021/01/21	8.74	8.92	8.70	8.80	683900	6025537.00
2021/01/22	8.76	8.84	8.71	8.77	491000	4303898.00
2021/01/25	8.78	8.78	8.13	8.32	1611275	13461613.00
2021/01/26	8.31	8.37	8.18	8.23	409300	3380558.00
2021/01/27	8.29	8.29	8.16	8.27	289875	2376831.75
2021/01/28	8.20	8.25	8.16	8.17	526651	4310379.50
2021/01/29	8.20	8.20	7.86	7.90	898200	7171907.00
2021/02/01	7.98	8.03	7.88	7.95	302300	2402330.00
2021/02/02	7.96	8.22	7.87	8.07	639800	5109604.00
2021/02/03	8.87	8.87	8.06	8.12	1485417	12367915.00
2021/02/04	7.81	8.22	7.66	8.12	1524317	12052811.00
2021/02/05	8.08	8.12	7.83	7.84	493800	3932908.00
2021/02/08	7.78	7.84	7.52	7.69	789200	6056506.00
2021/02/09	7.69	7.75	7.60	7.74	677300	5215842.00
2021/02/10	7.65	7.76	7.65	7.69	420900	3245020.00
2021/02/18	7.81	7.93	7.80	7.90	736300	5786992.00
2021/02/19	7.90	8.15	7.85	8.12	1162200	9362705.00
2021/02/22	8.14	8.63	8.14	8.31	1574100	13186518.00
2021/02/23	8.24	8.88	8.24	8.49	1717536	14623449.00
2021/02/24	8.46	8.66	8.36	8.42	1062800	8992697.00
2021/02/25	8.33	8.66	8.30	8.34	668300	5602689.00
2021/02/26	8.25	8.39	8.23	8.30	724700	6014318.00
2021/03/01	8.31	8.72	8.31	8.66	1155400	9899217.00
2021/03/02	8.62	8.73	8.52	8.58	636200	5477185.00
2021/03/03	8.57	8.64	8.49	8.58	393100	3367511.00
2021/03/04	8.58	8.81	8.55	8.65	1064000	9269050.00
2021/03/05	8.69	8.85	8.69	8.80	994600	8736422.00
2021/03/08	9.00	9.09	8.54	8.54	1392100	12175080.00
2021/03/09	8.53	8.67	8.26	8.43	1202100	10180489.00
2021/03/10	8.42	8.57	8.33	8.36	452900	3791751.00
2021/03/11	8.45	8.45	8.30	8.45	332800	2797265.00
2021/03/12	8.45	8.51	8.37	8.43	335200	2829692.00
2021/03/15	8.34	8.54	8.32	8.43	346200	2920576.00
2021/03/16	8.41	8.62	8.40	8.59	583300	4962244.00
2021/03/17	8.52	8.74	8.52	8.69	584000	5051860.00
2021/03/18	8.71	8.72	8.60	8.62	523800	4539940.00
2021/03/19	8.52	8.75	8.52	8.58	686311	5918092.50
2021/03/22	8.48	8.72	8.47	8.68	601011	5197585.00
2021/03/23	8.62	8.99	8.62	8.83	1639400	14428062.00
2021/03/24	8.85	8.89	8.65	8.68	1145500	10026603.00
2021/03/25	8.85	8.85	8.51	8.55	762700	6599219.00
2021/03/26	8.57	8.68	8.49	8.59	553000	4749051.00
2021/03/29	8.68	8.68	8.33	8.50	1196500	10185521.00
2021/03/30	8.58	8.58	8.39	8.45	676800	5721906.00
2021/03/31	8.51	9.26	8.38	9.14	3486501	31333982.00
2021/04/01	9.13	9.24	8.75	8.83	2255200	20052824.00
2021/04/02	8.78	9.53	8.63	9.36	3027500	27603952.00
2021/04/06	9.39	9.44	9.21	9.35	1481300	13793904.00
2021/04/07	9.38	9.38	9.16	9.27	1037400	9614922.00
2021/04/08	9.23	9.28	9.02	9.04	912000	8331303.00
2021/04/09	9.04	9.26	9.04	9.09	606600	5543427.00
2021/04/12	9.22	9.22	9.02	9.09	625200	5679271.00
2021/04/13	9.07	9.15	8.91	8.93	596200	5368838.00
2021/04/14	8.91	9.00	8.88	9.00	472300	4230570.00
2021/04/15	9.01	9.05	8.93	9.03	370100	3324373.00
2021/04/16	9.01	9.36	8.90	9.27	755700	6983595.00
2021/04/19	9.20	9.35	9.17	9.23	609800	5656267.00
2021/04/20	9.90	9.90	9.14	9.15	1317099	12281508.00
2021/04/21	9.08	9.13	8.97	9.04	576300	5205727.00
2021/04/22	9.02	9.42	9.01	9.23	722599	6665522.00
2021/04/23	9.23	9.26	9.11	9.15	413400	3786099.00
2021/04/26	9.98	9.98	9.14	9.19	864600	8007697.00
2021/04/27	9.08	9.14	8.97	8.98	773300	6973270.00
2021/04/28	9.05	9.12	8.86	8.94	448200	4004913.00
2021/04/29	8.81	8.94	8.78	8.80	412220	3648998.50
2021/04/30	8.65	8.77	8.33	8.35	1084200	9206812.00
2021/05/06	8.36	8.63	8.36	8.48	501600	4261246.00
2021/05/07	8.56	8.60	8.46	8.49	394100	3359135.00
2021/05/10	8.50	8.62	8.41	8.61	392000	3339469.00
2021/05/11	8.65	8.77	8.50	8.72	347600	3015853.00
2021/05/12	8.61	8.79	8.61	8.75	609000	5311606.00
2021/05/13	8.76	8.92	8.67	8.80	526000	4647168.00
2021/05/14	8.87	8.91	8.80	8.82	401900	3556376.00
2021/05/17	8.86	8.86	8.69	8.74	487400	4260628.00
2021/05/18	8.74	8.93	8.67	8.88	411100	3622254.00
2021/05/19	8.93	8.93	8.71	8.78	516100	4518652.00
2021/05/20	8.78	8.81	8.60	8.62	409200	3533725.00
2021/05/21	8.61	8.70	8.61	8.63	295400	2551564.00
2021/05/24	8.69	8.73	8.61	8.63	336300	2913002.00
2021/05/25	8.64	8.74	8.62	8.66	301400	2609503.00
2021/05/26	8.62	8.69	8.62	8.69	396400	3431192.00
2021/05/27	8.67	9.08	8.64	8.95	1556900	13898175.00
2021/05/28	8.90	8.98	8.80	8.82	545600	4831777.00
2021/05/31	8.81	8.85	8.76	8.83	345600	3043931.00
2021/06/01	9.36	9.36	8.78	8.96	744700	6692561.00
2021/06/02	8.86	9.00	8.85	9.00	529500	4717464.00
2021/06/03	8.95	9.10	8.95	9.06	675100	6085822.00
2021/06/04	9.00	9.09	9.00	9.04	340900	3083379.00
2021/06/07	9.06	9.06	8.96	9.06	327300	2952520.00
2021/06/08	9.04	9.06	9.00	9.06	290200	2622722.00
2021/06/09	9.05	9.24	9.05	9.14	882704	8082897.50
2021/06/10	9.14	9.23	9.00	9.06	324500	2959064.00
2021/06/11	9.08	9.20	9.05	9.13	424800	3882048.00
2021/06/15	9.26	9.79	9.14	9.18	1277500	11912468.00
2021/06/16	9.08	9.35	8.91	9.25	1154501	10560680.00
2021/06/17	9.16	9.26	9.06	9.13	544800	4975096.00
2021/06/18	9.12	9.34	9.05	9.33	983501	9073343.00
2021/06/21	9.32	9.62	9.21	9.55	1127900	10733560.00
2021/06/22	9.60	9.70	9.51	9.58	664100	6363250.00
2021/06/23	9.34	9.63	9.34	9.54	433500	4116073.00
2021/06/24	9.49	9.64	9.49	9.64	633100	6076876.00
2021/06/25	9.65	9.71	9.42	9.48	491901	4672570.50
2021/06/28	9.60	9.61	9.44	9.53	337400	3205175.00
2021/06/29	9.56	9.56	9.36	9.47	421100	3971152.00
2021/06/30	9.97	9.97	9.24	9.35	840600	7960168.00
2021/07/01	9.24	9.28	9.13	9.16	513600	4724046.00
2021/07/02	9.26	9.26	9.11	9.12	375920	3438918.75
2021/07/05	9.13	9.74	9.10	9.65	1546420	14567949.00
2021/07/06	9.64	9.88	9.50	9.77	1629600	15869237.00
2021/07/07	9.70	10.75	9.70	10.60	4336800	44655756.00
2021/07/08	10.67	11.14	10.51	11.00	4192820	45953928.00
2021/07/09	10.85	12.10	10.84	12.10	5537907	65096428.00
2021/07/12	12.98	12.99	11.30	11.40	7838718	94013304.00
2021/07/13	11.44	11.50	10.66	11.13	4754089	52101896.00
2021/07/14	11.05	11.11	10.61	10.62	3384689	36601784.00
2021/07/15	10.58	10.77	10.26	10.32	2612818	27218366.00
2021/07/16	10.32	10.38	10.06	10.20	2795870	28438352.00
2021/07/19	10.18	10.49	10.09	10.48	2948829	30477256.00
2021/07/20	10.29	10.69	10.07	10.68	2769901	28682664.00
2021/07/21	10.65	11.40	10.59	11.04	3998201	44195164.00
2021/07/22	11.10	11.16	10.75	10.92	2030100	22265380.00
2021/07/23	10.92	11.05	10.55	10.62	1703689	18403176.00
2021/07/26	10.62	11.05	10.60	10.83	1388200	15059026.00
2021/07/27	10.83	11.91	10.80	11.91	6576095	77515056.00
2021/07/28	11.88	11.89	10.72	11.37	7348884	83598248.00
2021/07/29	11.41	12.51	11.41	12.23	5474800	66076912.00
2021/07/30	11.90	12.84	11.83	12.23	4860167	60246468.00
2021/08/02	12.11	12.45	11.99	12.27	2547000	31124808.00
2021/08/03	12.10	12.41	12.10	12.15	2025800	24818248.00
2021/08/04	12.09	12.75	12.09	12.63	2620000	32885656.00
2021/08/05	12.30	13.80	12.15	13.53	4593816	61084900.00
2021/08/06	13.69	14.12	13.26	13.84	4468068	61774812.00
2021/08/09	13.96	15.22	13.96	15.22	7690580	113336312.00
2021/08/10	15.57	16.74	15.00	16.74	12512300	203924992.00
2021/08/11	15.07	15.65	15.07	15.07	4419267	66838092.00
2021/08/12	13.57	14.18	13.56	13.56	12240979	167242080.00
2021/08/13	13.19	13.40	12.86	12.92	7303330	95731752.00
2021/08/16	12.80	13.69	12.80	13.54	6557904	87986088.00
2021/08/17	13.38	13.71	13.01	13.28	4419400	58943664.00
2021/08/18	13.15	13.43	13.06	13.15	2383213	31431954.00
2021/08/19	13.05	13.90	13.05	13.70	4134000	56182404.00
2021/08/20	13.70	13.85	13.22	13.42	2485500	33267912.00
2021/08/23	13.42	13.60	13.32	13.59	2780700	37452292.00
2021/08/24	13.59	14.25	13.48	14.20	4234068	59391600.00
2021/08/25	14.05	15.02	13.91	14.89	4427500	64577120.00
2021/08/26	14.80	16.00	14.57	15.76	6109700	94541288.00
2021/08/27	15.55	17.17	15.44	16.82	7569189	126211120.00
2021/08/30	16.83	17.00	15.14	15.14	6834900	106136712.00
2021/08/31	14.69	16.00	14.40	15.95	5954812	90280888.00
2021/09/01	15.95	16.29	14.60	15.30	3656220	56293148.00
2021/09/02	15.63	15.63	14.83	15.15	1797920	27188118.00
2021/09/03	15.38	15.91	14.97	15.28	2695500	41572924.00
2021/09/06	15.25	15.63	14.66	14.93	2431324	36587632.00
2021/09/07	14.84	15.31	14.80	14.93	1901900	28493654.00
2021/09/08	14.92	15.29	14.70	14.77	1444500	21505092.00
2021/09/09	14.81	16.25	14.81	16.25	3335496	52754684.00
2021/09/10	17.05	17.16	15.17	15.30	5715896	90792288.00
2021/09/13	15.25	15.77	14.89	15.30	3320225	50766956.00
2021/09/14	15.36	15.66	15.01	15.06	2626800	39797412.00
2021/09/15	15.07	15.21	14.83	15.08	1595700	24021552.00
2021/09/16	15.08	15.88	15.08	15.30	2577200	39904348.00
2021/09/17	15.30	15.34	14.88	15.01	1638700	24647302.00
2021/09/22	14.98	14.98	14.00	14.72	2484200	36219048.00
2021/09/23	14.84	16.10	14.76	15.67	4083500	63451344.00
2021/09/24	15.36	17.13	15.36	16.69	6929650	114825280.00
2021/09/27	16.71	17.00	16.00	16.84	4101500	67615224.00
2021/09/28	16.77	18.26	16.30	18.07	6660501	118412312.00
2021/09/29	17.84	17.84	16.36	16.36	4924259	83546400.00
2021/09/30	16.58	17.88	15.91	17.71	4512201	77749456.00
2021/10/08	17.98	18.27	16.21	16.69	6877501	115896744.00
2021/10/11	16.52	18.36	16.40	18.36	12748901	230469184.00
2021/10/12	17.99	18.33	16.90	17.84	10593333	186109968.00
2021/10/13	17.64	18.08	17.08	17.31	4852601	84995048.00
2021/10/14	17.31	17.87	16.80	17.51	3155400	54788100.00
2021/10/15	17.42	17.92	17.00	17.14	3014000	51931180.00
2021/10/18	16.86	18.30	16.84	18.27	4777201	85223240.00
2021/10/19	18.45	19.77	18.42	18.98	6104500	117234512.00
2021/10/20	19.09	19.12	18.27	18.46	3133400	58247536.00
2021/10/21	18.46	18.94	18.00	18.24	1812700	33121656.00
2021/10/22	18.26	18.55	17.51	17.60	2994000	53353436.00
2021/10/27	19.36	19.36	19.36	19.36	1343899	26017884.00
2021/10/28	21.30	21.30	18.19	19.99	10568399	207580112.00
2021/10/29	19.95	19.99	18.35	18.51	6272754	119178432.00
2021/11/01	17.87	19.86	17.46	19.60	5170153	98463856.00
2021/11/02	19.50	20.28	18.40	18.90	4133062	79038392.00
2021/11/03	18.60	19.92	18.40	19.79	3683600	70775416.00
2021/11/04	19.85	19.97	19.25	19.63	1920800	37549048.00
2021/11/05	19.63	19.69	18.88	18.96	2122100	40486064.00
2021/11/08	18.96	19.28	18.67	19.19	1416201	26985586.00
2021/11/09	19.16	19.65	18.81	19.53	2026401	39189636.00
2021/11/10	19.50	19.83	19.05	19.28	1866700	36175504.00
2021/11/11	19.30	19.80	19.21	19.75	2204000	43279460.00
2021/11/12	19.75	21.73	19.75	21.73	6246200	133315144.00
2021/11/15	21.85	23.85	21.85	23.29	8079500	186800720.00
2021/11/16	23.71	25.25	22.49	24.56	5707025	138388816.00
2021/11/17	25.00	27.02	24.41	26.37	8784373	228924640.00
2021/11/18	25.40	26.30	24.30	24.95	7274540	183092096.00
2021/11/19	24.99	26.58	24.81	25.28	5279201	136004800.00
2021/11/22	25.87	25.90	22.76	22.99	11405700	268074368.00
2021/11/23	22.99	23.00	21.73	22.14	5866400	130162928.00
2021/11/24	22.22	23.70	21.83	23.39	7397680	168957200.00
2021/11/25	23.27	24.48	22.69	24.05	5003253	119273800.00
2021/11/26	23.06	24.68	23.06	23.17	3698900	86843888.00
2021/11/29	22.78	23.38	22.55	22.80	2777000	63816592.00
2021/11/30	23.20	23.58	22.00	22.64	2392100	54839120.00
2021/12/01	22.64	22.84	21.86	22.19	2954900	65562040.00
2021/12/02	22.25	22.25	21.55	21.63	2346100	51078592.00
2021/12/03	21.65	21.78	21.00	21.21	2565600	54413328.00
2021/12/06	21.24	21.31	20.27	20.40	2743000	56536804.00
2021/12/07	20.54	20.80	20.00	20.57	2500690	51268700.00
2021/12/08	20.87	21.97	20.35	21.92	3587500	77096312.00
2021/12/09	21.90	22.84	21.16	21.28	3814800	83608904.00
2021/12/10	21.02	21.67	20.80	21.37	1512735	32083038.00
2021/12/13	21.10	21.49	20.70	20.73	1837200	38465456.00
2021/12/14	20.73	21.19	20.50	20.84	1167300	24352520.00
2021/12/15	21.00	21.04	20.35	20.74	1460100	30061040.00
2021/12/16	20.58	20.93	20.28	20.72	1521700	31406624.00
2021/12/17	20.84	20.87	20.21	20.32	1158583	23690428.00
2021/12/20	20.18	20.47	19.71	19.86	1560600	31193960.00
2021/12/21	19.86	21.85	19.86	21.85	4232700	89579920.00
2021/12/22	22.86	23.49	21.50	22.04	5610520	127052752.00
2021/12/23	21.80	23.02	21.50	22.23	3980783	89191080.00
2021/12/24	22.69	22.69	21.22	21.30	2654519	58057760.00
2021/12/27	21.51	21.60	20.47	20.72	2486800	51426756.00
2021/12/28	20.82	21.89	20.63	21.62	2138681	45774268.00
2021/12/29	21.49	21.89	21.20	21.25	1442900	30988364.00
2021/12/30	21.49	21.72	20.87	20.91	1307700	27658636.00
2021/12/31	20.97	21.24	20.71	21.07	1386600	29029508.00
2022/01/04	21.01	21.51	20.82	21.14	961900	20271988.00
2022/01/05	20.99	21.16	20.57	20.69	1230400	25610638.00
2022/01/06	20.75	21.96	20.52	21.54	1974211	42096484.00
2022/01/07	21.53	21.76	20.51	20.51	2143328	44769648.00
2022/01/10	20.52	20.76	20.00	20.34	1099481	22399006.00
2022/01/11	20.26	20.79	20.14	20.14	1087900	22169728.00
2022/01/12	20.39	20.62	20.00	20.55	933600	19088784.00
2022/01/13	20.61	20.75	20.03	20.37	1155800	23494584.00
2022/01/14	20.37	20.37	19.08	19.41	3306511	64751116.00
2022/01/17	19.22	20.00	19.08	19.68	1780650	34970608.00
2022/01/18	19.38	20.00	19.28	19.32	1040500	20176028.00
2022/01/19	19.50	19.80	19.20	19.40	1166517	22727668.00
2022/01/20	19.59	19.60	18.93	19.35	1454853	27875002.00
2022/01/21	19.36	19.40	18.86	19.25	962000	18392654.00
2022/01/24	19.33	19.50	19.06	19.36	715300	13812984.00
2022/01/25	19.44	19.45	18.70	18.78	1279500	24315136.00
2022/01/26	18.90	19.87	18.62	19.43	1737700	33748008.00
2022/01/27	19.50	19.69	18.80	18.84	1262500	24334432.00
2022/01/28	18.86	19.66	18.68	19.47	998000	19235812.00
2022/02/07	19.87	20.43	19.70	20.43	1691100	34007028.00
2022/02/08	20.44	21.01	20.00	21.00	1770380	36287872.00
2022/02/09	20.93	22.21	20.68	22.00	2455050	53420292.00
2022/02/10	21.98	22.58	21.91	22.26	2144200	47948048.00
2022/02/11	22.35	22.56	21.78	22.11	1841600	40763628.00
2022/02/14	22.11	22.88	22.01	22.82	1667400	37717800.00
2022/02/15	22.82	24.10	22.63	24.05	2839580	67057520.00
2022/02/16	24.29	24.59	23.36	23.70	2082913	49433096.00
2022/02/17	23.63	24.70	23.63	24.34	1831680	44383520.00
2022/02/18	24.35	25.58	24.19	25.15	2967880	74808472.00
2022/02/21	25.17	27.67	25.16	27.67	4510330	121307264.00
2022/02/22	27.70	28.79	26.28	27.28	6024269	165315856.00
2022/02/23	28.00	28.00	25.19	25.68	6345780	164870512.00
2022/02/24	25.68	26.95	25.26	25.90	4294620	112217440.00
2022/02/25	25.93	26.58	25.38	26.20	2511900	65315612.00
2022/02/28	26.30	27.82	26.01	27.44	3224600	87307488.00
2022/03/01	27.74	28.20	26.66	27.30	3074600	84454992.00
2022/03/02	27.59	27.66	26.74	27.38	2324500	63064008.00
2022/03/03	27.38	27.68	26.93	27.50	1529100	41690280.00
2022/03/04	27.39	28.00	27.13	27.40	1676400	46185912.00
2022/03/07	27.27	27.94	26.93	27.32	1401100	38310272.00
2022/03/08	27.37	27.38	26.15	26.49	2145600	57141176.00
2022/03/09	26.41	26.72	25.61	26.40	2110800	55338136.00
2022/03/10	26.79	27.58	26.59	27.52	2249600	61340616.00
2022/03/11	26.84	28.26	26.31	27.44	2111700	58060012.00
2022/03/14	27.79	29.26	26.96	28.24	3113400	87743120.00
2022/03/15	28.10	28.46	26.66	26.68	2923500	80409008.00
2022/03/16	26.80	27.67	25.77	27.08	2553700	67729040.00
2022/03/17	27.00	27.80	26.03	26.13	2159083	57753924.00
2022/03/18	26.60	27.17	26.10	26.92	1495283	40063184.00
2022/03/21	26.99	27.85	26.32	26.65	1593533	42888884.00
2022/03/22	26.43	27.25	26.23	26.30	1453000	38631356.00
2022/03/23	26.31	26.69	26.00	26.23	1174000	30807704.00
2022/03/24	25.90	26.18	25.20	25.70	1351533	34651504.00
2022/03/25	25.55	26.20	24.90	25.66	1355133	34448720.00
2022/03/28	25.20	25.63	24.81	24.93	1235689	31067644.00
2022/03/29	24.93	25.22	24.61	24.93	1388600	34572056.00
2022/03/30	24.93	27.42	24.93	27.42	1717700	46174760.00
2022/03/31	27.90	28.90	26.54	26.95	3741933	102648848.00
2022/04/01	26.92	27.62	26.69	27.57	1791100	48600124.00
2022/04/06	27.70	27.71	26.75	26.80	1385000	37329840.00
2022/04/07	26.50	27.20	26.33	26.89	971300	26003498.00
2022/04/08	26.88	26.98	26.10	26.25	1053800	27872028.00
2022/04/11	26.50	26.50	25.00	25.50	966900	24920396.00
2022/04/12	25.11	25.95	25.09	25.84	1165772	29762212.00
2022/04/13	25.93	26.35	25.51	25.87	1305700	33768160.00
2022/04/14	25.80	27.47	25.80	26.40	1715425	45871568.00
2022/04/15	26.35	26.35	23.76	25.63	1586100	40637408.00
2022/04/18	25.01	25.99	24.50	24.99	1164800	29415488.00
2022/04/19	25.40	25.40	24.20	24.46	1291400	31692764.00
2022/04/20	24.47	24.47	22.01	22.01	3387190	77621760.00
2022/04/21	22.07	22.84	21.52	21.74	2019800	44607824.00
2022/04/22	21.75	22.04	21.12	21.74	897200	19465404.00
2022/04/25	21.60	21.60	19.57	19.57	2163600	43741436.00
2022/04/26	19.00	20.22	18.20	19.46	4435400	84956600.00
2022/04/27	19.75	20.02	18.88	19.89	1715500	33476364.00
2022/04/28	19.92	20.30	19.50	19.61	1117100	22118272.00
2022/04/29	19.70	20.42	19.62	19.98	1429300	28650156.00
2022/05/05	20.00	21.98	20.00	21.98	1122900	24227064.00
2022/05/06	22.50	23.58	22.04	23.09	3606602	82332648.00
2022/05/09	23.45	24.60	23.11	24.39	1882400	45412576.00
2022/05/10	24.30	24.70	23.63	24.70	1590800	38426904.00
2022/05/11	24.69	26.80	24.40	24.58	2223800	56067196.00
2022/05/12	24.49	25.10	24.22	24.78	1277200	31402266.00
2022/05/13	24.78	25.38	24.78	25.28	724225	18204894.00
2022/05/16	25.50	26.30	25.50	26.02	1101509	28526018.00
2022/05/17	26.02	26.46	25.68	26.08	733500	19088348.00
2022/05/18	26.05	27.17	25.51	26.88	1469900	39100544.00
2022/05/19	26.61	26.75	25.68	26.22	1452400	37859496.00
2022/05/20	26.50	26.98	26.23	26.90	1097300	29305524.00
2022/05/23	26.90	27.49	26.54	27.39	967401	26269612.00
2022/05/24	27.13	27.59	26.25	26.44	1300700	35019948.00
2022/05/25	26.30	26.78	25.94	26.53	1328200	35006496.00
2022/05/26	26.53	26.88	25.88	26.47	920100	24422244.00
2022/05/27	26.78	26.80	25.89	26.35	1457300	38145384.00
2022/05/30	26.40	27.28	26.12	26.81	1465446	39138016.00
2022/05/31	27.00	27.35	26.50	26.98	751101	20220930.00
2022/06/01	27.07	27.35	26.70	27.16	997600	26958664.00
2022/06/02	27.47	27.51	26.81	27.06	726800	19606312.00
2022/06/06	27.10	28.30	27.10	28.05	1646890	46181144.00
2022/06/07	28.01	28.10	27.51	27.70	954900	26480564.00
2022/06/08	27.72	28.16	27.20	27.94	1103200	30720860.00
2022/06/09	27.98	28.82	27.51	27.90	1176600	33018644.00
2022/06/10	27.90	28.40	27.61	28.17	1074400	30217756.00
2022/06/13	28.24	29.30	28.01	28.95	2163469	62691968.00
2022/06/14	30.98	30.98	26.06	26.06	5304124	145306032.00
2022/06/15	23.55	25.38	23.45	23.47	5936379	143238432.00
2022/06/16	25.70	25.70	23.60	24.50	4286012	104617696.00
2022/06/17	24.00	24.63	23.71	24.18	2005300	48257684.00
2022/06/20	24.13	24.47	23.62	23.88	1795400	42958416.00
2022/06/21	23.86	23.92	22.73	23.57	2378311	55246312.00
2022/06/22	23.54	23.54	22.65	22.65	1690300	38706736.00
2022/06/23	22.55	22.94	22.05	22.43	1779900	40083184.00
2022/06/24	22.40	23.34	22.40	22.83	1462180	33498488.00
2022/06/27	22.85	24.89	22.85	24.35	2770180	66565044.00
2022/06/28	24.07	25.72	24.05	25.67	2714617	68759904.00
2022/06/29	25.67	26.20	25.10	25.31	1830200	46714904.00
2022/06/30	25.20	25.89	24.69	25.43	1531484	38393764.00
2022/07/01	25.64	25.92	25.00	25.80	1121800	28736586.00
2022/07/04	25.77	26.45	25.50	26.01	1167700	30402948.00
2022/07/05	25.72	26.98	25.72	26.70	1836000	48791016.00
2022/07/06	26.35	27.20	26.08	26.62	1394089	37165784.00
2022/07/07	26.78	27.83	26.52	27.46	2329380	63515208.00
2022/07/08	27.87	27.90	26.89	27.59	1465600	40162884.00
2022/07/11	27.61	28.50	26.71	26.86	1564569	43016888.00
2022/07/12	26.86	27.12	25.96	26.08	1167000	30644856.00
2022/07/13	26.19	26.49	25.87	26.24	686400	17911144.00
2022/07/14	26.10	27.40	26.10	26.95	1129500	30411468.00
2022/07/15	26.95	27.24	24.26	26.31	1375600	36443276.00
2022/07/18	26.94	27.25	26.41	26.70	931600	24949856.00
2022/07/19	27.02	27.12	26.60	26.77	672246	18039808.00
2022/07/20	26.66	27.89	26.64	27.35	1341600	36601124.00
2022/07/21	27.47	27.66	26.96	27.13	660400	17945740.00
2022/07/22	26.85	27.60	26.81	27.56	1171700	31894916.00
2022/07/25	27.56	28.03	27.08	27.80	1264400	34948980.00
2022/07/26	27.97	28.36	27.55	27.97	915146	25651196.00
2022/07/27	28.00	28.22	27.75	27.89	704900	19700076.00
2022/07/28	27.98	28.19	27.32	27.49	907100	25006052.00
2022/07/29	27.35	27.88	27.10	27.46	843300	23191936.00
2022/08/01	27.89	30.21	27.65	30.21	7947410	238373152.00
2022/08/02	32.13	33.23	30.23	33.23	15849683	524040992.00
2022/08/03	33.90	36.55	33.90	35.40	16519176	597960960.00
2022/08/04	34.69	38.94	34.69	38.94	13146215	497272992.00
2022/08/05	39.20	41.94	36.88	38.50	18248553	719762688.00
2022/08/08	39.52	41.40	36.99	40.00	11281253	451884896.00
2022/08/09	39.67	43.88	39.55	41.50	9948489	413415360.00
2022/08/10	41.00	42.48	39.60	42.33	9270580	379569568.00
2022/08/11	41.55	41.87	39.28	39.90	8444001	339511552.00
2022/08/12	40.33	40.80	37.99	38.47	6317591	248858656.00
2022/08/15	38.57	40.62	37.10	39.85	7430799	290245344.00
2022/08/16	39.53	41.73	38.31	40.66	6828100	274850848.00
2022/08/17	40.20	42.39	40.19	40.54	7374000	304266368.00
2022/08/18	40.20	41.52	38.18	40.00	8157600	322709728.00
2022/08/19	40.11	40.63	36.50	37.40	7605821	287222432.00
2022/08/22	36.88	38.16	36.00	37.83	4177601	155725008.00
2022/08/23	39.00	41.61	39.00	41.61	6051050	248690688.00
2022/08/24	44.11	44.11	39.70	41.20	11245431	463211200.00
2022/08/25	41.37	42.76	40.18	41.71	8299532	344075328.00
2022/08/26	40.00	42.60	38.80	38.80	5139832	207221696.00
2022/08/29	38.86	39.36	35.84	39.10	4061700	156573616.00
2022/08/30	39.66	39.82	36.52	38.44	3911218	148846608.00
2022/08/31	38.44	39.01	36.36	36.81	3857100	143353504.00
2022/09/01	36.98	37.22	34.99	36.36	3761302	134803376.00
2022/09/02	36.39	37.68	35.46	36.08	2494400	90920632.00
2022/09/05	36.60	39.11	36.03	36.95	3844200	145103776.00
2022/09/06	37.30	38.76	36.33	38.17	3935417	148410432.00
2022/09/07	37.89	39.88	37.43	38.68	3129300	121876696.00
2022/09/08	39.55	41.26	38.00	40.83	4798800	193482656.00
2022/09/09	40.93	42.10	39.15	41.17	3728269	150706240.00
2022/09/13	41.74	42.09	40.69	41.76	2849565	117870232.00
2022/09/14	41.55	42.00	40.69	41.53	2332521	96269664.00
2022/09/15	41.48	41.94	38.50	39.04	4037850	160619664.00
2022/09/16	39.40	39.49	37.99	38.43	1993188	76938104.00
2022/09/19	38.03	39.46	36.78	37.03	1766297	66841416.00
2022/09/20	37.03	38.90	36.51	38.36	2114250	80412008.00
2022/09/21	37.95	39.06	37.45	37.70	1350317	51291344.00
2022/09/22	37.64	38.95	36.90	37.86	1939423	74132328.00
2022/09/23	40.18	40.30	35.10	35.51	5285045	194286016.00
2022/09/26	34.66	37.20	34.27	35.83	2938533	106225904.00
2022/09/27	35.92	36.27	34.86	35.20	1689500	59838884.00
2022/09/28	36.36	37.00	34.30	34.44	2128950	75345216.00
2022/09/29	34.25	35.85	33.85	34.04	2490100	86475208.00
2022/09/30	34.60	34.86	33.39	33.74	2285533	77568952.00
2022/10/10	33.70	35.00	31.70	32.30	3093200	102433440.00
2022/10/11	32.30	33.41	32.14	32.81	1748819	57295144.00
2022/10/12	33.33	33.33	31.32	32.15	1978162	63318960.00
2022/10/13	32.10	35.37	31.93	35.37	3123250	106995648.00
2022/10/14	36.48	36.48	34.80	35.87	3508600	125527696.00
2022/10/17	35.63	36.47	35.23	36.00	2106369	75733752.00
2022/10/18	36.40	36.58	35.70	36.00	1626050	58644920.00
2022/10/19	36.00	36.00	34.00	34.18	2414300	83697608.00
2022/10/20	34.65	34.65	32.98	33.50	1658400	55688992.00
2022/10/21	33.64	34.70	33.51	34.04	1181264	40287652.00
2022/10/24	34.06	36.52	33.50	35.30	3120600	110803112.00
2022/10/25	35.30	37.80	34.72	36.57	4116119	150566032.00
2022/10/26	36.44	36.53	32.91	32.91	5367700	179754784.00
2022/10/27	32.55	32.91	30.53	30.53	6142924	193643360.00
2022/10/28	29.98	32.88	29.95	32.18	5698311	182490528.00
2022/10/31	31.24	32.70	30.90	31.15	4092500	129203352.00
2022/11/01	31.41	31.41	29.91	30.39	4287056	130032280.00
2022/11/02	30.02	32.85	29.91	31.75	5688760	179962672.00
2022/11/03	31.60	32.77	31.21	32.20	2773662	89055352.00
2022/11/04	32.50	34.10	32.20	33.56	2629491	87972072.00
2022/11/07	33.88	34.50	33.00	34.00	1908900	64817688.00
2022/11/08	34.07	34.91	33.00	33.45	2027800	68050328.00
2022/11/09	33.47	33.94	33.28	33.60	1086220	36488148.00
2022/11/10	33.34	33.67	32.13	32.18	2013200	65597088.00
2022/11/11	32.88	33.36	32.18	32.19	1899529	61758824.00
2022/11/14	32.19	32.65	31.06	31.16	2061900	64990708.00
2022/11/15	31.12	32.09	30.81	31.99	1873340	59239092.00
2022/11/16	31.99	32.28	31.22	31.43	1583600	50128320.00
2022/11/17	31.48	31.52	30.32	30.40	1474799	45070408.00
2022/11/18	30.98	31.20	30.14	30.60	1466401	45095520.00
2022/11/21	30.49	33.50	30.08	32.98	3721400	119379776.00
2022/11/22	32.67	34.29	32.30	33.49	3037780	101642304.00
2022/11/23	33.47	34.17	31.18	32.81	2829300	92440888.00
2022/11/24	32.40	33.33	31.76	33.26	2821833	91860160.00
2022/11/25	32.97	33.22	31.19	31.23	2749755	87088936.00
2022/11/28	31.11	32.18	30.84	31.70	2182800	69080960.00
2022/11/29	31.76	31.76	30.88	31.40	1855900	57976192.00
2022/11/30	30.50	31.70	30.50	31.36	1911956	59616348.00
2022/12/01	31.47	33.30	30.61	31.19	2670782	85918472.00
2022/12/02	31.18	32.78	30.82	32.20	2325782	74685984.00
2022/12/05	32.50	32.50	30.94	31.00	2635600	82528920.00
2022/12/06	30.99	31.26	30.21	31.17	1725810	53057840.00
2022/12/07	31.17	32.30	30.65	30.80	2245800	70295384.00
2022/12/08	30.44	30.98	29.79	29.84	2561000	77426456.00
2022/12/09	29.85	30.45	29.62	29.82	1634655	48985272.00
2022/12/12	29.56	29.80	28.66	28.99	2462048	71566040.00
2022/12/13	29.56	29.56	27.59	27.68	3122470	87639216.00
2022/12/14	27.56	28.34	27.40	27.59	1552583	43027464.00
2022/12/15	27.65	28.42	27.60	28.27	1741901	48965516.00
2022/12/16	28.27	28.52	27.25	27.82	1897700	52807896.00
2022/12/19	27.90	28.14	27.34	27.40	1329290	36797480.00
2022/12/20	27.08	27.70	27.08	27.30	1151700	31594756.00
2022/12/21	27.42	27.45	26.80	26.96	859010	23180432.00
2022/12/22	26.91	27.07	26.11	26.26	1283600	34084256.00
2022/12/23	26.00	26.29	25.55	25.74	1264800	32648964.00
2022/12/26	25.90	26.86	25.51	26.65	1388500	36703068.00
2022/12/27	27.00	27.38	26.48	27.11	1262600	34028248.00
2022/12/28	27.47	27.47	26.70	27.13	1075000	29010144.00
2022/12/29	27.13	27.33	26.16	26.46	1204444	31951790.00
2022/12/30	26.91	27.16	26.26	26.68	1191400	31986668.00
2023/01/03	26.66	27.46	26.39	27.20	4227003	113711672.00
2023/01/04	26.98	27.20	26.36	26.61	1950124	52108896.00
2023/01/05	26.45	27.15	26.36	26.93	1201094	32184370.00
2023/01/06	26.90	28.30	26.67	27.70	3975593	109919640.00
2023/01/09	27.54	28.52	27.10	28.49	3129073	87499664.00
2023/01/10	28.45	29.40	28.10	28.64	4512978	129317096.00
2023/01/11	28.65	29.85	27.70	27.75	3892581	111392720.00
2023/01/12	27.81	28.16	27.33	27.45	1419540	39215528.00
2023/01/13	27.36	27.76	26.56	27.15	2851940	76859808.00
2023/01/16	27.37	28.01	27.08	27.15	2292565	62942608.00
2023/01/17	27.60	29.29	27.50	29.16	5405432	154989696.00
2023/01/18	28.85	29.57	28.66	28.93	3349769	97345472.00
2023/01/19	28.93	29.08	28.14	28.38	1734712	49319840.00
2023/01/20	28.18	29.03	28.18	28.76	1390903	40029752.00
2023/01/30	29.06	30.77	29.05	30.47	3554112	107601776.00
2023/01/31	30.52	31.63	30.08	31.45	3530191	109236144.00
2023/02/01	31.26	33.33	31.26	33.10	6496115	210601728.00
2023/02/02	33.32	34.90	32.95	33.38	5044591	171327328.00
2023/02/03	33.38	34.15	33.00	33.84	2670945	89807608.00
2023/02/06	33.23	34.10	33.02	33.21	2856828	95492304.00
2023/02/07	33.16	33.94	33.02	33.74	2328115	78332440.00
2023/02/08	33.84	34.85	33.44	34.00	2840000	97129536.00
2023/02/09	34.00	34.65	33.66	33.90	2010800	68541248.00
2023/02/10	33.90	34.05	33.23	33.34	1872429	62845744.00
数据来源:通达信
