603895 天永智能 日线 不复权
      日期	    开盘	    最高	    最低	    收盘	    成交量	    成交额
2018/01/22	22.00	26.40	22.00	26.40	8345	219868.00
2018/01/23	29.04	29.04	29.04	29.04	6000	174240.00
2018/01/24	31.94	31.94	31.94	31.94	2605	83204.00
2018/01/25	35.13	35.13	35.13	35.13	5500	193215.00
2018/01/26	38.64	38.64	38.64	38.64	37900	1464456.00
2018/01/29	42.50	42.50	42.50	42.50	84400	3587000.00
2018/01/30	46.75	46.75	46.75	46.75	273500	12786125.00
2018/01/31	48.98	51.20	47.31	49.82	11686296	574762880.00
2018/02/01	48.00	54.80	47.20	54.80	11860668	613397760.00
2018/02/02	52.00	54.50	49.32	49.32	10462805	540088128.00
2018/02/05	44.59	46.30	44.39	44.39	5196157	231792736.00
2018/02/06	39.96	42.45	39.95	39.95	7393933	300732224.00
2018/02/07	41.50	43.95	40.14	43.95	9340652	397236448.00
2018/02/08	42.50	48.35	41.51	48.35	10342881	456344384.00
2018/02/09	46.48	53.19	46.01	53.19	11851199	601073280.00
2018/02/12	58.50	58.51	56.91	58.51	3402534	198937344.00
2018/02/13	62.00	62.72	55.05	57.31	11634040	674710912.00
2018/02/14	56.00	58.80	51.58	51.58	8042267	443868576.00
2018/02/22	51.78	52.56	49.03	52.01	9009908	458445344.00
2018/02/23	51.40	54.00	50.41	53.47	9750943	508453088.00
2018/02/26	55.60	56.60	52.56	53.96	10009526	546143104.00
2018/02/27	53.01	58.50	52.56	55.46	10110351	563026368.00
2018/02/28	52.00	52.00	49.91	49.91	6202901	311548512.00
2018/03/01	47.70	50.95	47.30	49.84	6151385	303162336.00
2018/03/02	48.88	52.40	48.40	48.55	6297077	318462368.00
2018/03/05	49.60	53.41	49.60	53.41	7517519	386638912.00
2018/03/06	53.16	56.39	52.26	53.87	9137550	495776000.00
2018/03/07	53.80	54.87	52.40	54.51	6676581	358351872.00
2018/03/08	53.61	57.00	53.40	54.32	8276050	457914944.00
2018/03/09	53.40	59.75	53.23	59.75	8957047	516062720.00
2018/03/12	64.10	65.73	57.50	58.51	12269588	764050752.00
2018/03/13	57.65	60.24	57.19	57.68	8605894	503886944.00
2018/03/14	55.68	57.65	54.76	55.81	5390177	303304480.00
2018/03/15	53.02	53.65	50.23	51.08	7466800	382001696.00
2018/03/16	51.31	51.77	50.50	50.92	3900883	199277408.00
2018/03/19	50.20	52.40	50.15	51.73	3764200	194327040.00
2018/03/20	50.00	53.19	49.53	52.93	4621600	237090928.00
2018/03/21	53.25	55.00	51.03	51.36	5319003	283796960.00
2018/03/22	50.50	52.55	50.10	51.67	3429346	176507872.00
2018/03/23	48.09	49.80	46.50	46.50	3886483	185693696.00
2018/03/26	44.00	47.96	41.89	47.60	4065846	183117504.00
2018/03/27	47.70	49.99	47.18	48.68	4478761	219171744.00
2018/03/28	47.49	52.50	46.85	49.01	4414358	219535552.00
2018/03/29	48.34	53.80	48.34	52.16	6564092	337983552.00
2018/03/30	51.58	53.61	50.75	53.55	6310525	328416384.00
2018/04/02	53.99	56.78	52.67	54.18	6526850	355496288.00
2018/04/03	52.15	53.38	51.33	53.01	4073842	213674096.00
2018/04/04	53.73	56.23	52.19	52.23	5223375	283114336.00
2018/04/09	52.00	57.45	52.00	57.45	7849967	440225024.00
2018/04/10	56.70	59.97	54.50	58.86	10803046	620563264.00
2018/04/11	57.17	57.91	56.10	56.64	5657225	322573088.00
2018/04/12	55.30	57.96	55.28	55.75	4927487	279523424.00
2018/04/13	56.18	59.88	56.00	57.38	6844175	398486304.00
2018/04/16	55.55	55.80	51.64	51.88	6418575	338546592.00
2018/04/17	52.08	52.63	49.05	49.62	4003475	203308976.00
2018/04/18	50.25	50.88	46.90	50.63	3214825	158655888.00
2018/04/19	50.00	51.72	49.78	50.59	2792654	142226912.00
2018/04/20	49.50	50.42	46.05	46.75	2876050	138932544.00
2018/04/23	47.49	48.43	46.53	48.09	1880733	89747104.00
2018/04/24	48.30	51.44	48.00	51.17	3380183	169408288.00
2018/04/25	49.60	50.48	49.05	50.19	3359643	167285024.00
2018/04/26	49.89	50.48	47.00	47.06	3239245	157878112.00
2018/04/27	47.79	48.17	46.33	47.27	1900683	89966544.00
2018/05/02	47.25	47.72	43.66	44.86	2532083	114412936.00
2018/05/03	44.50	46.91	43.80	46.54	2033258	92804912.00
2018/05/04	46.20	47.50	45.06	45.34	1865683	86289304.00
2018/05/07	45.93	49.87	45.93	49.87	3675533	178748864.00
2018/05/08	51.00	51.50	48.60	49.77	4875800	243210048.00
2018/05/09	48.85	51.72	48.68	50.42	4476633	224217232.00
2018/05/10	49.79	50.53	49.10	50.38	3084500	154024736.00
2018/05/11	50.60	50.80	47.88	48.22	2663925	130717504.00
2018/05/14	47.50	49.49	47.50	48.83	1968583	95984816.00
2018/05/15	49.06	50.67	48.20	50.46	3211391	159767664.00
2018/05/16	50.00	50.23	48.95	49.29	2432325	120317696.00
2018/05/17	49.65	51.49	49.05	50.55	3650683	183835968.00
2018/05/18	50.15	50.60	48.20	49.49	3025200	149375872.00
2018/05/21	49.59	54.44	49.58	54.44	3526800	185883376.00
2018/05/22	57.30	57.30	53.48	54.33	8653812	475980256.00
2018/05/23	53.45	59.70	53.45	55.77	8639306	485397632.00
2018/05/24	54.64	61.35	54.13	61.35	10279623	611358976.00
2018/05/25	61.20	65.49	57.50	60.87	11762323	723397440.00
2018/05/28	58.31	58.68	54.78	54.78	7143098	398347552.00
2018/05/29	53.02	54.45	51.00	51.18	4886298	258270064.00
2018/05/30	49.73	49.73	46.06	46.61	4898300	234255456.00
2018/05/31	47.69	48.60	47.11	48.26	3398698	163216144.00
2018/06/01	47.55	49.10	46.51	47.78	2789201	133533208.00
2018/06/04	48.05	49.18	47.78	48.79	2434813	117974488.00
2018/06/05	48.70	50.90	48.31	50.48	3400412	169506192.00
2018/06/06	50.47	52.88	49.55	52.24	4213593	216640832.00
2018/06/07	52.51	52.88	50.89	52.13	2981282	154231856.00
2018/06/08	52.03	53.44	51.58	52.63	3286984	172538320.00
2018/06/11	52.04	52.38	50.30	50.93	2138724	109844816.00
2018/06/12	51.60	51.94	48.65	51.84	2355681	119841560.00
2018/06/13	51.97	53.43	50.00	51.34	3805982	199624208.00
2018/06/14	35.68	39.00	34.33	37.63	3113940	116272216.00
2018/06/15	36.75	37.46	33.90	34.89	4890378	172583920.00
2018/06/19	33.13	33.44	31.40	31.40	2840180	91598672.00
2018/06/20	30.08	32.49	30.08	32.09	3377235	106353824.00
2018/06/21	31.77	32.32	28.92	29.17	4215540	127750160.00
2018/06/22	28.42	30.18	28.10	29.50	2322920	68398752.00
2018/06/25	29.90	30.95	29.42	29.61	2378220	71420560.00
2018/06/26	28.98	30.53	28.58	30.36	2695653	80516736.00
2018/06/27	30.65	31.90	30.40	30.84	3573560	111345864.00
2018/06/28	30.74	31.97	30.68	31.38	3631320	113727800.00
2018/06/29	31.28	32.79	30.75	32.77	4470598	143103648.00
2018/07/02	32.56	32.75	30.68	31.35	3643180	116132344.00
2018/07/03	31.60	32.20	30.46	32.05	3381100	106698496.00
2018/07/04	31.64	31.85	29.58	30.00	3246740	100170112.00
2018/07/05	31.63	33.00	31.63	33.00	2391656	78453296.00
2018/07/06	36.30	36.30	33.50	36.30	12121376	433206016.00
2018/07/09	37.00	39.93	36.50	39.93	9698215	379382112.00
2018/07/10	43.48	43.92	43.08	43.92	3721454	162367680.00
2018/07/11	48.00	48.00	40.52	40.81	17835729	780963200.00
2018/07/12	38.50	40.81	38.01	39.10	12587533	490505056.00
2018/07/13	38.18	38.80	36.88	36.98	8774654	329560672.00
2018/07/16	37.04	37.95	36.19	36.79	6215594	229514336.00
2018/07/17	36.48	36.80	35.70	36.68	5221680	189476448.00
2018/07/18	36.68	36.81	35.62	35.70	4049360	146042816.00
2018/07/19	36.04	37.16	35.77	37.06	6457216	235282144.00
2018/07/20	37.37	37.89	36.56	36.76	6827776	253556720.00
2018/07/23	37.00	37.10	35.58	36.19	3678874	132488288.00
2018/07/24	36.22	37.10	36.03	36.80	4393856	161138176.00
2018/07/25	36.81	37.55	36.00	36.44	5181720	190940000.00
2018/07/26	36.48	36.60	32.80	32.80	6514571	219758960.00
2018/07/27	32.10	32.72	31.68	32.01	3312491	106510976.00
2018/07/30	32.19	32.79	31.52	31.82	2577256	82894800.00
2018/07/31	31.75	32.28	31.40	32.16	1703400	54307992.00
2018/08/01	32.17	33.58	32.17	33.11	4075479	134304544.00
2018/08/02	32.73	33.10	30.46	31.76	2968780	93719488.00
2018/08/03	31.60	31.89	30.66	30.88	1977780	61847048.00
2018/08/06	30.32	31.30	28.81	28.91	2339080	70081928.00
2018/08/07	29.20	30.20	28.90	30.18	2593214	76979792.00
2018/08/08	30.00	30.45	28.11	28.60	2924800	85679320.00
2018/08/09	28.40	29.88	28.40	29.50	2721851	80352832.00
2018/08/10	29.89	31.93	29.89	30.65	3371443	103404928.00
2018/08/13	30.10	33.09	29.51	32.26	3904260	120708072.00
2018/08/14	31.67	32.19	31.13	31.63	3499290	110840400.00
2018/08/15	31.40	31.63	30.43	30.71	2154934	66692384.00
2018/08/16	30.01	31.28	29.66	30.43	2024954	61856192.00
2018/08/17	31.15	31.25	30.30	30.50	2268393	69788144.00
2018/08/20	30.05	31.30	29.71	31.30	2058354	63015332.00
2018/08/21	31.41	31.72	30.65	31.50	2399394	75039480.00
2018/08/22	31.37	32.88	31.08	31.84	4007364	127975344.00
2018/08/23	31.80	32.38	31.35	32.13	3077680	98366648.00
2018/08/24	32.20	32.30	31.18	31.20	2985870	94669296.00
2018/08/27	31.31	31.47	30.11	31.11	3365285	103514792.00
2018/08/28	31.53	33.28	31.36	32.18	4659400	150314240.00
2018/08/29	31.60	31.88	31.02	31.72	2642720	83016280.00
2018/08/30	31.76	31.76	30.10	30.11	2304560	71379800.00
2018/08/31	30.27	30.50	29.31	29.71	2136900	64119316.00
2018/09/03	29.30	30.09	27.90	30.03	2817594	81621280.00
2018/09/04	29.78	30.30	29.30	29.95	1767054	52841536.00
2018/09/05	29.80	30.20	29.36	29.38	1909930	56911728.00
2018/09/06	29.41	30.40	29.18	30.21	2457020	73296880.00
2018/09/07	30.09	30.50	29.58	30.17	2750670	83065248.00
2018/09/10	29.85	30.40	28.84	29.00	2030559	59440556.00
2018/09/11	29.20	29.28	28.30	28.70	1504470	43141396.00
2018/09/12	28.69	28.90	28.00	28.55	1709330	48680512.00
2018/09/13	29.04	29.16	28.35	29.01	2120130	61042684.00
2018/09/14	29.10	29.10	26.11	26.13	3072954	84586968.00
2018/09/17	26.06	26.08	25.01	25.57	1666940	42619288.00
2018/09/18	25.75	26.29	25.52	26.21	1607294	41691784.00
2018/09/19	26.09	27.40	25.73	26.54	2210100	58946060.00
2018/09/20	26.70	26.70	25.72	25.94	1915810	50210564.00
2018/09/21	26.12	26.66	26.01	26.37	1920346	50615304.00
2018/09/25	26.36	26.88	26.14	26.52	1323640	35010816.00
2018/09/26	26.55	26.98	26.14	26.55	1858015	49240940.00
2018/09/27	26.59	27.11	25.96	25.96	2393825	63764904.00
2018/09/28	26.00	26.85	25.71	26.73	2077430	55076052.00
2018/10/08	26.30	26.30	24.80	24.81	2198020	56413584.00
2018/10/09	24.98	27.29	24.98	27.29	4591937	123188288.00
2018/10/10	28.33	28.90	27.49	27.50	7166277	202105648.00
2018/10/11	25.52	26.49	24.75	24.78	4481198	113595736.00
2018/10/12	25.08	27.26	24.78	27.26	2733763	73120136.00
2018/10/15	29.00	29.51	27.38	27.38	7199023	203736384.00
2018/10/16	26.20	27.23	26.03	26.88	3894030	103510296.00
2018/10/17	27.00	28.26	26.30	27.96	4712354	129588856.00
2018/10/18	27.23	27.88	26.78	27.34	3489168	95197896.00
2018/10/19	25.60	27.79	25.30	27.75	3363842	90217120.00
2018/10/22	27.75	29.47	27.45	29.17	6187660	176797392.00
2018/10/23	28.90	28.90	28.11	28.36	3836831	109169432.00
2018/10/24	28.20	28.60	27.53	27.82	2510462	70199536.00
2018/10/25	26.50	27.30	26.01	27.15	2920528	77698672.00
2018/10/26	27.25	27.92	26.31	27.46	3030721	82395000.00
2018/10/29	27.15	27.31	26.50	26.60	1620999	43540880.00
2018/10/30	26.60	27.09	25.80	26.67	1978425	52443904.00
2018/10/31	27.07	27.29	26.60	27.05	2139486	57678056.00
2018/11/01	29.76	29.76	29.76	29.76	2737978	81482224.00
2018/11/02	30.20	31.88	29.17	30.39	9177103	275659936.00
2018/11/05	29.80	30.27	29.38	29.68	5001536	149027072.00
2018/11/06	28.81	29.20	28.40	28.92	3562006	102650160.00
2018/11/07	28.86	29.55	28.70	28.71	2906005	84521000.00
2018/11/08	28.95	29.19	28.51	28.56	2378109	68465600.00
2018/11/09	28.45	28.99	28.15	28.20	2016120	57731256.00
2018/11/12	28.07	28.92	27.79	28.86	2549484	72354824.00
2018/11/13	28.29	29.28	28.03	29.11	3282508	94422256.00
2018/11/14	29.20	29.52	28.61	28.74	2735116	79203336.00
2018/11/15	28.85	29.77	28.81	29.69	4494888	132003080.00
2018/11/16	29.60	29.99	29.20	29.96	4572926	135213552.00
2018/11/19	29.88	29.96	29.46	29.69	2545078	75554880.00
2018/11/20	29.88	31.22	28.90	28.90	5086588	153443312.00
2018/11/21	27.99	28.21	27.03	28.19	2977026	82845904.00
2018/11/22	28.22	28.49	27.66	27.86	1868897	52395176.00
2018/11/23	28.00	28.08	25.88	26.21	2439940	65340448.00
2018/11/26	26.11	26.88	25.92	26.67	1827060	48274652.00
2018/11/27	26.70	27.80	26.70	26.94	1961451	53387336.00
2018/11/28	26.94	27.90	26.24	27.29	1800140	48607296.00
2018/11/29	27.39	27.77	26.39	26.40	1666520	45198540.00
2018/11/30	26.44	27.18	26.33	26.95	1471320	39408488.00
2018/12/03	27.51	28.27	27.41	28.10	3181300	88695752.00
2018/12/04	28.10	28.10	27.55	27.85	1621821	45060136.00
2018/12/05	27.02	27.67	26.94	27.15	1468056	39994732.00
2018/12/06	27.30	27.68	26.62	26.76	1666591	45190320.00
2018/12/07	26.61	27.00	26.48	26.67	1220320	32618204.00
2018/12/10	26.41	26.66	25.65	25.69	1545658	40237104.00
2018/12/11	25.94	26.19	25.83	26.05	725209	18867500.00
2018/12/12	26.15	26.55	26.05	26.20	1227560	32285228.00
2018/12/13	26.35	26.48	25.95	26.35	1232258	32410508.00
2018/12/14	26.20	26.36	25.36	25.48	1194519	30891652.00
2018/12/17	25.50	26.05	25.45	26.04	876480	22635908.00
2018/12/18	25.80	26.70	25.70	26.48	1854852	48838512.00
2018/12/19	26.33	26.64	25.80	25.85	1243252	32531376.00
2018/12/20	25.59	26.40	25.50	26.27	1193700	31133806.00
2018/12/21	26.00	26.60	25.90	26.60	1716620	45165972.00
2018/12/24	29.26	29.26	29.26	29.26	1507927	44121944.00
2018/12/25	29.50	29.50	27.50	28.65	6370510	181475088.00
2018/12/26	28.25	28.45	27.55	27.58	3954720	110974208.00
2018/12/27	28.01	28.14	26.40	26.40	2984060	81362224.00
2018/12/28	26.43	26.69	25.83	26.00	2126575	55792260.00
2019/01/02	26.28	26.40	25.89	26.15	1312660	34274376.00
2019/01/03	25.93	26.36	25.62	25.63	1588892	41141752.00
2019/01/04	24.98	26.16	24.81	25.96	1956572	49915648.00
2019/01/07	26.01	26.60	25.82	26.36	2040653	53561248.00
2019/01/08	26.36	26.50	25.87	25.89	1538666	40109624.00
2019/01/09	26.00	26.39	25.90	25.90	1586647	41536688.00
2019/01/10	25.90	25.96	25.41	25.54	1475952	37901504.00
2019/01/11	25.56	26.28	25.55	26.27	1858239	48250404.00
2019/01/14	26.19	26.20	25.38	25.53	1567680	40414840.00
2019/01/15	25.37	26.78	25.21	26.37	2905478	76437408.00
2019/01/16	26.05	26.20	25.68	25.85	2309880	59751240.00
2019/01/17	25.70	25.76	25.42	25.75	1469318	37584720.00
2019/01/18	25.70	26.80	25.60	25.99	1997478	52157988.00
2019/01/21	25.75	26.70	25.50	26.35	2545398	66403392.00
2019/01/22	26.26	26.26	25.89	26.02	1361080	35444364.00
2019/01/23	26.00	26.60	25.75	26.40	2262520	59328568.00
2019/01/24	26.47	26.98	26.21	26.30	2790938	74063360.00
2019/01/25	26.27	26.62	25.52	26.41	2813820	73658112.00
2019/01/28	26.51	26.81	25.85	25.94	1932720	50871792.00
2019/01/29	25.80	26.06	24.68	24.90	1630739	41142252.00
2019/01/30	25.00	25.17	22.42	22.45	2761260	65362792.00
2019/01/31	22.40	22.58	20.28	20.68	2673101	56799560.00
2019/02/01	20.72	21.55	20.72	21.40	1234041	26245696.00
2019/02/11	21.44	22.35	21.44	22.17	1401340	30919944.00
2019/02/12	22.08	22.98	22.07	22.35	1628640	36652308.00
2019/02/13	22.37	23.10	22.37	23.09	1952972	44566064.00
2019/02/14	23.07	23.10	22.71	22.85	1782520	40720824.00
2019/02/15	22.90	23.70	22.76	23.01	1927160	44782436.00
2019/02/18	23.23	23.88	23.11	23.88	2260940	53317956.00
2019/02/19	23.88	24.58	23.41	24.06	2744980	65785576.00
2019/02/20	24.04	24.05	23.53	23.86	1781500	42272768.00
2019/02/21	23.79	24.13	23.39	23.57	2420009	57770520.00
2019/02/22	23.68	24.06	23.49	24.06	2279480	54250356.00
2019/02/25	24.48	25.47	24.07	25.17	3924120	96866832.00
2019/02/26	25.01	25.65	24.62	25.19	3983859	100006408.00
2019/02/27	25.30	25.40	24.48	24.83	2763719	68970328.00
2019/02/28	24.85	25.06	24.67	25.01	1727380	42997160.00
2019/03/01	25.09	25.20	24.60	24.97	1585840	39359540.00
2019/03/04	25.20	25.71	25.09	25.17	3330520	84553024.00
2019/03/05	25.13	26.26	25.04	26.25	4067096	104721136.00
2019/03/06	26.36	27.89	25.76	27.29	5648995	150864592.00
2019/03/07	27.05	29.55	26.55	28.07	6154281	170296416.00
2019/03/08	27.30	27.97	25.82	25.84	3951300	107171536.00
2019/03/11	25.82	27.09	25.82	27.05	2761226	73746736.00
2019/03/12	27.56	29.76	27.12	29.76	7323025	211858544.00
2019/03/13	31.40	31.99	28.53	28.90	11274998	346034848.00
2019/03/14	27.57	28.12	26.38	26.97	5592828	152253888.00
2019/03/15	27.00	27.30	26.50	26.76	3087239	83229808.00
2019/03/18	26.94	27.24	26.60	27.22	2467330	66539632.00
2019/03/19	27.22	27.57	26.81	27.29	2513770	68334336.00
2019/03/20	27.46	27.46	26.36	27.00	2406550	64691828.00
2019/03/21	26.93	27.20	26.79	27.01	2628320	70979448.00
2019/03/22	27.00	27.13	26.31	26.80	2239407	59763456.00
2019/03/25	26.35	26.80	26.13	26.30	2020640	53535792.00
2019/03/26	26.57	26.66	25.21	25.48	2005728	52077760.00
2019/03/27	25.50	25.80	25.22	25.63	1286018	32819520.00
2019/03/28	25.64	26.10	25.36	25.88	2130310	55175344.00
2019/03/29	25.81	26.61	25.71	26.46	1948630	51025336.00
2019/04/01	26.66	27.28	26.59	27.17	2559901	69266328.00
2019/04/02	27.12	27.42	26.88	26.97	2540481	68887800.00
2019/04/03	26.95	28.60	26.70	27.87	4375104	121263528.00
2019/04/04	27.80	28.12	27.40	27.56	2567020	71033168.00
2019/04/08	27.63	30.32	26.60	28.77	4579970	129417552.00
2019/04/09	28.70	30.00	28.29	28.82	3529800	102497616.00
2019/04/10	28.00	29.32	27.76	28.83	2886580	82275944.00
2019/04/11	28.96	30.75	28.30	29.93	7153770	211796352.00
2019/04/12	29.34	29.70	28.10	28.40	4198163	121095952.00
2019/04/15	28.75	29.45	28.25	28.60	4080687	117889200.00
2019/04/16	28.15	29.69	27.59	29.53	4602625	133146160.00
2019/04/17	29.05	29.74	28.32	28.58	5490754	159830448.00
2019/04/18	28.03	28.38	27.14	27.17	4193969	116030552.00
2019/04/19	27.00	27.37	26.70	27.04	2296189	61969056.00
2019/04/22	26.90	26.90	26.16	26.16	1986727	52380320.00
2019/04/23	26.18	26.36	25.80	26.09	1276850	33410652.00
2019/04/24	26.17	26.64	26.02	26.53	1248460	32878062.00
2019/04/25	26.24	26.56	25.00	25.06	1651620	42795972.00
2019/04/26	24.97	25.25	24.41	24.50	1414680	35032432.00
2019/04/29	24.70	24.70	23.18	23.23	1657980	39328280.00
2019/04/30	23.25	23.64	23.06	23.36	942860	22060932.00
2019/05/06	22.82	22.82	21.02	21.15	1717629	37198756.00
2019/05/07	21.35	21.89	20.92	21.66	1236760	26499652.00
2019/05/08	21.00	23.20	20.76	22.43	1892000	41816200.00
2019/05/09	22.19	23.05	22.06	22.16	1353540	30427692.00
2019/05/10	22.16	22.98	21.91	22.81	2025740	46021448.00
2019/05/13	22.55	24.00	22.21	23.26	1879760	43890492.00
2019/05/14	22.70	23.15	22.70	22.82	844180	19379146.00
2019/05/15	23.01	23.66	22.88	23.44	1576240	36752924.00
2019/05/16	23.55	24.27	23.25	23.89	2047620	48773240.00
2019/05/17	24.03	24.70	23.25	23.47	2794820	67839736.00
2019/05/20	22.92	24.20	22.91	23.61	1334920	31525690.00
2019/05/21	23.57	23.83	23.28	23.65	1249211	29517302.00
2019/05/22	23.70	24.00	22.67	23.63	1874251	43963268.00
2019/05/23	23.51	24.00	22.82	22.92	1658050	38784848.00
2019/05/24	22.63	23.82	22.63	23.60	2507941	59036724.00
2019/05/27	23.50	24.08	23.14	23.79	2573389	60659168.00
2019/05/28	23.77	23.99	23.50	23.59	1402860	33225882.00
2019/05/29	23.49	23.68	23.31	23.32	1086070	25546400.00
2019/05/30	23.18	23.54	22.73	23.03	1478370	34000940.00
2019/05/31	22.95	23.93	22.91	23.69	1800537	42425512.00
2019/06/03	23.90	23.90	22.97	23.39	1667957	39137016.00
2019/06/04	23.14	24.38	22.92	23.78	2339720	55348132.00
2019/06/05	23.76	25.10	23.59	24.26	3242739	78051472.00
2019/06/06	24.00	24.16	22.88	23.40	2106900	49447672.00
2019/06/10	23.11	23.67	22.91	23.54	1242460	28862568.00
2019/06/11	23.45	24.15	23.40	24.12	1947940	46610424.00
2019/06/12	23.99	25.10	23.81	23.95	2539920	61665280.00
2019/06/13	23.80	24.29	23.55	24.18	1636100	39309064.00
2019/06/14	24.20	24.26	23.30	23.41	1161586	27660928.00
2019/06/17	23.48	24.10	23.31	23.80	1094341	25952940.00
2019/06/18	23.65	24.36	23.51	24.30	2198329	52811308.00
2019/06/19	24.50	24.92	23.90	24.09	2645576	64650304.00
2019/06/20	23.99	24.53	23.61	24.25	1757816	42217424.00
2019/06/21	24.50	24.74	24.18	24.66	2643879	64858572.00
2019/06/24	24.42	25.08	24.23	24.69	2573720	63571940.00
2019/06/25	24.90	24.90	24.45	24.49	2000700	49299296.00
2019/06/26	24.18	24.82	23.88	24.65	1678158	40953400.00
2019/06/27	24.60	25.09	24.40	25.03	2957298	73388784.00
2019/06/28	25.13	25.35	24.45	24.58	1760740	43687192.00
2019/07/01	24.90	25.77	24.60	25.77	3469720	87766040.00
2019/07/02	25.73	26.40	25.43	26.20	3766018	97272728.00
2019/07/03	25.91	26.06	25.45	25.63	2116180	54378872.00
2019/07/04	25.70	26.00	25.21	25.85	1999060	51233044.00
2019/07/05	25.76	26.20	25.58	25.71	2371421	61600924.00
2019/07/08	25.57	25.57	24.02	24.20	2105299	52209904.00
2019/07/09	24.05	25.24	24.05	25.08	2557740	63532984.00
2019/07/10	25.59	25.59	24.02	24.04	2339205	57835308.00
2019/07/11	24.12	24.28	22.88	23.03	2592540	60996988.00
2019/07/12	23.18	23.18	22.00	22.52	2502931	56424404.00
2019/07/15	22.43	22.80	22.16	22.75	1442600	32539030.00
2019/07/16	22.68	23.20	22.56	22.96	1387998	31813342.00
2019/07/17	23.03	23.28	22.80	23.01	1343320	30949472.00
2019/07/18	22.97	22.97	22.21	22.39	1085660	24456012.00
2019/07/19	22.51	23.18	22.50	23.10	1605580	36702836.00
2019/07/22	22.99	22.99	21.50	21.83	1768800	39094164.00
2019/07/23	21.89	22.22	21.68	22.04	951840	20880836.00
2019/07/24	22.07	22.43	21.95	22.14	905380	20127468.00
2019/07/25	22.18	22.48	22.03	22.20	1233820	27479812.00
2019/07/26	22.10	22.95	21.95	22.78	2020240	45623680.00
2019/07/29	22.62	23.45	22.60	22.77	1448880	33175694.00
2019/07/30	22.64	23.28	22.50	23.05	2024239	46571736.00
2019/07/31	22.97	22.97	22.53	22.56	1459540	33073406.00
2019/08/01	22.17	23.11	22.17	22.73	1318420	30088912.00
2019/08/02	22.45	22.84	22.26	22.73	1345400	30435524.00
2019/08/05	22.74	22.95	22.35	22.42	1113265	25189168.00
2019/08/06	21.94	21.95	21.09	21.42	1454682	31270654.00
2019/08/07	21.51	21.84	21.13	21.18	843613	18128228.00
2019/08/08	21.36	21.43	21.03	21.08	946102	20039654.00
2019/08/09	21.22	21.31	20.47	20.58	1125720	23478212.00
2019/08/12	20.55	20.90	20.35	20.90	792252	16364836.00
2019/08/13	20.73	21.55	20.62	21.13	1121793	23644766.00
2019/08/14	21.17	21.49	21.10	21.23	1305360	27802484.00
2019/08/15	20.66	21.60	20.23	21.30	1466606	30901426.00
2019/08/16	21.28	21.47	21.03	21.04	1302180	27676820.00
2019/08/19	21.15	21.63	21.15	21.62	1246452	26723868.00
2019/08/20	21.60	21.87	21.55	21.63	1092160	23710452.00
2019/08/21	21.70	21.81	21.42	21.56	932180	20127416.00
2019/08/22	21.57	21.78	21.40	21.56	641020	13812131.00
2019/08/23	21.63	21.63	21.11	21.18	946700	20202392.00
2019/08/26	20.66	21.58	20.58	21.38	1306320	27793656.00
2019/08/27	21.50	21.75	21.42	21.61	1354207	29215236.00
2019/08/28	21.59	21.59	21.11	21.23	1060440	22592770.00
2019/08/29	21.23	21.48	21.14	21.30	804845	17168852.00
2019/08/30	21.30	21.55	20.65	20.70	1265740	26750204.00
2019/09/02	20.77	21.20	20.61	21.18	1076842	22669604.00
2019/09/03	21.20	21.55	21.18	21.50	1069939	22921712.00
2019/09/04	21.49	21.85	21.37	21.72	1387867	30003396.00
2019/09/05	21.74	22.10	21.70	21.70	1639555	35860160.00
2019/09/06	21.70	22.09	21.65	21.91	1414843	30995716.00
2019/09/09	22.40	22.70	22.02	22.70	2131240	47704312.00
2019/09/10	22.57	23.42	22.34	22.52	2363598	53766732.00
2019/09/11	22.80	22.94	22.35	22.36	1442520	32484662.00
2019/09/12	22.34	22.49	22.05	22.48	1265000	28259612.00
2019/09/16	22.59	22.70	22.33	22.52	959200	21633026.00
2019/09/17	22.59	23.52	21.80	23.20	3738360	85057296.00
2019/09/18	23.23	24.55	22.73	23.59	4500425	105515552.00
2019/09/19	23.54	23.64	23.11	23.45	2173210	50788416.00
2019/09/20	23.50	24.26	22.77	23.50	3394504	79786296.00
2019/09/23	23.46	23.47	23.01	23.26	1216300	28206488.00
2019/09/24	23.29	23.69	23.08	23.39	1526780	35629796.00
2019/09/25	23.11	23.94	22.89	23.59	2502318	58764352.00
2019/09/26	23.61	25.95	23.61	24.33	5486358	135108784.00
2019/09/27	24.17	25.95	23.80	25.20	5154044	127704024.00
2019/09/30	24.83	24.98	23.62	23.79	2743840	66716840.00
2019/10/08	23.51	24.04	23.03	23.23	1842540	43436600.00
2019/10/09	23.25	23.30	22.50	22.81	1459377	33246190.00
2019/10/10	22.83	23.35	22.60	23.32	1626540	37312408.00
2019/10/11	23.32	25.00	23.32	24.05	3770800	91500560.00
2019/10/14	24.00	24.49	23.80	24.14	1933893	46588600.00
2019/10/15	23.91	24.29	23.13	23.30	1449920	34262564.00
2019/10/16	23.29	23.53	22.81	22.88	1173417	27203788.00
2019/10/17	22.78	23.26	22.44	23.15	1865000	42723772.00
2019/10/18	23.15	24.03	22.66	23.22	2311101	53796908.00
2019/10/21	23.00	23.40	22.42	23.11	1301720	29895144.00
2019/10/22	23.32	23.32	22.83	23.09	827400	19060928.00
2019/10/23	23.09	23.18	22.64	22.64	733887	16750874.00
2019/10/24	22.61	22.86	22.21	22.22	698711	15720779.00
2019/10/25	22.22	22.48	21.56	22.33	1888432	41539424.00
2019/10/28	22.75	24.56	22.44	24.01	4348837	103686072.00
2019/10/29	24.02	24.47	23.50	23.50	2640728	63045488.00
2019/10/30	23.50	24.00	23.00	23.30	2508336	58593808.00
2019/10/31	23.32	23.85	23.21	23.50	2021740	47678816.00
2019/11/01	23.00	24.20	22.59	24.01	2673566	63032208.00
2019/11/04	24.02	24.70	23.41	24.04	3538599	84723528.00
2019/11/05	24.00	24.18	23.61	23.69	1394140	33214024.00
2019/11/06	23.80	23.81	23.23	23.35	841446	19776390.00
2019/11/07	23.42	23.50	23.05	23.36	647300	15087791.00
2019/11/08	23.36	24.15	23.36	23.79	1773086	42146784.00
2019/11/11	23.79	23.98	22.38	22.63	1920020	44519328.00
2019/11/12	22.60	22.74	22.16	22.19	1001445	22350186.00
2019/11/13	22.20	22.46	21.90	22.25	671780	14933789.00
2019/11/14	22.21	23.50	22.15	22.70	1388389	31498478.00
2019/11/15	22.68	22.85	22.45	22.52	664729	15024923.00
2019/11/18	22.82	22.89	22.29	22.71	409852	9304780.00
2019/11/19	22.60	23.06	22.57	22.98	756657	17347148.00
2019/11/20	23.09	23.56	22.73	23.01	1707489	39405924.00
2019/11/21	22.95	22.95	22.40	22.64	631060	14289782.00
2019/11/22	22.73	22.81	21.95	22.30	1161057	25913996.00
2019/11/25	22.30	22.44	22.04	22.40	975805	21755020.00
2019/11/26	22.25	22.46	22.25	22.33	324500	7249866.00
2019/11/27	22.27	22.90	22.11	22.47	563501	12592021.00
2019/11/28	22.47	23.00	22.10	22.76	1781229	40074008.00
2019/11/29	22.67	23.15	22.52	22.95	1302780	29870528.00
2019/12/02	22.99	23.38	22.71	22.71	1014960	23367510.00
2019/12/03	22.42	23.31	22.08	23.21	1449089	33045420.00
2019/12/04	23.15	23.62	22.92	23.52	2070240	48464912.00
2019/12/05	23.45	24.00	23.40	23.59	2314500	54779480.00
2019/12/06	23.55	24.30	22.98	23.48	2865460	67651984.00
2019/12/09	23.10	23.59	23.10	23.58	1999073	46656712.00
2019/12/10	23.38	23.92	23.20	23.61	1558117	36686872.00
2019/12/11	23.41	23.78	23.28	23.46	1179303	27780222.00
2019/12/12	23.39	23.85	23.39	23.84	1297671	30731322.00
2019/12/13	23.98	24.34	23.71	24.32	2462523	59249672.00
2019/12/16	24.51	25.63	24.50	25.51	4532446	114351304.00
2019/12/17	25.81	25.81	24.78	24.88	4425283	111123568.00
2019/12/18	25.00	25.20	24.55	24.95	3274542	81522568.00
2019/12/19	25.05	25.17	24.63	25.05	2123840	52887548.00
2019/12/20	25.00	25.50	24.51	24.55	2352520	58375916.00
2019/12/23	24.59	24.59	23.58	23.58	1217500	29244968.00
2019/12/24	23.58	23.96	23.58	23.72	875031	20773288.00
2019/12/25	23.72	24.24	23.60	23.78	1132916	27033258.00
2019/12/26	23.78	23.89	23.52	23.66	1073509	25420672.00
2019/12/27	23.66	23.87	23.00	23.25	1307837	30751078.00
2019/12/30	23.15	23.25	22.69	23.12	1133049	25987966.00
2019/12/31	23.10	23.36	22.96	23.12	833389	19311592.00
2020/01/02	23.30	23.54	23.01	23.45	1109711	25962524.00
2020/01/03	23.54	23.69	23.35	23.56	1135317	26721192.00
2020/01/06	23.36	23.74	23.20	23.52	911749	21472000.00
2020/01/07	23.52	23.97	23.52	23.97	1207257	28752368.00
2020/01/08	23.97	23.97	23.65	23.77	981320	23366136.00
2020/01/09	23.80	24.20	23.80	24.15	1251711	30054668.00
2020/01/10	24.07	24.37	23.70	23.90	1176720	28117828.00
2020/01/13	23.85	24.52	23.63	24.52	1949024	46802624.00
2020/01/14	24.52	24.55	24.13	24.14	1112880	27047340.00
2020/01/15	24.30	24.57	24.17	24.46	1544933	37686888.00
2020/01/16	24.51	24.62	23.92	24.06	1269631	30721016.00
2020/01/17	24.06	24.12	23.73	23.75	1140780	27325312.00
2020/01/20	23.89	24.07	23.74	23.85	1168300	27951636.00
2020/01/21	23.80	24.04	23.45	23.50	1070406	25361200.00
2020/01/22	22.81	23.50	22.80	23.17	1247198	28640934.00
2020/01/23	22.70	22.70	20.86	21.70	2797432	60456952.00
2020/02/03	19.53	19.53	19.53	19.53	277200	5413716.00
2020/02/04	19.06	19.30	18.49	18.67	1611480	30306978.00
2020/02/05	18.67	19.17	18.65	18.86	1251111	23694000.00
2020/02/06	18.97	19.02	18.63	18.87	1313220	24799948.00
2020/02/07	18.85	19.12	18.61	19.12	1272600	24080144.00
2020/02/10	18.85	19.50	18.85	19.41	990406	19050200.00
2020/02/11	19.45	19.69	19.30	19.39	882700	17177966.00
2020/02/12	19.22	19.54	19.22	19.51	758580	14749245.00
2020/02/13	19.49	19.68	18.89	19.27	1187620	22961380.00
2020/02/14	19.29	19.41	19.09	19.27	779160	14979532.00
2020/02/17	19.40	19.93	19.25	19.86	1144069	22506128.00
2020/02/18	19.86	20.50	19.68	20.37	1287294	25960362.00
2020/02/19	20.22	20.90	20.22	20.36	1546080	31699292.00
2020/02/20	20.38	20.52	20.01	20.46	1253780	25506112.00
2020/02/21	20.64	20.74	20.40	20.53	1280989	26326048.00
2020/02/24	20.60	20.62	20.22	20.62	1743620	35714312.00
2020/02/25	20.36	20.62	19.76	20.30	1696577	34195956.00
2020/02/26	19.96	20.59	19.96	20.32	1489797	30276164.00
2020/02/27	20.15	20.54	20.10	20.35	1018520	20715508.00
2020/02/28	19.76	20.00	18.78	18.93	1946037	37600684.00
2020/03/02	19.45	19.76	19.10	19.69	1038961	20264732.00
2020/03/03	19.88	20.25	19.51	19.87	1070470	21339828.00
2020/03/04	19.87	20.13	19.61	20.00	661740	13204925.00
2020/03/05	20.13	20.48	20.00	20.39	1228180	24939912.00
2020/03/06	20.10	21.20	20.08	20.73	1766720	36654484.00
2020/03/09	20.10	20.50	19.76	19.86	1567251	31545908.00
2020/03/10	19.62	20.40	19.60	20.39	1491000	29920236.00
2020/03/11	20.70	20.70	19.96	19.97	1177900	23904514.00
2020/03/12	19.60	19.94	19.30	19.46	912217	17876486.00
2020/03/13	18.80	19.97	18.18	19.90	1902760	36618784.00
2020/03/16	19.63	19.90	18.84	19.30	1286680	24943260.00
2020/03/17	18.90	19.40	18.42	19.35	1133580	21384268.00
2020/03/18	19.60	20.88	19.50	19.90	2879307	57820176.00
2020/03/19	19.99	20.30	19.22	19.98	1761880	34921124.00
2020/03/20	20.06	20.19	19.70	19.90	1196090	23769204.00
2020/03/23	19.30	19.92	19.06	19.09	1070342	20721542.00
2020/03/24	19.47	19.73	18.90	19.60	1262240	24398586.00
2020/03/25	19.67	20.19	19.67	19.91	1347797	26892884.00
2020/03/26	19.78	21.10	19.38	20.42	3229452	65712216.00
2020/03/27	20.80	20.95	19.91	19.92	2556702	52460056.00
2020/03/30	19.41	19.70	19.07	19.19	1092940	21013932.00
2020/03/31	19.22	19.55	19.10	19.10	659000	12645393.00
2020/04/01	19.08	19.27	19.00	19.07	502300	9614385.00
2020/04/02	19.07	19.23	18.79	19.23	536273	10213788.00
2020/04/03	19.34	19.34	18.93	18.99	507071	9681255.00
2020/04/07	19.10	19.90	19.10	19.72	1279851	24882620.00
2020/04/08	19.66	20.60	19.56	19.81	1426917	28543508.00
2020/04/09	19.90	20.07	19.65	19.81	699685	13855943.00
2020/04/10	19.82	19.98	19.10	19.10	697060	13491615.00
2020/04/13	19.20	19.46	19.00	19.15	387847	7434274.00
2020/04/14	19.19	19.42	19.05	19.34	857700	16524134.00
2020/04/15	19.34	19.39	19.06	19.18	565540	10842549.00
2020/04/16	19.05	19.24	18.88	19.16	468900	8971040.00
2020/04/17	19.23	19.38	18.90	18.92	562940	10769191.00
2020/04/20	19.03	19.15	18.79	19.00	780160	14792925.00
2020/04/21	19.05	19.14	18.79	18.99	793780	15038136.00
2020/04/22	18.82	20.35	18.76	20.30	3239998	63743180.00
2020/04/23	20.05	21.71	19.85	21.60	7123168	148651664.00
2020/04/24	21.70	23.76	21.04	23.76	8503881	192127888.00
2020/04/27	22.60	23.50	21.38	21.38	8503585	186785312.00
2020/04/28	20.40	21.80	20.30	20.85	5218155	108713184.00
2020/04/29	20.45	21.60	20.33	20.70	6653652	139989008.00
2020/04/30	20.22	20.55	19.62	19.76	5438700	108357296.00
2020/05/06	19.26	19.99	19.12	19.64	3331160	65057848.00
2020/05/07	19.67	19.96	19.32	19.59	3047502	59762656.00
2020/05/08	19.58	19.95	19.58	19.89	2654330	52511008.00
2020/05/11	19.80	20.10	19.56	19.66	1992317	39437628.00
2020/05/12	19.69	19.75	19.35	19.58	1700780	33147624.00
2020/05/13	19.30	19.57	19.23	19.57	1587380	30790224.00
2020/05/14	19.46	19.75	19.34	19.51	1561482	30410380.00
2020/05/15	19.60	19.71	19.28	19.30	1742260	34004176.00
2020/05/18	19.32	19.44	18.74	18.77	1994260	37755256.00
2020/05/19	18.85	19.06	18.85	18.90	1087990	20582282.00
2020/05/20	18.90	19.02	18.80	18.95	903370	17099212.00
2020/05/21	18.97	19.25	18.90	19.10	1006387	19221540.00
2020/05/22	19.05	19.44	18.90	19.27	1648220	31599510.00
2020/05/25	19.29	19.74	19.10	19.60	2458587	47923064.00
2020/05/26	19.50	19.82	19.43	19.72	1903827	37313848.00
2020/05/27	19.75	20.46	19.52	20.06	3077280	61377960.00
2020/05/28	20.05	20.20	19.20	19.88	2405214	47530760.00
2020/05/29	19.87	20.34	19.70	20.07	2022447	40586200.00
2020/06/01	20.00	20.39	19.90	20.26	1934395	39014392.00
2020/06/02	20.39	20.73	19.98	20.26	2005892	40612168.00
2020/06/03	20.53	21.28	20.09	20.09	2716040	55902792.00
2020/06/04	20.01	20.59	19.79	20.36	2304620	46329680.00
2020/06/05	20.36	21.00	20.11	20.72	3299773	68020856.00
2020/06/08	20.51	20.69	20.28	20.49	1966000	40210780.00
2020/06/09	20.37	20.79	20.14	20.68	1621800	33284408.00
2020/06/10	21.27	22.75	20.90	21.09	4585795	99848224.00
2020/06/11	20.89	21.52	20.39	20.95	2820477	58549440.00
2020/06/12	20.22	21.00	20.13	20.55	1229340	25312458.00
2020/06/15	20.51	20.66	20.30	20.30	824335	16870368.00
2020/06/16	20.52	20.66	20.31	20.60	815689	16770725.00
2020/06/17	20.66	21.06	20.26	20.79	1511280	31237964.00
2020/06/18	20.71	20.86	20.37	20.48	1386440	28438428.00
2020/06/19	20.39	20.77	20.32	20.49	1092115	22386528.00
2020/06/22	20.40	20.60	20.39	20.42	1056780	21646544.00
2020/06/23	20.43	20.55	19.87	19.88	1864080	37382640.00
2020/06/24	19.82	20.02	19.70	20.02	1089581	21641952.00
2020/06/29	19.81	20.20	19.67	20.09	751360	15044326.00
2020/06/30	20.19	20.25	20.01	20.16	551160	11094048.00
2020/07/01	20.15	20.64	20.15	20.60	1579407	32292616.00
2020/07/02	20.50	20.80	20.50	20.74	1101722	22787500.00
2020/07/03	20.72	21.02	20.62	20.66	1021480	21221738.00
2020/07/06	20.80	21.25	20.67	21.14	2226453	46736916.00
2020/07/07	21.15	21.53	21.09	21.33	1903485	40579188.00
2020/07/08	21.21	21.47	21.10	21.44	1402400	29912534.00
2020/07/09	21.54	21.90	21.33	21.73	1636389	35316936.00
2020/07/10	21.70	21.70	21.20	21.30	1509685	32371650.00
2020/07/13	21.28	21.85	21.28	21.75	1282300	27779660.00
2020/07/14	22.00	22.15	21.36	22.03	1694737	36924544.00
2020/07/15	22.01	22.15	21.30	21.37	1052600	22786612.00
2020/07/16	21.41	21.58	20.56	21.02	1164496	24592276.00
2020/07/17	20.82	23.12	20.56	22.75	8514936	189173840.00
2020/07/20	22.60	23.17	22.17	23.15	4910651	111223800.00
2020/07/21	23.08	23.70	22.51	23.52	3929083	90535656.00
2020/07/22	23.40	23.46	22.76	23.10	2868640	66152948.00
2020/07/23	22.80	23.62	22.23	23.40	3305877	76080656.00
2020/07/24	23.89	25.65	22.50	22.50	8783405	212042128.00
2020/07/27	21.00	21.96	20.25	20.60	4186085	86561088.00
2020/07/28	20.52	20.84	20.35	20.52	1773405	36433788.00
2020/07/29	20.46	21.10	20.33	20.91	2268065	46852872.00
2020/07/30	20.72	21.00	20.63	20.80	1608220	33392736.00
2020/07/31	20.66	20.87	20.46	20.70	1495725	30928024.00
2020/08/03	20.80	21.26	20.77	21.20	1658940	34892232.00
2020/08/04	21.14	21.35	20.78	21.01	1686762	35360820.00
2020/08/05	21.09	21.30	20.79	21.18	1668260	35108376.00
2020/08/06	21.19	21.19	20.78	20.92	1245725	26108072.00
2020/08/07	20.94	20.95	20.38	20.68	1095802	22626216.00
2020/08/10	20.51	21.01	20.51	20.85	744582	15531908.00
2020/08/11	20.99	21.18	20.61	20.70	1440362	30179880.00
2020/08/12	20.60	20.72	20.11	20.45	1400242	28518726.00
2020/08/13	20.46	20.83	20.40	20.58	1346000	27786980.00
2020/08/14	20.55	20.86	20.40	20.82	1352540	27903648.00
2020/08/17	20.90	21.05	20.74	20.93	1361742	28501856.00
2020/08/18	21.05	21.05	20.83	20.90	848700	17752444.00
2020/08/19	20.90	20.92	20.51	20.61	804980	16674282.00
2020/08/20	20.50	20.88	20.50	20.74	859500	17796708.00
2020/08/21	20.78	21.11	20.67	21.05	1223780	25642214.00
2020/08/24	21.05	21.16	20.30	20.83	934965	19446800.00
2020/08/25	20.91	21.49	20.60	21.39	2568343	54136328.00
2020/08/26	21.23	21.99	20.68	21.28	2640400	56253916.00
2020/08/27	21.28	21.50	20.84	21.28	1609120	34031884.00
2020/08/28	21.28	21.43	20.85	21.27	1415762	29943166.00
2020/08/31	21.26	21.52	21.16	21.40	1437685	30706972.00
2020/09/01	21.52	21.67	21.16	21.58	1278860	27408864.00
2020/09/02	21.57	22.50	21.43	21.85	2854882	62767504.00
2020/09/03	21.85	22.47	21.70	22.34	2703340	59994512.00
2020/09/04	22.01	22.34	21.85	22.23	2106520	46514568.00
2020/09/07	22.13	22.29	21.21	21.37	2043220	44460120.00
2020/09/08	21.40	21.95	20.80	21.71	1865820	40090504.00
2020/09/09	21.60	21.95	21.32	21.40	1475160	32033644.00
2020/09/10	21.44	21.58	20.42	20.53	2133580	44593012.00
2020/09/11	20.50	20.79	20.36	20.63	1069920	22015798.00
2020/09/14	20.62	21.08	20.62	21.04	977540	20487128.00
2020/09/15	21.20	21.21	20.60	20.71	869100	18075128.00
2020/09/16	20.66	20.68	20.42	20.67	703560	14467269.00
2020/09/17	20.54	21.17	20.54	20.99	1023922	21411416.00
2020/09/18	20.90	21.21	20.83	21.15	876140	18460638.00
2020/09/21	21.15	21.48	21.14	21.30	713422	15158929.00
2020/09/22	21.01	21.55	20.96	21.55	1261360	26994168.00
2020/09/23	21.52	21.66	21.20	21.45	916340	19602660.00
2020/09/24	21.33	21.56	20.90	20.90	876020	18581820.00
2020/09/25	20.90	21.15	20.48	20.78	780800	16157827.00
2020/09/28	20.80	20.80	19.50	19.50	1378300	27752174.00
2020/09/29	19.70	19.75	19.18	19.38	954420	18596796.00
2020/09/30	19.45	20.81	19.01	19.82	1384240	27420944.00
2020/10/09	19.83	20.46	19.60	19.87	3683260	73173624.00
2020/10/12	19.86	20.14	19.73	20.04	2474177	49509668.00
2020/10/13	20.03	20.04	19.67	19.79	1954020	38667256.00
2020/10/14	19.81	19.91	19.49	19.59	1167560	22939940.00
2020/10/15	19.58	19.75	19.48	19.68	970620	19016744.00
2020/10/16	19.68	19.85	19.42	19.61	1070759	21028852.00
2020/10/19	19.65	19.93	19.53	19.58	1064280	21019796.00
2020/10/20	19.59	19.72	19.39	19.71	634920	12423517.00
2020/10/21	19.78	19.78	19.40	19.42	828200	16159012.00
2020/10/22	19.40	19.53	19.10	19.28	1578780	30555748.00
2020/10/23	19.28	19.38	19.00	19.20	795639	15298283.00
2020/10/26	19.15	19.27	18.83	19.19	610100	11664911.00
2020/10/27	19.40	19.40	18.83	19.13	950659	18063854.00
2020/10/28	18.80	19.07	18.70	19.00	707920	13376543.00
2020/10/29	18.85	18.89	18.65	18.81	702440	13192938.00
2020/10/30	18.81	18.90	18.11	18.13	1071040	19765312.00
2020/11/02	18.10	18.50	18.00	18.46	1171985	21460492.00
2020/11/03	18.60	19.03	18.49	18.84	1104940	20776940.00
2020/11/04	18.97	19.25	18.74	18.83	912000	17282528.00
2020/11/05	18.90	19.10	18.70	18.96	945480	17871198.00
2020/11/06	19.10	19.10	18.72	18.90	897300	16923088.00
2020/11/09	19.13	19.67	18.90	19.50	1568980	30462834.00
2020/11/10	19.77	21.45	19.50	20.50	7111468	147685104.00
2020/11/11	19.79	21.36	19.68	19.95	3422123	68269536.00
2020/11/12	19.96	20.76	19.95	20.23	2636128	53630008.00
2020/11/13	20.07	20.20	19.38	19.57	1817926	35853760.00
2020/11/16	19.64	19.70	19.32	19.34	1125380	21852652.00
2020/11/17	19.40	19.70	19.30	19.59	1386080	27064136.00
2020/11/18	19.59	19.78	19.42	19.68	931240	18209648.00
2020/11/19	19.56	19.61	19.45	19.51	606140	11836112.00
2020/11/20	19.54	19.72	19.40	19.63	825000	16163459.00
2020/11/23	19.62	19.62	18.76	18.79	2763840	52212884.00
2020/11/24	18.20	18.82	18.20	18.54	1341560	24881320.00
2020/11/25	18.43	18.78	18.42	18.65	750200	13992341.00
2020/11/26	18.62	19.18	18.62	18.93	1506580	28500636.00
2020/11/27	18.92	19.02	18.61	18.67	1061720	19916552.00
2020/11/30	18.80	18.88	18.55	18.65	841200	15723960.00
2020/12/01	18.66	18.84	18.63	18.75	756200	14154803.00
2020/12/02	18.80	19.44	18.55	19.34	1871380	35594856.00
2020/12/03	19.11	19.27	18.93	18.96	802020	15322330.00
2020/12/04	18.96	19.31	18.81	19.31	1088883	20787422.00
2020/12/07	19.30	19.32	18.97	18.97	492300	9424195.00
2020/12/08	19.09	20.10	19.01	19.68	1987341	38745144.00
2020/12/09	19.55	19.59	19.15	19.25	1064520	20585206.00
2020/12/10	19.15	19.92	19.04	19.51	1443440	28161150.00
2020/12/11	19.51	19.51	18.82	18.90	972800	18527900.00
2020/12/14	18.88	19.16	18.70	18.83	641180	12101783.00
2020/12/15	18.80	18.96	18.64	18.88	522420	9853710.00
2020/12/16	18.85	18.86	18.30	18.36	959401	17734286.00
2020/12/17	18.38	18.49	17.85	18.21	874662	15867513.00
2020/12/18	18.20	18.59	18.17	18.47	754180	13848281.00
2020/12/21	18.46	18.48	18.29	18.39	630500	11578549.00
2020/12/22	18.20	18.37	17.96	18.00	766462	13850209.00
2020/12/23	18.02	18.66	17.88	18.35	1133000	20576294.00
2020/12/24	18.39	18.43	17.92	18.00	601700	10881535.00
2020/12/25	17.76	18.21	17.41	18.21	561700	10080884.00
2020/12/28	18.20	18.20	17.37	17.55	1035600	18414128.00
2020/12/29	17.00	17.49	16.78	17.24	747140	12788335.00
2020/12/30	17.26	17.80	17.07	17.08	879780	15367867.00
2020/12/31	17.00	17.17	16.60	16.98	688880	11663550.00
2021/01/04	16.98	17.16	16.82	17.00	557140	9463135.00
2021/01/05	17.04	17.21	16.80	17.15	848560	14392842.00
2021/01/06	17.12	18.05	17.10	17.29	1236537	21481778.00
2021/01/07	17.11	17.24	16.10	16.15	1076600	17783014.00
2021/01/08	16.10	16.26	15.71	15.99	686060	10946446.00
2021/01/11	16.08	16.08	14.75	14.88	1405800	21524060.00
2021/01/12	14.88	15.05	14.60	14.76	476400	7067051.50
2021/01/13	14.81	14.82	13.90	14.35	1463740	20750008.00
2021/01/14	14.30	15.50	14.01	14.68	1440960	21096732.00
2021/01/15	14.54	15.04	14.40	14.91	1011720	14972500.00
2021/01/18	14.95	15.25	14.90	14.94	634420	9529918.00
2021/01/19	14.95	15.36	14.77	15.20	778660	11795542.00
2021/01/20	15.20	15.32	15.00	15.16	500101	7592557.00
2021/01/21	15.10	16.36	15.05	15.90	2018360	32115562.00
2021/01/22	15.86	16.88	15.40	16.23	1511100	24175928.00
2021/01/25	16.01	16.20	15.26	15.35	866620	13498786.00
2021/01/26	15.60	15.60	14.88	14.88	505680	7639217.00
2021/01/27	15.33	15.33	14.80	14.97	441600	6621296.00
2021/01/28	15.00	15.05	14.70	15.00	419000	6224716.50
2021/01/29	14.94	15.16	14.50	14.55	351000	5156264.00
2021/02/01	14.87	14.87	14.43	14.57	352900	5139227.00
2021/02/02	14.50	14.85	14.38	14.70	619980	9039775.00
2021/02/03	14.60	14.62	14.36	14.59	481880	6977355.50
2021/02/04	14.47	14.63	13.99	14.11	743580	10622091.00
2021/02/05	14.11	14.27	13.91	13.93	382400	5393663.00
2021/02/08	13.92	14.04	13.66	13.98	579100	8008000.00
2021/02/09	13.98	15.33	13.90	14.43	876300	12705650.00
2021/02/10	14.43	14.60	14.30	14.46	314840	4542867.00
2021/02/18	14.46	14.97	14.46	14.93	725720	10722817.00
2021/02/19	14.93	15.55	14.80	15.44	505020	7650637.00
2021/02/22	15.39	16.26	15.37	15.55	1093960	17191748.00
2021/02/23	15.55	16.00	15.16	15.79	955560	14856586.00
2021/02/24	15.72	15.80	15.53	15.70	521520	8164386.00
2021/02/25	15.60	15.82	15.38	15.50	499040	7790837.00
2021/02/26	15.50	16.42	15.28	16.06	1122740	17935682.00
2021/03/01	15.95	16.80	15.68	16.33	1706600	27509188.00
2021/03/02	16.36	16.51	15.90	16.15	760540	12282684.00
2021/03/03	16.03	16.82	15.94	16.20	964780	15808119.00
2021/03/04	16.30	16.30	15.94	16.10	509040	8203781.00
2021/03/05	16.04	16.33	16.00	16.21	339200	5490127.00
2021/03/08	16.15	16.47	16.15	16.28	490160	7957403.50
2021/03/09	16.20	16.20	15.55	15.70	655100	10305905.00
2021/03/10	15.80	16.15	15.29	15.83	947120	14854453.00
2021/03/11	15.71	16.30	15.47	16.05	685100	10922384.00
2021/03/12	16.10	16.10	15.71	15.78	438460	6947166.50
2021/03/15	15.89	15.96	15.66	15.89	440200	6969788.50
2021/03/16	15.89	16.24	15.78	16.15	552060	8902906.00
2021/03/17	16.10	16.25	15.95	16.23	525620	8467990.00
2021/03/18	16.22	17.00	16.00	16.58	1698180	27938192.00
2021/03/19	16.57	16.88	16.25	16.79	1337840	22088994.00
2021/03/22	16.77	16.77	16.26	16.49	881940	14520407.00
2021/03/23	16.49	16.49	16.21	16.29	381980	6223569.00
2021/03/24	16.13	16.39	16.01	16.11	429700	6947642.00
2021/03/25	16.11	16.58	15.90	16.53	956000	15547344.00
2021/03/26	16.88	17.38	16.43	16.59	1345100	22655084.00
2021/03/29	16.46	16.48	16.18	16.27	481218	7857178.50
2021/03/30	16.26	16.26	15.94	15.94	547720	8790459.00
2021/03/31	15.94	16.09	15.49	15.96	787100	12373862.00
2021/04/01	15.90	16.10	15.65	15.99	603400	9602787.00
2021/04/02	15.97	16.39	15.92	16.24	558440	9036736.00
2021/04/06	16.24	16.39	16.22	16.22	262440	4264093.00
2021/04/07	16.10	16.53	16.05	16.42	584520	9539236.00
2021/04/08	16.35	16.60	16.25	16.29	588820	9652991.00
2021/04/09	16.29	16.47	16.17	16.23	577080	9436605.00
2021/04/12	16.23	16.26	15.76	15.80	444620	7082265.00
2021/04/13	15.97	15.97	15.68	15.81	191020	3013187.25
2021/04/14	15.50	15.99	15.50	15.85	147760	2339981.00
2021/04/15	15.85	16.16	15.72	16.05	504220	8082617.00
2021/04/16	16.09	16.38	16.04	16.23	343640	5590335.50
2021/04/19	16.18	16.47	16.18	16.36	357980	5861973.50
2021/04/20	16.30	16.53	16.26	16.36	346980	5699185.00
2021/04/21	16.27	16.41	16.10	16.15	297418	4836542.50
2021/04/22	16.10	16.35	16.10	16.15	249300	4034188.75
2021/04/23	16.16	16.27	15.68	15.80	522680	8293259.00
2021/04/26	15.80	16.01	15.71	15.86	224400	3567235.50
2021/04/27	16.00	16.08	15.50	15.55	442078	6917949.00
2021/04/28	15.55	15.65	15.15	15.19	459140	6999827.00
2021/04/29	15.13	15.73	15.10	15.72	655378	10102928.00
2021/04/30	15.70	15.85	15.36	15.75	404087	6300996.50
2021/05/06	15.69	16.85	15.54	16.67	1545420	25322214.00
2021/05/07	16.66	16.76	16.39	16.48	634618	10497681.00
2021/05/10	16.60	16.98	16.35	16.76	897760	14954770.00
2021/05/11	16.70	16.91	16.50	16.76	762978	12740355.00
2021/05/12	16.58	16.96	16.58	16.79	777738	13074522.00
2021/05/13	16.68	17.13	16.50	16.80	1003800	16848590.00
2021/05/14	16.78	17.02	16.65	16.97	801400	13546916.00
2021/05/17	17.05	17.40	16.60	17.40	1456558	24910162.00
2021/05/18	17.40	17.98	17.21	17.98	1639860	28923798.00
2021/05/19	17.96	17.98	17.59	17.80	978900	17403348.00
2021/05/20	17.88	17.97	17.62	17.84	776000	13811932.00
2021/05/21	17.48	18.33	17.48	17.90	1044640	18749272.00
2021/05/24	17.87	17.87	17.62	17.65	397720	7048442.00
2021/05/25	17.75	17.82	17.30	17.61	1043760	18320920.00
2021/05/26	17.61	17.70	17.45	17.48	461080	8096065.50
2021/05/27	17.56	18.03	17.40	18.03	1139205	20240406.00
2021/05/28	18.02	18.98	17.88	18.41	1788873	32848834.00
2021/05/31	18.50	18.89	18.06	18.33	1304767	24032134.00
2021/06/01	18.12	18.35	18.03	18.17	583175	10562277.00
2021/06/02	18.33	18.63	18.07	18.19	1117520	20493872.00
2021/06/03	18.23	18.62	18.05	18.26	601300	10998240.00
2021/06/04	18.09	18.54	18.03	18.39	515180	9419084.00
2021/06/07	18.42	19.10	18.20	18.58	1515840	28096776.00
2021/06/08	18.55	18.88	18.32	18.59	985880	18314852.00
2021/06/09	18.58	18.60	18.36	18.52	475880	8793325.00
2021/06/10	18.31	18.73	18.26	18.47	996060	18384640.00
2021/06/11	18.59	18.59	17.52	18.03	760680	13818739.00
2021/06/15	17.76	18.00	17.32	17.90	1032440	18274720.00
2021/06/16	17.91	18.08	17.56	17.71	677823	12083388.00
2021/06/17	17.61	18.08	17.52	17.85	668780	11878489.00
2021/06/18	17.83	18.39	17.68	18.33	1056980	19120738.00
2021/06/21	18.50	18.96	18.35	18.88	1246272	23339130.00
2021/06/22	19.24	19.96	19.00	19.23	2216360	42902992.00
2021/06/23	19.09	19.55	18.88	19.12	1574600	30077576.00
2021/06/24	18.89	19.40	18.80	19.16	924580	17644340.00
2021/06/25	19.18	19.26	18.40	18.53	1133120	21137852.00
2021/06/28	18.78	18.88	18.23	18.47	1045560	19426938.00
2021/06/29	18.60	18.76	18.11	18.25	422920	7798901.50
2021/06/30	18.25	18.50	17.98	18.00	687260	12483359.00
2021/07/01	18.16	18.16	17.75	17.88	277900	4984704.00
2021/07/02	17.93	19.10	17.55	18.60	1157880	21271742.00
2021/07/05	19.20	19.48	18.27	18.59	1295900	24425000.00
2021/07/06	18.69	18.70	18.01	18.18	608840	11111879.00
2021/07/07	18.00	18.16	17.82	17.91	360785	6463248.00
2021/07/08	17.91	18.17	17.72	17.74	289560	5152742.50
2021/07/09	17.58	18.06	17.51	17.88	410500	7305970.00
2021/07/12	17.91	18.08	17.60	17.90	371420	6647611.00
2021/07/13	18.04	18.04	17.65	17.82	295900	5253001.00
2021/07/14	17.70	17.93	17.61	17.61	382100	6765397.00
2021/07/15	17.85	17.85	16.86	16.86	881501	15082257.00
2021/07/16	16.99	16.99	16.21	16.26	1084800	17791150.00
2021/07/19	16.24	16.26	15.66	16.00	1111340	17657228.00
2021/07/20	16.00	16.40	15.97	16.32	795500	12896074.00
2021/07/21	16.28	16.28	15.68	16.00	1552700	24821760.00
2021/07/22	16.00	16.00	15.44	15.55	1791887	27983540.00
2021/07/23	15.51	16.00	15.33	15.87	1656102	25913726.00
2021/07/26	15.81	15.81	15.09	15.21	1037540	15924444.00
2021/07/27	15.11	15.36	15.05	15.07	411540	6250403.00
2021/07/28	15.05	15.05	14.53	14.78	649493	9587922.00
2021/07/29	14.83	15.18	14.80	15.12	499340	7514629.50
2021/07/30	15.00	15.47	15.00	15.40	611720	9385972.00
2021/08/02	15.70	15.80	15.20	15.72	545547	8522526.00
2021/08/03	15.79	16.16	15.73	15.75	1087060	17312644.00
2021/08/04	15.83	16.18	15.74	15.99	744773	11885296.00
2021/08/05	16.14	16.14	15.55	15.72	693293	10933858.00
2021/08/06	15.72	15.80	15.52	15.76	630333	9876894.00
2021/08/09	16.00	16.38	15.98	16.36	1131900	18403904.00
2021/08/10	16.37	16.53	16.25	16.40	897240	14718196.00
2021/08/11	16.42	17.98	16.40	17.09	2336583	39915996.00
2021/08/12	17.09	17.55	16.83	17.22	1740444	29879914.00
2021/08/13	17.74	18.94	17.19	18.94	2614376	48114572.00
2021/08/16	20.00	20.83	18.95	20.83	2306264	47489400.00
2021/08/17	20.66	20.71	18.75	18.75	6315576	121414216.00
2021/08/18	17.55	18.17	17.55	17.77	4293790	76516456.00
2021/08/19	16.64	17.59	16.64	17.30	2384010	41264772.00
2021/08/20	17.15	17.38	16.71	16.91	1666155	28281792.00
2021/08/23	17.08	18.11	17.04	17.97	2673484	47383512.00
2021/08/24	18.30	18.48	17.79	17.96	1992256	36022004.00
2021/08/25	18.00	18.14	17.66	17.98	1314064	23599620.00
2021/08/26	18.33	18.33	17.81	17.81	1292000	23286852.00
2021/08/27	18.16	18.16	17.45	17.78	1247360	22060828.00
2021/08/30	17.75	18.25	17.70	17.76	1371984	24579492.00
2021/08/31	17.69	18.45	17.30	17.99	2002040	35641532.00
2021/09/01	17.95	17.99	16.96	17.00	1700470	29439390.00
2021/09/02	17.00	17.40	16.83	17.32	956315	16421786.00
2021/09/03	17.32	17.65	17.21	17.30	725800	12634306.00
2021/09/06	17.30	17.53	17.02	17.53	1238900	21388180.00
2021/09/07	17.85	17.88	17.36	17.77	1005818	17774608.00
2021/09/08	17.72	18.10	17.51	18.04	1122302	20154998.00
2021/09/09	18.10	18.35	17.80	18.07	868080	15686255.00
2021/09/10	18.07	18.25	17.82	18.23	1018620	18395384.00
2021/09/13	18.23	18.45	17.74	17.83	1139500	20467784.00
2021/09/14	17.83	18.24	17.70	17.80	663260	11908545.00
2021/09/15	17.70	18.01	17.45	17.87	714680	12652381.00
2021/09/16	17.87	19.12	17.87	18.18	1820600	33641484.00
2021/09/17	18.32	18.32	17.16	17.46	1072900	18917750.00
2021/09/22	17.11	17.43	16.85	17.05	652260	11155535.00
2021/09/23	17.25	17.59	17.07	17.21	571700	9880941.00
2021/09/24	17.10	17.21	16.68	16.88	725423	12224006.00
2021/09/27	17.15	17.23	15.90	16.05	825200	13576917.00
2021/09/28	16.05	16.43	15.88	16.15	441760	7099102.00
2021/09/29	15.96	16.87	15.82	16.44	1223840	19862792.00
2021/09/30	16.44	16.66	16.04	16.21	601194	9742338.00
2021/10/08	16.40	16.54	16.20	16.45	419556	6855639.00
2021/10/11	16.50	16.50	16.16	16.35	304440	4956263.00
2021/10/12	16.35	16.38	15.95	16.19	320500	5180325.00
2021/10/13	16.13	16.35	16.05	16.26	204000	3308551.00
2021/10/14	16.20	16.75	16.12	16.51	315000	5180406.00
2021/10/15	16.60	16.60	16.31	16.32	462940	7588834.00
2021/10/18	16.47	16.47	16.04	16.38	199740	3242845.00
2021/10/19	16.38	16.56	16.21	16.39	323200	5320213.00
2021/10/20	16.32	16.41	16.16	16.20	350700	5709085.00
2021/10/21	16.34	16.34	15.83	15.94	287700	4609338.00
2021/10/22	15.94	15.94	15.64	15.66	318500	5018088.00
2021/10/25	15.66	15.91	15.45	15.87	193000	3036149.00
2021/10/26	15.87	16.02	15.86	15.89	163900	2611674.00
2021/10/27	15.95	15.96	15.37	15.44	325300	5060137.00
2021/10/28	15.44	15.45	15.20	15.21	209180	3191279.00
2021/10/29	15.44	15.80	15.00	15.73	364000	5609625.00
2021/11/01	15.74	16.08	15.34	15.96	640242	10149896.00
2021/11/02	16.19	16.55	15.46	16.12	1039100	16668449.00
2021/11/03	15.87	16.30	15.87	16.05	530600	8502991.00
2021/11/04	16.14	16.26	15.95	16.18	304600	4910198.00
2021/11/05	16.20	16.50	16.10	16.35	498500	8157184.00
2021/11/08	16.36	16.68	16.33	16.60	485700	8029747.00
2021/11/09	16.52	16.78	16.51	16.76	476602	7963793.00
2021/11/10	16.75	17.06	16.56	17.00	538544	9050829.00
2021/11/11	17.08	17.78	16.95	17.62	990740	17363606.00
2021/11/12	17.71	18.77	17.60	18.59	1935983	35508976.00
2021/11/15	18.66	19.36	18.61	18.77	2132440	40100440.00
2021/11/16	18.90	18.99	18.41	18.75	1259879	23590828.00
2021/11/17	18.77	19.25	18.73	18.81	767780	14552437.00
2021/11/18	19.08	20.30	18.81	18.86	2549500	49749640.00
2021/11/19	18.82	20.75	18.82	20.75	4306049	87086832.00
2021/11/22	20.55	22.83	20.50	22.83	6587142	144305632.00
2021/11/23	24.00	25.11	24.00	25.11	2101600	52132744.00
2021/11/24	27.62	27.62	25.13	27.62	2650281	72924600.00
2021/11/25	28.00	28.50	24.86	24.86	12426121	320483136.00
2021/11/26	22.99	23.90	22.50	22.84	9419077	217759376.00
2021/11/29	22.00	23.11	21.77	22.40	6098091	137791456.00
2021/11/30	22.87	23.35	22.40	22.70	5619334	128522728.00
2021/12/01	22.56	23.73	22.22	23.45	6339089	147280400.00
2021/12/02	23.46	23.59	22.30	22.56	4376879	99577696.00
2021/12/03	22.40	22.75	21.93	21.93	3208639	71083488.00
2021/12/06	22.10	22.10	21.28	21.30	2499800	53916924.00
2021/12/07	21.32	21.57	20.47	20.73	2139220	44525660.00
2021/12/08	20.73	21.29	20.73	21.24	1470980	31058770.00
2021/12/09	21.24	21.65	20.82	21.31	1643600	35121256.00
2021/12/10	21.46	21.71	21.00	21.19	1525357	32531972.00
2021/12/13	21.21	21.40	20.87	21.21	1420820	29972308.00
2021/12/14	21.21	21.68	20.73	21.57	1909791	40757288.00
2021/12/15	21.65	22.75	21.59	22.52	4495471	99635216.00
2021/12/16	22.29	23.20	21.83	21.96	3498832	77737888.00
2021/12/17	21.85	21.85	21.00	21.09	2339400	49986600.00
2021/12/20	21.08	21.59	20.31	20.44	2567380	53641276.00
2021/12/21	20.88	21.78	20.37	21.78	2519300	53512180.00
2021/12/22	22.00	22.00	20.90	21.18	1930300	40716848.00
2021/12/23	21.07	21.50	20.70	21.39	1635082	34540608.00
2021/12/24	21.32	22.37	20.76	22.37	4615240	100978680.00
2021/12/27	22.18	22.60	21.76	22.50	3025620	67071284.00
2021/12/28	22.41	22.50	21.97	22.46	2321200	51554552.00
2021/12/29	22.46	22.48	21.99	22.30	1732100	38361648.00
2021/12/30	22.04	22.29	21.54	21.58	1615161	35293764.00
2021/12/31	21.50	22.03	21.31	22.01	1870041	40737256.00
2022/01/04	22.10	22.29	21.57	22.12	1321541	29019352.00
2022/01/05	22.30	22.30	21.44	21.51	936240	20327292.00
2022/01/06	21.35	22.85	20.80	22.77	3311528	73006624.00
2022/01/07	22.65	24.15	22.50	23.02	3529751	82152352.00
2022/01/10	23.20	25.32	23.20	25.32	3005840	74305248.00
2022/01/11	25.87	27.55	25.50	26.48	6536542	172887216.00
2022/01/12	26.48	26.78	25.40	26.49	3776728	98568504.00
2022/01/13	26.31	26.64	25.55	26.55	2683740	70078456.00
2022/01/14	26.56	28.00	26.31	26.70	4015220	108880856.00
2022/01/17	26.70	29.37	26.70	29.37	2277710	65510768.00
2022/01/18	30.96	32.00	28.24	30.30	7141571	216560704.00
2022/01/19	29.38	30.49	28.00	29.26	4930680	144397504.00
2022/01/20	28.80	30.86	28.80	28.89	4559300	135647824.00
2022/01/21	28.99	29.96	27.59	29.06	3083200	89149272.00
2022/01/24	29.93	31.97	28.60	31.97	4455664	137203408.00
2022/01/25	31.93	31.95	29.00	29.13	4629880	139537584.00
2022/01/26	29.07	30.30	28.51	29.60	2362800	69477288.00
2022/01/27	30.20	30.23	27.49	27.83	2374820	67055168.00
2022/01/28	28.08	29.08	27.78	28.38	1500362	42785112.00
2022/02/07	29.05	29.50	27.30	27.93	1450018	40762544.00
2022/02/08	27.31	27.92	27.06	27.53	1150500	31488544.00
2022/02/09	27.52	28.51	26.68	28.14	1823360	50477784.00
2022/02/10	28.14	28.38	26.69	26.98	1698500	46050284.00
2022/02/11	27.18	27.28	25.51	26.15	2023660	52697580.00
2022/02/14	26.15	28.77	25.86	28.77	2007952	55951564.00
2022/02/15	29.50	30.70	27.62	30.54	4094108	120883096.00
2022/02/16	30.54	31.50	29.80	30.89	3003720	91721096.00
2022/02/17	30.80	32.18	30.37	31.03	2265576	71115456.00
2022/02/18	30.72	31.17	30.23	30.42	1393600	42589480.00
2022/02/21	30.48	32.38	30.01	31.67	2136060	67504984.00
2022/02/22	31.16	32.08	30.66	31.89	1186000	37262744.00
2022/02/23	31.58	32.50	30.60	31.02	1889921	59500544.00
2022/02/24	30.94	31.29	28.59	29.00	2557320	75866696.00
2022/02/25	29.28	30.20	28.89	30.00	1368320	40523540.00
2022/02/28	29.97	29.97	28.41	29.00	2150069	62143920.00
2022/03/01	28.49	29.40	28.44	29.23	1050300	30450164.00
2022/03/02	29.23	29.64	28.30	28.60	1568460	45037736.00
2022/03/03	28.96	29.01	27.00	27.53	2028806	56205792.00
2022/03/04	27.60	29.88	27.00	28.50	2541080	73004472.00
2022/03/07	28.43	28.50	26.80	27.28	1426360	38897556.00
2022/03/08	27.28	27.90	25.00	26.07	1666220	44153096.00
2022/03/09	26.29	26.74	24.98	26.05	1095663	28448056.00
2022/03/10	26.55	26.83	25.20	25.48	1535263	39591400.00
2022/03/11	25.38	26.01	24.00	25.48	2238557	55544840.00
2022/03/14	25.20	25.20	23.48	23.57	1658821	39993552.00
2022/03/15	23.61	23.77	22.20	22.58	2093758	48060924.00
2022/03/16	23.05	23.26	21.86	22.93	1509476	34301016.00
2022/03/17	23.27	25.16	22.80	24.71	1956640	47595036.00
2022/03/18	24.44	25.08	24.17	24.25	932776	22820824.00
2022/03/21	24.50	24.50	23.40	23.92	799406	19082656.00
2022/03/22	23.95	24.39	23.63	23.99	717400	17197700.00
2022/03/23	24.00	26.29	21.80	25.80	1632000	40922428.00
2022/03/24	25.74	25.89	24.03	24.24	1557766	38564832.00
2022/03/25	24.14	24.18	23.00	23.18	984900	23148012.00
2022/03/28	23.00	23.46	22.37	23.08	642400	14682202.00
2022/03/29	23.00	23.29	22.00	22.58	1358400	30446706.00
2022/03/30	23.00	24.22	22.83	24.16	1252400	29772744.00
2022/03/31	23.95	24.23	23.10	23.26	952300	22310428.00
2022/04/01	23.17	23.49	22.75	23.22	654123	15150532.00
2022/04/06	23.19	23.83	22.84	22.95	587700	13564862.00
2022/04/07	22.50	23.41	21.68	21.68	993300	21949620.00
2022/04/08	21.67	21.78	20.82	21.22	1028441	21752672.00
2022/04/11	21.22	21.43	20.40	20.54	907619	18776156.00
2022/04/12	20.53	21.30	20.28	21.13	638559	13287049.00
2022/04/13	21.13	21.13	20.31	20.43	534100	11012305.00
2022/04/14	20.43	21.05	20.40	20.73	597140	12411393.00
2022/04/15	20.62	20.63	19.86	20.50	1012157	20435948.00
2022/04/18	21.25	21.30	19.65	20.32	633954	12816179.00
2022/04/19	20.20	21.06	20.20	20.75	540200	11199050.00
2022/04/20	20.59	21.15	20.42	20.76	515800	10724901.00
2022/04/21	20.54	20.78	19.66	19.96	598000	12028832.00
2022/04/22	19.70	20.30	19.00	19.78	680400	13228576.00
2022/04/25	19.38	19.38	18.00	18.07	952502	17648424.00
2022/04/26	18.05	18.96	16.26	16.90	1201544	20607380.00
2022/04/27	16.00	17.63	15.50	17.63	1021016	17209820.00
2022/04/28	17.45	17.49	16.25	16.72	659360	11240338.00
2022/04/29	17.00	18.08	16.90	17.97	719920	12744110.00
2022/05/05	17.97	19.15	17.51	18.66	807041	15002720.00
2022/05/06	18.52	19.00	18.00	18.85	720160	13462842.00
2022/05/09	18.79	19.40	18.79	19.32	553940	10647134.00
2022/05/10	18.96	20.05	18.75	19.89	626500	12323337.00
2022/05/11	19.52	20.44	19.52	19.72	641700	12795350.00
2022/05/12	19.40	20.38	19.40	20.12	530241	10646042.00
2022/05/13	20.12	20.43	19.80	20.37	547556	11052994.00
2022/05/16	20.32	22.41	20.32	22.41	1370524	29824068.00
2022/05/17	22.92	23.38	22.16	22.16	2097880	47791624.00
2022/05/18	22.43	23.63	22.42	23.07	1836080	42437980.00
2022/05/19	22.58	22.97	22.44	22.81	1186795	26908084.00
2022/05/20	22.67	24.35	22.60	24.19	2060040	48731216.00
2022/05/23	25.15	26.61	24.30	26.61	2512000	64428400.00
2022/05/24	26.48	28.01	25.60	26.00	3312200	88435440.00
2022/05/25	26.00	26.01	25.30	25.90	1277228	32725740.00
2022/05/26	25.89	28.00	25.72	28.00	2433832	65959884.00
2022/05/27	27.30	28.50	27.10	28.30	2367157	66172752.00
2022/05/30	28.30	28.30	27.00	27.88	1157358	32045636.00
2022/05/31	28.30	30.67	27.81	30.67	4426092	132706592.00
2022/06/01	30.60	30.85	29.95	30.21	2321240	70374424.00
2022/06/02	30.54	31.47	29.76	31.40	1754520	53709016.00
2022/06/06	31.00	31.00	28.26	28.26	2034454	59074564.00
2022/06/07	25.81	27.80	25.44	25.50	5351398	139587536.00
2022/06/08	25.84	26.60	25.25	25.64	2934080	75489720.00
2022/06/09	26.00	27.60	25.08	27.03	2677800	70977152.00
2022/06/10	27.05	27.31	26.49	26.98	1199700	32190060.00
2022/06/13	27.00	28.04	26.74	27.19	1331700	36275088.00
2022/06/14	27.19	27.19	26.11	26.86	1059300	28186402.00
2022/06/15	26.50	27.48	26.13	26.21	1252300	33299916.00
2022/06/16	26.71	27.17	26.09	26.41	669040	17703392.00
2022/06/17	26.27	27.44	26.10	26.90	867100	23310924.00
2022/06/20	26.86	27.13	26.33	27.10	687115	18385420.00
2022/06/21	27.30	27.30	26.47	26.85	637090	17065270.00
2022/06/22	26.76	29.48	26.56	28.71	1887434	53662932.00
2022/06/23	28.44	29.55	28.11	29.20	1458700	42331512.00
2022/06/24	29.37	29.72	28.71	28.99	1041000	30225672.00
2022/06/27	29.50	29.99	28.62	28.83	689800	19987120.00
2022/06/28	28.67	29.65	28.61	29.27	746700	21732600.00
2022/06/29	28.89	29.55	27.99	28.28	851594	24243128.00
2022/06/30	27.98	28.49	27.85	27.98	499551	14020995.00
2022/07/01	28.18	28.18	27.40	27.84	492084	13622728.00
2022/07/04	27.96	28.00	27.41	27.85	465200	12899511.00
2022/07/05	28.20	28.38	26.73	27.20	1500100	40938520.00
2022/07/06	27.01	27.46	26.40	26.99	819760	21966216.00
2022/07/07	27.29	27.43	26.71	27.36	701400	19086540.00
2022/07/08	27.38	30.10	27.08	30.10	2249078	65073308.00
2022/07/11	30.28	33.01	30.28	32.40	5063740	163076896.00
2022/07/12	32.36	33.15	31.01	32.50	3594880	115943800.00
2022/07/13	32.39	32.80	31.14	32.73	2282934	73434912.00
2022/07/14	32.70	33.88	32.21	32.97	2154954	71044472.00
2022/07/15	33.00	33.09	31.40	31.49	1882389	59873220.00
2022/07/18	31.96	32.10	30.72	31.88	1420860	44545624.00
2022/07/19	31.88	33.10	31.51	32.49	1415629	45635600.00
2022/07/20	32.49	32.90	31.30	32.54	1208540	39067160.00
2022/07/21	32.50	34.80	32.01	32.38	1421649	46626104.00
2022/07/22	32.13	32.74	31.36	32.01	1222820	39036064.00
2022/07/25	31.80	32.19	30.64	30.69	1058700	32928158.00
2022/07/26	30.69	31.06	29.49	30.99	1251560	38144904.00
2022/07/27	30.69	32.13	30.69	31.83	727720	22973876.00
2022/07/28	31.81	32.27	31.33	31.47	656680	20819232.00
2022/07/29	31.42	31.80	30.33	30.50	1373900	42211268.00
2022/08/01	30.32	30.32	28.50	28.70	2316820	67325552.00
2022/08/02	28.42	28.99	26.65	26.80	1538520	42009120.00
2022/08/03	26.75	27.37	25.28	25.38	1338100	35186624.00
2022/08/04	25.49	25.83	24.75	25.18	1393182	35069924.00
2022/08/05	25.26	25.45	24.93	25.34	927882	23396458.00
2022/08/08	25.41	26.88	25.30	26.71	1198806	31570070.00
2022/08/09	26.71	27.92	26.20	27.76	1259200	34689732.00
2022/08/10	27.79	27.79	26.80	27.18	732000	19836140.00
2022/08/11	27.53	27.75	27.00	27.03	666000	18159532.00
2022/08/12	27.03	27.30	26.53	26.62	609300	16389808.00
2022/08/15	26.62	26.89	26.43	26.50	719700	19142686.00
2022/08/16	26.85	27.60	26.54	27.48	1032140	28133584.00
2022/08/17	28.10	28.15	26.76	26.84	1027915	27928152.00
2022/08/18	26.84	27.65	26.41	27.31	718962	19594660.00
2022/08/19	27.35	27.35	26.40	26.40	637300	17026308.00
2022/08/22	26.36	26.84	26.08	26.24	531000	14019910.00
2022/08/23	26.34	26.64	26.06	26.46	481120	12693964.00
2022/08/24	26.47	26.64	25.24	25.50	558700	14314347.00
2022/08/25	25.50	25.65	23.76	25.44	1867380	45895376.00
2022/08/26	25.41	25.41	23.77	24.20	1002500	24354188.00
2022/08/29	24.25	24.65	23.54	24.65	788020	19211972.00
2022/08/30	24.32	24.72	23.81	24.49	672820	16383327.00
2022/08/31	24.49	24.55	23.03	23.12	733600	17312612.00
2022/09/01	23.12	23.52	22.93	23.22	549260	12771391.00
2022/09/02	23.45	24.32	23.13	24.29	530400	12697194.00
2022/09/05	24.23	24.42	23.82	24.03	575219	13838276.00
2022/09/06	24.10	24.57	23.50	24.56	625720	15150577.00
2022/09/07	24.51	24.69	24.11	24.29	412300	10066087.00
2022/09/08	24.29	24.65	24.10	24.21	518420	12600760.00
2022/09/09	24.32	24.32	23.49	23.98	580040	13763334.00
2022/09/13	23.90	24.90	23.89	24.60	691420	16990822.00
2022/09/14	24.25	24.50	23.70	24.04	490900	11799249.00
2022/09/15	24.08	24.10	22.61	23.33	714900	16560144.00
2022/09/16	23.28	23.46	22.20	22.24	557000	12568819.00
2022/09/19	22.31	22.50	21.51	22.24	520160	11502924.00
2022/09/20	22.46	23.20	22.29	22.90	483500	11063579.00
2022/09/21	22.90	23.11	22.46	23.02	333000	7603073.00
2022/09/22	22.97	24.50	22.62	24.17	1434269	34463032.00
2022/09/23	24.00	24.17	22.39	22.52	1175508	27257528.00
2022/09/26	21.71	22.75	21.60	21.70	1198000	26562230.00
2022/09/27	21.80	22.82	21.54	22.78	684000	15195840.00
2022/09/28	23.04	23.38	21.70	21.80	699400	15628992.00
2022/09/29	21.84	22.30	21.56	21.80	519603	11384193.00
2022/09/30	21.83	21.98	21.35	21.50	411041	8905278.00
2022/10/10	21.51	21.67	20.83	21.22	461400	9722912.00
2022/10/11	21.20	21.86	20.94	21.34	356100	7643950.00
2022/10/12	21.54	22.26	20.95	22.14	408988	8841380.00
2022/10/13	22.08	22.82	22.06	22.32	687980	15455434.00
2022/10/14	22.52	23.00	22.40	22.82	623729	14162812.00
2022/10/17	22.56	23.84	22.56	23.55	641108	14871578.00
2022/10/18	23.98	23.98	23.23	23.56	538280	12683047.00
2022/10/19	23.52	23.72	23.23	23.57	355800	8389363.00
2022/10/20	23.37	24.28	23.16	23.79	502300	11929713.00
2022/10/21	23.79	24.23	23.79	23.79	307300	7368045.00
2022/10/24	24.00	24.23	23.23	23.49	404274	9592102.00
2022/10/25	23.32	23.68	22.90	23.29	339040	7892730.00
2022/10/26	23.00	24.15	23.00	23.91	623160	14802138.00
2022/10/27	24.27	24.28	23.60	23.61	387400	9267898.00
2022/10/28	23.40	23.52	22.50	22.84	668200	15382611.00
2022/10/31	22.75	23.48	22.53	23.00	473100	10946906.00
2022/11/01	23.00	23.72	22.91	23.48	552940	12934972.00
2022/11/02	23.84	23.84	23.31	23.68	417758	9877403.00
2022/11/03	23.61	23.98	23.50	23.93	366100	8703375.00
2022/11/04	23.88	24.69	23.88	24.34	560282	13643370.00
2022/11/07	24.79	24.79	24.12	24.30	375900	9138868.00
2022/11/08	24.24	24.59	24.05	24.31	391627	9496224.00
2022/11/09	24.30	24.88	24.02	24.48	436653	10724422.00
2022/11/10	24.50	24.56	23.49	23.71	579188	13826997.00
2022/11/11	24.00	24.50	23.60	23.66	437000	10477178.00
2022/11/14	24.30	24.30	23.19	23.40	427500	10041978.00
2022/11/15	23.39	23.86	23.19	23.74	364100	8598488.00
2022/11/16	23.85	24.90	23.72	24.87	1018840	24895160.00
2022/11/17	25.00	25.88	24.48	25.19	2002400	50868000.00
2022/11/18	25.16	25.16	23.62	23.68	1292615	31450720.00
2022/11/21	23.00	24.25	22.80	24.20	793115	18790816.00
2022/11/22	24.33	24.48	23.29	23.29	605479	14330758.00
2022/11/23	23.29	24.70	22.90	24.61	1104955	26209240.00
2022/11/24	24.68	27.07	24.31	27.07	4449361	116672272.00
2022/11/25	27.06	28.50	26.12	27.90	6438407	175792160.00
2022/11/28	28.62	30.69	28.40	30.69	5993329	178908208.00
2022/11/29	29.70	30.69	27.85	28.45	7046385	202139200.00
2022/11/30	28.00	28.00	26.38	26.80	4849436	130396592.00
2022/12/01	27.05	27.14	26.28	26.60	2748475	73105800.00
2022/12/02	26.60	26.60	26.16	26.36	1979370	52127184.00
2022/12/05	26.50	26.85	26.15	26.82	2888070	76894144.00
2022/12/06	26.63	26.70	25.78	26.03	2114792	55250400.00
2022/12/07	26.02	26.39	25.72	25.86	1534074	39971400.00
2022/12/08	25.70	26.26	25.34	26.13	1307914	33817444.00
2022/12/09	26.00	26.00	25.42	25.69	1020100	26149112.00
2022/12/12	25.52	25.92	25.34	25.73	696860	17894636.00
2022/12/13	25.91	25.91	24.80	24.92	1046000	26369684.00
2022/12/14	25.08	25.98	24.81	25.66	1156400	29400500.00
2022/12/15	25.50	26.21	25.24	26.20	1582271	40927444.00
2022/12/16	26.35	26.42	25.75	26.28	1451375	37994060.00
2022/12/19	26.25	26.77	25.80	26.07	1001096	26169194.00
2022/12/20	26.08	26.69	25.41	26.61	1237940	32569304.00
2022/12/21	26.62	26.77	25.53	25.55	1056422	27273192.00
2022/12/22	25.55	25.80	23.00	24.50	773200	19341390.00
2022/12/23	24.31	24.56	23.36	23.81	869600	20716600.00
2022/12/26	23.81	24.97	23.35	24.89	571500	13944733.00
2022/12/27	24.82	25.45	24.53	25.24	487100	12160891.00
2022/12/28	24.78	25.45	24.48	24.74	429600	10618130.00
2022/12/29	24.70	25.16	24.49	24.51	355100	8816349.00
2022/12/30	24.51	24.62	24.00	24.14	426464	10335137.00
2023/01/03	24.26	25.10	24.09	24.86	668019	16557226.00
2023/01/04	25.10	25.10	24.55	24.75	360200	8933859.00
2023/01/05	24.75	25.10	24.60	24.87	395322	9840120.00
2023/01/06	24.87	25.45	24.68	25.09	429800	10830552.00
2023/01/09	25.19	26.30	25.02	26.20	1380259	35707632.00
2023/01/10	26.00	26.14	25.30	25.64	1281100	32797612.00
2023/01/11	25.64	25.64	25.20	25.45	701000	17778978.00
2023/01/12	25.18	25.62	25.18	25.41	321500	8174979.00
2023/01/13	25.40	25.59	24.61	24.87	733700	18339332.00
2023/01/16	25.08	25.40	24.62	25.21	699000	17563858.00
2023/01/17	25.38	25.45	25.13	25.28	197900	5003232.00
2023/01/18	25.10	25.67	24.88	25.30	319300	8081374.00
2023/01/19	25.16	26.48	25.16	25.98	1247015	32386352.00
2023/01/20	25.97	27.55	25.75	27.16	1760696	47102336.00
2023/01/30	27.31	28.06	26.98	27.01	1554160	42653272.00
2023/01/31	26.76	26.98	24.62	25.10	2910900	74544424.00
2023/02/01	25.09	27.61	25.03	27.61	3424870	93502936.00
2023/02/02	28.00	30.37	27.42	29.53	6839516	196822112.00
2023/02/03	28.91	29.10	27.68	28.39	3834350	108183608.00
2023/02/06	28.60	28.60	27.75	28.19	1682506	47218700.00
2023/02/07	27.92	28.35	27.66	28.03	1542331	43206348.00
2023/02/08	27.85	28.30	27.82	28.15	1108831	31056164.00
2023/02/09	28.31	28.39	27.50	28.05	1226000	34476520.00
2023/02/10	27.86	28.18	27.50	27.57	1277820	35517956.00
数据来源:通达信
