603990 麦迪科技 日线 不复权
      日期	    开盘	    最高	    最低	    收盘	    成交量	    成交额
2016/12/08	13.95	13.95	13.95	13.95	5100	71145.00
2016/12/09	15.35	15.35	15.35	15.35	900	13815.00
2016/12/12	16.89	16.89	16.89	16.89	7500	126675.00
2016/12/13	18.58	18.58	18.58	18.58	4800	89184.00
2016/12/14	20.44	20.44	20.44	20.44	4100	83804.00
2016/12/15	22.48	22.48	22.48	22.48	8700	195576.00
2016/12/16	24.73	24.73	24.73	24.73	3800	93974.00
2016/12/19	27.20	27.20	27.20	27.20	7824	212813.00
2016/12/20	29.92	29.92	29.92	29.92	14900	445808.00
2016/12/21	32.91	32.91	32.91	32.91	27800	914898.00
2016/12/22	36.20	36.20	36.20	36.20	23700	857940.00
2016/12/23	39.82	39.82	39.82	39.82	43300	1724206.00
2016/12/26	43.80	43.80	43.80	43.80	199037	8717821.00
2016/12/27	48.18	48.18	48.18	48.18	175484	8454819.00
2016/12/28	53.00	53.00	53.00	53.00	138721	7352213.00
2016/12/29	58.30	58.30	53.65	54.63	13291262	738510528.00
2016/12/30	54.80	56.88	53.81	55.06	8492849	470539296.00
2017/01/03	55.50	56.03	54.07	55.23	5657130	313257408.00
2017/01/04	55.00	55.95	54.81	55.42	4380201	242320864.00
2017/01/05	55.06	56.77	54.80	55.77	4447367	248745408.00
2017/01/06	55.16	55.47	53.00	53.03	4182193	226900352.00
2017/01/09	52.02	54.98	51.51	52.91	1744795	91952200.00
2017/01/10	52.86	54.68	52.53	53.16	1874323	100850000.00
2017/01/11	52.35	53.62	51.71	52.48	1949422	102003096.00
2017/01/12	52.20	54.39	52.20	52.53	1368700	72642912.00
2017/01/13	51.87	51.98	49.00	49.63	2780076	139310016.00
2017/01/16	48.40	49.98	45.25	46.94	1725263	83358240.00
2017/01/17	46.51	49.10	44.67	48.20	1666500	78657960.00
2017/01/18	47.60	47.87	45.80	45.99	1027901	48270020.00
2017/01/19	45.59	47.00	44.77	45.59	815950	37369500.00
2017/01/20	45.10	47.59	45.10	47.23	1180600	55532408.00
2017/01/23	47.10	50.16	47.00	48.65	1237000	60277036.00
2017/01/24	48.25	49.20	48.01	48.90	739826	35977680.00
2017/01/25	48.56	51.19	48.55	50.72	1558750	78669512.00
2017/01/26	50.93	51.68	49.70	51.59	1157463	58958800.00
2017/02/03	51.65	52.99	50.18	51.04	2079094	107377344.00
2017/02/06	51.02	52.20	50.93	52.12	1213524	62749608.00
2017/02/07	52.08	52.20	50.55	50.90	1329353	68109136.00
2017/02/08	50.61	51.58	50.15	51.12	1234895	63062564.00
2017/02/09	50.79	51.39	50.52	50.88	1213403	61792324.00
2017/02/10	50.98	51.10	49.52	49.61	1028313	51786192.00
2017/02/13	49.48	51.26	49.28	50.42	1384124	69870424.00
2017/02/14	50.65	51.10	50.15	50.46	1035699	52437632.00
2017/02/15	50.83	51.89	50.44	50.68	1898523	96987256.00
2017/02/16	50.68	50.69	48.80	49.20	1317216	65148324.00
2017/02/17	49.45	49.68	48.91	49.08	1031800	50928460.00
2017/02/20	48.76	49.08	46.51	47.79	773910	36928544.00
2017/02/21	47.84	52.57	47.66	52.57	2916181	150396448.00
2017/02/22	52.57	53.44	50.93	51.51	4883581	254282400.00
2017/02/23	50.50	51.48	50.02	51.24	2191983	111167136.00
2017/02/24	51.61	52.39	51.11	52.15	2585326	134056256.00
2017/02/27	51.63	52.36	50.80	51.07	1359638	70064904.00
2017/02/28	50.97	51.72	50.68	51.63	1221583	62378556.00
2017/03/01	51.74	52.00	50.88	50.98	1248728	64145088.00
2017/03/02	51.19	51.39	50.66	50.83	936090	47695044.00
2017/03/03	50.75	51.35	50.22	51.28	871900	44367076.00
2017/03/06	51.28	53.50	51.00	52.60	1992353	104710784.00
2017/03/07	53.00	53.98	52.60	53.44	2120683	112968920.00
2017/03/08	53.60	54.29	52.82	53.48	1915056	102537728.00
2017/03/09	53.00	53.90	52.33	53.74	1719286	91194352.00
2017/03/10	53.79	55.59	53.40	55.57	2684032	146627920.00
2017/03/13	55.61	56.78	54.45	56.17	2601772	144756960.00
2017/03/14	55.90	56.20	54.50	54.56	1998958	110468672.00
2017/03/15	54.20	55.91	53.01	54.57	1409049	77089232.00
2017/03/16	54.74	56.87	54.63	56.64	2479575	138551600.00
2017/03/17	56.42	57.18	54.15	54.93	2416658	134881488.00
2017/03/20	54.35	56.05	54.01	55.97	1529396	84218192.00
2017/03/21	55.91	57.85	55.91	56.64	2016994	115130072.00
2017/03/22	56.30	61.95	55.95	59.52	3811403	222962416.00
2017/03/23	59.50	60.69	56.60	58.24	2820794	166128800.00
2017/03/24	57.70	59.59	57.69	59.44	2071721	121910872.00
2017/03/27	59.43	62.39	59.12	61.95	3247835	197617360.00
2017/03/28	59.44	59.75	57.63	58.40	3503467	205984000.00
2017/03/29	58.70	58.70	53.25	54.69	2781900	154731632.00
2017/03/30	53.78	53.78	50.52	51.20	2048487	106901032.00
2017/03/31	51.36	51.98	49.90	51.89	1304232	66394660.00
2017/04/05	51.38	53.39	50.67	52.90	1684000	88048480.00
2017/04/06	52.73	53.65	52.44	53.08	1391165	73788384.00
2017/04/07	52.73	53.00	51.50	52.18	1147500	59734372.00
2017/04/10	51.50	51.50	47.00	47.21	1933900	94605808.00
2017/04/11	47.38	48.58	46.41	48.21	1506132	71443640.00
2017/04/12	48.00	48.19	47.09	47.46	1091211	52006980.00
2017/04/13	47.38	48.29	47.13	47.57	657000	31426948.00
2017/04/14	47.38	47.45	46.40	46.68	887900	41594336.00
2017/04/17	45.30	45.39	42.51	43.79	1457703	63656104.00
2017/04/18	43.67	44.50	43.20	43.72	572022	25123826.00
2017/04/19	43.10	44.63	43.01	44.43	640891	28257588.00
2017/04/20	44.48	45.14	43.30	44.40	625814	27715430.00
2017/04/21	44.05	44.50	43.50	44.02	493700	21738522.00
2017/04/24	44.02	44.02	40.72	40.97	913334	38140820.00
2017/04/25	41.55	42.96	41.21	42.24	737468	31137836.00
2017/04/26	42.23	42.98	41.80	42.51	571968	24291304.00
2017/04/27	42.32	43.87	41.20	43.54	888997	38096824.00
2017/04/28	42.90	44.00	42.58	43.28	876297	37598864.00
2017/05/02	42.69	43.88	42.69	43.82	721800	31216108.00
2017/05/03	43.60	43.96	42.51	43.46	770100	33316054.00
2017/05/04	43.38	43.58	42.70	43.30	876621	37861352.00
2017/05/05	43.11	43.54	42.80	43.15	453184	19523572.00
2017/05/08	42.65	42.87	42.30	42.36	351165	14947572.00
2017/05/09	42.00	42.69	40.10	41.40	970862	39968184.00
2017/05/10	40.70	41.40	38.62	39.41	843500	33682980.00
2017/05/11	38.94	38.94	36.85	38.73	1257299	47632848.00
2017/05/12	38.60	38.90	37.90	38.77	511800	19644118.00
2017/05/15	38.77	39.39	38.56	38.69	323700	12608136.00
2017/05/16	38.68	40.30	38.08	40.08	559300	21975840.00
2017/05/17	40.14	42.10	40.14	41.00	921922	38008672.00
2017/05/18	40.54	41.64	40.54	40.82	402695	16508004.00
2017/05/19	40.87	40.93	40.02	40.14	362623	14662032.00
2017/05/22	39.99	40.14	37.35	37.87	601123	23018018.00
2017/05/23	37.68	37.86	36.29	36.36	500500	18499352.00
2017/05/24	36.10	37.30	35.33	36.95	335452	12226078.00
2017/05/25	36.58	37.03	35.61	36.78	397700	14500552.00
2017/05/26	36.71	37.30	36.38	37.00	286600	10593241.00
2017/05/31	38.05	40.49	37.35	39.40	1542598	60429556.00
2017/06/01	39.00	39.01	36.50	36.56	679023	25751820.00
2017/06/02	36.01	37.79	36.01	37.34	494468	18387668.00
2017/06/05	37.85	38.50	37.42	37.52	410568	15555593.00
2017/06/06	37.12	37.80	37.12	37.53	229700	8602227.00
2017/06/07	37.93	39.25	37.51	39.11	650723	25014834.00
2017/06/08	39.11	39.31	38.36	38.60	726300	28085440.00
2017/06/09	38.62	38.62	37.69	37.76	719900	27310602.00
2017/06/12	37.31	37.48	36.16	36.48	628556	22954760.00
2017/06/13	36.05	37.50	36.05	37.14	437256	16181616.00
2017/06/14	37.16	37.78	36.40	37.33	369558	13652123.00
2017/06/15	37.33	38.40	37.13	38.23	566073	21521678.00
2017/06/16	38.08	38.63	37.85	38.53	425400	16218909.00
2017/06/19	38.50	38.63	38.08	38.42	248384	9518119.00
2017/06/20	38.80	38.80	38.01	38.66	416810	16036821.00
2017/06/21	39.59	41.50	39.59	40.76	2377776	96969672.00
2017/06/22	39.55	40.38	39.01	39.83	1443853	57251480.00
2017/06/23	39.51	39.51	38.18	38.94	681800	26440688.00
2017/06/26	39.08	39.25	38.45	39.08	405592	15786707.00
2017/06/27	39.11	39.47	38.80	38.96	290384	11345979.00
2017/06/28	38.88	38.98	38.09	38.86	366023	14086929.00
2017/06/29	38.73	39.05	38.45	38.62	297500	11515182.00
2017/06/30	38.60	38.98	38.17	38.74	321400	12418294.00
2017/07/03	38.84	39.08	38.30	39.01	332923	12926008.00
2017/07/04	39.15	39.16	38.40	38.98	434100	16803186.00
2017/07/05	38.98	39.18	38.64	39.12	560723	21890512.00
2017/07/06	39.27	39.60	38.84	39.23	828900	32489768.00
2017/07/07	39.25	40.35	39.14	40.20	864000	34443048.00
2017/07/10	39.50	39.60	38.88	39.12	609300	23862804.00
2017/07/11	38.61	39.12	37.99	38.23	554900	21316438.00
2017/07/12	38.10	38.37	37.11	37.66	405700	15236411.00
2017/07/13	37.58	37.75	36.82	36.93	325000	12137619.00
2017/07/14	37.07	37.25	36.84	36.97	211700	7831287.00
2017/07/17	36.52	36.54	33.27	33.27	776200	26389128.00
2017/07/18	32.99	32.99	30.33	31.92	1076300	33775076.00
2017/07/19	31.92	31.97	30.90	31.77	559400	17586916.00
2017/07/20	31.98	32.98	31.60	31.90	499376	16181255.00
2017/07/21	32.00	35.08	31.68	35.03	1474597	49898944.00
2017/07/24	34.01	35.10	33.38	34.34	1026100	35194504.00
2017/07/25	34.04	34.34	33.15	33.34	469697	15806389.00
2017/07/26	33.34	33.60	32.50	32.83	500300	16436882.00
2017/07/27	32.99	34.46	32.36	33.87	707800	23775920.00
2017/07/28	33.75	34.79	33.54	34.15	553000	18917780.00
2017/07/31	33.98	34.49	33.71	34.37	466600	15937911.00
2017/08/01	33.81	34.48	33.50	33.81	400800	13554638.00
2017/08/02	33.79	34.12	33.50	33.58	330800	11144176.00
2017/08/03	33.36	34.05	33.32	33.80	416023	14069715.00
2017/08/04	33.89	34.07	33.05	33.75	342023	11431117.00
2017/08/07	33.60	33.97	33.50	33.80	314491	10627916.00
2017/08/08	33.53	33.99	33.18	33.81	398295	13345132.00
2017/08/09	33.81	33.90	33.53	33.87	219095	7392708.00
2017/08/10	33.87	33.96	33.50	33.75	286476	9651471.00
2017/08/11	33.48	33.55	33.00	33.22	248700	8260888.00
2017/08/14	33.45	33.89	33.12	33.57	248300	8340805.00
2017/08/15	33.64	34.06	33.64	34.00	451994	15332839.00
2017/08/16	34.00	34.88	33.70	34.37	708500	24345366.00
2017/08/17	34.18	34.72	34.01	34.46	493319	16942170.00
2017/08/18	34.32	34.32	33.82	33.94	371500	12627248.00
2017/08/21	34.01	36.28	33.90	35.36	1242195	43787736.00
2017/08/22	34.92	35.24	34.72	35.03	683700	23912764.00
2017/08/23	35.03	35.15	34.54	34.96	396019	13805558.00
2017/08/24	34.88	35.10	34.50	34.61	288905	10024230.00
2017/08/25	34.55	35.30	34.30	35.17	443629	15505780.00
2017/08/28	35.46	38.06	35.18	37.24	1655800	60447920.00
2017/08/29	36.99	37.48	36.50	36.69	1216800	44775364.00
2017/08/30	36.60	36.81	36.28	36.63	510100	18608512.00
2017/08/31	36.72	37.45	36.60	37.14	1037400	38608040.00
2017/09/01	37.14	37.50	37.00	37.38	948700	35344832.00
2017/09/04	37.50	38.49	36.80	37.92	1036629	39188864.00
2017/09/05	37.54	38.27	37.32	37.87	613700	23177616.00
2017/09/06	37.78	37.78	37.12	37.36	621300	23214748.00
2017/09/07	37.30	38.00	37.26	37.63	719243	27199308.00
2017/09/08	37.48	37.78	37.19	37.42	617700	23106344.00
2017/09/11	37.50	37.95	37.36	37.80	583546	22048668.00
2017/09/12	37.70	38.07	36.80	36.85	656800	24544644.00
2017/09/13	36.80	37.28	36.61	37.18	413100	15286753.00
2017/09/14	37.14	37.37	36.40	36.61	859800	31648958.00
2017/09/15	36.51	36.81	36.39	36.45	431100	15795550.00
2017/09/18	36.33	36.57	35.51	36.15	1029498	37207632.00
2017/09/19	35.90	36.49	35.85	36.31	771198	27957470.00
2017/09/20	36.30	36.89	36.12	36.71	711229	26010704.00
2017/09/21	36.72	38.18	36.72	37.29	1268567	47652692.00
2017/09/22	37.06	40.90	37.06	39.92	2714812	106877192.00
2017/09/25	39.76	40.14	38.80	39.27	1830562	71983064.00
2017/09/26	39.32	39.39	37.50	38.16	1515862	57755912.00
2017/09/27	37.50	38.98	37.35	38.77	990191	38006768.00
2017/09/28	38.77	38.97	38.20	38.46	773527	29867500.00
2017/09/29	38.22	38.86	38.22	38.69	472600	18268942.00
2017/10/09	39.27	39.84	38.90	39.73	760697	30059734.00
2017/10/10	39.87	42.95	39.47	41.82	2378895	98521688.00
2017/10/11	41.50	42.80	40.60	40.62	1601498	66399348.00
2017/10/12	42.00	42.50	40.31	41.72	1346800	56042144.00
2017/10/13	41.21	42.00	41.15	41.58	840000	34990580.00
2017/10/16	42.00	42.00	39.51	39.90	926814	37614500.00
2017/10/17	39.32	39.96	38.95	39.50	510845	20128600.00
2017/10/18	39.50	40.50	38.51	38.59	634500	24972472.00
2017/10/19	38.51	38.79	37.40	37.60	741729	28089412.00
2017/10/20	37.69	38.32	37.35	38.03	540429	20401320.00
2017/10/23	38.00	38.20	37.88	38.18	293200	11152813.00
2017/10/24	38.17	38.17	37.37	37.94	411829	15513604.00
2017/10/25	38.00	39.26	37.81	39.02	711547	27574344.00
2017/10/26	39.00	39.86	38.88	39.80	433200	16989540.00
2017/10/27	39.98	40.50	39.00	39.26	508500	20275732.00
2017/10/30	39.22	39.39	36.40	37.44	841700	31508886.00
2017/10/31	37.48	38.19	36.76	37.80	533500	19967568.00
2017/11/01	37.84	38.68	37.52	38.65	512700	19608588.00
2017/11/02	38.36	39.44	38.08	39.36	870600	33951836.00
2017/11/03	39.36	39.68	38.81	39.54	526299	20682002.00
2017/11/06	39.79	39.88	39.02	39.54	636499	25139818.00
2017/11/07	39.40	39.58	38.17	38.49	713412	27530364.00
2017/11/08	38.53	39.50	38.00	38.82	574712	22236684.00
2017/11/09	38.88	39.37	38.50	39.14	480198	18725000.00
2017/11/10	39.28	39.39	38.86	38.90	738598	28895332.00
2017/11/13	38.95	40.00	38.61	39.93	1206693	47497744.00
2017/11/14	40.10	40.10	39.52	39.61	945698	37597584.00
2017/11/15	39.50	39.50	38.08	38.16	820900	31759328.00
2017/11/16	38.11	38.35	37.29	37.31	561294	21218688.00
2017/11/17	37.25	37.25	34.03	34.39	857600	30581990.00
2017/11/20	34.25	34.67	33.61	34.64	378447	12925467.00
2017/11/21	34.69	35.09	34.20	34.88	350600	12177224.00
2017/11/22	34.89	35.17	34.35	35.00	270800	9411576.00
2017/11/23	34.82	36.09	34.09	35.59	913545	32499240.00
2017/11/24	34.80	35.08	34.18	34.88	574747	19926684.00
2017/11/27	34.70	34.77	33.18	33.37	306700	10333001.00
2017/11/28	33.40	33.74	33.01	33.54	240500	8039503.00
2017/11/29	33.10	33.50	32.53	32.85	271800	8949415.00
2017/11/30	33.00	33.78	32.55	33.60	390800	13007516.00
2017/12/01	33.55	33.95	33.18	33.76	211400	7113359.00
2017/12/04	33.78	33.78	32.51	33.08	342100	11295038.00
2017/12/05	33.05	33.37	31.65	32.00	373900	12010809.00
2017/12/06	32.28	32.70	31.58	32.55	190200	6114001.00
2017/12/07	32.53	33.88	32.09	33.49	349300	11492603.00
2017/12/08	33.80	34.19	33.35	33.48	440400	14834252.00
2017/12/11	32.41	34.77	32.25	34.38	600941	20430626.00
2017/12/12	33.99	34.30	33.50	33.76	258400	8741633.00
2017/12/13	33.70	34.00	33.55	33.91	156400	5290288.00
2017/12/14	33.70	34.22	33.70	34.22	154600	5251648.00
2017/12/15	33.95	34.56	33.95	34.22	221200	7577686.00
2017/12/18	34.02	34.54	34.02	34.46	295300	10154963.00
2017/12/19	34.10	34.95	34.10	34.89	192200	6684486.00
2017/12/20	34.50	34.98	34.41	34.87	125500	4359486.00
2017/12/21	34.51	34.88	34.38	34.39	156000	5406007.00
2017/12/22	34.58	35.36	34.50	34.70	206100	7195344.00
2017/12/25	34.39	34.58	33.85	34.27	199600	6822208.00
2017/12/26	33.88	34.97	33.56	34.87	148600	5150421.00
2017/12/27	34.63	35.96	34.62	35.35	318300	11315940.00
2017/12/28	35.36	35.60	34.99	35.42	166162	5883703.00
2017/12/29	35.02	35.95	35.02	35.88	203700	7248272.00
2018/01/02	35.77	36.50	35.64	36.36	236016	8579027.00
2018/01/03	36.02	36.50	36.01	36.48	208162	7554553.00
2018/01/04	36.41	36.58	36.28	36.54	165800	6040359.00
2018/01/05	36.54	37.40	36.38	37.12	238900	8865297.00
2018/01/08	37.12	39.50	37.12	38.83	645600	24931050.00
2018/01/09	38.50	39.37	38.30	38.50	335400	12926408.00
2018/01/10	38.79	38.79	37.76	37.90	295500	11231390.00
2018/01/11	38.46	38.46	37.70	37.96	324200	12325516.00
2018/01/12	37.64	38.17	37.64	38.05	167700	6364669.00
2018/01/15	37.80	38.04	36.01	36.13	451700	16595281.00
2018/01/16	36.37	37.26	36.37	37.04	171900	6347186.00
2018/01/17	37.18	37.49	36.59	36.96	321900	11911467.00
2018/01/18	36.62	37.38	36.61	36.93	288200	10680816.00
2018/01/19	36.93	37.27	36.16	36.89	193100	7135262.00
2018/01/22	36.50	37.35	36.21	37.22	210800	7764788.00
2018/01/23	37.22	37.55	36.80	37.03	119400	4440994.00
2018/01/24	36.54	37.09	36.08	36.79	155500	5704072.00
2018/01/25	36.61	37.17	36.56	36.85	183700	6773355.00
2018/01/26	36.60	36.84	35.91	36.00	205600	7480876.00
2018/01/29	36.01	36.19	35.00	35.11	194916	6882645.00
2018/01/30	34.90	35.38	34.78	34.98	192100	6722722.00
2018/01/31	34.75	35.26	33.61	34.57	238100	8129002.00
2018/02/01	32.84	34.20	32.84	33.77	246900	8295951.00
2018/02/02	33.66	34.17	33.01	34.01	202700	6858771.00
2018/02/05	33.88	34.68	33.75	33.94	189900	6444099.00
2018/02/06	33.53	33.98	32.84	33.41	291600	9706086.00
2018/02/07	33.92	34.64	33.05	34.18	273800	9273336.00
2018/02/08	34.38	34.38	33.78	34.26	119200	4078286.00
2018/02/09	34.00	34.00	32.88	33.73	196250	6560812.00
2018/02/12	33.24	33.95	33.24	33.71	233600	7858206.00
2018/02/13	33.90	33.90	32.68	33.08	342903	11374448.00
2018/02/14	33.03	33.08	32.60	32.99	93100	3063748.00
2018/02/22	33.08	33.47	33.08	33.32	64100	2133674.00
2018/02/23	33.33	33.45	33.02	33.27	62700	2082789.00
2018/02/26	33.35	34.20	33.00	33.97	262300	8835479.00
2018/02/27	34.00	34.59	33.73	34.53	257800	8808536.00
2018/02/28	34.52	34.56	34.11	34.44	116400	3998010.00
2018/03/01	34.44	35.11	34.20	34.98	152200	5295197.00
2018/03/02	34.51	34.97	34.51	34.57	138000	4793493.00
2018/03/05	34.96	34.96	34.06	34.70	215700	7415912.00
2018/03/06	34.87	34.98	34.47	34.97	152000	5278131.00
2018/03/07	34.96	35.18	34.60	34.71	121500	4230370.00
2018/03/08	34.96	34.99	34.40	34.82	142000	4945267.00
2018/03/09	35.00	36.30	34.52	35.95	502700	17979208.00
2018/03/12	36.38	37.18	36.17	37.10	596205	21965112.00
2018/03/13	37.00	37.15	36.23	36.46	319800	11721243.00
2018/03/14	36.47	36.47	35.81	35.85	259300	9354773.00
2018/03/15	35.85	35.85	34.75	34.79	224455	7902142.00
2018/03/16	35.09	35.63	34.80	35.12	242905	8548671.00
2018/03/19	35.85	36.24	35.16	35.99	468900	16738790.00
2018/03/20	35.70	36.67	35.60	36.43	492000	17883112.00
2018/03/21	36.15	37.00	36.15	36.70	377400	13868645.00
2018/03/22	36.70	37.15	36.48	37.09	464034	17108610.00
2018/03/23	36.58	37.29	35.60	35.80	637100	23137354.00
2018/03/26	34.82	36.40	34.82	35.96	599716	21405184.00
2018/03/27	36.45	37.30	36.05	36.96	1266800	46650536.00
2018/03/28	36.35	38.67	36.35	38.16	2579066	98099568.00
2018/03/29	38.03	38.47	37.73	38.07	1125745	42807932.00
2018/03/30	38.19	39.48	38.01	39.34	1723911	67057852.00
2018/04/02	38.86	41.00	38.85	40.54	2369300	95277680.00
2018/04/03	39.51	40.80	39.51	40.14	991200	39780616.00
2018/04/04	40.14	40.77	39.51	39.77	1100866	44051192.00
2018/04/09	39.02	41.40	39.01	41.30	1105943	44424560.00
2018/04/10	41.20	41.75	40.30	40.76	893048	36346136.00
2018/04/11	41.69	41.69	40.55	40.94	670258	27571160.00
2018/04/12	41.29	41.67	40.58	41.20	915735	37717160.00
2018/04/13	45.31	45.32	41.80	42.13	3553639	156654080.00
2018/04/16	39.70	42.47	39.60	41.61	2090271	85695336.00
2018/04/17	42.33	42.75	39.91	40.42	1181000	48892448.00
2018/04/18	40.58	42.98	38.04	41.56	2554710	102945416.00
2018/04/19	41.25	44.97	41.25	42.74	2147846	92524816.00
2018/04/20	41.98	42.80	40.52	40.82	1308400	54509840.00
2018/04/23	40.28	40.82	39.11	39.35	964455	38191912.00
2018/04/24	39.02	41.30	38.98	40.79	926408	37362856.00
2018/04/25	41.00	42.30	40.50	41.66	610773	25303228.00
2018/04/26	41.18	41.32	39.84	40.16	722013	29236092.00
2018/04/27	40.02	40.80	39.63	40.06	223080	8958569.00
2018/05/02	40.04	40.45	37.56	38.96	810800	31515020.00
2018/05/03	38.51	39.49	37.90	39.07	342560	13228979.00
2018/05/04	39.00	39.34	38.10	39.21	314040	12191127.00
2018/05/07	39.26	40.29	38.60	39.33	562000	22138608.00
2018/05/08	39.37	39.37	38.31	38.92	693373	26860940.00
2018/05/09	38.88	38.99	38.50	38.79	409700	15842132.00
2018/05/10	38.80	38.84	38.33	38.60	366449	14113007.00
2018/05/11	38.60	38.79	38.04	38.27	284720	10901440.00
2018/05/14	38.05	38.27	37.68	37.82	446400	16881890.00
2018/05/15	37.82	38.91	37.36	38.85	613914	23637088.00
2018/05/16	38.92	39.43	38.56	38.83	492868	19236152.00
2018/05/17	38.87	38.87	38.05	38.11	403100	15429839.00
2018/05/18	38.49	38.86	37.71	38.29	582107	22297284.00
2018/05/21	38.38	39.37	38.21	38.82	593594	23001088.00
2018/05/22	38.96	38.98	38.50	38.84	456310	17655030.00
2018/05/23	38.55	38.93	38.22	38.88	389603	15082285.00
2018/05/24	39.27	39.39	38.39	38.77	400808	15481115.00
2018/05/25	38.99	38.99	37.40	37.72	866000	32862592.00
2018/05/28	37.38	37.89	37.21	37.28	380500	14235235.00
2018/05/29	37.48	37.85	36.77	36.91	297400	11110090.00
2018/05/30	36.75	36.89	35.53	35.83	611478	22029518.00
2018/05/31	35.75	36.59	35.44	35.53	388065	13902649.00
2018/06/01	35.32	35.81	35.25	35.46	212300	7533706.00
2018/06/04	35.51	35.58	34.56	35.54	668519	23466880.00
2018/06/05	35.54	36.48	35.26	36.40	304563	10930723.00
2018/06/06	36.17	36.98	36.02	36.60	201400	7378885.00
2018/06/07	36.35	36.70	36.12	36.31	163012	5929476.00
2018/06/08	36.50	36.80	35.53	35.66	432215	15455821.00
2018/06/11	35.65	36.75	35.65	36.33	331452	12028740.00
2018/06/12	36.47	36.88	36.05	36.56	292352	10667547.00
2018/06/13	36.50	37.32	36.27	36.36	333300	12286753.00
2018/06/14	36.23	36.68	36.15	36.41	149200	5427464.00
2018/06/15	36.25	37.00	35.75	36.73	450700	16382823.00
2018/06/19	36.49	36.49	33.06	33.50	612600	21311704.00
2018/06/20	33.75	34.33	32.90	33.66	791651	26494184.00
2018/06/21	33.71	33.90	33.03	33.18	353200	11815517.00
2018/06/22	33.17	33.50	32.80	33.22	400109	13288145.00
2018/06/25	33.24	33.55	33.24	33.26	124800	4161894.00
2018/06/26	33.23	33.38	30.16	33.11	433253	14165667.00
2018/06/27	33.11	33.48	32.76	33.14	123100	4082181.00
2018/06/28	33.06	33.23	32.33	32.59	119193	3907945.00
2018/06/29	32.75	34.22	32.72	33.94	209606	7051127.00
2018/07/02	33.37	34.56	32.61	33.09	317500	10616508.00
2018/07/03	32.98	33.67	32.78	33.60	206305	6850589.00
2018/07/04	33.69	33.71	32.81	33.23	188400	6235791.00
2018/07/05	33.01	33.33	32.76	33.04	93106	3077098.00
2018/07/06	32.99	33.43	32.71	33.14	216289	7163938.00
2018/07/09	33.25	33.70	32.71	33.51	363682	12065195.00
2018/07/10	33.25	33.37	33.13	33.31	63000	2092456.00
2018/07/11	32.47	33.00	31.85	32.82	446200	14444772.00
2018/07/12	32.70	33.66	32.60	33.38	577454	19253944.00
2018/07/13	33.28	33.69	33.28	33.64	176299	5900755.00
2018/07/16	33.26	33.89	33.26	33.64	75263	2521229.00
2018/07/17	33.64	33.72	32.80	33.13	125200	4167376.00
2018/07/18	33.30	33.40	33.06	33.13	97900	3254666.00
2018/07/19	33.13	33.35	32.96	33.23	109999	3649064.00
2018/07/20	33.00	33.51	33.00	33.30	88400	2947917.00
2018/07/23	33.50	33.78	33.27	33.38	166500	5572236.00
2018/07/24	33.50	33.77	33.31	33.65	174300	5847856.00
2018/07/25	33.50	33.75	33.33	33.55	106500	3570795.00
2018/07/26	33.45	33.75	33.15	33.60	179599	6030219.00
2018/07/27	33.60	33.69	33.37	33.60	92700	3108982.00
2018/07/30	33.60	34.41	33.50	34.13	326200	11077710.00
2018/07/31	34.25	34.49	33.53	33.67	174800	5883436.00
2018/08/01	33.52	37.04	33.42	33.60	363400	12433669.00
2018/08/02	33.20	33.32	32.03	33.25	297900	9749608.00
2018/08/03	33.02	33.27	32.06	32.32	132200	4287557.00
2018/08/06	31.80	32.38	31.63	32.28	123000	3941079.00
2018/08/07	32.02	32.55	31.80	32.49	200100	6444861.00
2018/08/08	32.26	32.82	32.25	32.39	211236	6859296.00
2018/08/09	32.60	33.20	32.44	33.02	254500	8371784.00
2018/08/10	33.18	33.78	32.80	33.73	378600	12695642.00
2018/08/13	33.75	34.02	33.25	34.01	263914	8916934.00
2018/08/14	34.02	34.36	33.85	34.17	259800	8866634.00
2018/08/15	34.17	34.50	33.81	33.90	239600	8151295.00
2018/08/16	34.19	34.19	33.21	33.78	165000	5565573.00
2018/08/17	33.79	34.37	33.45	33.50	114400	3859494.00
2018/08/20	33.51	33.82	33.26	33.82	106030	3565406.00
2018/08/21	33.99	34.12	33.58	33.87	84300	2847648.00
2018/08/22	33.55	33.87	33.45	33.60	75700	2546566.00
2018/08/23	33.51	33.87	33.51	33.72	62500	2108423.00
2018/08/24	33.85	33.85	33.50	33.53	117200	3945376.00
2018/08/27	33.74	34.12	33.45	34.00	116637	3950767.00
2018/08/28	34.09	34.10	33.65	33.75	142600	4813064.00
2018/08/29	33.75	33.81	33.55	33.63	101326	3411453.00
2018/08/30	33.56	33.84	33.50	33.69	116938	3933117.00
2018/08/31	33.38	33.38	32.08	32.75	461098	15148304.00
2018/09/03	32.70	32.70	31.50	32.49	276501	8839994.00
2018/09/04	32.50	32.79	32.19	32.64	85500	2784119.00
2018/09/05	32.50	32.96	32.50	32.88	61800	2025761.00
2018/09/06	32.78	33.24	32.58	32.81	41701	1372867.00
2018/09/07	32.75	32.99	32.39	32.65	124238	4064748.00
2018/09/10	32.44	32.66	32.11	32.40	36200	1175674.00
2018/09/11	32.30	32.69	32.30	32.58	49400	1607343.00
2018/09/12	32.60	32.87	32.45	32.86	53900	1756579.00
2018/09/13	32.85	32.99	32.71	32.90	28748	945477.00
2018/09/14	32.66	32.99	32.50	32.90	70636	2311844.00
2018/09/17	32.61	33.00	32.18	32.44	193000	6289856.00
2018/09/18	32.15	32.80	32.11	32.79	79800	2597926.00
2018/09/19	32.54	32.92	32.51	32.80	134800	4403375.00
2018/09/20	32.74	32.87	32.65	32.65	30400	995367.00
2018/09/21	32.53	33.30	32.51	33.19	158900	5218484.00
2018/09/25	33.03	33.13	32.85	33.03	91900	3023874.00
2018/09/26	32.82	33.00	32.80	32.93	86800	2853247.00
2018/09/27	32.80	33.00	32.49	32.65	160000	5224322.00
2018/09/28	32.25	32.98	32.25	32.98	149803	4914382.00
2018/10/08	32.97	32.97	30.33	32.17	138100	4459591.00
2018/10/09	32.22	32.31	31.15	32.20	207600	6647174.00
2018/10/10	31.95	32.37	31.92	32.18	131600	4238552.00
2018/10/11	31.75	31.75	28.96	28.96	397500	12015916.00
2018/10/12	28.97	28.97	27.03	28.79	361363	10262400.00
2018/10/15	28.75	29.50	28.75	28.99	149000	4324049.00
2018/10/16	29.00	29.28	28.24	28.89	81800	2352436.00
2018/10/17	29.00	29.08	28.36	28.98	155000	4471843.00
2018/10/18	28.61	28.98	28.25	28.75	87900	2520607.00
2018/10/19	28.50	29.49	27.73	29.40	268165	7806581.00
2018/10/22	29.50	30.94	29.50	30.53	286600	8746586.00
2018/10/23	30.50	30.55	30.01	30.12	122700	3705969.00
2018/10/24	30.03	30.35	29.85	30.17	94000	2822817.00
2018/10/25	29.75	29.96	29.26	29.96	144700	4293474.00
2018/10/26	30.00	30.11	29.61	29.76	73100	2177412.00
2018/10/29	29.59	29.90	27.87	29.88	321300	9485767.00
2018/10/30	29.58	30.00	29.06	29.94	111600	3323237.00
2018/10/31	29.86	30.80	29.86	30.66	202851	6132166.00
2018/11/01	31.01	31.28	30.11	30.50	247500	7579844.00
2018/11/02	30.75	31.36	30.30	31.30	389600	12091037.00
2018/11/05	31.49	31.53	30.50	31.20	237700	7398865.00
2018/11/06	30.97	31.14	30.10	30.60	358400	10934564.00
2018/11/07	30.96	30.96	30.50	30.63	188300	5764688.00
2018/11/08	30.69	30.75	30.00	30.49	354800	10731608.00
2018/11/09	30.18	30.75	30.01	30.53	163300	4932803.00
2018/11/12	30.58	30.87	30.15	30.81	291955	8924809.00
2018/11/13	30.87	32.75	30.50	32.40	1051036	33664260.00
2018/11/14	32.40	33.47	32.03	32.15	493400	16041366.00
2018/11/15	32.07	33.42	31.99	33.39	794700	25893832.00
2018/11/16	33.49	33.50	32.70	32.93	316100	10475387.00
2018/11/19	32.33	33.10	32.26	32.49	278555	9066477.00
2018/11/20	32.25	32.40	31.85	31.88	584500	18663760.00
2018/11/21	31.75	32.18	31.50	31.88	226770	7239814.00
2018/11/22	32.02	32.19	31.66	31.84	113100	3602132.00
2018/11/23	31.55	31.85	31.21	31.60	208600	6589347.00
2018/11/26	31.50	32.54	31.50	32.10	783966	25004512.00
2018/11/27	31.76	32.15	31.76	31.88	271055	8661429.00
2018/11/28	31.99	32.38	31.88	32.35	222536	7146421.00
2018/11/29	32.36	32.53	31.70	32.00	224616	7255579.00
2018/11/30	31.98	32.63	31.70	32.63	276651	8879902.00
2018/12/03	32.66	33.48	32.66	33.05	396761	13140327.00
2018/12/04	33.00	33.17	32.76	33.08	200700	6629276.00
2018/12/05	32.80	33.20	31.35	33.03	173348	5722267.00
2018/12/06	33.05	33.15	32.42	32.92	173200	5695828.00
2018/12/07	32.95	32.95	32.60	32.76	84200	2755814.00
2018/12/10	32.56	32.75	32.08	32.53	184800	6006122.00
2018/12/11	32.70	32.75	32.12	32.26	170600	5529719.00
2018/12/12	32.55	32.55	31.74	32.14	583600	18678792.00
2018/12/13	31.89	32.10	31.53	31.88	142683	4551813.00
2018/12/14	31.78	32.18	31.20	31.88	271061	8569304.00
2018/12/17	31.85	32.68	31.51	32.54	403244	13031817.00
2018/12/18	32.53	32.68	32.19	32.63	159500	5180101.00
2018/12/19	32.61	32.63	32.10	32.55	89601	2908403.00
2018/12/20	32.38	32.56	31.90	32.09	146700	4710631.00
2018/12/21	31.75	32.20	31.28	32.10	71400	2285815.00
2018/12/24	32.02	32.39	31.80	32.39	107459	3449417.00
2018/12/25	31.88	32.52	31.60	32.52	542598	17333350.00
2018/12/26	32.40	33.00	32.26	33.00	361200	11855076.00
2018/12/27	33.65	33.65	32.79	32.80	332800	11064271.00
2018/12/28	32.75	33.24	32.60	32.86	70500	2318147.00
2019/01/02	32.83	33.19	32.15	32.69	217300	7057249.00
2019/01/03	32.47	32.56	31.80	32.00	321382	10299178.00
2019/01/04	31.79	32.40	31.79	32.10	175100	5605639.00
2019/01/07	31.89	32.24	31.80	32.07	147000	4697995.00
2019/01/08	32.88	32.88	31.81	32.25	247030	7912065.00
2019/01/09	32.25	32.49	31.87	32.22	189300	6067115.00
2019/01/10	32.29	32.29	31.81	31.82	151235	4832885.00
2019/01/11	31.75	32.28	31.55	31.92	250500	7977206.00
2019/01/14	31.98	31.98	31.50	31.70	196048	6193317.00
2019/01/15	31.53	31.99	31.52	31.88	59200	1877997.00
2019/01/16	31.94	31.95	31.56	31.90	130900	4142129.00
2019/01/17	31.89	31.95	31.50	31.69	123600	3905253.00
2019/01/18	31.50	32.10	31.50	31.79	251131	7987557.00
2019/01/21	31.77	32.05	31.05	31.73	193300	6115677.00
2019/01/22	31.60	31.78	31.36	31.70	237731	7476756.00
2019/01/23	31.69	32.00	31.53	31.97	311000	9873377.00
2019/01/24	32.08	32.16	31.85	32.00	228372	7316458.00
2019/01/25	32.04	32.88	32.03	32.55	329300	10734398.00
2019/01/28	32.22	32.90	32.22	32.72	193400	6330095.00
2019/01/29	32.73	32.98	32.27	32.60	199650	6491679.00
2019/01/30	32.50	32.90	32.39	32.58	105552	3442194.00
2019/01/31	32.70	33.15	32.60	33.12	399097	13145609.00
2019/02/01	33.13	35.80	33.13	35.62	925744	32135878.00
2019/02/11	35.47	37.15	34.91	36.71	735674	26596044.00
2019/02/12	36.74	37.95	36.71	37.70	671200	25074420.00
2019/02/13	37.72	38.18	37.68	37.81	557889	21112900.00
2019/02/14	38.03	38.85	37.71	38.37	603642	23118340.00
2019/02/15	39.04	39.30	37.90	38.23	457894	17506770.00
2019/02/18	38.98	38.98	37.95	38.43	414235	15905802.00
2019/02/19	38.90	39.10	38.05	38.28	381815	14679462.00
2019/02/20	38.46	38.69	37.85	38.29	356200	13591894.00
2019/02/21	38.35	38.35	37.71	37.85	506800	19268126.00
2019/02/22	38.24	38.60	37.51	38.51	510560	19404212.00
2019/02/25	38.95	41.21	38.13	40.06	1238611	49062140.00
2019/02/26	40.12	42.89	40.12	42.05	1263055	52642808.00
2019/02/27	42.04	43.61	40.70	41.10	864500	36316980.00
2019/02/28	41.09	41.86	40.81	41.71	444700	18399880.00
2019/03/01	41.50	41.88	41.14	41.88	281800	11694432.00
2019/03/04	41.88	43.70	41.88	42.78	996820	42868720.00
2019/03/05	42.89	43.55	42.70	43.51	503143	21783978.00
2019/03/06	43.94	47.86	43.67	47.86	1941146	91109200.00
2019/03/07	48.00	49.86	47.28	48.95	710201	34278704.00
2019/03/08	48.00	49.86	47.25	48.90	822565	40228924.00
2019/03/11	48.95	50.70	48.10	48.70	1111304	54389336.00
2019/03/12	49.49	51.40	48.73	51.40	1327430	66794536.00
2019/03/13	51.40	51.89	46.91	48.88	1488032	73381544.00
2019/03/14	48.50	48.88	44.13	46.63	1108660	51283192.00
2019/03/15	46.55	47.92	46.30	47.44	551472	26085948.00
2019/03/18	47.66	48.80	47.08	48.39	565582	27323756.00
2019/03/19	48.04	49.84	48.04	49.33	721526	35608216.00
2019/03/20	49.05	49.84	47.80	48.49	692161	33892680.00
2019/03/21	48.69	49.48	48.00	48.68	481646	23530752.00
2019/03/22	49.10	49.69	48.22	49.05	373642	18295704.00
2019/03/25	49.04	49.84	48.33	48.83	539546	26582126.00
2019/03/26	49.29	50.40	48.91	49.30	568731	28301012.00
2019/03/27	49.98	51.46	49.16	50.87	909843	45998680.00
2019/03/28	50.64	50.92	49.21	49.30	427484	21422280.00
2019/03/29	49.90	51.12	48.52	50.67	479700	24020000.00
2019/04/01	51.67	53.73	50.99	52.41	813860	42535972.00
2019/04/02	52.90	56.66	52.01	56.00	1077202	58679552.00
2019/04/03	56.58	57.88	54.24	55.60	804604	45061632.00
2019/04/04	55.60	56.49	54.30	54.69	466982	25713824.00
2019/04/08	54.69	55.97	52.00	53.00	695100	36996132.00
2019/04/09	53.13	54.30	52.76	53.06	583074	31156628.00
2019/04/10	53.02	55.95	53.02	55.21	594208	32380152.00
2019/04/11	54.51	57.48	54.22	56.20	1016100	56985496.00
2019/04/12	55.66	56.17	54.85	55.41	324054	17898330.00
2019/04/15	55.41	57.87	54.60	55.00	722521	40826784.00
2019/04/16	54.64	55.95	51.00	55.70	1119000	61351536.00
2019/04/17	56.49	56.97	55.55	55.99	531915	29875712.00
2019/04/18	55.89	57.98	54.51	55.68	560473	31231088.00
2019/04/19	55.04	55.70	54.13	54.40	411700	22569824.00
2019/04/22	54.40	55.88	53.10	53.73	665927	36064832.00
2019/04/23	54.30	54.30	52.02	53.02	792498	41706500.00
2019/04/24	52.51	53.90	51.55	53.90	437612	23079888.00
2019/04/25	53.50	53.70	51.01	51.50	459000	23805618.00
2019/04/26	51.02	53.36	50.25	52.80	294235	15435822.00
2019/04/29	52.65	53.58	50.00	51.34	566065	29191270.00
2019/04/30	50.12	50.58	48.97	50.14	587600	29226676.00
2019/05/06	49.39	49.39	45.13	45.13	999700	45935856.00
2019/05/07	43.25	45.68	41.00	42.95	787905	33840824.00
2019/05/08	41.32	43.78	40.51	42.00	455900	19129010.00
2019/05/09	42.87	43.69	41.01	42.80	433631	18598334.00
2019/05/10	42.54	43.98	41.35	43.50	543167	23534758.00
2019/05/13	43.58	44.60	42.60	43.89	606022	26431962.00
2019/05/14	43.65	43.65	41.70	42.13	557200	23688284.00
2019/05/15	42.97	43.19	42.35	42.85	591000	25349570.00
2019/05/16	43.80	43.80	42.25	42.69	348441	14867347.00
2019/05/17	42.99	43.15	41.03	41.50	531747	22196856.00
2019/05/20	41.35	41.35	38.28	39.53	1352672	53211484.00
2019/05/21	28.39	30.90	28.36	29.46	1376958	40526624.00
2019/05/22	29.46	30.88	29.40	30.00	1058793	31910608.00
2019/05/23	29.81	30.44	29.01	29.65	1018132	30260718.00
2019/05/24	29.81	30.30	29.63	30.00	678268	20336064.00
2019/05/27	29.98	33.00	29.82	31.65	1173889	36243232.00
2019/05/28	32.20	32.60	30.55	30.60	1051873	33010160.00
2019/05/29	30.31	30.57	29.25	29.76	724257	21687968.00
2019/05/30	29.00	30.20	29.00	29.70	642138	19097852.00
2019/05/31	29.99	30.20	29.46	29.74	388637	11647339.00
2019/06/03	29.75	30.20	29.08	29.90	399402	11875970.00
2019/06/04	29.91	29.91	28.39	29.62	500489	14664934.00
2019/06/05	29.62	29.71	28.40	28.79	385204	11158259.00
2019/06/06	28.50	28.90	28.12	28.40	364218	10364982.00
2019/06/10	28.16	28.74	26.62	28.38	329604	9252870.00
2019/06/11	28.39	29.79	27.81	29.35	858480	24714804.00
2019/06/12	29.12	29.38	28.60	28.80	674435	19436764.00
2019/06/13	28.82	28.82	28.21	28.55	724609	20640268.00
2019/06/14	28.42	28.69	27.58	28.09	671120	18839000.00
2019/06/17	28.03	28.36	27.60	27.99	328682	9161781.00
2019/06/18	27.60	28.09	27.50	27.88	208000	5759475.00
2019/06/19	28.17	28.40	27.87	27.97	468660	13151269.00
2019/06/20	27.97	28.73	27.63	28.53	393820	11189122.00
2019/06/21	28.70	29.93	28.62	29.28	856657	25042136.00
2019/06/24	29.20	30.80	29.20	30.40	1204056	36396516.00
2019/06/25	29.91	30.67	29.49	30.40	823936	24731752.00
2019/06/26	30.00	30.48	29.50	29.80	387830	11653128.00
2019/06/27	30.30	30.59	29.60	30.38	942663	28573872.00
2019/06/28	30.40	31.40	29.60	31.00	833548	25518458.00
2019/07/01	31.07	31.99	30.74	31.42	1261938	39495608.00
2019/07/02	31.00	32.50	30.01	32.10	847536	27012514.00
2019/07/03	31.40	32.97	31.40	32.69	592396	19173828.00
2019/07/04	32.86	33.66	32.40	33.41	661140	21855512.00
2019/07/05	33.70	34.98	33.38	34.85	1468299	50449580.00
2019/07/08	34.92	35.45	31.37	33.19	2007569	66919464.00
2019/07/09	32.54	33.59	32.51	32.92	461755	15197884.00
2019/07/10	33.52	33.52	32.63	33.11	209288	6887398.00
2019/07/11	33.34	33.40	32.61	32.61	658780	21684588.00
2019/07/12	32.80	32.80	31.81	32.29	474708	15335815.00
2019/07/15	33.00	33.28	32.08	32.34	390940	12735245.00
2019/07/16	32.72	33.82	32.24	33.42	506120	16820784.00
2019/07/17	33.42	33.42	32.28	32.49	443914	14566717.00
2019/07/18	32.49	32.49	31.03	31.23	417320	13162685.00
2019/07/19	31.03	31.70	31.03	31.55	273737	8595215.00
2019/07/22	31.40	31.83	30.60	30.60	427421	13260171.00
2019/07/23	30.60	31.45	30.55	30.99	221500	6867433.00
2019/07/24	30.95	31.60	30.95	31.40	220780	6935316.00
2019/07/25	31.43	32.31	31.06	32.00	319079	10208992.00
2019/07/26	31.76	32.88	31.41	32.58	963444	31259382.00
2019/07/29	32.57	32.57	31.20	31.44	664840	21012460.00
2019/07/30	31.77	31.77	30.86	31.04	795899	24811026.00
2019/07/31	30.96	30.96	29.31	29.60	1252397	37352248.00
2019/08/01	29.80	30.25	29.12	29.98	705120	21066180.00
2019/08/02	29.00	29.89	28.87	29.53	384340	11343255.00
2019/08/05	29.42	29.79	27.68	28.08	1026637	29029272.00
2019/08/06	27.89	28.59	26.79	28.43	810179	22418084.00
2019/08/07	28.43	30.46	27.38	27.67	694521	19309808.00
2019/08/08	27.51	27.79	26.80	27.55	646000	17589222.00
2019/08/09	27.70	27.84	26.91	27.35	418211	11371462.00
2019/08/12	27.05	27.35	26.80	27.25	734171	19783496.00
2019/08/13	27.01	27.08	26.30	26.52	996260	26540684.00
2019/08/14	26.89	26.99	26.26	26.50	953783	25379352.00
2019/08/15	26.29	27.05	26.02	26.98	638906	16956570.00
2019/08/16	26.80	27.25	26.19	26.39	1654506	43868012.00
2019/08/19	26.40	28.42	26.03	28.20	2069460	57345136.00
2019/08/20	28.27	29.21	27.89	28.05	1486931	42322352.00
2019/08/21	28.11	28.11	27.28	27.60	1019246	28163846.00
2019/08/22	27.33	27.95	27.33	27.53	581583	16080112.00
2019/08/23	27.41	27.85	26.58	27.50	927406	25357120.00
2019/08/26	26.77	27.65	26.77	27.33	597290	16325247.00
2019/08/27	27.33	27.87	27.23	27.23	711757	19575628.00
2019/08/28	27.30	28.49	27.30	28.00	1174999	32695906.00
2019/08/29	27.57	27.88	27.00	27.68	1082720	29735974.00
2019/08/30	27.57	28.60	27.18	27.70	1064006	29710536.00
2019/09/02	27.42	27.88	26.91	27.78	1681971	45914844.00
2019/09/03	27.97	29.17	27.91	28.70	2436174	69720392.00
2019/09/04	28.72	29.50	28.18	28.65	1557900	44642396.00
2019/09/05	29.18	29.18	28.60	28.74	1720078	49575200.00
2019/09/06	28.60	28.87	28.10	28.27	1723158	48888312.00
2019/09/09	28.00	29.96	27.71	29.49	5729738	163596848.00
2019/09/10	29.62	29.67	28.75	29.05	2360633	68985112.00
2019/09/11	29.30	30.13	28.71	28.88	2154996	63319172.00
2019/09/12	29.00	29.19	28.54	28.80	1169680	33664852.00
2019/09/16	28.90	29.41	28.79	29.39	1333280	38859288.00
2019/09/17	29.40	29.40	27.94	28.01	1855403	52786352.00
2019/09/18	28.14	28.40	27.82	27.96	825995	23145052.00
2019/09/19	27.91	28.80	27.55	28.32	809839	22889576.00
2019/09/20	28.34	28.59	27.82	28.20	1587606	44826920.00
2019/09/23	28.24	28.29	27.06	28.01	730705	20311436.00
2019/09/24	28.28	28.42	27.90	28.26	1270886	35887936.00
2019/09/25	28.34	29.89	28.34	29.11	3656408	105900184.00
2019/09/26	29.17	29.80	28.70	29.38	2974358	87141944.00
2019/09/27	29.80	30.16	28.55	29.07	5431816	158753776.00
2019/09/30	28.48	29.30	28.03	28.53	2828012	80952288.00
2019/10/08	28.66	28.95	28.12	28.52	1562621	44700560.00
2019/10/09	28.48	28.64	27.80	28.60	912420	25860734.00
2019/10/10	28.60	29.18	28.34	28.50	1776035	51024096.00
2019/10/11	28.82	28.82	28.00	28.20	1174300	33289748.00
2019/10/14	28.25	28.83	28.25	28.40	1131030	32172898.00
2019/10/15	28.40	28.87	27.93	28.87	972898	27659768.00
2019/10/16	28.87	29.84	28.51	29.76	2127835	62701300.00
2019/10/17	30.15	32.15	29.80	32.11	2834261	88541648.00
2019/10/18	32.27	32.27	30.50	30.64	2652258	82802400.00
2019/10/21	30.35	30.92	29.38	29.89	1203317	36079688.00
2019/10/22	29.86	31.97	29.51	30.91	1529270	47148736.00
2019/10/23	31.01	32.80	31.01	32.80	2644754	85022832.00
2019/10/24	32.81	32.81	31.88	32.10	1530113	49336420.00
2019/10/25	32.30	32.90	31.90	32.08	1053020	33903888.00
2019/10/28	32.17	34.54	31.30	34.42	5126376	171985936.00
2019/10/29	33.95	36.47	33.50	35.40	5113296	179295760.00
2019/10/30	34.72	38.00	34.01	36.99	6356142	230254400.00
2019/10/31	36.66	37.31	34.52	36.46	4865384	175244544.00
2019/11/01	35.25	36.00	33.50	35.50	4112256	142402112.00
2019/11/04	35.14	36.18	34.71	35.29	2038268	72341568.00
2019/11/05	35.02	35.67	34.03	34.65	1876830	64982792.00
2019/11/06	35.17	35.18	32.39	33.11	2847949	94953688.00
2019/11/07	33.19	33.29	32.00	32.84	1728740	56637304.00
2019/11/08	33.44	33.44	32.00	32.00	1289670	42119524.00
2019/11/11	32.61	32.61	31.12	31.62	2112320	66941388.00
2019/11/12	31.62	32.60	31.32	32.43	1277480	41053320.00
2019/11/13	32.45	32.90	31.81	32.46	1068340	34634944.00
2019/11/14	32.46	33.14	31.98	32.92	1605176	52312792.00
2019/11/15	33.00	33.99	32.63	33.67	1318598	43961604.00
2019/11/18	33.01	33.60	33.01	33.40	924960	30816658.00
2019/11/19	33.10	34.09	33.10	33.90	1137113	38305916.00
2019/11/20	33.80	35.48	33.65	34.42	1609796	55991556.00
2019/11/21	34.60	34.97	33.70	34.60	1374165	47402652.00
2019/11/22	34.60	35.99	33.00	34.08	1267716	44130032.00
2019/11/25	33.50	34.07	32.20	33.51	1144360	38148316.00
2019/11/26	33.98	34.14	32.98	33.31	901116	30144028.00
2019/11/27	33.42	33.96	32.92	33.24	892400	29868720.00
2019/11/28	33.64	33.68	32.60	33.22	1098700	36210852.00
2019/11/29	33.03	33.04	31.15	32.38	1764269	56589828.00
2019/12/02	32.33	32.46	31.51	31.66	1067009	34160072.00
2019/12/03	31.89	32.15	31.19	32.13	1342640	42694528.00
2019/12/04	31.80	32.24	31.72	31.81	899720	28640212.00
2019/12/05	31.99	32.99	31.82	32.94	1508140	48851736.00
2019/12/06	32.94	33.25	31.84	32.70	2337637	76301096.00
2019/12/09	32.70	33.85	32.50	33.00	1759949	58244952.00
2019/12/10	33.05	33.19	31.51	32.26	1919498	61645408.00
2019/12/11	32.23	32.88	31.50	31.79	1324693	42333372.00
2019/12/12	32.08	32.30	31.61	32.23	1423053	45654084.00
2019/12/13	32.24	32.89	32.14	32.85	1876923	61029176.00
2019/12/16	33.04	34.19	33.04	34.12	3006679	101535208.00
2019/12/17	34.07	34.31	32.87	33.10	4748706	158642000.00
2019/12/18	33.08	33.10	31.41	32.57	5018460	161152016.00
2019/12/19	32.60	32.60	31.77	32.10	3534273	113156616.00
2019/12/20	32.03	35.31	31.98	34.56	8440331	291166784.00
2019/12/23	33.94	33.94	32.02	32.96	4531369	149120064.00
2019/12/24	32.65	33.90	32.33	33.88	3173624	105743672.00
2019/12/25	33.93	34.50	33.03	34.12	3269759	110786976.00
2019/12/26	34.03	34.39	33.39	34.09	1860160	62990344.00
2019/12/27	33.96	34.38	33.61	33.70	2460576	83673480.00
2019/12/30	33.82	34.57	32.63	34.50	2696782	92221792.00
2019/12/31	34.08	35.10	34.08	34.70	1952159	67426160.00
2020/01/02	34.49	37.36	34.30	36.90	5102833	186347200.00
2020/01/03	36.81	39.33	36.36	39.10	4104502	155952240.00
2020/01/06	39.00	39.57	37.20	38.33	5348750	205969888.00
2020/01/07	38.20	39.08	37.27	38.46	2556083	97696744.00
2020/01/08	37.62	38.45	37.58	38.00	1630070	61793732.00
2020/01/09	38.28	41.20	37.88	41.14	3542212	141990432.00
2020/01/10	42.98	42.99	39.80	40.78	1962140	79604368.00
2020/01/13	40.51	44.86	40.51	44.36	2961510	128414000.00
2020/01/14	44.65	44.65	43.25	43.78	2415820	105298848.00
2020/01/15	43.78	44.71	42.11	42.94	2961340	128332608.00
2020/01/16	42.56	43.47	42.18	42.63	2435922	103823416.00
2020/01/17	43.04	44.67	42.39	42.78	3651318	159727664.00
2020/01/20	43.10	43.60	40.89	43.23	3620432	154862000.00
2020/01/21	43.63	44.40	42.85	44.31	2558348	111776160.00
2020/01/22	44.28	48.74	44.28	48.56	3948679	186735296.00
2020/01/23	47.60	49.30	43.70	44.29	6321118	293044448.00
2020/02/03	39.87	40.98	39.86	39.86	1729840	69063064.00
2020/02/04	37.12	43.05	37.12	41.50	3637170	149102304.00
2020/02/05	41.40	42.93	41.34	41.94	2306688	96589592.00
2020/02/06	42.62	43.27	39.00	42.14	3181836	133647144.00
2020/02/07	42.14	42.66	40.04	42.00	2906718	120525984.00
2020/02/10	42.30	43.00	40.58	41.49	2212700	91969136.00
2020/02/11	40.48	42.38	40.48	41.77	2429780	100726264.00
2020/02/12	41.20	45.45	41.06	44.76	4041560	176139600.00
2020/02/13	44.75	46.62	43.30	45.82	3241301	145358704.00
2020/02/14	45.06	48.60	45.06	48.20	4006877	188548432.00
2020/02/17	48.89	53.02	48.52	51.25	4445652	229276208.00
2020/02/18	51.94	53.54	50.51	51.90	3796980	196880480.00
2020/02/19	51.15	55.01	51.15	54.30	3693247	198022944.00
2020/02/20	54.70	55.80	53.22	55.20	3371918	184602736.00
2020/02/21	54.55	60.26	54.55	58.88	2885460	167113808.00
2020/02/24	58.50	63.60	58.50	62.24	4075070	248644304.00
2020/02/25	61.50	64.32	56.50	63.91	3331420	207084112.00
2020/02/26	63.55	65.42	58.85	61.81	3180927	200740912.00
2020/02/27	61.48	62.76	57.16	60.15	7620869	456916256.00
2020/02/28	55.63	57.98	54.14	54.14	4405946	244552960.00
2020/03/02	55.90	56.70	52.35	55.21	3285926	178744352.00
2020/03/03	56.50	59.50	56.01	56.61	3530146	202776960.00
2020/03/04	56.03	58.98	54.10	56.61	4263907	242923536.00
2020/03/05	57.80	57.80	54.75	56.74	2666509	149333600.00
2020/03/06	56.01	56.77	54.60	55.30	1736540	96789584.00
2020/03/09	55.00	55.20	51.20	51.29	2720920	144988832.00
2020/03/10	51.00	53.48	48.86	52.60	3660632	187068032.00
2020/03/11	52.72	53.00	49.00	49.50	2700820	136671520.00
2020/03/12	48.90	49.97	48.01	48.85	1910922	93567096.00
2020/03/13	46.00	49.77	45.03	48.74	2824117	135628912.00
2020/03/16	48.80	50.49	45.79	46.92	2137301	103960952.00
2020/03/17	47.48	47.52	44.44	46.98	1970100	91165280.00
2020/03/18	47.24	49.90	46.51	47.00	2012689	97301552.00
2020/03/19	46.90	48.49	46.10	48.31	1639040	77351064.00
2020/03/20	49.30	49.49	48.34	48.80	1282140	62658448.00
2020/03/23	47.49	48.73	45.00	46.00	1699185	79910544.00
2020/03/24	47.90	48.15	45.41	46.80	1157415	53870452.00
2020/03/25	48.00	51.28	47.99	51.24	2043953	101372320.00
2020/03/26	49.50	53.80	49.50	51.99	2716995	142257440.00
2020/03/27	52.50	53.45	50.50	51.69	1681393	87715712.00
2020/03/30	50.92	51.17	49.21	49.68	1325738	66307712.00
2020/03/31	50.42	50.85	48.05	48.91	964311	47404336.00
2020/04/01	48.81	49.60	47.82	48.67	1128191	55041192.00
2020/04/02	48.14	51.51	47.27	51.46	1077360	53566880.00
2020/04/03	51.45	52.68	51.00	52.28	1000220	51833500.00
2020/04/07	53.80	54.45	53.05	53.07	1257684	67460680.00
2020/04/08	52.50	53.96	52.02	53.00	931479	49357972.00
2020/04/09	53.70	53.70	52.11	53.00	958860	50836840.00
2020/04/10	53.80	53.80	51.27	51.80	823095	43134412.00
2020/04/13	51.00	52.40	49.70	50.88	709640	35945680.00
2020/04/14	50.68	51.50	50.43	51.42	582093	29715952.00
2020/04/15	50.82	54.49	50.70	53.88	1543643	82126856.00
2020/04/16	53.56	55.00	53.16	53.90	938500	50537712.00
2020/04/17	54.80	55.00	53.01	53.79	842100	45370520.00
2020/04/20	53.33	55.29	52.78	55.00	1330919	71987048.00
2020/04/21	55.12	55.29	52.80	54.27	1514353	81791752.00
2020/04/22	52.97	54.68	52.97	54.47	977480	52814568.00
2020/04/23	54.01	54.50	52.90	53.35	762242	40889304.00
2020/04/24	53.03	53.49	50.70	51.12	1126471	58351664.00
2020/04/27	50.90	51.32	47.60	50.19	2279551	113289928.00
2020/04/28	50.27	50.33	46.02	48.81	1603962	78157920.00
2020/04/29	48.80	49.58	47.71	48.39	1047111	50763996.00
2020/04/30	47.89	49.94	47.89	48.63	1001250	49006476.00
2020/05/06	48.50	48.98	47.60	48.28	1663890	79982720.00
2020/05/07	48.79	49.82	48.00	48.40	1138020	55493976.00
2020/05/08	48.40	49.40	48.21	48.85	776180	37887264.00
2020/05/11	48.52	49.78	47.80	48.31	936495	45730520.00
2020/05/12	48.49	48.88	46.68	47.34	1417680	66906440.00
2020/05/13	47.00	47.34	45.83	46.25	1340320	62067956.00
2020/05/14	45.53	47.90	45.50	46.33	1699217	78891376.00
2020/05/15	46.60	49.41	46.01	49.01	2013650	97566784.00
2020/05/18	50.00	50.00	47.47	47.70	1643458	78962720.00
2020/05/19	48.18	48.49	46.56	47.26	955365	45129088.00
2020/05/20	47.39	47.49	45.92	46.30	1013680	47129224.00
2020/05/21	46.30	47.13	45.45	45.90	1170357	54038128.00
2020/05/22	45.36	46.90	43.90	44.78	1480121	66631224.00
2020/05/25	44.78	45.60	42.62	43.78	1784681	77774872.00
2020/05/26	44.21	45.79	43.11	45.50	1277540	56970836.00
2020/05/27	45.27	46.50	44.68	46.27	1121043	51269708.00
2020/05/28	46.69	46.77	45.09	46.26	890800	40912692.00
2020/05/29	46.80	47.46	45.70	47.03	820000	38471380.00
2020/06/01	46.56	47.82	46.56	47.70	1487515	70856760.00
2020/06/02	48.40	48.48	45.81	46.39	1972920	91776520.00
2020/06/03	46.31	46.31	43.82	44.00	2926140	130000384.00
2020/06/04	43.95	44.36	42.69	43.20	1616532	69720896.00
2020/06/05	43.10	43.78	41.30	43.30	2761999	117326032.00
2020/06/08	44.10	46.00	43.50	44.61	3878340	173715552.00
2020/06/09	44.27	44.74	43.01	43.88	2135088	93284240.00
2020/06/10	43.98	43.98	42.60	43.09	1173290	50425908.00
2020/06/11	43.15	43.52	42.01	42.65	1293457	55441176.00
2020/06/12	41.90	43.10	41.45	42.82	1272872	53699468.00
2020/06/15	42.82	44.64	42.39	43.00	1600832	69468592.00
2020/06/16	43.00	44.70	42.21	44.70	2500312	108307360.00
2020/06/17	44.50	47.40	44.41	46.94	3355412	155512448.00
2020/06/18	47.40	50.39	46.01	50.01	4773655	235650720.00
2020/06/19	51.00	54.80	50.10	51.49	9141417	471457056.00
2020/06/22	52.70	54.53	50.00	53.60	5578402	289584608.00
2020/06/23	52.01	54.69	52.01	54.36	2746707	146312176.00
2020/06/24	53.99	55.42	53.30	53.95	2951117	159673584.00
2020/06/29	53.93	54.66	52.03	52.65	3494164	184617024.00
2020/06/30	52.95	52.97	50.72	51.19	3334536	171537968.00
2020/07/01	50.98	51.98	50.19	51.50	1941456	99092432.00
2020/07/02	51.74	51.91	50.61	51.26	1903449	97479432.00
2020/07/03	39.70	42.17	38.52	40.90	2076070	83553608.00
2020/07/06	41.00	41.21	39.83	40.88	3705753	150591792.00
2020/07/07	40.60	42.08	40.22	42.00	4120368	170765472.00
2020/07/08	41.52	46.20	41.52	46.20	6571898	292705056.00
2020/07/09	47.99	50.00	45.80	49.97	5088936	247549536.00
2020/07/10	50.98	54.20	49.47	54.01	5471129	282507552.00
2020/07/13	54.96	55.00	48.61	49.50	11546322	574412224.00
2020/07/14	49.50	49.50	45.98	47.90	5783796	274834432.00
2020/07/15	47.50	48.20	46.20	47.91	2862998	135280608.00
2020/07/16	47.70	48.47	45.79	46.48	2428140	115127904.00
2020/07/17	46.55	46.86	45.33	45.74	1751830	80516256.00
2020/07/20	45.97	46.68	45.60	46.37	1488859	68827744.00
2020/07/21	46.58	48.85	46.58	47.89	4901807	235116288.00
2020/07/22	47.86	50.98	47.36	49.50	7556944	372017664.00
2020/07/23	49.20	49.43	46.54	48.31	3869074	186217280.00
2020/07/24	48.00	48.99	44.86	45.52	3845838	181484288.00
2020/07/27	47.00	47.00	43.30	43.88	3094328	138341152.00
2020/07/28	43.75	46.42	42.58	46.16	3230998	143385392.00
2020/07/29	46.15	47.19	45.50	46.97	4017842	186036832.00
2020/07/30	47.80	47.98	45.36	46.99	4715526	217344144.00
2020/07/31	46.70	48.36	46.34	47.98	3888180	185018032.00
2020/08/03	48.21	48.33	47.28	47.89	3721768	177745200.00
2020/08/04	48.19	50.45	47.30	49.00	4083789	198489552.00
2020/08/05	49.08	51.21	49.08	50.97	5271854	266700208.00
2020/08/06	50.97	55.95	49.96	53.90	8013810	430474432.00
2020/08/07	53.82	54.89	52.00	53.80	5245077	279139744.00
2020/08/10	54.20	54.37	48.42	52.00	6768098	343325760.00
2020/08/11	52.00	52.47	49.50	50.00	3124139	159076000.00
2020/08/12	48.73	49.98	47.80	49.60	4353868	212111936.00
2020/08/13	48.48	49.78	47.70	48.49	3266890	157614480.00
2020/08/14	48.02	48.90	47.20	48.20	2057178	98278176.00
2020/08/17	47.80	48.70	47.55	48.03	2182358	104824584.00
2020/08/18	48.39	50.86	47.72	50.55	3504332	173917616.00
2020/08/19	50.55	50.60	48.80	49.50	2406374	119139392.00
2020/08/20	48.99	48.99	47.74	48.00	1629902	78404552.00
2020/08/21	48.00	48.41	45.38	45.98	3133572	145792960.00
2020/08/24	46.44	46.44	44.46	44.97	3010130	135736768.00
2020/08/25	45.27	45.95	44.62	45.34	1822610	82362232.00
2020/08/26	45.40	45.40	43.21	44.15	1719930	75886096.00
2020/08/27	44.30	44.75	43.25	44.55	1648089	73007632.00
2020/08/28	44.09	44.32	42.99	43.70	2034848	88469464.00
2020/08/31	43.70	46.00	43.27	45.50	3133554	141800032.00
2020/09/01	46.00	46.00	44.52	44.90	2111876	95147576.00
2020/09/02	45.20	45.20	43.61	44.13	1809082	79838080.00
2020/09/03	44.14	44.77	43.38	44.23	1164017	51471568.00
2020/09/04	44.10	44.42	43.60	44.25	969990	42698128.00
2020/09/07	44.07	44.60	42.00	42.87	1959940	85011024.00
2020/09/08	42.99	42.99	41.20	42.70	2299085	96767392.00
2020/09/09	43.05	44.95	41.01	43.92	2607393	112287928.00
2020/09/10	45.50	46.35	43.66	44.33	2666451	120611048.00
2020/09/11	44.53	44.65	43.01	44.49	1397507	61487016.00
2020/09/14	43.76	44.83	43.76	44.61	1319524	58540064.00
2020/09/15	44.41	46.75	44.01	45.76	2085336	95027464.00
2020/09/16	45.95	46.49	43.95	44.10	2397856	107626592.00
2020/09/17	44.01	44.10	42.68	43.15	2273012	98029560.00
2020/09/18	42.78	43.36	42.40	43.25	1012574	43365912.00
2020/09/21	43.43	43.43	42.36	42.60	1105592	47087136.00
2020/09/22	42.33	42.33	41.50	41.95	1037714	43424360.00
2020/09/23	41.81	42.46	40.30	41.95	1991932	82092000.00
2020/09/24	41.90	43.03	41.83	42.79	3104244	132620040.00
2020/09/25	42.65	42.78	41.02	42.00	1781230	74370584.00
2020/09/28	41.49	43.85	40.86	42.67	2225274	94724944.00
2020/09/29	43.48	43.48	41.72	42.39	1359634	57279760.00
2020/09/30	42.23	43.45	42.02	43.00	1300526	55856472.00
2020/10/09	43.22	43.88	42.50	43.10	1359205	58406792.00
2020/10/12	43.43	44.81	43.00	44.73	1799673	78777920.00
2020/10/13	45.00	45.30	43.50	44.07	1485766	65367712.00
2020/10/14	44.00	45.30	43.28	44.00	1813864	80884272.00
2020/10/15	44.47	44.47	42.60	42.83	1443828	62014256.00
2020/10/16	42.56	42.73	41.00	41.30	1537513	64161160.00
2020/10/19	41.88	41.88	41.06	41.35	863720	35753232.00
2020/10/20	41.12	41.79	41.02	41.36	791942	32781880.00
2020/10/21	41.20	42.46	41.02	42.18	899950	37565504.00
2020/10/22	41.96	44.85	41.48	43.55	3130695	136123648.00
2020/10/23	43.02	44.55	42.70	43.70	1853441	81027728.00
2020/10/26	43.22	44.74	42.51	44.46	1999841	88375064.00
2020/10/27	44.20	45.19	43.99	44.85	1871107	83978296.00
2020/10/28	45.00	45.58	44.72	44.79	2357642	106299560.00
2020/10/29	44.01	45.50	44.01	45.31	1932577	87223856.00
2020/10/30	45.15	46.90	45.01	45.92	3686449	169204288.00
2020/11/02	45.92	49.28	45.61	48.77	4544428	218927696.00
2020/11/03	48.80	50.22	48.55	49.00	3185990	157609120.00
2020/11/04	49.45	51.08	49.01	50.49	4502226	225200368.00
2020/11/05	50.89	51.28	50.10	51.17	2017055	102378752.00
2020/11/06	51.30	52.71	50.67	52.01	2916332	151657216.00
2020/11/09	52.10	53.58	51.30	52.52	2534099	133883216.00
2020/11/10	53.15	53.25	51.01	51.50	3314227	172540336.00
2020/11/11	51.50	51.93	49.56	51.20	3175718	160761712.00
2020/11/12	51.26	52.19	50.05	51.70	1611430	82823208.00
2020/11/13	51.55	53.19	51.46	53.12	1891243	99070872.00
2020/11/16	53.22	54.30	51.80	52.97	2576818	136802832.00
2020/11/17	52.90	53.31	51.55	52.00	2464116	129331752.00
2020/11/18	52.58	52.58	49.88	50.00	2466168	125599768.00
2020/11/19	50.00	51.28	48.52	50.80	3405644	170749168.00
2020/11/20	52.00	52.32	50.34	50.55	1148090	58500712.00
2020/11/23	50.46	50.46	47.58	47.89	3926162	189609856.00
2020/11/24	48.26	48.30	45.93	46.35	2051371	96011080.00
2020/11/25	46.19	46.30	44.70	45.40	1873532	85325344.00
2020/11/26	45.35	45.45	44.45	45.16	1232437	55342868.00
2020/11/27	45.77	46.10	44.31	45.78	1344457	60884948.00
2020/11/30	45.85	45.87	43.73	44.00	2025399	89698904.00
2020/12/01	44.00	45.60	43.59	45.42	1682860	75246112.00
2020/12/02	45.42	46.88	45.00	46.31	1823729	83945840.00
2020/12/03	46.25	46.84	45.34	45.34	2006829	92285864.00
2020/12/04	45.59	45.60	44.14	45.38	1133904	50835788.00
2020/12/07	45.00	45.36	43.70	44.03	1701150	75277728.00
2020/12/08	44.12	46.29	44.12	45.15	2104498	94721800.00
2020/12/09	45.19	45.43	43.88	43.88	2716328	121143784.00
2020/12/10	43.80	44.40	41.49	41.83	3328794	140560992.00
2020/12/11	41.82	41.82	37.65	37.65	3743076	144178368.00
2020/12/14	36.50	36.50	33.89	33.89	5074085	176445472.00
2020/12/15	32.58	36.22	32.58	35.19	7802026	274078496.00
2020/12/16	35.90	35.90	34.24	35.19	2862445	100892176.00
2020/12/17	35.09	35.55	34.60	35.19	2874539	100580768.00
2020/12/18	35.50	35.50	34.27	34.67	1755486	60900772.00
2020/12/21	34.74	35.53	34.00	34.66	3106863	108545904.00
2020/12/22	34.60	35.46	32.59	33.13	4042560	136627680.00
2020/12/23	33.72	34.26	31.35	34.06	5055399	165978592.00
2020/12/24	33.84	33.99	32.05	32.48	2943834	95914728.00
2020/12/25	32.59	32.81	31.61	32.60	2899507	93782520.00
2020/12/28	32.59	32.59	31.00	31.00	3089960	97540280.00
2020/12/29	31.00	32.21	30.71	30.71	3982060	125192984.00
2020/12/30	31.30	31.58	30.51	31.20	3057738	94801392.00
2020/12/31	31.00	32.59	30.80	32.13	3867178	123036592.00
2021/01/04	33.00	34.89	32.50	34.43	3517860	119585328.00
2021/01/05	34.49	36.46	34.04	34.97	3234743	114517440.00
2021/01/06	34.97	35.42	34.00	34.34	1984537	68228976.00
2021/01/07	34.01	34.39	33.00	33.29	2430912	81414792.00
2021/01/08	33.52	33.87	31.80	33.62	2464283	81732792.00
2021/01/11	33.62	33.66	32.34	32.35	1961173	64375008.00
2021/01/12	32.35	32.78	31.50	31.85	1775219	56918492.00
2021/01/13	31.87	31.87	29.65	31.50	3494194	106961832.00
2021/01/14	31.58	32.66	30.33	31.53	2145262	67761224.00
2021/01/15	31.53	32.10	30.55	31.94	1433633	44711348.00
2021/01/18	31.70	32.97	31.31	31.77	1916514	61270992.00
2021/01/19	31.92	32.97	31.70	32.42	1936589	62858284.00
2021/01/20	32.50	33.38	32.50	33.11	1266055	41749548.00
2021/01/21	33.22	34.10	32.86	33.15	2053603	68323600.00
2021/01/22	33.22	33.40	31.69	32.00	1783782	57389916.00
2021/01/25	32.30	32.43	30.70	30.70	2035331	63619648.00
2021/01/26	30.70	31.78	29.96	31.55	2306190	70664008.00
2021/01/27	30.87	31.58	30.46	30.94	1434169	44384116.00
2021/01/28	31.18	31.18	29.70	30.39	2134836	64455692.00
2021/01/29	30.18	31.17	28.73	31.00	2909633	86261632.00
2021/02/01	30.86	32.04	30.28	31.40	1902458	59235128.00
2021/02/02	30.81	34.54	30.54	34.54	4700636	157621088.00
2021/02/03	34.85	36.54	34.02	35.45	4721371	166441616.00
2021/02/04	35.44	35.80	34.20	34.80	1614725	56234032.00
2021/02/05	34.70	34.70	32.00	34.13	2174614	72701320.00
2021/02/08	33.60	34.26	31.60	32.27	2357409	77614872.00
2021/02/09	31.87	32.26	30.59	31.40	2288448	71356280.00
2021/02/10	31.40	31.62	30.81	31.45	1913140	59684048.00
2021/02/18	31.50	31.72	29.80	29.95	3467740	105314616.00
2021/02/19	30.00	32.57	29.67	32.57	2929464	91537944.00
2021/02/22	31.98	32.31	30.75	30.76	3124420	97780280.00
2021/02/23	30.66	31.50	29.90	30.99	1840750	56399560.00
2021/02/24	30.99	30.99	29.22	29.30	2612605	78062000.00
2021/02/25	29.20	29.52	27.53	27.62	4009668	113262944.00
2021/02/26	28.04	28.29	27.00	27.86	2810184	78103456.00
2021/03/01	28.16	29.53	27.75	29.01	2657870	76030872.00
2021/03/02	29.58	29.58	28.00	29.03	2061612	59212396.00
2021/03/03	28.78	29.10	28.54	28.84	1278928	36858844.00
2021/03/04	28.82	29.42	28.35	28.45	1618458	46682732.00
2021/03/05	28.05	29.55	28.05	29.24	2102920	60682624.00
2021/03/08	29.32	29.45	28.40	28.62	1507602	43753140.00
2021/03/09	28.71	29.18	27.24	28.43	1852084	52312296.00
2021/03/10	28.71	28.80	27.63	28.32	1399531	39410768.00
2021/03/11	28.32	28.97	28.02	28.68	989982	28223920.00
2021/03/12	28.45	28.65	27.82	27.95	929060	26147292.00
2021/03/15	28.19	30.75	27.95	30.03	5444444	163520928.00
2021/03/16	29.85	32.50	29.20	31.96	6225224	193004480.00
2021/03/17	31.97	32.78	31.51	32.45	3198814	103201624.00
2021/03/18	32.50	33.74	32.28	33.11	3106967	103103232.00
2021/03/19	33.20	33.49	32.13	32.30	4021860	131596408.00
2021/03/22	32.30	32.60	30.80	31.24	2869720	90030576.00
2021/03/23	30.94	32.73	30.65	31.58	3005983	95934824.00
2021/03/24	31.57	32.18	31.00	31.58	2647139	83704888.00
2021/03/25	31.40	32.10	30.80	31.15	3230757	101874600.00
2021/03/26	31.00	31.20	28.85	29.01	4423378	131581520.00
2021/03/29	29.00	29.14	26.11	26.11	9649877	260366640.00
2021/03/30	25.01	26.20	23.50	25.99	10626920	261091200.00
2021/03/31	25.20	25.22	24.20	24.20	4593016	113034424.00
2021/04/01	24.05	24.05	22.02	22.08	11689236	263565040.00
2021/04/02	21.97	22.39	21.51	22.28	6833327	150570944.00
2021/04/06	22.12	22.90	21.93	22.43	5237406	117513088.00
2021/04/07	22.45	22.55	22.10	22.34	3231984	72071904.00
2021/04/08	22.35	22.45	21.86	21.91	4233668	93748632.00
2021/04/09	21.93	24.10	21.84	24.10	9060376	209734896.00
2021/04/12	24.50	25.47	23.78	23.95	12012605	295747680.00
2021/04/13	23.60	24.85	23.23	24.00	7376365	177379792.00
2021/04/14	23.49	24.24	22.80	24.19	6843745	162103776.00
2021/04/15	25.20	25.89	23.87	24.25	8868502	219496112.00
2021/04/16	24.12	26.68	23.80	26.68	14566615	372887808.00
2021/04/19	26.00	29.10	25.32	27.85	17677739	472780736.00
2021/04/20	26.92	27.60	26.51	26.60	9489083	255999936.00
2021/04/21	26.33	28.70	26.26	27.89	11847443	327539168.00
2021/04/22	28.00	30.68	27.86	30.41	18870855	566071616.00
2021/04/23	29.81	32.99	29.51	31.00	18449077	569847808.00
2021/04/26	30.27	32.50	29.61	29.99	14804774	454863328.00
2021/04/27	30.12	32.99	29.27	32.99	19317513	610302720.00
2021/04/28	33.00	36.20	32.28	35.25	21757871	750218496.00
2021/04/29	35.00	36.66	31.73	31.73	24388959	835561792.00
2021/04/30	31.00	34.90	31.00	34.90	19326901	650285312.00
2021/05/06	38.39	38.39	38.39	38.39	1822373	69960896.00
2021/05/07	38.30	42.22	35.60	39.50	41575976	1594368128.00
2021/05/10	38.02	41.88	36.50	40.51	31962660	1258244608.00
2021/05/11	38.94	39.56	36.46	36.46	24385292	914306624.00
2021/05/12	36.52	38.80	35.66	37.44	19521074	734132608.00
2021/05/13	36.69	40.40	36.66	37.24	21231499	812784000.00
2021/05/14	36.64	37.04	33.52	33.96	24432582	840348416.00
2021/05/17	33.75	34.95	31.26	33.88	18554333	616239680.00
2021/05/18	33.60	37.09	33.03	36.99	22741946	803182656.00
2021/05/19	36.60	38.32	36.18	37.20	16203160	601423808.00
2021/05/20	36.93	40.50	36.30	39.25	23475978	903615232.00
2021/05/21	39.00	40.50	38.16	38.95	18426462	724002432.00
2021/05/24	36.00	37.42	35.06	35.20	20691563	740505600.00
2021/05/25	35.48	37.50	34.70	37.18	16283944	594048320.00
2021/05/26	37.17	37.17	35.00	35.44	14290698	513075840.00
2021/05/27	35.33	36.20	34.34	34.81	11202920	395035744.00
2021/05/28	34.94	35.94	33.90	35.51	13344731	468778432.00
2021/05/31	34.77	37.10	34.07	36.11	17899524	632286464.00
2021/06/01	37.00	38.68	35.59	36.06	27743190	1029801792.00
2021/06/02	34.40	34.64	32.45	32.49	23057343	769441792.00
2021/06/03	31.80	33.22	31.21	32.30	11381983	365304448.00
2021/06/04	32.00	32.00	30.42	30.70	14077819	437331648.00
2021/06/07	30.00	30.39	28.40	28.88	16148080	472720192.00
2021/06/08	28.88	29.04	27.65	27.87	12586608	356023648.00
2021/06/09	27.88	28.35	27.21	27.30	10231954	284069920.00
2021/06/10	27.37	27.67	26.85	27.50	9636381	263547040.00
2021/06/11	27.46	27.97	26.90	27.01	9162665	250689888.00
2021/06/15	26.88	27.42	26.28	26.40	7088380	190530048.00
2021/06/16	26.35	26.37	25.10	25.20	9186030	235278848.00
2021/06/17	25.38	26.09	25.20	25.66	7205296	184954944.00
2021/06/18	25.50	26.06	25.05	25.98	6336129	162741248.00
2021/06/21	25.81	26.86	25.70	26.45	7799420	206378576.00
2021/06/22	26.58	27.10	26.11	27.09	7883470	210546544.00
2021/06/23	27.09	27.19	26.50	26.77	6941420	185649488.00
2021/06/24	26.78	26.80	25.61	25.79	7612980	197522992.00
2021/06/25	25.75	26.17	25.55	25.74	5445980	140422496.00
2021/06/28	25.73	26.06	25.43	25.47	5560670	142930992.00
2021/06/29	25.47	25.81	25.22	25.57	5121390	131052136.00
2021/06/30	25.33	25.95	25.17	25.22	6363661	161445024.00
2021/07/01	25.20	25.58	24.38	24.95	7091449	177632064.00
2021/07/02	24.70	24.87	23.56	23.68	8170059	196103456.00
2021/07/05	23.86	24.45	23.62	24.29	5611001	135652432.00
2021/07/06	24.29	24.38	23.56	23.96	5233600	124871584.00
2021/07/07	23.76	23.95	23.61	23.84	4026900	95878592.00
2021/07/08	24.00	24.25	23.30	23.34	7212315	170955824.00
2021/07/09	23.11	23.85	23.00	23.46	4932760	115971080.00
2021/07/12	23.92	24.58	23.85	23.97	6796040	164173136.00
2021/07/13	23.70	23.83	23.35	23.59	4832050	114074696.00
2021/07/14	23.74	24.90	23.45	24.55	10595222	257849856.00
2021/07/15	24.50	24.50	23.77	24.08	6374369	152871472.00
2021/07/16	23.95	24.80	23.88	24.74	5850480	142937808.00
2021/07/19	24.73	26.96	24.35	26.18	13897855	359841888.00
2021/07/20	26.20	27.29	26.00	26.80	12423673	332293600.00
2021/07/21	28.00	28.38	26.30	27.08	16470729	450963168.00
2021/07/22	26.84	26.89	25.56	25.89	11982751	313162304.00
2021/07/23	25.62	26.37	25.19	25.84	7846014	201415072.00
2021/07/26	25.69	25.69	23.78	24.25	8362629	205395600.00
2021/07/27	24.30	24.48	23.10	23.18	7230790	170289056.00
2021/07/28	23.03	24.30	23.03	23.91	7214442	172047120.00
2021/07/29	24.50	25.38	24.04	25.24	10577634	262297952.00
2021/07/30	24.76	24.80	24.02	24.42	8633999	210481776.00
2021/08/02	24.00	25.61	23.50	25.41	10611301	265685168.00
2021/08/03	25.37	25.75	24.93	25.11	9275529	235768816.00
2021/08/04	25.12	25.25	24.52	24.86	6194992	153762544.00
2021/08/05	24.48	25.20	24.30	24.43	5168005	127703784.00
2021/08/06	24.32	24.38	23.80	23.91	5152993	123496984.00
2021/08/09	23.60	24.67	23.60	24.22	4018200	97351504.00
2021/08/10	24.00	24.37	24.00	24.34	3250849	78751240.00
2021/08/11	24.23	24.34	24.06	24.07	3676420	88790520.00
2021/08/12	24.01	24.28	23.76	23.82	3789440	90680480.00
2021/08/13	23.78	23.96	23.40	23.55	4407541	104336552.00
2021/08/16	23.44	24.20	23.25	23.90	4311562	102589848.00
2021/08/17	23.97	23.97	23.00	23.02	4965950	116004240.00
2021/08/18	22.88	23.30	22.35	22.63	4300394	97701344.00
2021/08/19	22.49	22.80	21.93	22.00	4999570	111135376.00
2021/08/20	22.00	22.40	21.45	22.28	4887398	106678584.00
2021/08/23	22.38	22.60	22.16	22.20	3799127	84810144.00
2021/08/24	22.21	22.21	21.61	21.91	2708626	59422644.00
2021/08/25	21.88	22.11	21.53	21.65	3737180	81128992.00
2021/08/26	21.63	21.65	20.77	20.84	5048190	106846560.00
2021/08/27	20.67	20.92	19.80	20.05	6551252	132162280.00
2021/08/30	19.99	20.18	19.33	19.56	6526190	128440480.00
2021/08/31	19.45	19.76	19.11	19.58	4382322	85287600.00
2021/09/01	19.57	19.87	19.18	19.80	3938482	77270984.00
2021/09/02	19.74	19.77	19.43	19.55	3095392	60673724.00
2021/09/03	19.50	20.27	19.40	19.89	4476560	89097080.00
2021/09/06	19.89	20.25	19.66	20.18	3147020	63202840.00
2021/09/07	20.24	20.48	19.96	20.09	3362879	67641416.00
2021/09/08	20.05	20.66	19.91	20.62	3945234	80155928.00
2021/09/09	20.50	20.78	20.33	20.39	3013230	61707720.00
2021/09/10	20.45	20.50	19.99	20.03	3255014	65535940.00
2021/09/13	20.34	20.65	20.07	20.14	3443557	69895864.00
2021/09/14	20.13	20.30	19.54	19.62	3906559	77677240.00
2021/09/15	19.64	20.29	19.17	20.07	5408020	106770864.00
2021/09/16	20.07	20.07	19.44	19.51	3461628	68268880.00
2021/09/17	19.65	19.69	19.10	19.53	3057407	59460232.00
2021/09/22	19.40	19.63	19.20	19.22	2546400	49186196.00
2021/09/23	19.28	19.76	19.28	19.68	3355712	65627768.00
2021/09/24	19.67	20.14	19.35	19.63	4056200	79985096.00
2021/09/27	20.00	21.59	19.88	21.59	11011197	233421952.00
2021/09/28	21.70	21.89	20.71	21.01	13347756	281391264.00
2021/09/29	20.50	22.57	20.42	22.01	14151691	309334240.00
2021/09/30	22.03	22.89	21.50	22.51	10500016	234893392.00
2021/10/08	22.65	22.76	22.07	22.34	7371042	165412416.00
2021/10/11	22.00	22.09	21.22	21.48	7879606	169834400.00
2021/10/12	21.54	22.79	21.33	22.65	11898063	264768272.00
2021/10/13	22.32	23.21	21.90	22.42	11042415	249548256.00
2021/10/14	22.13	22.21	21.78	21.94	5538580	121639888.00
2021/10/15	21.80	21.85	20.90	21.25	5756721	122368816.00
2021/10/18	21.26	21.53	19.83	21.43	5420470	112371656.00
2021/10/19	21.22	21.49	21.01	21.09	3371390	71446896.00
2021/10/20	21.20	21.63	20.42	21.48	6074659	128174992.00
2021/10/21	21.22	21.49	21.09	21.22	3577902	76093344.00
2021/10/22	21.00	21.15	20.20	20.26	5072248	104795960.00
2021/10/25	20.26	20.66	19.91	20.24	2965543	60174532.00
2021/10/26	20.19	20.69	20.02	20.43	3126960	63509700.00
2021/10/27	20.40	20.40	19.60	19.64	4057520	80556336.00
2021/10/28	19.70	19.75	19.18	19.49	2834081	55055088.00
2021/10/29	19.50	19.85	19.36	19.75	2234530	43967372.00
2021/11/01	19.75	20.23	19.42	20.18	3252425	64949928.00
2021/11/02	20.20	20.27	19.56	19.60	3250855	64607612.00
2021/11/03	19.60	19.78	19.42	19.64	1725517	33796848.00
2021/11/04	19.65	19.98	19.57	19.89	2328520	45987440.00
2021/11/05	19.88	19.98	19.69	19.70	2301540	45703628.00
2021/11/08	18.80	18.85	17.73	17.73	5903365	105332944.00
2021/11/09	16.99	17.65	16.73	17.37	6311168	108956848.00
2021/11/10	17.37	18.11	17.36	17.75	5311875	94052456.00
2021/11/11	17.66	17.80	17.44	17.64	3114580	54962096.00
2021/11/12	17.67	17.70	17.29	17.41	3115601	54362764.00
2021/11/15	17.41	18.76	17.41	18.26	6906982	124624112.00
2021/11/16	18.35	18.46	18.05	18.08	3208237	58459440.00
2021/11/17	18.12	18.25	17.90	18.23	2548584	46207388.00
2021/11/18	18.23	18.27	17.80	17.85	3596265	64680716.00
2021/11/19	17.80	17.98	17.60	17.88	2427448	43213008.00
2021/11/22	18.08	18.66	17.80	18.41	5425383	99273744.00
2021/11/23	18.41	18.63	18.34	18.50	3548530	65601420.00
2021/11/24	18.59	19.17	18.40	18.92	4958779	93348384.00
2021/11/25	18.93	19.81	18.93	19.29	6049677	117278520.00
2021/11/26	19.47	19.47	18.78	18.87	3998900	75658384.00
2021/11/29	18.50	19.09	18.38	18.83	3331120	62645032.00
2021/11/30	18.76	19.18	18.76	18.95	3139440	59492272.00
2021/12/01	19.12	19.12	18.78	18.93	2201100	41662776.00
2021/12/02	18.98	18.98	18.45	18.47	3576830	66678976.00
2021/12/03	18.56	18.99	18.52	18.81	3104587	58192544.00
2021/12/06	18.81	18.90	18.23	18.34	3887650	71968400.00
2021/12/07	18.35	18.56	18.06	18.14	2607350	47622668.00
2021/12/08	18.20	18.35	18.04	18.28	2223070	40521472.00
2021/12/09	18.38	20.11	18.27	20.11	9489502	185675136.00
2021/12/10	20.49	20.72	19.78	19.94	12515307	251566096.00
2021/12/13	19.85	20.32	19.73	20.23	7991785	160263856.00
2021/12/14	20.00	20.57	19.98	20.30	6076888	123384032.00
2021/12/15	20.18	20.88	19.91	20.76	8640257	177947952.00
2021/12/16	20.52	20.86	20.39	20.65	4779893	98486488.00
2021/12/17	20.60	21.30	20.25	20.96	7194298	149112512.00
2021/12/20	20.78	21.37	20.50	20.74	6537036	137016208.00
2021/12/21	20.61	21.11	20.47	20.82	3575082	74136192.00
2021/12/22	20.72	20.99	20.52	20.57	4063472	84384960.00
2021/12/23	20.50	20.62	20.10	20.16	4617482	93613904.00
2021/12/24	20.25	21.03	20.16	20.20	5117132	104840264.00
2021/12/27	20.20	21.30	20.01	21.14	9704102	203869312.00
2021/12/28	21.00	22.15	20.90	22.08	12077384	262544736.00
2021/12/29	21.82	22.60	21.75	22.09	8839454	196904320.00
2021/12/30	22.06	22.50	21.78	21.86	9053921	199990096.00
2021/12/31	21.85	22.85	21.57	22.28	9313040	206821520.00
2022/01/04	22.50	22.68	22.00	22.68	10753815	241158064.00
2022/01/05	22.69	22.93	22.14	22.57	9119229	205320816.00
2022/01/06	22.50	22.74	22.04	22.14	5816650	129911104.00
2022/01/07	22.19	22.84	22.12	22.38	6649436	149956048.00
2022/01/10	22.50	22.80	21.90	22.75	6413348	144688256.00
2022/01/11	22.88	24.69	22.77	23.97	14592150	345769504.00
2022/01/12	23.79	23.97	23.36	23.36	7861718	185596784.00
2022/01/20	24.80	25.70	21.02	24.98	37474619	881108096.00
2022/01/21	23.50	25.60	23.04	24.82	18194687	443167392.00
2022/01/24	23.81	25.36	23.81	24.46	12972870	319856096.00
2022/01/25	24.35	24.75	22.32	23.22	8866200	211857424.00
2022/01/26	23.12	24.18	23.12	23.80	6384430	151169120.00
2022/01/27	24.00	24.00	21.72	21.72	8223643	188188176.00
2022/01/28	21.71	23.40	21.30	22.53	9776527	219680080.00
2022/02/07	22.60	23.14	22.22	22.59	4566252	103390888.00
2022/02/08	22.58	24.14	22.03	23.73	9431461	219591376.00
2022/02/09	23.73	24.68	23.60	24.48	8471196	205048736.00
2022/02/10	24.57	26.58	24.57	24.87	11069002	281588480.00
2022/02/11	24.94	25.69	24.53	25.37	10439710	263802432.00
2022/02/14	25.33	25.88	24.39	25.33	8306664	210780928.00
2022/02/15	25.49	25.50	24.15	24.80	6289338	156400128.00
2022/02/16	24.83	25.52	24.45	24.52	5933591	147326480.00
2022/02/17	24.22	25.20	23.43	23.45	9900359	238240784.00
2022/02/18	23.30	24.23	23.10	24.11	8279694	195516528.00
2022/02/21	24.10	26.52	23.93	26.52	26670594	692333504.00
2022/02/22	26.66	27.19	25.12	26.30	29739958	776565504.00
2022/02/23	25.81	26.64	25.59	25.95	16565610	430204288.00
2022/02/24	25.46	25.93	23.36	23.94	19874767	489808160.00
2022/02/25	24.27	24.64	23.87	24.59	10490302	254066128.00
2022/02/28	24.59	25.69	24.43	25.40	11029118	277186368.00
2022/03/01	25.34	25.75	24.58	25.03	9868282	247157296.00
2022/03/02	25.01	25.50	24.50	25.18	8254252	207401728.00
2022/03/03	25.40	25.88	24.85	25.88	14142584	361405600.00
2022/03/04	26.13	27.20	25.88	25.89	23016432	611186944.00
2022/03/07	25.50	26.50	24.90	25.30	19102574	488101376.00
2022/03/08	24.90	25.00	22.77	22.94	18923436	443921024.00
2022/03/09	22.70	23.05	20.65	21.33	14168415	306199584.00
2022/03/10	21.90	23.36	21.90	22.19	11218539	252237920.00
2022/03/11	22.27	22.32	21.37	22.10	6976600	152447472.00
2022/03/14	21.83	22.06	20.83	20.85	6726674	144320576.00
2022/03/15	20.71	20.99	18.99	19.22	11576618	231727792.00
2022/03/16	19.35	19.84	18.09	19.07	12719390	239291488.00
2022/03/17	19.48	20.33	19.22	20.18	10098460	201221856.00
2022/03/18	20.22	20.69	19.76	20.60	6624650	134141760.00
2022/03/21	20.50	20.86	19.94	20.36	6415204	130304432.00
2022/03/22	20.16	20.39	19.83	20.06	5097320	102280032.00
2022/03/23	19.90	20.25	19.77	19.85	4421970	87954360.00
2022/03/24	19.86	19.91	19.31	19.57	4056800	79290032.00
2022/03/25	19.59	19.88	19.34	19.43	3136464	61375040.00
2022/03/28	19.45	19.64	18.80	19.30	3803392	73288712.00
2022/03/29	19.40	19.66	18.65	18.87	4927984	94068672.00
2022/03/30	18.85	19.77	18.62	19.30	6320990	121205184.00
2022/03/31	19.13	19.69	19.07	19.31	4765221	92745936.00
2022/04/01	19.21	19.30	18.85	18.88	3567230	67641016.00
2022/04/06	18.88	19.25	18.62	18.73	4269652	80730704.00
2022/04/07	18.73	18.73	18.18	18.23	4229832	77717128.00
2022/04/08	18.19	18.39	17.60	17.78	4025188	72043328.00
2022/04/11	17.84	17.90	16.75	16.93	4589061	78659896.00
2022/04/12	16.90	17.26	16.70	17.16	3687801	62711220.00
2022/04/13	17.10	17.16	16.62	16.75	3162930	53284104.00
2022/04/14	16.85	17.22	16.85	16.98	2890445	49183412.00
2022/04/15	16.99	17.21	16.31	16.75	5019100	84269136.00
2022/04/18	16.65	16.69	16.27	16.53	3473830	57265068.00
2022/04/19	16.45	17.50	16.45	17.45	7304235	125596800.00
2022/04/20	17.60	18.92	17.60	18.31	9261127	169195856.00
2022/04/21	18.25	18.27	17.32	17.57	5412257	95907432.00
2022/04/22	17.60	17.85	16.70	16.82	3943812	66901888.00
2022/04/25	16.83	16.83	15.38	15.43	4398000	70279864.00
2022/04/26	15.45	15.68	14.38	14.38	5210066	77998448.00
2022/04/27	14.75	14.78	13.58	14.72	4922616	70143528.00
2022/04/28	14.60	16.19	14.48	16.19	7140729	110499264.00
2022/04/29	16.19	17.68	16.19	17.57	11747582	203076560.00
2022/05/05	17.31	18.44	17.31	18.13	7548988	137029808.00
2022/05/06	17.90	18.66	17.70	18.24	6445678	117630272.00
2022/05/09	18.29	18.81	18.25	18.50	3920320	72822320.00
2022/05/10	18.60	19.14	18.20	19.13	4241950	79587064.00
2022/05/11	18.96	19.49	18.00	18.43	6477800	122016560.00
2022/05/12	18.38	20.27	18.35	19.23	8521693	165567808.00
2022/05/13	19.41	19.62	18.83	19.33	5135182	98478224.00
2022/05/16	19.18	19.31	18.57	18.75	4086900	77028736.00
2022/05/17	18.84	18.84	18.24	18.38	3566700	65614816.00
2022/05/18	18.40	18.58	18.03	18.20	3976492	72427120.00
2022/05/19	18.12	19.80	17.84	19.38	9051574	171338288.00
2022/05/20	19.59	19.70	18.65	19.33	7538194	144492720.00
2022/05/23	19.42	20.57	19.35	20.55	11629277	234901488.00
2022/05/24	20.04	20.10	18.50	18.58	13309820	255359696.00
2022/05/25	18.58	19.80	18.35	19.28	6271253	119572328.00
2022/05/26	19.61	21.21	18.64	21.20	18806132	384275136.00
2022/05/27	21.40	23.10	21.40	22.45	21786064	487527488.00
2022/05/30	24.09	24.68	22.93	23.60	24670878	586134656.00
2022/05/31	23.86	24.30	23.07	23.80	12477989	296076512.00
2022/06/01	23.50	23.95	22.72	23.01	9165652	212370144.00
2022/06/02	23.05	25.31	22.49	24.60	22943144	555224192.00
2022/06/06	24.00	24.36	22.78	23.09	15523092	361858976.00
2022/06/07	23.58	24.50	23.02	23.69	17230500	409287296.00
2022/06/08	23.23	23.55	22.60	23.26	10176904	234603600.00
2022/06/09	22.83	23.13	20.93	20.93	12043280	262679216.00
2022/06/10	20.50	22.51	20.25	22.29	18571260	402972064.00
2022/06/13	22.34	22.73	22.12	22.64	8607820	193408576.00
2022/06/14	22.30	23.45	22.06	23.33	10486982	240465920.00
2022/06/15	23.37	23.60	22.30	22.48	7997382	182693056.00
2022/06/16	22.58	22.98	22.39	22.75	4178900	95006184.00
2022/06/17	22.44	23.29	22.42	23.24	6103682	139966128.00
2022/06/20	23.55	23.99	23.03	23.40	6004920	141401648.00
2022/06/21	23.65	24.13	23.20	23.92	9272880	221232176.00
2022/06/22	23.60	24.16	23.60	23.85	4093700	97917712.00
2022/06/23	23.85	23.90	23.17	23.80	4924810	115840784.00
2022/06/24	23.83	25.10	23.65	24.81	8485190	209216288.00
2022/06/27	25.16	25.60	24.81	25.28	7008440	177059568.00
2022/06/28	25.10	25.40	24.63	25.24	4681430	116905128.00
2022/06/29	25.32	25.40	24.13	24.86	6481780	160206208.00
2022/06/30	19.19	19.90	18.60	19.45	7389510	142649216.00
2022/07/01	18.80	19.46	18.74	18.89	7140207	136259536.00
2022/07/04	18.92	19.02	18.38	18.71	5471856	102286232.00
2022/07/05	18.67	19.85	18.52	19.30	8397346	161525072.00
2022/07/06	19.32	19.38	18.57	19.31	6628395	125973032.00
2022/07/07	19.16	19.40	18.77	19.02	4978204	94588416.00
2022/07/08	19.01	19.65	18.78	18.86	8804983	169166672.00
2022/07/11	18.76	19.69	18.61	19.24	8896733	171495216.00
2022/07/12	19.01	19.36	17.71	18.50	9732490	180432704.00
2022/07/13	18.70	19.05	18.48	18.55	5666740	105823072.00
2022/07/14	18.55	19.86	18.47	19.11	13229463	256078368.00
2022/07/15	19.15	19.24	18.35	18.52	9040409	167649248.00
2022/07/18	18.56	19.40	18.10	19.30	8928574	168608560.00
2022/07/19	19.49	21.23	19.20	21.23	23685129	494411968.00
2022/07/20	21.77	21.77	20.64	20.89	19144528	402232352.00
2022/07/21	20.98	22.73	20.85	22.36	20067054	436688128.00
2022/07/22	22.11	22.87	22.07	22.42	12841787	287319264.00
2022/07/25	22.27	23.20	21.82	22.01	12170811	273409216.00
2022/07/26	22.26	23.98	21.60	23.55	14181155	323991456.00
2022/07/27	23.56	24.66	23.23	24.21	15132471	364036608.00
2022/07/28	24.42	26.58	23.86	25.74	19578141	495283616.00
2022/07/29	25.51	27.28	25.36	26.45	17751701	468139968.00
2022/08/01	26.26	28.48	26.00	28.04	19124428	525361184.00
2022/08/02	27.98	28.05	26.40	26.86	18234730	492191488.00
2022/08/03	26.86	28.40	25.93	26.44	22671768	621043776.00
2022/08/04	26.38	27.85	24.60	26.00	36578020	956619328.00
2022/08/05	26.46	26.46	23.70	24.26	26386760	647087360.00
2022/08/08	24.00	26.69	23.50	26.69	25235272	641895360.00
2022/08/09	27.10	28.35	26.30	27.45	21077823	580350144.00
2022/08/10	27.44	30.20	26.83	30.20	20596496	599150336.00
2022/08/11	31.00	31.59	29.29	30.29	21202361	638154560.00
2022/08/12	30.26	31.19	28.30	28.98	17286741	505273792.00
2022/08/15	28.40	30.30	27.95	29.64	15022482	443353280.00
2022/08/16	30.14	32.60	29.64	32.22	25925511	826114368.00
2022/08/17	32.66	34.40	29.38	29.86	33508515	1063984832.00
2022/08/18	30.01	31.48	28.90	29.16	23435169	706708288.00
2022/08/19	29.50	29.68	26.24	26.28	25592135	694559616.00
2022/08/22	25.59	26.31	25.01	25.80	17739403	454690720.00
2022/08/23	25.56	26.95	25.10	25.50	14810701	384785216.00
2022/08/24	25.67	25.67	22.95	22.96	23934241	568273216.00
2022/08/25	22.79	22.96	21.50	22.25	20726225	458804960.00
2022/08/26	22.32	23.15	21.65	21.85	11848826	263093984.00
2022/08/29	21.50	23.60	21.01	22.78	16985376	385480544.00
2022/08/30	22.77	23.33	22.35	22.81	10681045	243476640.00
2022/08/31	22.88	23.02	21.15	21.25	15468363	337519232.00
2022/09/01	21.44	21.60	20.47	20.67	14026529	291921120.00
2022/09/02	20.79	21.59	20.42	21.15	7970950	168405536.00
2022/09/05	21.33	21.90	20.70	20.81	8062680	170896720.00
2022/09/06	21.20	22.00	20.17	21.93	15038514	320116896.00
2022/09/07	21.82	23.33	21.70	22.65	16793875	381375840.00
2022/09/08	22.52	23.65	22.12	23.26	13113830	303833248.00
2022/09/09	23.25	23.35	21.45	21.67	14596725	322734336.00
2022/09/13	21.63	22.05	21.22	21.42	9100668	195698352.00
2022/09/14	21.08	21.69	20.89	21.15	6674136	141010208.00
2022/09/15	21.28	21.38	19.65	20.02	10839050	218796256.00
2022/09/16	19.95	20.50	19.64	19.70	6674904	133672912.00
2022/09/19	19.65	19.90	18.87	19.02	6444050	123938496.00
2022/09/20	19.16	20.31	19.10	19.92	7337333	145455824.00
2022/09/21	19.90	20.31	19.28	20.06	7246613	144325888.00
2022/09/22	19.90	20.75	19.71	20.00	6691570	135739296.00
2022/09/23	20.17	20.20	18.96	19.10	7982258	154395184.00
2022/09/26	19.09	19.65	18.58	19.27	5723973	110187056.00
2022/09/27	19.50	20.62	19.32	20.25	8175053	164039824.00
2022/09/28	20.16	21.33	19.60	19.68	10131041	207189632.00
2022/09/29	19.96	20.13	19.19	19.51	8217550	160948032.00
2022/09/30	19.40	19.76	18.81	18.83	6377718	121926064.00
2022/10/10	18.94	19.83	18.11	18.37	9388726	177787664.00
2022/10/11	18.63	18.86	18.06	18.62	5391728	99849312.00
2022/10/12	18.75	19.68	18.20	19.67	8213212	155112400.00
2022/10/13	19.60	21.00	19.42	20.68	11904883	243434000.00
2022/10/14	20.56	22.17	20.49	21.74	16915226	360500480.00
2022/10/17	21.85	22.32	21.26	21.43	10037880	217212496.00
2022/10/18	21.50	21.77	21.10	21.51	7124750	153057376.00
2022/10/19	21.25	21.55	20.86	20.94	8844660	186235936.00
2022/10/20	20.92	20.98	20.00	20.12	10097763	206357632.00
2022/10/21	20.18	20.88	20.04	20.63	8925098	182865568.00
2022/10/24	20.72	21.19	20.10	20.33	9480119	196267056.00
2022/10/25	20.53	20.61	19.37	20.24	10087640	201787776.00
2022/10/26	20.35	21.09	20.21	20.79	7773080	160724160.00
2022/10/27	20.91	21.03	20.48	20.48	7413107	153492672.00
2022/10/28	20.50	20.88	19.50	19.70	7738872	155931088.00
2022/10/31	19.55	20.90	19.55	20.80	12445670	255679984.00
2022/11/01	21.50	21.70	20.25	21.37	16509366	346779680.00
2022/11/02	21.00	22.52	20.83	21.91	14612777	319691552.00
2022/11/03	21.64	22.88	21.62	22.37	12952096	288696320.00
2022/11/04	22.27	22.69	22.16	22.41	12802822	286777728.00
2022/11/07	22.27	22.42	21.60	21.93	10298635	226601648.00
2022/11/08	21.94	22.06	21.42	21.81	6327496	137127472.00
2022/11/09	21.86	22.15	21.41	21.84	7651633	167082112.00
2022/11/10	21.70	22.20	21.52	21.60	7232743	157338144.00
2022/11/11	22.18	22.30	21.50	21.56	9286032	202920960.00
2022/11/14	21.40	21.72	21.10	21.45	5147831	110277760.00
2022/11/15	21.64	22.13	21.51	21.99	7067850	154545984.00
2022/11/16	21.99	22.68	21.53	21.63	8721130	192195600.00
2022/11/17	21.78	22.17	21.38	22.15	7085799	154488880.00
2022/11/18	22.07	24.32	22.02	23.65	21075737	494946144.00
2022/11/21	23.64	23.98	23.10	23.90	11135768	261842176.00
2022/11/22	23.90	24.09	22.00	22.83	12068702	279816640.00
2022/11/23	22.91	23.01	21.50	22.84	8946281	199154672.00
2022/11/24	22.59	22.95	22.21	22.25	5294633	118919440.00
2022/11/25	22.42	22.42	21.50	21.58	5967415	129807696.00
2022/11/28	22.70	22.70	21.61	21.79	12853292	285752000.00
2022/11/29	20.85	21.60	20.85	21.35	10252437	217941472.00
2022/11/30	21.30	21.30	20.50	21.00	8274083	172091808.00
2022/12/01	21.01	21.28	20.70	21.21	5635697	118604464.00
2022/12/02	21.20	21.45	21.06	21.17	4654442	98889912.00
2022/12/05	21.25	21.40	20.82	20.87	5254806	110249376.00
2022/12/06	20.97	20.97	20.03	20.14	8789045	177824576.00
2022/12/07	20.21	20.53	19.93	20.23	4780480	96700552.00
2022/12/08	20.28	20.33	19.88	19.95	3944550	78986800.00
2022/12/09	19.88	20.25	19.70	19.98	3881377	77670144.00
2022/12/12	19.99	20.59	19.88	20.35	4821482	98127152.00
2022/12/13	20.45	20.70	20.20	20.25	4006311	81675848.00
2022/12/14	20.26	20.26	19.68	19.70	3924583	78189248.00
2022/12/15	19.70	20.60	19.57	20.29	4095476	82076656.00
2022/12/16	20.20	20.47	20.05	20.12	2862426	57889992.00
2022/12/19	20.11	20.11	19.50	19.75	3157312	62318712.00
2022/12/20	19.76	20.14	19.55	19.99	2034875	40357872.00
2022/12/21	19.72	19.94	19.56	19.63	1815260	35797264.00
2022/12/22	19.64	19.85	18.75	18.78	3616190	69113928.00
2022/12/23	18.75	19.38	18.70	18.92	4141761	78785944.00
2022/12/26	18.80	19.68	18.73	19.53	3953870	76424304.00
2022/12/27	19.65	19.75	19.15	19.27	2865230	55552016.00
2022/12/28	19.54	19.54	19.00	19.05	1990504	38126160.00
2022/12/29	18.92	19.18	18.92	18.99	1585480	30228426.00
2022/12/30	19.04	19.31	18.99	19.07	1327028	25400328.00
2023/01/03	19.07	20.11	19.07	20.10	5652045	111879248.00
2023/01/04	20.27	20.30	19.90	20.13	2490625	49964276.00
2023/01/05	20.45	21.29	20.45	20.88	8415198	175714320.00
2023/01/06	21.19	22.56	20.94	21.78	14371535	310993984.00
2023/01/09	21.75	21.75	21.03	21.13	6406809	135885520.00
2023/01/10	21.13	21.33	20.80	21.28	3772103	79949176.00
2023/01/11	21.22	21.53	20.79	20.96	5641531	118942912.00
2023/01/12	21.08	21.54	20.85	21.40	6304177	134223264.00
2023/01/13	21.39	21.70	21.16	21.32	4484049	96017632.00
2023/01/16	21.18	21.64	21.01	21.33	6953214	148342928.00
2023/01/17	21.10	21.36	20.60	20.70	6351630	132306576.00
2023/01/18	20.71	21.17	20.45	20.88	4071814	84947200.00
2023/01/19	20.88	21.00	20.69	20.75	3697239	76935808.00
2023/01/20	20.80	21.20	20.73	20.76	3541390	74106480.00
2023/01/30	20.77	21.40	20.70	21.18	6248199	132272504.00
2023/01/31	21.12	21.35	20.98	21.25	3086274	65435148.00
2023/02/01	21.26	22.10	21.14	21.83	7430750	160003600.00
2023/02/02	21.83	22.18	21.65	21.72	6742068	147491712.00
2023/02/03	21.71	22.06	21.32	21.87	5167883	112336656.00
2023/02/06	22.37	22.38	21.41	21.60	5790539	125798896.00
2023/02/07	21.61	21.78	21.33	21.42	4619188	99220456.00
2023/02/08	21.43	21.54	20.99	21.09	4438120	94129760.00
2023/02/09	21.18	21.45	20.98	21.39	4410897	93839232.00
2023/02/10	21.40	21.73	21.16	21.41	4357763	93509056.00
数据来源:通达信
