688536 思瑞浦 日线 不复权
      日期	    开盘	    最高	    最低	    收盘	    成交量	    成交额
2020/09/21	250.00	255.33	202.00	205.00	13514515	2989585152.00
2020/09/22	213.00	244.00	208.01	233.01	8483648	1889223808.00
2020/09/23	233.99	262.49	232.33	261.64	4851255	1195458304.00
2020/09/24	260.00	278.00	255.80	264.00	2996366	795911680.00
2020/09/25	268.98	275.00	250.12	264.45	3011234	786625664.00
2020/09/28	269.00	270.80	255.00	259.99	2378335	625254848.00
2020/09/29	260.93	261.00	242.60	246.00	3036100	770131072.00
2020/09/30	245.90	262.50	241.00	254.00	2128048	538313152.00
2020/10/09	259.90	259.94	244.00	248.00	1892691	472567008.00
2020/10/12	247.98	297.60	247.98	297.60	2523998	706168768.00
2020/10/13	311.00	323.50	299.03	309.00	3186759	991763136.00
2020/10/14	303.08	307.39	294.91	301.03	1766448	530177216.00
2020/10/15	298.00	322.58	290.00	291.01	1852618	567171456.00
2020/10/16	293.27	299.97	283.75	291.87	970158	282383456.00
2020/10/19	288.03	302.30	288.03	293.08	725412	213539520.00
2020/10/20	293.00	317.00	285.00	309.20	1267057	385069696.00
2020/10/21	306.20	316.00	303.21	303.75	752230	232593712.00
2020/10/22	301.81	305.79	285.40	294.00	1175291	342969408.00
2020/10/23	293.00	296.50	255.30	261.05	1509958	409557280.00
2020/10/26	253.71	267.76	245.81	262.68	848414	219876848.00
2020/10/27	261.23	272.58	258.03	269.89	658968	176160880.00
2020/10/28	269.04	274.85	261.00	270.39	555153	148666576.00
2020/10/29	270.45	289.77	268.03	283.50	1022084	283947456.00
2020/10/30	283.50	303.50	280.12	294.59	1008158	295841952.00
2020/11/02	298.90	319.88	293.20	314.97	923337	283217760.00
2020/11/03	318.00	332.00	315.21	323.00	960322	312619744.00
2020/11/04	322.00	339.00	312.12	315.77	1185757	382054272.00
2020/11/05	327.58	347.00	321.95	346.88	1364316	460337952.00
2020/11/06	343.50	356.80	338.80	347.00	947456	329073408.00
2020/11/09	355.38	383.32	343.95	349.99	2182990	792424512.00
2020/11/10	344.88	347.88	325.30	337.10	1383461	464688640.00
2020/11/11	335.80	345.98	323.23	323.89	1121889	373961088.00
2020/11/12	327.24	333.04	308.56	314.04	1174000	372980672.00
2020/11/13	316.33	332.90	312.24	327.89	862212	280465376.00
2020/11/16	328.46	337.00	311.21	315.90	1287169	412859968.00
2020/11/17	315.78	332.80	307.66	332.09	1390671	444829760.00
2020/11/18	330.00	333.00	318.10	318.76	908861	295195168.00
2020/11/19	320.00	329.99	313.35	322.58	738683	237453216.00
2020/11/20	320.00	331.00	317.08	327.92	638794	208464816.00
2020/11/23	325.54	330.78	321.00	328.10	655311	213855600.00
2020/11/24	338.31	392.00	337.00	381.31	1778781	664156480.00
2020/11/25	377.64	392.88	371.11	383.00	998548	379828320.00
2020/11/26	381.50	399.23	366.68	374.63	972928	369720416.00
2020/11/27	377.73	416.00	375.00	411.90	1473786	588727552.00
2020/11/30	408.00	411.00	388.01	389.00	895724	356457248.00
2020/12/01	389.00	415.99	389.00	413.60	741280	300585792.00
2020/12/02	412.83	416.00	401.07	402.90	504940	205302656.00
2020/12/03	400.00	408.95	373.57	377.97	1012351	389646560.00
2020/12/04	377.49	384.43	372.51	376.24	570647	216137984.00
2020/12/07	380.08	392.99	375.00	388.70	819282	313460384.00
2020/12/08	385.67	412.43	378.00	410.99	775664	310858720.00
2020/12/09	415.80	415.80	395.10	396.04	446928	179906480.00
2020/12/10	394.40	430.00	390.03	413.00	813964	337768768.00
2020/12/11	413.00	444.68	410.12	427.10	917512	395571840.00
2020/12/14	428.20	445.00	426.15	444.98	638503	279770208.00
2020/12/15	443.50	450.01	416.80	424.04	885136	382182688.00
2020/12/16	424.00	448.78	417.88	444.30	557457	244091472.00
2020/12/17	446.00	453.18	428.00	442.78	531480	234734496.00
2020/12/18	449.47	451.96	425.73	428.00	611630	268128240.00
2020/12/21	410.02	434.00	409.02	424.40	780383	326844896.00
2020/12/22	420.00	443.77	412.00	432.03	723745	307828352.00
2020/12/23	432.00	439.88	418.00	429.88	611356	262304528.00
2020/12/24	424.49	433.83	397.00	400.00	807237	332612800.00
2020/12/25	400.00	400.00	376.00	381.80	998508	384516672.00
2020/12/28	377.89	396.08	375.68	394.98	999865	385890272.00
2020/12/29	393.00	404.29	381.98	397.02	586875	231957728.00
2020/12/30	393.63	419.88	391.00	405.00	624867	256173488.00
2020/12/31	415.59	444.44	406.15	432.00	783017	335853472.00
2021/01/04	438.00	438.00	380.23	401.02	2433406	958738304.00
2021/01/05	395.00	420.00	391.86	419.00	1040513	421705376.00
2021/01/06	421.00	429.90	411.00	416.07	629763	264553664.00
2021/01/07	410.70	417.47	395.15	404.38	854879	346168000.00
2021/01/08	404.02	404.03	382.11	387.00	841168	328990656.00
2021/01/11	381.97	417.96	381.97	397.00	918087	369651232.00
2021/01/12	398.00	428.60	395.00	416.28	943925	394324704.00
2021/01/13	419.99	425.99	397.09	399.00	709710	290730560.00
2021/01/14	399.98	444.99	395.28	439.00	1034184	441391648.00
2021/01/15	446.00	460.50	437.01	457.89	801041	360020768.00
2021/01/18	450.38	522.15	441.88	518.96	1103868	549392384.00
2021/01/19	516.90	548.97	516.90	520.00	795316	421930496.00
2021/01/20	519.71	562.65	519.71	558.00	766110	417477472.00
2021/01/21	558.00	566.03	531.00	540.00	792434	431049728.00
2021/01/22	544.99	551.00	528.00	541.00	383299	207079184.00
2021/01/25	510.00	576.99	477.77	524.06	1357896	697984192.00
2021/01/26	520.00	555.00	507.13	520.79	627604	336049728.00
2021/01/27	537.47	557.00	510.62	527.08	805270	433336032.00
2021/01/28	518.00	525.45	490.80	492.99	690095	349618144.00
2021/01/29	502.22	515.01	481.01	494.60	670168	333653664.00
2021/02/01	492.09	511.11	485.00	497.80	340992	169843104.00
2021/02/02	508.71	518.90	492.01	510.36	481097	244154288.00
2021/02/03	511.00	518.35	493.00	493.70	425024	214039056.00
2021/02/04	493.02	523.00	490.20	522.24	645460	326910976.00
2021/02/05	517.50	531.98	476.08	477.45	712740	359922496.00
2021/02/08	479.00	531.80	470.01	529.10	618685	317801760.00
2021/02/09	530.48	593.00	520.02	587.61	572255	320392032.00
2021/02/10	585.45	593.12	561.55	593.00	518727	300347296.00
2021/02/18	593.00	600.01	571.80	584.22	405066	236477648.00
2021/02/19	574.88	584.05	540.00	565.00	529394	294360576.00
2021/02/22	565.00	566.00	508.00	509.10	468023	247822832.00
2021/02/23	488.00	509.98	470.38	479.00	740408	359862848.00
2021/02/24	482.00	504.60	460.10	471.48	651394	312883296.00
2021/02/25	472.00	475.01	446.16	465.00	514707	237312032.00
2021/02/26	456.00	463.80	418.28	430.77	715479	313977024.00
2021/03/01	437.98	459.63	437.98	451.01	567888	255627968.00
2021/03/02	454.00	488.98	446.88	479.97	828031	394864416.00
2021/03/03	476.00	487.02	470.00	480.38	476614	228687920.00
2021/03/04	487.00	487.00	431.00	451.40	643014	290541376.00
2021/03/05	439.11	449.86	426.00	434.60	526908	231011088.00
2021/03/08	436.00	448.76	373.14	380.00	966417	387788384.00
2021/03/09	376.50	415.50	362.00	389.00	938967	370065696.00
2021/03/10	401.37	414.95	398.00	407.99	601170	244506368.00
2021/03/11	405.01	438.57	405.01	419.96	505502	213006144.00
2021/03/12	418.55	425.00	407.00	411.51	355755	147225792.00
2021/03/15	408.58	414.43	383.46	393.80	463434	183804688.00
2021/03/16	398.73	408.60	388.03	394.98	167362	66520032.00
2021/03/17	394.00	409.89	388.00	403.00	225564	90991344.00
2021/03/18	405.81	408.00	380.61	386.41	404492	158206272.00
2021/03/19	380.05	388.00	368.16	371.00	404160	152284944.00
2021/03/22	368.67	383.98	362.00	367.00	861082	318042432.00
2021/03/23	368.61	372.39	348.68	356.00	457092	163615136.00
2021/03/24	352.01	359.95	330.50	330.50	602599	203280592.00
2021/03/25	329.97	362.60	326.00	357.12	604780	209436992.00
2021/03/26	357.77	374.00	350.21	366.50	388322	141079040.00
2021/03/29	367.45	373.58	352.80	354.62	343750	123218424.00
2021/03/30	352.70	373.00	352.00	358.50	367896	132958360.00
2021/03/31	358.50	364.90	342.90	360.80	342073	120523744.00
2021/04/01	357.84	402.00	353.00	400.00	813903	316347552.00
2021/04/02	405.00	448.00	402.03	426.50	947999	407481472.00
2021/04/06	427.83	441.97	418.00	429.75	505267	217184864.00
2021/04/07	427.13	427.15	408.45	420.03	531758	221715232.00
2021/04/08	416.77	434.50	413.99	421.15	339146	144628896.00
2021/04/09	421.15	431.99	411.99	421.32	231709	97610152.00
2021/04/12	421.33	432.04	408.11	415.06	430485	180466880.00
2021/04/13	408.29	421.20	401.01	404.93	238585	97951080.00
2021/04/14	420.00	434.90	404.93	410.50	405174	169753072.00
2021/04/15	411.01	412.37	389.01	410.19	424952	170312656.00
2021/04/16	410.18	414.00	395.58	399.99	276850	111296888.00
2021/04/19	391.02	403.79	388.01	398.84	514434	203598240.00
2021/04/20	395.84	403.80	385.00	394.00	371727	146843328.00
2021/04/21	389.00	399.50	387.00	393.48	241540	95155648.00
2021/04/22	395.00	413.99	393.04	401.44	461681	186685216.00
2021/04/23	401.46	416.60	390.00	412.80	511588	208710912.00
2021/04/26	414.00	435.39	410.11	426.80	495599	210419088.00
2021/04/27	421.00	423.46	405.10	414.28	481283	199701632.00
2021/04/28	378.00	405.00	351.00	391.88	1331816	508426944.00
2021/04/29	389.67	422.22	387.77	395.57	405244	164936080.00
2021/04/30	404.00	423.88	389.09	417.71	483146	198413120.00
2021/05/06	431.00	431.00	396.00	407.00	336761	137204720.00
2021/05/07	403.00	406.05	370.03	370.03	441576	169849184.00
2021/05/10	368.00	380.00	352.28	355.50	367646	133733272.00
2021/05/11	353.00	363.10	338.10	349.05	481673	167462992.00
2021/05/12	349.05	368.25	339.05	364.60	485005	172809504.00
2021/05/13	355.73	366.61	352.05	358.10	170418	61021124.00
2021/05/14	357.23	372.50	347.06	370.52	316531	115001120.00
2021/05/17	371.00	405.00	370.52	399.88	676724	267080240.00
2021/05/18	391.25	404.98	389.00	390.97	298119	117529568.00
2021/05/19	389.84	407.59	386.00	404.00	425392	171336240.00
2021/05/20	407.56	418.00	398.00	413.03	369652	151701792.00
2021/05/21	411.08	419.55	401.29	414.45	331670	137042400.00
2021/05/24	415.98	434.99	401.00	429.00	401216	169294384.00
2021/05/25	429.00	488.88	424.02	477.99	602372	281128288.00
2021/05/26	480.00	480.00	462.19	476.30	327648	154165296.00
2021/05/27	475.00	525.50	468.54	518.73	565725	287923232.00
2021/05/28	520.62	522.00	478.00	483.75	552711	274918592.00
2021/05/31	492.00	547.00	488.52	533.72	630381	328318272.00
2021/06/01	535.95	540.90	518.03	530.80	332103	175711984.00
2021/06/02	530.80	530.81	503.17	513.00	286803	146817344.00
2021/06/03	509.55	513.43	496.01	506.45	198953	100509584.00
2021/06/04	504.00	528.18	498.58	520.89	217071	112375488.00
2021/06/07	537.88	544.98	515.00	519.47	366350	194730080.00
2021/06/08	510.38	528.66	483.00	500.11	423067	210814496.00
2021/06/09	499.00	510.00	487.31	505.23	311502	155464640.00
2021/06/10	505.99	541.99	505.97	530.01	323787	170768224.00
2021/06/11	544.71	544.98	514.50	520.00	186497	97039672.00
2021/06/15	521.96	533.00	501.00	526.00	243140	127157296.00
2021/06/16	529.00	560.05	515.00	519.24	433762	231105632.00
2021/06/17	511.88	560.34	511.00	552.63	439469	239353520.00
2021/06/18	552.90	577.47	543.00	560.08	526305	294937984.00
2021/06/21	560.00	566.00	541.00	562.97	466877	258686032.00
2021/06/22	562.00	570.00	525.10	540.50	596259	320375776.00
2021/06/23	533.00	556.58	524.00	540.00	552953	299777184.00
2021/06/24	537.00	537.00	470.91	500.01	1101793	545346496.00
2021/06/25	495.00	513.98	485.85	505.99	577355	288837664.00
2021/06/28	510.60	544.81	497.89	522.30	560319	291644544.00
2021/06/29	532.97	534.99	510.79	516.48	328135	170546432.00
2021/06/30	516.00	565.00	516.00	551.00	809232	447053280.00
2021/07/01	545.24	575.00	542.00	546.13	394512	220879920.00
2021/07/02	541.33	545.09	514.99	524.98	458785	240596864.00
2021/07/05	524.98	583.00	520.03	579.00	658429	361316416.00
2021/07/06	575.00	615.00	575.00	602.00	970580	581643840.00
2021/07/07	584.88	658.00	577.00	643.00	669302	415340576.00
2021/07/08	643.00	718.05	641.36	692.44	702669	485782304.00
2021/07/09	684.09	691.94	610.26	673.70	891976	575954432.00
2021/07/12	650.00	652.38	609.00	631.83	945135	589486528.00
2021/07/13	619.44	625.00	565.50	579.10	954472	558886144.00
2021/07/14	571.10	580.94	552.10	563.18	540566	303996896.00
2021/07/15	565.00	584.47	550.02	577.12	453451	257925984.00
2021/07/16	578.11	584.00	536.01	536.01	347219	193113344.00
2021/07/19	536.01	579.83	521.01	575.81	460116	258457056.00
2021/07/20	568.02	598.00	560.10	593.00	353223	204165312.00
2021/07/21	592.55	620.00	576.01	606.16	473872	284152512.00
2021/07/22	600.55	615.00	587.17	606.96	280302	169086720.00
2021/07/23	614.22	638.88	601.32	603.69	425533	263495584.00
2021/07/26	603.69	635.00	570.51	589.00	432421	261631104.00
2021/07/27	598.00	645.65	591.00	599.00	600156	373352992.00
2021/07/28	590.00	609.02	552.86	582.08	446849	262635536.00
2021/07/29	600.00	666.00	579.63	654.56	794615	490345760.00
2021/07/30	640.05	706.42	633.00	662.12	795509	529478880.00
2021/08/02	642.13	657.99	590.96	598.97	752340	459514272.00
2021/08/03	598.97	607.00	532.13	532.67	846494	475704000.00
2021/08/04	532.00	574.00	522.23	565.01	519514	291075680.00
2021/08/05	630.00	678.01	630.00	678.01	711573	477343520.00
2021/08/06	712.00	718.00	670.02	700.88	1050656	727702656.00
2021/08/09	708.00	708.78	650.00	666.02	569034	383690944.00
2021/08/10	683.15	684.00	615.00	622.01	659112	420932640.00
2021/08/11	632.45	632.45	600.00	607.01	510668	311631040.00
2021/08/12	594.23	660.88	594.23	641.85	635584	401478336.00
2021/08/13	635.00	642.00	606.66	621.60	424793	266626272.00
2021/08/16	602.89	675.00	602.89	635.32	475651	305113248.00
2021/08/17	625.00	641.67	595.00	600.01	354998	217308400.00
2021/08/18	611.37	613.00	586.00	588.89	284882	170577696.00
2021/08/19	582.40	630.00	582.40	626.00	419642	258065936.00
2021/08/20	611.80	656.00	610.01	637.65	457383	291195360.00
2021/08/23	622.00	642.00	612.11	618.05	543869	339434464.00
2021/08/24	622.28	629.60	591.00	619.90	573706	350081280.00
2021/08/25	610.00	634.53	594.23	602.78	412277	250398560.00
2021/08/26	597.60	611.14	565.00	569.90	465664	270701600.00
2021/08/27	567.26	588.00	567.26	572.15	278507	160648768.00
2021/08/30	575.38	615.99	572.15	604.10	502113	302322976.00
2021/08/31	598.06	618.81	584.81	588.99	371191	222502400.00
2021/09/01	573.00	587.00	546.22	580.26	575204	327768992.00
2021/09/02	580.00	602.39	572.80	572.80	450285	263485168.00
2021/09/03	575.78	599.99	562.63	597.96	372443	217736784.00
2021/09/06	582.66	596.44	573.00	592.96	446125	261158960.00
2021/09/07	580.56	615.08	576.96	606.56	365955	218160592.00
2021/09/08	599.37	606.85	571.69	584.00	434366	254822848.00
2021/09/09	580.33	592.53	566.24	576.99	331298	192966896.00
2021/09/10	583.00	654.97	580.88	639.00	759912	472945696.00
2021/09/13	636.00	636.00	595.01	597.10	575122	350127968.00
2021/09/14	607.42	608.42	585.10	594.88	598328	356088384.00
2021/09/15	580.01	598.67	562.00	575.66	449393	258716544.00
2021/09/16	569.00	570.51	527.03	553.88	837379	456498720.00
2021/09/17	554.00	574.96	548.20	550.45	434974	243244928.00
2021/09/22	530.00	570.00	519.98	562.66	1294643	710910208.00
2021/09/23	557.15	577.99	552.10	555.00	729367	410466400.00
2021/09/24	548.40	593.87	548.00	580.40	1211773	698068480.00
2021/09/27	594.79	648.88	594.00	623.80	914039	573344960.00
2021/09/28	612.45	638.40	603.50	617.88	450469	281032544.00
2021/09/29	610.27	632.68	605.88	630.00	507795	317705984.00
2021/09/30	625.21	646.00	610.25	638.11	512661	325212672.00
2021/10/08	640.80	685.50	625.58	632.00	592380	388362528.00
2021/10/11	628.78	647.94	612.40	614.00	451941	283580480.00
2021/10/12	617.84	626.75	582.00	595.00	379876	229605328.00
2021/10/13	594.00	619.99	592.09	605.40	325171	198069856.00
2021/10/14	609.99	632.83	601.00	620.00	354633	218636688.00
2021/10/15	620.00	652.59	595.04	640.50	457979	288043808.00
2021/10/18	630.00	635.79	605.39	620.50	383961	236405632.00
2021/10/19	625.00	630.00	607.01	611.97	286857	177417856.00
2021/10/20	620.39	642.74	615.19	630.00	305088	193161280.00
2021/10/21	635.42	644.83	605.00	609.64	295372	182814144.00
2021/10/22	604.42	626.68	604.42	612.00	225392	139047664.00
2021/10/25	612.01	625.89	592.79	617.00	405075	247576192.00
2021/10/26	620.28	638.00	604.58	637.99	558578	352165312.00
2021/10/27	628.51	636.10	608.01	620.50	304378	188285280.00
2021/10/28	622.70	652.00	610.26	645.00	475080	303738528.00
2021/10/29	666.79	774.00	666.79	774.00	1528900	1131055616.00
2021/11/01	770.00	807.99	714.72	777.00	1294618	992733632.00
2021/11/02	777.00	806.00	756.90	795.00	617923	486543104.00
2021/11/03	798.00	820.05	785.00	793.04	544309	436874336.00
2021/11/04	818.63	823.98	788.00	797.82	622690	499752448.00
2021/11/05	797.52	812.87	778.13	779.77	412703	326888224.00
2021/11/08	791.47	792.00	750.10	770.00	543893	415458464.00
2021/11/09	758.58	795.99	758.58	771.50	465197	359860320.00
2021/11/10	771.50	807.12	762.87	781.10	462872	363337152.00
2021/11/11	780.00	828.81	769.80	812.01	871479	700822912.00
2021/11/12	810.00	814.91	772.30	808.91	505505	403776704.00
2021/11/15	806.66	811.98	786.00	796.00	275725	219229920.00
2021/11/16	789.00	824.30	788.99	795.00	310157	250997104.00
2021/11/17	783.68	809.97	783.12	803.29	214974	172347728.00
2021/11/18	801.97	817.99	795.03	808.00	289051	233588832.00
2021/11/19	807.88	856.68	792.00	816.00	514064	419647456.00
2021/11/22	819.88	870.00	819.88	848.50	916185	780336384.00
2021/11/23	848.50	871.45	835.79	855.58	517804	441109984.00
2021/11/24	855.00	887.00	835.01	854.99	523043	450941888.00
2021/11/25	856.00	880.00	844.42	869.00	414247	357455008.00
2021/11/26	859.88	881.00	834.01	847.28	410283	349841280.00
2021/11/29	847.28	908.90	847.26	905.90	715411	636192960.00
2021/11/30	909.00	909.00	866.98	882.00	541752	481652800.00
2021/12/01	889.32	917.93	870.73	883.12	408177	362210016.00
2021/12/02	893.38	897.93	845.01	864.00	384412	332201856.00
2021/12/03	868.00	887.49	852.00	865.00	349266	302290016.00
2021/12/06	865.00	868.75	806.60	837.96	565642	475747712.00
2021/12/07	838.00	838.22	771.98	809.61	725677	582542912.00
2021/12/08	820.00	830.02	800.94	818.93	355678	291461824.00
2021/12/09	828.78	844.60	811.78	831.00	517275	430651136.00
2021/12/10	830.48	854.00	821.12	821.64	637906	534172928.00
2021/12/13	838.63	902.89	834.52	886.96	641131	559657344.00
2021/12/14	880.00	917.88	870.00	917.02	489694	442269760.00
2021/12/15	908.17	926.99	893.10	900.00	345527	315124256.00
2021/12/16	881.05	925.99	860.00	878.29	493563	433286752.00
2021/12/17	861.12	878.61	853.08	870.26	312126	270059424.00
2021/12/20	857.00	883.50	826.06	830.00	453509	382626848.00
2021/12/21	830.00	849.00	815.00	823.12	281372	233708896.00
2021/12/22	826.11	829.50	790.00	801.92	497289	401529792.00
2021/12/23	812.43	812.43	782.22	806.37	384499	307363936.00
2021/12/24	804.58	809.77	790.00	805.00	269327	215417168.00
2021/12/27	794.97	802.89	781.00	793.00	257619	204197904.00
2021/12/28	792.30	798.71	770.30	787.91	262822	206312672.00
2021/12/29	784.54	798.98	772.20	776.00	380163	298636352.00
2021/12/30	783.07	802.05	772.00	779.10	431326	341106592.00
2021/12/31	786.55	795.61	756.05	768.00	504378	388067744.00
2022/01/04	771.14	776.75	727.85	747.00	707916	526407264.00
2022/01/05	753.00	755.95	715.38	725.98	490151	357123360.00
2022/01/06	717.01	737.94	714.00	725.84	411561	299077472.00
2022/01/07	719.00	732.82	698.31	708.41	390196	278069664.00
2022/01/10	711.80	711.80	666.01	691.50	619475	425405312.00
2022/01/11	690.71	702.60	662.89	672.34	681057	459024960.00
2022/01/12	673.51	680.16	657.51	675.00	617299	413483904.00
2022/01/13	675.08	686.00	651.61	670.67	597841	401201280.00
2022/01/14	672.00	702.59	665.83	694.99	647929	446349824.00
2022/01/17	694.10	704.80	667.25	681.50	610785	416935232.00
2022/01/18	693.00	701.00	679.29	691.39	400966	276880672.00
2022/01/19	678.00	694.39	660.50	674.05	343193	231208416.00
2022/01/20	686.00	693.00	669.87	674.16	312094	212633392.00
2022/01/21	660.01	673.39	654.00	668.08	299040	198617632.00
2022/01/24	652.05	673.06	651.68	659.64	324876	214579216.00
2022/01/25	661.45	699.89	660.00	689.17	541408	372556800.00
2022/01/26	695.00	702.85	657.66	665.31	761492	507849120.00
2022/01/27	666.00	670.80	622.00	625.42	731435	467292416.00
2022/01/28	649.99	649.99	608.15	611.00	605421	374701504.00
2022/02/07	623.10	648.86	613.22	621.63	529389	332412832.00
2022/02/08	627.00	627.00	588.39	604.27	458900	276230560.00
2022/02/09	600.52	605.00	565.25	599.77	882040	516258528.00
2022/02/10	600.00	617.41	590.01	601.50	446895	268786752.00
2022/02/11	589.16	616.62	587.98	608.06	316832	192474800.00
2022/02/14	602.69	612.97	590.51	607.99	289358	175109344.00
2022/02/15	609.97	633.80	601.35	631.00	455036	282870400.00
2022/02/16	634.00	638.74	600.00	602.22	583640	358316096.00
2022/02/17	600.88	624.90	589.07	619.00	351959	216302832.00
2022/02/18	616.00	619.43	605.60	612.99	286903	175284592.00
2022/02/21	618.32	631.98	585.01	590.25	558995	336324512.00
2022/02/22	578.35	598.99	575.43	598.00	433723	255129616.00
2022/02/23	595.00	664.39	595.00	653.23	643214	411769920.00
2022/02/24	647.77	655.00	628.61	639.00	694349	443108736.00
2022/02/25	655.00	677.03	646.42	665.23	663980	439743040.00
2022/02/28	660.00	676.07	656.01	669.06	451380	301313376.00
2022/03/01	669.06	680.00	653.65	672.84	371774	249360752.00
2022/03/02	665.27	673.46	651.08	657.27	414023	272262752.00
2022/03/03	666.20	671.77	645.94	648.29	345481	226184688.00
2022/03/04	641.00	692.39	636.90	667.00	539305	362649280.00
2022/03/07	662.98	664.55	638.00	652.38	357502	232304608.00
2022/03/08	658.85	684.99	645.36	654.90	480072	320098112.00
2022/03/09	654.90	670.00	630.66	650.00	450992	292718528.00
2022/03/10	671.00	685.00	641.69	658.36	496028	328412064.00
2022/03/11	642.37	661.66	640.00	660.00	342794	221867632.00
2022/03/14	640.10	667.87	621.90	621.90	539950	343772192.00
2022/03/15	622.52	672.80	612.25	642.28	678881	441832064.00
2022/03/16	664.36	689.45	640.65	681.85	541615	359217984.00
2022/03/17	700.00	709.99	682.00	690.00	575258	401102944.00
2022/03/18	685.00	691.43	666.81	673.53	302962	204621616.00
2022/03/21	665.00	708.00	656.00	701.01	539506	373610816.00
2022/03/22	692.24	700.00	682.00	690.00	341913	235485888.00
2022/03/23	697.73	698.87	681.88	687.90	275990	190435856.00
2022/03/24	687.90	687.90	666.00	678.00	242719	163644656.00
2022/03/25	677.88	682.56	666.16	666.20	243973	164199408.00
2022/03/28	655.68	665.74	642.07	646.00	321682	209314320.00
2022/03/29	657.80	657.80	626.30	630.68	191132	121772888.00
2022/03/30	627.45	652.59	625.39	645.05	309205	198673936.00
2022/03/31	640.78	643.37	612.59	619.98	319693	199268240.00
2022/04/01	606.00	624.94	602.37	609.00	302221	184751664.00
2022/04/06	602.98	606.32	518.50	536.86	1073102	583487552.00
2022/04/07	531.99	549.58	526.79	534.50	567819	308668128.00
2022/04/08	538.53	556.00	530.00	534.50	553750	300353504.00
2022/04/11	545.00	548.44	517.14	520.00	445899	235318912.00
2022/04/12	520.55	529.85	505.22	520.50	446421	230998336.00
2022/04/13	513.10	516.66	485.87	488.00	703991	350108416.00
2022/04/14	498.35	514.98	481.84	508.00	852463	424887168.00
2022/04/15	507.49	531.71	490.00	521.50	677791	350629856.00
2022/04/18	515.36	544.01	506.88	530.00	533979	283053280.00
2022/04/19	537.85	538.39	517.85	523.90	237542	125491392.00
2022/04/20	525.33	544.99	520.12	527.52	430820	231276768.00
2022/04/21	530.40	563.40	516.28	529.01	620480	335516448.00
2022/04/22	510.00	529.80	505.50	520.50	475184	246791904.00
2022/04/25	506.00	518.26	495.60	500.00	388316	196539520.00
2022/04/26	482.00	513.39	460.00	497.04	486536	241522384.00
2022/04/27	494.06	521.00	471.77	513.00	680901	339876096.00
2022/04/28	509.99	509.99	466.65	493.00	639518	310246592.00
2022/04/29	495.00	500.00	470.97	487.22	688517	332948736.00
2022/05/05	482.24	491.00	471.90	476.64	714985	343824512.00
2022/05/06	468.00	472.64	442.00	447.70	1002185	456914336.00
2022/05/09	447.00	447.00	405.39	414.98	1339882	562627712.00
2022/05/10	420.00	470.86	413.00	452.00	1245924	556514304.00
2022/05/11	456.86	486.89	451.10	472.33	1240688	590071104.00
2022/05/12	469.47	481.16	456.07	473.96	606121	285405984.00
2022/05/13	475.83	507.99	471.09	486.19	749499	367503520.00
2022/05/16	487.63	510.99	482.55	496.36	827280	413010368.00
2022/05/17	496.86	539.00	489.00	520.20	838572	436758592.00
2022/05/18	520.20	534.86	514.00	523.99	515164	270115968.00
2022/05/19	523.99	552.12	510.00	549.70	676378	362965376.00
2022/05/20	538.00	554.00	532.00	539.00	609825	328782688.00
2022/05/23	531.47	569.88	531.47	553.30	433985	238850880.00
2022/05/24	557.50	565.00	536.00	537.57	440583	243095040.00
2022/05/25	536.55	551.30	523.00	528.95	431879	229105456.00
2022/05/26	527.15	539.89	510.71	528.00	793234	416592192.00
2022/05/27	530.00	547.99	518.58	525.00	354323	188019120.00
2022/05/30	521.39	542.00	513.50	526.50	496803	262593216.00
2022/05/31	535.72	557.88	517.00	548.50	561510	302876992.00
2022/06/01	540.63	562.90	535.13	546.42	565371	309752576.00
2022/06/02	550.80	603.00	540.88	592.00	953262	553124672.00
2022/06/06	610.00	619.99	571.24	573.58	1109670	656731968.00
2022/06/07	575.29	577.80	556.60	566.00	762586	430940512.00
2022/06/08	551.00	600.00	550.99	594.00	1060215	613726528.00
2022/06/09	589.90	589.90	546.00	547.70	983093	548005696.00
2022/06/10	545.00	564.79	541.01	550.00	1295688	718465664.00
2022/06/13	549.00	561.85	541.37	553.50	769153	423944800.00
2022/06/14	548.01	552.80	510.59	523.58	901536	469112384.00
2022/06/15	523.00	545.00	520.40	537.89	498737	267958560.00
2022/06/16	537.89	562.00	530.00	550.80	475245	260333104.00
2022/06/17	549.86	556.98	531.00	535.60	511071	275660448.00
2022/06/20	526.11	537.80	519.00	521.80	564113	297343136.00
2022/06/21	523.23	542.99	518.58	529.00	411359	219060960.00
2022/06/22	534.77	535.00	500.02	501.00	473792	241861584.00
2022/06/23	495.91	513.40	490.00	507.12	645138	324222464.00
2022/06/24	507.55	534.85	507.55	523.87	572713	299944864.00
2022/06/27	523.88	541.97	520.36	525.36	618126	327675136.00
2022/06/28	521.90	528.00	502.33	519.91	897206	458308160.00
2022/06/29	517.80	535.00	504.11	525.12	645747	339625984.00
2022/06/30	525.04	572.88	523.15	561.59	630404	348873408.00
2022/07/01	570.58	570.58	522.25	528.06	552110	297959360.00
2022/07/04	524.83	527.88	484.88	498.99	890680	443191040.00
2022/07/05	498.00	509.02	486.66	496.00	579714	286959072.00
2022/07/06	499.88	534.87	493.00	512.71	673700	348087072.00
2022/07/07	519.00	519.00	495.14	502.80	435329	219178128.00
2022/07/08	507.77	523.81	496.00	514.08	436442	223548128.00
2022/07/11	513.73	517.66	497.31	500.99	400712	202476880.00
2022/07/12	500.85	507.90	472.98	478.15	547024	263918768.00
2022/07/13	474.01	478.88	455.79	457.01	574838	265758336.00
2022/07/14	466.17	477.00	451.00	466.50	472601	220597504.00
2022/07/15	461.30	488.48	460.00	469.68	551494	262038496.00
2022/07/18	475.00	475.00	456.00	459.98	465839	214377200.00
2022/07/19	460.00	460.00	440.02	447.77	616130	274953088.00
2022/07/20	451.11	473.77	451.06	452.52	527548	243105664.00
2022/07/21	452.22	492.79	448.71	483.37	825906	396428416.00
2022/07/22	483.50	492.98	471.00	472.11	531033	256062272.00
2022/07/25	468.02	482.97	463.10	482.50	477725	227043792.00
2022/07/26	482.92	486.00	463.05	472.30	501422	235863040.00
2022/07/27	471.88	471.88	456.00	462.05	334737	154721184.00
2022/07/28	465.00	487.99	465.00	484.99	447725	214719616.00
2022/07/29	484.99	489.00	456.00	457.01	486216	227266640.00
2022/08/01	455.20	477.00	436.96	472.50	503757	233624496.00
2022/08/02	466.94	500.05	455.70	487.05	841860	411720480.00
2022/08/03	489.98	533.32	488.37	521.48	951003	491524576.00
2022/08/04	530.58	578.00	518.03	573.85	878228	479079232.00
2022/08/05	564.00	594.98	548.80	587.00	968690	552300416.00
2022/08/08	580.00	589.01	551.95	560.51	738409	419382432.00
2022/08/09	560.51	565.50	550.00	564.20	566008	314586496.00
2022/08/10	560.00	578.18	555.09	561.00	341396	193413200.00
2022/08/11	561.99	586.00	553.88	581.50	484126	279251904.00
2022/08/12	583.00	591.52	550.20	551.00	412067	232316736.00
2022/08/15	545.77	555.77	535.52	542.07	489531	265275792.00
2022/08/16	541.02	547.57	528.80	529.00	435285	232913536.00
2022/08/17	529.00	535.00	523.60	533.45	382872	202959200.00
2022/08/18	525.88	556.00	517.77	547.00	555144	297824576.00
2022/08/19	558.89	623.00	558.89	588.46	1356273	817564544.00
2022/08/22	595.91	606.00	560.00	561.00	718800	412053984.00
2022/08/23	564.59	572.28	551.00	557.01	517921	292182880.00
2022/08/24	567.00	567.00	513.04	526.47	650609	344512992.00
2022/08/25	528.49	528.49	506.82	512.88	494694	254096896.00
2022/08/26	519.00	528.00	505.22	507.00	363463	187069344.00
2022/08/29	493.68	516.42	487.20	506.99	425533	215212688.00
2022/08/30	506.00	508.00	491.05	495.67	317819	158417056.00
2022/08/31	485.00	500.77	483.06	490.00	319444	156754080.00
2022/09/01	497.98	507.84	465.00	470.16	506570	242840016.00
2022/09/02	465.21	486.44	465.21	475.67	388254	185126560.00
2022/09/05	475.67	475.67	450.00	456.75	673677	308891872.00
2022/09/06	457.88	468.00	447.60	455.18	612182	279545728.00
2022/09/07	453.18	479.54	448.80	479.18	707037	334102976.00
2022/09/08	478.08	481.06	458.00	469.90	659693	309677280.00
2022/09/09	467.00	467.00	400.01	409.00	2425180	998796992.00
2022/09/13	403.00	438.53	403.00	426.35	1528171	651818304.00
2022/09/14	425.22	434.78	418.00	427.05	566641	241702864.00
2022/09/15	436.00	436.00	412.82	419.60	591266	249795424.00
2022/09/16	418.10	433.48	410.14	430.26	787916	336137888.00
2022/09/19	429.62	439.80	410.03	417.88	472457	199871792.00
2022/09/20	285.60	285.63	274.33	276.75	481434	133699280.00
2022/09/21	270.04	273.97	264.00	264.90	764637	204293216.00
2022/09/22	264.99	268.75	258.00	261.05	837447	219548144.00
2022/09/23	259.55	261.66	249.00	253.50	999661	253596992.00
2022/09/26	253.50	261.99	250.15	255.70	788719	203012864.00
2022/09/27	255.70	259.98	248.38	251.77	1045459	263523808.00
2022/09/28	251.63	251.64	244.24	245.00	564740	139649472.00
2022/09/29	246.87	248.97	239.48	244.06	642853	156896912.00
2022/09/30	243.82	244.06	232.05	233.25	740380	175299632.00
2022/10/10	231.93	231.93	221.01	226.05	1112234	250874400.00
2022/10/11	226.05	230.00	217.58	218.03	808660	179368224.00
2022/10/12	218.29	241.44	214.41	239.12	1234421	281294208.00
2022/10/13	234.88	245.57	234.50	241.50	926003	223572512.00
2022/10/14	244.48	256.00	239.28	251.76	910636	227018784.00
2022/10/17	250.00	262.50	245.98	259.43	947749	240880224.00
2022/10/18	257.40	261.00	249.52	256.00	463132	117940368.00
2022/10/19	254.01	260.75	249.48	252.08	610378	154720032.00
2022/10/20	252.00	282.78	248.24	271.81	1195778	320624384.00
2022/10/21	277.00	277.00	255.78	260.57	987122	258481440.00
2022/10/24	263.00	269.83	259.74	263.99	693550	184517744.00
2022/10/25	263.30	269.67	258.03	266.01	580029	154194560.00
2022/10/26	264.17	278.45	251.16	273.01	771257	208222512.00
2022/10/27	275.00	279.99	261.00	263.73	685558	183511584.00
2022/10/28	258.18	272.97	256.00	261.72	680377	181482880.00
2022/10/31	232.78	262.23	232.78	257.27	2030548	514286624.00
2022/11/01	256.43	260.00	245.00	249.30	1113432	277928224.00
2022/11/02	250.00	264.18	250.00	258.50	749529	193863648.00
2022/11/03	259.16	284.00	257.61	276.52	1866346	513039424.00
2022/11/04	280.03	293.88	273.22	288.48	1658820	471166944.00
2022/11/07	286.01	292.77	270.60	276.40	1208813	336527744.00
2022/11/08	275.58	276.97	265.40	267.40	639125	171657104.00
2022/11/09	264.82	273.98	264.82	270.00	495116	134195176.00
2022/11/10	268.86	280.98	266.02	266.02	620567	169959632.00
2022/11/11	275.10	290.50	270.00	270.67	1293537	362317760.00
2022/11/14	274.30	274.30	262.67	268.20	971460	260633472.00
2022/11/15	272.00	305.00	263.20	295.00	1502917	435404128.00
2022/11/16	295.29	306.50	289.48	297.88	1000689	299645888.00
2022/11/17	297.90	335.00	289.22	320.00	1313993	411890656.00
2022/11/18	317.43	327.45	303.50	305.95	799209	249559744.00
2022/11/21	304.00	307.98	293.97	305.00	642945	193426128.00
2022/11/22	304.00	324.00	298.01	313.62	883449	278379904.00
2022/11/23	316.94	322.11	306.40	317.70	728431	230936800.00
2022/11/24	317.70	321.00	310.88	313.80	354159	111174872.00
2022/11/25	309.00	327.00	304.79	304.95	588627	183783520.00
2022/11/28	297.99	307.80	293.01	301.32	518656	156428304.00
2022/11/29	300.56	307.50	295.75	301.92	621595	187476240.00
2022/11/30	298.62	311.34	296.00	311.34	899437	275319360.00
2022/12/01	308.00	341.98	308.00	322.38	1242521	408059808.00
2022/12/02	308.04	322.88	308.04	322.51	786408	248208416.00
2022/12/05	324.68	328.71	316.63	327.50	615718	198814960.00
2022/12/06	322.01	350.05	322.00	332.95	964695	327510144.00
2022/12/07	332.26	334.84	324.58	325.06	529483	173457328.00
2022/12/08	327.88	328.50	316.41	321.87	461490	148068272.00
2022/12/09	316.73	341.00	312.00	337.99	950719	314134016.00
2022/12/12	336.40	346.00	333.00	336.50	739202	249956704.00
2022/12/13	334.81	335.88	326.25	327.31	533256	176219264.00
2022/12/14	334.00	335.88	299.70	301.95	1291591	403425184.00
2022/12/15	302.95	310.88	297.55	309.57	975863	298386016.00
2022/12/16	308.79	311.78	298.98	303.90	432258	131174632.00
2022/12/19	300.00	307.00	297.20	300.50	314425	95137248.00
2022/12/20	297.19	304.70	292.13	294.22	483907	142870528.00
2022/12/21	291.97	300.32	288.80	290.29	346270	101728872.00
2022/12/22	292.75	294.50	285.41	285.41	270377	77987368.00
2022/12/23	293.00	295.50	272.78	275.00	620883	174817504.00
2022/12/26	277.00	287.50	272.00	284.90	461853	129465200.00
2022/12/27	283.00	291.63	277.01	287.10	523238	148503216.00
2022/12/28	285.78	290.93	279.99	281.65	445533	126414576.00
2022/12/29	277.38	282.62	273.31	275.95	405514	112338896.00
2022/12/30	275.95	281.60	272.00	275.41	499758	138283152.00
2023/01/03	278.50	278.50	269.60	274.69	383370	104958248.00
2023/01/04	273.43	278.03	265.02	266.54	602549	162540464.00
2023/01/05	271.00	272.68	263.01	264.50	798005	212269712.00
2023/01/06	264.00	270.01	258.50	260.99	856917	226367216.00
2023/01/09	268.00	268.00	258.10	264.25	756103	199041456.00
2023/01/10	262.30	269.90	259.25	262.01	713884	188165712.00
2023/01/11	262.00	267.27	257.00	257.74	548029	143501824.00
2023/01/12	259.49	259.49	252.15	256.74	499090	127326760.00
2023/01/13	256.97	259.88	250.25	254.02	770198	195028560.00
2023/01/16	251.50	272.00	251.49	270.49	875184	232035440.00
2023/01/17	272.54	295.48	270.74	292.98	1433038	412889440.00
2023/01/18	291.13	294.63	280.02	283.05	673884	192711584.00
2023/01/19	281.15	298.11	279.98	295.80	773454	226028944.00
2023/01/20	297.91	303.00	292.33	297.90	521927	155153920.00
2023/01/30	297.89	300.00	283.30	291.76	767221	224244160.00
2023/01/31	291.00	294.88	285.45	290.00	418290	121475088.00
2023/02/01	291.94	296.98	283.33	289.00	685921	197531344.00
2023/02/02	290.75	305.80	288.10	300.00	871014	260288848.00
2023/02/03	298.99	302.26	291.71	299.99	575320	170181728.00
2023/02/06	297.50	297.50	285.90	288.99	518514	150335488.00
2023/02/07	287.99	288.88	273.06	274.84	1120849	311059776.00
2023/02/08	277.63	279.43	267.44	270.25	757727	205631648.00
2023/02/09	267.26	282.75	266.99	281.45	715694	198674304.00
2023/02/10	278.01	284.00	275.60	279.10	547221	152870832.00
数据来源:通达信
