002791 坚朗五金 日线 不复权
      日期	    开盘	    最高	    最低	    收盘	    成交量	    成交额
2016/03/29	28.47	31.06	28.47	31.06	34710	1076707.63
2016/03/30	34.17	34.17	34.17	34.17	13624	465532.09
2016/03/31	37.59	37.59	37.59	37.59	28237	1061428.88
2016/04/01	41.35	41.35	41.35	41.35	79402	3283272.75
2016/04/05	45.49	45.49	45.49	45.49	110377	5021049.50
2016/04/06	50.04	50.04	50.04	50.04	1093425	54714988.00
2016/04/07	54.55	55.04	52.25	55.04	23220811	1247044096.00
2016/04/08	53.00	53.66	51.11	51.58	14900430	780789120.00
2016/04/11	51.60	55.00	50.79	53.42	13006561	680957440.00
2016/04/12	52.35	53.28	51.00	51.10	10065898	521889184.00
2016/04/13	50.70	52.45	50.70	51.15	8579420	441955136.00
2016/04/14	51.80	56.27	51.16	56.27	19647887	1070031296.00
2016/04/15	55.80	58.22	54.00	55.48	19769441	1113894016.00
2016/04/18	53.60	53.82	51.88	52.60	8799457	464050336.00
2016/04/19	53.05	54.80	52.61	53.25	6936510	371881728.00
2016/04/20	52.70	53.98	48.50	52.62	9965924	514700928.00
2016/04/21	51.35	52.06	50.01	50.10	6137930	313297600.00
2016/04/22	50.14	51.27	49.50	50.46	4357967	220063552.00
2016/04/25	50.93	50.93	49.50	50.13	3543092	177460128.00
2016/04/26	50.29	50.58	49.21	50.20	4204218	210092992.00
2016/04/27	50.22	52.70	50.22	51.36	8989916	462749952.00
2016/04/28	50.93	51.29	48.85	49.76	5666304	282427488.00
2016/04/29	49.45	50.09	49.01	49.25	3000862	148518224.00
2016/05/03	49.04	50.38	48.88	50.16	4337614	216298720.00
2016/05/04	50.17	50.48	49.75	50.01	3933076	197175152.00
2016/05/05	50.02	51.18	49.60	51.12	5103783	257141072.00
2016/05/06	50.99	51.54	48.90	48.97	6917791	348064640.00
2016/05/09	48.60	48.60	45.00	45.20	4441767	205745632.00
2016/05/10	45.70	46.12	45.23	45.50	2747364	125425456.00
2016/05/11	46.00	46.09	44.26	44.28	3168051	142661488.00
2016/05/12	43.50	43.50	42.36	43.16	3068607	131585864.00
2016/05/13	43.16	43.98	42.90	43.15	2585339	112368584.00
2016/05/16	43.06	43.97	42.58	43.94	2315885	100707224.00
2016/05/17	43.95	44.08	43.35	43.53	2512943	109851576.00
2016/05/18	42.89	42.89	40.15	40.74	3721927	154630016.00
2016/05/19	40.75	41.96	40.66	40.87	2419728	99877520.00
2016/05/20	40.07	41.44	39.80	41.35	2832273	115540456.00
2016/05/23	41.65	43.69	41.41	42.80	4344275	185609808.00
2016/05/24	42.48	42.68	41.48	41.77	2676008	112230728.00
2016/05/25	42.20	42.96	41.75	42.30	3125961	132466008.00
2016/05/26	42.29	43.59	41.65	43.37	4274049	182596688.00
2016/05/27	43.10	44.82	42.90	43.67	5319520	234999696.00
2016/05/30	43.05	44.40	42.06	43.60	4126643	179294592.00
2016/05/31	43.65	46.12	43.65	45.81	6410907	290538240.00
2016/06/01	46.00	46.97	45.45	45.73	6383768	294848640.00
2016/06/02	45.78	47.30	45.50	47.14	6323625	292586336.00
2016/06/03	46.78	48.38	46.60	47.03	6661688	316039904.00
2016/06/06	47.10	47.59	45.89	46.49	4272956	199606816.00
2016/06/07	46.49	48.98	45.82	48.85	7660344	365110912.00
2016/06/08	48.19	53.63	47.01	50.43	10218980	509289824.00
2016/06/13	48.65	50.61	45.39	45.39	7813500	375921856.00
2016/06/14	44.53	46.50	44.03	46.00	4912845	223565968.00
2016/06/15	45.11	48.96	45.11	48.28	5703362	272153856.00
2016/06/16	48.28	49.96	47.30	47.84	5669003	275347904.00
2016/06/17	48.00	48.93	47.67	48.86	5647202	273217408.00
2016/06/20	49.14	51.50	48.35	50.38	7745058	388473984.00
2016/06/21	50.58	51.93	49.01	50.40	8252325	419151904.00
2016/06/22	49.80	51.36	49.60	51.36	6801063	345635360.00
2016/06/23	51.01	51.90	49.55	50.55	5914518	299899072.00
2016/06/24	50.40	50.92	46.68	48.79	7122014	350115200.00
2016/06/27	48.47	51.88	48.45	51.48	7298091	368895744.00
2016/06/28	51.20	52.87	50.65	52.15	7780123	403160128.00
2016/06/29	52.02	55.80	50.88	54.99	12739660	679055104.00
2016/06/30	53.26	54.60	52.23	53.77	9348857	499177408.00
2016/07/01	53.71	56.86	53.71	55.99	10835612	601946560.00
2016/07/04	55.80	58.45	55.36	57.86	11637881	665458560.00
2016/07/05	57.90	62.96	57.23	59.87	12812696	764759872.00
2016/07/06	59.89	62.70	58.20	60.20	14029703	853575296.00
2016/07/07	59.10	61.33	58.50	58.88	10261816	609894976.00
2016/07/08	59.21	63.00	58.40	61.60	14465028	883544128.00
2016/07/11	62.00	65.01	59.19	62.61	11384867	710474944.00
2016/07/12	61.27	62.41	58.50	61.40	8655624	525084320.00
2016/07/13	61.34	62.98	60.21	60.64	6820328	419892448.00
2016/07/14	60.20	62.06	59.01	61.92	7061050	426695584.00
2016/07/15	61.92	63.77	61.50	61.50	7892368	494405536.00
2016/07/18	60.30	60.38	57.88	58.10	6645536	391919584.00
2016/07/19	58.50	59.28	58.04	59.04	3577218	209872768.00
2016/07/20	59.20	59.34	58.20	58.60	2954863	173845952.00
2016/07/21	58.79	59.00	56.30	56.33	4348364	250499120.00
2016/07/22	56.51	57.19	55.64	56.80	3768828	212480128.00
2016/07/25	56.20	59.18	56.11	58.70	3728524	213764560.00
2016/07/26	58.30	59.55	58.00	59.28	3462539	204637248.00
2016/07/27	59.36	59.40	53.42	53.84	5889576	328861856.00
2016/07/28	53.02	54.57	51.88	53.64	2960004	157474688.00
2016/07/29	54.42	54.44	52.89	53.33	2426673	130458184.00
2016/08/01	52.40	52.40	49.10	50.60	2644562	133870040.00
2016/08/02	50.60	51.38	50.10	51.15	1551282	78900056.00
2016/08/03	51.06	52.88	50.61	52.35	2697973	140425680.00
2016/08/04	52.02	52.55	51.67	52.18	1906531	99384168.00
2016/08/05	52.17	52.48	50.21	50.83	2123556	109218072.00
2016/08/08	50.57	52.55	49.50	52.47	2461323	126012312.00
2016/08/09	52.12	52.98	51.82	52.84	2327670	122374976.00
2016/08/10	52.80	53.49	52.50	52.83	2405706	127407336.00
2016/08/11	52.44	54.85	52.22	53.16	3651250	195510928.00
2016/08/12	52.90	53.68	52.33	53.18	2311664	122646848.00
2016/08/15	53.86	55.00	52.50	54.62	3197848	172863312.00
2016/08/16	54.72	55.88	54.70	55.45	3554246	197177136.00
2016/08/17	55.09	56.98	55.09	56.63	3312587	185685232.00
2016/08/18	56.41	56.59	55.21	55.37	2740627	153002368.00
2016/08/19	55.50	56.20	54.80	55.60	2364678	131305536.00
2016/08/22	55.26	55.75	53.60	54.40	2581396	140258880.00
2016/08/23	54.25	55.27	53.71	55.25	2184735	119566040.00
2016/08/24	54.50	54.97	53.80	54.13	2622766	142272032.00
2016/08/25	54.36	57.98	54.00	56.99	6963468	393201344.00
2016/08/26	56.45	57.55	55.55	56.88	4600922	259584160.00
2016/08/29	56.34	57.58	55.93	56.16	2459519	139169104.00
2016/08/30	56.51	56.70	54.72	55.03	2841662	157694288.00
2016/08/31	55.09	55.37	53.90	54.53	2414755	131775480.00
2016/09/01	54.63	55.30	53.16	53.26	2202900	119681920.00
2016/09/02	53.06	53.06	51.53	52.00	2872127	150067408.00
2016/09/05	52.20	52.80	51.72	51.90	1523800	79549816.00
2016/09/06	51.99	52.73	50.70	52.70	2027897	104982248.00
2016/09/07	52.75	52.92	51.76	51.79	1656964	86742000.00
2016/09/08	51.69	52.30	51.56	51.95	1036523	53841556.00
2016/09/09	51.83	52.52	51.83	51.95	1318487	68860856.00
2016/09/12	51.30	51.30	49.88	49.88	1851313	93568248.00
2016/09/13	50.10	50.58	49.50	49.82	1256953	62760460.00
2016/09/14	49.65	49.95	49.01	49.34	1101673	54513788.00
2016/09/19	49.51	50.30	49.51	50.17	1022462	51150396.00
2016/09/20	50.15	50.65	49.93	50.34	1113733	56112352.00
2016/09/21	50.06	51.10	50.04	50.55	1266111	64088132.00
2016/09/22	50.93	51.05	50.56	50.62	1268322	64440328.00
2016/09/23	50.46	51.17	50.46	50.61	1416432	72065168.00
2016/09/26	50.28	50.61	48.13	48.20	1931000	94942352.00
2016/09/27	47.85	48.75	47.82	48.68	895868	43279768.00
2016/09/28	48.71	48.77	48.00	48.13	796118	38469972.00
2016/09/29	48.35	48.92	48.21	48.73	1137470	55295076.00
2016/09/30	48.59	49.30	48.59	48.94	994767	48658332.00
2016/10/10	49.10	51.00	49.10	50.85	1723506	86807216.00
2016/10/11	50.90	53.60	50.70	52.90	3179042	165050704.00
2016/10/12	52.50	53.59	52.16	53.36	2514570	133149152.00
2016/10/13	53.03	53.35	52.50	52.74	1407937	74355880.00
2016/10/14	52.52	53.16	52.20	52.76	1353295	71266896.00
2016/10/17	52.90	52.96	50.80	51.50	2247629	116262928.00
2016/10/18	51.23	52.35	51.15	52.33	1478281	76876968.00
2016/10/19	52.48	53.25	52.00	52.22	1861663	98238752.00
2016/10/20	52.40	56.50	52.33	56.30	5939251	323102432.00
2016/10/21	57.00	57.00	55.07	56.05	3989884	223164192.00
2016/10/24	55.50	57.90	55.50	56.90	4774152	272229824.00
2016/10/25	56.50	57.25	56.28	56.95	2824876	160152400.00
2016/10/26	57.10	57.80	55.33	56.30	3224660	181971184.00
2016/10/27	56.15	56.88	55.60	56.20	2221830	125204664.00
2016/10/28	56.20	58.30	55.58	56.89	5528978	315286624.00
2016/10/31	57.00	59.97	56.61	59.97	7501080	437373088.00
2016/11/01	59.45	62.58	59.05	59.88	17791162	1078964224.00
2016/11/02	58.72	60.77	58.30	59.00	9276791	552462400.00
2016/11/03	58.45	62.18	58.30	58.54	10449835	629029440.00
2016/11/04	58.50	60.18	58.31	59.91	7679438	455763648.00
2016/11/07	59.85	60.77	58.90	60.37	6555894	392705344.00
2016/11/08	60.29	61.28	59.16	59.77	4673941	280025984.00
2016/11/09	59.99	61.69	58.80	60.34	7577072	457923552.00
2016/11/10	60.82	62.79	60.40	61.87	8849574	544464256.00
2016/11/11	61.40	61.99	59.55	59.70	7747138	469576832.00
2016/11/14	59.11	60.39	59.00	59.80	4329916	258422848.00
2016/11/15	59.98	60.83	59.34	59.80	4063768	243944944.00
2016/11/16	59.88	60.18	58.70	58.70	4112934	244505952.00
2016/11/17	58.45	58.45	56.30	56.51	5181058	295813216.00
2016/11/18	57.90	62.16	57.52	62.16	17375660	1065427712.00
2016/11/21	62.16	66.34	61.20	64.70	18223532	1161824000.00
2016/11/22	64.50	68.46	63.95	65.20	14264226	938969728.00
2016/11/23	64.26	69.68	64.26	67.84	13754666	923093120.00
2016/11/24	67.00	68.55	65.71	66.40	9374880	626923328.00
2016/11/25	66.16	68.36	64.15	68.00	9121386	604707456.00
2016/11/28	67.39	67.86	64.31	64.50	6710819	441959616.00
2016/11/29	64.68	70.48	64.50	67.97	10759168	730888512.00
2016/11/30	67.02	72.22	65.18	71.85	12073482	833809536.00
2016/12/01	70.70	72.93	68.46	69.30	10783080	762596736.00
2016/12/02	68.90	70.85	67.26	67.57	7559348	519668800.00
2016/12/05	65.55	67.35	63.85	65.10	6534445	428475168.00
2016/12/06	65.37	65.98	62.80	63.17	5448958	350867328.00
2016/12/07	62.90	65.49	62.60	64.69	6070571	388963328.00
2016/12/08	64.20	64.50	61.50	61.80	6614715	415230784.00
2016/12/09	61.43	62.67	60.52	61.80	5013355	309033184.00
2016/12/12	61.60	61.72	55.63	55.99	6551242	383535040.00
2016/12/13	55.79	58.20	55.08	57.70	5414946	308403776.00
2016/12/14	57.08	58.59	56.20	56.68	4342759	249127936.00
2016/12/15	56.80	60.46	56.71	59.40	6381848	377363328.00
2016/12/16	58.81	59.95	58.50	59.40	3915691	231959472.00
2016/12/19	58.68	59.50	57.69	58.15	2738730	160566144.00
2016/12/20	58.15	59.04	57.22	58.90	3201729	187144384.00
2016/12/21	59.06	59.85	58.11	59.65	3485986	206022080.00
2016/12/22	59.65	59.65	58.20	58.50	2497540	146701568.00
2016/12/23	58.33	58.50	55.22	55.70	3828605	217028784.00
2016/12/26	55.04	56.38	53.65	55.81	2970912	163032240.00
2016/12/27	55.68	56.25	55.18	55.18	2166840	120580176.00
2016/12/28	55.12	55.98	54.60	54.73	2002550	110796304.00
2016/12/29	54.86	55.55	54.17	55.30	2242800	123636600.00
2016/12/30	55.01	55.40	54.20	54.60	2187558	119864840.00
2017/01/03	55.00	55.34	54.60	55.05	1782475	98084696.00
2017/01/04	55.05	56.14	54.61	56.09	3118422	173374336.00
2017/01/05	55.81	55.81	54.10	54.25	3374240	185718560.00
2017/01/06	53.81	54.10	51.00	51.14	4483867	233806544.00
2017/01/09	51.15	51.59	49.68	50.94	2016881	102114920.00
2017/01/10	51.00	51.78	50.60	50.67	1671500	85550488.00
2017/01/11	50.69	50.69	48.19	48.28	3639151	178990176.00
2017/01/12	48.35	49.45	48.35	48.90	2160415	105924752.00
2017/01/13	49.05	49.05	46.93	46.96	2666300	127036192.00
2017/01/16	46.50	46.67	42.26	43.70	3005465	133968928.00
2017/01/17	43.77	45.65	42.51	45.40	2938804	130466248.00
2017/01/18	45.00	45.20	43.76	43.85	1793173	79690864.00
2017/01/19	43.30	45.20	43.27	44.18	1804582	80316072.00
2017/01/20	43.85	45.64	43.85	45.23	2020446	91226576.00
2017/01/23	45.70	45.98	45.13	45.40	1756809	79925024.00
2017/01/24	45.33	45.33	44.50	44.55	1471582	65893396.00
2017/01/25	44.45	46.36	44.26	46.01	1989795	90274816.00
2017/01/26	45.90	46.25	45.50	45.98	1523107	69803912.00
2017/02/03	46.02	46.08	45.08	45.24	1006074	45774720.00
2017/02/06	45.40	46.50	45.35	46.40	1621268	74606544.00
2017/02/07	46.30	46.33	45.62	46.02	1579849	72617160.00
2017/02/08	45.82	46.68	45.30	46.52	1815215	83707704.00
2017/02/09	46.32	47.50	46.15	46.97	2481404	116759312.00
2017/02/10	47.00	47.18	46.37	46.44	1624970	75672360.00
2017/02/13	46.35	47.33	46.35	47.06	1855710	87376808.00
2017/02/14	47.20	47.29	46.60	46.98	1321541	61952884.00
2017/02/15	47.01	47.55	46.37	46.79	2458230	115479216.00
2017/02/16	46.51	46.65	45.81	46.30	1916203	88540480.00
2017/02/17	46.39	46.63	44.83	44.90	2204883	100462080.00
2017/02/20	44.60	45.30	43.61	44.53	1756530	77670016.00
2017/02/21	44.52	45.45	44.44	45.25	1536680	69266584.00
2017/02/22	45.30	46.17	45.02	45.81	1990087	91074032.00
2017/02/23	45.66	46.40	45.28	46.39	2250516	103284752.00
2017/02/24	46.30	47.17	45.92	46.96	2688790	125735488.00
2017/02/27	46.89	47.29	46.40	46.55	2092912	98025152.00
2017/02/28	46.62	46.95	46.35	46.89	1540973	71961824.00
2017/03/01	46.99	48.84	46.99	48.39	3648120	175412688.00
2017/03/02	48.39	48.40	47.60	47.87	2172739	104137816.00
2017/03/03	47.35	49.47	47.13	48.92	2921251	141350608.00
2017/03/06	48.50	49.26	48.45	49.14	2091141	102543968.00
2017/03/07	49.15	49.30	48.46	48.93	2051932	100154336.00
2017/03/08	48.91	48.91	47.95	48.15	2045173	98662064.00
2017/03/09	48.14	48.69	47.10	48.45	2248874	107632832.00
2017/03/10	48.27	48.98	47.68	48.31	1842671	89301312.00
2017/03/13	48.01	48.85	47.00	48.68	2194512	105525776.00
2017/03/14	48.60	50.24	48.60	49.88	4165550	206604400.00
2017/03/15	49.70	49.70	49.06	49.23	2174285	107195288.00
2017/03/16	49.70	50.30	49.50	50.01	3030100	151166880.00
2017/03/17	50.00	51.50	49.80	50.47	4458818	225762624.00
2017/03/20	50.50	51.92	50.00	51.92	4248522	218030000.00
2017/03/21	51.95	51.95	51.01	51.49	2852223	146492272.00
2017/03/22	50.69	51.02	49.37	50.40	3826274	192209328.00
2017/03/23	50.30	51.38	49.81	51.36	3799069	192943856.00
2017/03/24	50.80	51.27	50.43	50.77	2315073	117647008.00
2017/03/27	49.98	49.99	48.32	48.32	4299171	210538144.00
2017/03/28	48.22	48.22	47.00	47.01	2815547	133705472.00
2017/03/29	46.18	46.18	44.00	44.43	8249612	368433728.00
2017/03/30	44.25	44.30	43.51	43.70	3410216	149827296.00
2017/03/31	43.80	44.58	43.72	44.14	2085568	92075208.00
2017/04/05	44.20	45.00	43.80	45.00	2542792	113338168.00
2017/04/06	44.95	45.29	44.57	44.89	2274920	102411064.00
2017/04/07	45.00	45.15	44.25	44.32	2234496	99360360.00
2017/04/10	44.08	44.30	41.50	41.80	3930661	166743232.00
2017/04/11	41.82	42.80	41.51	42.77	2587305	109311384.00
2017/04/12	42.77	43.12	42.20	42.40	1649437	70405696.00
2017/04/13	42.40	43.29	42.40	42.61	1364962	58577980.00
2017/04/14	42.61	42.83	41.72	41.88	1440750	60554432.00
2017/04/17	40.97	40.97	39.18	40.19	2233019	89395952.00
2017/04/18	40.47	40.78	39.90	39.95	1142560	46123364.00
2017/04/19	39.83	40.81	39.04	40.65	1797857	71749400.00
2017/04/20	40.40	40.80	39.15	39.80	1986699	79339344.00
2017/04/21	39.60	40.45	39.60	40.28	1247917	50144020.00
2017/04/24	40.70	40.70	39.60	39.81	1735548	69633168.00
2017/04/25	39.87	40.27	39.32	39.38	1821120	72227960.00
2017/04/26	39.49	39.52	38.18	38.33	2489156	96671472.00
2017/04/27	37.85	38.75	36.30	38.48	3449903	129373248.00
2017/04/28	38.45	38.90	38.15	38.66	1486201	57369788.00
2017/05/02	38.80	38.86	38.18	38.36	1020900	39273436.00
2017/05/03	38.36	38.73	37.80	38.33	1138706	43623028.00
2017/05/04	38.06	38.44	37.36	38.14	1540327	58620580.00
2017/05/05	37.99	39.19	37.77	38.53	2104784	81336448.00
2017/05/08	38.30	38.39	37.60	37.60	1199300	45631080.00
2017/05/09	37.78	38.39	37.01	38.26	1102484	41871800.00
2017/05/10	38.26	38.96	38.11	38.16	1725608	66581620.00
2017/05/11	37.95	37.95	36.41	37.77	2025180	75459280.00
2017/05/12	37.60	37.90	37.06	37.83	1172488	44042372.00
2017/05/15	37.97	38.44	37.60	38.13	1130067	43053060.00
2017/05/16	38.11	39.41	37.85	39.28	1599120	61854860.00
2017/05/17	39.25	40.00	39.07	39.64	1600794	63607656.00
2017/05/18	39.20	39.80	39.07	39.23	947173	37345532.00
2017/05/19	39.11	39.42	38.98	39.00	678517	26551916.00
2017/05/22	39.00	39.16	36.80	37.01	1412275	53462732.00
2017/05/23	37.09	37.34	35.19	35.22	1477882	53394800.00
2017/05/24	35.03	35.18	34.05	35.18	1198497	41682612.00
2017/05/25	35.19	35.80	34.11	35.30	1400164	48729848.00
2017/05/26	35.31	35.75	35.06	35.40	775843	27492450.00
2017/05/31	36.12	36.42	35.51	35.73	917400	33089928.00
2017/06/01	35.50	35.55	33.70	33.70	1008617	34856808.00
2017/06/02	33.96	35.19	33.68	35.10	1079981	37232776.00
2017/06/05	35.32	35.81	35.10	35.53	810486	28760012.00
2017/06/06	35.53	36.25	35.21	35.89	877460	31418172.00
2017/06/07	35.77	37.30	35.66	37.20	1658332	60872160.00
2017/06/08	25.05	25.50	24.50	24.63	3001378	75141024.00
2017/06/09	24.62	24.62	23.89	24.22	1974700	47745088.00
2017/06/12	23.91	24.11	23.18	23.24	1733437	40778672.00
2017/06/13	23.87	24.64	23.36	24.55	2225894	53385392.00
2017/06/14	24.23	24.66	23.92	24.24	2142839	52005300.00
2017/06/15	24.30	24.96	24.12	24.69	2532912	62594492.00
2017/06/16	24.53	24.74	24.35	24.45	1636263	40116568.00
2017/06/19	24.45	24.82	24.30	24.48	1076751	26415646.00
2017/06/20	24.49	24.67	24.20	24.20	1336588	32615992.00
2017/06/21	24.23	24.45	23.85	24.15	1577799	37977288.00
2017/06/22	24.05	24.36	23.37	23.57	1135000	27137320.00
2017/06/23	23.49	23.69	22.77	23.19	1525044	35341696.00
2017/06/26	23.19	23.42	22.89	23.38	1166856	27070566.00
2017/06/27	23.42	23.85	23.22	23.42	1091903	25748908.00
2017/06/28	23.36	23.47	22.99	23.07	993385	22959926.00
2017/06/29	23.12	23.35	23.07	23.14	749442	17385872.00
2017/06/30	23.05	23.37	23.00	23.23	923494	21417718.00
2017/07/03	23.24	23.60	23.11	23.59	1210921	28365076.00
2017/07/04	23.50	23.68	23.25	23.32	918153	21531088.00
2017/07/05	23.34	23.55	23.28	23.42	1145905	26812300.00
2017/07/06	23.53	23.59	23.16	23.30	1144585	26743446.00
2017/07/07	23.27	23.59	23.11	23.55	1456074	34159144.00
2017/07/10	23.42	23.45	23.17	23.23	1376550	32029594.00
2017/07/11	23.28	23.28	22.70	22.74	1287559	29584418.00
2017/07/12	22.48	22.95	22.19	22.52	1418712	31803162.00
2017/07/13	22.52	22.64	22.20	22.28	1128936	25299082.00
2017/07/14	22.23	22.32	22.08	22.20	839205	18612216.00
2017/07/17	22.20	22.20	19.98	19.98	3412941	69746400.00
2017/07/18	20.07	20.16	19.31	19.71	2038858	40216140.00
2017/07/19	19.76	20.05	19.50	19.94	1678061	33106418.00
2017/07/20	19.98	20.24	19.74	19.76	1321047	26380464.00
2017/07/21	19.77	19.80	19.33	19.33	2091064	40710616.00
2017/07/24	19.23	19.48	18.85	19.38	1688741	32307598.00
2017/07/25	19.42	19.72	19.21	19.43	1420055	27620280.00
2017/07/26	19.43	19.48	19.05	19.23	1172378	22523798.00
2017/07/27	19.27	19.86	19.03	19.76	1903428	37257220.00
2017/07/28	19.85	19.85	19.53	19.54	1159201	22774374.00
2017/07/31	19.58	19.75	19.41	19.69	1156432	22674080.00
2017/08/01	19.70	19.88	19.46	19.61	1511986	29732366.00
2017/08/02	19.62	19.72	19.40	19.40	1154733	22578930.00
2017/08/03	19.29	19.88	19.15	19.64	1730149	33837964.00
2017/08/04	19.79	19.88	19.42	19.48	1458354	28665684.00
2017/08/07	19.23	19.65	19.23	19.42	1063265	20676036.00
2017/08/08	19.42	21.09	19.30	20.77	4411087	89811120.00
2017/08/09	20.71	20.74	20.15	20.26	3169205	64615292.00
2017/08/10	20.19	20.50	19.80	19.80	2127997	42702492.00
2017/08/11	19.78	20.15	19.51	19.63	1606482	31865334.00
2017/08/14	19.64	20.23	19.64	20.04	1572025	31494888.00
2017/08/15	20.10	20.40	20.01	20.17	1479810	29870794.00
2017/08/16	20.12	20.70	20.12	20.67	2341616	47882164.00
2017/08/17	20.74	20.84	20.50	20.70	2007205	41447940.00
2017/08/18	20.50	20.76	20.40	20.54	1628984	33496532.00
2017/08/21	20.69	21.57	20.66	21.35	3252735	69006000.00
2017/08/22	21.56	21.57	20.92	21.01	2359005	49811484.00
2017/08/23	20.78	20.99	20.55	20.77	2049044	42486324.00
2017/08/24	20.70	20.92	20.55	20.57	1250681	25875004.00
2017/08/25	20.58	21.13	20.58	21.03	2135201	44724152.00
2017/08/28	21.04	21.49	21.04	21.23	2558959	54406804.00
2017/08/29	21.14	21.69	21.14	21.58	3421458	73654496.00
2017/08/30	21.70	21.70	21.31	21.33	2160774	46387084.00
2017/08/31	21.30	21.66	21.21	21.64	1832426	39406572.00
2017/09/01	21.65	21.65	21.35	21.49	2055322	44086080.00
2017/09/04	21.43	21.44	21.10	21.17	2258787	48024484.00
2017/09/05	21.24	21.30	20.93	21.14	2002022	42356420.00
2017/09/06	21.22	21.23	20.92	21.01	2007432	42201644.00
2017/09/07	21.11	21.96	21.10	21.68	5374065	116154224.00
2017/09/08	21.57	21.99	21.37	21.56	3374125	73150944.00
2017/09/11	21.56	22.19	21.37	21.98	3043470	66608664.00
2017/09/12	21.95	22.16	21.63	21.78	3608376	78833944.00
2017/09/13	21.88	22.00	21.61	21.99	1816456	39638788.00
2017/09/14	21.99	22.99	21.90	22.47	4718296	106808480.00
2017/09/15	22.45	23.19	22.35	23.00	4263481	97341672.00
2017/09/18	23.00	25.00	23.00	24.64	8209630	198166544.00
2017/09/19	24.90	24.90	24.15	24.34	6457011	157801808.00
2017/09/20	24.21	24.32	23.81	24.31	3551594	85259752.00
2017/09/21	24.26	24.48	23.62	23.63	2971975	71388864.00
2017/09/22	23.70	23.82	23.20	23.41	2414895	56464280.00
2017/09/25	23.31	23.50	22.68	22.71	1958235	45030064.00
2017/09/26	22.74	23.17	22.60	22.88	1453342	33192010.00
2017/09/27	22.99	23.12	22.71	23.05	1446127	33231414.00
2017/09/28	23.01	23.05	22.38	22.41	1749231	39679832.00
2017/09/29	22.55	22.99	22.49	22.94	1527026	34846420.00
2017/10/09	23.09	23.59	23.00	23.41	1865554	43500412.00
2017/10/10	23.41	23.64	23.10	23.59	1636153	38093964.00
2017/10/11	23.45	23.95	23.27	23.67	2067176	49006632.00
2017/10/12	23.67	23.82	22.90	23.12	2240737	52388368.00
2017/10/13	23.09	23.12	22.60	22.88	2074363	47349676.00
2017/10/16	22.88	22.91	21.90	21.92	2398600	53633340.00
2017/10/17	22.05	22.28	21.81	22.11	1044411	23062180.00
2017/10/18	22.10	22.20	21.52	21.64	1374711	30130474.00
2017/10/19	21.74	21.94	21.25	21.46	1073578	23124112.00
2017/10/20	21.23	21.87	21.23	21.80	715687	15500503.00
2017/10/23	21.40	21.58	21.30	21.53	1697500	36391956.00
2017/10/24	21.60	22.04	21.52	21.75	1635495	35677604.00
2017/10/25	21.74	22.36	21.63	22.18	1885910	41638084.00
2017/10/26	22.30	23.04	21.86	22.90	3787233	85158736.00
2017/10/27	23.10	23.39	22.48	22.52	4951900	113875512.00
2017/10/30	22.01	22.21	20.68	21.19	3288250	70368696.00
2017/10/31	20.94	21.31	20.75	21.15	1212100	25607000.00
2017/11/01	21.16	21.49	21.16	21.23	1096900	23388368.00
2017/11/02	21.26	21.40	20.80	20.82	1227561	25734970.00
2017/11/03	20.82	20.87	20.26	20.38	1501992	30706530.00
2017/11/06	20.55	20.63	20.01	20.58	879736	17927116.00
2017/11/07	20.64	20.70	20.39	20.58	911300	18727084.00
2017/11/08	20.66	21.02	20.50	20.81	1153947	24047810.00
2017/11/09	20.84	21.04	20.66	20.84	956179	19936120.00
2017/11/10	20.85	20.99	20.65	20.99	1355471	28221398.00
2017/11/13	20.99	21.04	20.78	20.87	1185895	24772850.00
2017/11/14	20.86	20.91	20.48	20.51	1189513	24597466.00
2017/11/15	20.51	20.67	20.32	20.38	812600	16628240.00
2017/11/16	20.35	20.48	20.12	20.17	993450	20176914.00
2017/11/17	20.16	20.17	19.01	19.03	2070650	40354860.00
2017/11/20	18.99	19.49	18.73	19.40	1084873	20721024.00
2017/11/21	19.40	19.49	19.16	19.29	969750	18724706.00
2017/11/22	19.29	19.41	19.00	19.09	841129	16152847.00
2017/11/23	19.18	19.18	18.85	18.86	893100	16917252.00
2017/11/24	18.82	19.13	18.80	18.92	576750	10960808.00
2017/11/27	19.05	19.26	18.92	19.07	755924	14432143.00
2017/11/28	19.10	19.58	19.09	19.53	1166654	22647966.00
2017/11/29	19.53	19.53	19.16	19.38	768015	14827299.00
2017/11/30	19.30	19.50	19.21	19.30	465215	9013009.00
2017/12/01	19.28	19.53	19.15	19.38	501650	9733277.00
2017/12/04	19.48	19.48	18.98	18.99	800150	15286222.00
2017/12/05	18.91	19.04	18.40	18.45	1094900	20458284.00
2017/12/06	18.44	18.80	18.08	18.62	815777	15138107.00
2017/12/07	18.62	18.84	18.58	18.74	598874	11214403.00
2017/12/08	18.96	18.96	18.71	18.83	552309	10403140.00
2017/12/11	18.88	18.88	18.75	18.83	748379	14074172.00
2017/12/12	18.93	18.93	18.63	18.63	557255	10458583.00
2017/12/13	18.64	18.84	18.64	18.81	426600	8002391.50
2017/12/14	18.80	18.83	18.53	18.70	562305	10495863.00
2017/12/15	18.89	18.89	18.50	18.62	461230	8623363.00
2017/12/18	18.62	18.80	18.40	18.50	621179	11525444.00
2017/12/19	18.50	18.75	18.46	18.67	640380	11945809.00
2017/12/20	18.67	18.68	18.20	18.30	770179	14169287.00
2017/12/21	18.38	18.42	18.07	18.23	607339	11071266.00
2017/12/22	18.23	18.42	18.12	18.28	546434	9985728.00
2017/12/25	18.27	18.35	18.07	18.30	600305	10927289.00
2017/12/26	18.36	19.07	18.19	19.05	1670074	31392648.00
2017/12/27	19.05	19.06	18.82	18.92	853934	16165843.00
2017/12/28	18.91	19.35	18.80	19.14	964875	18474372.00
2017/12/29	19.10	19.96	19.06	19.77	1824173	35908672.00
2018/01/02	19.77	20.05	19.56	19.80	1130051	22370968.00
2018/01/03	19.72	19.89	19.57	19.75	869056	17116910.00
2018/01/04	19.69	19.73	19.00	19.13	1983189	38173264.00
2018/01/05	19.13	19.36	19.00	19.20	1425750	27269006.00
2018/01/08	19.25	19.25	18.91	19.07	1086309	20663308.00
2018/01/09	19.07	19.14	18.91	19.08	929474	17727944.00
2018/01/10	19.15	19.42	19.00	19.42	1708544	32867858.00
2018/01/11	19.42	19.60	19.26	19.40	879481	17057222.00
2018/01/12	19.46	19.63	19.10	19.15	792551	15334274.00
2018/01/15	19.31	19.31	18.63	18.70	1277346	24117490.00
2018/01/16	18.84	18.88	18.66	18.84	747119	14034195.00
2018/01/17	18.91	19.57	18.52	19.46	2402738	46054020.00
2018/01/18	19.45	19.50	19.23	19.39	732884	14209976.00
2018/01/19	19.38	19.76	19.34	19.39	1090824	21309314.00
2018/01/22	19.40	19.71	19.00	19.63	1300331	25295296.00
2018/01/23	19.54	19.70	19.15	19.28	1744415	33735560.00
2018/01/24	19.27	19.38	19.15	19.37	803660	15512930.00
2018/01/25	19.55	19.55	19.26	19.30	823500	15984758.00
2018/01/26	19.30	19.36	19.03	19.11	927091	17751504.00
2018/01/29	19.16	19.16	18.75	18.80	820900	15506824.00
2018/01/30	18.63	18.94	18.63	18.85	507950	9539857.00
2018/01/31	18.85	18.89	18.28	18.35	726035	13429098.00
2018/02/01	18.62	18.62	17.15	17.39	1310467	23277206.00
2018/02/02	17.38	17.55	16.87	17.22	650100	11234101.00
2018/02/05	17.00	17.30	16.94	17.17	504600	8637448.00
2018/02/06	16.98	16.98	15.45	15.45	1059332	17377612.00
2018/02/07	15.85	16.25	15.00	15.75	1037150	16260548.00
2018/02/08	15.90	16.08	15.50	15.87	662500	10536920.00
2018/02/09	15.46	15.64	15.27	15.43	1116084	17193918.00
2018/02/12	15.48	15.95	15.48	15.79	655801	10333825.00
2018/02/13	16.10	16.10	15.69	15.84	596740	9467098.00
2018/02/14	16.26	16.26	15.76	15.90	570636	9056321.00
2018/02/22	16.05	16.17	16.00	16.09	343050	5517304.00
2018/02/23	16.13	16.15	15.98	16.05	424950	6823756.00
2018/02/26	16.23	16.58	16.08	16.42	798951	13067242.00
2018/02/27	16.43	16.73	16.33	16.71	1069921	17703248.00
2018/02/28	16.47	17.52	16.30	17.31	2016196	34250696.00
2018/03/01	16.50	17.12	16.50	16.98	1415066	23913778.00
2018/03/02	16.74	16.99	16.61	16.73	735707	12373823.00
2018/03/05	16.59	16.80	16.59	16.73	473067	7902673.50
2018/03/06	16.65	16.97	16.65	16.84	604800	10186063.00
2018/03/07	16.80	16.89	16.60	16.61	556000	9299789.00
2018/03/08	16.52	16.94	16.45	16.90	703658	11809107.00
2018/03/09	16.88	17.21	16.76	17.13	1021650	17421716.00
2018/03/12	17.25	17.33	17.12	17.25	1018636	17520598.00
2018/03/13	17.25	17.48	17.09	17.44	1481899	25681462.00
2018/03/14	17.40	18.35	17.24	18.13	3106750	55725088.00
2018/03/15	17.80	17.92	17.27	17.42	1855950	32667968.00
2018/03/16	17.42	17.77	17.17	17.21	972250	16947528.00
2018/03/19	17.21	18.86	16.89	17.76	1664500	29450142.00
2018/03/20	17.72	17.88	17.38	17.68	1006850	17805792.00
2018/03/21	17.72	17.83	17.45	17.56	778150	13710000.00
2018/03/22	17.60	17.65	17.37	17.40	499200	8754248.00
2018/03/23	16.89	16.90	16.00	16.57	1731007	28710438.00
2018/03/26	16.15	16.88	16.13	16.66	730800	12038912.00
2018/03/27	16.87	17.10	16.72	16.89	608498	10304506.00
2018/03/28	16.81	16.98	16.60	16.66	681942	11458499.00
2018/03/29	16.70	17.17	16.70	16.98	493300	8365633.50
2018/03/30	17.08	17.43	16.94	17.41	918919	15888167.00
2018/04/02	17.20	17.23	16.98	16.99	1309900	22364118.00
2018/04/03	16.76	16.76	16.38	16.53	968300	16016780.00
2018/04/04	16.50	16.78	16.40	16.44	673550	11215997.00
2018/04/09	16.40	16.64	16.40	16.48	526450	8685187.00
2018/04/10	16.48	16.55	16.25	16.32	800150	13064589.00
2018/04/11	16.35	16.59	16.30	16.46	742421	12234046.00
2018/04/12	16.40	16.80	16.40	16.60	952473	15836689.00
2018/04/13	16.69	17.37	16.50	16.80	1885446	31889192.00
2018/04/16	16.60	16.74	16.20	16.40	1087849	17822706.00
2018/04/17	16.54	16.58	15.82	15.90	812609	13141904.00
2018/04/18	15.96	16.24	14.31	15.80	808455	12674253.00
2018/04/19	15.80	15.94	15.70	15.78	443100	7017016.00
2018/04/20	15.93	15.93	15.22	15.32	545750	8454358.00
2018/04/23	15.30	15.31	15.02	15.08	598150	9048556.00
2018/04/24	15.13	15.47	15.10	15.28	538080	8238340.50
2018/04/25	15.24	15.70	15.20	15.55	569650	8823166.00
2018/04/26	15.59	15.59	15.07	15.09	583977	8944247.00
2018/04/27	14.98	14.98	14.39	14.54	1276144	18566522.00
2018/05/02	14.54	14.65	14.30	14.34	545820	7880684.00
2018/05/03	14.38	14.45	14.00	14.42	680415	9680199.00
2018/05/04	14.48	14.83	14.39	14.60	585265	8585161.00
2018/05/07	14.64	14.82	14.60	14.72	579976	8541821.00
2018/05/08	14.77	14.88	14.64	14.80	858732	12666035.00
2018/05/09	14.92	14.98	14.73	14.91	685500	10192779.00
2018/05/10	15.07	15.79	14.94	15.27	1232753	18893280.00
2018/05/11	15.29	15.40	14.95	15.38	1093636	16514701.00
2018/05/14	15.38	15.38	14.90	15.08	832650	12545323.00
2018/05/15	15.06	15.64	15.01	15.25	837850	12723302.00
2018/05/16	15.24	15.40	15.06	15.18	508400	7715034.50
2018/05/17	15.07	15.28	14.83	14.84	601200	8985388.00
2018/05/18	14.84	15.11	14.78	15.09	718743	10733603.00
2018/05/21	15.10	15.35	15.10	15.19	893800	13591012.00
2018/05/22	15.35	15.35	15.07	15.12	575900	8724704.00
2018/05/23	15.18	15.25	14.91	15.17	780836	11755607.00
2018/05/24	15.28	15.28	15.03	15.15	506901	7673763.50
2018/05/25	15.14	15.85	15.11	15.23	966481	14752062.00
2018/05/28	15.23	15.39	15.01	15.12	655136	9933022.00
2018/05/29	15.10	15.17	14.82	15.06	595900	8937327.00
2018/05/30	14.99	14.99	14.18	14.20	600950	8755754.00
2018/05/31	14.48	14.50	14.23	14.35	529600	7619227.00
2018/06/01	14.42	14.48	14.26	14.30	354400	5085785.00
2018/06/04	14.45	14.45	14.09	14.35	351651	5030782.00
2018/06/05	14.65	14.65	14.30	14.55	525800	7587167.50
2018/06/06	14.55	14.57	14.41	14.44	380250	5498484.00
2018/06/07	14.52	14.52	14.36	14.43	361061	5211318.50
2018/06/08	14.47	14.47	14.01	14.07	516593	7288074.00
2018/06/11	13.86	14.17	13.86	13.89	310300	4331770.00
2018/06/12	13.89	14.14	13.89	14.05	357360	5004725.50
2018/06/13	14.23	14.23	13.81	13.85	345650	4826798.00
2018/06/14	13.58	13.84	13.58	13.61	355567	4866118.50
2018/06/15	13.61	13.80	13.13	13.24	698142	9365094.00
2018/06/19	13.13	13.13	12.11	12.19	1104970	13821682.00
2018/06/20	12.19	12.36	11.95	12.20	669050	8148379.00
2018/06/21	12.30	12.30	11.55	11.61	787700	9360447.00
2018/06/22	11.68	11.98	11.46	11.79	523850	6141710.50
2018/06/25	11.99	12.08	11.70	11.80	470650	5585917.00
2018/06/26	11.69	11.98	11.30	11.92	764170	8904100.00
2018/06/27	11.95	12.44	11.75	12.29	1551332	18825652.00
2018/06/28	12.09	12.35	12.03	12.05	1031090	12555133.00
2018/06/29	12.05	12.25	11.93	12.19	708900	8608629.00
2018/07/02	12.21	12.35	11.86	12.08	641350	7749136.00
2018/07/03	12.08	12.28	11.97	12.25	600900	7283643.00
2018/07/04	12.39	12.39	11.81	11.86	389100	4696162.00
2018/07/05	11.96	11.96	11.30	11.33	735100	8477428.00
2018/07/06	11.31	11.69	11.04	11.30	808261	9176869.00
2018/07/09	11.22	11.57	11.22	11.43	828000	9414686.00
2018/07/10	11.45	11.78	11.38	11.72	757650	8739813.00
2018/07/11	12.21	12.21	11.50	11.53	2234650	26410104.00
2018/07/12	11.48	11.79	11.35	11.71	1268100	14753126.00
2018/07/13	11.75	11.85	11.64	11.73	669250	7846567.00
2018/07/16	11.77	11.83	11.61	11.72	539117	6316243.50
2018/07/17	11.80	11.80	11.53	11.65	507649	5898871.00
2018/07/18	11.74	11.76	11.60	11.64	432150	5041449.00
2018/07/19	11.64	11.68	11.31	11.40	615517	7032504.00
2018/07/20	11.45	12.54	11.20	11.79	1583321	18817284.00
2018/07/23	11.85	11.85	11.68	11.81	732821	8615262.00
2018/07/24	11.83	12.08	11.70	12.03	1348890	16109263.00
2018/07/25	12.10	12.36	11.91	12.17	1378611	16685263.00
2018/07/26	12.16	12.34	12.04	12.33	1313150	15999042.00
2018/07/27	12.95	13.55	12.38	12.38	2825015	36345112.00
2018/07/30	11.80	12.80	11.80	11.87	1345450	16096032.00
2018/07/31	11.97	11.98	11.80	11.80	621339	7369439.50
2018/08/01	11.90	11.90	11.45	11.86	870800	10179640.00
2018/08/02	11.70	11.72	11.12	11.51	925150	10553772.00
2018/08/03	11.45	11.67	11.30	11.33	472200	5398356.50
2018/08/06	11.39	11.46	11.15	11.30	587350	6618831.00
2018/08/07	11.35	11.56	11.30	11.53	599800	6865611.50
2018/08/08	11.57	11.57	11.30	11.35	362450	4151025.50
2018/08/09	11.39	11.69	11.26	11.50	813400	9395996.00
2018/08/10	11.61	11.70	11.48	11.58	367850	4253087.00
2018/08/13	11.49	11.58	11.32	11.54	402750	4615562.00
2018/08/14	11.60	11.60	11.46	11.50	252550	2912866.00
2018/08/15	11.50	11.55	11.24	11.28	485765	5510953.00
2018/08/16	11.21	11.38	11.13	11.19	370750	4170085.50
2018/08/17	11.34	11.34	11.05	11.14	302000	3373189.00
2018/08/20	11.10	11.27	10.94	11.12	521364	5761289.00
2018/08/21	11.25	11.25	11.00	11.18	385201	4284642.00
2018/08/22	11.20	11.23	11.01	11.03	223950	2487878.00
2018/08/23	11.16	11.16	11.00	11.05	314450	3477337.50
2018/08/24	11.05	11.09	10.90	11.06	301800	3318005.00
2018/08/27	11.09	11.19	11.06	11.16	455650	5076817.50
2018/08/28	11.16	11.27	11.11	11.15	322365	3597896.75
2018/08/29	11.05	11.21	11.05	11.10	449850	4993143.00
2018/08/30	11.12	11.12	10.90	10.96	423750	4645628.00
2018/08/31	10.98	11.00	10.62	10.69	304700	3308939.50
2018/09/03	10.69	10.69	10.27	10.37	652150	6772202.50
2018/09/04	10.31	10.55	10.28	10.54	414921	4323727.00
2018/09/05	10.50	10.56	10.30	10.35	431320	4497243.50
2018/09/06	10.38	11.39	10.22	11.39	2499168	27851626.00
2018/09/07	12.19	12.37	11.42	11.58	5611280	66554524.00
2018/09/10	11.05	11.64	10.83	10.83	3247506	35746504.00
2018/09/11	10.86	10.90	10.56	10.72	1260638	13551072.00
2018/09/12	10.75	10.84	10.65	10.67	949159	10167412.00
2018/09/13	10.75	10.82	10.63	10.72	753088	8074072.00
2018/09/14	10.72	10.78	10.51	10.51	661550	7056140.50
2018/09/17	10.55	10.65	10.43	10.45	465400	4885404.00
2018/09/18	10.42	10.72	10.34	10.66	778100	8207200.50
2018/09/19	10.69	10.75	10.58	10.73	727500	7778129.50
2018/09/20	10.79	10.79	10.63	10.64	480300	5134506.00
2018/09/21	10.60	10.78	10.55	10.75	636000	6787792.50
2018/09/25	10.67	11.09	10.66	10.82	974088	10590175.00
2018/09/26	10.79	10.91	10.75	10.76	690584	7477942.00
2018/09/27	10.72	10.80	10.42	10.44	781850	8258050.50
2018/09/28	10.42	10.59	10.36	10.50	483450	5063481.00
2018/10/08	10.44	10.49	10.02	10.05	416858	4260724.50
2018/10/09	10.16	10.38	10.05	10.26	582450	5933985.00
2018/10/10	10.30	10.41	10.03	10.26	338350	3464939.00
2018/10/11	9.88	10.08	9.23	9.33	1091689	10448659.00
2018/10/12	9.21	9.36	8.92	9.22	650320	5950702.00
2018/10/15	8.60	9.41	8.60	9.04	714200	6460606.50
2018/10/16	9.01	9.17	8.73	8.82	406000	3630899.00
2018/10/17	9.00	9.03	8.78	8.88	375900	3343323.00
2018/10/18	8.81	9.25	8.56	9.03	956750	8539114.00
2018/10/19	9.40	9.40	8.90	9.12	1096100	9967313.00
2018/10/22	9.18	10.03	9.04	10.03	2980667	28863068.00
2018/10/23	9.97	11.03	9.73	10.66	6240714	65621704.00
2018/10/24	10.80	10.80	10.08	10.10	4240953	43578024.00
2018/10/25	9.79	9.93	9.50	9.66	2582300	24943070.00
2018/10/26	9.87	9.87	9.60	9.65	1280060	12401884.00
2018/10/29	9.53	9.72	9.31	9.40	736550	7007689.00
2018/10/30	9.44	9.65	9.34	9.58	1030161	9834277.00
2018/10/31	9.58	9.98	9.58	9.89	1755171	17140944.00
2018/11/01	9.82	10.04	9.77	9.83	1424071	14092642.00
2018/11/02	9.95	10.08	9.83	9.97	1313561	13064060.00
2018/11/05	10.00	10.15	9.91	10.03	1054564	10544123.00
2018/11/06	10.01	10.18	9.74	9.90	817164	8110328.00
2018/11/07	9.99	9.99	9.85	9.92	639350	6343234.50
2018/11/08	9.92	10.16	9.92	9.95	1211700	12178209.00
2018/11/09	9.86	10.00	9.86	9.87	568350	5638763.00
2018/11/12	10.00	10.26	9.82	10.14	1188428	11989837.00
2018/11/13	10.08	10.37	10.00	10.30	1466700	15037505.00
2018/11/14	10.30	10.45	10.22	10.28	1349839	13924723.00
2018/11/15	10.34	10.59	10.21	10.58	1946733	20348914.00
2018/11/16	10.68	11.18	10.51	10.93	2434311	26338846.00
2018/11/19	10.86	10.93	10.57	10.72	1647111	17595904.00
2018/11/20	10.70	10.70	10.39	10.41	991050	10467956.00
2018/11/21	10.36	10.60	10.28	10.53	888000	9269197.00
2018/11/22	10.48	10.71	10.48	10.70	1132450	12031593.00
2018/11/23	10.70	10.70	10.09	10.20	829850	8641984.00
2018/11/26	10.10	10.38	10.02	10.17	511200	5225612.00
2018/11/27	10.37	10.37	10.22	10.32	404400	4159281.50
2018/11/28	10.31	10.65	10.19	10.55	752250	7841857.50
2018/11/29	10.64	10.76	10.34	10.40	1562650	16573750.00
2018/11/30	10.40	10.45	10.07	10.21	972550	9943490.00
2018/12/03	10.41	10.70	10.34	10.54	862400	9069948.00
2018/12/04	10.68	10.89	10.56	10.84	1509129	16171744.00
2018/12/05	10.60	10.78	10.55	10.70	1176650	12535066.00
2018/12/06	10.88	10.88	10.58	10.65	1080750	11515579.00
2018/12/07	10.58	10.74	10.57	10.70	740950	7908238.00
2018/12/10	10.68	10.72	10.40	10.50	731150	7711647.50
2018/12/11	10.53	10.74	10.53	10.66	584450	6213629.50
2018/12/12	10.74	10.75	10.65	10.69	532400	5695855.50
2018/12/13	10.75	11.46	10.66	11.07	2594676	28621428.00
2018/12/14	11.07	11.07	10.70	10.80	1581467	17105128.00
2018/12/17	10.59	10.67	10.31	10.49	1246100	13045546.00
2018/12/18	10.31	10.49	10.15	10.24	898422	9258940.00
2018/12/19	10.32	10.32	10.18	10.23	457326	4683888.50
2018/12/20	10.20	10.55	10.08	10.33	851723	8742827.00
2018/12/21	10.26	10.32	10.06	10.28	558653	5684696.50
2018/12/24	10.30	10.38	10.00	10.28	628485	6405018.50
2018/12/25	10.15	10.28	9.81	10.10	1177409	11727917.00
2018/12/26	10.17	10.17	10.00	10.00	460891	4629498.00
2018/12/27	10.26	10.26	9.80	9.80	603109	6067494.50
2018/12/28	9.78	10.08	9.78	9.86	594473	5893208.50
2019/01/02	9.95	10.03	9.51	9.88	405250	3991805.00
2019/01/03	9.85	10.10	9.76	9.82	463150	4590105.00
2019/01/04	9.79	10.80	9.78	10.45	2257300	23573848.00
2019/01/07	10.32	10.80	10.26	10.54	2556726	27026586.00
2019/01/08	10.43	10.60	10.31	10.33	1299426	13542760.00
2019/01/09	10.42	10.59	10.36	10.41	1011845	10581209.00
2019/01/10	10.38	10.49	10.38	10.45	738614	7720541.50
2019/01/11	10.48	10.67	10.40	10.58	959858	10116633.00
2019/01/14	10.68	10.87	10.42	10.53	652214	6860958.00
2019/01/15	10.51	10.62	10.45	10.61	782602	8264777.00
2019/01/16	10.65	11.15	10.50	11.02	2850589	30933432.00
2019/01/17	10.89	11.28	10.84	11.12	2447967	27061044.00
2019/01/18	11.11	11.11	10.70	11.02	2031000	22154636.00
2019/01/21	11.01	11.37	10.81	11.22	4086803	45204184.00
2019/01/22	11.22	11.32	10.86	10.94	2354635	25916142.00
2019/01/23	11.20	11.20	10.66	10.87	2217942	23992982.00
2019/01/24	10.79	10.95	10.68	10.90	1157811	12548549.00
2019/01/25	10.94	10.99	10.77	10.77	927311	10108748.00
2019/01/28	10.97	10.97	10.71	10.80	598400	6473313.00
2019/01/29	10.88	10.88	10.47	10.80	952878	10171831.00
2019/01/30	10.87	10.88	10.51	10.55	778050	8297250.50
2019/01/31	10.50	10.75	10.34	10.34	915050	9644570.00
2019/02/01	10.54	10.98	10.45	10.86	1103711	11858725.00
2019/02/11	11.11	11.11	10.76	11.05	1120400	12288336.00
2019/02/12	11.05	11.20	10.86	11.18	1544742	17030460.00
2019/02/13	11.18	11.27	11.00	11.24	2008320	22394080.00
2019/02/14	11.20	11.33	11.05	11.33	2162758	24221204.00
2019/02/15	11.33	11.33	11.16	11.20	1346350	15108285.00
2019/02/18	11.23	11.94	11.19	11.61	3035663	34776204.00
2019/02/19	11.65	11.77	11.45	11.74	3179611	37027232.00
2019/02/20	11.69	11.84	11.53	11.81	1655376	19328938.00
2019/02/21	11.79	12.07	11.74	12.02	3182716	37733304.00
2019/02/22	12.00	12.90	11.85	12.60	4445547	55008680.00
2019/02/25	12.64	13.18	12.64	12.88	4355883	56455124.00
2019/02/26	12.88	13.25	12.66	12.89	3280560	42554172.00
2019/02/27	12.89	13.55	12.86	13.04	3435061	45382228.00
2019/02/28	13.04	13.32	12.92	13.24	2111300	27731652.00
2019/03/01	13.24	13.30	12.87	13.13	2544550	33306394.00
2019/03/04	13.31	13.38	12.96	13.01	3598611	47330956.00
2019/03/05	13.09	13.10	12.85	13.09	2486900	32263490.00
2019/03/06	13.08	13.53	12.92	13.35	3134250	41500520.00
2019/03/07	13.34	13.46	13.03	13.37	2586002	34255684.00
2019/03/08	13.17	13.21	12.53	12.55	2331346	30278218.00
2019/03/11	12.45	13.55	12.45	13.47	2566517	33869600.00
2019/03/12	13.55	13.75	13.25	13.50	3281850	44231332.00
2019/03/13	13.50	13.54	12.76	12.85	2622600	34345504.00
2019/03/14	12.78	13.05	12.70	12.90	2239546	28812968.00
2019/03/15	12.97	13.00	12.79	12.92	1333547	17158098.00
2019/03/18	13.02	13.14	12.68	13.00	1736502	22391170.00
2019/03/19	13.11	13.22	13.01	13.02	1378952	18067460.00
2019/03/20	13.02	13.12	12.76	12.90	1370900	17745872.00
2019/03/21	12.98	13.14	12.76	13.08	1377503	17986642.00
2019/03/22	13.09	13.16	12.85	13.16	1153954	15017557.00
2019/03/25	12.92	13.47	12.81	13.29	2124100	28073062.00
2019/03/26	13.22	13.70	13.00	13.00	3271051	44044100.00
2019/03/27	12.94	13.52	12.94	13.47	2435172	32370088.00
2019/03/28	13.40	14.21	13.40	13.90	4321408	59951712.00
2019/03/29	13.85	14.68	13.73	14.27	4661122	66551176.00
2019/04/01	14.62	15.70	14.26	15.30	7137305	106677976.00
2019/04/02	15.33	15.67	15.00	15.01	3106446	47230216.00
2019/04/03	15.13	15.30	14.86	15.08	1874565	28206986.00
2019/04/04	15.10	15.71	15.07	15.54	3484262	53789672.00
2019/04/08	15.72	15.72	14.65	15.06	2751034	41803656.00
2019/04/09	15.09	15.22	14.85	14.95	1276150	19092052.00
2019/04/10	15.01	15.01	14.58	14.62	1980171	29131318.00
2019/04/11	14.67	15.03	14.51	14.75	1584249	23464468.00
2019/04/12	14.79	14.95	14.52	14.54	1016075	14906741.00
2019/04/15	14.61	14.89	14.29	14.29	996845	14544228.00
2019/04/16	14.28	14.78	14.22	14.66	1183536	17185260.00
2019/04/17	14.66	14.98	14.59	14.95	1281164	18981880.00
2019/04/18	14.95	14.95	14.55	14.73	904976	13351697.00
2019/04/19	14.51	15.35	14.43	15.21	2292372	34058992.00
2019/04/22	15.22	15.60	15.07	15.19	2330666	35816292.00
2019/04/23	15.15	16.36	15.10	16.18	4634494	73141344.00
2019/04/24	16.31	17.63	16.00	17.47	5175929	88387352.00
2019/04/25	17.46	17.46	16.38	16.63	3345105	56728104.00
2019/04/26	16.63	16.66	15.84	15.95	2125376	34191472.00
2019/04/29	16.14	16.61	15.41	15.52	2284376	36635528.00
2019/04/30	16.08	16.18	15.52	15.87	2108737	33600224.00
2019/05/06	15.55	16.64	15.24	15.52	3029700	47820748.00
2019/05/07	15.51	16.50	15.31	16.08	2575973	41057320.00
2019/05/08	16.07	16.25	15.63	16.10	2607048	41689040.00
2019/05/09	15.78	16.28	15.70	15.96	1661374	26632750.00
2019/05/10	16.00	17.43	16.00	17.11	3526585	58717836.00
2019/05/13	17.02	18.25	16.91	17.84	4493689	79477552.00
2019/05/14	17.30	18.45	17.15	17.55	2871572	51499728.00
2019/05/15	17.73	17.89	17.32	17.59	1398916	24615292.00
2019/05/16	17.59	17.78	17.17	17.28	1514841	26259290.00
2019/05/17	17.55	17.59	16.67	16.71	1606708	27474280.00
2019/05/20	16.66	16.80	15.80	16.60	1992100	32478566.00
2019/05/21	16.59	17.57	16.50	17.55	2073250	35680772.00
2019/05/22	17.55	17.71	16.93	17.09	1414900	24373778.00
2019/05/23	16.90	17.34	16.36	17.10	1225359	20701666.00
2019/05/24	17.10	17.32	16.00	16.89	2352762	39095232.00
2019/05/27	16.43	17.16	16.30	16.93	1436137	24207208.00
2019/05/28	16.93	17.28	16.74	16.80	911426	15486732.00
2019/05/29	16.99	16.99	16.53	16.88	549668	9221446.00
2019/05/30	16.88	17.10	16.56	17.03	958597	16200644.00
2019/05/31	17.08	17.76	16.93	17.67	2242224	39309796.00
2019/06/03	17.77	17.92	17.01	17.06	1526059	26467688.00
2019/06/04	17.11	17.18	15.36	15.42	3411498	54869580.00
2019/06/05	15.57	16.18	15.11	15.60	2037612	31835680.00
2019/06/06	15.63	15.69	14.17	14.44	2592550	37887852.00
2019/06/10	14.99	14.99	14.07	14.28	1649693	23799656.00
2019/06/11	14.29	15.15	14.25	15.14	1465458	21784592.00
2019/06/12	15.14	15.25	14.60	14.62	1225641	18118910.00
2019/06/13	14.52	15.70	14.39	15.41	2128079	32254188.00
2019/06/14	15.44	15.55	14.91	15.08	1104765	16788334.00
2019/06/17	15.01	15.14	14.61	14.68	902352	13306000.00
2019/06/18	14.90	14.96	14.40	14.62	636519	9313195.00
2019/06/19	15.11	15.80	14.76	15.08	1452740	22093394.00
2019/06/20	15.08	15.40	14.73	15.26	1232634	18727442.00
2019/06/21	15.37	15.69	15.37	15.45	834743	12973420.00
2019/06/24	15.60	16.17	15.60	15.86	1041322	16580008.00
2019/06/25	15.86	16.09	15.49	15.73	804472	12589613.00
2019/06/26	15.60	15.89	15.55	15.69	458042	7222458.50
2019/06/27	15.50	16.08	15.41	15.74	1093850	17201436.00
2019/06/28	15.54	15.93	15.54	15.83	910301	14378502.00
2019/07/01	16.16	16.45	16.00	16.44	1170600	18993092.00
2019/07/02	16.46	17.27	16.46	17.18	2730175	46557340.00
2019/07/03	18.90	18.90	17.91	18.21	7569923	139899408.00
2019/07/04	18.18	18.90	17.67	17.90	4431116	81344656.00
2019/07/05	17.76	17.96	17.41	17.49	2538667	44668804.00
2019/07/08	17.46	18.20	17.01	17.38	2411644	42417932.00
2019/07/09	17.08	17.96	17.08	17.61	1721359	30228970.00
2019/07/10	17.70	17.70	17.11	17.34	1416969	24631074.00
2019/07/11	17.58	17.59	16.89	16.93	1208155	20743828.00
2019/07/12	17.09	17.50	16.87	17.11	1444200	24877190.00
2019/07/15	17.11	17.46	16.61	17.35	1279969	21940576.00
2019/07/16	17.43	17.58	17.20	17.40	1510480	26379362.00
2019/07/17	17.50	17.51	17.10	17.19	834628	14401078.00
2019/07/18	17.01	17.15	16.51	16.70	1197650	20155382.00
2019/07/19	16.68	17.00	16.67	17.00	1088716	18343976.00
2019/07/22	16.90	17.11	16.41	16.94	1260650	21092302.00
2019/07/23	16.62	17.10	16.62	16.99	614795	10417753.00
2019/07/24	16.99	17.29	16.87	17.15	723782	12396465.00
2019/07/25	17.00	17.28	16.81	17.17	727550	12453878.00
2019/07/26	17.06	17.71	16.93	17.67	1254562	21912396.00
2019/07/29	17.36	17.81	17.36	17.46	983400	17205936.00
2019/07/30	17.51	17.52	17.30	17.32	799034	13887124.00
2019/07/31	17.33	17.52	17.21	17.24	485367	8408693.00
2019/08/01	17.35	17.39	16.81	16.86	1114755	18900180.00
2019/08/02	16.72	17.15	16.58	16.85	686650	11605830.00
2019/08/05	16.69	16.97	16.54	16.64	840446	14101347.00
2019/08/06	16.31	16.47	15.26	16.43	1533301	24476086.00
2019/08/07	16.33	16.88	15.94	16.09	838350	13602542.00
2019/08/08	16.33	16.33	16.01	16.03	361750	5840874.50
2019/08/09	16.19	16.65	16.00	16.06	654000	10636642.00
2019/08/12	16.28	16.30	15.90	16.27	566026	9122521.00
2019/08/13	16.40	16.40	15.83	16.02	453175	7266464.00
2019/08/14	16.33	16.33	15.91	16.05	648100	10401318.00
2019/08/15	15.77	16.10	15.68	15.78	772700	12240242.00
2019/08/16	15.89	16.04	15.69	15.77	762800	12074278.00
2019/08/19	15.79	16.05	15.69	15.92	1217000	19291608.00
2019/08/20	15.99	15.99	15.61	15.61	986094	15493026.00
2019/08/21	15.63	16.33	15.43	16.32	1687574	26892878.00
2019/08/22	16.31	16.44	16.02	16.41	1602455	26052200.00
2019/08/23	16.47	16.55	16.20	16.42	1034055	17015836.00
2019/08/26	15.98	16.26	15.90	16.06	845700	13543288.00
2019/08/27	16.12	16.69	16.12	16.63	1142781	18784172.00
2019/08/28	17.83	17.88	16.73	16.76	2479784	42397848.00
2019/08/29	17.00	18.10	16.80	17.75	3634956	63772268.00
2019/08/30	17.90	17.99	17.30	17.33	2346400	41261468.00
2019/09/02	17.33	19.06	17.33	18.72	4476465	82938008.00
2019/09/03	18.88	18.95	18.30	18.66	1937897	36022856.00
2019/09/04	18.38	18.96	18.35	18.68	1807947	33671624.00
2019/09/05	18.98	20.12	18.97	19.50	3575564	70319976.00
2019/09/06	19.60	19.98	19.54	19.71	2519580	49801404.00
2019/09/09	20.59	20.66	19.81	20.60	3040005	62005308.00
2019/09/10	20.61	20.98	20.06	20.37	2213254	45218328.00
2019/09/11	20.22	20.58	20.08	20.57	1805802	36734956.00
2019/09/12	20.20	20.55	19.51	20.11	2249850	44740784.00
2019/09/16	20.36	20.36	19.84	20.13	1184343	23873180.00
2019/09/17	20.16	20.68	19.82	19.90	1606185	32405284.00
2019/09/18	19.81	21.20	19.81	20.92	2790024	57963512.00
2019/09/19	21.00	21.12	20.23	21.05	1996087	41164184.00
2019/09/20	20.78	21.05	20.55	20.93	1175120	24383764.00
2019/09/23	20.93	20.93	20.11	20.18	1523895	31005872.00
2019/09/24	20.32	21.30	20.23	20.97	2451738	51375376.00
2019/09/25	20.69	20.92	20.42	20.76	1132280	23356864.00
2019/09/26	20.60	20.98	20.05	20.29	876778	17931992.00
2019/09/27	20.37	20.87	20.05	20.68	881655	18223310.00
2019/09/30	20.60	21.19	20.40	20.60	732604	15152038.00
2019/10/08	20.60	20.97	19.82	20.61	1331317	27110434.00
2019/10/09	21.18	22.60	21.18	22.55	5568254	122753240.00
2019/10/10	22.55	24.18	22.18	23.50	4585561	106184864.00
2019/10/11	23.30	24.26	23.30	23.52	2694151	63616716.00
2019/10/14	23.80	24.19	22.99	23.17	2710498	63684548.00
2019/10/15	23.58	23.59	22.71	23.01	2027430	46965252.00
2019/10/16	23.25	25.31	23.25	25.31	5700252	140098112.00
2019/10/17	24.67	25.49	24.30	25.05	3948594	97916992.00
2019/10/18	24.80	25.00	23.90	24.61	2760226	67261264.00
2019/10/21	24.38	24.38	23.00	23.77	2764051	65246956.00
2019/10/22	23.06	24.18	23.06	24.15	1911834	45530760.00
2019/10/23	24.16	24.55	23.05	23.05	2668815	62816936.00
2019/10/24	23.48	25.00	23.48	24.89	4131237	100783704.00
2019/10/25	24.64	25.37	23.88	24.29	3917298	95828160.00
2019/10/28	24.90	25.47	23.60	24.60	4582722	112462048.00
2019/10/29	24.29	25.30	23.80	25.00	3305457	81407656.00
2019/10/30	24.60	27.25	24.57	27.05	5920240	155940128.00
2019/10/31	26.89	27.47	26.19	26.84	3132565	84204744.00
2019/11/01	26.84	29.52	26.60	29.52	5929842	171076016.00
2019/11/04	29.84	31.86	29.51	30.39	5062743	154681856.00
2019/11/05	30.67	31.10	29.88	30.22	3452862	105092272.00
2019/11/06	30.22	32.49	30.18	31.30	4197368	130778776.00
2019/11/07	30.05	30.65	29.96	30.08	3506865	105733768.00
2019/11/08	30.23	31.57	30.23	30.51	3618210	111579016.00
2019/11/11	30.28	30.75	28.95	29.49	4808116	142956096.00
2019/11/12	29.38	29.68	28.06	29.00	3607834	103729184.00
2019/11/13	29.06	29.45	28.40	29.25	2076100	60151512.00
2019/11/14	29.30	29.55	28.50	29.18	3430054	99447328.00
2019/11/15	29.06	29.56	27.50	28.43	4037406	115325136.00
2019/11/18	28.34	29.34	28.08	28.95	2789927	80069200.00
2019/11/19	29.34	31.60	29.12	30.81	4804886	146747888.00
2019/11/20	30.83	31.15	29.06	29.30	3955725	117798520.00
2019/11/21	29.00	29.68	28.11	29.33	2385933	69008032.00
2019/11/22	28.80	29.38	28.10	28.20	2358250	67598272.00
2019/11/25	28.20	28.87	27.60	28.21	2359750	66724760.00
2019/11/26	28.13	28.64	27.81	28.29	1319230	37205328.00
2019/11/27	28.30	28.50	27.18	27.64	2405042	66660724.00
2019/11/28	28.08	29.47	27.91	28.76	3455315	99590824.00
2019/11/29	28.38	28.50	27.22	27.75	2550587	70763248.00
2019/12/02	28.30	28.69	27.50	27.78	2867456	80659736.00
2019/12/03	27.95	27.95	26.58	27.32	2850975	77239992.00
2019/12/04	27.37	28.22	26.80	27.26	2207310	60397428.00
2019/12/05	26.68	28.65	26.68	27.99	3478692	97176176.00
2019/12/06	27.99	28.49	27.99	28.08	1495349	42160716.00
2019/12/09	28.10	29.67	28.10	29.15	3204974	93047512.00
2019/12/10	29.05	29.14	28.30	28.94	2171557	62330136.00
2019/12/11	28.60	30.00	28.60	29.87	3223282	95596616.00
2019/12/12	29.66	30.35	29.20	29.92	2395453	71439888.00
2019/12/13	30.04	31.12	29.50	29.95	2465884	74365456.00
2019/12/16	30.36	30.38	29.07	29.80	2601833	76727040.00
2019/12/17	29.60	30.15	29.26	29.58	2380638	70536416.00
2019/12/18	29.60	29.84	29.00	29.03	2035651	59482356.00
2019/12/19	29.03	29.25	28.68	28.84	1287971	37116384.00
2019/12/20	28.84	29.04	28.09	28.29	1583040	45114636.00
2019/12/23	28.10	28.78	27.83	28.12	1694967	47872620.00
2019/12/24	28.45	28.45	27.85	28.14	1474082	41487468.00
2019/12/25	28.18	28.58	27.40	28.43	2245226	63014184.00
2019/12/26	28.43	29.57	28.20	29.38	2827615	82286880.00
2019/12/27	29.33	29.40	28.88	29.09	1650389	47950652.00
2019/12/30	29.01	30.80	28.94	30.31	3586239	108359776.00
2019/12/31	30.26	30.57	29.58	30.49	2301279	69275152.00
2020/01/02	30.52	33.54	30.52	33.54	4618018	149862256.00
2020/01/03	33.53	35.42	32.33	33.76	4698743	157130624.00
2020/01/06	33.75	36.28	32.73	35.30	4203594	146261584.00
2020/01/07	35.30	37.32	34.68	37.19	3325281	120464656.00
2020/01/08	36.49	36.81	34.70	35.45	2444820	87604432.00
2020/01/09	35.65	38.30	35.50	36.35	3900156	144337872.00
2020/01/10	37.09	37.37	35.51	36.64	2101763	76609048.00
2020/01/13	36.33	38.33	36.33	37.61	3285194	123038936.00
2020/01/14	37.98	39.13	37.40	37.76	1891260	72010392.00
2020/01/15	37.76	39.96	37.35	39.30	3173542	122946696.00
2020/01/16	39.00	39.50	37.70	39.50	2112950	81551408.00
2020/01/17	39.30	39.69	38.66	39.42	1387360	54354304.00
2020/01/20	39.28	39.28	37.57	37.93	2813173	107119840.00
2020/01/21	37.93	39.26	37.75	38.43	1975656	76413336.00
2020/01/22	38.43	39.10	37.68	38.64	1693734	65124884.00
2020/01/23	42.50	42.50	39.99	41.85	6125556	258322736.00
2020/02/03	37.67	42.83	37.67	39.88	4142943	163394992.00
2020/02/04	39.86	42.22	39.76	41.10	3450010	139688688.00
2020/02/05	41.02	41.38	39.86	40.30	2607405	105469016.00
2020/02/06	40.30	40.80	38.38	40.38	3094780	121757904.00
2020/02/07	39.85	39.85	38.83	39.20	1904721	74534616.00
2020/02/10	39.07	43.12	38.83	42.59	3589310	147087376.00
2020/02/11	42.00	46.85	41.00	46.85	4849012	217830656.00
2020/02/12	46.86	47.60	45.23	47.28	3058836	142180128.00
2020/02/13	47.29	48.98	45.75	48.70	2247662	105730240.00
2020/02/14	47.99	52.00	47.10	50.34	2828267	139289728.00
2020/02/17	50.01	52.50	49.54	50.15	1893119	95719736.00
2020/02/18	49.72	50.55	48.90	48.90	2594898	129010240.00
2020/02/19	48.76	51.00	47.53	49.40	2039173	100449224.00
2020/02/20	49.00	54.28	48.03	53.34	3299787	167673328.00
2020/02/21	52.12	56.97	52.03	54.14	2379763	129476272.00
2020/02/24	54.00	55.39	52.56	54.40	2227410	120342176.00
2020/02/25	53.97	55.60	52.82	55.47	1862342	101238032.00
2020/02/26	54.56	57.90	54.51	56.70	2232765	125506768.00
2020/02/27	56.91	61.20	56.91	61.20	3341417	198640736.00
2020/02/28	56.00	60.00	55.08	55.08	3701043	211896192.00
2020/03/02	51.85	57.00	51.85	56.06	3118826	172981600.00
2020/03/03	56.46	60.15	54.55	59.69	3684440	214903824.00
2020/03/04	59.00	59.67	53.80	57.98	3625429	205230224.00
2020/03/05	57.92	57.92	54.10	54.28	3077136	169834992.00
2020/03/06	53.75	55.50	52.69	53.77	2603655	140968784.00
2020/03/09	53.50	53.50	49.00	49.50	3291486	166961968.00
2020/03/10	48.80	51.36	48.23	51.18	2773526	138620864.00
2020/03/11	51.49	52.98	50.52	52.04	2627747	136734720.00
2020/03/12	52.27	52.27	48.43	50.80	1886342	95109744.00
2020/03/13	48.01	51.92	48.00	50.61	1863799	93547296.00
2020/03/16	50.79	52.78	48.48	49.00	2039523	103460920.00
2020/03/17	49.30	50.18	46.13	48.90	2054669	98282056.00
2020/03/18	49.72	51.80	49.06	50.05	1955951	98356744.00
2020/03/19	49.95	50.47	45.38	48.10	3190870	150640448.00
2020/03/20	48.85	50.60	48.35	50.08	2331963	115551360.00
2020/03/23	49.11	50.78	46.55	46.81	2462660	119023288.00
2020/03/24	48.00	48.57	46.80	48.13	1692860	80964384.00
2020/03/25	49.13	51.20	49.13	50.13	2058638	103670816.00
2020/03/26	50.14	52.73	48.04	51.34	3257100	167531456.00
2020/03/27	51.39	55.07	50.53	53.91	3093574	165130000.00
2020/03/30	53.93	59.17	52.24	56.25	3702242	207170608.00
2020/03/31	56.88	57.78	53.82	54.78	2640205	145640496.00
2020/04/01	54.00	56.20	53.13	55.00	1667398	91371664.00
2020/04/02	54.39	56.20	54.00	55.71	1256607	69734040.00
2020/04/03	55.65	56.78	54.36	55.45	1297550	71893848.00
2020/04/07	55.85	58.01	55.73	57.20	1153100	65874992.00
2020/04/08	57.58	57.58	55.56	55.80	1086037	60995112.00
2020/04/09	55.77	56.76	55.46	55.63	772050	43184836.00
2020/04/10	55.90	56.19	53.50	54.93	1094303	59952664.00
2020/04/13	54.19	57.86	53.61	57.38	1730635	97678800.00
2020/04/14	57.30	58.89	56.68	58.48	1150663	66693728.00
2020/04/15	58.51	58.81	57.17	58.16	1005197	58323156.00
2020/04/16	57.10	58.53	56.52	58.53	991484	57172004.00
2020/04/17	58.39	59.95	56.99	57.38	1319660	76790056.00
2020/04/20	56.69	58.55	56.69	58.28	1165110	67505952.00
2020/04/21	58.26	62.00	57.40	61.84	2441114	147244720.00
2020/04/22	61.83	65.86	59.83	64.69	1987330	124240264.00
2020/04/23	64.90	66.93	63.00	64.12	1384653	89552688.00
2020/04/24	64.52	64.70	61.20	62.04	1295700	81217112.00
2020/04/27	62.07	65.00	61.46	63.85	1156800	73026328.00
2020/04/28	63.85	67.33	62.61	66.89	1624575	105765472.00
2020/04/29	65.80	70.50	63.60	66.47	2506096	169491104.00
2020/04/30	67.01	69.98	66.34	68.52	1941450	133250880.00
2020/05/06	68.21	74.98	68.08	74.98	1815841	129025968.00
2020/05/07	73.96	74.80	71.00	73.96	1832391	132626424.00
2020/05/08	72.52	76.13	72.38	75.22	1490091	110379040.00
2020/05/11	75.83	76.90	73.00	73.13	1708943	127378360.00
2020/05/12	73.50	76.50	73.00	73.80	2257194	167928192.00
2020/05/13	73.74	76.20	71.50	75.54	2044279	151852576.00
2020/05/14	76.21	78.00	74.61	76.49	1269660	97561328.00
2020/05/15	77.43	79.88	76.51	78.48	1542615	120507776.00
2020/05/18	77.80	79.48	77.00	79.48	1407824	109683800.00
2020/05/19	79.80	80.35	78.51	79.30	911189	72518848.00
2020/05/20	79.30	81.35	78.60	79.00	1200950	95686152.00
2020/05/21	79.80	79.80	77.50	77.59	1749236	137121680.00
2020/05/22	78.50	78.59	73.91	75.73	2360107	179196240.00
2020/05/25	75.60	75.80	74.23	75.30	1495420	112417744.00
2020/05/26	76.00	79.70	75.36	79.03	1535048	120232840.00
2020/05/27	79.04	81.50	78.53	79.61	1705961	136158384.00
2020/05/28	79.66	85.95	79.66	84.99	2601515	218636528.00
2020/05/29	84.10	86.99	83.39	86.56	1331048	114180200.00
2020/06/01	86.99	88.00	84.70	86.59	2347992	201857264.00
2020/06/02	87.57	87.57	82.00	84.65	2377862	200206224.00
2020/06/03	84.00	86.80	83.25	85.64	1750085	149196624.00
2020/06/04	85.43	85.48	80.01	83.50	2669047	220773136.00
2020/06/05	84.00	84.78	82.00	84.18	1995512	167138000.00
2020/06/08	85.00	85.00	81.55	82.58	1668850	138829120.00
2020/06/09	83.43	83.80	81.57	83.46	1177771	97504248.00
2020/06/10	83.44	84.28	82.10	83.98	1228800	102148680.00
2020/06/11	83.73	85.00	82.30	82.50	1106300	92444432.00
2020/06/12	80.00	82.95	80.00	82.58	1269259	103983416.00
2020/06/15	82.25	83.98	81.99	82.40	1043540	86504656.00
2020/06/16	83.00	88.55	82.51	88.42	1809505	157344192.00
2020/06/17	88.30	89.03	85.35	86.23	1122882	97482464.00
2020/06/18	86.00	88.00	85.00	86.67	1084234	93813208.00
2020/06/19	87.00	89.80	85.84	88.00	1401644	123216576.00
2020/06/22	87.93	91.00	87.50	89.64	1431303	128305856.00
2020/06/23	89.60	91.90	88.19	91.64	1185364	107527232.00
2020/06/24	92.50	94.48	88.25	89.67	1303712	117544624.00
2020/06/29	89.67	92.50	88.81	92.00	839980	76282208.00
2020/06/30	93.00	95.47	92.02	94.09	999965	93947728.00
2020/07/01	94.90	94.99	86.98	88.33	2760280	248376560.00
2020/07/02	88.50	89.00	79.50	82.00	6353883	523448768.00
2020/07/03	81.50	83.50	79.00	82.30	2824093	230850560.00
2020/07/06	82.80	84.00	79.20	80.79	3466916	281461248.00
2020/07/07	81.56	87.55	79.39	83.92	3688909	306149120.00
2020/07/08	82.70	84.95	81.73	84.50	2501063	208442320.00
2020/07/09	83.50	89.80	83.32	89.40	2596274	226147232.00
2020/07/10	98.33	98.34	94.03	98.34	2134262	209870176.00
2020/07/13	104.00	108.17	99.01	108.17	3802584	399257536.00
2020/07/14	108.17	118.99	107.87	118.99	3276838	378755264.00
2020/07/15	119.98	123.45	110.00	121.43	2855544	336523584.00
2020/07/16	123.90	124.79	109.50	110.85	2561170	294127424.00
2020/07/17	109.24	120.40	109.24	118.15	2439151	282776416.00
2020/07/20	120.40	121.93	110.33	113.90	2348623	266338112.00
2020/07/21	114.00	121.20	111.00	121.20	2211301	260961664.00
2020/07/22	120.50	127.00	119.01	124.76	1807750	221133856.00
2020/07/23	120.00	130.09	120.00	130.00	1611822	204847216.00
2020/07/24	130.44	130.44	124.22	126.11	1760098	222647872.00
2020/07/27	129.70	129.70	121.75	122.08	1323551	164450688.00
2020/07/28	125.00	129.43	122.00	127.90	1234928	155812768.00
2020/07/29	128.00	131.52	126.10	127.80	1391502	179201520.00
2020/07/30	129.80	135.48	126.10	133.78	1468662	191140720.00
2020/07/31	131.00	147.16	130.52	147.16	1654047	232119264.00
2020/08/03	147.16	154.90	144.01	150.30	1905880	283596544.00
2020/08/04	149.89	154.66	144.30	149.96	1453764	218284560.00
2020/08/05	145.45	159.97	145.45	157.85	1255224	193361872.00
2020/08/06	155.15	171.64	153.02	163.81	2046149	333132512.00
2020/08/07	167.90	168.00	156.24	163.10	1368382	223190080.00
2020/08/10	163.18	168.82	146.79	146.79	1529250	232917360.00
2020/08/11	142.80	148.04	133.50	134.59	3636910	508793792.00
2020/08/12	134.01	135.67	122.00	125.61	3595997	452810368.00
2020/08/13	127.10	138.17	127.10	138.17	2428155	327345856.00
2020/08/14	144.00	144.00	135.00	139.30	2541840	355778048.00
2020/08/17	139.40	141.16	133.49	139.45	2441061	334859872.00
2020/08/18	139.57	147.93	137.34	147.50	1675425	240482288.00
2020/08/19	147.49	148.50	138.53	138.70	1805857	258545840.00
2020/08/20	138.20	142.68	135.13	137.47	1647900	228191504.00
2020/08/21	138.53	147.00	137.02	143.54	1689918	242335248.00
2020/08/24	147.49	147.50	141.00	146.50	1552935	224868272.00
2020/08/25	146.90	149.07	144.58	145.91	1365063	200686176.00
2020/08/26	147.00	147.86	136.98	137.47	2125946	298723168.00
2020/08/27	141.40	144.58	133.29	135.66	2734192	375927040.00
2020/08/28	137.22	142.96	133.64	141.31	2232778	311228640.00
2020/08/31	142.88	143.31	137.14	138.00	1950798	271999744.00
2020/09/01	138.35	141.25	136.34	139.15	1303023	181815008.00
2020/09/02	138.33	141.15	137.66	139.87	919912	128390504.00
2020/09/03	139.16	141.81	137.50	139.51	873871	122127560.00
2020/09/04	136.72	140.68	134.55	137.38	1278268	174937488.00
2020/09/07	137.37	140.00	125.40	126.80	2173593	284440832.00
2020/09/08	126.60	129.07	123.02	128.58	1702783	214571376.00
2020/09/09	125.60	128.57	120.33	127.23	1639517	205414896.00
2020/09/10	128.50	132.44	124.54	127.33	1500415	192516704.00
2020/09/11	124.78	127.46	123.40	127.38	1312523	165071088.00
2020/09/14	127.05	128.66	124.11	127.94	1405345	178416768.00
2020/09/15	129.90	136.00	128.23	135.22	1801668	240829840.00
2020/09/16	137.22	137.25	129.04	129.97	1407366	186279296.00
2020/09/17	130.99	131.72	125.00	130.24	1377076	176186016.00
2020/09/18	130.45	131.97	126.60	128.98	1467724	188804240.00
2020/09/21	129.80	131.90	121.80	123.91	1824012	228390464.00
2020/09/22	124.49	131.00	122.79	126.68	1844565	233933920.00
2020/09/23	127.97	133.21	124.30	131.53	1454386	189576016.00
2020/09/24	130.34	131.09	124.83	125.87	1397100	178580480.00
2020/09/25	127.00	127.12	113.48	122.29	3061620	366689120.00
2020/09/28	124.94	125.80	118.61	123.97	1992046	244789696.00
2020/09/29	124.23	130.50	122.94	129.50	1678226	214747440.00
2020/09/30	128.83	132.97	128.50	129.29	1301917	169368352.00
2020/10/09	130.38	131.99	127.55	128.97	1673701	217189584.00
2020/10/12	136.69	141.87	136.69	141.87	813262	114166240.00
2020/10/13	146.00	150.93	143.11	147.40	2219218	326218400.00
2020/10/14	147.00	147.00	140.43	144.66	1851176	265239216.00
2020/10/15	146.00	146.00	139.17	142.88	1132607	161076608.00
2020/10/16	142.88	146.34	137.00	139.61	1198290	168077808.00
2020/10/19	142.00	142.00	137.01	138.66	988116	137503376.00
2020/10/20	138.52	138.52	133.00	137.50	1214901	165218448.00
2020/10/21	136.60	137.54	132.99	133.20	792404	106465776.00
2020/10/22	133.50	133.50	126.00	128.39	1083061	139028368.00
2020/10/23	128.20	132.00	126.16	128.50	1073202	139301120.00
2020/10/26	127.66	129.80	124.58	128.50	939574	119743824.00
2020/10/27	126.53	137.39	126.53	135.73	1556713	207921584.00
2020/10/28	134.81	138.00	132.50	135.60	1270800	171783840.00
2020/10/29	132.97	136.50	131.50	136.47	1199281	161462960.00
2020/10/30	132.30	135.40	123.95	126.92	3662898	470409120.00
2020/11/02	128.21	137.25	127.54	135.63	3223070	435528768.00
2020/11/03	135.00	136.90	132.00	135.45	1606529	215410464.00
2020/11/04	135.53	138.60	133.05	137.59	1658391	227228064.00
2020/11/05	139.54	142.98	136.61	140.37	2218465	311803008.00
2020/11/06	140.46	141.63	136.00	138.55	1862412	256762944.00
2020/11/09	138.49	139.37	132.40	135.16	2436012	327659168.00
2020/11/10	133.90	137.50	132.51	135.96	1298828	176004208.00
2020/11/11	137.26	139.65	134.00	134.80	995470	136225200.00
2020/11/12	136.01	138.23	132.19	133.84	1281000	171924176.00
2020/11/13	132.72	135.99	128.00	129.77	1856890	241713232.00
2020/11/16	128.45	132.55	126.38	128.30	1203799	154425088.00
2020/11/17	127.45	128.59	123.01	126.70	1703955	213931136.00
2020/11/18	127.77	130.82	123.51	123.81	1219721	153322304.00
2020/11/19	122.99	124.50	119.68	123.79	1229097	151113024.00
2020/11/20	124.24	125.50	122.05	124.98	1086904	135131632.00
2020/11/23	126.25	126.25	122.55	125.08	1612693	200310544.00
2020/11/24	125.05	127.20	122.73	126.01	1422908	177879712.00
2020/11/25	126.50	126.80	123.30	123.99	1056793	131784320.00
2020/11/26	124.20	124.43	121.65	123.84	749330	92113624.00
2020/11/27	123.79	124.30	122.07	122.70	748916	92084136.00
2020/11/30	124.70	128.39	122.02	128.39	2880756	363552256.00
2020/12/01	126.47	129.25	123.40	124.60	2272118	284369600.00
2020/12/02	123.91	125.48	122.70	123.99	1269138	157378928.00
2020/12/03	123.06	126.20	122.30	125.01	1120053	139810608.00
2020/12/04	125.27	132.58	125.01	132.07	1745641	226587264.00
2020/12/07	132.51	136.50	132.11	134.50	1137518	153044720.00
2020/12/08	135.98	136.49	131.78	135.48	823463	111454936.00
2020/12/09	136.20	139.64	134.98	136.49	1063666	145907216.00
2020/12/10	136.41	140.89	135.06	140.47	1294475	180627056.00
2020/12/11	141.41	146.01	141.41	143.83	1788491	257945200.00
2020/12/14	143.83	151.91	143.50	144.66	1718459	252953664.00
2020/12/15	147.50	150.20	142.67	149.15	1613152	239922176.00
2020/12/16	148.80	151.00	146.41	149.22	885846	132245896.00
2020/12/17	149.24	154.98	148.64	151.55	1122339	170205568.00
2020/12/18	154.00	154.01	147.31	152.50	1620410	244808240.00
2020/12/21	150.49	152.50	145.51	149.74	2455244	364080864.00
2020/12/22	148.14	148.14	143.38	144.02	1551962	225237696.00
2020/12/23	145.46	146.90	140.90	142.69	1788462	256551600.00
2020/12/24	143.14	143.95	136.59	138.00	1401600	194371952.00
2020/12/25	140.18	140.87	136.00	138.00	1099016	152239184.00
2020/12/28	137.49	142.57	136.32	138.95	1483621	207050752.00
2020/12/29	138.63	148.75	138.56	145.18	1992239	287685472.00
2020/12/30	144.29	146.88	140.43	141.71	1729319	247378576.00
2020/12/31	140.42	144.50	139.40	144.00	1759901	249267232.00
2021/01/04	142.62	148.69	142.18	148.10	1736397	254607824.00
2021/01/05	147.16	150.15	146.50	150.10	1380173	205324464.00
2021/01/06	152.38	154.40	146.00	148.97	1304057	194311632.00
2021/01/07	148.00	151.00	144.97	148.60	1356228	200446928.00
2021/01/08	146.23	150.59	144.00	148.49	1963031	289932032.00
2021/01/11	160.01	163.34	156.51	163.34	1015438	164835856.00
2021/01/12	170.01	173.00	161.21	170.00	4483129	750712960.00
2021/01/13	168.15	179.00	167.15	178.30	3235712	560179520.00
2021/01/14	177.51	183.30	174.53	180.12	1949559	348472480.00
2021/01/15	179.73	181.00	171.22	175.50	1878843	330528032.00
2021/01/18	179.02	184.50	176.25	182.00	1762881	320683136.00
2021/01/19	179.87	184.58	176.06	177.61	1702704	306734816.00
2021/01/20	176.01	179.66	173.05	177.00	1930162	339924896.00
2021/01/21	178.09	181.35	175.31	180.00	1374377	246047312.00
2021/01/22	179.70	179.70	169.50	174.13	3215060	555204864.00
2021/01/25	174.13	176.92	172.03	174.15	1627380	283683904.00
2021/01/26	174.11	182.00	171.30	172.84	1207507	209577040.00
2021/01/27	172.50	173.87	168.80	169.80	1318287	225050928.00
2021/01/28	170.00	172.39	165.01	165.70	1263201	211919280.00
2021/01/29	164.00	177.75	164.00	172.38	1973355	339277248.00
2021/02/01	174.28	176.20	170.57	174.00	1671743	290601152.00
2021/02/02	175.94	184.56	169.60	182.47	2570647	463293824.00
2021/02/03	182.82	184.92	177.00	183.51	1739289	316277408.00
2021/02/04	178.10	189.22	178.10	182.19	1976432	362752064.00
2021/02/05	180.88	186.22	179.28	181.97	1416607	260358736.00
2021/02/08	180.97	189.07	180.00	188.89	2058657	383146304.00
2021/02/09	189.00	202.99	182.00	201.09	2429797	474143232.00
2021/02/10	202.20	202.92	193.03	198.21	1442169	285636320.00
2021/02/18	204.57	205.94	193.71	196.68	1733550	343287712.00
2021/02/19	195.83	196.68	177.01	180.66	3176915	574106880.00
2021/02/22	182.90	182.90	171.00	172.86	2258844	396765600.00
2021/02/23	169.40	176.00	168.00	172.22	1241378	213911472.00
2021/02/24	173.22	173.22	155.00	160.47	2849230	461389856.00
2021/02/25	159.58	160.94	154.68	157.82	2459128	386456160.00
2021/02/26	156.98	156.98	149.00	152.40	2404565	366787456.00
2021/03/01	153.55	159.50	152.60	153.67	2549339	395344224.00
2021/03/02	154.12	156.76	150.93	152.92	1626804	249126016.00
2021/03/03	154.00	155.68	150.70	154.25	1445350	221590480.00
2021/03/04	152.10	153.07	145.67	151.09	1648246	248063232.00
2021/03/05	148.86	151.49	144.01	150.12	2143453	316951968.00
2021/03/08	151.50	152.40	140.00	142.16	1968157	287561568.00
2021/03/09	141.11	145.30	138.00	140.07	2627646	372582240.00
2021/03/10	142.73	147.80	140.10	146.02	2374100	342608384.00
2021/03/11	147.50	149.86	144.05	145.56	1494068	218744768.00
2021/03/12	145.56	152.62	145.00	151.89	2140969	320835296.00
2021/03/15	147.90	149.70	142.00	143.63	1760893	255562896.00
2021/03/16	145.00	146.95	142.20	145.58	1420367	205898880.00
2021/03/17	147.00	160.14	145.30	160.14	2376146	369571872.00
2021/03/18	163.00	163.00	154.50	160.24	1807543	286776704.00
2021/03/19	157.20	161.54	154.12	156.49	1202792	188300416.00
2021/03/22	154.68	160.16	152.00	154.78	1178105	183691024.00
2021/03/23	155.00	155.94	151.10	151.91	1099673	167776592.00
2021/03/24	151.90	154.90	149.10	151.32	1741455	263644256.00
2021/03/25	149.80	152.90	148.36	152.15	1093688	165367120.00
2021/03/26	153.04	164.40	152.50	163.58	2021667	324129728.00
2021/03/29	163.90	166.71	160.00	160.92	1623400	264061232.00
2021/03/30	162.65	170.98	161.01	168.39	1840411	307745984.00
2021/03/31	169.98	169.98	163.02	165.83	1180989	195431504.00
2021/04/01	167.78	181.20	165.26	175.51	2017542	351950560.00
2021/04/02	178.60	179.39	172.74	174.53	1546478	271741888.00
2021/04/06	174.00	179.61	173.68	178.30	1083218	191940128.00
2021/04/07	177.77	177.77	169.00	173.80	1319373	228640848.00
2021/04/08	174.15	178.50	172.23	175.10	1858282	326203904.00
2021/04/09	174.87	175.00	161.50	167.46	2977929	497653408.00
2021/04/12	168.35	172.99	155.17	160.00	2807145	451836800.00
2021/04/13	162.40	169.66	161.04	163.26	1686315	277824256.00
2021/04/14	164.28	171.87	164.28	171.00	1607064	271859296.00
2021/04/15	167.01	174.00	165.15	172.65	1946163	331145248.00
2021/04/16	171.10	172.99	163.50	166.08	1842666	306880128.00
2021/04/19	165.00	171.53	164.00	168.00	1390072	234153056.00
2021/04/20	168.53	172.00	166.41	170.02	1311751	222634736.00
2021/04/21	169.12	178.95	168.58	177.00	1489302	260368112.00
2021/04/22	177.00	177.01	172.15	176.00	845103	147749584.00
2021/04/23	175.41	185.00	174.69	181.99	1198112	216603472.00
2021/04/26	181.10	189.00	180.00	182.00	2183048	402122912.00
2021/04/27	181.55	188.50	180.86	187.50	1223561	228356656.00
2021/04/28	185.99	191.40	183.50	188.81	1285745	241407264.00
2021/04/29	186.26	195.63	185.31	188.80	928576	175354992.00
2021/04/30	189.52	191.69	185.00	189.38	979216	184905200.00
2021/05/06	189.38	192.50	182.23	185.90	1437204	266622480.00
2021/05/07	185.88	190.35	178.08	178.31	1141452	208817632.00
2021/05/10	179.78	181.76	173.08	176.14	1264316	222946064.00
2021/05/11	174.97	177.95	171.50	172.21	953781	165339392.00
2021/05/12	171.99	173.50	167.86	171.42	1341570	229595888.00
2021/05/13	169.30	172.34	166.47	168.65	1057922	178659872.00
2021/05/14	168.53	178.50	165.00	177.65	1962834	339175968.00
2021/05/17	177.00	186.49	176.00	182.60	1520233	275513760.00
2021/05/18	182.63	183.73	170.20	177.58	1626393	286665408.00
2021/05/19	177.00	180.80	175.00	177.67	816926	145823040.00
2021/05/20	176.60	181.94	176.10	178.52	902958	161009008.00
2021/05/21	178.73	179.66	172.43	174.25	1275100	222232160.00
2021/05/24	172.97	179.10	172.53	178.00	1131103	200515424.00
2021/05/25	177.10	184.70	177.10	183.17	1012450	184731920.00
2021/05/26	184.55	185.00	175.10	181.05	1537466	276269312.00
2021/05/27	178.77	182.30	176.11	182.30	1344716	240786080.00
2021/05/28	179.00	181.00	177.61	178.83	1204098	215884464.00
2021/05/31	179.00	181.20	175.66	180.30	1496601	267997248.00
2021/06/01	179.82	186.24	178.39	185.20	1544290	282197888.00
2021/06/02	185.21	186.98	179.00	181.99	1332961	242800576.00
2021/06/03	181.99	189.60	180.24	187.63	1582650	295987136.00
2021/06/04	186.80	195.40	184.80	193.35	1459632	280394880.00
2021/06/07	195.74	195.82	188.38	192.72	1418377	270936608.00
2021/06/08	194.93	194.97	186.20	187.00	959031	181346464.00
2021/06/09	187.93	187.93	178.40	180.84	1307263	237190528.00
2021/06/10	179.00	192.40	178.00	191.22	1746277	326908736.00
2021/06/11	192.00	192.85	182.50	182.60	1575098	291158016.00
2021/06/15	183.87	184.39	180.22	180.39	799225	144791296.00
2021/06/16	179.24	179.98	174.51	174.52	1020935	180584336.00
2021/06/17	177.34	183.99	176.49	183.22	1211700	219899376.00
2021/06/18	183.33	191.10	182.94	187.48	1184950	222351504.00
2021/06/21	187.48	189.95	184.11	186.42	556853	104138568.00
2021/06/22	185.78	189.00	182.00	186.90	1083824	201399408.00
2021/06/23	187.09	190.38	185.71	186.57	870839	163800592.00
2021/06/24	186.87	188.50	182.80	185.51	685142	126902032.00
2021/06/25	185.88	187.84	182.52	185.90	628409	116488912.00
2021/06/28	185.88	196.00	184.02	194.97	1117044	214687664.00
2021/06/29	195.00	202.50	193.32	198.00	1163524	230671856.00
2021/06/30	199.50	200.00	191.62	194.05	782701	152292240.00
2021/07/01	194.05	198.57	190.20	198.20	669466	130606464.00
2021/07/02	193.31	197.77	190.00	191.25	1380140	267281584.00
2021/07/05	191.00	203.18	191.00	202.15	1444621	289877504.00
2021/07/06	202.45	204.00	187.50	191.81	1326867	257373744.00
2021/07/07	189.99	201.58	188.88	200.00	908896	180035488.00
2021/07/08	199.50	202.00	192.50	195.78	768465	150868720.00
2021/07/09	195.78	195.78	188.00	190.75	1251320	238016256.00
2021/07/12	192.83	194.75	189.00	189.71	854977	163667568.00
2021/07/13	199.00	208.68	196.60	208.68	1953607	404699328.00
2021/07/14	213.01	223.06	208.30	220.22	1942674	422434144.00
2021/07/15	218.18	224.58	216.20	218.11	1559930	342025600.00
2021/07/16	221.10	222.21	210.01	213.30	1293831	276833760.00
2021/07/19	211.23	212.94	206.01	209.73	1244328	260289072.00
2021/07/20	208.78	220.00	207.01	217.18	1382391	296049568.00
2021/07/21	215.18	230.06	215.18	228.00	1282985	288508096.00
2021/07/22	226.81	229.80	220.35	224.00	894812	200115200.00
2021/07/23	224.12	225.00	214.45	225.00	1577225	345296768.00
2021/07/26	221.30	224.00	212.00	218.92	1418368	310037888.00
2021/07/27	212.03	221.72	205.10	207.80	1092067	233639168.00
2021/07/28	204.70	212.00	197.42	200.01	1541766	311248608.00
2021/07/29	208.01	213.70	205.00	209.01	1007189	211011856.00
2021/07/30	211.50	211.50	203.20	204.04	833222	172040592.00
2021/08/02	202.79	219.00	199.80	218.47	1252920	263666736.00
2021/08/03	218.47	222.80	215.38	220.00	867203	190025872.00
2021/08/04	217.51	235.70	217.51	225.89	1145734	260595184.00
2021/08/05	226.38	230.78	221.01	222.01	852468	190821888.00
2021/08/06	222.08	223.99	215.58	218.50	559055	121867880.00
2021/08/09	219.00	229.58	212.71	225.15	838424	187153984.00
2021/08/10	227.00	227.00	215.55	222.22	805785	177405312.00
2021/08/11	221.50	240.00	217.30	237.81	1668288	388763616.00
2021/08/12	237.93	237.93	225.01	227.99	1173554	268384224.00
2021/08/13	226.83	232.09	223.03	228.73	619545	141195904.00
2021/08/16	227.99	231.78	221.79	223.48	829400	185984464.00
2021/08/17	222.44	230.00	220.00	224.00	849306	190469328.00
2021/08/18	223.33	223.33	201.60	201.60	3983722	819007936.00
2021/08/19	197.00	197.28	185.19	191.80	5990906	1134966784.00
2021/08/20	188.80	193.06	185.05	189.10	1924600	363883520.00
2021/08/23	189.10	192.98	178.80	184.93	2474238	460287648.00
2021/08/24	182.56	188.80	182.51	186.12	1685406	314822688.00
2021/08/25	188.63	191.45	182.65	191.29	1313904	247106416.00
2021/08/26	190.99	191.18	183.55	183.75	1073204	199882576.00
2021/08/27	182.00	187.85	173.08	176.10	2330543	417481184.00
2021/08/30	175.31	177.79	164.52	171.05	4420468	744646400.00
2021/08/31	171.69	172.47	160.31	161.52	2851339	466045056.00
2021/09/01	156.32	160.20	151.00	158.98	2865022	450171424.00
2021/09/02	158.98	159.86	150.11	151.69	2275718	348501632.00
2021/09/03	148.90	153.32	144.50	146.03	3254329	481503168.00
2021/09/06	148.68	154.00	146.00	152.91	2867138	435510656.00
2021/09/07	154.13	157.97	151.11	153.18	2186807	337700832.00
2021/09/08	153.66	154.60	149.01	153.48	1622359	246334912.00
2021/09/09	153.46	153.47	148.00	149.00	1436047	214751856.00
2021/09/10	148.13	152.00	147.05	149.95	1150251	172507616.00
2021/09/13	150.17	151.49	145.05	147.00	1435751	211477296.00
2021/09/14	147.37	149.48	143.60	145.01	1501601	219385808.00
2021/09/15	142.80	144.77	138.00	140.78	2194726	308261312.00
2021/09/16	139.51	143.45	134.10	134.80	1921562	264148560.00
2021/09/17	134.14	141.00	132.55	137.00	2072562	282871008.00
2021/09/22	133.54	133.79	126.30	131.00	3424472	447200192.00
2021/09/23	133.29	135.88	128.00	131.40	3792264	497833216.00
2021/09/24	130.50	133.98	127.01	127.34	2125447	273532160.00
2021/09/27	127.34	132.90	126.99	128.69	2470973	320695104.00
2021/09/28	129.58	141.56	128.66	141.56	1664540	229583744.00
2021/09/29	142.20	142.56	131.01	131.60	3427212	463256576.00
2021/09/30	133.99	143.23	132.88	137.37	2975542	413675648.00
2021/10/08	139.79	140.00	132.45	132.60	2020543	271472416.00
2021/10/11	133.80	143.20	132.02	138.51	2309470	321200800.00
2021/10/12	138.21	145.43	136.60	141.54	2333065	331764896.00
2021/10/13	141.56	149.89	141.54	146.42	2215392	325076416.00
2021/10/14	147.00	147.76	137.10	139.08	2663141	372027584.00
2021/10/15	139.00	139.01	131.30	131.99	2571891	341458784.00
2021/10/18	131.46	133.00	127.30	131.57	2338656	304272928.00
2021/10/19	132.24	136.78	131.90	136.24	2341708	317826688.00
2021/10/20	135.29	139.80	131.50	132.33	2118179	283451168.00
2021/10/21	135.61	142.00	133.57	137.69	3004787	414429824.00
2021/10/22	140.00	151.46	138.32	150.40	6636507	985854272.00
2021/10/25	147.00	148.97	139.56	143.10	5026382	719942272.00
2021/10/26	141.81	144.05	136.98	137.27	3106633	430011936.00
2021/10/27	135.31	135.42	128.80	129.25	3189804	416810976.00
2021/10/28	131.28	139.39	130.51	137.79	3356409	457783712.00
2021/10/29	137.80	137.97	131.37	133.58	2384273	317903648.00
2021/11/01	132.95	134.00	129.55	132.37	2469407	324486912.00
2021/11/02	132.87	140.89	130.26	136.03	3111182	425317472.00
2021/11/03	136.10	144.91	135.20	142.60	3392468	479334080.00
2021/11/04	144.38	144.99	140.00	142.60	2149870	306868256.00
2021/11/05	141.23	143.50	139.30	140.09	1500026	211339904.00
2021/11/08	141.60	141.60	134.80	135.50	1664361	227424304.00
2021/11/09	136.01	145.83	135.20	144.43	3401132	478534944.00
2021/11/10	142.00	149.00	137.68	148.00	3469013	500218592.00
2021/11/11	152.00	162.80	150.96	161.50	5819143	928910272.00
2021/11/12	165.20	167.90	161.97	164.62	2818520	465000576.00
2021/11/15	164.58	169.75	158.24	163.90	2196627	363370784.00
2021/11/16	162.49	165.00	159.15	163.64	1623334	263546720.00
2021/11/17	161.29	162.64	154.40	158.01	1787783	282344480.00
2021/11/18	159.00	159.30	150.00	151.50	2793967	424674304.00
2021/11/19	151.00	160.98	146.60	160.00	3447374	526292704.00
2021/11/22	159.70	163.43	155.43	155.90	2789621	441377472.00
2021/11/23	155.69	157.91	151.54	154.53	1880113	290041792.00
2021/11/24	152.44	160.71	152.28	157.58	2060989	324576832.00
2021/11/25	156.00	164.17	156.00	161.98	1836348	294436512.00
2021/11/26	161.76	161.76	156.58	159.26	939177	148912208.00
2021/11/29	158.16	160.00	156.51	159.39	1008399	159996320.00
2021/11/30	160.01	160.01	152.00	153.00	2394873	370713952.00
2021/12/01	151.50	152.99	148.30	152.30	1314585	198079504.00
2021/12/02	151.19	155.96	148.00	152.80	1520315	231492128.00
2021/12/03	152.21	158.80	149.55	154.50	1576665	243389456.00
2021/12/06	158.00	164.52	157.51	161.78	2887787	469286688.00
2021/12/07	168.49	176.00	163.70	165.34	4525319	765574208.00
2021/12/08	165.99	175.45	163.00	173.05	2761328	472848672.00
2021/12/09	173.39	181.70	170.54	179.00	2906580	514888576.00
2021/12/10	178.61	182.58	174.48	180.00	3134506	562030592.00
2021/12/13	182.16	192.00	181.50	186.87	3036262	568458304.00
2021/12/14	186.44	186.80	181.00	183.24	1894197	347766208.00
2021/12/15	184.70	184.70	175.51	177.27	1925411	343430112.00
2021/12/16	178.20	178.58	171.00	174.05	2073536	359410080.00
2021/12/17	173.28	176.70	171.01	171.66	1411494	243508432.00
2021/12/20	170.00	178.27	169.20	170.68	1871194	322454752.00
2021/12/21	169.87	183.40	168.61	181.90	2752174	493905472.00
2021/12/22	181.79	190.95	176.93	189.49	2231774	418770784.00
2021/12/23	188.58	190.50	184.63	189.47	1086009	203896688.00
2021/12/24	191.50	195.20	186.01	189.11	1483699	284106720.00
2021/12/27	190.03	200.30	190.03	192.25	3779327	742281280.00
2021/12/28	193.00	193.22	182.60	186.80	2716272	508458464.00
2021/12/29	188.00	188.05	179.33	180.50	2542075	464614464.00
2021/12/30	179.45	186.30	178.02	183.00	1925867	351204192.00
2021/12/31	183.43	184.11	177.23	181.59	2628922	475858272.00
2022/01/04	181.00	181.99	170.65	174.54	2479338	431298272.00
2022/01/05	174.99	175.79	170.00	171.32	1663938	285195552.00
2022/01/06	169.50	180.53	168.28	169.50	3264408	561767104.00
2022/01/07	168.56	177.99	167.20	175.00	4172030	727002560.00
2022/01/10	175.00	182.39	170.00	180.10	2980155	525043936.00
2022/01/11	179.99	180.10	170.08	170.32	1724920	299498496.00
2022/01/12	170.13	172.45	161.71	165.49	3234848	533357920.00
2022/01/13	164.10	164.13	154.42	158.99	3138137	495226528.00
2022/01/14	154.22	158.69	153.12	155.43	2023949	314867136.00
2022/01/17	152.78	162.89	152.78	159.70	2715284	433325056.00
2022/01/18	160.40	169.88	156.44	169.50	2848108	475190528.00
2022/01/19	168.30	177.20	167.24	172.68	2119680	368810624.00
2022/01/20	172.68	179.77	170.13	177.35	2569038	453315392.00
2022/01/21	177.77	179.50	170.01	173.16	1436411	249137440.00
2022/01/24	172.80	174.50	169.08	172.13	921900	158190752.00
2022/01/25	171.99	176.95	168.45	169.25	864552	148485888.00
2022/01/26	169.29	171.80	165.02	168.10	1273990	214386448.00
2022/01/27	168.58	168.60	161.32	162.48	1353434	221653648.00
2022/01/28	163.80	166.00	157.75	159.29	1453826	233458176.00
2022/02/07	160.78	162.66	154.90	157.97	1680362	265302032.00
2022/02/08	158.00	158.10	145.28	146.99	2763677	408903456.00
2022/02/09	147.31	150.20	143.28	148.34	2175309	320407104.00
2022/02/10	148.97	149.49	143.00	144.19	1556893	226001424.00
2022/02/11	146.61	155.00	144.10	151.38	3103724	470864352.00
2022/02/14	150.00	150.00	143.28	143.90	2082283	304316544.00
2022/02/15	144.60	146.88	142.31	146.81	1153089	166751088.00
2022/02/16	146.80	150.63	144.71	149.02	1534923	227634640.00
2022/02/17	149.46	149.46	143.90	148.05	1854066	271358112.00
2022/02/18	148.33	148.33	142.00	142.60	2729997	392097280.00
2022/02/21	142.00	144.87	137.68	140.20	3150189	439792576.00
2022/02/22	138.34	139.80	136.33	139.65	1401770	194417744.00
2022/02/23	134.43	134.43	125.69	125.69	1939300	245026416.00
2022/02/24	119.41	121.34	113.12	113.12	9281978	1063603264.00
2022/02/25	110.00	112.47	107.51	109.50	7543209	833096640.00
2022/02/28	109.80	110.27	105.75	106.00	5217236	556770304.00
2022/03/01	107.00	112.57	106.50	111.28	6467881	714838464.00
2022/03/02	113.08	113.15	108.00	109.01	3415449	373363136.00
2022/03/03	108.60	109.19	103.51	105.10	5287466	555038592.00
2022/03/04	103.64	106.70	101.81	102.30	4022419	414755328.00
2022/03/07	101.50	102.00	99.00	99.75	4073650	409155104.00
2022/03/08	100.00	102.50	95.68	96.64	3420172	334721664.00
2022/03/09	96.00	97.32	90.60	94.12	3745876	352880224.00
2022/03/10	96.00	96.98	94.55	95.40	2967909	283718912.00
2022/03/11	94.00	96.13	92.00	95.60	2336113	219546528.00
2022/03/14	95.00	95.00	92.00	92.15	2371009	220641712.00
2022/03/15	92.00	92.00	86.38	86.58	3779645	335312832.00
2022/03/16	88.00	88.88	83.45	87.01	5164109	445645792.00
2022/03/17	89.10	95.71	89.10	95.71	3867864	361201856.00
2022/03/18	96.67	99.64	94.80	99.01	7432632	725351936.00
2022/03/21	99.00	99.00	96.15	97.90	3912121	381014816.00
2022/03/22	96.73	104.75	95.99	103.01	6084351	616367936.00
2022/03/23	102.40	103.75	99.23	101.20	3954409	399241440.00
2022/03/24	101.08	101.08	97.60	99.49	3742052	369974496.00
2022/03/25	99.41	100.08	97.20	98.10	2828853	279058784.00
2022/03/28	96.89	97.90	95.00	95.60	2416147	231416848.00
2022/03/29	97.50	97.50	93.59	94.68	1717959	163416208.00
2022/03/30	95.12	104.15	94.66	104.15	3444160	346955936.00
2022/03/31	109.00	111.00	104.16	107.27	6858002	736786304.00
2022/04/01	106.00	106.88	103.30	105.88	3218372	338204128.00
2022/04/06	107.19	113.37	106.50	111.96	4623928	512880192.00
2022/04/07	110.54	114.00	107.38	108.00	2989026	329669568.00
2022/04/08	107.76	109.38	105.08	109.00	2169787	233982016.00
2022/04/11	107.91	107.91	103.00	104.35	2201414	231283232.00
2022/04/12	104.00	105.44	100.70	101.85	2445014	250444784.00
2022/04/13	100.50	100.97	94.32	96.03	4107144	394996384.00
2022/04/14	96.90	103.00	96.50	99.63	2421699	242589616.00
2022/04/15	98.96	103.36	96.66	102.50	2305310	233624608.00
2022/04/18	101.00	101.90	98.93	101.17	1346117	135269696.00
2022/04/19	100.02	100.96	95.00	95.49	2596350	250974080.00
2022/04/20	95.87	96.49	92.78	93.58	2199174	207002416.00
2022/04/21	93.58	93.58	89.10	89.66	1935770	176429728.00
2022/04/22	88.66	90.89	87.26	89.05	1951319	173781792.00
2022/04/25	85.00	89.94	83.37	83.51	1979556	169760048.00
2022/04/26	83.50	85.49	78.05	79.44	3987352	323399360.00
2022/04/27	71.50	74.97	71.50	72.69	8229230	597028544.00
2022/04/28	72.99	72.99	68.12	70.62	5293841	369460096.00
2022/04/29	71.20	77.68	70.00	77.68	4183351	308103616.00
2022/05/05	78.71	83.48	77.50	82.55	5106573	415891232.00
2022/05/06	80.00	86.18	78.81	85.78	2824997	237002320.00
2022/05/09	86.01	86.78	82.50	84.36	2423465	203789472.00
2022/05/10	82.00	85.98	81.87	85.19	1782942	150832912.00
2022/05/11	84.66	87.88	84.00	85.25	2128166	183665328.00
2022/05/12	85.19	87.79	83.20	86.32	1751949	150955904.00
2022/05/13	87.40	87.40	84.25	86.00	1540669	132173040.00
2022/05/16	90.00	91.00	84.50	84.97	2292310	200414016.00
2022/05/17	83.20	87.20	83.20	86.59	1497443	128096824.00
2022/05/18	86.00	87.50	85.10	85.90	990539	85158352.00
2022/05/19	84.50	86.02	83.53	86.00	1225100	103926088.00
2022/05/20	85.99	91.00	85.30	89.23	2494093	222285280.00
2022/05/23	89.70	89.92	83.00	83.87	3155702	267271968.00
2022/05/24	84.01	85.40	81.18	81.49	2278339	190370512.00
2022/05/25	81.18	84.79	80.50	84.55	1860885	155421328.00
2022/05/26	85.00	85.95	81.80	85.00	1568384	132291632.00
2022/05/27	85.19	85.89	82.43	82.70	1139036	95297472.00
2022/05/30	82.72	83.19	80.80	81.54	1564800	127105712.00
2022/05/31	81.53	84.70	79.22	83.95	2101861	172908032.00
2022/06/01	83.95	92.35	83.10	92.35	2452892	220473152.00
2022/06/02	92.82	94.57	89.95	93.50	4393506	406275264.00
2022/06/06	93.13	94.26	92.01	93.03	2457440	228776816.00
2022/06/07	94.00	94.00	90.60	91.58	1980383	181278432.00
2022/06/08	91.15	92.50	89.50	90.71	1709428	155285280.00
2022/06/09	90.71	91.99	86.78	87.73	2151695	190378832.00
2022/06/10	87.75	90.38	85.08	89.98	2243443	199371040.00
2022/06/13	89.73	89.87	86.04	86.86	1675871	146652576.00
2022/06/14	86.19	86.79	83.24	85.94	1420413	120221792.00
2022/06/15	86.03	94.53	86.01	94.53	3413533	314746048.00
2022/06/16	94.34	98.05	94.00	95.05	4654465	446615232.00
2022/06/17	94.00	95.55	92.19	95.05	2504464	235597744.00
2022/06/20	99.80	104.56	98.22	101.97	6351741	653076352.00
2022/06/21	101.98	109.55	101.53	105.00	7583785	801841600.00
2022/06/22	104.01	104.97	97.95	98.47	4829212	482385824.00
2022/06/23	98.04	100.60	96.45	100.60	3624166	359581824.00
2022/06/24	100.00	108.49	99.85	107.00	6140944	641044032.00
2022/06/27	106.99	116.00	106.99	114.79	5715039	645201472.00
2022/06/28	113.18	115.58	109.68	113.68	2860755	324447968.00
2022/06/29	113.00	123.78	112.00	119.57	3676000	441532480.00
2022/06/30	119.59	131.42	118.27	129.72	4282372	539613184.00
2022/07/01	129.03	136.00	122.00	126.84	4662301	588063168.00
2022/07/04	125.90	125.90	120.63	122.20	3797894	464542880.00
2022/07/05	121.79	123.53	115.73	118.52	4637524	552131712.00
2022/07/06	119.79	119.87	113.95	115.05	3251828	375899456.00
2022/07/07	115.83	116.00	111.86	113.46	2250098	254272656.00
2022/07/08	115.11	116.98	111.50	112.80	1777920	201231344.00
2022/07/11	112.80	113.00	108.25	109.88	1897156	208467536.00
2022/07/12	110.00	111.00	105.00	105.87	2762846	294744608.00
2022/07/13	105.85	108.80	104.08	105.99	2435208	258997008.00
2022/07/14	104.93	104.93	96.48	97.72	6936583	691343680.00
2022/07/15	97.52	97.52	89.01	89.09	9992034	926365888.00
2022/07/18	89.33	91.50	86.21	90.49	6308347	565710784.00
2022/07/19	90.60	90.79	86.06	87.50	5304406	465459424.00
2022/07/20	87.05	87.18	84.00	84.34	5374126	459156672.00
2022/07/21	84.00	84.76	82.01	82.20	3564834	296777696.00
2022/07/22	82.25	82.73	77.45	78.50	6060317	480963776.00
2022/07/25	78.80	85.36	78.40	83.65	9597027	796746048.00
2022/07/26	84.00	86.90	82.28	84.96	7225613	615012480.00
2022/07/27	84.48	85.70	82.72	83.15	3939081	329291936.00
2022/07/28	83.15	84.91	82.15	84.41	4926783	411533024.00
2022/07/29	83.20	83.20	79.55	80.50	4695839	379460416.00
2022/08/01	80.18	80.49	78.55	79.06	3532689	280192736.00
2022/08/02	77.55	78.38	74.70	76.37	4474367	342643360.00
2022/08/03	75.89	77.37	74.17	74.22	3874402	291406144.00
2022/08/04	74.41	75.90	73.98	75.09	2761951	206664944.00
2022/08/05	75.79	77.68	74.42	77.59	3125641	238842480.00
2022/08/08	79.17	81.32	76.89	77.70	5120422	402213120.00
2022/08/09	78.17	78.59	75.00	75.51	3285495	249880880.00
2022/08/10	75.50	75.50	73.77	74.13	3061184	227241744.00
2022/08/11	74.59	78.50	74.36	77.79	4794913	367758400.00
2022/08/12	77.20	81.31	75.72	79.70	5378582	424290496.00
2022/08/15	78.22	79.96	75.70	76.38	5285010	408081952.00
2022/08/16	77.07	83.98	76.40	81.82	8598155	692634816.00
2022/08/17	81.49	83.77	79.42	82.35	5744747	469012832.00
2022/08/18	81.70	85.88	80.88	85.32	7036159	589713216.00
2022/08/19	85.00	89.68	83.12	88.12	8068820	706813376.00
2022/08/22	88.12	94.33	87.00	91.33	6380203	584674880.00
2022/08/23	90.94	90.95	86.01	86.84	5467095	481245632.00
2022/08/24	87.63	89.50	84.77	86.19	4279388	373314304.00
2022/08/25	85.28	91.42	85.28	91.20	5876209	529140192.00
2022/08/26	92.50	93.50	89.23	90.75	3827760	348382848.00
2022/08/29	88.80	90.11	86.85	89.04	2228702	197413264.00
2022/08/30	89.03	91.55	88.31	90.74	2616890	236976832.00
2022/08/31	90.30	96.00	90.11	95.47	5200720	489977056.00
2022/09/01	95.45	102.00	93.60	100.50	6244215	617759424.00
2022/09/02	99.50	101.52	95.59	96.98	4882637	475307168.00
2022/09/05	96.00	96.23	87.28	87.28	5473523	495506208.00
2022/09/06	82.51	85.68	80.80	83.52	6006330	502470656.00
2022/09/07	84.83	86.30	80.08	80.32	6603559	542612672.00
2022/09/08	80.33	83.33	79.00	83.08	5174443	421971520.00
2022/09/09	82.11	91.39	82.11	91.39	6310960	557177472.00
2022/09/13	93.00	96.63	91.57	95.32	6074710	574554048.00
2022/09/14	93.50	96.80	92.60	96.70	4327412	411458976.00
2022/09/15	96.00	99.24	94.23	98.35	5691580	557651136.00
2022/09/16	97.40	97.92	92.60	92.75	5524422	523241568.00
2022/09/19	93.64	94.60	90.99	91.89	3436467	317567104.00
2022/09/20	91.89	92.95	87.00	89.79	4122712	366384864.00
2022/09/21	90.00	90.75	86.58	87.53	2742327	241630624.00
2022/09/22	87.77	89.50	85.80	86.25	3233031	282589696.00
2022/09/23	86.25	87.45	82.60	83.06	3712983	312488672.00
2022/09/26	83.07	91.37	82.56	91.37	5676773	508401120.00
2022/09/27	91.38	93.00	85.71	89.88	6823723	609373952.00
2022/09/28	88.97	94.88	87.10	89.84	5511500	506070944.00
2022/09/29	90.50	90.55	86.03	86.58	3433932	302209248.00
2022/09/30	89.43	90.88	87.20	88.53	4189921	372136704.00
2022/10/10	88.52	93.44	87.50	89.83	3983091	361483104.00
2022/10/11	88.90	90.62	84.50	86.04	3711374	322371552.00
2022/10/12	85.47	85.85	82.19	85.56	3763375	314790432.00
2022/10/13	85.00	87.80	83.80	86.05	2545176	219853408.00
2022/10/14	86.66	94.16	86.00	91.88	5262194	480390848.00
2022/10/17	91.50	93.91	89.85	93.11	3340628	307883936.00
2022/10/18	93.11	94.00	91.13	91.95	2374885	219144112.00
2022/10/19	91.64	93.99	88.50	88.88	2939791	267421952.00
2022/10/20	89.80	91.88	86.78	88.19	2679375	237314288.00
2022/10/21	88.67	89.18	84.20	85.18	3768416	322762592.00
2022/10/24	84.50	84.82	80.82	82.25	3941058	324804512.00
2022/10/25	81.00	84.50	79.60	80.79	5109259	417966784.00
2022/10/26	80.70	80.70	76.54	77.87	5576581	434813920.00
2022/10/27	77.30	81.58	73.61	79.63	7127596	554568000.00
2022/10/28	78.25	84.89	77.60	81.49	6218376	510340960.00
2022/10/31	79.95	81.15	77.66	79.22	3979135	314624672.00
2022/11/01	79.72	80.88	77.24	80.05	4997041	392968704.00
2022/11/02	79.70	83.50	79.00	82.45	5336112	435159552.00
2022/11/03	81.20	81.98	77.50	79.75	5353660	425572800.00
2022/11/04	79.55	85.00	79.00	83.66	6369049	527154272.00
2022/11/07	83.54	85.57	81.57	84.36	3292160	275700032.00
2022/11/08	84.00	85.49	82.29	83.93	2636053	220422368.00
2022/11/09	83.98	89.00	83.97	86.67	4795394	418627456.00
2022/11/10	85.37	87.51	84.65	86.06	2667306	229922096.00
2022/11/11	88.57	94.67	87.80	94.67	4798114	448040288.00
2022/11/14	100.77	104.13	95.72	97.82	13052031	1315124992.00
2022/11/15	98.00	102.28	94.89	101.25	7242866	721652288.00
2022/11/16	100.96	104.28	99.50	102.55	4196018	429431808.00
2022/11/17	102.50	103.90	100.14	102.99	3085896	315096672.00
2022/11/18	103.09	103.67	101.00	101.91	3054275	313035040.00
2022/11/21	101.81	101.87	97.80	101.26	3241431	322973376.00
2022/11/22	102.00	104.43	99.50	100.37	2665945	271452224.00
2022/11/23	100.10	100.48	96.51	97.45	2270419	222180496.00
2022/11/24	100.00	101.50	97.56	99.50	2211868	219122128.00
2022/11/25	99.98	105.00	99.00	103.60	4023776	415428192.00
2022/11/28	100.54	104.16	99.76	103.70	2755600	281740672.00
2022/11/29	109.02	113.00	103.71	107.80	6522201	704363584.00
2022/11/30	107.00	108.00	103.73	103.93	3079276	324516992.00
2022/12/01	103.94	108.00	103.00	103.00	2191282	229464032.00
2022/12/02	103.00	103.61	97.48	99.10	4378551	435487904.00
2022/12/05	100.00	108.00	100.00	106.85	4247941	446557728.00
2022/12/06	107.35	108.00	104.65	105.63	1819029	193191856.00
2022/12/07	105.63	105.65	102.60	103.73	2131564	221071760.00
2022/12/08	105.24	105.24	102.23	104.25	1386147	143931120.00
2022/12/09	105.26	110.69	103.62	109.80	4992493	539060864.00
2022/12/12	108.10	110.50	105.01	105.80	2050902	219654496.00
2022/12/13	105.35	108.50	104.24	107.99	1531809	163440432.00
2022/12/14	106.10	109.26	106.10	108.06	1437240	155371888.00
2022/12/15	108.52	110.63	104.25	110.63	2750682	296095904.00
2022/12/16	108.60	112.49	107.87	108.69	1471743	161967440.00
2022/12/19	109.58	113.26	108.88	109.80	1702856	189097904.00
2022/12/20	107.51	109.00	102.90	104.98	1889605	198833536.00
2022/12/21	104.26	105.66	102.83	103.78	1137835	118281992.00
2022/12/22	104.86	106.60	102.30	102.55	1099478	114627296.00
2022/12/23	101.00	103.15	98.80	100.91	986237	99366432.00
2022/12/26	99.92	103.00	99.91	102.44	1025702	104714664.00
2022/12/27	103.86	104.80	102.45	103.25	647938	67087964.00
2022/12/28	102.80	104.10	100.02	103.12	1410054	144562176.00
2022/12/29	102.81	104.50	100.90	101.57	1102722	113086456.00
2022/12/30	101.59	104.78	101.59	103.95	1237507	128355640.00
2023/01/03	103.19	104.49	100.06	100.84	1751969	177387616.00
2023/01/04	99.89	106.99	99.75	105.00	2707078	283986656.00
2023/01/05	104.00	107.77	103.00	107.52	2066366	219547088.00
2023/01/06	108.68	110.40	107.18	108.96	1799706	196413152.00
2023/01/09	108.37	109.32	105.92	107.13	1379263	147952128.00
2023/01/10	106.89	108.89	105.52	107.33	717297	76977168.00
2023/01/11	107.33	109.20	105.65	106.30	1106917	118633624.00
2023/01/12	106.31	106.79	104.16	105.42	1221371	128449032.00
2023/01/13	104.50	111.96	104.50	111.04	2325315	254798256.00
2023/01/16	111.20	112.50	109.00	111.20	1173087	130186680.00
2023/01/17	110.78	112.00	108.10	109.53	823691	90007072.00
2023/01/18	108.59	109.19	103.80	104.44	1687505	178442848.00
2023/01/19	104.00	104.68	101.59	102.55	1694597	174291232.00
2023/01/20	102.39	103.73	101.58	103.29	1293049	132941920.00
2023/01/30	103.76	105.30	98.00	98.62	3451033	345900096.00
2023/01/31	97.66	99.70	97.12	99.31	1598331	158058288.00
2023/02/01	99.31	99.98	97.00	98.54	2110029	207411792.00
2023/02/02	98.55	100.28	97.73	99.21	1392667	138011968.00
2023/02/03	99.07	99.20	96.19	97.51	1819106	177311888.00
2023/02/06	97.07	98.50	96.00	96.99	1124069	108774152.00
2023/02/07	96.67	97.50	95.60	96.22	1473340	141808432.00
2023/02/08	95.80	96.58	95.11	95.38	1135544	108497776.00
2023/02/09	95.40	96.60	94.84	96.25	1911532	182946592.00
2023/02/10	96.01	97.60	95.51	97.59	2090238	202585728.00
数据来源:通达信
