001323 慕思股份 日线 不复权
      日期	    开盘	    最高	    最低	    收盘	    成交量	    成交额
2022/06/23	46.72	56.06	46.72	56.06	1803648	100405728.00
2022/06/24	61.67	61.67	51.00	51.03	20898461	1134377728.00
2022/06/27	47.00	51.00	47.00	48.18	12845022	618907776.00
2022/06/28	47.35	47.77	45.50	45.59	10982880	507246016.00
2022/06/29	44.54	49.90	44.52	48.30	13126178	620819968.00
2022/06/30	47.32	49.99	46.84	49.06	7486461	364624992.00
2022/07/01	48.80	49.75	47.70	47.70	4554756	220618736.00
2022/07/04	47.68	48.00	46.23	46.30	4140962	193342336.00
2022/07/05	46.31	47.10	45.71	45.84	3242549	149811088.00
2022/07/06	45.84	45.84	44.53	45.20	2852157	128319576.00
2022/07/07	45.21	47.80	44.58	46.71	3671323	168071840.00
2022/07/08	46.00	46.78	45.89	46.05	2182433	101031976.00
2022/07/11	45.80	45.83	44.80	45.05	1518453	68540632.00
2022/07/12	44.86	45.30	43.26	43.33	2404418	106269736.00
2022/07/13	43.35	44.18	42.50	43.96	2074762	90091784.00
2022/07/14	43.79	43.79	42.90	42.92	1795321	77584872.00
2022/07/15	42.66	43.77	42.16	42.90	2293355	98815352.00
2022/07/18	42.85	43.39	42.45	43.13	1226953	52809940.00
2022/07/19	43.20	43.85	42.60	43.56	1418525	61800476.00
2022/07/20	43.51	43.70	43.37	43.49	983249	42785580.00
2022/07/21	43.52	43.52	42.89	42.90	1258017	54160240.00
2022/07/22	42.89	43.27	41.90	42.04	1518493	64379136.00
2022/07/25	42.09	44.94	41.76	43.77	3296568	143173616.00
2022/07/26	43.68	44.41	42.80	43.70	1958053	85397448.00
2022/07/27	43.71	44.44	43.50	43.64	1635398	71984080.00
2022/07/28	44.00	44.18	42.80	42.87	1517466	65684504.00
2022/07/29	43.28	43.29	42.21	42.21	1032399	43924464.00
2022/08/01	42.21	42.73	41.65	41.78	1209381	50833496.00
2022/08/02	41.11	41.40	39.05	39.07	1991475	79344920.00
2022/08/03	38.60	39.60	38.60	38.68	1334181	51995880.00
2022/08/04	38.74	39.00	38.47	38.70	888752	34415192.00
2022/08/05	38.75	38.92	38.50	38.78	976914	37807380.00
2022/08/08	38.88	39.25	38.73	39.17	941840	36840700.00
2022/08/09	39.50	40.40	39.30	39.41	1188273	47213972.00
2022/08/10	39.15	39.20	38.32	38.58	1110107	42949212.00
2022/08/11	38.70	39.48	38.60	39.19	1195467	46672740.00
2022/08/12	39.39	41.00	39.01	40.38	2446267	97906240.00
2022/08/15	39.90	40.09	39.50	39.62	1373277	54506936.00
2022/08/16	39.51	39.97	39.46	39.51	890702	35321492.00
2022/08/17	39.39	39.60	38.90	39.22	931770	36453940.00
2022/08/18	39.00	39.48	38.85	38.93	820200	31932102.00
2022/08/19	38.80	39.24	38.50	38.56	1016074	39423824.00
2022/08/22	38.78	39.38	38.53	39.19	1426940	55628864.00
2022/08/23	39.08	39.22	38.70	38.80	1064530	41368936.00
2022/08/24	38.81	39.09	38.33	38.36	1050683	40560600.00
2022/08/25	38.36	40.38	38.32	39.45	2283092	90155808.00
2022/08/26	39.47	39.59	38.84	38.84	1208812	47268808.00
2022/08/29	38.40	39.22	38.18	39.03	758974	29486012.00
2022/08/30	38.85	39.27	38.75	39.18	920741	35907260.00
2022/08/31	39.10	43.10	39.02	41.95	6035259	250609568.00
2022/09/01	41.43	41.60	40.41	41.33	2829657	115703960.00
2022/09/02	41.50	42.79	41.16	41.77	2452720	102860192.00
2022/09/05	41.01	41.59	40.41	40.43	1452961	59312496.00
2022/09/06	40.55	40.86	39.06	39.78	2072294	82082544.00
2022/09/07	39.38	39.63	39.09	39.52	1067404	42010756.00
2022/09/08	39.74	39.91	39.30	39.49	1105091	43663200.00
2022/09/09	39.37	40.97	39.28	40.56	2177605	87691376.00
2022/09/13	40.58	41.37	40.57	40.63	1579902	64625364.00
2022/09/14	40.08	41.38	39.87	41.19	1421348	57793104.00
2022/09/15	41.00	42.29	40.70	41.97	3015129	126163120.00
2022/09/16	41.99	42.00	40.00	40.08	2506669	102088736.00
2022/09/19	38.96	38.96	37.35	37.88	1479037	56134448.00
2022/09/20	37.88	38.60	37.35	38.27	1601386	60564468.00
2022/09/21	38.29	40.16	37.40	38.95	2456724	95879296.00
2022/09/22	38.40	40.00	38.30	39.58	1873133	73429368.00
2022/09/23	39.39	39.56	38.30	38.42	1474794	57272324.00
2022/09/26	37.88	39.39	37.88	38.08	1191965	46190120.00
2022/09/27	38.07	38.68	37.41	38.10	1400539	53028644.00
2022/09/28	37.99	38.58	37.55	37.56	1017059	38695044.00
2022/09/29	37.86	38.56	37.36	37.41	1192422	44925940.00
2022/09/30	37.12	37.56	34.00	34.86	2261789	80374784.00
2022/10/10	34.92	35.13	32.91	32.91	1238273	42017720.00
2022/10/11	32.91	33.83	32.44	33.05	796579	26326562.00
2022/10/12	33.05	33.20	31.21	33.12	1530133	49356032.00
2022/10/13	32.88	33.50	32.50	33.14	1065808	35342788.00
2022/10/14	33.68	34.39	33.18	33.87	1281962	43510008.00
2022/10/17	33.87	34.48	33.44	33.68	1219086	41259084.00
2022/10/18	33.90	33.93	32.96	33.31	1393377	46596016.00
2022/10/19	33.31	33.50	32.70	32.70	904996	29825894.00
2022/10/20	32.70	32.92	32.15	32.53	1029980	33567156.00
2022/10/21	32.53	32.67	31.82	31.89	980276	31481916.00
2022/10/24	31.92	32.21	31.14	31.28	1119468	35390660.00
2022/10/25	31.10	31.39	30.37	31.00	919266	28331838.00
2022/10/26	31.00	31.67	30.80	31.37	894933	28136682.00
2022/10/27	31.47	31.78	31.22	31.37	620200	19525888.00
2022/10/28	31.71	32.18	31.20	31.41	1482273	47007228.00
2022/10/31	31.40	31.99	30.80	31.82	1083460	33957360.00
2022/11/01	31.85	32.50	31.70	32.36	1096999	35257804.00
2022/11/02	32.18	32.78	32.03	32.40	1129448	36663936.00
2022/11/03	32.37	32.59	32.09	32.54	856301	27670852.00
2022/11/04	32.54	33.36	32.50	33.10	1329964	43870140.00
2022/11/07	33.04	33.59	32.98	33.39	948118	31596232.00
2022/11/08	33.60	33.65	32.61	33.00	974429	32142120.00
2022/11/09	33.06	33.95	33.06	33.47	942175	31614126.00
2022/11/10	33.18	33.56	33.10	33.30	586679	19559222.00
2022/11/11	33.79	35.63	33.50	34.65	2511038	86949240.00
2022/11/14	35.18	36.36	33.90	33.97	2637864	92314112.00
2022/11/15	33.80	34.23	33.30	34.02	1311655	44467056.00
2022/11/16	34.08	34.49	33.75	33.81	930000	31693286.00
2022/11/17	33.63	33.95	33.33	33.63	678762	22792444.00
2022/11/18	33.64	33.96	33.03	33.10	824912	27671368.00
2022/11/21	33.00	33.64	32.83	33.55	690387	22969338.00
2022/11/22	33.81	34.18	33.41	33.56	702200	23719298.00
2022/11/23	33.48	33.62	32.20	32.74	1122940	36814684.00
2022/11/24	32.94	33.91	32.90	33.70	1440300	48217540.00
2022/11/25	33.82	34.85	33.51	34.00	1611634	55098628.00
2022/11/28	33.65	33.93	33.18	33.44	705412	23628596.00
2022/11/29	33.91	34.77	33.91	34.44	1645128	56510840.00
2022/11/30	34.21	34.54	33.63	33.72	1004016	34148680.00
2022/12/01	33.99	34.66	33.74	34.12	906225	31032880.00
2022/12/02	34.18	34.22	33.80	34.14	481742	16406439.00
2022/12/05	34.25	35.79	34.11	35.34	1890896	66417912.00
2022/12/06	35.30	36.07	34.83	34.98	1703200	60174088.00
2022/12/07	34.90	35.58	34.50	35.18	997132	34921708.00
2022/12/08	35.18	35.74	34.91	35.47	896695	31678622.00
2022/12/09	35.40	36.35	35.25	36.03	1549562	55638124.00
2022/12/12	35.91	35.97	35.12	35.16	1087655	38676936.00
2022/12/13	35.20	36.29	35.00	35.85	1091122	39005184.00
2022/12/14	35.70	36.00	35.29	35.31	647714	22995866.00
2022/12/15	35.56	35.56	34.51	34.58	761394	26522500.00
2022/12/16	34.58	35.38	34.31	34.33	632439	21949616.00
2022/12/19	34.35	34.73	33.44	33.64	615973	20865340.00
2022/12/20	33.46	34.00	33.13	33.74	431794	14537084.00
2022/12/21	33.74	34.64	33.60	34.22	632307	21595870.00
2022/12/22	34.22	35.07	34.22	34.35	726134	25175678.00
2022/12/23	34.26	34.31	33.03	33.17	670367	22461840.00
2022/12/26	33.15	33.67	33.15	33.39	328559	10961563.00
2022/12/27	33.39	34.27	32.96	33.77	504561	16951254.00
2022/12/28	33.43	33.53	33.08	33.28	468913	15599399.00
2022/12/29	33.18	33.34	32.85	32.85	350045	11578825.00
2022/12/30	32.85	33.33	32.85	33.12	271914	9013114.00
2023/01/03	33.21	33.54	32.85	33.40	342331	11427315.00
2023/01/04	33.38	34.85	33.25	34.75	1304721	44959576.00
2023/01/05	34.73	36.23	34.40	35.87	1686691	60173588.00
2023/01/06	35.75	36.33	35.64	36.00	1196894	43028960.00
2023/01/09	36.01	36.17	35.52	35.72	629340	22491502.00
2023/01/10	35.80	36.78	35.31	35.98	773532	27876178.00
2023/01/11	35.98	36.74	35.77	35.77	761785	27646894.00
2023/01/12	35.77	36.28	35.60	35.92	478446	17214878.00
2023/01/13	35.92	38.41	35.92	37.82	2304459	86259640.00
2023/01/16	37.75	38.04	37.11	37.29	1202194	44985636.00
2023/01/17	37.28	37.42	36.80	36.99	560300	20729208.00
2023/01/18	37.18	37.28	35.89	36.18	995467	36144648.00
2023/01/19	36.36	36.55	35.78	36.00	644500	23225044.00
2023/01/20	36.04	37.31	36.04	36.40	750600	27438140.00
2023/01/30	36.89	37.31	35.79	35.98	1059903	38423676.00
2023/01/31	36.25	36.30	35.84	36.30	600702	21644232.00
2023/02/01	36.29	36.53	35.91	36.50	688636	24975484.00
2023/02/02	36.45	37.23	36.35	36.97	947940	34892528.00
2023/02/03	37.01	37.14	36.10	36.48	758600	27768752.00
2023/02/06	36.44	36.44	35.71	35.77	709146	25455852.00
2023/02/07	35.99	38.98	35.80	38.31	3214414	122299432.00
2023/02/08	37.92	37.97	37.10	37.27	1715882	64151556.00
2023/02/09	37.00	39.28	36.81	38.89	2635933	101221832.00
2023/02/10	39.20	39.24	38.60	38.89	1098190	42696512.00
数据来源:通达信
