002889 东方嘉盛 日线 不复权
      日期	    开盘	    最高	    最低	    收盘	    成交量	    成交额
2017/07/31	15.53	18.63	15.53	18.63	10300	189254.00
2017/08/01	20.49	20.49	20.49	20.49	7252	148593.48
2017/08/02	22.54	22.54	22.54	22.54	6714	151333.56
2017/08/03	24.79	24.79	24.79	24.79	10983	272268.56
2017/08/04	27.27	27.27	27.27	27.27	57902	1578987.50
2017/08/07	30.00	30.00	27.80	29.00	17187372	497840576.00
2017/08/08	28.44	31.01	27.70	30.74	16684144	484882400.00
2017/08/09	29.60	29.94	27.79	27.93	12528497	362025472.00
2017/08/10	27.00	28.99	26.78	27.96	10668377	298288096.00
2017/08/11	27.26	28.58	27.00	27.42	7688634	212862400.00
2017/08/14	27.30	28.26	26.84	27.78	6390986	176400160.00
2017/08/15	27.50	30.44	27.41	29.64	12332722	357617920.00
2017/08/16	29.18	31.68	28.79	30.14	14332643	432718080.00
2017/08/17	29.80	31.68	29.39	29.93	13712832	419717344.00
2017/08/18	29.61	32.92	29.21	32.92	14766988	455376480.00
2017/08/21	32.00	35.49	31.97	34.35	15612313	528509280.00
2017/08/22	33.88	34.28	32.30	33.26	12093834	402276032.00
2017/08/23	32.70	35.30	32.30	33.43	12218635	412696832.00
2017/08/24	32.92	34.85	31.21	31.48	13968469	463231232.00
2017/08/25	31.01	33.60	30.88	33.11	10296000	333168576.00
2017/08/28	33.60	36.42	33.20	36.42	15072647	525976544.00
2017/08/29	35.89	40.06	35.36	37.00	19691434	742389184.00
2017/08/30	36.29	40.50	36.29	39.68	16636505	635777856.00
2017/08/31	38.80	40.80	38.70	39.56	12408275	489941856.00
2017/09/01	40.26	40.55	36.60	37.54	12641721	486010816.00
2017/09/04	36.80	36.99	35.60	36.00	9015405	326061408.00
2017/09/05	36.01	37.30	36.00	36.20	7801522	286017984.00
2017/09/06	35.33	35.68	34.00	35.05	9453765	328708256.00
2017/09/07	34.95	35.75	34.68	34.70	6647589	234491168.00
2017/09/08	34.50	35.20	33.68	34.36	4972689	171616144.00
2017/09/11	34.48	36.17	34.36	35.91	6066220	214440144.00
2017/09/12	35.79	35.81	34.54	34.77	5310858	186606352.00
2017/09/13	34.50	35.53	34.29	35.41	4071502	142877680.00
2017/09/14	35.35	35.87	34.94	35.30	3310597	117309792.00
2017/09/15	35.30	35.59	34.02	34.13	3601790	124630288.00
2017/09/18	33.96	33.98	32.70	33.52	2715925	90761272.00
2017/09/19	33.61	34.50	33.51	34.08	2952892	100557112.00
2017/09/20	33.87	34.57	33.67	34.40	2606473	89032984.00
2017/09/21	34.60	35.19	34.00	34.31	3770737	131292464.00
2017/09/22	33.90	35.00	33.05	34.94	4206646	143780608.00
2017/09/25	34.78	35.44	34.45	34.50	2919342	102104672.00
2017/09/26	34.37	34.50	32.10	32.70	4077359	134911472.00
2017/09/27	32.80	33.24	32.53	33.10	1960629	64728572.00
2017/09/28	33.00	33.58	32.50	32.89	2130028	70596296.00
2017/09/29	33.00	33.40	32.60	33.15	1909803	63202252.00
2017/10/09	33.49	33.70	33.20	33.45	2000677	67016576.00
2017/10/10	33.47	35.43	33.32	35.37	4939291	170760096.00
2017/10/11	35.35	37.75	35.06	36.96	9052651	328991648.00
2017/10/12	36.00	36.50	35.59	36.35	5039417	181823984.00
2017/10/13	36.15	37.32	36.06	36.55	5118737	187993424.00
2017/10/16	37.16	39.40	36.05	36.10	6343234	237803008.00
2017/10/17	35.00	39.71	34.60	38.73	11975843	455705504.00
2017/10/18	37.80	38.33	36.05	36.80	8562367	319955360.00
2017/10/19	36.41	38.60	36.36	36.90	7000350	263347872.00
2017/10/20	39.00	40.59	39.00	40.59	16745767	676018752.00
2017/10/23	44.65	44.65	38.58	40.58	18726926	791218240.00
2017/10/24	41.63	42.16	37.80	38.20	15546212	620776512.00
2017/10/25	37.13	39.19	36.60	38.44	11767414	445247680.00
2017/10/26	37.90	38.50	37.16	37.43	8514677	321978304.00
2017/10/27	37.40	37.68	35.80	35.90	8213563	300419936.00
2017/10/30	36.01	36.30	34.48	34.51	5313674	186933120.00
2017/10/31	34.92	36.89	34.71	36.34	6929730	247719584.00
2017/11/01	35.80	36.82	35.70	36.44	5631958	203665440.00
2017/11/02	36.65	37.95	36.45	37.30	7575034	282552032.00
2017/11/03	37.60	37.60	36.00	36.51	4127430	151362976.00
2017/11/06	36.90	37.90	36.78	37.85	4639193	173414256.00
2017/11/07	38.20	38.28	36.46	37.10	5258015	196025808.00
2017/11/08	36.88	38.00	36.85	36.96	5634182	210682064.00
2017/11/09	36.90	36.90	36.00	36.49	4264389	155312976.00
2017/11/10	36.45	37.39	36.35	36.74	5252065	193982544.00
2017/11/13	37.05	37.13	36.16	36.40	4271287	156228624.00
2017/11/14	36.53	36.72	35.60	36.00	4292316	155158256.00
2017/11/15	35.55	35.80	33.80	34.04	4915528	170156512.00
2017/11/16	33.70	34.29	33.18	33.18	2430229	82050984.00
2017/11/17	33.14	33.39	29.91	29.91	4655670	145267328.00
2017/11/20	29.65	30.57	29.11	30.49	2118111	63688548.00
2017/11/21	30.45	30.62	29.29	29.92	2290694	68478120.00
2017/11/22	29.99	30.28	29.45	29.67	1487632	44383436.00
2017/11/23	29.58	29.66	28.57	28.57	1732109	50481064.00
2017/11/24	28.52	28.88	28.41	28.45	1171931	33567008.00
2017/11/27	28.57	28.65	27.81	27.86	1224200	34569204.00
2017/11/28	28.00	28.66	27.91	28.63	1324673	37609600.00
2017/11/29	28.63	28.88	28.00	28.80	1459962	41519152.00
2017/11/30	28.57	30.20	28.57	29.64	2878151	85164960.00
2017/12/01	29.37	30.00	29.24	29.83	1815773	53904184.00
2017/12/04	29.50	29.70	28.00	28.20	2095825	59846876.00
2017/12/05	28.26	28.43	26.22	26.40	2238117	60839416.00
2017/12/06	26.45	27.14	26.00	27.06	1740054	46322120.00
2017/12/07	26.92	27.29	26.79	27.02	1306311	35288052.00
2017/12/08	27.04	28.36	26.87	27.85	1971212	54781140.00
2017/12/11	28.10	28.19	27.70	27.90	1568532	43688680.00
2017/12/12	27.80	27.81	26.80	26.82	1648049	44887856.00
2017/12/13	26.80	27.42	26.78	27.39	1001616	27199382.00
2017/12/14	27.22	27.40	26.96	27.27	798350	21663874.00
2017/12/15	27.25	27.26	26.62	26.82	1080352	29079916.00
2017/12/18	26.86	26.88	26.03	26.20	1204977	31667600.00
2017/12/19	26.28	26.53	26.11	26.45	1015819	26800440.00
2017/12/20	26.55	26.98	26.40	26.66	1505386	40105152.00
2017/12/21	26.69	26.69	25.40	26.31	1561523	40817920.00
2017/12/22	26.32	26.47	26.03	26.05	1032715	27087656.00
2017/12/25	26.05	26.30	25.31	25.75	1196090	30752442.00
2017/12/26	25.80	28.33	25.75	28.33	5512885	151566928.00
2017/12/27	28.30	28.65	27.71	27.96	4934039	139019024.00
2017/12/28	27.58	29.40	27.53	28.98	5416292	153434864.00
2017/12/29	28.70	28.75	28.06	28.48	3106469	88178824.00
2018/01/02	28.35	28.69	28.17	28.50	1892861	53887552.00
2018/01/03	28.43	29.95	28.04	28.45	1826040	51953920.00
2018/01/04	28.44	28.70	28.25	28.70	1883301	53664408.00
2018/01/05	28.53	28.79	28.14	28.19	1752771	49778636.00
2018/01/08	28.00	28.22	27.72	28.20	1321071	36886264.00
2018/01/09	28.10	29.20	27.96	29.20	3599650	103432824.00
2018/01/10	28.95	29.52	28.12	28.55	3243564	93770528.00
2018/01/11	28.02	30.30	27.95	29.40	4563527	133419632.00
2018/01/12	29.68	29.87	28.61	28.61	2685346	78012872.00
2018/01/15	28.34	28.56	27.13	27.30	2310886	64464104.00
2018/01/16	27.10	30.03	27.02	30.03	5458730	159833696.00
2018/01/17	30.00	30.48	29.51	30.05	7465229	224096112.00
2018/01/18	29.60	30.33	29.51	29.77	3536042	105616752.00
2018/01/19	29.96	31.85	29.77	30.56	7602175	233699984.00
2018/01/22	30.25	32.60	30.16	31.34	7282813	229320176.00
2018/01/23	30.66	30.85	29.75	30.31	4449925	134136792.00
2018/01/24	30.27	31.49	30.17	30.51	4139671	127296848.00
2018/01/25	30.11	30.88	29.88	29.88	3411153	103082776.00
2018/01/26	29.40	29.50	28.81	28.91	3112792	90652888.00
2018/01/29	28.93	29.37	28.69	29.23	1934725	56339992.00
2018/01/30	29.20	29.33	28.43	28.58	1817004	52177988.00
2018/01/31	28.41	28.70	27.55	27.67	1833671	51118388.00
2018/02/01	27.67	28.18	25.80	25.81	2098248	56077132.00
2018/02/02	25.80	26.20	24.25	25.48	1547062	39372036.00
2018/02/05	24.79	25.46	24.30	24.95	1176300	29375520.00
2018/02/06	24.28	24.54	22.51	22.51	2233504	52453464.00
2018/02/07	23.17	23.45	22.23	23.12	1845104	42645640.00
2018/02/08	23.20	23.89	23.06	23.68	1088634	25692362.00
2018/02/09	22.91	23.35	22.36	22.93	1221882	28089322.00
2018/02/12	23.30	24.43	23.14	23.80	1421738	33860504.00
2018/02/13	23.93	24.27	23.67	23.83	1086307	25995812.00
2018/02/14	23.81	24.09	23.72	23.91	663415	15870477.00
2018/02/22	24.20	24.40	23.84	24.40	1216167	29391974.00
2018/02/23	24.35	24.59	24.14	24.55	972198	23705892.00
2018/02/26	25.05	25.78	25.01	25.38	1949367	49586376.00
2018/02/27	25.11	25.87	25.02	25.68	1942369	49687544.00
2018/02/28	25.59	25.60	25.15	25.49	1367354	34700412.00
2018/03/01	25.21	26.99	25.21	25.90	1547074	39867148.00
2018/03/02	25.60	25.83	25.18	25.24	1166855	29712172.00
2018/03/05	25.59	25.85	25.24	25.80	1206985	30894384.00
2018/03/06	25.80	26.58	25.69	26.23	1917067	50132392.00
2018/03/07	26.41	26.48	26.00	26.12	1205400	31579082.00
2018/03/08	26.20	26.99	26.10	26.95	2345077	62547196.00
2018/03/09	27.00	27.34	26.68	27.26	1980393	53434844.00
2018/03/12	27.17	27.77	27.17	27.34	1966798	53849956.00
2018/03/13	27.39	27.39	26.65	26.68	1385004	37253644.00
2018/03/14	26.60	27.99	26.46	27.00	2403159	65614112.00
2018/03/15	26.70	26.73	25.06	25.62	2204400	56869624.00
2018/03/16	25.69	26.19	25.62	25.70	1115600	28945636.00
2018/03/19	25.70	26.37	25.51	26.21	1111700	29085216.00
2018/03/20	26.00	26.83	25.80	26.71	1666138	44126456.00
2018/03/21	26.88	27.46	26.63	26.66	2090015	56308860.00
2018/03/22	26.79	27.29	26.64	27.29	2020028	54653456.00
2018/03/23	26.38	26.40	24.56	24.56	2681871	68306888.00
2018/03/26	23.81	24.98	23.23	24.93	1383543	33422320.00
2018/03/27	25.02	25.84	25.02	25.55	1637852	41795904.00
2018/03/28	25.09	26.18	25.07	25.85	1664303	43050112.00
2018/03/29	25.74	26.62	25.72	26.16	1710897	44811860.00
2018/03/30	26.16	26.88	26.16	26.83	2113815	56411268.00
2018/04/02	27.14	27.39	26.62	26.84	2197239	59112000.00
2018/04/03	26.33	29.38	26.30	27.55	3997119	109542464.00
2018/04/04	27.46	28.65	27.46	28.15	4278165	119771392.00
2018/04/09	27.95	29.55	27.88	29.28	5073127	146058960.00
2018/04/10	28.95	29.22	27.86	28.22	4226663	119921936.00
2018/04/11	28.39	29.27	28.39	28.89	3535887	102448040.00
2018/04/12	28.61	28.98	27.97	28.24	2579361	73414304.00
2018/04/13	28.47	28.76	28.13	28.24	1684348	47851944.00
2018/04/16	28.70	29.28	27.68	28.53	2430625	69552912.00
2018/04/17	28.22	28.66	27.21	27.27	2168967	60354744.00
2018/04/18	27.38	27.55	26.00	27.26	1980725	53129920.00
2018/04/19	27.22	27.40	26.70	26.76	1066952	28952076.00
2018/04/20	26.78	26.78	25.13	25.18	1919680	49428744.00
2018/04/23	25.10	25.92	25.10	25.92	1172325	29977494.00
2018/04/24	25.89	27.45	25.81	27.34	2312582	62201392.00
2018/04/25	26.50	26.86	26.20	26.60	2628603	69737960.00
2018/04/26	26.73	26.84	25.80	25.80	2021055	53103040.00
2018/04/27	26.11	28.27	26.11	27.17	3623747	98314392.00
2018/05/02	27.18	27.65	26.68	27.50	2935536	79888648.00
2018/05/03	30.25	30.25	30.25	30.25	1569860	47488264.00
2018/05/04	33.28	33.28	33.02	33.28	7818581	260191936.00
2018/05/07	33.17	35.50	32.81	34.20	17470879	595470528.00
2018/05/08	33.62	37.62	33.62	37.62	16389168	603415488.00
2018/05/09	36.00	36.99	34.28	34.58	16743491	593855680.00
2018/05/10	33.80	36.89	33.33	35.53	14301104	500225952.00
2018/05/11	34.90	35.04	33.01	33.26	9890954	336536736.00
2018/05/14	33.56	34.74	33.28	34.09	7049773	239647072.00
2018/05/15	34.19	34.99	33.43	34.57	7195322	246668704.00
2018/05/16	33.99	34.00	32.62	32.93	7779540	258314896.00
2018/05/17	33.00	33.77	32.82	32.92	5245375	174399424.00
2018/05/18	32.41	33.66	31.33	33.48	7719384	250063744.00
2018/05/21	33.49	35.50	33.20	34.23	9150389	314743488.00
2018/05/22	34.14	34.85	33.50	34.38	5826264	198817648.00
2018/05/23	33.91	35.94	33.33	35.38	10157220	355382976.00
2018/05/24	34.70	36.09	34.50	35.83	7622815	268733856.00
2018/05/25	36.49	37.30	34.80	35.20	9033523	326815584.00
2018/05/28	36.30	38.72	35.55	35.86	11736769	433127168.00
2018/05/29	34.18	34.50	32.27	32.27	8983168	297774304.00
2018/05/30	30.65	31.26	29.40	29.58	4920353	150025872.00
2018/05/31	31.51	32.54	31.51	32.54	2492604	80569664.00
2018/06/01	35.79	35.79	34.42	35.79	14956230	531849088.00
2018/06/04	37.55	39.37	36.71	38.83	19762552	767718656.00
2018/06/05	41.16	42.71	41.16	42.71	9057814	384099648.00
2018/06/06	46.98	46.98	46.00	46.98	5729036	268869824.00
2018/06/07	49.00	51.68	42.52	44.67	23732287	1125855872.00
2018/06/08	41.00	41.79	40.20	40.20	6964557	282254688.00
2018/06/11	39.99	42.88	39.01	41.79	17747488	721857600.00
2018/06/12	40.23	40.79	38.11	39.20	13653255	537515520.00
2018/06/13	39.00	39.98	37.48	38.13	10730141	413674752.00
2018/06/14	38.00	39.45	37.50	38.40	9136122	352559392.00
2018/06/15	38.50	38.50	35.88	36.58	9071500	336182112.00
2018/06/19	35.68	35.88	32.92	33.30	8205200	281500000.00
2018/06/20	33.10	35.42	32.61	34.88	8395557	289126240.00
2018/06/21	34.60	36.38	33.98	35.20	10122444	356666880.00
2018/06/22	34.91	37.70	34.60	36.78	9869104	359243488.00
2018/06/25	36.52	37.27	35.62	36.59	8104561	295658432.00
2018/06/26	35.30	37.95	35.05	37.55	8206284	302806176.00
2018/06/27	37.25	40.55	37.05	39.28	11611133	452406272.00
2018/06/28	38.50	39.44	37.60	37.90	8751000	336966208.00
2018/06/29	37.12	39.40	36.70	39.30	8976149	344197248.00
2018/07/02	38.90	39.06	36.70	37.30	7611878	290106176.00
2018/07/03	37.17	37.57	35.10	36.87	6636170	241871792.00
2018/07/04	36.32	36.58	34.05	34.70	6118713	215589552.00
2018/07/05	34.39	35.81	34.38	34.38	4838385	169999904.00
2018/07/06	34.26	35.70	34.08	34.89	5563375	194863728.00
2018/07/09	34.90	36.36	34.88	36.03	5356098	190419728.00
2018/07/10	36.50	38.80	35.80	38.19	9085928	341674336.00
2018/07/11	36.80	36.90	35.00	36.21	7414706	268626112.00
2018/07/12	36.18	38.47	36.02	37.66	7669110	287674784.00
2018/07/13	37.30	38.08	36.84	37.36	5993458	224600800.00
2018/07/16	38.66	39.97	37.60	37.83	8713092	336322048.00
2018/07/17	37.16	37.82	36.51	37.66	5107560	189966128.00
2018/07/18	37.19	37.70	36.22	36.35	4247281	157272720.00
2018/07/19	36.10	36.10	34.32	34.70	4760154	167841152.00
2018/07/20	34.70	34.70	33.37	34.55	3949000	134699472.00
2018/07/23	34.12	35.05	33.57	34.33	3265700	111484544.00
2018/07/24	34.35	35.36	34.03	35.33	3736409	130565968.00
2018/07/25	35.22	35.29	34.06	34.11	3642952	126227872.00
2018/07/26	34.02	34.02	32.39	32.50	4166038	137456624.00
2018/07/27	32.30	33.58	32.10	33.21	2631673	86982432.00
2018/07/30	33.08	33.08	31.39	31.69	2927307	93605472.00
2018/07/31	31.69	32.43	31.54	32.06	1819592	58190544.00
2018/08/01	32.20	33.35	32.05	32.07	3313692	108535848.00
2018/08/02	30.89	34.40	30.36	32.39	4581237	147762800.00
2018/08/03	32.41	32.70	30.03	30.38	3190218	100639208.00
2018/08/06	29.51	29.63	27.38	27.54	4355700	122853400.00
2018/08/07	27.77	28.44	27.00	28.34	3294810	92281984.00
2018/08/08	29.38	30.00	27.90	28.18	4675325	136251216.00
2018/08/09	27.80	29.10	27.20	28.93	3784954	108032280.00
2018/08/10	28.88	29.89	28.85	29.65	3615406	106220872.00
2018/08/13	28.90	30.38	28.60	30.28	3997352	118988328.00
2018/08/14	30.15	31.95	29.80	31.18	5361557	165749280.00
2018/08/15	30.80	30.81	29.00	29.36	4147422	124552688.00
2018/08/16	28.42	29.37	28.40	28.56	2765622	79692632.00
2018/08/17	28.95	29.20	27.55	27.65	2568985	72849384.00
2018/08/20	27.62	28.12	26.70	28.11	2524981	69486872.00
2018/08/21	27.98	28.55	27.62	28.39	2148981	60643932.00
2018/08/22	28.39	28.84	27.81	27.82	2010629	56956352.00
2018/08/23	27.89	28.63	27.89	28.35	2425129	68650024.00
2018/08/24	28.40	28.83	28.06	28.40	2324886	66345272.00
2018/08/27	28.50	30.22	28.50	30.11	3756962	110130712.00
2018/08/28	30.05	30.20	29.52	30.19	3671813	109676912.00
2018/08/29	29.01	29.25	27.86	28.00	5112762	145094512.00
2018/08/30	27.81	28.12	27.19	27.19	2456200	67807560.00
2018/08/31	27.18	27.57	26.85	26.85	1509700	41054704.00
2018/09/03	26.98	26.98	25.65	26.37	1914204	50225672.00
2018/09/04	26.40	26.96	26.30	26.83	1860275	49644664.00
2018/09/05	26.63	26.81	25.81	25.88	2170100	56983512.00
2018/09/06	25.75	26.30	25.65	26.08	1417354	36948132.00
2018/09/07	26.22	26.87	26.07	26.33	2061273	54508552.00
2018/09/10	26.34	26.45	25.58	25.66	1505273	38872684.00
2018/09/11	25.79	26.20	25.53	25.95	1241515	32055444.00
2018/09/12	26.03	26.43	25.80	26.35	1648300	43139296.00
2018/09/13	26.74	26.75	26.26	26.65	2060725	54664580.00
2018/09/14	26.57	26.65	25.76	25.78	1727800	45375180.00
2018/09/17	25.48	25.56	24.65	24.65	1757392	43912292.00
2018/09/18	24.44	25.90	24.36	25.90	2920492	73809256.00
2018/09/19	25.30	26.55	25.21	26.20	3528915	91038704.00
2018/09/20	26.28	26.59	25.95	26.32	2793700	73439696.00
2018/09/21	26.36	26.47	25.91	26.37	2370862	62188056.00
2018/09/25	26.30	27.00	26.26	26.66	2409262	64352064.00
2018/09/26	26.50	27.61	26.26	27.39	4603115	124987152.00
2018/09/27	27.24	27.30	26.45	26.45	3492215	93981984.00
2018/09/28	26.52	28.05	26.52	28.00	5688530	156169008.00
2018/10/08	27.43	27.73	27.02	27.26	3931630	107629896.00
2018/10/09	27.40	27.92	27.30	27.77	3151615	87056256.00
2018/10/10	27.51	27.70	26.88	27.18	2643600	72070520.00
2018/10/11	25.00	25.60	24.46	24.46	3165400	78790784.00
2018/10/12	23.60	24.08	22.33	23.59	3198515	74895600.00
2018/10/15	23.60	24.15	23.45	23.45	1833652	43717504.00
2018/10/16	23.57	24.07	22.56	23.10	1875452	43896488.00
2018/10/17	23.58	23.73	22.67	23.50	1993600	46626444.00
2018/10/18	23.34	24.50	23.10	23.66	2834352	67455520.00
2018/10/19	22.53	24.45	22.33	24.44	3067852	73112472.00
2018/10/22	24.45	25.75	24.44	25.43	3675815	92429400.00
2018/10/23	25.43	26.31	24.55	24.92	4143500	105892752.00
2018/10/24	24.70	25.15	24.32	24.60	2271564	56140624.00
2018/10/25	23.62	24.19	23.38	23.91	2353037	55812660.00
2018/10/26	24.28	24.60	23.88	24.31	2114609	51318472.00
2018/10/29	24.20	24.80	23.83	24.03	1765580	42839936.00
2018/10/30	23.85	24.30	23.51	24.18	1676649	40199148.00
2018/10/31	24.40	24.72	24.21	24.55	1969167	48246356.00
2018/11/01	24.41	25.60	24.41	25.20	3304890	82719344.00
2018/11/02	25.50	25.77	25.10	25.73	3278523	83466400.00
2018/11/05	25.61	26.56	25.29	25.70	3737300	96735040.00
2018/11/06	25.35	25.35	24.37	25.00	2799200	69480368.00
2018/11/07	25.10	25.30	24.70	24.70	2145149	53652656.00
2018/11/08	24.92	25.48	24.70	25.35	2700315	67777880.00
2018/11/09	25.13	25.97	24.98	25.86	3428400	87426336.00
2018/11/12	25.52	26.28	25.32	26.17	4063300	105311424.00
2018/11/13	25.78	26.33	25.62	26.07	3411200	88716568.00
2018/11/14	25.97	26.95	25.91	25.91	3542962	93289576.00
2018/11/15	26.50	28.41	26.08	27.47	6885969	186594592.00
2018/11/16	27.66	29.33	27.55	28.65	7850949	222963296.00
2018/11/19	28.23	28.39	27.62	27.93	4040520	112824208.00
2018/11/20	27.75	28.50	27.21	27.23	3494458	97378672.00
2018/11/21	26.80	29.37	26.73	29.07	6767515	192533904.00
2018/11/22	29.11	29.11	28.02	28.25	5548025	157962592.00
2018/11/23	28.17	28.20	26.28	26.40	4136829	112183848.00
2018/11/26	26.10	26.65	25.02	25.56	2809011	72738648.00
2018/11/27	25.85	25.85	25.30	25.56	1895456	48457228.00
2018/11/28	25.49	25.70	24.83	25.64	2304900	58278692.00
2018/11/29	25.80	26.08	24.70	24.71	2185800	55739964.00
2018/11/30	24.77	24.94	23.98	24.90	1899400	46490568.00
2018/12/03	25.85	25.94	25.55	25.67	2354423	60708892.00
2018/12/04	25.65	25.93	25.35	25.75	1765234	45142864.00
2018/12/05	25.15	25.55	25.02	25.25	1315600	33246278.00
2018/12/06	25.25	25.53	24.64	24.69	1623700	40631720.00
2018/12/07	24.82	24.90	24.51	24.68	965700	23835436.00
2018/12/10	24.50	24.50	23.80	24.04	1262100	30404108.00
2018/12/11	24.06	24.38	24.03	24.38	947700	22945824.00
2018/12/12	24.38	24.66	24.37	24.47	893100	21871208.00
2018/12/13	24.47	24.83	24.38	24.80	1601029	39499064.00
2018/12/14	24.70	26.00	24.40	25.18	3523000	89203408.00
2018/12/17	25.50	26.49	25.36	26.20	5300452	137905904.00
2018/12/18	25.62	25.92	24.90	25.30	3229275	81887456.00
2018/12/19	25.30	25.39	24.40	24.44	2094900	51841328.00
2018/12/20	24.17	24.70	24.17	24.62	1208175	29605804.00
2018/12/21	24.31	24.68	24.28	24.67	1266127	31037894.00
2018/12/24	24.67	25.50	24.65	25.37	2397881	60432008.00
2018/12/25	25.03	25.93	24.70	25.73	2592656	65616824.00
2018/12/26	25.05	25.83	25.05	25.35	1735300	44122464.00
2018/12/27	25.70	25.72	25.06	25.18	1722600	43719016.00
2018/12/28	25.10	25.40	24.31	24.36	1804400	44761932.00
2019/01/02	24.38	24.58	23.93	24.30	850300	20636338.00
2019/01/03	24.14	24.59	24.10	24.31	893352	21728040.00
2019/01/04	24.05	24.94	23.75	24.94	1488252	36578880.00
2019/01/07	25.14	25.34	24.90	25.21	1633400	41021380.00
2019/01/08	25.08	25.21	24.64	24.72	1316500	32688504.00
2019/01/09	24.75	25.28	24.75	24.76	1800552	45108064.00
2019/01/10	24.75	24.92	24.24	24.28	1724400	42395128.00
2019/01/11	24.43	24.81	24.30	24.81	1375200	33812168.00
2019/01/14	24.90	24.94	24.38	24.52	1011300	24883120.00
2019/01/15	24.47	24.79	24.39	24.79	986800	24370868.00
2019/01/16	24.74	25.00	24.60	24.77	1114023	27645124.00
2019/01/17	24.83	24.95	24.38	24.52	1179600	29129528.00
2019/01/18	24.48	24.64	24.15	24.60	1319409	32215776.00
2019/01/21	24.60	24.92	24.50	24.91	1453932	36031460.00
2019/01/22	24.88	25.27	24.71	25.21	2411839	60444996.00
2019/01/23	25.06	25.15	24.85	25.08	1250861	31262502.00
2019/01/24	24.90	25.29	24.89	25.08	1370861	34399188.00
2019/01/25	25.11	25.11	24.50	24.55	1224400	30380092.00
2019/01/28	24.67	24.71	24.25	24.29	999000	24426736.00
2019/01/29	24.29	24.38	23.10	23.40	1319600	31138554.00
2019/01/30	23.40	23.59	23.11	23.13	615623	14393607.00
2019/01/31	23.14	23.35	21.00	21.96	1388809	31159942.00
2019/02/01	22.01	22.83	22.01	22.82	664165	14940222.00
2019/02/11	23.05	23.50	22.82	23.49	1057475	24568118.00
2019/02/12	23.35	24.50	23.35	24.10	2118900	50856408.00
2019/02/13	23.99	24.32	23.72	24.27	1859800	44873224.00
2019/02/14	24.05	24.73	24.05	24.64	1962400	48128716.00
2019/02/15	24.66	25.19	24.39	25.00	2780200	69392416.00
2019/02/18	25.38	25.72	24.88	25.70	3200152	81291048.00
2019/02/19	26.90	27.99	25.98	26.22	7519052	202442192.00
2019/02/20	25.75	25.85	25.02	25.32	4234752	107327224.00
2019/02/21	25.32	25.55	24.83	25.00	3039652	76609400.00
2019/02/22	25.05	25.38	24.88	25.33	2115452	53185252.00
2019/02/25	25.53	26.45	25.30	26.35	4260690	110521768.00
2019/02/26	26.59	26.65	25.96	26.12	3737300	98210200.00
2019/02/27	26.20	26.63	25.62	25.86	2575600	67490944.00
2019/02/28	25.79	26.65	25.78	26.43	2902952	76531504.00
2019/03/01	26.73	26.75	26.22	26.47	2032800	53657900.00
2019/03/04	26.75	27.11	26.46	26.66	4010200	107536736.00
2019/03/05	26.50	27.31	26.41	27.22	3428500	92022720.00
2019/03/06	27.22	27.46	26.75	27.36	4108600	111282792.00
2019/03/07	27.45	27.85	26.91	27.74	4411890	121225328.00
2019/03/08	27.00	27.37	25.98	26.00	4089204	109406656.00
2019/03/11	26.11	27.10	26.11	27.06	3156552	84250072.00
2019/03/12	27.46	27.65	27.05	27.30	3871513	105926240.00
2019/03/13	27.36	28.20	26.92	27.80	5407100	149540912.00
2019/03/14	27.68	27.68	26.08	26.73	4166238	111444432.00
2019/03/15	26.78	27.13	26.41	26.78	2663852	71437056.00
2019/03/18	26.61	27.36	26.53	27.32	2534760	68341784.00
2019/03/19	27.34	27.50	26.84	27.04	2572900	69843256.00
2019/03/20	27.08	27.26	26.48	26.84	2085161	55939400.00
2019/03/21	26.80	27.45	26.80	27.37	3343900	91101688.00
2019/03/22	27.11	27.40	26.90	27.36	2488961	67609056.00
2019/03/25	26.99	27.30	26.80	26.86	2122700	57304288.00
2019/03/26	26.98	27.08	25.79	25.90	2348400	61973888.00
2019/03/27	25.95	26.62	25.65	26.33	1869366	48845788.00
2019/03/28	26.10	26.56	25.91	26.00	1354715	35475216.00
2019/03/29	26.06	26.60	25.71	26.57	2172481	57155876.00
2019/04/01	26.65	27.85	26.60	27.85	4605960	126479080.00
2019/04/02	27.85	27.88	27.51	27.64	3050600	84385000.00
2019/04/03	27.45	30.40	27.32	29.26	6552778	190359248.00
2019/04/04	29.72	30.20	28.60	28.98	5319579	155703056.00
2019/04/08	28.77	28.98	27.61	28.32	3773200	107074032.00
2019/04/09	28.32	28.38	27.72	28.25	2001000	56212320.00
2019/04/10	28.08	28.50	27.85	28.37	2209290	62555076.00
2019/04/11	28.35	28.41	27.35	27.35	2315900	64282704.00
2019/04/12	27.27	27.59	26.61	26.97	1984869	53589376.00
2019/04/15	27.40	27.95	27.15	27.20	2609669	71975904.00
2019/04/16	27.15	27.94	26.70	27.94	2769069	76070320.00
2019/04/17	27.70	27.97	27.54	27.82	2376531	66063168.00
2019/04/18	27.66	27.93	27.16	27.35	2210000	60777240.00
2019/04/19	27.21	27.42	26.90	27.30	1344804	36549348.00
2019/04/22	27.30	27.48	26.87	26.96	1255500	34148128.00
2019/04/23	29.30	29.66	29.30	29.66	2936929	86934472.00
2019/04/24	32.00	32.00	29.71	29.96	12153955	373987840.00
2019/04/25	29.00	29.60	27.50	27.70	7010445	201000832.00
2019/04/26	26.69	27.49	26.65	26.68	4316350	116031136.00
2019/04/29	26.48	26.97	25.00	25.31	3335721	86376256.00
2019/04/30	25.00	25.70	24.91	25.56	2116952	53829192.00
2019/05/06	24.60	24.70	23.00	23.01	2807700	66899364.00
2019/05/07	23.39	23.72	23.04	23.72	2336421	54668028.00
2019/05/08	23.01	24.06	23.00	23.58	1807859	42716616.00
2019/05/09	23.54	23.76	23.40	23.48	1601300	37741732.00
2019/05/10	23.70	24.46	23.27	24.38	2510300	60217960.00
2019/05/13	24.08	25.50	23.98	25.05	3145366	77744888.00
2019/05/14	24.75	25.13	24.31	24.58	2066818	51145108.00
2019/05/15	24.90	25.06	24.65	24.83	1728970	42983012.00
2019/05/16	24.70	24.90	24.31	24.64	1914360	47041772.00
2019/05/17	24.55	24.75	23.52	23.65	1957794	47327168.00
2019/05/20	23.54	23.85	23.02	23.40	1494559	34828500.00
2019/05/21	23.31	23.84	23.31	23.72	1242663	29415430.00
2019/05/22	23.73	24.05	23.49	23.69	1272729	30215328.00
2019/05/23	23.58	23.70	23.00	23.10	1208824	28015456.00
2019/05/24	23.16	23.27	22.70	22.77	940292	21542214.00
2019/05/27	22.82	23.42	22.70	23.38	992396	23001808.00
2019/05/28	23.47	23.61	23.29	23.35	1021224	23974206.00
2019/05/29	23.28	23.69	23.10	23.56	1257844	29616760.00
2019/05/30	23.55	23.55	23.08	23.30	1095127	25413754.00
2019/05/31	23.42	24.66	23.22	24.23	3414809	82319304.00
2019/06/03	25.50	26.65	25.50	26.65	2452024	65142992.00
2019/06/04	27.60	27.66	24.60	24.79	8624884	228178096.00
2019/06/05	24.60	25.47	24.03	25.15	4905694	121128720.00
2019/06/06	24.81	24.88	23.43	23.56	3464891	83350648.00
2019/06/10	23.56	24.25	23.43	23.99	1841853	44067644.00
2019/06/11	23.99	24.77	23.81	24.75	2697973	65853780.00
2019/06/12	24.70	24.99	24.45	24.70	2341528	57884568.00
2019/06/13	24.51	24.95	24.40	24.67	1820806	44895084.00
2019/06/14	24.67	24.80	23.78	23.85	1831587	44303400.00
2019/06/17	23.80	24.23	23.72	23.97	804828	19333954.00
2019/06/18	23.99	24.19	23.61	24.02	1077406	25824194.00
2019/06/19	24.56	24.77	24.31	24.31	1902139	46577080.00
2019/06/20	24.10	24.74	24.10	24.59	2075132	50770240.00
2019/06/21	24.80	24.98	24.54	24.71	2540521	62942540.00
2019/06/24	24.73	24.80	24.40	24.51	1378975	33870412.00
2019/06/25	24.57	24.57	23.85	24.15	1275091	30791038.00
2019/06/26	24.00	24.34	24.00	24.22	862555	20858360.00
2019/06/27	24.22	24.62	24.20	24.61	1634118	39999948.00
2019/06/28	24.49	24.61	23.92	24.50	1569300	38204152.00
2019/07/01	25.00	25.20	24.75	25.07	3036760	75863448.00
2019/07/02	24.81	25.05	24.73	24.90	1529834	38099300.00
2019/07/03	24.93	24.93	24.51	24.85	980100	24158632.00
2019/07/04	25.00	25.97	24.96	25.45	3604771	91885848.00
2019/07/05	25.49	25.49	24.96	25.45	1998228	50527440.00
2019/07/08	25.18	25.38	24.01	24.15	1926396	47147976.00
2019/07/09	24.03	24.46	24.03	24.33	855016	20724608.00
2019/07/10	24.34	24.47	23.51	23.80	1207500	29025560.00
2019/07/11	23.87	24.16	23.77	23.85	819116	19621572.00
2019/07/12	23.80	24.10	23.80	24.03	667054	16001887.00
2019/07/15	24.00	24.27	23.51	24.19	1207059	28862728.00
2019/07/16	24.06	24.35	24.06	24.30	922440	22319152.00
2019/07/17	24.28	24.31	24.06	24.18	798000	19304996.00
2019/07/18	24.06	24.06	23.52	23.52	851500	20225952.00
2019/07/19	23.59	24.00	23.59	23.73	609800	14511662.00
2019/07/22	23.72	23.75	22.76	22.91	1068300	24656550.00
2019/07/23	23.01	23.10	22.90	23.08	542900	12499966.00
2019/07/24	23.10	23.64	23.10	23.46	862336	20207658.00
2019/07/25	23.45	23.99	23.45	23.82	1199343	28557230.00
2019/07/26	23.70	24.14	23.63	24.00	938709	22431462.00
2019/07/29	23.97	24.11	23.69	23.89	781600	18636412.00
2019/07/30	23.92	24.04	23.78	23.86	768000	18362408.00
2019/07/31	23.86	26.25	23.70	25.45	8999545	233474832.00
2019/08/01	25.16	25.30	24.35	24.76	6750032	166590608.00
2019/08/02	23.98	24.09	23.50	23.68	3956484	94001136.00
2019/08/05	23.74	23.90	23.30	23.31	2131502	50270952.00
2019/08/06	22.87	23.09	22.20	22.98	2141427	48596028.00
2019/08/07	23.33	23.46	22.90	23.00	1117174	25877046.00
2019/08/08	23.01	23.20	22.70	22.82	1237400	28335884.00
2019/08/09	23.00	23.11	22.18	22.20	1595000	35926456.00
2019/08/12	22.23	22.58	22.12	22.57	724687	16199411.00
2019/08/13	22.45	22.56	22.24	22.54	638600	14316322.00
2019/08/14	22.90	22.96	22.57	22.65	929831	21186798.00
2019/08/15	22.20	22.82	22.02	22.71	757787	17015434.00
2019/08/16	22.80	23.25	22.71	22.96	1216900	28024258.00
2019/08/19	25.26	25.26	25.20	25.26	2712708	68522264.00
2019/08/20	27.00	27.79	26.30	27.79	4889142	134173832.00
2019/08/21	29.00	29.60	25.80	25.93	13542236	369798944.00
2019/08/22	25.80	26.25	25.08	25.80	8747001	224739632.00
2019/08/23	25.51	25.80	25.15	25.34	4376463	111384984.00
2019/08/26	24.60	25.20	24.55	25.03	2963164	73782528.00
2019/08/27	25.20	25.72	25.02	25.55	3884234	98729608.00
2019/08/28	25.40	25.40	24.75	24.77	3339200	83319992.00
2019/08/29	24.80	25.23	24.80	25.03	2308415	57710596.00
2019/08/30	25.11	25.20	24.01	24.11	3070300	75282112.00
2019/09/02	24.05	24.56	24.05	24.43	1996004	48581768.00
2019/09/03	24.43	24.86	24.35	24.76	2065196	50788432.00
2019/09/04	24.59	25.20	24.52	25.18	2832796	70546984.00
2019/09/05	25.17	25.56	25.06	25.11	3636296	92140816.00
2019/09/06	25.11	25.55	25.11	25.44	2652400	67203696.00
2019/09/09	25.54	26.10	25.29	26.08	4143066	106516120.00
2019/09/10	26.08	26.12	25.51	25.60	2692020	69129856.00
2019/09/11	25.66	25.78	25.30	25.33	1831215	46591568.00
2019/09/12	25.38	25.87	25.38	25.81	2378283	60981900.00
2019/09/16	25.83	26.22	25.79	25.97	3049503	79332840.00
2019/09/17	26.12	26.53	25.79	25.88	4732549	123891136.00
2019/09/18	26.11	28.47	26.05	28.47	7707549	208153296.00
2019/09/19	27.00	28.55	27.00	27.94	6961161	192352656.00
2019/09/20	27.68	28.78	27.48	27.70	5943721	166805328.00
2019/09/23	27.38	27.58	26.70	26.91	4173992	112743424.00
2019/09/24	27.10	27.40	26.65	26.98	4226215	114547688.00
2019/09/25	26.77	26.91	26.11	26.35	3012053	79890912.00
2019/09/26	26.53	27.10	25.41	25.49	3572036	93296152.00
2019/09/27	25.40	26.03	25.20	25.84	2566916	65970768.00
2019/09/30	26.13	26.29	25.02	25.21	1921833	48974240.00
2019/10/08	25.42	25.84	25.29	25.37	1708200	43725220.00
2019/10/09	25.34	26.45	24.80	26.16	2645000	68571576.00
2019/10/10	26.33	27.08	26.08	26.75	3599025	96078320.00
2019/10/11	26.62	27.28	26.41	26.89	3843500	103283040.00
2019/10/14	27.22	27.50	26.82	26.96	3495751	94676088.00
2019/10/15	26.99	27.49	26.45	27.30	3418161	92149392.00
2019/10/16	27.23	27.45	27.01	27.26	3428767	93316920.00
2019/10/17	27.25	27.29	26.61	26.78	2475238	66488944.00
2019/10/18	26.72	26.93	25.50	25.67	2901214	75773328.00
2019/10/21	25.50	26.06	25.16	25.98	1895200	48750480.00
2019/10/22	26.00	26.19	25.84	26.10	1194200	31077388.00
2019/10/23	26.10	26.44	25.75	26.10	1654300	43273604.00
2019/10/24	26.03	26.20	25.69	25.94	1286200	33367624.00
2019/10/25	26.36	27.70	26.23	27.07	5094470	137613472.00
2019/10/28	27.96	28.00	27.06	27.65	4779184	131633624.00
2019/10/29	27.45	27.68	26.98	27.08	3604318	98536512.00
2019/10/30	27.00	28.23	26.96	27.14	4009136	110469200.00
2019/10/31	27.14	27.94	26.55	27.81	4735115	130350752.00
2019/11/01	27.85	27.98	27.25	27.92	4544773	126031480.00
2019/11/04	27.92	28.58	27.52	27.75	4375573	122713224.00
2019/11/05	27.72	28.46	27.28	28.40	4830365	135089280.00
2019/11/06	28.25	28.32	27.30	27.98	3919673	108723896.00
2019/11/07	27.71	27.95	27.41	27.74	2145600	59397648.00
2019/11/08	27.77	28.37	27.30	27.37	3157036	87975856.00
2019/11/11	27.00	27.00	25.52	25.71	3329236	87043960.00
2019/11/12	25.88	25.90	25.18	25.70	1533692	39279332.00
2019/11/13	25.70	25.85	25.34	25.67	1290100	32949856.00
2019/11/14	25.71	25.98	25.61	25.90	1207200	31176040.00
2019/11/15	25.90	25.99	25.31	25.31	1228800	31426138.00
2019/11/18	25.31	25.63	25.15	25.59	1003600	25516440.00
2019/11/19	25.48	26.09	25.40	26.06	1383907	35864952.00
2019/11/20	26.00	26.18	25.69	25.74	989207	25582942.00
2019/11/21	25.73	25.92	25.44	25.86	765200	19675224.00
2019/11/22	25.87	26.11	25.31	25.34	1298500	33308816.00
2019/11/25	25.46	25.52	24.80	25.22	1071944	26913014.00
2019/11/26	25.61	25.61	25.11	25.33	630700	15944247.00
2019/11/27	25.15	25.38	24.85	24.89	1007100	25251132.00
2019/11/28	24.90	24.97	24.16	24.30	1400875	34299592.00
2019/11/29	24.21	24.44	24.15	24.30	792000	19209556.00
2019/12/02	24.31	24.70	24.21	24.50	738441	18085652.00
2019/12/03	24.46	24.68	24.20	24.68	549400	13460968.00
2019/12/04	24.68	24.80	24.45	24.56	620200	15247193.00
2019/12/05	24.56	24.76	24.56	24.71	1092773	26956500.00
2019/12/06	24.69	24.87	24.58	24.86	818500	20266128.00
2019/12/09	24.92	24.92	24.58	24.71	787600	19482420.00
2019/12/10	24.61	24.87	24.54	24.83	948900	23423058.00
2019/12/11	24.80	24.88	24.45	24.45	979307	24116304.00
2019/12/12	24.36	24.66	24.30	24.56	745858	18271456.00
2019/12/13	24.80	24.85	24.61	24.82	1193714	29531736.00
2019/12/16	25.02	25.65	25.02	25.60	1967617	49863012.00
2019/12/17	25.57	25.81	25.48	25.78	1798300	46135128.00
2019/12/18	25.70	25.87	25.56	25.62	1123173	28840468.00
2019/12/19	25.73	26.61	25.59	26.31	2572700	67493168.00
2019/12/20	26.20	26.52	25.92	26.32	1574704	41337600.00
2019/12/23	26.44	26.44	25.46	25.51	1270758	32848190.00
2019/12/24	26.02	26.05	25.50	26.00	1047100	27120720.00
2019/12/25	25.98	26.07	25.80	25.94	985400	25570868.00
2019/12/26	25.84	26.23	25.84	26.18	1047900	27335640.00
2019/12/27	26.16	26.50	26.05	26.11	1486900	39137784.00
2019/12/30	26.00	26.42	25.56	26.37	1456400	37986304.00
2019/12/31	26.36	26.44	26.03	26.04	1198300	31381156.00
2020/01/02	26.10	26.56	26.09	26.44	1628000	42924876.00
2020/01/03	26.49	26.55	26.14	26.35	1305200	34384568.00
2020/01/06	26.30	26.76	26.08	26.68	2102178	55724524.00
2020/01/07	26.65	26.82	26.52	26.80	1730247	46175880.00
2020/01/08	26.67	26.67	25.93	25.97	2072381	54491448.00
2020/01/09	26.17	27.39	26.17	27.03	3254248	87557888.00
2020/01/10	27.00	27.11	26.64	26.85	1419381	38086196.00
2020/01/13	26.85	26.85	26.35	26.78	1527221	40577104.00
2020/01/14	26.94	26.94	26.59	26.67	1420000	37985348.00
2020/01/15	26.67	26.77	26.20	26.40	1122456	29622334.00
2020/01/16	26.50	26.61	26.20	26.24	1027900	27113032.00
2020/01/17	26.46	26.64	26.14	26.28	1109015	29237012.00
2020/01/20	26.34	26.75	26.25	26.63	1219427	32313868.00
2020/01/21	26.65	26.71	26.00	26.06	1422968	37327980.00
2020/01/22	26.00	26.03	25.33	25.79	1234394	31730282.00
2020/01/23	25.54	25.65	24.60	24.80	1331894	33491934.00
2020/02/03	22.32	22.32	22.32	22.32	227900	5086728.00
2020/02/04	20.09	22.79	20.09	21.80	2592336	55814776.00
2020/02/05	21.89	22.39	21.80	22.03	1861800	41142628.00
2020/02/06	22.02	23.09	21.83	22.83	2010990	45525136.00
2020/02/07	22.83	22.98	22.50	22.80	1742000	39514848.00
2020/02/10	22.81	23.37	22.71	23.17	1370500	31615478.00
2020/02/11	23.40	23.40	23.05	23.20	1331100	30944054.00
2020/02/12	23.15	23.35	23.01	23.32	1398100	32465362.00
2020/02/13	23.20	23.68	22.95	23.06	1138000	26385100.00
2020/02/14	23.07	23.19	22.77	22.99	1039619	23918666.00
2020/02/17	23.21	25.29	23.21	25.29	2744340	67483472.00
2020/02/18	27.00	27.81	25.83	26.58	9760934	261932560.00
2020/02/19	25.65	26.55	25.20	25.87	6034229	155663584.00
2020/02/20	26.78	28.45	25.81	28.00	8449278	228409856.00
2020/02/21	27.55	27.99	26.90	27.18	6338332	172799648.00
2020/02/24	27.90	29.18	27.60	28.05	6932213	195945584.00
2020/02/25	26.96	28.30	26.70	28.23	6345800	175182656.00
2020/02/26	27.69	27.81	26.80	26.81	4148400	113182160.00
2020/02/27	26.81	27.28	26.42	27.00	2316915	62419284.00
2020/02/28	25.82	26.44	25.41	25.42	2544988	65946880.00
2020/03/02	25.90	26.77	25.37	26.67	2287132	60198364.00
2020/03/03	27.07	27.78	26.90	27.08	3301200	90192464.00
2020/03/04	27.18	28.40	26.82	28.28	4688407	129980816.00
2020/03/05	29.19	29.34	27.87	28.44	6306763	181371280.00
2020/03/06	27.98	30.08	27.95	29.30	6911702	202960288.00
2020/03/09	29.23	30.88	28.30	28.70	6667652	196533312.00
2020/03/10	28.50	30.18	27.63	30.04	6924336	201554544.00
2020/03/11	30.00	30.15	28.50	28.73	5808352	169974736.00
2020/03/12	28.45	28.46	26.89	27.23	4081472	112536424.00
2020/03/13	25.50	26.70	25.50	26.28	3742092	97280592.00
2020/03/16	26.57	26.68	24.43	24.75	3014600	77447472.00
2020/03/17	24.95	25.15	23.66	24.40	2259100	54879564.00
2020/03/18	24.45	24.92	23.87	23.90	2174492	53256828.00
2020/03/19	23.90	24.37	23.61	24.17	1975400	47353032.00
2020/03/20	24.48	24.48	23.89	24.40	1641800	39843296.00
2020/03/23	23.91	24.19	23.48	23.70	1541000	36640104.00
2020/03/24	24.05	24.27	23.66	24.24	1301300	31283864.00
2020/03/25	24.77	24.90	24.32	24.53	1753300	43114088.00
2020/03/26	24.30	24.77	24.25	24.38	1291800	31592900.00
2020/03/27	24.50	25.07	24.48	24.59	1722400	42721752.00
2020/03/30	24.17	24.20	23.43	23.68	1414300	33492512.00
2020/03/31	23.93	24.42	23.70	23.74	1041652	24999364.00
2020/04/01	23.65	24.11	23.56	23.71	996600	23794224.00
2020/04/02	23.57	24.11	23.57	24.08	862000	20574708.00
2020/04/03	24.08	24.31	23.90	24.08	1114300	26853652.00
2020/04/07	24.28	24.87	24.28	24.63	1829300	45026148.00
2020/04/08	25.03	25.46	24.85	24.90	2186500	54897560.00
2020/04/09	24.91	25.21	24.82	25.07	1533100	38373128.00
2020/04/10	25.04	25.17	24.40	24.58	1519500	37625244.00
2020/04/13	24.28	24.61	24.16	24.30	798600	19427440.00
2020/04/14	24.48	24.88	24.38	24.82	931000	22961268.00
2020/04/15	24.71	24.95	24.60	24.65	947800	23466520.00
2020/04/16	24.70	24.74	24.40	24.62	903100	22184304.00
2020/04/17	24.70	24.76	24.38	24.40	1212500	29824534.00
2020/04/20	24.41	24.55	24.29	24.39	931700	22757598.00
2020/04/21	24.46	24.48	23.70	23.85	1463952	35061344.00
2020/04/22	23.76	24.03	23.56	23.96	807800	19265744.00
2020/04/23	23.97	24.10	23.70	23.73	916059	21823096.00
2020/04/24	23.60	23.88	22.97	23.25	1236340	28790340.00
2020/04/27	23.19	23.90	22.89	23.69	1041159	24370656.00
2020/04/28	23.00	23.04	21.32	21.53	2573684	56290000.00
2020/04/29	21.03	21.63	21.03	21.34	818200	17533076.00
2020/04/30	21.55	21.95	21.55	21.92	1254100	27391352.00
2020/05/06	21.92	22.22	21.61	22.13	796600	17519580.00
2020/05/07	22.25	22.35	21.95	22.09	758600	16780154.00
2020/05/08	22.17	22.36	22.08	22.32	1221300	27154408.00
2020/05/11	22.21	22.45	22.00	22.10	971400	21539136.00
2020/05/12	22.15	23.00	21.90	22.59	1473300	32789768.00
2020/05/13	22.52	23.19	22.34	23.09	2128711	48666272.00
2020/05/14	23.00	24.88	22.81	24.79	4861791	117003304.00
2020/05/15	24.73	24.75	23.64	23.73	4206944	100786560.00
2020/05/18	23.60	24.67	23.25	24.32	3890391	93629072.00
2020/05/19	24.56	24.61	23.76	23.91	2892907	69212560.00
2020/05/20	23.79	23.91	23.21	23.27	1495884	35117192.00
2020/05/21	23.39	23.46	22.85	22.86	1041500	24105466.00
2020/05/22	22.86	22.98	22.31	22.34	957100	21592740.00
2020/05/25	22.25	22.85	22.25	22.52	670084	15146943.00
2020/05/26	22.51	23.06	22.51	22.95	810584	18584200.00
2020/05/27	23.05	23.05	22.49	22.66	803600	18276488.00
2020/05/28	22.66	22.90	22.41	22.75	669600	15170639.00
2020/05/29	25.00	25.03	22.90	22.95	1633500	38468284.00
2020/06/01	22.91	23.49	22.91	23.42	1335600	31118944.00
2020/06/02	23.80	24.89	23.44	24.52	3969079	97255200.00
2020/06/03	24.39	24.64	23.90	23.93	2552225	61750960.00
2020/06/04	23.89	24.03	23.61	23.71	1309254	31092324.00
2020/06/05	23.76	24.09	23.40	23.76	1312720	31267274.00
2020/06/08	23.91	24.08	23.46	23.56	996391	23611340.00
2020/06/09	23.78	23.87	23.52	23.74	872600	20697412.00
2020/06/10	23.74	23.90	23.22	23.63	1253654	29504492.00
2020/06/11	23.88	24.02	23.42	23.80	1321354	31418248.00
2020/06/12	23.50	23.57	23.19	23.41	1196300	28004544.00
2020/06/15	23.00	24.50	23.00	23.21	1090154	25499242.00
2020/06/16	23.63	23.75	23.30	23.69	1317854	31063268.00
2020/06/17	23.85	23.85	23.37	23.59	1097200	25843478.00
2020/06/18	23.53	23.70	23.47	23.58	828629	19532072.00
2020/06/19	23.41	23.67	23.41	23.47	765923	18036810.00
2020/06/22	23.51	23.59	23.12	23.20	1191620	27836208.00
2020/06/23	23.20	23.29	22.90	22.99	1092620	25198810.00
2020/06/24	23.01	23.10	22.72	22.92	729100	16668556.00
2020/06/29	22.72	22.91	22.55	22.60	712100	16149091.00
2020/06/30	22.92	23.24	22.92	23.17	1102529	25442150.00
2020/07/01	23.33	23.38	22.92	23.01	808152	18662164.00
2020/07/02	23.19	23.95	23.04	23.82	2563058	60519680.00
2020/07/03	24.55	25.55	24.43	24.45	4813329	119295896.00
2020/07/06	24.13	25.50	24.06	25.49	5061045	125935856.00
2020/07/07	25.81	25.98	25.02	25.30	5189023	132639408.00
2020/07/08	25.10	25.47	24.87	25.36	3421100	86196104.00
2020/07/09	25.35	26.13	25.31	26.01	4336000	111603208.00
2020/07/10	25.98	25.98	25.35	25.40	2701800	69344144.00
2020/07/13	25.72	26.88	25.72	26.71	4290854	113515800.00
2020/07/14	26.69	26.70	25.58	26.04	3240100	84696768.00
2020/07/15	26.05	26.18	25.18	25.25	1878100	48048248.00
2020/07/16	25.26	25.66	24.47	24.47	1943000	48678416.00
2020/07/17	24.48	24.79	24.20	24.32	1077800	26354544.00
2020/07/20	24.69	24.94	24.35	24.84	1766800	43637808.00
2020/07/21	24.89	24.96	24.45	24.70	1425706	35142572.00
2020/07/22	24.68	24.95	24.40	24.65	1122700	27752160.00
2020/07/23	24.54	24.70	23.80	24.23	1420152	34370980.00
2020/07/24	24.26	24.66	23.59	23.59	1422200	34156656.00
2020/07/27	23.56	23.76	22.93	23.12	915000	21251972.00
2020/07/28	23.20	23.56	23.20	23.46	774000	18154644.00
2020/07/29	23.40	24.01	23.23	23.90	996954	23614320.00
2020/07/30	23.80	24.23	23.61	23.66	1074800	25543176.00
2020/07/31	23.80	24.23	23.65	23.99	1053700	25244768.00
2020/08/03	24.10	25.32	24.10	25.27	2227300	55182184.00
2020/08/04	25.35	25.49	24.91	25.00	1496100	37639568.00
2020/08/05	24.96	25.20	24.73	24.88	1508300	37578520.00
2020/08/06	26.50	26.50	24.91	25.20	2206400	55647708.00
2020/08/07	25.20	25.20	24.20	24.46	1537429	37789520.00
2020/08/10	24.63	24.96	24.45	24.77	1109897	27414042.00
2020/08/11	24.78	24.80	23.96	24.02	1111300	27134818.00
2020/08/12	24.10	24.30	23.65	24.22	977500	23386004.00
2020/08/13	24.33	24.78	24.28	24.37	782700	19158772.00
2020/08/14	24.45	24.60	24.00	24.59	691606	16821354.00
2020/08/17	24.60	25.00	24.44	24.89	1306406	32425340.00
2020/08/18	25.14	25.30	24.76	24.92	1208600	30112312.00
2020/08/19	24.90	25.51	24.71	25.09	2111700	53119176.00
2020/08/20	24.90	24.95	24.48	24.64	1151775	28464658.00
2020/08/21	24.85	25.18	24.70	25.15	1407375	35151260.00
2020/08/24	25.30	25.35	25.03	25.21	1273800	32072484.00
2020/08/25	25.20	25.45	24.95	25.11	1285199	32377724.00
2020/08/26	25.22	25.25	24.40	24.50	1258100	31235328.00
2020/08/27	24.50	24.99	24.50	24.80	931600	23079902.00
2020/08/28	25.51	26.50	25.31	25.97	4116575	106524912.00
2020/08/31	26.00	26.47	25.85	26.06	3113200	81425120.00
2020/09/01	25.93	27.85	25.93	27.38	5292198	143950400.00
2020/09/02	27.70	28.45	27.22	27.89	5243579	146234144.00
2020/09/03	27.89	28.88	27.55	27.98	4581341	128675888.00
2020/09/04	27.40	28.30	27.20	27.57	3324475	92100624.00
2020/09/07	27.48	28.15	26.32	26.44	4113275	111551304.00
2020/09/08	26.55	27.18	26.40	26.91	2383943	63688388.00
2020/09/09	26.70	27.44	26.21	26.88	3006500	81008176.00
2020/09/10	27.39	28.02	25.84	25.95	3064300	82829768.00
2020/09/11	25.85	27.55	25.56	27.45	2993100	80056440.00
2020/09/14	27.76	28.37	27.00	27.68	4303175	120153360.00
2020/09/15	28.00	28.10	27.11	27.36	2466452	67566152.00
2020/09/16	27.30	28.15	27.15	27.95	3085000	85168624.00
2020/09/17	27.59	27.72	27.00	27.42	2555100	69845352.00
2020/09/18	27.04	27.48	26.80	27.42	1852052	50322388.00
2020/09/21	27.20	27.49	26.78	27.49	2026504	54944800.00
2020/09/22	27.22	27.26	26.36	26.44	2106200	56208712.00
2020/09/23	26.46	26.73	26.39	26.63	1072500	28490006.00
2020/09/24	26.50	26.50	25.76	25.78	1284300	33355664.00
2020/09/25	25.83	26.08	25.31	25.49	945500	24203248.00
2020/09/28	25.78	25.98	25.40	25.45	916200	23521108.00
2020/09/29	25.49	25.72	25.33	25.44	887700	22640088.00
2020/09/30	25.45	25.57	25.06	25.12	790100	19977520.00
2020/10/09	25.35	25.97	25.35	25.81	993500	25592988.00
2020/10/12	26.00	27.40	26.00	27.40	2503300	67134936.00
2020/10/13	27.40	27.82	27.06	27.64	1863600	51175396.00
2020/10/14	27.64	27.88	27.30	27.65	1711900	47273496.00
2020/10/15	27.69	27.89	27.22	27.32	1325000	36408872.00
2020/10/16	27.50	28.26	27.16	28.15	2605700	72597624.00
2020/10/19	28.39	28.39	27.40	27.45	1986452	55169556.00
2020/10/20	27.67	27.92	27.48	27.72	1424100	39441552.00
2020/10/21	27.73	28.38	27.65	27.90	2542900	71085768.00
2020/10/22	27.93	28.90	27.65	28.56	3546252	100776408.00
2020/10/23	28.29	28.72	27.46	27.58	2186852	61088684.00
2020/10/26	27.87	28.12	27.16	27.64	1444900	40016464.00
2020/10/27	27.30	27.82	27.30	27.59	1096900	30267616.00
2020/10/28	27.45	27.99	27.08	27.59	1322200	36226624.00
2020/10/29	27.45	28.15	27.08	28.09	1569900	43670492.00
2020/10/30	27.80	28.50	26.70	26.83	2367400	65708964.00
2020/11/02	26.63	26.96	26.05	26.32	2022900	53419632.00
2020/11/03	26.65	28.88	26.28	28.47	3784591	105737352.00
2020/11/04	28.56	29.15	28.18	28.54	2952300	84456760.00
2020/11/05	28.99	29.15	28.15	28.60	2433900	69385368.00
2020/11/06	28.68	28.87	28.03	28.48	2391200	67946376.00
2020/11/09	28.92	29.63	28.51	29.10	4087752	118486264.00
2020/11/10	29.12	29.51	28.42	28.60	2753900	79488968.00
2020/11/11	28.97	29.32	28.38	28.90	2539900	73314016.00
2020/11/12	28.76	28.87	28.14	28.29	1759775	50161040.00
2020/11/13	28.49	28.70	28.05	28.62	1495200	42468624.00
2020/11/16	29.59	30.93	28.80	30.50	6675275	199652480.00
2020/11/17	30.33	30.50	27.57	27.88	5997191	173058336.00
2020/11/18	27.99	29.50	27.86	28.76	4370200	125919288.00
2020/11/19	28.67	28.81	28.11	28.13	2456100	69769976.00
2020/11/20	28.15	28.54	27.76	28.31	2136875	60344516.00
2020/11/23	28.40	28.60	27.61	27.63	2304300	64608136.00
2020/11/24	27.70	27.98	27.60	27.78	1322500	36688228.00
2020/11/25	27.78	27.91	27.11	27.12	1391300	38064468.00
2020/11/26	27.16	27.46	26.76	26.96	1192200	32230182.00
2020/11/27	27.10	27.10	26.32	26.60	1345250	35859536.00
2020/11/30	26.89	27.09	26.56	26.65	1210875	32446544.00
2020/12/01	26.68	27.12	26.43	26.97	912200	24512668.00
2020/12/02	26.99	27.22	26.66	26.80	1106600	29677712.00
2020/12/03	26.81	26.92	26.61	26.63	798300	21354340.00
2020/12/04	26.68	26.70	26.20	26.45	1083600	28608396.00
2020/12/07	26.56	26.84	26.23	26.66	819300	21715124.00
2020/12/08	26.64	26.64	26.28	26.34	559006	14777280.00
2020/12/09	26.38	26.59	25.80	25.89	888252	23247450.00
2020/12/10	25.70	26.03	25.70	25.72	518700	13397783.00
2020/12/11	25.65	25.91	24.86	25.00	948200	23887658.00
2020/12/14	25.10	25.27	25.02	25.21	471500	11840240.00
2020/12/15	25.61	25.98	25.48	25.70	778552	20053460.00
2020/12/16	25.69	25.84	25.15	25.15	708699	17978084.00
2020/12/17	25.26	25.57	24.97	25.50	659699	16718792.00
2020/12/18	25.60	25.60	24.80	24.81	1103700	27672880.00
2020/12/21	24.97	24.97	24.51	24.56	924500	22790792.00
2020/12/22	24.51	24.84	24.00	24.01	886200	21631810.00
2020/12/23	24.00	24.25	23.79	23.85	782000	18746136.00
2020/12/24	23.85	23.89	23.05	23.23	904700	21184970.00
2020/12/25	23.23	23.76	23.16	23.52	570100	13367586.00
2020/12/28	23.60	23.60	22.88	22.95	697500	16126921.00
2020/12/29	22.95	23.42	22.89	23.17	461700	10724815.00
2020/12/30	23.22	23.43	23.11	23.26	457400	10649093.00
2020/12/31	23.27	23.75	23.27	23.68	493865	11671655.00
2021/01/04	23.78	24.15	23.44	24.10	1105000	26331592.00
2021/01/05	24.03	24.15	23.84	24.04	654000	15708255.00
2021/01/06	23.95	24.10	23.20	23.50	759400	17853012.00
2021/01/07	23.49	23.50	22.27	22.50	1091775	24802626.00
2021/01/08	22.40	22.95	21.80	22.62	664121	14973601.00
2021/01/11	22.61	22.61	21.84	21.96	679599	15098230.00
2021/01/12	21.99	22.48	21.96	22.26	426899	9494708.00
2021/01/13	22.32	22.33	21.05	21.69	705165	15367775.00
2021/01/14	21.68	22.44	21.35	22.34	548421	12111161.00
2021/01/15	22.78	23.26	22.64	23.10	903400	20822496.00
2021/01/18	23.10	23.38	22.96	23.28	680900	15827247.00
2021/01/19	23.36	23.72	23.05	23.67	742000	17374948.00
2021/01/20	23.40	23.71	23.40	23.50	503201	11845138.00
2021/01/21	23.47	23.65	23.18	23.40	519100	12150636.00
2021/01/22	23.23	23.78	23.05	23.61	540501	12630104.00
2021/01/25	23.61	23.73	22.90	23.07	518500	12047577.00
2021/01/26	23.08	24.16	22.92	23.72	775301	18338102.00
2021/01/27	23.88	23.88	23.40	23.62	404100	9521189.00
2021/01/28	23.14	23.60	23.14	23.36	384200	8994789.00
2021/01/29	23.66	23.66	23.00	23.23	503700	11723302.00
2021/02/01	23.49	23.55	23.19	23.55	396500	9253273.00
2021/02/02	23.43	23.49	23.09	23.13	378600	8803350.00
2021/02/03	23.02	23.12	22.50	22.52	496000	11233479.00
2021/02/04	23.77	24.77	23.34	23.48	1618700	38514964.00
2021/02/05	22.90	23.47	22.81	23.06	811200	18800188.00
2021/02/08	22.80	23.50	22.80	23.26	512700	11963170.00
2021/02/09	23.03	23.96	23.03	23.94	789900	18759304.00
2021/02/10	23.93	24.15	23.76	23.96	647800	15527230.00
2021/02/18	24.09	24.53	24.09	24.29	873300	21285420.00
2021/02/19	24.29	24.55	24.09	24.53	719100	17549368.00
2021/02/22	24.52	24.91	24.37	24.49	974100	24061280.00
2021/02/23	24.38	24.59	24.10	24.34	623500	15138057.00
2021/02/24	24.39	24.47	23.87	24.05	724400	17509552.00
2021/02/25	24.06	24.21	23.76	23.82	500800	11968773.00
2021/02/26	23.71	23.97	23.50	23.89	487801	11570219.00
2021/03/01	23.89	24.41	23.82	24.41	461201	11162438.00
2021/03/02	24.41	24.53	24.08	24.15	450100	10916815.00
2021/03/03	24.20	24.72	24.11	24.62	615000	15048443.00
2021/03/04	24.60	24.86	24.32	24.42	683000	16797428.00
2021/03/05	24.43	24.61	24.32	24.46	485806	11884650.00
2021/03/08	24.47	24.69	24.02	24.13	520300	12662413.00
2021/03/09	24.15	24.19	23.00	23.65	573900	13589131.00
2021/03/10	23.88	23.88	23.23	23.30	402800	9476352.00
2021/03/11	23.30	23.66	23.30	23.62	313900	7383300.00
2021/03/12	23.53	23.70	23.31	23.58	360800	8468440.00
2021/03/15	23.66	23.85	23.39	23.68	441100	10446808.00
2021/03/16	23.69	24.05	23.69	24.01	426300	10186979.00
2021/03/17	24.01	24.25	23.86	24.20	383600	9236985.00
2021/03/18	24.34	24.35	23.93	24.00	309300	7450304.00
2021/03/19	23.98	24.40	23.80	24.06	488500	11816432.00
2021/03/22	24.07	24.60	23.97	24.56	544100	13281504.00
2021/03/23	24.48	24.69	24.10	24.25	490052	11925264.00
2021/03/24	24.03	24.38	24.03	24.30	329400	7985085.00
2021/03/25	24.30	24.45	23.92	23.92	507552	12267272.00
2021/03/26	23.85	24.24	23.85	24.17	357100	8595323.00
2021/03/29	24.16	24.47	24.09	24.36	442600	10745142.00
2021/03/30	24.38	24.38	23.80	24.19	307300	7430066.00
2021/03/31	24.22	24.28	23.91	24.16	328700	7912704.00
2021/04/01	24.16	24.56	23.95	24.10	361500	8721123.00
2021/04/02	24.04	24.57	24.04	24.57	679200	16567225.00
2021/04/06	24.60	24.67	24.34	24.64	629000	15426379.00
2021/04/07	24.63	25.30	24.56	25.16	925200	23120424.00
2021/04/08	25.15	25.25	24.80	24.88	571300	14282102.00
2021/04/09	24.92	25.09	24.65	25.01	476100	11846657.00
2021/04/12	25.09	25.38	24.62	24.69	692801	17360980.00
2021/04/13	24.69	24.89	24.27	24.31	351100	8617496.00
2021/04/14	24.36	24.95	24.33	24.90	492300	12174442.00
2021/04/15	24.85	24.98	24.58	24.82	356700	8830309.00
2021/04/16	25.09	25.28	24.85	25.11	552200	13852866.00
2021/04/19	25.04	25.45	25.03	25.40	720634	18229842.00
2021/04/20	25.49	25.49	25.05	25.10	620400	15663783.00
2021/04/21	25.14	25.72	25.01	25.68	1002300	25543044.00
2021/04/22	25.80	25.82	25.44	25.55	429500	10972904.00
2021/04/23	25.45	25.45	24.88	25.13	610221	15324430.00
2021/04/26	25.06	25.30	24.94	25.12	488100	12246481.00
2021/04/27	24.96	25.19	24.32	24.50	636139	15655582.00
2021/04/28	24.60	25.99	24.49	25.98	1903139	48870432.00
2021/04/29	25.99	26.27	25.56	26.07	1420200	36741256.00
2021/04/30	25.00	25.00	23.46	24.45	1906353	46429668.00
2021/05/06	24.25	26.33	24.25	26.16	2471900	62668028.00
2021/05/07	25.96	28.30	25.95	27.27	4876927	132757480.00
2021/05/10	28.60	30.00	28.60	30.00	4179752	124488536.00
2021/05/11	32.00	32.60	29.13	30.59	9690902	299551296.00
2021/05/12	30.11	30.97	29.11	30.32	4607800	138317568.00
2021/05/13	29.56	30.40	29.39	29.73	2833574	84742672.00
2021/05/14	30.15	30.80	29.81	30.20	3365400	102184576.00
2021/05/17	29.69	30.77	28.55	28.87	4507774	133451304.00
2021/05/18	28.82	29.87	28.48	28.87	2248507	65367752.00
2021/05/19	28.92	29.37	27.74	27.96	2414251	68045856.00
2021/05/20	27.80	28.26	27.30	27.48	1908306	52871676.00
2021/05/21	27.77	27.80	26.56	26.97	2947950	79296232.00
2021/05/24	26.98	27.20	26.58	26.80	1657500	44430724.00
2021/05/25	26.85	27.55	26.80	27.26	1628872	44359864.00
2021/05/26	27.31	27.57	27.11	27.46	1202700	32938666.00
2021/05/27	27.49	27.58	27.06	27.35	1029297	28079886.00
2021/05/28	27.33	27.40	26.35	26.39	1508728	40444184.00
2021/05/31	26.27	27.65	26.24	27.52	1661324	44855328.00
2021/06/01	27.54	28.18	27.27	27.77	1685475	46775568.00
2021/06/02	27.76	27.96	27.30	27.33	773900	21260374.00
2021/06/03	27.31	27.68	27.08	27.08	645028	17640282.00
2021/06/04	27.08	27.12	26.56	26.65	968700	25952028.00
2021/06/07	26.51	27.16	26.41	27.14	745900	19984228.00
2021/06/08	27.13	27.53	26.91	27.11	645575	17554964.00
2021/06/09	27.20	27.29	26.60	26.80	505700	13610917.00
2021/06/10	26.76	26.88	26.50	26.72	712900	18978092.00
2021/06/11	26.66	27.15	26.42	26.44	642600	17152016.00
2021/06/15	26.44	26.52	25.46	25.63	981400	25323774.00
2021/06/16	25.63	25.91	25.00	25.31	582400	14861072.00
2021/06/17	25.59	25.75	25.31	25.73	548800	14021551.00
2021/06/18	25.74	25.83	25.52	25.76	500300	12852521.00
2021/06/21	25.76	26.07	25.56	25.75	680500	17549368.00
2021/06/22	25.77	26.18	25.67	25.88	621100	16111932.00
2021/06/23	25.90	26.08	25.80	25.96	499306	12942457.00
2021/06/24	25.96	26.32	25.75	26.18	587300	15349308.00
2021/06/25	26.30	26.30	25.76	25.91	466250	12096902.00
2021/06/28	26.06	26.06	25.70	25.82	390500	10084179.00
2021/06/29	25.86	25.86	25.23	25.35	539800	13714546.00
2021/06/30	25.37	25.62	25.10	25.31	505225	12814753.00
2021/07/01	25.28	25.64	25.20	25.25	506200	12865648.00
2021/07/02	25.29	25.29	24.69	24.72	661200	16464824.00
2021/07/05	24.72	24.90	24.52	24.82	478200	11820999.00
2021/07/06	24.87	24.98	24.58	24.80	466500	11566701.00
2021/07/07	24.72	24.92	24.60	24.78	464500	11479712.00
2021/07/08	24.78	24.88	24.16	24.21	715057	17442410.00
2021/07/09	24.25	24.66	24.11	24.55	478300	11673382.00
2021/07/12	24.68	24.79	24.50	24.63	569600	14015849.00
2021/07/13	24.67	24.71	24.20	24.71	601875	14734209.00
2021/07/14	24.71	24.71	24.26	24.33	588300	14359743.00
2021/07/15	24.44	24.44	23.60	23.77	875757	20843600.00
2021/07/16	23.80	23.80	23.40	23.48	823397	19390506.00
2021/07/19	23.45	23.88	23.24	23.70	712300	16756567.00
2021/07/20	23.69	23.69	23.30	23.48	402300	9413114.00
2021/07/21	23.56	23.70	23.43	23.50	477243	11238714.00
2021/07/22	23.54	23.86	23.44	23.50	643500	15209520.00
2021/07/23	23.51	23.52	22.80	22.81	1160200	26654330.00
2021/07/26	22.81	22.81	22.08	22.42	683652	15348314.00
2021/07/27	22.50	22.68	22.00	22.16	637300	14255425.00
2021/07/28	22.14	22.22	21.45	21.65	951200	20600956.00
2021/07/29	21.67	21.99	21.67	21.90	630200	13769348.00
2021/07/30	22.17	22.17	21.72	21.98	439300	9620793.00
2021/08/02	22.06	22.47	21.75	22.42	661100	14714770.00
2021/08/03	22.39	23.18	22.25	22.83	811100	18544694.00
2021/08/04	22.82	23.08	22.60	22.83	452100	10294030.00
2021/08/05	22.83	22.88	22.40	22.52	430700	9726439.00
2021/08/06	22.52	22.60	22.09	22.19	378100	8388696.00
2021/08/09	22.17	22.56	22.14	22.52	399900	8962807.00
2021/08/10	22.52	22.82	22.45	22.73	437157	9913274.00
2021/08/11	22.69	23.11	22.64	23.00	521400	11936415.00
2021/08/12	23.00	23.03	22.74	22.78	403076	9215044.00
2021/08/13	22.76	22.90	22.51	22.68	408176	9259923.00
2021/08/16	22.77	23.06	22.66	22.83	509000	11647095.00
2021/08/17	22.98	22.98	22.25	22.28	618200	13978588.00
2021/08/18	22.30	22.60	22.26	22.60	375000	8420542.00
2021/08/19	22.66	22.84	22.54	22.68	304236	6894340.50
2021/08/20	22.68	22.75	22.31	22.61	349000	7843585.00
2021/08/23	22.46	23.08	22.46	23.00	691636	15887843.00
2021/08/24	23.19	23.38	23.02	23.26	592500	13744064.00
2021/08/25	23.26	23.34	23.15	23.33	643300	14955001.00
2021/08/26	23.15	23.77	23.15	23.67	890900	20981424.00
2021/08/27	23.72	23.87	22.97	23.42	1715676	40007696.00
2021/08/30	23.95	24.17	23.56	24.07	1912600	45745464.00
2021/08/31	24.14	25.07	23.88	24.56	2429300	59644332.00
2021/09/01	24.60	24.99	24.20	24.50	1538384	37666172.00
2021/09/02	24.50	24.67	24.33	24.36	927884	22703084.00
2021/09/03	24.38	24.82	24.30	24.60	969500	23836864.00
2021/09/06	24.72	24.95	24.56	24.79	1295100	31977344.00
2021/09/07	25.16	26.10	25.10	25.32	2803957	71594672.00
2021/09/08	25.33	25.48	24.91	25.08	1651073	41386592.00
2021/09/09	25.10	25.38	24.85	24.98	802500	20054388.00
2021/09/10	25.16	25.46	24.92	25.10	1025825	25824576.00
2021/09/13	25.00	25.46	24.98	25.46	980528	24755696.00
2021/09/14	25.55	25.65	24.95	25.06	1224006	31025828.00
2021/09/15	25.51	25.51	25.10	25.17	898200	22718146.00
2021/09/16	25.30	26.25	25.22	25.57	1769400	45598948.00
2021/09/17	25.62	25.75	24.57	24.81	1598806	39857308.00
2021/09/22	24.60	24.73	24.35	24.63	759906	18594734.00
2021/09/23	24.68	25.38	24.68	25.01	912700	22890982.00
2021/09/24	25.16	25.36	24.57	24.66	859558	21468608.00
2021/09/27	24.70	24.77	22.19	23.81	1248200	29892880.00
2021/09/28	23.77	24.28	23.53	24.08	737500	17610940.00
2021/09/29	24.34	24.34	23.60	23.60	776400	18544024.00
2021/09/30	23.70	24.16	23.70	24.09	652500	15662446.00
2021/10/08	24.25	25.28	24.25	25.26	1178776	29372328.00
2021/10/11	25.26	25.48	25.06	25.29	999900	25242548.00
2021/10/12	25.16	25.82	24.91	25.55	1694276	43065260.00
2021/10/13	25.56	25.64	25.05	25.43	825100	20874304.00
2021/10/14	25.36	25.76	25.08	25.61	860400	21945968.00
2021/10/15	25.83	26.27	25.17	25.18	1136306	29116236.00
2021/10/18	25.20	25.79	24.99	25.72	942500	23983736.00
2021/10/19	25.36	25.48	24.71	24.98	1289106	32263004.00
2021/10/20	25.15	25.15	24.50	24.64	746612	18455870.00
2021/10/21	24.70	24.76	24.21	24.36	684500	16783240.00
2021/10/22	24.29	24.63	23.80	23.91	936700	22507532.00
2021/10/25	23.92	23.97	23.67	23.90	668200	15907878.00
2021/10/26	23.94	24.22	23.68	23.71	631300	15078886.00
2021/10/27	24.02	24.02	22.85	22.99	946625	21900656.00
2021/10/28	23.00	23.17	22.60	22.90	625242	14328709.00
2021/10/29	23.48	23.94	23.10	23.47	738700	17325212.00
2021/11/01	23.48	23.79	23.08	23.79	830300	19524728.00
2021/11/02	23.79	23.92	23.16	23.37	620900	14625203.00
2021/11/03	23.38	23.67	23.20	23.58	429400	10095402.00
2021/11/04	23.60	23.89	23.52	23.81	481900	11420459.00
2021/11/05	23.81	23.81	23.51	23.51	540000	12757499.00
2021/11/08	23.51	23.83	23.41	23.76	399600	9466122.00
2021/11/09	23.76	23.91	23.67	23.89	442500	10537092.00
2021/11/10	23.89	24.01	23.60	24.01	661501	15736780.00
2021/11/11	24.00	24.28	23.81	24.18	796200	19246888.00
2021/11/12	24.32	24.37	23.93	24.20	643306	15499237.00
2021/11/15	24.23	24.62	23.84	24.55	888506	21709658.00
2021/11/16	24.54	24.92	24.31	24.48	833800	20513428.00
2021/11/17	24.50	24.76	24.39	24.64	619600	15236116.00
2021/11/18	24.64	24.70	24.12	24.15	681600	16622491.00
2021/11/19	24.25	25.85	24.15	25.68	3103028	78612464.00
2021/11/22	25.85	25.85	25.11	25.24	1610900	40717112.00
2021/11/23	25.42	25.53	25.15	25.30	889806	22548426.00
2021/11/24	25.30	25.60	25.13	25.50	755906	19191106.00
2021/11/25	25.50	25.67	25.20	25.30	649928	16466733.00
2021/11/26	25.30	25.49	25.12	25.30	764925	19362366.00
2021/11/29	25.10	25.40	25.01	25.16	777677	19562768.00
2021/11/30	25.20	25.67	25.03	25.50	843800	21513260.00
2021/12/01	25.51	25.98	25.36	25.85	1047877	27022686.00
2021/12/02	25.84	25.97	25.20	25.33	800300	20376330.00
2021/12/03	25.38	25.56	25.15	25.37	563380	14273131.00
2021/12/06	25.34	25.35	24.54	24.58	939100	23322932.00
2021/12/07	24.77	25.06	24.61	24.82	692500	17173530.00
2021/12/08	24.80	25.07	24.76	24.97	415100	10358299.00
2021/12/09	24.80	25.11	24.80	25.06	496400	12417293.00
2021/12/10	25.06	25.68	24.82	25.50	903400	22984660.00
2021/12/13	26.00	26.12	25.43	25.70	1096652	28133824.00
2021/12/14	25.85	27.68	25.56	27.53	4372251	118223680.00
2021/12/15	27.08	27.24	26.28	26.43	2687252	71559512.00
2021/12/16	26.43	27.01	26.22	26.59	1463400	38986432.00
2021/12/17	26.60	26.61	26.00	26.37	1130825	29763786.00
2021/12/20	26.48	28.87	26.48	27.07	1947400	52848816.00
2021/12/21	27.07	27.50	26.40	26.63	1164700	31078032.00
2021/12/22	26.70	26.89	26.37	26.62	795694	21145538.00
2021/12/23	26.76	26.77	25.90	26.03	1008801	26343098.00
2021/12/24	26.07	26.28	25.63	25.83	762500	19704352.00
2021/12/27	25.88	26.58	25.70	26.58	1158700	30566240.00
2021/12/28	26.58	26.86	26.35	26.53	595200	15772822.00
2021/12/29	26.44	27.45	26.43	27.24	1795500	48651892.00
2021/12/30	27.17	27.29	26.81	26.93	1144752	30900764.00
2021/12/31	26.93	27.10	26.81	27.04	838158	22597354.00
2022/01/04	27.04	27.31	26.86	27.15	1009952	27392176.00
2022/01/05	26.97	27.06	26.42	26.82	1005376	26869050.00
2022/01/06	26.81	27.30	26.62	26.92	1029552	27781966.00
2022/01/07	26.90	26.93	26.09	26.09	1044100	27637962.00
2022/01/10	26.19	26.59	25.70	26.50	803300	21101346.00
2022/01/11	26.30	27.36	26.30	26.73	1239922	33507090.00
2022/01/12	26.74	27.50	26.72	27.15	1601500	43525092.00
2022/01/13	27.19	27.30	26.90	26.90	992200	26870102.00
2022/01/14	26.89	27.20	26.55	26.67	929400	25002204.00
2022/01/17	26.52	27.31	26.52	27.30	1059400	28706320.00
2022/01/18	27.30	27.40	26.76	26.87	1002400	26962180.00
2022/01/19	26.98	27.58	26.62	27.48	1728200	46941724.00
2022/01/20	27.50	27.72	26.21	26.34	1990400	53422380.00
2022/01/21	26.58	26.82	26.04	26.59	841700	22317692.00
2022/01/24	26.20	26.70	25.70	25.72	936200	24282594.00
2022/01/25	25.72	25.87	24.81	24.81	1011905	25496086.00
2022/01/26	24.80	25.13	24.70	25.02	587600	14647193.00
2022/01/27	24.95	25.02	24.24	24.45	678952	16672484.00
2022/01/28	24.55	25.09	24.20	24.94	514800	12723429.00
2022/02/07	25.28	25.86	24.94	25.77	702100	17893440.00
2022/02/08	25.65	26.55	25.64	26.55	952799	25024252.00
2022/02/09	26.70	26.88	26.40	26.58	688100	18303960.00
2022/02/10	26.46	26.69	26.33	26.50	516100	13670053.00
2022/02/11	26.60	26.76	26.20	26.38	712800	18844160.00
2022/02/14	26.30	26.64	26.16	26.59	661100	17502168.00
2022/02/15	26.57	26.84	26.11	26.79	632300	16731300.00
2022/02/16	26.98	27.45	26.53	26.56	1217491	32667034.00
2022/02/17	26.66	26.66	25.57	26.33	1093591	28607824.00
2022/02/18	26.40	27.12	26.09	26.99	1260500	33761296.00
2022/02/21	26.95	27.28	26.77	27.16	1058700	28644118.00
2022/02/22	26.84	27.19	26.40	26.53	986284	26336848.00
2022/02/23	26.68	27.21	26.68	27.19	1153400	31183056.00
2022/02/24	27.18	27.39	26.02	26.63	1467084	39272596.00
2022/02/25	26.74	27.12	26.61	26.70	881600	23702952.00
2022/02/28	27.00	27.00	26.16	26.27	949800	25072856.00
2022/03/01	26.30	28.47	26.20	27.75	3735899	102973336.00
2022/03/02	27.30	27.82	27.25	27.74	1718500	47354976.00
2022/03/03	27.74	28.40	27.70	28.28	2842200	79955888.00
2022/03/04	28.00	28.11	27.33	27.59	2086000	57842428.00
2022/03/07	27.40	27.94	27.18	27.39	1519700	41756680.00
2022/03/08	27.55	27.55	26.12	26.39	1644800	43811420.00
2022/03/09	26.25	26.58	24.70	25.51	1555300	39916512.00
2022/03/10	26.01	27.76	26.01	27.16	2189600	58928384.00
2022/03/11	27.10	27.21	26.20	27.07	1249400	33383240.00
2022/03/14	27.00	27.03	25.66	25.70	1206400	31720956.00
2022/03/15	25.52	25.70	23.23	23.36	2201306	53758884.00
2022/03/16	23.80	24.06	22.88	23.83	1311400	30864672.00
2022/03/17	23.91	24.50	23.20	23.93	1093084	26419524.00
2022/03/18	23.93	24.46	23.84	24.29	535000	12954704.00
2022/03/21	24.30	24.55	23.89	24.27	704800	17078914.00
2022/03/22	24.09	24.33	23.87	24.11	630600	15189337.00
2022/03/23	24.15	24.24	23.92	24.10	469200	11303391.00
2022/03/24	24.01	24.01	23.60	23.69	541499	12876671.00
2022/03/25	23.78	24.62	23.65	24.04	1014400	24566276.00
2022/03/28	23.88	24.04	23.43	23.71	915657	21667726.00
2022/03/29	23.78	23.90	23.30	23.42	421400	9937354.00
2022/03/30	23.49	23.82	23.46	23.82	543543	12846469.00
2022/03/31	23.90	24.22	23.59	24.12	592000	14216396.00
2022/04/01	23.99	24.30	23.70	24.10	466843	11224653.00
2022/04/06	23.96	24.53	23.96	24.52	649300	15820372.00
2022/04/07	24.39	24.46	23.90	23.94	629300	15180821.00
2022/04/08	23.89	24.13	23.57	23.83	522300	12417977.00
2022/04/11	25.00	26.21	24.15	24.31	3085700	77611184.00
2022/04/12	24.50	24.90	23.43	24.90	2486800	60115080.00
2022/04/13	25.05	27.39	24.90	27.39	6141444	165786304.00
2022/04/14	28.30	30.13	27.17	30.13	13093413	384763328.00
2022/04/15	28.02	28.88	27.12	27.88	10872439	303331552.00
2022/04/18	26.51	27.47	26.02	26.94	5344156	141978800.00
2022/04/19	26.86	28.20	26.39	26.95	5442497	148471680.00
2022/04/20	26.53	28.40	26.50	28.01	7016400	193386064.00
2022/04/21	27.40	27.66	25.83	26.67	5540000	148167104.00
2022/04/22	26.38	26.85	24.80	24.88	4468502	115322704.00
2022/04/25	24.05	24.50	22.64	22.71	3635900	85638952.00
2022/04/26	22.85	23.18	22.06	22.26	2322950	52680768.00
2022/04/27	21.83	22.48	20.10	22.46	2488426	54102408.00
2022/04/28	23.00	23.41	21.73	22.04	2328700	52696416.00
2022/04/29	21.50	22.88	21.38	22.59	2261750	50501372.00
2022/05/05	22.61	22.99	22.30	22.73	1894950	43001140.00
2022/05/06	22.02	22.70	21.87	22.36	1844000	41096504.00
2022/05/09	22.31	22.78	22.31	22.63	1251400	28197228.00
2022/05/10	22.20	22.73	22.02	22.63	1383800	31039536.00
2022/05/11	23.00	24.11	22.82	23.29	3045146	71406216.00
2022/05/12	22.94	23.68	22.90	23.48	2017600	47060680.00
2022/05/13	23.49	23.83	23.25	23.70	1794100	42265984.00
2022/05/16	23.60	24.00	23.06	23.31	1732355	40422968.00
2022/05/17	23.30	23.41	22.65	23.27	1440500	33105748.00
2022/05/18	23.21	23.81	23.03	23.81	1853606	43606852.00
2022/05/19	23.40	23.60	23.20	23.42	1440300	33675880.00
2022/05/20	23.41	24.07	23.41	23.75	1770906	42142072.00
2022/05/23	23.75	24.48	23.42	24.30	2106716	51094948.00
2022/05/24	24.25	24.44	22.99	22.99	1787000	42250400.00
2022/05/25	23.16	23.55	23.14	23.45	931292	21760118.00
2022/05/26	23.55	23.64	22.90	23.45	1120800	26065076.00
2022/05/27	23.74	23.89	23.34	23.68	997000	23539496.00
2022/05/30	23.52	24.12	23.39	23.63	855400	20256504.00
2022/05/31	23.62	23.62	23.20	23.58	937400	21989196.00
2022/06/01	23.58	23.96	23.40	23.72	887900	21026276.00
2022/06/02	23.71	23.87	23.43	23.84	909652	21522184.00
2022/06/06	23.82	24.28	23.82	24.23	1351152	32560632.00
2022/06/07	24.24	24.25	23.90	24.07	812900	19534816.00
2022/06/08	24.24	24.25	23.57	24.06	962152	23048498.00
2022/06/09	24.15	24.15	23.60	23.75	681800	16211567.00
2022/06/10	23.70	23.97	23.51	23.87	646352	15410029.00
2022/06/13	23.66	23.70	23.05	23.20	1192709	27810196.00
2022/06/14	23.07	23.16	22.68	23.05	822600	18871944.00
2022/06/15	23.18	23.51	23.06	23.22	1018000	23711492.00
2022/06/16	23.37	23.47	23.13	23.39	727980	16990310.00
2022/06/17	23.18	23.30	22.84	23.06	880400	20282720.00
2022/06/20	23.23	23.37	23.04	23.21	643200	14948444.00
2022/06/21	23.28	23.39	22.82	23.10	771800	17860670.00
2022/06/22	23.04	23.23	22.74	22.74	712100	16350202.00
2022/06/23	22.66	22.96	22.59	22.96	547500	12484820.00
2022/06/24	23.01	23.25	22.85	23.20	624500	14435049.00
2022/06/27	23.30	23.66	23.22	23.58	1029500	24223408.00
2022/06/28	23.50	23.93	23.41	23.87	928600	22064846.00
2022/06/29	23.88	24.11	23.61	23.76	1056800	25168616.00
2022/06/30	23.76	23.95	23.53	23.66	876000	20763638.00
2022/07/01	23.60	23.75	23.33	23.57	675300	15902607.00
2022/07/04	23.70	23.70	23.22	23.33	762000	17768988.00
2022/07/05	23.56	23.57	23.10	23.38	881100	20506932.00
2022/07/06	23.36	23.38	22.87	22.99	919205	21185520.00
2022/07/07	23.00	23.14	22.92	22.98	445300	10249448.00
2022/07/08	23.00	23.42	23.00	23.16	585400	13625412.00
2022/07/11	23.16	23.16	22.73	22.94	681205	15592100.00
2022/07/12	22.93	22.93	22.65	22.74	515400	11721628.00
2022/07/13	22.81	23.10	22.76	23.06	542500	12448447.00
2022/07/14	22.98	23.14	22.80	23.05	369400	8497597.00
2022/07/15	23.05	23.10	22.59	22.60	719400	16337163.00
2022/07/18	22.61	23.07	22.61	23.06	707800	16234180.00
2022/07/19	23.13	23.35	22.91	23.27	721800	16763231.00
2022/07/20	23.38	23.40	23.18	23.35	568900	13267846.00
2022/07/21	23.45	23.51	23.25	23.39	903700	21138748.00
2022/07/22	23.50	23.67	23.24	23.37	830000	19455822.00
2022/07/25	23.47	23.66	23.24	23.39	718400	16858656.00
2022/07/26	23.69	23.69	23.08	23.31	556100	12934027.00
2022/07/27	23.22	23.63	23.14	23.63	775500	18150380.00
2022/07/28	23.73	23.85	23.51	23.64	592600	13992782.00
2022/07/29	23.63	23.64	23.32	23.40	568200	13337159.00
2022/08/01	23.40	23.50	23.20	23.29	698800	16309515.00
2022/08/02	23.29	23.30	21.86	22.13	1373900	30721212.00
2022/08/03	22.14	22.45	21.91	21.97	665300	14799006.00
2022/08/04	22.02	22.28	21.87	22.15	467700	10322568.00
2022/08/05	22.17	22.55	22.12	22.53	481700	10766276.00
2022/08/08	22.59	22.78	22.38	22.78	510340	11552207.00
2022/08/09	22.61	22.93	22.61	22.73	427500	9721235.00
2022/08/10	22.71	22.88	22.56	22.68	309200	7017226.00
2022/08/11	22.81	23.22	22.79	23.14	641300	14794607.00
2022/08/12	23.15	23.44	23.11	23.31	558500	13008578.00
2022/08/15	23.33	23.56	22.96	23.26	804100	18643004.00
2022/08/16	23.26	23.43	23.19	23.26	550600	12817741.00
2022/08/17	23.37	23.41	23.08	23.31	424936	9879457.00
2022/08/18	23.22	23.33	23.05	23.28	423936	9830844.00
2022/08/19	23.28	23.45	22.91	22.99	741236	17194918.00
2022/08/22	22.98	23.47	22.80	23.38	789700	18384622.00
2022/08/23	23.39	23.48	23.19	23.29	463702	10801624.00
2022/08/24	23.30	23.43	22.88	22.97	775500	17959598.00
2022/08/25	23.00	23.25	22.62	23.22	656200	15073695.00
2022/08/26	23.40	23.42	22.86	23.05	607300	14094306.00
2022/08/29	22.91	23.20	22.60	23.12	658400	15089018.00
2022/08/30	23.40	23.60	23.09	23.33	552600	12863651.00
2022/08/31	23.31	23.50	22.83	22.88	806900	18641762.00
2022/09/01	22.89	23.45	22.74	23.13	972500	22584516.00
2022/09/02	23.35	23.50	23.11	23.49	895300	20916334.00
2022/09/05	23.49	24.26	23.31	24.02	1412380	33807532.00
2022/09/06	24.27	24.35	23.89	24.14	1314000	31627990.00
2022/09/07	24.19	24.80	24.10	24.57	1356600	33187292.00
2022/09/08	24.80	25.16	24.43	25.10	2021234	50411192.00
2022/09/09	25.14	25.49	24.88	24.90	2351952	59194468.00
2022/09/13	25.08	25.35	24.16	24.25	2729049	67293680.00
2022/09/14	24.01	24.46	23.76	24.16	1017405	24567692.00
2022/09/15	24.26	24.47	23.51	23.75	1127000	26855118.00
2022/09/16	23.78	23.85	22.40	22.42	1436400	33009624.00
2022/09/19	22.40	22.50	21.90	22.10	907697	20107584.00
2022/09/20	22.30	22.48	22.08	22.30	541897	12106612.00
2022/09/21	22.34	22.70	22.01	22.58	686800	15434883.00
2022/09/22	22.48	22.78	22.33	22.43	598800	13470591.00
2022/09/23	22.64	23.30	21.81	21.89	1028713	22906506.00
2022/09/26	21.50	21.77	19.80	21.13	1070002	22891270.00
2022/09/27	21.18	22.18	21.13	22.18	829396	18053320.00
2022/09/28	22.20	22.35	21.68	21.75	707499	15537361.00
2022/09/29	21.90	22.18	21.36	21.44	617500	13335845.00
2022/09/30	21.44	21.58	21.30	21.30	478216	10243047.00
2022/10/10	21.33	21.41	20.45	20.58	632300	13199361.00
2022/10/11	20.65	20.74	20.08	20.46	500120	10193642.00
2022/10/12	20.31	21.10	20.26	21.03	525500	10914067.00
2022/10/13	21.02	21.23	20.88	21.08	434297	9152701.00
2022/10/14	21.16	21.58	21.14	21.39	429300	9191510.00
2022/10/17	21.28	21.82	21.19	21.71	443699	9570265.00
2022/10/18	21.90	23.88	21.63	23.88	1635700	38075444.00
2022/10/19	24.43	25.43	23.35	23.74	5695214	137688256.00
2022/10/20	23.41	24.00	23.10	23.10	3378335	79074560.00
2022/10/21	23.25	23.44	22.91	23.25	1634111	37936696.00
2022/10/24	23.32	24.30	22.86	23.03	1970615	46272672.00
2022/10/25	23.09	23.22	22.05	22.30	1616021	36283428.00
2022/10/26	22.30	22.80	22.30	22.66	1153860	26077242.00
2022/10/27	22.63	22.95	22.48	22.73	870800	19811688.00
2022/10/28	22.50	22.65	21.72	21.78	1321700	29225032.00
2022/10/31	21.50	22.17	21.36	21.81	840700	18269912.00
2022/11/01	21.80	21.97	21.62	21.96	919100	20044880.00
2022/11/02	21.90	22.30	21.73	22.25	994600	21956640.00
2022/11/03	22.00	22.59	21.84	22.41	1148260	25613126.00
2022/11/04	22.39	22.53	22.23	22.53	980659	21948364.00
2022/11/07	22.53	22.63	22.34	22.63	909800	20472504.00
2022/11/08	22.75	22.75	22.36	22.55	632400	14225444.00
2022/11/09	22.54	22.69	22.39	22.52	536600	12074820.00
2022/11/10	22.29	22.60	22.29	22.55	458202	10301706.00
2022/11/11	23.00	23.00	22.44	22.50	927280	20999858.00
2022/11/14	22.49	22.68	22.30	22.40	641195	14434020.00
2022/11/15	22.33	22.76	22.33	22.76	768699	17370228.00
2022/11/16	22.86	22.96	22.67	22.83	838136	19145184.00
2022/11/17	22.83	23.16	22.75	23.10	725199	16675345.00
2022/11/18	23.16	23.27	22.89	22.89	795099	18340978.00
2022/11/21	22.90	22.91	22.44	22.65	625800	14161851.00
2022/11/22	22.85	23.10	22.50	22.73	783400	17892524.00
2022/11/23	22.73	22.79	22.30	22.39	729499	16377920.00
2022/11/24	22.29	22.83	22.29	22.46	577100	13013560.00
2022/11/25	22.59	23.20	22.36	23.17	1349680	30954576.00
2022/11/28	23.05	23.05	22.03	22.38	1659700	37156208.00
2022/11/29	22.55	23.02	22.49	22.95	1319837	30156836.00
2022/11/30	23.09	23.15	22.66	22.75	901929	20607916.00
2022/12/01	22.86	23.83	22.72	23.32	2002345	46542812.00
2022/12/02	23.26	23.40	22.97	23.06	1217100	28138308.00
2022/12/05	23.20	23.45	23.11	23.44	963200	22449890.00
2022/12/06	23.33	23.69	23.22	23.61	1050400	24623688.00
2022/12/07	23.61	24.41	23.45	23.75	1786700	42699904.00
2022/12/08	23.77	25.08	23.54	24.50	2891400	70427136.00
2022/12/09	24.41	24.65	23.73	24.08	2256400	54176264.00
2022/12/12	23.99	24.04	23.55	23.71	1485440	35277144.00
2022/12/13	23.80	25.42	23.64	24.93	3732925	92269336.00
2022/12/14	24.70	24.86	24.17	24.17	2177670	53217596.00
2022/12/15	24.33	24.98	23.98	24.30	2009180	48995212.00
2022/12/16	24.03	24.31	23.60	24.23	1459400	35050368.00
2022/12/19	23.99	24.07	23.02	23.08	1376500	32081984.00
2022/12/20	23.10	23.45	22.73	23.28	819100	18946400.00
2022/12/21	23.49	23.58	23.03	23.25	526429	12252037.00
2022/12/22	23.38	23.58	22.67	22.75	721429	16661065.00
2022/12/23	22.70	23.57	22.52	23.02	1009400	23428480.00
2022/12/26	23.52	23.52	22.76	22.88	905900	20793402.00
2022/12/27	22.84	23.82	22.84	23.76	1384890	32559428.00
2022/12/28	23.50	23.65	22.88	22.93	1113500	25795732.00
2022/12/29	23.00	23.14	22.30	22.31	1242900	28012434.00
2022/12/30	22.50	22.72	22.13	22.62	631202	14205816.00
2023/01/03	22.79	23.02	22.53	22.93	610100	13919091.00
2023/01/04	22.88	22.97	22.63	22.66	656200	14949297.00
2023/01/05	22.72	22.93	22.40	22.58	902700	20422448.00
2023/01/06	22.59	22.60	22.19	22.30	907805	20310218.00
2023/01/09	22.28	22.43	22.25	22.37	474400	10606479.00
2023/01/10	22.31	22.35	22.14	22.19	453716	10075534.00
2023/01/11	22.19	22.29	21.81	21.87	672700	14831999.00
2023/01/12	21.87	22.01	21.82	21.96	308700	6766188.00
2023/01/13	21.96	22.14	21.90	22.05	420580	9262347.00
2023/01/16	21.96	22.28	21.96	22.27	467680	10373737.00
2023/01/17	22.28	22.32	22.14	22.28	320000	7113402.00
2023/01/18	22.22	22.54	22.22	22.53	534200	11977972.00
2023/01/19	22.46	22.67	22.46	22.59	475900	10747123.00
2023/01/20	22.59	22.75	22.53	22.69	406000	9206379.00
2023/01/30	22.76	23.28	22.74	23.20	936680	21543052.00
2023/01/31	23.65	24.06	23.20	23.81	1960532	46512716.00
2023/02/01	23.79	24.60	23.62	24.50	1955100	47227684.00
2023/02/02	24.39	25.10	24.22	24.64	2453705	60693396.00
2023/02/03	24.76	25.82	24.50	25.01	4288500	108053768.00
2023/02/06	24.66	27.48	24.31	25.03	2794560	69837960.00
2023/02/07	24.93	25.28	24.60	24.74	1989752	49358520.00
2023/02/08	24.79	26.10	24.79	25.12	2633300	66972832.00
2023/02/09	24.88	25.46	24.84	25.17	2109016	53014620.00
2023/02/10	25.01	25.39	24.98	25.14	1511300	38026416.00
数据来源:通达信
