002921 联诚精密 日线 不复权
      日期	    开盘	    最高	    最低	    收盘	    成交量	    成交额
2017/12/27	13.86	16.63	13.86	16.63	9269	153262.34
2017/12/28	18.29	18.29	18.29	18.29	4359	79726.11
2017/12/29	20.12	20.12	20.12	20.12	2500	50300.00
2018/01/02	22.13	22.13	22.13	22.13	6500	143845.00
2018/01/03	24.34	24.34	24.34	24.34	8600	209324.00
2018/01/04	26.77	26.77	26.77	26.77	16600	444382.00
2018/01/05	29.45	29.45	29.45	29.45	22200	653790.00
2018/01/08	32.40	32.40	32.40	32.40	79800	2585520.00
2018/01/09	35.64	35.64	35.64	35.64	122462	4364545.50
2018/01/10	39.20	39.20	38.98	39.20	3199484	125413832.00
2018/01/11	40.02	42.90	40.02	40.88	12962486	535248352.00
2018/01/12	38.28	40.30	37.07	39.10	10100407	389613152.00
2018/01/15	39.35	42.50	38.28	40.73	10560220	425685344.00
2018/01/16	37.50	41.86	36.66	40.99	9898473	388098752.00
2018/01/17	40.67	44.70	39.15	40.40	11150369	465835872.00
2018/01/18	37.57	41.68	37.00	39.10	8423637	326931904.00
2018/01/19	37.50	39.48	36.10	36.98	7353218	279921600.00
2018/01/22	35.80	35.85	33.28	33.28	5962341	204250528.00
2018/01/23	33.40	33.97	32.52	33.73	4176718	138786320.00
2018/01/24	33.59	34.43	33.37	33.87	3943805	134266128.00
2018/01/25	33.60	35.48	33.12	34.33	4581962	157975328.00
2018/01/26	33.77	34.99	33.20	33.37	3556016	121547464.00
2018/01/29	33.10	35.27	33.10	34.99	4369380	150285920.00
2018/01/30	34.59	35.97	34.41	35.10	4843893	170885264.00
2018/01/31	34.00	34.14	31.60	31.81	4290693	141724160.00
2018/02/01	31.01	33.30	29.01	32.97	4651475	146816000.00
2018/02/02	32.04	33.39	31.08	31.85	3256777	105858696.00
2018/02/05	30.25	32.87	29.01	30.06	3166157	97309632.00
2018/02/06	28.49	29.00	27.05	27.05	2937046	81790640.00
2018/02/07	27.90	27.98	25.53	27.34	2918017	78900584.00
2018/02/08	27.00	27.86	26.66	27.17	2120481	57993320.00
2018/02/09	26.49	26.70	24.88	25.29	2266245	58566576.00
2018/02/12	25.95	27.82	25.66	27.82	2787197	75245416.00
2018/02/13	28.37	28.37	27.00	27.00	2940083	80920672.00
2018/02/14	26.15	27.22	26.00	26.15	1827000	48483112.00
2018/02/22	26.50	27.01	26.30	26.74	1510484	40313664.00
2018/02/23	26.73	27.20	26.55	27.18	1800604	48493848.00
2018/02/26	27.80	28.66	27.66	28.18	2851900	80254080.00
2018/02/27	28.50	28.99	27.85	28.57	2839077	81188536.00
2018/02/28	28.00	31.43	27.27	29.96	4802124	140191968.00
2018/03/01	29.46	31.25	29.07	30.63	5080198	153939616.00
2018/03/02	29.33	30.26	29.33	29.41	2956119	87910816.00
2018/03/05	29.40	30.00	29.12	29.82	2025700	60047592.00
2018/03/06	29.72	30.90	29.51	30.33	3232708	97768576.00
2018/03/07	29.97	30.70	29.60	29.85	2253130	67605240.00
2018/03/08	29.70	31.40	29.65	30.91	3860046	118415152.00
2018/03/09	31.00	32.80	30.95	31.80	4939713	157917984.00
2018/03/12	32.35	32.48	31.47	31.84	3833761	122462592.00
2018/03/13	31.51	32.60	31.38	31.63	3260281	104403712.00
2018/03/14	31.10	32.78	30.31	32.53	5617867	179937840.00
2018/03/15	31.08	31.68	29.28	30.00	4946378	148857840.00
2018/03/16	30.06	33.00	29.76	33.00	3831505	123201920.00
2018/03/19	35.57	36.30	34.50	36.30	7934798	283442752.00
2018/03/20	37.85	39.93	37.12	39.93	9170151	360529376.00
2018/03/21	43.92	43.92	39.71	40.16	14590213	617840064.00
2018/03/22	39.22	40.75	37.82	38.08	10296547	404422048.00
2018/03/23	35.40	37.25	34.27	34.27	8431862	298606176.00
2018/03/26	34.00	36.20	33.61	35.98	7458805	261958144.00
2018/03/27	35.77	37.77	35.17	37.45	9492268	345309696.00
2018/03/28	36.00	36.46	35.01	35.10	5959196	212938560.00
2018/03/29	35.24	36.31	34.44	35.98	4979626	176183200.00
2018/03/30	36.10	36.49	35.46	35.57	4254043	152568720.00
2018/04/02	35.00	37.44	34.92	36.47	5866348	211866416.00
2018/04/03	35.01	35.92	34.43	35.53	3980134	140287984.00
2018/04/04	35.35	38.80	35.35	38.00	9860354	369744320.00
2018/04/09	37.01	39.52	34.50	38.95	7730446	287316480.00
2018/04/10	37.49	38.48	36.11	37.52	5644019	212044752.00
2018/04/11	37.68	40.88	36.75	38.78	8134473	315817952.00
2018/04/12	37.80	42.60	37.80	39.77	9317224	374641984.00
2018/04/13	39.00	39.41	36.83	37.09	6611254	252062976.00
2018/04/16	36.11	36.33	34.32	34.77	4457182	156707984.00
2018/04/17	35.05	35.40	33.45	33.65	3227991	110396280.00
2018/04/18	33.96	34.00	31.31	33.45	2929229	96059672.00
2018/04/19	33.47	33.90	32.60	32.64	2300404	76685024.00
2018/04/20	32.00	32.90	30.21	30.40	2162000	68450848.00
2018/04/23	30.57	31.58	30.08	31.31	2156718	66730580.00
2018/04/24	31.06	32.65	31.06	32.49	2541300	81541600.00
2018/04/25	32.12	32.47	31.66	32.08	1982320	63526604.00
2018/04/26	31.59	32.34	30.80	30.80	1734604	55079752.00
2018/04/27	30.98	31.49	30.70	31.05	1212112	37644504.00
2018/05/02	31.15	31.26	29.20	29.52	1673712	50351360.00
2018/05/03	29.50	30.89	29.50	30.85	1701100	51524236.00
2018/05/04	31.03	32.11	30.71	31.00	1968400	61864644.00
2018/05/07	31.68	32.25	31.28	32.13	2170004	69258640.00
2018/05/08	32.31	32.35	31.61	31.96	1905600	60714272.00
2018/05/09	31.98	33.78	31.73	33.26	4050104	133779832.00
2018/05/10	33.00	33.79	32.75	33.78	3180500	105934544.00
2018/05/11	33.83	33.97	32.50	32.50	1897400	62879056.00
2018/05/14	32.58	32.95	31.25	31.75	1610200	51695504.00
2018/05/15	32.06	33.96	32.00	33.49	2830600	93589512.00
2018/05/16	33.04	33.76	32.82	33.09	2553000	85110104.00
2018/05/17	33.29	34.00	33.06	33.93	3023304	101587368.00
2018/05/18	33.94	34.46	33.30	34.32	3083404	104702200.00
2018/05/21	34.60	36.28	34.33	35.05	4255716	149909168.00
2018/05/22	34.55	35.69	34.30	35.59	3918358	137246896.00
2018/05/23	35.88	37.50	35.20	35.55	4569209	164952784.00
2018/05/24	35.13	35.94	34.82	34.90	2833445	99805624.00
2018/05/25	34.87	38.39	34.87	38.39	5551118	206842624.00
2018/05/28	40.39	41.91	36.50	38.24	10086713	399290240.00
2018/05/29	36.24	40.71	35.60	39.50	8690272	333268192.00
2018/05/30	38.06	43.45	36.51	43.45	12337872	508519904.00
2018/05/31	46.00	47.80	45.80	47.80	8337754	395708736.00
2018/06/01	52.58	52.58	43.02	43.02	14978591	732439232.00
2018/06/04	41.16	41.60	38.72	38.73	11192377	440240064.00
2018/06/05	38.99	39.40	37.73	39.15	8687562	336547168.00
2018/06/06	39.20	41.82	38.51	40.73	10067816	401215360.00
2018/06/07	39.78	39.90	38.48	38.88	7022511	274818976.00
2018/06/08	38.88	39.58	38.01	39.48	6035405	234878400.00
2018/06/11	39.48	39.48	37.80	37.89	4325900	167097024.00
2018/06/12	38.10	38.21	35.68	37.18	5103938	187867456.00
2018/06/13	37.10	37.80	35.81	35.88	3758994	138737216.00
2018/06/14	35.78	36.68	35.70	36.23	3284990	119006992.00
2018/06/15	36.68	36.68	34.00	34.24	3779304	132750704.00
2018/06/19	34.07	34.07	30.82	30.82	3233800	104324056.00
2018/06/20	30.83	33.30	30.68	32.68	4264753	136495456.00
2018/06/21	32.79	34.34	32.07	33.93	5861442	195797200.00
2018/06/22	33.57	34.87	32.62	34.43	4334243	147314736.00
2018/06/25	34.27	35.61	31.00	34.90	4495021	155069664.00
2018/06/26	34.13	36.40	33.80	36.19	5179408	184239936.00
2018/06/27	35.98	36.77	35.45	36.51	5186522	187045456.00
2018/06/28	36.20	36.81	34.51	34.71	3622800	129807440.00
2018/06/29	34.50	36.48	33.50	36.06	3525846	124708048.00
2018/07/02	35.84	37.12	35.62	36.86	4894392	178438672.00
2018/07/03	37.00	37.72	35.85	37.43	4930409	181938032.00
2018/07/04	37.04	37.13	33.75	34.54	4145445	148036416.00
2018/07/05	34.10	37.00	34.10	34.95	4626620	165888304.00
2018/07/06	36.55	38.05	35.44	35.92	6010412	219695056.00
2018/07/09	35.43	39.51	35.43	39.51	5278807	199388528.00
2018/07/10	40.26	42.85	39.55	41.05	10724110	437362944.00
2018/07/11	39.84	40.98	38.62	40.90	6555812	261626688.00
2018/07/12	40.30	41.90	39.74	41.50	7970153	327917248.00
2018/07/13	40.74	40.74	39.10	39.43	4893000	194811280.00
2018/07/16	39.00	39.94	38.38	39.07	3212401	125754008.00
2018/07/17	39.00	39.78	38.70	39.57	3030904	119044072.00
2018/07/18	39.60	39.81	38.10	38.12	2960604	115278336.00
2018/07/19	37.84	38.80	36.04	36.81	3220907	119992352.00
2018/07/20	37.05	38.07	37.05	37.96	3000700	112886232.00
2018/07/23	38.10	38.16	36.50	37.13	2560515	95105256.00
2018/07/24	37.40	39.49	37.20	39.22	5003525	193055856.00
2018/07/25	39.15	39.15	38.01	38.64	3451709	133179848.00
2018/07/26	38.32	38.54	36.66	36.88	2974500	110616224.00
2018/07/27	36.77	37.48	35.15	37.20	2682822	97864296.00
2018/07/30	36.80	37.50	35.30	35.64	2358916	85832904.00
2018/07/31	35.61	36.35	35.13	35.65	1399700	49978552.00
2018/08/01	35.71	36.33	35.21	35.29	1396300	49926640.00
2018/08/02	35.41	35.41	31.78	33.20	2534301	83637648.00
2018/08/03	33.00	33.48	31.31	31.31	1780100	57647032.00
2018/08/06	31.30	31.96	30.71	30.91	1455000	45535216.00
2018/08/07	31.00	32.32	30.72	32.22	1935701	61411244.00
2018/08/08	32.48	32.48	31.01	31.32	1569501	49764504.00
2018/08/09	31.17	32.48	30.50	31.84	2029200	64974520.00
2018/08/10	32.25	32.92	32.04	32.45	2110500	68636952.00
2018/08/13	31.35	33.13	31.35	33.07	1782500	57753040.00
2018/08/14	33.07	33.33	32.70	33.22	1700700	56175284.00
2018/08/15	33.29	33.51	32.65	32.77	1601500	52977792.00
2018/08/16	31.50	32.81	31.45	31.90	1350100	43443780.00
2018/08/17	32.23	33.26	31.71	32.12	1710500	55660140.00
2018/08/20	31.52	31.89	29.20	30.57	2507800	75932560.00
2018/08/21	29.40	30.27	28.79	30.00	2395000	70567888.00
2018/08/22	29.80	29.80	28.34	28.35	1950500	56631840.00
2018/08/23	28.34	29.30	28.30	29.06	1595000	46286040.00
2018/08/24	29.14	31.97	28.77	31.97	4792216	150314560.00
2018/08/27	31.80	33.36	31.23	32.36	5668000	182937088.00
2018/08/28	32.32	35.60	31.86	35.60	8561516	292424256.00
2018/08/29	35.58	36.36	34.00	35.01	8526216	301454304.00
2018/08/30	34.90	35.47	34.13	35.11	6222216	217576192.00
2018/08/31	34.65	35.52	33.80	34.82	4694504	163261296.00
2018/09/03	34.80	35.29	33.52	35.22	4729940	164100448.00
2018/09/04	34.80	36.42	34.19	35.92	6263839	221376240.00
2018/09/05	35.60	35.60	33.90	33.91	4904219	170531488.00
2018/09/06	33.95	35.10	32.53	34.65	4680916	159185136.00
2018/09/07	34.45	38.12	33.51	38.12	8499983	305245216.00
2018/09/10	38.00	38.00	36.20	36.31	6357752	234559744.00
2018/09/11	36.31	37.49	35.75	37.20	5884255	216993776.00
2018/09/12	37.38	37.38	36.31	36.65	4315311	158493728.00
2018/09/13	36.70	40.00	36.15	38.99	6120347	229256256.00
2018/09/14	37.88	37.88	35.09	35.09	4367648	160771392.00
2018/09/17	33.96	33.96	31.58	31.58	3673025	118076872.00
2018/09/18	31.66	31.88	30.20	31.40	2914361	90209352.00
2018/09/19	31.00	31.89	30.79	31.48	2330152	73103544.00
2018/09/20	31.05	31.85	31.05	31.32	1937300	60882632.00
2018/09/21	31.43	33.19	31.30	32.17	3078016	98904632.00
2018/09/25	31.80	32.49	31.60	32.08	1823316	58596116.00
2018/09/26	32.12	32.38	31.60	31.83	1808616	57737940.00
2018/09/27	32.40	33.40	31.03	31.36	2739216	89044792.00
2018/09/28	30.31	31.78	30.30	31.52	1673916	52154192.00
2018/10/08	30.98	32.50	30.50	31.32	1840800	57962016.00
2018/10/09	31.41	33.16	31.41	32.49	2759816	89434360.00
2018/10/10	32.23	32.98	32.00	32.40	2187416	71152688.00
2018/10/11	30.98	31.44	29.16	29.16	2322100	69843952.00
2018/10/12	27.99	28.90	26.26	28.32	2300400	64174652.00
2018/10/15	28.38	29.29	28.32	28.82	1495100	43138704.00
2018/10/16	29.01	29.32	27.70	27.90	1460500	41536368.00
2018/10/17	28.54	28.69	26.40	28.23	1395100	38839268.00
2018/10/18	28.10	28.10	26.26	26.44	1503950	40774528.00
2018/10/19	26.40	27.48	25.71	27.22	1453500	39033860.00
2018/10/22	27.29	28.79	27.29	28.36	1966928	55578920.00
2018/10/23	28.20	29.00	27.80	27.95	1795800	51110276.00
2018/10/24	28.36	28.71	27.90	28.29	1243799	35258292.00
2018/10/25	27.06	27.86	26.30	27.32	1526600	41479720.00
2018/10/26	27.90	27.98	27.28	27.44	1114128	30764786.00
2018/10/29	27.08	27.42	26.66	26.99	784000	21194340.00
2018/10/30	26.90	28.29	26.70	27.97	1924700	53188660.00
2018/10/31	27.86	28.60	27.68	28.49	2277799	64073956.00
2018/11/01	28.30	28.83	28.11	28.18	2120766	60269676.00
2018/11/02	28.60	28.79	28.21	28.68	2045616	58334640.00
2018/11/05	29.00	29.19	28.05	28.47	2028350	58245596.00
2018/11/06	28.10	28.23	27.05	27.55	1541800	42438684.00
2018/11/07	27.75	28.20	27.60	27.61	1446950	40375004.00
2018/11/08	27.76	27.98	27.31	27.50	1244650	34407960.00
2018/11/09	27.18	29.32	27.18	28.54	2815650	80014072.00
2018/11/12	28.30	30.90	28.14	29.85	4161427	123673352.00
2018/11/13	29.01	29.69	28.96	29.64	3205500	94065168.00
2018/11/14	29.40	30.28	29.22	29.68	2405300	71311328.00
2018/11/15	30.30	31.47	29.77	30.86	4581900	140566880.00
2018/11/16	30.31	30.85	30.20	30.48	3125411	95287264.00
2018/11/19	29.88	30.14	29.37	29.90	2177100	64820524.00
2018/11/20	29.90	30.80	29.63	30.70	3177900	96488128.00
2018/11/21	30.10	31.45	30.02	31.41	3240400	99807016.00
2018/11/22	31.50	32.38	30.77	30.77	3234100	101871760.00
2018/11/23	30.80	30.98	28.03	28.28	2801850	82518840.00
2018/11/26	27.64	27.95	26.55	27.19	2084050	56870184.00
2018/11/27	27.20	27.59	26.70	27.25	1222200	33224324.00
2018/11/28	27.25	27.42	26.65	27.33	1144050	31095142.00
2018/11/29	27.75	27.75	26.31	26.45	1254600	34188576.00
2018/11/30	26.45	26.86	25.70	26.64	1132400	29830992.00
2018/12/03	27.14	29.30	27.14	29.30	2959700	84522512.00
2018/12/04	29.60	29.60	28.46	28.95	3290350	95559992.00
2018/12/05	28.10	29.36	28.02	29.20	2403600	69329008.00
2018/12/06	28.88	29.21	28.29	28.30	1477200	42250404.00
2018/12/07	28.30	28.55	28.05	28.26	739800	20943088.00
2018/12/10	28.26	28.50	27.25	27.29	1104300	30539288.00
2018/12/11	27.30	27.84	27.23	27.84	862300	23755244.00
2018/12/12	28.00	28.88	28.00	28.35	1466950	41795328.00
2018/12/13	28.67	28.87	28.24	28.31	1677600	47840176.00
2018/12/14	27.93	28.45	27.20	27.28	1168051	32202644.00
2018/12/17	27.50	27.99	27.02	27.76	938400	25988056.00
2018/12/18	27.50	27.66	26.88	27.28	983300	26723058.00
2018/12/19	27.01	27.35	26.13	26.40	1171900	31246630.00
2018/12/20	26.50	26.70	26.26	26.59	715900	18997900.00
2018/12/21	26.55	26.55	26.00	26.34	843300	22119864.00
2018/12/24	26.32	27.27	26.10	27.22	1602500	43241808.00
2018/12/25	26.65	26.80	25.89	26.73	1458300	38419504.00
2018/12/26	26.62	28.98	26.62	27.19	2101800	57832624.00
2018/12/27	27.00	27.59	26.19	26.38	1640500	44197436.00
2018/12/28	26.16	26.57	25.84	25.84	1124300	29390236.00
2019/01/02	25.95	26.27	25.83	25.96	595300	15501916.00
2019/01/03	25.96	26.18	24.02	24.20	1127700	28413860.00
2019/01/04	23.94	25.24	23.20	24.86	918750	22544884.00
2019/01/07	25.38	25.50	25.00	25.27	856700	21667904.00
2019/01/08	25.61	25.61	24.71	24.75	788804	19689830.00
2019/01/09	24.78	25.48	24.78	24.90	941600	23686600.00
2019/01/10	24.98	26.88	24.51	26.70	1806300	45482916.00
2019/01/11	25.80	26.28	25.51	25.94	2003920	51791804.00
2019/01/14	25.70	25.90	24.86	24.96	1074729	27057736.00
2019/01/15	25.20	25.30	24.70	25.11	600585	15034405.00
2019/01/16	24.80	24.80	22.81	23.60	2295411	53749648.00
2019/01/17	23.30	23.50	23.01	23.15	926582	21483488.00
2019/01/18	23.34	23.36	22.59	23.04	1170800	26825640.00
2019/01/21	23.10	23.22	22.88	23.20	687899	15894794.00
2019/01/22	23.30	23.34	22.83	22.89	664900	15313384.00
2019/01/23	23.07	23.97	22.90	23.63	1742099	40926264.00
2019/01/24	23.60	23.73	23.18	23.53	898627	21017722.00
2019/01/25	23.50	23.53	22.88	22.90	614027	14274368.00
2019/01/28	23.01	23.25	22.65	22.67	596100	13671682.00
2019/01/29	22.60	22.67	20.40	20.92	1197200	25633032.00
2019/01/30	20.98	22.00	20.96	21.13	884899	18946554.00
2019/01/31	21.11	21.57	19.92	20.24	1058499	21953420.00
2019/02/01	20.26	21.12	20.26	21.06	993245	20718230.00
2019/02/11	21.22	21.80	21.22	21.55	726900	15691118.00
2019/02/12	21.82	21.90	21.50	21.74	916445	19928140.00
2019/02/13	21.79	22.18	21.71	22.16	1086901	23916420.00
2019/02/14	22.20	22.46	21.78	22.25	1210500	26779266.00
2019/02/15	22.22	22.95	21.91	22.41	1397600	31318298.00
2019/02/18	22.38	23.12	22.26	23.08	1743181	39650516.00
2019/02/19	24.07	24.46	23.27	23.74	4395628	105197664.00
2019/02/20	23.50	23.56	23.00	23.40	1956001	45469084.00
2019/02/21	23.35	23.55	23.00	23.08	1661100	38587432.00
2019/02/22	23.23	23.32	22.90	23.31	1307500	30253288.00
2019/02/25	23.50	24.15	23.30	24.15	3452539	82096512.00
2019/02/26	24.15	24.32	23.67	24.00	2907799	69789960.00
2019/02/27	24.01	25.25	23.76	24.49	3927579	95798912.00
2019/02/28	24.33	24.33	23.90	24.09	2121811	51110432.00
2019/03/01	24.06	24.24	23.77	23.89	1394700	33378376.00
2019/03/04	23.89	24.35	23.89	24.17	2324300	56156228.00
2019/03/05	24.25	24.55	24.05	24.53	2295505	55790308.00
2019/03/06	24.67	25.24	24.25	25.08	3545320	87746088.00
2019/03/07	25.10	26.98	24.55	26.23	5272169	134888848.00
2019/03/08	25.60	25.68	24.03	24.19	3213250	80625392.00
2019/03/11	24.12	25.14	24.12	25.10	1913909	47306684.00
2019/03/12	25.45	25.68	25.03	25.39	2483990	62938880.00
2019/03/13	25.45	25.84	24.52	25.15	2808098	71231264.00
2019/03/14	25.00	25.00	23.89	24.18	1569160	38141720.00
2019/03/15	24.17	24.85	24.17	24.52	1258000	30817232.00
2019/03/18	24.93	25.05	24.62	25.00	1249580	31077162.00
2019/03/19	25.10	25.39	24.84	25.26	1727611	43292736.00
2019/03/20	25.15	25.28	24.50	25.03	1528991	37994844.00
2019/03/21	25.16	25.38	24.88	25.11	1360280	34230012.00
2019/03/22	25.14	25.55	24.68	25.40	1841400	46235944.00
2019/03/25	24.85	25.18	24.78	24.88	1448700	36183752.00
2019/03/26	25.05	25.47	24.33	24.34	1594300	39748052.00
2019/03/27	24.41	24.76	23.91	24.56	1150100	27893284.00
2019/03/28	24.31	25.89	24.31	25.72	3004449	75754896.00
2019/03/29	24.87	24.87	23.15	24.50	3904949	93834192.00
2019/04/01	24.30	25.50	24.23	25.37	3451249	85909184.00
2019/04/02	25.28	26.53	25.14	26.05	5518100	143367920.00
2019/04/03	25.91	26.06	25.55	25.82	2759349	71087712.00
2019/04/04	25.99	25.99	25.40	25.61	2164800	55492952.00
2019/04/08	25.77	25.93	25.03	25.39	1960600	50184924.00
2019/04/09	25.33	25.59	25.17	25.43	1177600	29853592.00
2019/04/10	25.45	25.45	24.90	25.08	1505750	37798120.00
2019/04/11	25.08	25.28	24.30	24.38	1209450	30032152.00
2019/04/12	24.41	24.80	24.31	24.49	863750	21164366.00
2019/04/15	24.58	24.96	24.18	24.19	959600	23653328.00
2019/04/16	24.19	24.61	24.01	24.58	974200	23730000.00
2019/04/17	24.58	25.03	24.48	24.88	1318400	32677392.00
2019/04/18	24.96	25.00	24.18	24.30	1152600	28211964.00
2019/04/19	24.30	24.54	24.08	24.44	679300	16511067.00
2019/04/22	24.50	24.61	23.93	23.97	847600	20556830.00
2019/04/23	23.99	24.09	23.08	23.14	1146800	26853708.00
2019/04/24	23.14	23.29	22.74	23.20	862800	19871300.00
2019/04/25	23.20	23.20	21.52	21.99	1119600	25256370.00
2019/04/26	22.06	22.29	21.85	21.92	628000	13839861.00
2019/04/29	22.22	22.35	21.06	21.16	931000	19967092.00
2019/04/30	21.23	21.64	21.19	21.43	755600	16208034.00
2019/05/06	21.35	21.35	19.30	19.40	1204500	24261184.00
2019/05/07	19.58	20.09	19.58	19.93	869000	17239962.00
2019/05/08	19.50	20.77	19.50	20.30	1036400	21009254.00
2019/05/09	20.29	20.59	19.96	20.00	589600	11910864.00
2019/05/10	20.17	20.73	19.85	20.64	1036900	21217522.00
2019/05/13	20.70	20.99	20.34	20.87	824700	17106956.00
2019/05/14	20.70	20.80	20.40	20.52	664511	13689193.00
2019/05/15	20.70	20.95	20.59	20.83	762600	15881209.00
2019/05/16	20.82	21.00	20.75	20.91	741382	15477890.00
2019/05/17	20.90	21.03	19.87	19.98	1023289	20925176.00
2019/05/20	20.00	20.38	19.52	20.27	697318	13956701.00
2019/05/21	20.27	20.71	20.11	20.66	818559	16822560.00
2019/05/22	20.61	20.80	20.15	20.34	809680	16669019.00
2019/05/23	20.34	20.44	19.93	20.07	720507	14552052.00
2019/05/24	20.07	20.40	19.82	20.09	604978	12143719.00
2019/05/27	20.11	20.65	20.03	20.59	974008	19897112.00
2019/05/28	20.41	20.80	20.41	20.56	1038176	21433414.00
2019/05/29	20.56	20.95	20.45	20.68	807600	16716739.00
2019/05/30	20.90	20.90	20.26	20.55	1071526	21914212.00
2019/05/31	20.46	21.46	20.46	21.39	1995355	41986768.00
2019/06/03	21.25	21.28	20.42	20.48	1846757	38320348.00
2019/06/04	20.34	20.51	19.71	19.86	1082496	21623128.00
2019/06/05	20.06	20.16	19.81	19.92	676034	13528134.00
2019/06/06	19.85	20.30	19.51	20.30	859618	17038346.00
2019/06/10	20.00	20.29	19.97	20.08	820618	16514811.00
2019/06/11	20.15	20.65	20.01	20.60	1336034	27253204.00
2019/06/12	20.48	20.60	20.24	20.26	1219054	24837772.00
2019/06/13	20.27	20.45	20.11	20.43	762674	15493235.00
2019/06/14	20.52	20.65	19.84	19.86	931234	18767106.00
2019/06/17	19.86	20.05	19.76	19.96	503234	10024139.00
2019/06/18	19.96	20.16	19.85	20.09	483292	9671083.00
2019/06/19	20.31	20.71	20.21	20.35	1506180	30859792.00
2019/06/20	20.28	21.88	20.06	21.12	2944529	61451364.00
2019/06/21	21.89	21.90	21.15	21.46	3007972	64445736.00
2019/06/24	21.65	22.78	21.50	22.55	4458127	98995688.00
2019/06/25	20.30	21.88	20.30	21.64	3448979	73868064.00
2019/06/26	21.40	21.64	20.87	20.92	2209982	46715668.00
2019/06/27	20.79	21.22	20.79	20.91	1356757	28433558.00
2019/06/28	20.91	20.95	20.35	20.58	993838	20529434.00
2019/07/01	20.98	21.13	20.79	21.09	1339947	28118086.00
2019/07/02	21.09	21.44	20.81	21.27	1308603	27766534.00
2019/07/03	20.80	21.31	20.80	21.18	844398	17852280.00
2019/07/04	21.19	22.20	21.19	21.79	2233976	48456600.00
2019/07/05	21.80	22.78	21.35	22.38	2811058	61957788.00
2019/07/08	22.10	22.10	21.25	21.57	1705681	36945724.00
2019/07/09	21.57	22.00	21.29	21.97	1370625	29736692.00
2019/07/10	21.60	22.02	21.19	21.23	1015616	21848646.00
2019/07/11	21.40	21.69	21.05	21.24	947457	20245520.00
2019/07/12	21.24	21.43	20.50	20.63	1382408	28604490.00
2019/07/15	20.59	20.78	20.00	20.67	983700	20079564.00
2019/07/16	20.65	20.78	20.56	20.71	589100	12180311.00
2019/07/17	20.70	20.99	20.65	20.85	872400	18206884.00
2019/07/18	20.85	20.85	20.13	20.13	798400	16253276.00
2019/07/19	20.13	20.55	20.13	20.16	566900	11530420.00
2019/07/22	20.35	20.40	19.40	19.50	779408	15407070.00
2019/07/23	19.61	20.09	19.54	20.06	539000	10702008.00
2019/07/24	20.10	20.48	20.10	20.22	538808	10952877.00
2019/07/25	20.23	20.55	20.10	20.38	623300	12703623.00
2019/07/26	20.47	20.50	20.23	20.30	427200	8674635.00
2019/07/29	20.34	20.38	20.22	20.26	406200	8238675.00
2019/07/30	20.36	20.66	20.30	20.49	516400	10599477.00
2019/07/31	20.49	20.75	20.38	20.65	646100	13300693.00
2019/08/01	20.36	20.74	20.25	20.55	464900	9523004.00
2019/08/02	20.20	20.35	20.00	20.24	588900	11894951.00
2019/08/05	20.42	20.95	20.02	20.23	706345	14493230.00
2019/08/06	20.18	20.45	18.94	19.79	1116900	21859536.00
2019/08/07	19.81	20.00	19.25	19.37	694845	13576634.00
2019/08/08	19.37	19.58	19.10	19.37	656200	12707442.00
2019/08/09	19.54	19.54	18.61	18.70	1181300	22416952.00
2019/08/12	18.78	18.86	18.28	18.63	980200	18124148.00
2019/08/13	18.50	18.50	18.32	18.43	594300	10938247.00
2019/08/14	18.59	18.78	18.46	18.47	759500	14151464.00
2019/08/15	18.00	18.50	17.77	18.47	891200	16147407.00
2019/08/16	18.49	18.58	18.21	18.45	666500	12320085.00
2019/08/19	18.50	19.09	18.50	19.00	944300	17821336.00
2019/08/20	19.10	19.10	18.90	18.92	655700	12432604.00
2019/08/21	18.92	19.08	18.85	18.96	538561	10231637.00
2019/08/22	19.16	19.16	18.89	18.92	507516	9620930.00
2019/08/23	18.92	19.06	18.70	18.81	621900	11743493.00
2019/08/26	18.28	18.62	17.95	18.41	734900	13495257.00
2019/08/27	18.48	18.91	18.41	18.86	841200	15781979.00
2019/08/28	18.72	18.98	18.72	18.89	683700	12915618.00
2019/08/29	18.89	19.02	18.75	18.79	498108	9385829.00
2019/08/30	18.83	18.92	18.22	18.27	913400	16887976.00
2019/09/02	18.40	18.69	18.27	18.63	740351	13711229.00
2019/09/03	18.65	18.83	18.63	18.73	494900	9265954.00
2019/09/04	18.81	19.10	18.73	18.92	803145	15158396.00
2019/09/05	18.96	19.34	18.91	19.26	1410345	27046484.00
2019/09/06	20.30	20.42	19.53	19.57	3203900	63949848.00
2019/09/09	19.49	19.74	19.46	19.66	1685700	32992760.00
2019/09/10	19.71	19.71	19.45	19.56	909100	17794440.00
2019/09/11	19.59	19.68	19.50	19.50	597180	11677088.00
2019/09/12	19.50	19.70	19.41	19.64	754400	14746571.00
2019/09/16	19.65	19.89	19.65	19.74	711814	14075939.00
2019/09/17	19.74	19.84	19.17	19.29	713000	13850453.00
2019/09/18	19.42	19.42	19.25	19.31	416100	8046777.00
2019/09/19	19.35	19.79	19.10	19.66	762900	14908509.00
2019/09/20	19.70	19.93	19.68	19.88	1077900	21363686.00
2019/09/23	19.88	19.88	19.35	19.48	702300	13678772.00
2019/09/24	19.49	20.69	19.48	19.83	2734558	54633128.00
2019/09/25	19.80	19.80	19.08	19.15	1720445	33217080.00
2019/09/26	19.18	19.35	18.32	18.37	1464900	27277956.00
2019/09/27	18.35	18.60	18.27	18.47	801500	14825304.00
2019/09/30	18.55	18.65	18.43	18.46	487800	9040734.00
2019/10/08	18.47	18.78	18.40	18.42	467700	8662792.00
2019/10/09	18.31	18.68	18.27	18.65	419500	7776281.00
2019/10/10	18.67	19.02	18.60	19.02	793814	14956002.00
2019/10/11	19.90	19.90	19.20	19.22	2241900	43713964.00
2019/10/14	19.22	19.40	19.08	19.33	1244100	23981076.00
2019/10/15	19.33	19.33	18.93	19.06	727200	13869142.00
2019/10/16	18.98	19.17	18.91	18.92	522000	9925673.00
2019/10/17	18.92	19.09	18.87	18.99	445400	8452746.00
2019/10/18	19.00	19.12	18.57	18.71	608900	11489798.00
2019/10/21	18.70	18.70	18.25	18.66	505200	9347915.00
2019/10/22	18.66	18.90	18.58	18.90	474800	8902366.00
2019/10/23	18.90	18.95	18.77	18.88	385800	7272205.00
2019/10/24	18.88	18.97	18.72	18.92	302700	5713510.00
2019/10/25	18.81	19.03	18.66	19.00	437106	8246400.50
2019/10/28	18.91	19.20	18.86	19.15	708000	13495470.00
2019/10/29	19.19	19.19	18.60	18.64	675800	12727663.00
2019/10/30	18.62	18.62	18.27	18.30	643200	11822418.00
2019/10/31	18.39	18.45	18.10	18.13	535700	9770197.00
2019/11/01	18.13	18.34	18.03	18.21	406100	7400874.00
2019/11/04	18.30	18.36	18.21	18.30	523200	9559633.00
2019/11/05	18.31	18.36	18.11	18.20	393514	7161576.50
2019/11/06	18.30	18.30	17.86	17.91	549500	9915668.00
2019/11/07	17.91	17.99	17.82	17.97	416700	7464932.00
2019/11/08	18.05	18.16	17.98	18.05	362500	6553504.00
2019/11/11	17.92	17.92	17.15	17.18	957200	16636762.00
2019/11/12	17.18	17.31	17.07	17.24	448206	7697202.50
2019/11/13	17.05	17.25	17.05	17.24	317358	5448909.00
2019/11/14	17.25	17.35	17.16	17.28	255000	4404790.00
2019/11/15	17.29	17.31	17.04	17.04	327200	5604759.00
2019/11/18	17.04	17.25	16.93	17.21	260800	4469029.00
2019/11/19	17.19	17.50	17.14	17.50	462000	8027039.00
2019/11/20	17.45	17.65	17.27	17.36	311400	5432242.00
2019/11/21	17.36	17.41	17.16	17.36	273100	4729583.00
2019/11/22	17.56	17.56	17.11	17.23	358600	6203246.00
2019/11/25	17.18	17.29	16.97	17.13	352900	6032119.00
2019/11/26	17.13	17.14	16.93	16.97	468200	7969945.00
2019/11/27	16.97	17.03	16.85	16.90	279300	4728298.00
2019/11/28	17.02	17.02	16.84	16.85	326800	5523273.00
2019/11/29	16.86	17.03	16.83	17.00	222100	3762796.00
2019/12/02	17.04	17.14	17.00	17.08	276200	4719693.00
2019/12/03	17.07	17.21	16.95	17.18	326300	5573729.00
2019/12/04	17.11	17.38	17.06	17.25	358900	6183994.00
2019/12/05	17.30	17.80	17.26	17.68	782100	13768561.00
2019/12/06	17.67	17.67	17.38	17.50	636700	11116706.00
2019/12/09	17.48	17.56	17.43	17.54	372400	6516111.00
2019/12/10	17.54	18.59	17.32	18.59	553800	9797440.00
2019/12/11	17.80	18.14	17.71	17.95	1066600	19148020.00
2019/12/12	17.83	18.22	17.66	17.94	1301200	23366076.00
2019/12/13	17.94	18.13	17.80	18.00	855800	15355622.00
2019/12/16	18.11	18.11	17.92	18.06	804700	14496934.00
2019/12/17	18.05	18.25	18.00	18.16	891800	16141493.00
2019/12/18	18.18	18.31	18.12	18.26	814601	14863675.00
2019/12/19	18.21	18.30	18.12	18.29	659800	12007479.00
2019/12/20	18.29	18.40	18.22	18.25	884100	16176642.00
2019/12/23	18.23	18.30	17.80	17.83	800214	14481288.00
2019/12/24	18.01	18.16	17.80	18.12	747500	13439754.00
2019/12/25	18.03	18.21	18.01	18.20	504100	9148345.00
2019/12/26	18.20	18.47	18.15	18.36	883159	16198102.00
2019/12/27	18.41	18.44	18.11	18.19	796000	14557510.00
2019/12/30	18.12	18.30	17.61	18.30	814515	14740491.00
2019/12/31	18.30	18.40	18.18	18.36	637500	11695305.00
2020/01/02	18.44	18.64	18.35	18.51	1188200	22021726.00
2020/01/03	18.51	18.68	18.47	18.61	886263	16464765.00
2020/01/06	18.58	18.83	18.46	18.77	964600	18062140.00
2020/01/07	18.77	18.88	18.63	18.71	1014203	18998954.00
2020/01/08	18.70	18.76	18.27	18.37	1108463	20525580.00
2020/01/09	18.41	18.87	18.36	18.86	1276990	23893144.00
2020/01/10	18.88	18.88	18.60	18.69	587600	10994299.00
2020/01/13	18.75	18.88	18.51	18.87	722525	13516386.00
2020/01/14	18.75	18.99	18.75	18.90	863200	16313315.00
2020/01/15	18.82	18.91	18.55	18.59	698900	13030964.00
2020/01/16	18.68	18.97	18.53	18.64	974500	18291948.00
2020/01/17	18.62	18.75	18.44	18.53	715700	13287873.00
2020/01/20	18.52	18.58	18.28	18.56	715700	13203207.00
2020/01/21	18.50	18.53	18.15	18.20	746900	13654490.00
2020/01/22	18.20	18.44	17.93	18.36	729320	13256101.00
2020/01/23	18.25	18.44	17.51	17.69	953201	17113412.00
2020/02/03	15.92	15.92	15.92	15.92	335600	5342752.00
2020/02/04	14.34	15.70	14.34	15.43	1197153	18217704.00
2020/02/05	15.45	15.98	15.45	15.90	812340	12852161.00
2020/02/06	15.93	16.24	15.76	16.11	815376	13079521.00
2020/02/07	16.15	16.45	16.06	16.41	800372	12996021.00
2020/02/10	16.44	16.81	16.39	16.79	701000	11688952.00
2020/02/11	16.82	16.91	16.52	16.57	660840	11037034.00
2020/02/12	16.50	17.02	16.50	17.00	730689	12273029.00
2020/02/13	17.06	17.31	16.81	17.17	1237525	21142750.00
2020/02/14	17.58	17.58	17.01	17.09	966085	16761592.00
2020/02/17	17.13	17.58	17.13	17.57	984661	17122950.00
2020/02/18	17.61	17.81	17.46	17.81	905901	15981146.00
2020/02/19	18.36	18.36	17.80	18.15	1118640	20198204.00
2020/02/20	18.19	18.36	17.92	18.15	1259580	22824460.00
2020/02/21	18.02	18.28	18.02	18.12	836200	15188281.00
2020/02/24	18.10	18.27	17.78	18.25	1193000	21559848.00
2020/02/25	18.60	18.60	17.72	18.00	1601856	29024730.00
2020/02/26	17.91	18.45	17.80	17.94	1514364	27423484.00
2020/02/27	17.84	18.28	17.80	17.86	815361	14633988.00
2020/02/28	17.46	17.46	16.58	16.58	1238460	21010956.00
2020/03/02	16.58	17.60	16.57	17.50	1171160	20274542.00
2020/03/03	17.69	18.07	17.57	17.74	1042800	18631742.00
2020/03/04	17.69	17.93	17.51	17.89	645600	11506350.00
2020/03/05	18.07	18.43	17.89	18.38	1379381	25206506.00
2020/03/06	18.21	18.66	18.03	18.50	1251319	22998714.00
2020/03/09	18.29	18.41	17.84	17.95	1384589	25025278.00
2020/03/10	17.66	18.35	17.42	18.32	1400300	25000608.00
2020/03/11	18.40	18.90	18.22	18.62	2198200	40925856.00
2020/03/12	18.98	18.98	18.02	18.36	2275080	41967812.00
2020/03/13	18.68	18.68	16.52	18.05	1987158	35754008.00
2020/03/16	18.01	18.29	17.28	17.30	1396500	24922498.00
2020/03/17	17.28	17.58	16.83	17.50	830200	14337515.00
2020/03/18	17.45	17.98	17.31	17.31	807439	14270833.00
2020/03/19	17.50	17.72	17.13	17.71	1062720	18527448.00
2020/03/20	17.82	19.18	17.70	19.16	3368356	62861076.00
2020/03/23	18.50	19.56	18.48	18.87	3405338	64992312.00
2020/03/24	19.13	19.57	18.48	19.45	3300561	62960888.00
2020/03/25	19.73	19.85	19.04	19.12	3215916	61995264.00
2020/03/26	18.95	18.95	18.41	18.60	2262440	42085988.00
2020/03/27	18.39	18.68	18.24	18.32	2303816	42438436.00
2020/03/30	17.80	17.80	17.02	17.59	2608177	45017092.00
2020/03/31	17.98	17.98	17.21	17.23	1277454	22510374.00
2020/04/01	17.06	17.45	17.06	17.08	755026	13020704.00
2020/04/02	17.08	17.29	16.74	17.24	917177	15555361.00
2020/04/03	17.20	17.23	16.81	16.84	920616	15625881.00
2020/04/07	17.16	17.39	17.05	17.31	915216	15767319.00
2020/04/08	17.31	17.56	17.17	17.47	942216	16393123.00
2020/04/09	17.56	17.63	17.45	17.55	724226	12707506.00
2020/04/10	17.52	17.52	17.05	17.16	819800	14135918.00
2020/04/13	17.25	17.25	16.85	17.00	579100	9810614.00
2020/04/14	16.91	17.27	16.91	17.22	480100	8235424.00
2020/04/15	17.30	17.30	17.01	17.06	555539	9523312.00
2020/04/16	16.97	17.19	16.90	17.17	450200	7687185.00
2020/04/17	17.10	17.63	17.10	17.56	1456726	25470430.00
2020/04/20	17.56	18.28	17.36	18.15	1553800	27975608.00
2020/04/21	18.14	18.33	17.88	18.27	1244000	22561368.00
2020/04/22	18.17	18.48	17.95	18.21	974339	17738556.00
2020/04/23	18.21	18.70	18.21	18.50	1272139	23565372.00
2020/04/24	18.61	18.61	18.07	18.27	1271300	23362040.00
2020/04/27	18.18	18.50	17.66	17.96	784300	14134024.00
2020/04/28	18.15	18.15	17.28	17.62	862272	15291113.00
2020/04/29	17.67	18.59	17.67	18.21	1798400	32796964.00
2020/04/30	18.21	18.57	18.12	18.53	1512820	27810266.00
2020/05/06	18.43	18.87	18.23	18.80	1731579	32250576.00
2020/05/07	18.90	18.98	18.33	18.51	1820700	33758128.00
2020/05/08	18.36	19.00	18.10	18.92	2181260	40577220.00
2020/05/11	19.15	19.15	18.58	18.75	2164798	40779728.00
2020/05/12	18.88	18.88	18.28	18.59	1359378	25182494.00
2020/05/13	18.74	19.39	18.55	19.34	2881366	55121064.00
2020/05/14	19.08	19.60	18.95	19.48	2184810	42100720.00
2020/05/15	19.45	19.47	19.08	19.14	1616800	31122824.00
2020/05/18	19.13	19.19	18.90	19.04	1012398	19244886.00
2020/05/19	19.39	19.39	18.80	18.93	1102600	20998672.00
2020/05/20	18.93	18.93	18.48	18.70	1332098	24831442.00
2020/05/21	18.88	18.88	18.50	18.53	873600	16341589.00
2020/05/22	18.42	18.60	18.20	18.47	702000	12934533.00
2020/05/25	18.54	19.45	18.42	19.41	2016412	38463512.00
2020/05/26	19.22	20.20	19.22	19.81	3169112	62547504.00
2020/05/27	19.63	19.85	19.36	19.72	1971300	38719480.00
2020/05/28	19.73	19.89	19.01	19.23	1514900	29343664.00
2020/05/29	19.38	19.38	19.05	19.32	1366616	26262628.00
2020/06/01	19.61	19.80	19.34	19.60	2128300	41750456.00
2020/06/02	19.63	19.68	19.15	19.44	1968586	38118760.00
2020/06/03	19.54	20.38	19.29	20.20	3266300	65129748.00
2020/06/04	20.12	20.14	19.83	19.97	1810145	36167668.00
2020/06/05	20.00	20.09	19.60	19.71	1354060	26702666.00
2020/06/08	19.41	19.57	18.68	18.71	2758106	52289608.00
2020/06/09	18.82	19.39	18.71	19.32	2103406	40135648.00
2020/06/10	19.28	19.56	19.10	19.19	1515300	29160728.00
2020/06/11	19.33	19.88	19.12	19.82	2293398	44786504.00
2020/06/12	19.55	20.13	19.40	20.03	2444400	48569148.00
2020/06/15	20.05	20.60	20.05	20.08	2917000	59129780.00
2020/06/16	20.23	21.23	20.11	20.67	3929472	81271896.00
2020/06/17	20.65	20.71	20.21	20.25	2996800	60967580.00
2020/06/18	20.45	20.70	20.05	20.10	1979672	40135152.00
2020/06/19	20.27	20.60	20.08	20.33	2321500	47322768.00
2020/06/22	20.38	21.10	20.16	20.83	2922970	60327504.00
2020/06/23	20.88	21.48	20.52	21.35	3140726	66158248.00
2020/06/24	21.24	21.56	20.91	21.18	2313180	48859652.00
2020/06/29	21.44	21.44	20.66	20.98	1923216	40205712.00
2020/06/30	21.13	21.68	20.83	21.63	2640950	56338712.00
2020/07/01	21.70	21.71	21.04	21.36	2776166	59106848.00
2020/07/02	21.32	21.34	20.89	20.95	2344822	49338416.00
2020/07/03	21.00	21.15	20.53	21.11	1968654	41042396.00
2020/07/06	21.11	21.79	20.79	21.79	2971426	63287604.00
2020/07/07	21.90	22.00	21.51	21.53	3066600	66552440.00
2020/07/08	21.47	21.66	21.17	21.60	2543500	54514024.00
2020/07/09	21.67	22.49	21.49	22.24	3692993	81503824.00
2020/07/10	22.20	22.36	21.85	21.93	2299603	50787024.00
2020/07/13	21.91	22.90	21.88	22.78	3256615	73425712.00
2020/07/14	22.70	25.06	22.53	24.88	7875347	191875040.00
2020/07/15	25.20	25.40	24.40	24.57	7237100	179560048.00
2020/07/16	24.42	24.81	22.70	23.20	4811647	114248504.00
2020/07/17	22.63	22.82	21.10	21.22	4610126	99832856.00
2020/07/20	21.46	21.70	20.91	21.69	2468195	52677616.00
2020/07/21	21.63	21.85	21.41	21.48	1756800	37962608.00
2020/07/22	21.55	21.95	21.31	21.85	2068200	44887096.00
2020/07/23	21.93	21.93	21.21	21.77	1939900	41912160.00
2020/07/24	21.75	21.75	20.26	20.58	2321088	48809844.00
2020/07/27	20.58	20.98	20.28	20.72	1279966	26354356.00
2020/07/28	20.88	21.16	20.55	20.82	1204054	25125352.00
2020/07/29	20.82	21.18	20.43	21.12	1370400	28690844.00
2020/07/30	22.00	22.30	21.61	21.86	3277922	72003104.00
2020/07/31	21.60	22.19	21.59	22.01	2229300	48916408.00
2020/08/03	22.00	22.57	21.99	22.51	2138000	47843900.00
2020/08/04	22.46	22.63	22.11	22.30	1627400	36259232.00
2020/08/05	22.30	23.09	22.21	22.58	1812500	40951368.00
2020/08/06	23.49	23.54	22.35	22.88	1909960	43435016.00
2020/08/07	22.65	22.84	21.93	22.22	1703576	38039308.00
2020/08/10	22.04	22.82	22.01	22.60	1155400	26054604.00
2020/08/11	22.60	23.20	22.39	22.44	1996572	45535504.00
2020/08/12	22.32	22.43	21.61	22.14	1578600	34706800.00
2020/08/13	22.16	22.94	22.16	22.41	1457900	32921556.00
2020/08/14	22.41	22.65	21.99	22.56	1321000	29432372.00
2020/08/17	22.55	23.13	22.20	23.07	2010050	45934476.00
2020/08/18	23.00	23.50	22.78	23.25	2576800	59505568.00
2020/08/19	23.10	23.62	22.78	22.80	2400172	55512636.00
2020/08/20	22.73	23.62	22.45	23.30	2540750	58938500.00
2020/08/21	23.25	24.80	23.17	24.10	4206566	101522160.00
2020/08/24	23.97	24.20	23.56	24.19	2090800	50025920.00
2020/08/25	24.20	24.25	23.70	24.00	1874116	44821148.00
2020/08/26	24.47	24.47	22.92	23.18	2370191	55807616.00
2020/08/27	23.22	23.70	22.63	23.49	2017900	47134460.00
2020/08/28	23.45	23.45	22.70	23.30	1925661	44334272.00
2020/08/31	23.38	23.76	23.13	23.22	1367300	32067768.00
2020/09/01	23.32	23.68	23.02	23.66	1208500	28349956.00
2020/09/02	23.69	23.97	23.48	23.83	1602900	38031656.00
2020/09/03	23.70	23.79	23.16	23.23	1753000	40974080.00
2020/09/04	23.00	23.12	22.61	23.01	1491600	34058644.00
2020/09/07	23.43	23.54	22.35	22.40	1885609	43297608.00
2020/09/08	22.42	22.85	22.28	22.64	1246400	28148340.00
2020/09/09	22.51	22.88	22.12	22.19	1539891	34630744.00
2020/09/10	22.42	22.49	20.76	20.90	2049891	43925436.00
2020/09/11	20.86	21.53	20.63	21.32	1166300	24711624.00
2020/09/14	21.50	22.09	21.45	21.78	1100500	23974062.00
2020/09/15	21.88	21.96	21.59	21.65	793200	17260944.00
2020/09/16	21.80	21.80	21.45	21.64	900198	19452762.00
2020/09/17	21.79	22.05	21.17	21.86	897580	19518032.00
2020/09/18	22.27	22.27	21.58	21.83	1158400	25243116.00
2020/09/21	21.97	21.97	21.39	21.46	1023710	22125542.00
2020/09/22	21.46	21.56	21.06	21.16	878800	18669076.00
2020/09/23	21.16	21.53	21.08	21.22	639300	13605664.00
2020/09/24	21.13	21.17	20.61	20.63	852910	17748014.00
2020/09/25	20.78	20.89	20.41	20.76	670680	13846790.00
2020/09/28	20.96	20.96	20.14	20.16	718200	14656538.00
2020/09/29	20.17	20.93	20.07	20.48	839188	17223046.00
2020/09/30	20.44	20.71	20.20	20.48	526300	10785705.00
2020/10/09	20.68	21.18	20.60	20.91	898700	18817756.00
2020/10/12	21.09	21.55	20.90	21.47	1158800	24610654.00
2020/10/13	21.33	21.50	21.25	21.41	853500	18237188.00
2020/10/14	21.32	21.49	21.14	21.30	736410	15692931.00
2020/10/15	21.76	22.30	21.50	21.88	1999680	43763172.00
2020/10/16	21.61	22.74	21.61	22.58	2172700	48703704.00
2020/10/19	22.77	23.18	22.30	22.86	2024300	46382656.00
2020/10/20	23.10	23.17	22.80	23.04	1599000	36789048.00
2020/10/21	23.00	23.40	22.80	23.38	1673491	38829812.00
2020/10/22	23.30	23.68	22.81	23.34	1538391	35804672.00
2020/10/23	23.23	23.55	23.11	23.20	1406400	32822420.00
2020/10/26	23.32	23.85	23.01	23.49	1721300	40322216.00
2020/10/27	23.27	23.61	22.91	23.25	1575600	36612280.00
2020/10/28	23.50	23.69	23.10	23.40	1442253	33763412.00
2020/10/29	23.20	24.09	23.13	23.68	1928654	45838144.00
2020/10/30	23.97	24.18	23.25	23.37	1773100	42124500.00
2020/11/02	23.33	24.00	23.21	23.84	1684850	40043552.00
2020/11/03	23.85	24.00	23.58	23.68	1519900	36110704.00
2020/11/04	23.65	23.79	23.17	23.62	1368700	32104706.00
2020/11/05	23.56	24.04	23.39	23.70	1386245	32787728.00
2020/11/06	23.72	23.93	22.99	23.27	1073654	25072886.00
2020/11/09	23.35	24.57	23.21	24.31	3113929	74950624.00
2020/11/10	24.88	24.90	23.63	23.71	2386531	57228080.00
2020/11/11	23.83	23.90	23.11	23.23	1279000	29958578.00
2020/11/12	23.42	23.46	23.00	23.05	920000	21333168.00
2020/11/13	22.90	23.41	22.71	23.38	963000	22288024.00
2020/11/16	23.38	23.63	23.03	23.23	1076900	25057794.00
2020/11/17	23.17	23.38	22.66	22.92	1046450	23987432.00
2020/11/18	23.00	25.10	22.92	24.84	4729833	115214856.00
2020/11/19	24.85	25.87	24.72	25.03	4590497	115718520.00
2020/11/20	25.03	25.22	24.09	24.55	2798638	68618136.00
2020/11/23	24.64	24.64	24.02	24.28	2025430	49133192.00
2020/11/24	24.09	25.07	23.91	24.79	3114726	76606664.00
2020/11/25	24.79	24.84	23.98	23.98	1944618	47142560.00
2020/11/26	24.20	24.20	23.00	23.14	1614600	37860188.00
2020/11/27	23.25	23.25	22.35	22.60	1934252	43911804.00
2020/11/30	22.30	22.54	21.75	21.96	1638898	36243740.00
2020/12/01	21.96	22.17	21.78	22.00	1101043	24167418.00
2020/12/02	22.01	22.22	21.92	22.12	1034800	22803108.00
2020/12/03	22.16	22.36	21.95	22.28	901800	20051704.00
2020/12/04	22.39	22.56	22.13	22.46	872700	19533352.00
2020/12/07	22.52	22.58	21.99	21.99	969400	21547796.00
2020/12/08	21.83	22.28	21.82	22.01	602730	13302643.00
2020/12/09	22.05	22.20	21.33	21.39	781930	16940632.00
2020/12/10	21.39	21.64	21.11	21.30	596900	12741119.00
2020/12/11	21.30	21.44	20.70	21.12	660643	13860460.00
2020/12/14	21.12	21.36	20.60	21.33	621000	13104195.00
2020/12/15	21.10	21.41	20.92	21.10	636500	13446826.00
2020/12/16	21.08	21.30	20.74	20.93	527900	11094351.00
2020/12/17	21.05	21.28	20.50	21.21	571457	11935739.00
2020/12/18	21.14	21.20	20.72	20.77	531500	11100735.00
2020/12/21	20.84	21.37	20.51	21.27	805495	16991638.00
2020/12/22	21.20	21.27	20.51	20.61	939862	19600062.00
2020/12/23	20.68	21.12	20.31	20.81	893000	18584184.00
2020/12/24	20.82	20.82	18.81	19.18	2367271	46504800.00
2020/12/25	18.99	20.29	18.86	19.96	1452739	28828390.00
2020/12/28	19.80	19.87	19.03	19.18	1510900	29163600.00
2020/12/29	19.05	19.55	18.97	19.22	765243	14792114.00
2020/12/30	19.21	19.65	19.12	19.45	641900	12463158.00
2020/12/31	19.40	19.77	19.30	19.52	781010	15239732.00
2021/01/04	19.53	19.85	19.47	19.68	799543	15707239.00
2021/01/05	19.68	19.74	19.24	19.40	851400	16550469.00
2021/01/06	19.40	19.53	18.72	18.84	1333060	25270234.00
2021/01/07	18.72	18.88	17.80	18.03	1388300	25236326.00
2021/01/08	17.91	18.57	17.50	18.10	1393400	25258412.00
2021/01/11	18.12	18.27	17.53	17.90	1061723	18990908.00
2021/01/12	17.96	18.38	17.61	18.03	741273	13387032.00
2021/01/13	18.03	18.29	17.55	18.26	1321000	23664362.00
2021/01/14	18.78	19.73	18.39	19.25	2574752	49358208.00
2021/01/15	18.71	19.10	18.46	18.81	1793761	33586964.00
2021/01/18	18.78	19.11	18.51	18.84	1217100	22982820.00
2021/01/19	18.85	19.17	18.75	18.98	806300	15262654.00
2021/01/20	19.00	19.39	18.75	19.07	886838	16861164.00
2021/01/21	19.00	19.31	18.96	19.16	984279	18872540.00
2021/01/22	19.03	19.29	18.87	19.08	755400	14348803.00
2021/01/25	19.18	19.18	18.51	18.57	768100	14373885.00
2021/01/26	18.51	18.79	18.40	18.57	480700	8952584.00
2021/01/27	18.58	18.83	18.42	18.67	536541	10018662.00
2021/01/28	18.61	19.01	18.49	18.92	636741	11995527.00
2021/01/29	19.19	19.20	18.34	18.42	1030258	19190376.00
2021/02/01	18.35	18.57	17.93	18.02	1166600	21169256.00
2021/02/02	18.02	18.26	17.88	17.95	606400	10942401.00
2021/02/03	17.95	18.04	17.52	17.62	792100	14062778.00
2021/02/04	17.50	17.57	16.88	17.02	979400	16775293.00
2021/02/05	17.03	17.23	16.80	16.85	782100	13292720.00
2021/02/08	16.76	16.97	16.60	16.80	571700	9599299.00
2021/02/09	16.95	17.13	16.76	17.10	402041	6829125.00
2021/02/10	17.10	17.56	17.10	17.29	526900	9131035.00
2021/02/18	17.39	17.70	17.39	17.65	575600	10126055.00
2021/02/19	17.62	18.21	17.58	18.20	700600	12618536.00
2021/02/22	18.27	18.99	18.27	18.53	926000	17324124.00
2021/02/23	18.38	18.86	18.24	18.40	537623	9892083.00
2021/02/24	18.34	18.71	18.34	18.51	485640	9011982.00
2021/02/25	18.48	18.57	18.28	18.40	384800	7080897.00
2021/02/26	18.14	18.70	18.00	18.61	592621	10953751.00
2021/03/01	18.66	18.93	18.56	18.89	504800	9481270.00
2021/03/02	18.87	19.07	18.80	18.98	572500	10836091.00
2021/03/03	18.98	19.66	18.84	19.58	1084583	21014652.00
2021/03/04	19.60	19.99	19.33	19.47	1323000	26042664.00
2021/03/05	19.30	19.80	19.30	19.73	871698	17117136.00
2021/03/08	19.70	19.95	19.52	19.60	782000	15403546.00
2021/03/09	19.61	19.78	18.96	19.26	919700	17773296.00
2021/03/10	19.27	19.46	18.66	18.79	597941	11318438.00
2021/03/11	18.71	19.23	18.71	19.20	454700	8645272.00
2021/03/12	19.20	19.67	19.20	19.52	722400	14062448.00
2021/03/15	19.51	19.95	19.40	19.89	792114	15631711.00
2021/03/16	19.90	20.37	19.82	20.20	860820	17380538.00
2021/03/17	20.20	20.97	20.00	20.91	1253416	25706122.00
2021/03/18	20.92	21.68	20.88	21.56	1746073	37297672.00
2021/03/19	21.30	21.75	21.20	21.64	1566801	33697940.00
2021/03/22	21.30	21.54	20.31	20.98	2429206	50610656.00
2021/03/23	20.99	21.03	20.65	20.77	1225200	25528928.00
2021/03/24	20.70	21.09	20.42	20.79	1269441	26471690.00
2021/03/25	20.57	20.73	20.01	20.21	884200	17961770.00
2021/03/26	20.20	20.66	20.04	20.41	643210	13014538.00
2021/03/29	20.44	20.84	20.37	20.43	662743	13637553.00
2021/03/30	20.27	20.28	19.71	19.76	1055674	21023870.00
2021/03/31	20.00	20.00	19.80	19.99	491719	9786819.00
2021/04/01	19.79	20.00	19.63	19.82	837019	16604635.00
2021/04/02	19.90	19.94	19.64	19.87	541219	10721925.00
2021/04/06	19.93	20.18	19.84	20.14	618600	12366469.00
2021/04/07	20.13	20.20	19.80	20.01	545700	10884020.00
2021/04/08	19.99	20.60	19.81	20.44	1150773	23144156.00
2021/04/09	20.26	20.58	20.12	20.16	1377800	28043526.00
2021/04/12	20.15	20.16	19.12	19.23	1271655	24811496.00
2021/04/13	19.23	19.45	19.16	19.29	351000	6771251.00
2021/04/14	19.29	19.81	19.19	19.75	690618	13508785.00
2021/04/15	19.97	20.89	19.85	20.72	2115502	43209956.00
2021/04/16	20.76	21.27	20.51	21.19	1621451	34135164.00
2021/04/19	21.29	21.67	21.04	21.57	1608823	34428776.00
2021/04/20	21.57	21.96	21.45	21.81	1333900	29071220.00
2021/04/21	21.82	22.45	21.56	22.14	1986400	43875220.00
2021/04/22	22.29	22.48	21.81	21.86	1261100	27815116.00
2021/04/23	21.88	21.99	21.53	21.57	1127050	24451010.00
2021/04/26	21.57	22.28	21.46	21.89	1334633	29314556.00
2021/04/27	21.94	22.26	21.41	21.89	1008000	21876768.00
2021/04/28	22.16	22.16	21.61	21.72	786700	17168164.00
2021/04/29	21.79	22.12	21.51	21.56	860758	18804990.00
2021/04/30	21.56	21.83	21.21	21.55	718700	15472204.00
2021/05/06	21.56	21.77	21.13	21.26	685700	14576709.00
2021/05/07	21.26	21.54	20.88	21.48	716007	15233905.00
2021/05/10	21.45	21.45	20.31	20.35	1643679	33802180.00
2021/05/11	15.50	15.73	15.30	15.43	1498490	23238192.00
2021/05/12	15.46	15.78	15.09	15.69	1374845	21260886.00
2021/05/13	15.50	15.83	15.50	15.58	817510	12816773.00
2021/05/14	15.86	16.99	15.62	16.88	3185449	52595152.00
2021/05/17	17.08	17.10	16.02	16.24	2708880	44225096.00
2021/05/18	16.11	16.11	15.50	15.64	2195432	34491164.00
2021/05/19	15.56	16.36	15.53	15.91	1824813	29237746.00
2021/05/20	15.91	16.12	15.65	15.70	1410050	22304880.00
2021/05/21	15.70	15.92	15.62	15.63	785200	12372023.00
2021/05/24	15.71	15.71	15.40	15.46	1079240	16722903.00
2021/05/25	15.46	15.60	15.36	15.58	783800	12138593.00
2021/05/26	15.60	15.76	15.55	15.73	734180	11510091.00
2021/05/27	15.80	15.90	15.71	15.87	711160	11260866.00
2021/05/28	15.87	15.87	15.66	15.67	817910	12859608.00
2021/05/31	15.78	15.78	15.33	15.46	1190680	18413536.00
2021/06/01	15.54	16.29	15.44	16.14	2051734	32772800.00
2021/06/02	16.20	16.31	15.84	15.86	1265460	20294016.00
2021/06/03	15.86	16.07	15.75	15.87	823300	13099524.00
2021/06/04	15.92	16.22	15.85	16.18	1309160	21047348.00
2021/06/07	16.28	16.68	16.12	16.49	2100919	34557980.00
2021/06/08	16.48	16.48	16.01	16.09	1460834	23533646.00
2021/06/09	16.09	16.24	15.92	16.22	914145	14748817.00
2021/06/10	16.16	16.17	15.73	15.84	2072820	32900304.00
2021/06/11	15.86	16.47	15.84	15.86	1491210	23975804.00
2021/06/15	15.81	15.97	15.30	15.74	1490677	23270252.00
2021/06/16	15.57	15.99	15.34	15.47	943820	14673918.00
2021/06/17	15.39	15.60	15.33	15.36	762630	11772305.00
2021/06/18	15.36	15.53	15.20	15.50	704550	10849098.00
2021/06/21	15.42	15.96	15.40	15.81	1057660	16595292.00
2021/06/22	15.85	16.08	15.62	16.01	1216690	19338536.00
2021/06/23	16.12	16.12	15.81	15.92	683510	10853737.00
2021/06/24	15.92	15.92	15.68	15.76	590760	9304022.00
2021/06/25	15.76	15.96	15.51	15.79	748780	11716807.00
2021/06/28	15.59	15.64	15.51	15.56	626630	9756551.00
2021/06/29	15.69	15.69	15.35	15.50	674940	10420353.00
2021/06/30	15.45	15.80	15.32	15.47	773720	11939590.00
2021/07/01	15.70	15.70	15.19	15.47	880565	13567188.00
2021/07/02	15.30	15.45	15.18	15.20	654780	9986463.00
2021/07/05	15.19	15.39	15.15	15.37	599878	9164315.00
2021/07/06	16.18	16.18	15.28	15.53	1110611	17282354.00
2021/07/07	15.40	15.72	15.30	15.56	730167	11365932.00
2021/07/08	15.56	15.98	15.46	15.65	855500	13371929.00
2021/07/09	15.55	15.69	15.45	15.67	536840	8342204.50
2021/07/12	15.86	15.87	15.63	15.83	1322330	20823878.00
2021/07/13	15.73	15.84	15.65	15.81	800270	12619998.00
2021/07/14	15.75	15.79	15.52	15.68	937160	14631037.00
2021/07/15	15.61	15.61	15.17	15.27	1293412	19796228.00
2021/07/16	15.25	15.34	15.17	15.20	581150	8849588.00
2021/07/19	15.17	15.19	14.86	14.89	951800	14201154.00
2021/07/20	14.84	15.15	14.70	15.09	823941	12278676.00
2021/07/21	15.00	15.25	14.95	15.20	676890	10232458.00
2021/07/22	15.15	15.26	15.09	15.17	454871	6901412.50
2021/07/23	15.25	15.25	14.80	14.95	919590	13769264.00
2021/07/26	14.90	14.91	14.27	14.35	1060217	15378167.00
2021/07/27	14.40	14.52	14.11	14.11	473860	6799535.50
2021/07/28	14.13	14.16	13.63	13.67	868540	11986013.00
2021/07/29	13.80	14.70	13.73	14.36	1666120	23685680.00
2021/07/30	14.36	14.67	14.13	14.67	896751	12909191.00
2021/08/02	14.51	15.30	14.51	15.27	2015073	30321888.00
2021/08/03	15.20	15.26	15.02	15.09	1055590	15990619.00
2021/08/04	15.09	15.24	14.90	15.13	880140	13302196.00
2021/08/05	15.08	15.14	14.84	15.11	686300	10274366.00
2021/08/06	15.15	15.35	14.88	15.32	745976	11286087.00
2021/08/09	15.30	15.34	15.07	15.20	1326018	20071302.00
2021/08/10	15.23	15.41	15.18	15.39	1203160	18464382.00
2021/08/11	15.29	15.60	15.27	15.53	1265876	19532832.00
2021/08/12	15.50	15.60	15.31	15.50	905626	14022658.00
2021/08/13	15.50	15.72	15.44	15.51	1191650	18534810.00
2021/08/16	15.52	15.59	15.43	15.52	941909	14619747.00
2021/08/17	15.50	15.63	15.26	15.50	1060218	16420894.00
2021/08/18	15.49	15.60	15.20	15.38	984660	15091213.00
2021/08/19	15.22	15.35	15.05	15.18	878770	13312995.00
2021/08/20	15.15	15.16	14.68	14.78	1086850	16079255.00
2021/08/23	14.78	15.53	14.75	15.37	2204060	33806276.00
2021/08/24	15.42	16.16	15.35	15.94	3200887	50691656.00
2021/08/25	15.83	15.89	15.60	15.75	1683905	26478932.00
2021/08/26	15.61	15.78	15.57	15.62	1041038	16292467.00
2021/08/27	15.49	15.86	15.48	15.81	1170980	18366236.00
2021/08/30	15.81	16.36	15.71	16.25	2845370	45834320.00
2021/08/31	16.19	16.36	15.91	16.18	1798700	28947984.00
2021/09/01	16.20	16.35	15.73	15.85	1669450	26633016.00
2021/09/02	15.94	16.12	15.73	16.03	1154660	18402096.00
2021/09/03	16.04	16.88	16.03	16.68	3735850	61965940.00
2021/09/06	16.67	16.85	16.48	16.59	1918910	31875004.00
2021/09/07	16.59	16.68	16.43	16.50	1687235	27877488.00
2021/09/08	16.41	16.87	16.34	16.80	1900570	31749680.00
2021/09/09	16.80	16.99	16.62	16.65	1755820	29390534.00
2021/09/10	16.65	16.74	16.19	16.39	1519969	24953446.00
2021/09/13	16.35	16.60	16.26	16.49	1150240	18951388.00
2021/09/14	16.47	16.75	15.97	16.07	1671392	27115006.00
2021/09/15	16.06	16.37	15.90	16.35	953780	15480556.00
2021/09/16	16.31	16.76	16.10	16.19	1691753	27848724.00
2021/09/17	16.36	16.60	16.04	16.46	1372483	22447206.00
2021/09/22	16.13	16.92	15.60	16.80	1889427	31103820.00
2021/09/23	16.82	16.85	16.54	16.66	1568750	26111158.00
2021/09/24	16.68	16.72	16.01	16.05	1512620	24546708.00
2021/09/27	16.05	16.25	15.25	15.46	1485033	23205570.00
2021/09/28	15.46	15.67	15.31	15.46	530420	8218626.50
2021/09/29	15.31	15.55	15.02	15.03	760536	11552641.00
2021/09/30	15.03	15.20	14.98	15.02	762338	11482691.00
2021/10/08	15.07	15.75	15.07	15.62	818908	12707281.00
2021/10/11	15.62	15.75	15.43	15.58	594444	9234710.00
2021/10/12	15.60	15.60	14.88	15.11	840950	12689331.00
2021/10/13	15.10	15.19	14.91	15.09	434529	6542503.00
2021/10/14	15.08	15.23	14.93	15.16	322250	4864706.00
2021/10/15	15.16	15.23	15.03	15.03	552690	8366373.00
2021/10/18	15.05	15.42	15.05	15.27	588900	9001279.00
2021/10/19	15.41	15.41	15.17	15.36	498900	7632824.50
2021/10/20	15.38	15.50	15.05	15.21	551980	8408593.00
2021/10/21	15.13	15.27	14.99	15.01	546530	8264262.50
2021/10/22	14.95	15.01	14.46	14.46	985830	14447240.00
2021/10/25	14.46	14.53	14.29	14.49	367540	5311194.00
2021/10/26	14.55	14.89	14.48	14.80	822026	12123048.00
2021/10/27	14.77	14.84	14.26	14.37	791640	11415810.00
2021/10/28	14.17	14.41	14.01	14.18	626730	8891348.00
2021/10/29	14.18	14.45	13.81	14.33	744588	10496534.00
2021/11/01	14.38	14.58	14.30	14.57	560358	8106987.00
2021/11/02	14.56	14.63	14.32	14.36	531500	7692557.50
2021/11/03	14.36	14.59	14.28	14.54	477650	6908955.00
2021/11/04	14.54	14.73	14.54	14.71	588560	8634162.00
2021/11/05	14.70	14.74	14.19	14.53	810520	11811562.00
2021/11/08	14.53	14.68	14.46	14.59	413360	6038147.00
2021/11/09	14.59	14.77	14.52	14.68	507070	7432273.50
2021/11/10	14.68	14.86	14.62	14.85	638630	9422606.00
2021/11/11	14.86	15.04	14.84	14.93	672850	10064864.00
2021/11/12	14.93	15.43	14.90	15.36	1057540	16087088.00
2021/11/15	15.36	15.64	15.07	15.64	1744728	26848554.00
2021/11/16	15.65	15.75	15.33	15.39	1623636	25048154.00
2021/11/17	15.43	15.89	15.42	15.79	1471434	23128644.00
2021/11/18	15.72	15.84	15.57	15.61	881270	13836115.00
2021/11/19	15.69	15.88	15.40	15.78	1185283	18590302.00
2021/11/22	15.81	15.94	15.66	15.75	854360	13466797.00
2021/11/23	15.86	16.16	15.80	16.03	1272496	20339238.00
2021/11/24	16.14	16.19	15.84	15.94	835530	13317297.00
2021/11/25	16.00	16.07	15.77	15.88	774617	12357334.00
2021/11/26	15.89	15.96	15.55	15.75	1007575	15792020.00
2021/11/29	15.63	15.86	15.50	15.84	903700	14204840.00
2021/11/30	15.84	16.08	15.84	16.04	1037820	16562280.00
2021/12/01	16.04	16.50	16.00	16.40	1769983	28814920.00
2021/12/02	16.42	16.70	16.20	16.25	1794360	29516640.00
2021/12/03	16.25	16.76	16.17	16.40	1329997	21902136.00
2021/12/06	16.47	16.47	15.89	15.99	1390235	22327634.00
2021/12/07	16.03	16.09	15.60	15.68	902850	14223664.00
2021/12/08	15.68	16.01	15.68	15.85	722873	11479160.00
2021/12/09	15.85	16.31	15.79	16.04	1203790	19388220.00
2021/12/10	16.04	17.16	16.01	16.89	4027508	67337912.00
2021/12/13	17.12	17.90	16.82	17.38	6662175	115979216.00
2021/12/14	17.38	17.38	16.84	16.95	3423623	58190412.00
2021/12/15	16.95	17.35	16.87	16.94	2436885	41634504.00
2021/12/16	17.13	17.45	16.70	17.06	2390700	40458216.00
2021/12/17	17.06	17.17	16.73	16.95	1577760	26721984.00
2021/12/20	16.95	17.20	16.82	17.04	1579292	26871792.00
2021/12/21	17.04	17.17	16.84	17.16	1500117	25566898.00
2021/12/22	17.10	17.39	16.85	17.21	2252048	38602832.00
2021/12/23	17.08	17.32	16.74	16.97	2013160	34267164.00
2021/12/24	16.97	17.09	16.43	16.57	1769566	29534946.00
2021/12/27	16.56	16.91	16.28	16.77	1287340	21501972.00
2021/12/28	16.86	16.87	16.68	16.78	738276	12396240.00
2021/12/29	16.86	17.04	16.60	16.93	1192926	20104026.00
2021/12/30	16.92	17.35	16.91	17.08	1571986	26975102.00
2021/12/31	17.08	17.35	17.05	17.08	1285051	22058546.00
2022/01/04	17.10	18.79	17.08	18.79	5587352	101797424.00
2022/01/05	20.39	20.60	18.40	19.50	10799622	211367568.00
2022/01/06	18.88	19.60	18.60	19.21	5487490	104597616.00
2022/01/07	19.21	19.31	17.80	17.86	5486122	100698264.00
2022/01/10	17.86	18.22	17.50	18.22	2933776	52810128.00
2022/01/11	18.12	18.38	17.98	18.18	1925280	34899444.00
2022/01/12	18.18	20.00	18.13	20.00	5819126	112781744.00
2022/01/13	20.29	20.29	19.42	20.03	7354824	146769776.00
2022/01/14	20.03	20.11	19.20	19.41	4493288	87547896.00
2022/01/17	18.99	20.10	18.91	19.49	3648450	71619936.00
2022/01/18	19.16	19.81	19.00	19.27	2803660	54310904.00
2022/01/19	19.38	20.15	19.11	19.80	3166560	62405988.00
2022/01/20	19.70	19.70	18.64	18.90	3072691	58293696.00
2022/01/21	18.99	18.99	18.25	18.57	1616956	29904728.00
2022/01/24	18.56	18.91	17.94	18.87	1148329	21341676.00
2022/01/25	18.97	18.97	17.49	17.49	1810720	32526616.00
2022/01/26	17.51	17.96	17.36	17.72	1064700	18810638.00
2022/01/27	17.70	17.95	17.18	17.20	1429180	24933120.00
2022/01/28	17.37	18.15	17.10	17.73	1148307	20335692.00
2022/02/07	17.78	18.26	17.57	18.14	1185902	21405260.00
2022/02/08	18.18	18.49	18.00	18.31	1149270	20965382.00
2022/02/09	18.40	18.43	18.18	18.27	809237	14801870.00
2022/02/10	18.27	19.28	18.10	18.96	2414850	45522660.00
2022/02/11	18.80	18.80	17.74	17.88	2428100	43836560.00
2022/02/14	17.97	19.67	17.69	19.67	3812546	73549432.00
2022/02/15	19.96	21.64	19.13	20.98	11383441	232259600.00
2022/02/16	20.56	20.98	19.53	20.05	7412861	148397168.00
2022/02/17	19.64	19.88	19.19	19.31	4566527	88788008.00
2022/02/18	19.26	19.59	19.03	19.43	2859860	55386660.00
2022/02/21	19.42	19.78	19.06	19.34	3795862	73784656.00
2022/02/22	19.44	19.44	18.70	18.98	3151844	59759176.00
2022/02/23	19.65	20.30	19.05	19.11	7044178	138370352.00
2022/02/24	18.92	19.08	17.31	17.80	7321768	133962560.00
2022/02/25	17.88	18.35	17.28	17.42	3778360	67135040.00
2022/02/28	17.47	17.58	16.81	17.13	2234320	38142440.00
2022/03/01	17.28	17.85	17.07	17.81	2722348	47829436.00
2022/03/02	17.66	18.03	17.51	17.83	1576360	28137210.00
2022/03/03	17.83	17.99	17.29	17.36	2223518	38931684.00
2022/03/04	17.26	17.45	17.04	17.15	1520922	26185744.00
2022/03/07	17.00	17.35	16.95	17.18	1085334	18647670.00
2022/03/08	17.21	17.21	16.43	16.60	1696730	28449076.00
2022/03/09	16.63	16.76	15.30	16.25	2376890	38200124.00
2022/03/10	16.74	17.01	16.49	16.71	1871460	31386674.00
2022/03/11	16.70	16.85	16.01	16.72	1286420	21113690.00
2022/03/14	16.70	16.83	16.04	16.04	1341860	21983940.00
2022/03/15	16.15	16.15	15.04	15.04	1526578	23873494.00
2022/03/16	15.59	15.70	14.93	15.31	1826780	27964578.00
2022/03/17	15.55	15.84	15.45	15.59	1476530	23110436.00
2022/03/18	15.58	16.16	15.47	16.06	1348300	21460872.00
2022/03/21	16.10	16.33	15.99	16.29	967560	15622088.00
2022/03/22	16.28	16.28	16.00	16.14	839600	13538689.00
2022/03/23	16.24	16.39	16.08	16.15	1086431	17589892.00
2022/03/24	16.00	16.12	15.72	15.76	1115750	17698484.00
2022/03/25	15.76	16.09	15.70	15.73	986070	15671651.00
2022/03/28	15.66	15.90	15.28	15.73	790790	12386521.00
2022/03/29	15.75	15.87	15.31	15.36	974000	15083019.00
2022/03/30	15.40	15.64	15.36	15.52	586740	9096657.00
2022/03/31	15.50	15.77	15.50	15.62	697410	10916864.00
2022/04/01	15.67	15.67	15.38	15.53	578880	8969833.00
2022/04/06	15.49	15.88	15.44	15.70	696650	10931080.00
2022/04/07	15.72	15.78	15.35	15.36	911406	14143460.00
2022/04/08	15.32	15.40	14.72	14.91	1150370	17161682.00
2022/04/11	14.84	14.98	14.35	14.51	874080	12766778.00
2022/04/12	14.68	14.86	14.20	14.83	590670	8649884.00
2022/04/13	14.90	14.90	14.41	14.59	705900	10344219.00
2022/04/14	14.59	14.79	14.42	14.67	617189	9063610.00
2022/04/15	14.71	14.71	14.42	14.44	640460	9300346.00
2022/04/18	14.39	14.77	14.15	14.69	664880	9636362.00
2022/04/19	14.69	15.05	14.60	14.84	806990	11979029.00
2022/04/20	14.90	15.02	14.65	14.76	642570	9550381.00
2022/04/21	14.61	14.83	14.10	14.39	978310	14177831.00
2022/04/22	14.21	14.39	14.02	14.08	572900	8101093.00
2022/04/25	14.00	14.00	13.35	13.40	1070250	14526360.00
2022/04/26	13.73	13.73	12.65	12.84	807420	10686678.00
2022/04/27	12.87	13.10	12.25	13.03	758750	9603616.00
2022/04/28	12.95	12.95	12.30	12.57	831310	10499845.00
2022/04/29	12.57	13.53	12.57	13.40	1176382	15497380.00
2022/05/05	13.14	13.55	12.90	13.42	1262700	16722306.00
2022/05/06	13.18	13.59	12.92	13.09	1171120	15480270.00
2022/05/09	13.18	13.25	12.82	12.92	1083190	14105334.00
2022/05/10	12.93	13.05	12.65	13.05	587486	7581282.50
2022/05/11	13.08	13.92	13.08	13.41	1906100	25965368.00
2022/05/12	13.41	13.85	13.36	13.70	1287770	17602568.00
2022/05/13	13.70	13.95	13.61	13.91	1048734	14490159.00
2022/05/16	13.85	14.05	13.64	13.71	626500	8682686.00
2022/05/17	13.66	14.58	13.61	14.55	2161980	30799458.00
2022/05/18	14.55	14.87	13.72	14.31	4560210	64510120.00
2022/05/19	13.94	13.94	13.69	13.89	2083888	28795088.00
2022/05/20	13.89	14.03	12.80	13.84	2049940	28286630.00
2022/05/23	13.93	14.09	13.67	13.89	1516450	21004628.00
2022/05/24	13.97	14.24	13.12	13.13	2504300	34379116.00
2022/05/25	13.25	13.64	13.20	13.57	1462010	19588790.00
2022/05/26	13.54	13.80	13.29	13.68	1191410	16110503.00
2022/05/27	13.70	14.08	13.60	13.93	2028320	28226304.00
2022/05/30	13.90	14.50	13.81	14.39	2261810	32136512.00
2022/05/31	14.35	15.04	14.20	15.02	2711445	40041416.00
2022/06/01	15.01	15.04	14.52	14.64	1885700	27783892.00
2022/06/02	14.93	14.93	14.43	14.70	1621051	23736008.00
2022/06/06	14.74	14.97	14.70	14.71	1391300	20578598.00
2022/06/07	14.74	14.80	14.34	14.44	1338790	19362678.00
2022/06/08	14.38	14.58	14.09	14.40	1083870	15529013.00
2022/06/09	14.37	14.40	14.01	14.13	1254500	17726214.00
2022/06/10	14.21	14.42	13.98	14.40	900230	12866404.00
2022/06/13	14.40	14.56	14.16	14.33	1294560	18574588.00
2022/06/14	14.26	14.33	13.75	14.14	1268650	17753224.00
2022/06/15	14.14	14.38	14.06	14.06	1407800	20045684.00
2022/06/16	14.06	14.78	14.01	14.60	2870080	41667856.00
2022/06/17	14.78	14.78	13.95	14.31	3166300	45133008.00
2022/06/20	14.00	14.66	13.84	14.26	3150440	44748960.00
2022/06/21	14.27	14.35	13.99	14.10	2022260	28569752.00
2022/06/22	14.12	14.25	13.85	13.90	1760980	24777522.00
2022/06/23	14.01	14.50	13.86	14.35	3095714	44275268.00
2022/06/24	14.39	15.00	14.38	14.79	3927990	57533520.00
2022/06/27	14.85	14.95	14.50	14.71	1714010	25146636.00
2022/06/28	14.63	15.26	14.57	15.20	2708359	40735692.00
2022/06/29	15.20	15.32	14.60	14.62	2003390	29767218.00
2022/06/30	14.61	14.74	14.43	14.45	1843600	26757536.00
2022/07/01	14.50	14.63	14.27	14.41	1078610	15596952.00
2022/07/04	14.30	14.50	14.25	14.29	1519673	21711200.00
2022/07/05	14.31	14.52	14.00	14.16	1348843	19142372.00
2022/07/06	14.17	14.35	13.90	14.06	1243240	17477298.00
2022/07/07	14.04	14.40	14.04	14.23	1076300	15355450.00
2022/07/08	14.33	14.44	14.22	14.36	933610	13389994.00
2022/07/11	14.36	14.47	13.91	14.01	1131600	15904859.00
2022/07/12	14.00	14.09	13.70	13.72	1078160	14960861.00
2022/07/13	13.68	14.00	13.64	13.99	540800	7523941.00
2022/07/14	13.95	14.19	13.94	14.16	673660	9508356.00
2022/07/15	14.16	14.27	13.60	13.70	1488400	20661688.00
2022/07/18	13.69	14.23	13.69	14.20	1273060	17941720.00
2022/07/19	14.21	14.67	14.20	14.57	1716493	24926498.00
2022/07/20	14.58	14.70	14.35	14.62	1264660	18436292.00
2022/07/21	14.62	14.78	14.42	14.63	1128100	16499066.00
2022/07/22	14.74	14.88	14.54	14.70	1076490	15815412.00
2022/07/25	14.76	15.04	14.57	14.68	1159980	17191980.00
2022/07/26	14.71	14.94	14.43	14.81	1273770	18844028.00
2022/07/27	14.87	15.03	14.75	14.95	1084700	16132541.00
2022/07/28	15.04	16.45	14.88	16.45	5646089	89293688.00
2022/07/29	17.13	18.10	17.11	18.10	4681642	83001880.00
2022/08/01	19.91	19.91	19.63	19.91	8848787	176147824.00
2022/08/02	21.05	21.90	19.01	21.90	27498576	575437312.00
2022/08/03	19.80	20.88	19.71	19.71	19901530	399385792.00
2022/08/04	17.74	18.50	17.74	17.74	12494606	221935376.00
2022/08/05	17.20	17.47	16.21	16.32	14200672	235873264.00
2022/08/08	16.17	16.63	16.00	16.60	9435784	154853984.00
2022/08/09	16.41	16.83	16.32	16.59	8364299	139008544.00
2022/08/10	16.56	17.25	16.17	17.15	10450478	175332544.00
2022/08/11	16.90	17.09	16.71	16.97	7485636	126511816.00
2022/08/12	17.62	17.81	16.53	16.56	9367636	161186528.00
2022/08/15	16.43	16.78	16.18	16.77	5720769	94537112.00
2022/08/16	16.60	17.08	16.51	17.01	6744341	113771936.00
2022/08/17	17.00	18.71	16.78	18.71	11987717	212842496.00
2022/08/18	18.70	19.66	18.07	18.15	18182637	342328096.00
2022/08/19	18.15	18.24	17.42	17.68	10063982	178338992.00
2022/08/22	17.47	17.49	16.80	17.21	6354823	108772720.00
2022/08/23	17.16	17.94	16.90	17.90	7624260	134026648.00
2022/08/24	17.82	17.86	16.73	16.78	5920450	101567488.00
2022/08/25	16.60	16.88	15.72	15.88	5973510	96054016.00
2022/08/26	15.92	16.55	15.86	15.86	3393560	54811860.00
2022/08/29	15.54	16.30	15.36	16.22	2795370	44825824.00
2022/08/30	16.20	16.60	16.06	16.14	2497650	40641004.00
2022/08/31	16.09	16.28	15.54	15.79	2973510	47059196.00
2022/09/01	15.87	16.14	15.66	16.02	1813450	28917134.00
2022/09/02	16.11	16.26	15.82	16.13	2254759	36242200.00
2022/09/05	16.15	16.40	15.85	15.99	2233540	35970776.00
2022/09/06	16.13	16.31	15.86	16.22	2511562	40514984.00
2022/09/07	16.23	16.57	16.22	16.43	3113520	51070156.00
2022/09/08	18.07	18.07	18.07	18.07	3979570	71910832.00
2022/09/09	18.15	18.15	17.15	17.33	10610613	185997152.00
2022/09/13	17.14	17.58	17.08	17.42	5659404	97882488.00
2022/09/14	17.12	17.35	16.70	16.93	4762824	80973864.00
2022/09/15	17.03	17.25	15.95	16.24	4633800	75752888.00
2022/09/16	16.25	16.25	15.11	15.32	3904430	61530736.00
2022/09/19	15.28	15.50	14.88	14.97	2426700	36750756.00
2022/09/20	14.96	15.92	14.96	15.89	4012140	62578356.00
2022/09/21	15.95	16.00	15.51	15.78	2034000	32082552.00
2022/09/22	15.77	15.98	15.47	15.54	1675300	26255566.00
2022/09/23	15.43	15.77	14.50	14.64	4921866	73444232.00
2022/09/26	14.63	14.63	14.10	14.19	4100862	58671708.00
2022/09/27	14.27	14.65	14.16	14.56	4488832	64671204.00
2022/09/28	14.50	14.65	13.75	13.78	5019513	70774240.00
2022/09/29	13.95	14.15	13.58	13.99	4621800	64102528.00
2022/09/30	14.06	14.09	13.66	13.66	2522786	34811820.00
2022/10/10	13.90	13.92	13.28	13.38	2601334	35284032.00
2022/10/11	13.31	13.60	13.00	13.44	2740695	36435576.00
2022/10/12	13.49	14.00	13.26	14.00	2277114	31045286.00
2022/10/13	13.96	14.20	13.83	14.15	2321834	32637146.00
2022/10/14	14.25	14.37	14.12	14.28	2527680	36001540.00
2022/10/17	14.22	14.57	14.14	14.57	3057110	43990428.00
2022/10/18	14.49	14.69	14.47	14.61	2700800	39399572.00
2022/10/19	14.46	14.69	14.40	14.43	2061200	29968124.00
2022/10/20	14.52	14.58	14.13	14.35	2115550	30348274.00
2022/10/21	14.43	14.53	14.20	14.33	1551932	22324972.00
2022/10/24	14.38	14.55	14.10	14.14	2448646	35174752.00
2022/10/25	14.19	14.75	13.95	14.59	3230478	46525340.00
2022/10/26	14.64	14.92	14.50	14.79	3089656	45473796.00
2022/10/27	14.39	14.74	14.26	14.56	4290911	62294208.00
2022/10/28	14.57	14.66	14.12	14.15	3825560	55017812.00
2022/10/31	14.11	14.50	14.10	14.17	1932260	27496860.00
2022/11/01	14.48	14.60	14.12	14.60	2279170	32791894.00
2022/11/02	14.60	14.92	14.46	14.86	2537826	37441660.00
2022/11/03	14.89	15.02	14.60	14.95	2067082	30750462.00
2022/11/04	14.94	15.24	14.85	15.15	3860940	58030472.00
2022/11/07	15.10	15.30	14.90	15.05	2904823	43685368.00
2022/11/08	15.00	15.56	14.72	15.28	5687276	86548240.00
2022/11/09	15.58	16.20	15.07	15.95	9831781	153978256.00
2022/11/10	15.99	16.48	15.49	15.69	11829060	190032144.00
2022/11/11	15.83	16.20	15.38	15.75	10422769	164796768.00
2022/11/14	15.60	15.60	14.80	14.80	7044081	106857248.00
2022/11/15	14.79	15.26	14.72	15.18	3862519	58097852.00
2022/11/16	15.27	15.34	14.85	14.91	3315317	49744296.00
2022/11/17	15.00	15.00	14.63	14.87	2383194	35153524.00
2022/11/18	14.87	14.99	14.43	14.50	2943630	43268028.00
2022/11/21	14.45	14.78	14.17	14.75	3055070	44344884.00
2022/11/22	14.62	14.79	14.33	14.36	2631702	38261580.00
2022/11/23	14.34	14.44	13.92	14.18	2605990	36845556.00
2022/11/24	14.22	14.39	14.21	14.28	1267150	18110594.00
2022/11/25	14.30	14.30	13.98	14.00	1776444	25020800.00
2022/11/28	13.85	14.07	13.75	14.02	1190452	16591999.00
2022/11/29	14.13	14.28	14.00	14.26	1776523	25155604.00
2022/11/30	14.26	14.52	14.17	14.40	2107860	30338776.00
2022/12/01	14.47	14.57	14.34	14.34	1617334	23344468.00
2022/12/02	14.34	14.54	14.28	14.50	1723433	24844506.00
2022/12/05	14.54	14.65	14.41	14.61	1752834	25462608.00
2022/12/06	14.55	14.55	14.30	14.36	1761963	25358670.00
2022/12/07	14.79	14.79	14.34	14.40	1908306	27590156.00
2022/12/08	14.34	14.40	14.24	14.25	1547096	22124696.00
2022/12/09	14.32	14.32	14.00	14.16	1313900	18646144.00
2022/12/12	14.20	14.25	14.03	14.15	1116780	15786993.00
2022/12/13	14.16	14.19	13.98	13.98	1262500	17768946.00
2022/12/14	14.03	14.12	13.82	13.92	1593000	22286238.00
2022/12/15	13.92	14.16	13.81	14.16	1319200	18544020.00
2022/12/16	14.08	14.14	13.67	13.78	2006052	27779824.00
2022/12/19	13.68	13.82	13.31	13.40	1507400	20357266.00
2022/12/20	13.39	13.85	13.20	13.72	1937440	26293574.00
2022/12/21	13.76	13.79	13.30	13.45	1600390	21492962.00
2022/12/22	13.48	13.49	13.00	13.04	1900306	25070764.00
2022/12/23	12.96	13.10	12.86	13.07	1467580	19059928.00
2022/12/26	13.03	13.24	13.00	13.22	1318286	17347344.00
2022/12/27	13.23	13.28	13.12	13.24	835700	11040639.00
2022/12/28	13.20	13.24	13.06	13.09	952876	12514589.00
2022/12/29	13.15	13.17	12.83	12.84	1667130	21629592.00
2022/12/30	12.99	13.11	12.89	13.08	1050700	13682644.00
2023/01/03	13.06	13.44	13.04	13.34	1379100	18330254.00
2023/01/04	13.40	13.44	13.21	13.31	1094910	14593911.00
2023/01/05	13.30	13.51	13.30	13.51	1673430	22436964.00
2023/01/06	13.47	13.63	13.40	13.48	1105643	14926938.00
2023/01/09	13.43	13.64	13.43	13.56	1098480	14899033.00
2023/01/10	13.60	13.67	13.42	13.57	1085550	14711622.00
2023/01/11	13.59	13.63	13.30	13.33	1738900	23365688.00
2023/01/12	13.35	13.53	13.30	13.38	953200	12802598.00
2023/01/13	13.53	13.53	13.33	13.40	706700	9483319.00
2023/01/16	13.45	13.66	13.25	13.57	1254650	17038928.00
2023/01/17	13.59	13.67	13.50	13.58	700900	9524247.00
2023/01/18	13.58	13.99	13.58	13.90	2757850	38127804.00
2023/01/19	13.88	14.50	13.84	14.22	2976160	42296552.00
2023/01/20	14.22	14.43	14.18	14.31	2544640	36401608.00
2023/01/30	14.50	14.63	14.41	14.43	2496330	36223936.00
2023/01/31	14.43	15.09	14.15	14.95	6206334	92045088.00
2023/02/01	15.00	15.35	14.80	15.12	5543534	83570728.00
2023/02/02	15.38	15.78	15.08	15.31	6245221	95778272.00
2023/02/03	15.18	15.54	15.08	15.50	5495477	84004016.00
2023/02/06	15.54	15.87	15.06	15.33	4858072	74517248.00
2023/02/07	15.15	15.64	15.15	15.55	4056012	62463228.00
2023/02/08	15.79	15.93	15.25	15.65	4995149	77755008.00
2023/02/09	15.60	15.82	15.33	15.59	3065290	47713264.00
2023/02/10	15.58	15.76	15.38	15.50	2515870	39053588.00
数据来源:通达信
