002888 惠威科技 日线 不复权
      日期	    开盘	    最高	    最低	    收盘	    成交量	    成交额
2017/07/21	10.76	12.92	10.76	12.92	11156	143487.52
2017/07/24	14.21	14.21	14.21	14.21	5421	77032.41
2017/07/25	15.63	15.63	15.63	15.63	2000	31260.00
2017/07/26	17.19	17.19	17.19	17.19	5445	93599.55
2017/07/27	18.91	18.91	18.91	18.91	18628	352255.47
2017/07/28	20.80	20.80	20.80	20.80	29161	606548.81
2017/07/31	22.88	22.88	22.88	22.88	32384	740945.94
2017/08/01	25.17	25.17	25.17	25.17	67784	1706123.25
2017/08/02	27.69	27.69	27.69	27.69	350762	9712600.00
2017/08/07	27.69	29.24	26.53	27.15	11207650	311030912.00
2017/08/08	26.50	26.68	25.58	26.21	7923922	206616672.00
2017/08/09	25.77	26.33	25.70	25.90	4389610	114139688.00
2017/08/10	25.86	26.32	25.00	25.13	4294934	109956744.00
2017/08/11	24.92	25.51	24.62	24.91	3267188	81657736.00
2017/08/14	24.87	25.20	24.62	25.15	2567291	64119392.00
2017/08/15	25.11	26.89	25.09	26.49	6022734	156000592.00
2017/08/16	26.25	28.08	26.20	26.92	6924133	188866832.00
2017/08/17	26.43	27.30	26.06	26.30	4961476	132249720.00
2017/08/18	26.80	28.93	26.51	28.93	7780516	219598912.00
2017/08/21	29.99	31.82	29.78	31.82	12627696	392725120.00
2017/08/22	31.06	31.58	29.84	30.15	9600970	293945536.00
2017/08/23	30.33	33.17	29.60	33.17	9510498	301493728.00
2017/08/24	34.00	36.40	31.52	32.34	13069032	449272128.00
2017/08/25	31.64	34.98	31.51	34.32	10362960	345113056.00
2017/08/28	34.28	37.75	33.36	37.75	11169963	397460256.00
2017/08/29	37.25	41.30	35.93	36.40	11922877	457559072.00
2017/08/30	35.60	37.00	34.01	34.86	8005510	282200832.00
2017/08/31	34.70	36.50	34.70	35.81	6170886	220153728.00
2017/09/01	35.63	36.55	34.28	34.62	5166660	181322224.00
2017/09/04	33.99	33.99	32.02	32.41	4849951	159346976.00
2017/09/05	32.41	33.49	32.41	33.14	2896152	95829144.00
2017/09/06	32.68	33.13	32.00	32.81	2646301	85785000.00
2017/09/07	33.01	34.37	32.86	33.40	3692834	124586312.00
2017/09/08	32.88	33.20	32.12	33.00	2549772	83411120.00
2017/09/11	33.28	35.50	33.10	35.44	5306329	185064096.00
2017/09/12	35.00	35.25	34.11	34.83	4059624	140503216.00
2017/09/13	34.55	35.80	34.23	35.44	3452870	120949000.00
2017/09/14	35.21	35.64	34.28	34.75	2699662	94231160.00
2017/09/15	34.46	34.74	32.58	32.80	2603803	87604088.00
2017/09/18	32.00	32.47	31.54	31.92	1917072	61242972.00
2017/09/19	31.94	32.37	31.94	32.30	1115283	35912000.00
2017/09/20	32.03	33.27	31.83	32.97	1643212	53695684.00
2017/09/21	32.82	33.58	32.25	32.36	1301749	42759628.00
2017/09/22	32.02	33.05	31.58	32.70	1828075	59382460.00
2017/09/25	32.70	33.50	32.32	32.49	1469513	48421804.00
2017/09/26	32.00	32.29	29.60	30.08	2518356	77332928.00
2017/09/27	30.12	30.37	29.94	30.22	1275700	38469624.00
2017/09/28	30.50	31.10	29.70	30.01	1550088	47108328.00
2017/09/29	30.13	31.10	30.11	30.61	1490351	45517100.00
2017/10/09	31.44	31.44	30.68	30.70	1051659	32507018.00
2017/10/10	30.86	31.97	30.55	31.69	1651794	52007476.00
2017/10/11	31.59	32.50	31.41	31.94	2064974	66220976.00
2017/10/12	31.78	31.78	30.58	31.06	1666721	51870140.00
2017/10/13	31.08	32.16	30.92	31.87	1658281	52550104.00
2017/10/16	31.86	31.87	30.82	30.85	1319952	41210036.00
2017/10/17	30.87	31.97	30.43	31.79	1713736	54038720.00
2017/10/18	31.58	32.56	30.60	30.83	2236151	71227992.00
2017/10/19	29.98	30.60	29.69	29.92	1600690	48208488.00
2017/10/20	29.80	30.48	29.71	30.33	727919	22010472.00
2017/10/23	30.25	32.45	30.25	31.56	1935252	61270504.00
2017/10/24	32.06	32.99	32.00	32.23	3062166	99160256.00
2017/10/25	32.44	35.30	32.19	34.22	4832078	162607568.00
2017/10/26	33.88	35.20	33.57	34.09	3996665	137193584.00
2017/10/27	33.71	34.12	32.80	32.85	2296474	76873224.00
2017/10/30	32.55	32.98	30.28	30.64	2482005	77295848.00
2017/10/31	30.38	31.30	30.38	31.23	1408258	43681216.00
2017/11/01	31.00	34.00	31.00	33.26	2944269	96978088.00
2017/11/02	33.35	35.24	32.76	34.55	4580450	156105184.00
2017/11/03	34.17	34.20	32.60	33.29	2772804	92399616.00
2017/11/06	33.72	35.10	33.30	34.80	3521105	120484880.00
2017/11/07	34.78	34.78	33.50	34.22	2533818	86094384.00
2017/11/08	34.04	34.88	33.60	33.70	3376933	115596744.00
2017/11/09	33.50	34.05	33.29	33.79	1889406	63559448.00
2017/11/10	33.78	35.99	33.66	35.60	5359891	187961696.00
2017/11/13	36.07	36.66	34.88	36.56	4416680	158161792.00
2017/11/14	35.99	36.30	35.10	35.43	3104879	110594440.00
2017/11/15	35.20	35.55	34.39	35.55	2152149	75284440.00
2017/11/16	35.55	35.88	33.07	33.12	2376212	81407120.00
2017/11/17	32.12	32.71	29.82	30.00	2884190	89833800.00
2017/11/20	30.33	30.61	29.05	30.50	1168105	35185332.00
2017/11/21	30.32	30.80	29.13	29.40	1724891	51760100.00
2017/11/22	29.33	30.49	29.21	29.65	1062273	31658208.00
2017/11/23	29.65	29.65	28.06	28.20	1442856	41398416.00
2017/11/24	28.19	28.47	27.70	28.22	767316	21618400.00
2017/11/27	28.18	28.35	27.30	27.44	845110	23428240.00
2017/11/28	27.26	28.29	27.21	28.25	668867	18629052.00
2017/11/29	28.24	28.24	27.40	27.85	814539	22573460.00
2017/11/30	27.61	28.50	27.61	27.85	640228	17926958.00
2017/12/01	27.70	28.40	27.30	28.28	719889	20283076.00
2017/12/04	28.21	28.21	26.10	26.36	1252318	33924412.00
2017/12/05	25.99	26.66	24.68	24.85	1061314	26959070.00
2017/12/06	24.85	25.55	24.65	25.47	718800	18047354.00
2017/12/07	25.42	25.60	25.14	25.47	603217	15336723.00
2017/12/08	25.40	26.34	25.30	26.16	856400	22295172.00
2017/12/11	26.10	26.54	26.10	26.36	615033	16174616.00
2017/12/12	26.36	26.36	25.63	25.88	797021	20625868.00
2017/12/13	25.64	26.75	25.64	26.60	736773	19320792.00
2017/12/14	26.61	26.80	26.31	26.50	814250	21588458.00
2017/12/15	26.50	27.10	26.20	27.01	1190144	31746412.00
2017/12/18	27.00	27.01	26.10	26.75	897528	23754918.00
2017/12/19	26.68	27.01	26.56	26.96	551273	14823679.00
2017/12/20	27.00	27.29	26.40	27.25	626595	16845304.00
2017/12/21	26.96	27.50	26.87	27.37	600174	16352422.00
2017/12/22	27.20	27.40	27.00	27.22	314406	8559218.00
2017/12/25	26.88	27.24	26.11	26.16	576200	15327399.00
2017/12/26	26.27	27.49	26.15	27.28	832589	22435492.00
2017/12/27	27.13	28.38	26.36	26.99	2528645	69615128.00
2017/12/28	26.61	27.42	26.31	26.84	1615708	43262720.00
2017/12/29	26.82	27.21	26.73	27.09	954723	25753304.00
2018/01/02	27.00	27.37	26.91	27.28	818289	22220894.00
2018/01/03	27.21	27.23	26.86	27.15	933361	25272930.00
2018/01/04	27.15	27.23	26.97	27.01	693817	18774296.00
2018/01/05	27.01	27.23	26.84	26.84	574173	15508455.00
2018/01/08	26.80	26.80	26.22	26.64	974684	25731490.00
2018/01/09	26.56	27.23	26.56	27.15	784118	21086662.00
2018/01/10	27.20	27.20	26.28	26.58	676828	18082772.00
2018/01/11	26.35	27.17	26.35	26.95	896529	24152042.00
2018/01/12	26.92	27.36	26.69	27.10	902400	24391178.00
2018/01/15	27.10	27.10	26.01	26.29	1014467	26782544.00
2018/01/16	26.00	26.90	25.86	26.85	840029	22386038.00
2018/01/17	26.74	28.20	26.36	27.48	1693774	46379164.00
2018/01/18	27.40	28.79	27.22	28.48	2056873	57526048.00
2018/01/19	28.36	28.39	27.68	27.69	1306837	36532128.00
2018/01/22	27.68	27.76	26.28	26.96	1255915	33865624.00
2018/01/23	26.80	27.20	26.38	26.99	552222	14872068.00
2018/01/24	27.00	27.30	26.67	27.22	852412	23057984.00
2018/01/25	27.14	27.63	26.78	26.80	958665	26086394.00
2018/01/26	26.70	26.99	26.43	26.57	513762	13724631.00
2018/01/29	26.57	26.85	25.92	25.96	572179	14998824.00
2018/01/30	25.98	26.14	25.79	25.95	363120	9425370.00
2018/01/31	25.83	25.89	24.00	24.85	877776	21967382.00
2018/02/01	24.84	25.03	23.31	23.42	628390	15190028.00
2018/02/02	23.15	23.80	22.58	23.05	473228	10941285.00
2018/02/05	22.75	23.30	22.57	22.77	346600	7925326.00
2018/02/06	22.33	22.49	21.15	21.39	756258	16656779.00
2018/02/07	21.66	22.12	20.70	21.70	578858	12471834.00
2018/02/08	21.69	22.20	21.58	22.10	478953	10550346.00
2018/02/09	21.04	21.88	21.00	21.53	386156	8335498.00
2018/02/12	21.60	22.30	21.60	22.22	319228	7077178.00
2018/02/13	22.49	22.49	22.09	22.14	288900	6421082.00
2018/02/14	21.72	22.26	21.72	21.93	173161	3816767.75
2018/02/22	22.19	22.48	22.18	22.22	167845	3743463.75
2018/02/23	22.03	22.65	22.02	22.53	428200	9557108.00
2018/02/26	22.70	23.56	22.66	23.53	679622	15809613.00
2018/02/27	23.55	23.55	23.11	23.38	374084	8717667.00
2018/02/28	23.11	23.29	22.90	23.07	386037	8898150.00
2018/03/01	22.91	23.50	22.91	23.36	297909	6934426.00
2018/03/02	23.37	23.66	23.18	23.44	430631	10051589.00
2018/03/05	23.23	25.44	23.23	24.28	1358711	33153956.00
2018/03/06	24.03	24.57	23.82	24.16	877450	21222134.00
2018/03/07	24.14	24.27	23.81	23.95	499050	11979612.00
2018/03/08	23.88	24.48	23.87	24.40	838861	20407300.00
2018/03/09	24.39	24.99	24.22	24.85	1203846	29810370.00
2018/03/12	24.88	25.75	24.86	25.19	1140179	28826868.00
2018/03/13	25.02	25.24	24.50	24.70	661028	16442442.00
2018/03/14	24.56	24.97	24.51	24.58	472409	11679118.00
2018/03/15	24.46	24.68	23.10	23.56	988719	23497846.00
2018/03/16	23.56	23.89	23.51	23.75	496588	11783598.00
2018/03/19	23.78	25.88	23.39	25.12	1526643	38093472.00
2018/03/20	24.79	25.12	24.61	25.09	850964	21170150.00
2018/03/21	25.28	26.00	24.81	25.16	1514559	38668832.00
2018/03/22	25.16	25.50	24.87	25.10	956784	24071928.00
2018/03/23	24.65	24.65	22.67	23.09	1158443	27319074.00
2018/03/26	22.66	24.00	22.59	23.95	978733	22717402.00
2018/03/27	24.15	25.98	24.10	25.50	2264924	57132212.00
2018/03/28	25.41	25.48	24.91	25.17	1333472	33554852.00
2018/03/29	25.15	26.40	25.00	25.77	1840341	47220340.00
2018/03/30	28.26	28.35	28.26	28.35	2068570	58600188.00
2018/04/02	30.79	31.19	29.70	31.19	5485574	170137984.00
2018/04/03	30.80	34.31	30.55	34.31	10944881	363696992.00
2018/04/04	37.74	37.74	36.31	37.74	11432212	430311872.00
2018/04/11	38.16	41.51	37.59	41.51	12536300	502600384.00
2018/04/12	40.18	40.78	37.36	37.36	10439347	402815264.00
2018/04/13	36.11	36.30	33.62	33.91	9215670	324025312.00
2018/04/16	34.25	34.95	33.53	34.17	5579428	190837728.00
2018/04/17	34.80	34.83	32.32	32.99	5506669	183694544.00
2018/04/18	32.58	33.60	32.10	33.44	5075628	168097952.00
2018/04/19	33.08	34.08	32.20	32.29	5187234	172279568.00
2018/04/20	31.80	31.80	30.58	30.92	4348945	135510976.00
2018/04/23	30.80	31.71	30.60	31.71	3024131	94429128.00
2018/04/24	31.50	34.00	31.37	33.06	7297473	240202288.00
2018/04/25	32.67	35.55	32.30	34.11	7843820	264926544.00
2018/04/26	33.03	33.77	32.10	32.22	4629497	152536880.00
2018/04/27	32.36	32.48	30.52	30.85	3629660	114572064.00
2018/05/02	31.39	31.80	30.80	31.67	2638360	82611576.00
2018/05/03	32.55	34.84	32.35	34.84	5727495	191624304.00
2018/05/04	35.90	36.30	33.40	33.40	7569684	263113680.00
2018/05/07	33.58	35.97	33.58	34.80	6645659	232680656.00
2018/05/08	34.03	38.28	34.03	36.90	8357786	302486464.00
2018/05/09	35.88	37.70	35.36	37.20	6404320	232513712.00
2018/05/10	36.30	40.92	36.30	40.92	10509693	418118432.00
2018/05/11	27.39	27.69	24.44	26.50	15050549	391188672.00
2018/05/14	25.02	26.70	24.08	25.56	10802981	275411776.00
2018/05/15	25.76	28.12	25.74	28.12	13030918	358558080.00
2018/05/16	28.90	30.93	28.28	30.93	11125664	334854368.00
2018/05/17	32.00	32.18	27.87	27.87	17650785	507953472.00
2018/05/18	26.90	27.63	26.53	26.81	9282846	249758416.00
2018/05/21	27.05	27.97	26.00	27.49	10192263	276383008.00
2018/05/22	26.93	27.77	26.49	27.58	8574250	232475952.00
2018/05/23	27.00	27.75	26.80	26.95	7760413	211070496.00
2018/05/24	26.70	26.98	25.95	25.95	5594034	147222784.00
2018/05/25	26.06	26.35	25.00	25.19	4811250	123372032.00
2018/05/28	25.16	25.72	24.28	24.60	4346600	109442576.00
2018/05/29	24.72	24.94	24.18	24.22	3419311	83923560.00
2018/05/30	23.47	23.47	21.82	22.10	4889461	110061560.00
2018/05/31	22.56	22.68	21.90	22.53	3484796	78067440.00
2018/06/01	22.43	24.49	22.43	23.06	5691833	133053288.00
2018/06/04	23.50	23.68	22.00	22.64	3050634	69399784.00
2018/06/05	22.32	24.48	22.32	23.89	5628799	132970504.00
2018/06/06	23.93	26.28	23.34	26.28	9270646	231715168.00
2018/06/07	26.00	26.20	24.90	25.40	8945742	228253504.00
2018/06/08	25.16	25.16	24.12	24.72	4615076	113810024.00
2018/06/11	24.72	26.00	24.30	24.57	4713384	118801512.00
2018/06/12	24.21	25.27	23.12	24.98	5019880	121123464.00
2018/06/13	24.68	24.68	23.08	23.19	3783997	90474416.00
2018/06/14	23.20	23.88	23.20	23.46	2675084	63000644.00
2018/06/15	23.29	23.89	22.11	22.19	3138000	71068304.00
2018/06/19	21.03	21.37	19.97	19.97	2859400	58136820.00
2018/06/20	19.06	20.50	18.53	19.65	3553614	69698344.00
2018/06/21	19.65	20.77	19.18	19.69	3536677	70940144.00
2018/06/22	18.95	20.12	18.43	19.90	2557977	50189444.00
2018/06/25	20.50	20.50	19.48	19.58	2461077	49272748.00
2018/06/26	19.00	20.26	18.81	20.20	3000557	59583864.00
2018/06/27	20.49	20.70	20.01	20.30	3126840	63558876.00
2018/06/28	20.01	20.60	19.80	20.10	2920548	59290884.00
2018/06/29	19.95	21.00	19.20	20.74	4309690	87586032.00
2018/07/02	20.61	21.30	19.83	20.19	3076492	63373464.00
2018/07/03	20.16	21.26	19.77	20.94	3226640	66218456.00
2018/07/04	20.92	20.92	19.48	19.86	3055592	61464876.00
2018/07/05	19.80	19.98	18.20	18.20	2375100	45288572.00
2018/07/06	18.28	19.05	17.98	18.49	2280150	42415660.00
2018/07/09	18.77	19.44	18.75	19.32	2224240	42561592.00
2018/07/10	19.60	20.77	19.55	20.25	3307704	66604584.00
2018/07/11	19.97	19.99	18.90	19.48	2594712	50545348.00
2018/07/12	19.55	21.20	19.55	20.66	4511495	92589896.00
2018/07/13	20.31	20.56	20.16	20.29	2840291	57685320.00
2018/07/16	20.00	20.40	19.70	20.32	1954533	39182528.00
2018/07/17	20.01	20.33	19.85	20.25	1972933	39505048.00
2018/07/18	20.05	20.35	19.70	19.78	1842017	36834616.00
2018/07/19	19.79	19.85	18.93	19.03	1784250	34359568.00
2018/07/20	18.78	20.93	18.78	20.93	5352374	110452576.00
2018/07/23	20.94	22.50	20.50	21.30	10089858	215864832.00
2018/07/24	21.02	21.29	20.38	21.07	5532141	115496864.00
2018/07/25	20.80	21.17	20.50	20.71	3819992	79416104.00
2018/07/26	20.52	20.66	19.97	20.15	2930925	59266848.00
2018/07/27	20.01	20.20	19.51	19.83	1996091	39477752.00
2018/07/30	20.00	20.04	18.98	19.29	1886825	36581780.00
2018/07/31	19.16	19.70	19.16	19.59	1273033	24777028.00
2018/08/01	19.59	19.89	18.80	18.90	1732891	33504914.00
2018/08/02	18.91	18.91	17.05	17.70	2434100	43385952.00
2018/08/03	17.70	17.91	17.05	17.09	1284350	22289864.00
2018/08/06	17.10	18.80	16.30	18.80	3736699	67481096.00
2018/08/07	18.13	19.70	18.13	19.10	5708066	108053976.00
2018/08/08	18.97	21.01	18.38	21.01	10025036	199803472.00
2018/08/09	21.01	23.00	20.51	21.23	12637628	269873824.00
2018/08/10	20.72	20.92	20.20	20.31	7568637	155046880.00
2018/08/13	19.62	20.24	19.50	20.02	4490492	89218056.00
2018/08/14	19.79	20.34	19.68	19.68	3436050	68353776.00
2018/08/15	19.70	19.89	18.30	18.69	4236342	80682008.00
2018/08/16	18.20	19.27	18.08	18.54	3637442	68658504.00
2018/08/17	18.80	18.99	17.62	17.78	3297642	60338704.00
2018/08/20	17.74	18.59	17.55	18.49	3238517	58735188.00
2018/08/21	18.34	18.76	18.01	18.53	2882299	53063048.00
2018/08/22	18.28	18.51	18.08	18.18	1774578	32480810.00
2018/08/23	18.25	20.00	18.20	20.00	4686574	91011176.00
2018/08/24	20.10	20.49	19.55	19.78	7655224	153262928.00
2018/08/27	19.64	20.82	19.50	20.28	6156132	123439440.00
2018/08/28	20.01	20.16	19.71	19.95	3707289	73844776.00
2018/08/29	19.90	20.05	19.56	19.94	2655692	52618368.00
2018/08/30	19.82	19.94	18.90	19.20	2788199	54004864.00
2018/08/31	19.24	19.47	18.52	18.70	1895241	36048408.00
2018/09/03	18.97	19.03	18.24	18.93	2061591	38594624.00
2018/09/04	18.88	20.70	18.55	19.73	4007232	79535024.00
2018/09/05	19.43	20.50	19.43	19.88	4447507	88636776.00
2018/09/06	19.84	20.55	19.65	20.18	4671441	94075256.00
2018/09/07	19.90	20.42	19.30	19.45	3719183	73889704.00
2018/09/10	19.67	20.70	19.51	20.02	4262008	85712696.00
2018/09/11	19.31	21.05	18.28	20.46	5607092	112071176.00
2018/09/12	20.88	20.88	19.89	19.99	3750436	76070856.00
2018/09/13	20.19	20.50	19.85	20.50	4158585	84236136.00
2018/09/14	20.29	20.53	19.68	19.79	3411528	68414200.00
2018/09/17	19.79	19.81	18.81	18.98	2545720	48723328.00
2018/09/18	18.80	19.28	18.65	19.28	1789975	34166400.00
2018/09/19	19.27	19.75	19.07	19.41	2307333	45082600.00
2018/09/20	19.31	19.51	18.88	19.21	2222150	42485036.00
2018/09/21	19.24	19.48	18.93	19.23	1916250	36801148.00
2018/09/25	19.03	20.23	18.92	19.96	4090071	81049560.00
2018/09/26	19.95	20.10	19.70	19.98	2790400	55548372.00
2018/09/27	19.94	20.15	18.98	19.10	2760340	54204676.00
2018/09/28	19.18	19.49	19.06	19.22	1629150	31323836.00
2018/10/08	18.89	18.90	17.80	17.91	2455692	45053196.00
2018/10/09	17.99	18.30	17.95	18.08	1250517	22661028.00
2018/10/10	18.14	18.46	18.10	18.35	1476200	27030876.00
2018/10/11	17.42	17.70	16.52	16.60	2743720	46520692.00
2018/10/12	16.44	17.98	16.37	17.16	2595078	44230572.00
2018/10/15	17.02	17.58	16.98	17.04	2200763	38040032.00
2018/10/16	16.76	17.40	16.68	17.10	1595791	27194114.00
2018/10/17	17.31	17.49	16.66	17.30	1777734	30537138.00
2018/10/18	17.19	17.19	16.40	16.41	1707440	28484352.00
2018/10/19	16.06	18.05	15.82	18.05	3391679	58527908.00
2018/10/22	18.05	19.01	17.80	18.66	5605488	103383888.00
2018/10/23	18.10	18.41	17.88	17.98	3366210	61068892.00
2018/10/24	17.82	17.90	17.40	17.55	2201400	38869816.00
2018/10/25	17.00	17.37	16.40	17.25	1896292	32066288.00
2018/10/26	17.30	17.60	16.86	17.08	1551950	26740560.00
2018/10/29	17.06	17.50	16.80	17.08	1237650	21301154.00
2018/10/30	16.99	18.76	16.58	18.10	5297531	95997232.00
2018/10/31	17.65	18.03	17.61	17.84	4059781	72167744.00
2018/11/01	17.80	18.17	17.72	18.00	2725722	48897272.00
2018/11/02	18.19	18.27	17.95	18.14	2894681	52450476.00
2018/11/05	18.14	18.35	17.82	17.98	2118100	38293804.00
2018/11/06	17.80	19.78	17.68	19.78	10287584	197995136.00
2018/11/07	19.72	21.76	19.53	21.76	12685467	259749984.00
2018/11/08	21.76	23.50	21.22	21.65	16211093	356989568.00
2018/11/09	21.25	22.88	20.61	21.95	11790725	255162960.00
2018/11/12	22.38	22.99	21.75	22.30	12964704	290584384.00
2018/11/13	21.99	22.76	20.20	22.65	11940531	263522560.00
2018/11/14	22.46	23.30	21.75	22.35	10681814	240404064.00
2018/11/15	22.11	24.20	21.95	24.00	14441558	335811424.00
2018/11/16	24.30	24.30	22.90	22.96	11960025	279283168.00
2018/11/19	22.95	23.96	22.60	23.64	10961297	256492560.00
2018/11/20	23.64	23.64	21.86	21.90	9610042	217641840.00
2018/11/21	21.84	22.37	21.34	21.73	6147542	134650128.00
2018/11/22	21.73	22.10	21.36	21.55	5172350	112599544.00
2018/11/23	21.60	23.71	21.01	23.71	11727730	263901616.00
2018/11/26	24.00	24.26	22.47	23.70	12031295	279839040.00
2018/11/27	23.30	23.30	21.78	22.05	8048854	181031424.00
2018/11/28	21.61	22.36	21.21	21.84	5500630	120002944.00
2018/11/29	21.38	23.22	21.36	22.47	8714650	195338464.00
2018/11/30	22.16	22.80	21.52	21.70	6002577	132969216.00
2018/12/03	21.90	22.30	21.21	22.20	6991072	153035360.00
2018/12/04	22.08	22.21	21.60	21.70	4044552	88291192.00
2018/12/05	21.22	21.67	21.01	21.21	3339358	71268448.00
2018/12/06	21.20	21.58	20.00	20.13	3780192	78576160.00
2018/12/07	20.18	20.38	19.90	20.10	2616292	52734972.00
2018/12/10	19.84	20.75	19.69	20.38	2565042	51912152.00
2018/12/11	20.12	20.65	20.12	20.51	1785300	36515564.00
2018/12/12	20.51	20.63	20.26	20.36	1333150	27233672.00
2018/12/13	20.39	20.65	20.25	20.48	1995485	40836124.00
2018/12/14	20.58	20.61	19.00	19.05	3244185	63811896.00
2018/12/17	19.04	19.38	18.67	19.06	1665158	31590930.00
2018/12/18	18.90	19.24	18.56	18.81	1773900	33489490.00
2018/12/19	18.83	19.10	18.65	18.74	1591672	30038276.00
2018/12/20	18.76	19.00	18.60	18.92	1413245	26577902.00
2018/12/21	18.70	18.97	18.30	18.54	1652367	30837642.00
2018/12/24	18.57	19.45	18.56	19.28	2759022	52882004.00
2018/12/25	19.00	19.33	18.32	19.11	2422249	45593088.00
2018/12/26	18.90	19.60	18.85	19.30	2108000	40605360.00
2018/12/27	19.52	19.68	18.70	18.73	1891350	36378960.00
2018/12/28	18.74	18.99	18.50	18.58	1231785	23073352.00
2019/01/02	18.73	18.93	18.61	18.75	882850	16584856.00
2019/01/03	18.93	18.97	17.99	18.01	1689145	30958970.00
2019/01/04	17.83	18.88	17.80	18.66	1775795	32681808.00
2019/01/07	18.82	19.06	18.71	18.98	1666100	31545192.00
2019/01/08	18.88	19.30	18.82	19.02	1777400	33876720.00
2019/01/09	19.01	19.85	18.81	19.23	3325777	64822188.00
2019/01/10	19.24	19.78	18.85	19.35	2737027	52722924.00
2019/01/11	19.10	19.55	18.93	19.34	2316427	44519984.00
2019/01/14	19.38	19.47	19.00	19.10	1294027	24848004.00
2019/01/15	19.10	19.26	19.00	19.17	1212900	23255530.00
2019/01/16	19.11	19.38	18.90	18.96	1299750	24909512.00
2019/01/17	18.98	19.05	18.04	18.19	2922150	53679908.00
2019/01/18	18.18	18.43	18.11	18.20	1183800	21580608.00
2019/01/21	18.20	18.50	18.20	18.28	1100150	20195018.00
2019/01/22	18.23	18.40	18.12	18.19	952642	17377654.00
2019/01/23	18.07	18.18	17.90	17.92	1103750	19854812.00
2019/01/24	17.98	18.38	17.98	18.21	1219900	22201600.00
2019/01/25	18.22	18.29	17.81	17.89	1132000	20433490.00
2019/01/28	17.89	18.16	17.52	17.57	1038100	18455340.00
2019/01/29	17.67	17.67	16.00	16.84	1475192	24852664.00
2019/01/30	17.11	17.45	16.84	16.84	1855741	31903020.00
2019/01/31	16.70	17.00	16.06	16.12	1722500	28254274.00
2019/02/01	16.31	16.78	16.20	16.74	1190500	19714304.00
2019/02/11	16.77	17.23	16.77	17.22	1333242	22788998.00
2019/02/12	17.24	17.55	17.11	17.38	1754242	30375754.00
2019/02/13	17.39	17.85	17.28	17.83	2076109	36752576.00
2019/02/14	17.71	17.82	17.49	17.80	1525093	26969454.00
2019/02/15	17.71	17.76	17.55	17.60	1688733	29788036.00
2019/02/18	17.65	18.19	17.65	18.14	2380900	42959416.00
2019/02/19	18.75	18.89	18.03	18.37	4023541	74481432.00
2019/02/20	18.22	18.39	18.01	18.26	1984375	36063940.00
2019/02/21	18.28	18.55	18.15	18.22	2338968	42969444.00
2019/02/22	18.10	18.38	18.02	18.35	2389484	43523488.00
2019/02/25	18.47	19.10	18.32	19.02	4747284	89162968.00
2019/02/26	19.08	19.08	18.55	18.73	4315200	81168960.00
2019/02/27	18.69	18.95	18.41	18.55	3228392	60354504.00
2019/02/28	18.54	19.83	18.52	19.21	5139706	98469984.00
2019/03/01	19.10	19.25	18.67	18.90	3020722	57143880.00
2019/03/04	19.02	19.82	18.96	19.11	5419497	104221824.00
2019/03/05	19.09	19.36	18.95	19.36	4435155	85106016.00
2019/03/06	19.45	21.22	19.32	20.47	9514290	189887888.00
2019/03/07	20.02	20.65	20.00	20.53	6913600	140289552.00
2019/03/08	19.95	20.37	19.09	19.10	4976992	98739120.00
2019/03/11	19.22	20.28	19.22	20.08	4650500	92047880.00
2019/03/12	20.19	20.45	19.87	20.16	4444584	89685504.00
2019/03/13	20.19	21.20	19.75	20.27	6146692	124647528.00
2019/03/14	20.10	20.49	19.20	19.55	3805719	75149872.00
2019/03/15	19.63	19.92	19.39	19.72	2441184	48096140.00
2019/03/18	19.73	20.25	19.51	20.07	3198234	63911072.00
2019/03/19	20.07	20.98	19.90	20.49	5944691	121349440.00
2019/03/20	20.38	21.09	19.70	20.64	5936226	120514384.00
2019/03/21	20.60	22.17	20.45	21.27	10106388	214067312.00
2019/03/22	20.99	21.14	20.00	20.75	4497068	93653072.00
2019/03/25	20.13	22.83	20.12	22.83	11703300	258747360.00
2019/03/26	22.70	23.80	22.31	22.74	12792882	293338592.00
2019/03/27	22.74	25.01	22.55	25.01	18721467	453003616.00
2019/03/28	24.56	26.46	24.41	25.25	19861544	503328448.00
2019/03/29	25.47	26.17	24.75	25.12	17299377	439117888.00
2019/04/01	24.81	27.63	24.61	27.63	20864321	542814144.00
2019/04/02	26.55	26.99	25.23	25.50	19567529	514355616.00
2019/04/03	24.25	26.30	23.95	25.68	13949766	351980992.00
2019/04/04	25.80	25.80	24.54	24.65	10736891	270495072.00
2019/04/08	24.58	26.20	24.54	25.39	13466589	343483552.00
2019/04/09	25.40	26.80	25.00	26.05	14991143	385646656.00
2019/04/10	25.99	27.50	25.40	26.38	15420564	407818784.00
2019/04/11	26.38	26.38	23.80	23.91	9229866	227338256.00
2019/04/12	23.79	24.42	23.42	23.97	4738636	113552640.00
2019/04/15	24.18	26.03	23.93	25.23	6188517	152081808.00
2019/04/16	24.75	26.36	24.39	25.71	10317639	262747728.00
2019/04/17	25.60	26.00	24.80	24.88	8863699	225549936.00
2019/04/18	24.59	25.02	23.80	24.24	7432218	181913248.00
2019/04/19	23.94	24.50	23.94	24.03	3305450	79836408.00
2019/04/22	24.05	24.91	23.90	24.17	5148629	125870168.00
2019/04/23	24.40	24.63	21.80	22.90	7380201	172795728.00
2019/04/24	22.30	23.45	22.30	23.19	4909135	113175592.00
2019/04/25	23.30	23.32	21.91	21.91	5280979	120468560.00
2019/04/26	22.00	22.35	21.01	21.31	3872989	83521272.00
2019/04/29	21.31	21.68	20.01	20.71	4343461	90930864.00
2019/04/30	20.71	20.80	19.55	19.84	3933134	78617320.00
2019/05/06	19.16	19.16	17.86	17.86	3114337	56952044.00
2019/05/07	17.69	18.06	16.95	17.80	3378517	59741380.00
2019/05/08	17.40	18.40	17.22	18.03	3221801	58035280.00
2019/05/09	18.16	18.30	17.85	17.99	3145905	56942888.00
2019/05/10	18.05	18.46	17.70	18.39	4280075	78116240.00
2019/05/13	18.49	18.79	18.15	18.58	3224920	59801364.00
2019/05/14	18.20	18.56	18.10	18.30	2410041	44303748.00
2019/05/15	18.36	19.73	18.30	19.01	4325937	81949224.00
2019/05/16	18.90	18.95	18.61	18.83	3191081	59949116.00
2019/05/17	18.48	18.58	17.51	17.54	2906551	52568948.00
2019/05/20	17.24	18.15	17.24	18.12	2748085	49129464.00
2019/05/21	18.10	18.49	17.82	18.22	2251207	41066448.00
2019/05/22	18.09	19.00	18.09	18.35	2807000	52000688.00
2019/05/23	18.03	18.85	17.71	18.43	3655523	66777176.00
2019/05/24	18.06	18.68	17.82	18.64	3862969	70546344.00
2019/05/27	18.64	20.36	18.46	19.97	6636107	128954512.00
2019/05/28	19.75	19.78	19.47	19.62	5101019	100016248.00
2019/05/29	19.50	19.72	19.34	19.45	2305043	44957220.00
2019/05/30	19.46	19.49	18.80	18.90	2534149	48060752.00
2019/05/31	18.84	19.26	18.78	18.82	1841600	34989752.00
2019/06/03	18.80	19.24	18.61	18.90	2031092	38368060.00
2019/06/04	18.90	18.98	18.00	18.29	2025648	37512172.00
2019/06/05	18.30	18.79	18.30	18.58	1747236	32459496.00
2019/06/06	18.58	18.70	17.52	17.85	2279362	40816012.00
2019/06/10	17.98	18.35	17.77	18.10	1315103	23765962.00
2019/06/11	18.14	18.69	18.01	18.64	2387968	44087420.00
2019/06/12	18.58	18.93	18.57	18.66	1881638	35232136.00
2019/06/13	18.68	19.92	18.51	19.52	5222844	101011744.00
2019/06/14	19.50	20.46	19.15	20.02	6242732	123708560.00
2019/06/17	20.03	20.84	19.83	20.11	5113118	103985104.00
2019/06/18	20.05	20.60	19.98	20.20	2889128	58488288.00
2019/06/19	20.40	21.61	20.22	20.86	5799653	121562184.00
2019/06/20	20.80	22.38	20.51	21.75	7661156	163956512.00
2019/06/21	21.41	23.93	21.41	23.70	9490004	217175424.00
2019/06/24	23.32	23.50	22.61	23.19	6750797	155818096.00
2019/06/25	23.35	23.59	22.74	23.28	9196202	214088640.00
2019/06/26	22.90	23.80	22.80	23.32	9547480	223347136.00
2019/06/27	23.28	24.00	23.03	23.48	9879531	232549408.00
2019/06/28	23.48	23.80	22.35	23.25	9497138	221068576.00
2019/07/01	23.40	23.60	22.71	23.20	7913018	182789472.00
2019/07/02	22.94	23.29	21.80	22.55	9346419	210419664.00
2019/07/03	22.25	22.40	21.75	22.02	5529118	121911816.00
2019/07/04	22.18	22.65	21.90	22.00	5403963	120213336.00
2019/07/05	22.23	22.40	21.54	22.06	7413835	163173904.00
2019/07/08	22.06	22.40	21.70	22.39	8270468	182167968.00
2019/07/09	22.28	23.17	22.11	23.08	9871018	223293808.00
2019/07/10	23.23	23.28	20.79	21.20	8802468	193253248.00
2019/07/11	21.15	21.50	19.33	19.93	7982677	162501008.00
2019/07/12	19.36	19.97	19.33	19.49	4383850	85714832.00
2019/07/15	19.68	19.88	18.92	19.78	5388718	105285448.00
2019/07/16	19.84	20.09	19.35	19.49	4069310	79883928.00
2019/07/17	19.73	19.76	19.01	19.02	3534600	67805480.00
2019/07/18	18.88	18.97	18.18	18.34	3307585	60947136.00
2019/07/19	18.35	18.80	18.24	18.50	2441818	45353600.00
2019/07/22	18.50	18.57	17.80	17.93	2136018	38545800.00
2019/07/23	17.96	18.38	17.80	18.38	1936232	35185844.00
2019/07/24	18.30	18.73	18.21	18.63	2626285	48791676.00
2019/07/25	18.71	18.94	18.51	18.89	2475142	46433140.00
2019/07/26	18.81	18.93	18.33	18.58	1911300	35540712.00
2019/07/29	18.46	19.12	18.46	19.09	2638850	49892764.00
2019/07/30	19.21	19.22	18.93	18.99	1941750	36922940.00
2019/07/31	19.07	19.25	18.88	19.19	1829442	34921180.00
2019/08/01	19.10	19.10	18.63	18.88	1945700	36634136.00
2019/08/02	18.39	18.86	18.16	18.80	1923750	35750524.00
2019/08/05	18.60	19.05	18.50	18.51	1766000	33224448.00
2019/08/06	18.15	18.32	17.17	18.04	2869534	51340472.00
2019/08/07	18.36	18.78	18.07	18.32	1937700	35824916.00
2019/08/08	18.35	18.62	18.12	18.20	1847655	33830588.00
2019/08/09	18.08	18.42	17.67	17.76	1921400	34602056.00
2019/08/12	17.48	18.35	17.47	18.30	1828692	33074218.00
2019/08/13	18.32	18.66	18.13	18.53	2101121	38776192.00
2019/08/14	18.68	19.00	18.64	18.75	2215745	41665512.00
2019/08/15	18.33	19.15	17.89	18.96	2479250	45685616.00
2019/08/16	18.90	19.19	18.63	18.71	3261395	61469964.00
2019/08/19	18.76	19.31	18.76	19.19	3425575	65471688.00
2019/08/20	19.19	19.45	19.00	19.06	3004850	57687872.00
2019/08/21	19.00	19.14	18.70	18.85	2269245	42972548.00
2019/08/22	19.00	19.17	18.81	18.93	1951550	37065256.00
2019/08/23	19.10	19.10	18.50	18.66	1838525	34591416.00
2019/08/26	18.20	18.99	18.08	18.76	2113661	39682480.00
2019/08/27	19.03	19.35	18.89	19.24	2674736	51227368.00
2019/08/28	19.17	19.17	18.75	18.81	1765077	33326258.00
2019/08/29	18.81	18.94	18.58	18.75	1499400	28057894.00
2019/08/30	18.72	18.90	18.15	18.31	1805450	33442212.00
2019/09/02	18.22	18.87	18.22	18.84	1720627	32101638.00
2019/09/03	18.84	19.08	18.74	18.94	1577829	29795114.00
2019/09/04	19.10	19.10	18.85	18.94	1712065	32502478.00
2019/09/05	19.10	19.64	19.00	19.22	3261229	63095536.00
2019/09/06	19.32	19.68	19.16	19.47	2660529	51698344.00
2019/09/09	19.96	19.96	19.55	19.88	3371645	66547584.00
2019/09/10	19.88	19.97	19.44	19.69	2708039	53287408.00
2019/09/11	19.71	20.64	19.67	20.18	5128011	103782376.00
2019/09/12	20.02	20.30	19.85	20.24	3219836	64661508.00
2019/09/16	20.29	20.38	19.90	19.93	2664450	53458524.00
2019/09/17	19.90	19.94	19.27	19.61	3248350	63894144.00
2019/09/18	19.66	19.98	19.55	19.70	1833600	36213504.00
2019/09/19	19.70	20.44	19.70	20.23	4392250	88512136.00
2019/09/20	20.64	20.64	19.71	19.81	3501006	70058808.00
2019/09/23	19.52	19.88	19.41	19.87	1755556	34454396.00
2019/09/24	19.79	20.15	19.71	19.71	1696356	33818876.00
2019/09/25	19.91	19.91	18.97	19.07	2171150	41960736.00
2019/09/26	19.21	19.36	18.32	18.46	1911077	35842572.00
2019/09/27	18.10	18.76	18.10	18.39	1561850	28899796.00
2019/09/30	18.60	18.60	18.07	18.11	1343092	24515646.00
2019/10/08	18.01	18.37	17.99	18.09	1204866	21865848.00
2019/10/09	18.02	18.27	17.82	18.27	1136096	20572334.00
2019/10/10	18.28	18.48	18.23	18.46	1035000	19036786.00
2019/10/11	18.46	18.57	18.28	18.46	1063900	19610190.00
2019/10/14	18.54	18.85	18.40	18.63	1787250	33311936.00
2019/10/15	18.76	20.49	18.33	19.50	6014348	118017280.00
2019/10/16	19.08	19.28	18.71	18.71	4052998	76739504.00
2019/10/17	18.50	18.70	18.28	18.38	2035198	37522356.00
2019/10/18	18.28	18.48	18.07	18.12	1253506	22934608.00
2019/10/21	18.12	18.20	17.80	18.11	1086342	19513346.00
2019/10/22	18.02	18.53	18.02	18.32	1121249	20555396.00
2019/10/23	18.33	18.45	18.16	18.18	1089850	19928452.00
2019/10/24	18.15	18.34	18.00	18.15	956500	17395200.00
2019/10/25	18.35	18.35	18.05	18.20	856350	15574092.00
2019/10/28	18.28	18.65	18.11	18.56	1598750	29569640.00
2019/10/29	18.46	18.66	18.25	18.30	1586003	29308282.00
2019/10/30	18.16	19.30	17.90	18.53	2758221	51220924.00
2019/10/31	18.35	18.50	17.97	18.03	1846750	33590944.00
2019/11/01	17.95	18.74	17.72	18.48	2566992	46722964.00
2019/11/04	18.48	19.82	18.38	19.19	5715192	109374392.00
2019/11/05	19.20	20.70	19.20	19.51	7021942	139434528.00
2019/11/06	19.38	21.46	19.38	21.46	9121007	188667584.00
2019/11/07	21.70	22.96	21.35	21.55	14525645	321751712.00
2019/11/08	21.01	22.49	21.01	21.81	12546188	274056480.00
2019/11/11	23.99	23.99	23.99	23.99	4045624	97054520.00
2019/11/12	23.99	26.39	22.80	25.90	22524161	556573056.00
2019/11/13	24.56	25.28	23.37	24.77	18142718	441695104.00
2019/11/14	23.84	26.77	23.40	25.51	18086160	448983328.00
2019/11/15	24.00	24.55	22.96	22.96	13725303	323124448.00
2019/11/18	22.50	22.97	21.80	22.32	8282372	184573120.00
2019/11/19	22.20	22.65	22.07	22.46	7182105	160498192.00
2019/11/20	22.60	22.90	21.90	22.02	9989784	223689152.00
2019/11/21	21.72	21.78	20.81	21.33	8189976	173841296.00
2019/11/22	21.60	21.69	19.93	20.36	7535421	156094160.00
2019/11/25	20.64	21.25	20.40	20.94	8450342	175673984.00
2019/11/26	20.71	22.33	20.70	21.84	10981056	237507136.00
2019/11/27	21.37	22.75	21.12	21.99	10392919	228795536.00
2019/11/28	22.15	23.48	22.15	22.52	10520356	238375904.00
2019/11/29	22.00	22.30	21.30	21.62	7776850	169294080.00
2019/12/02	21.69	23.77	21.69	22.95	11927337	271585120.00
2019/12/03	22.49	22.84	22.15	22.71	7424540	167021424.00
2019/12/04	22.18	23.69	21.84	23.49	12571989	288509248.00
2019/12/05	23.23	24.64	23.09	24.12	13617129	327279744.00
2019/12/06	23.80	25.28	23.65	24.53	12765412	312556192.00
2019/12/09	24.55	25.32	23.74	23.83	11098872	270183424.00
2019/12/10	23.53	26.21	23.33	26.21	7417074	190073216.00
2019/12/11	28.83	28.83	25.60	25.76	21528396	593430144.00
2019/12/12	25.00	26.78	24.49	26.04	14784809	375468704.00
2019/12/13	25.73	25.73	24.53	25.11	10600447	266485472.00
2019/12/16	24.96	26.08	24.70	25.79	10756397	273090592.00
2019/12/17	25.64	26.22	25.10	25.55	11322020	289404736.00
2019/12/18	25.40	26.14	25.03	25.53	12453708	319939328.00
2019/12/19	24.97	24.97	24.00	24.24	8770565	214211552.00
2019/12/20	24.28	24.50	23.27	23.33	6129672	146810096.00
2019/12/23	23.33	23.36	22.00	22.36	4372400	99015384.00
2019/12/24	22.60	22.70	22.23	22.60	3823542	86021640.00
2019/12/25	22.66	22.98	22.50	22.89	4117300	93623208.00
2019/12/26	22.79	22.89	22.40	22.73	3637800	82231776.00
2019/12/27	22.75	23.25	22.59	22.59	4395400	100714608.00
2019/12/30	22.16	22.16	20.60	21.53	3968249	84895544.00
2019/12/31	21.52	21.85	21.45	21.74	2481800	53847016.00
2020/01/02	22.02	22.73	21.90	22.51	3892241	87037424.00
2020/01/03	22.65	22.94	22.52	22.56	3842256	87223736.00
2020/01/06	22.01	23.36	22.00	23.00	4642257	105675056.00
2020/01/07	22.85	23.10	22.67	23.03	3341100	76471560.00
2020/01/08	23.01	23.01	22.23	22.38	3009926	67987800.00
2020/01/09	22.78	22.92	22.49	22.82	3058900	69689872.00
2020/01/10	22.87	23.01	22.55	22.60	2268657	51526764.00
2020/01/13	22.55	23.27	22.50	23.20	3405772	78118104.00
2020/01/14	23.33	23.44	22.73	22.79	2845350	65302968.00
2020/01/15	22.78	23.00	22.15	22.94	2911742	65798392.00
2020/01/16	22.98	24.15	22.60	23.99	7385872	173100416.00
2020/01/17	23.80	23.89	22.58	23.00	5602750	131375448.00
2020/01/20	22.20	22.64	21.50	22.20	3143745	69624424.00
2020/01/21	22.20	22.41	21.38	21.44	2897600	63114348.00
2020/01/22	21.39	21.43	20.51	21.20	2198589	46340788.00
2020/01/23	21.20	21.37	19.53	20.20	2529979	51960384.00
2020/02/03	18.18	18.18	18.18	18.18	304800	5541264.00
2020/02/04	16.36	18.47	16.36	17.93	3578872	62620588.00
2020/02/05	18.06	18.90	18.03	18.59	2992776	55650212.00
2020/02/06	18.60	19.17	18.40	18.94	2810054	52919984.00
2020/02/07	18.73	19.88	18.67	19.45	3561489	68497128.00
2020/02/10	19.26	19.60	19.01	19.54	2080200	40410828.00
2020/02/11	19.54	20.50	19.23	20.01	4084939	81435312.00
2020/02/12	19.80	20.13	19.66	19.98	2723142	54214416.00
2020/02/13	19.80	20.11	19.54	19.59	2413110	47695628.00
2020/02/14	19.73	20.01	19.41	19.57	1847950	36419084.00
2020/02/17	19.55	20.26	19.49	20.18	3017150	60624528.00
2020/02/18	20.13	20.94	20.13	20.79	3431300	70618280.00
2020/02/19	20.66	21.14	20.62	20.68	3111850	64910652.00
2020/02/20	20.60	22.00	20.50	21.78	5621187	120615888.00
2020/02/21	21.54	22.60	21.33	22.39	6107576	135598224.00
2020/02/24	22.28	23.02	21.88	22.99	5815592	130767648.00
2020/02/25	22.35	22.58	21.03	22.16	5642322	124176024.00
2020/02/26	21.81	22.08	21.07	21.16	3639006	78455728.00
2020/02/27	21.45	21.66	20.78	21.04	2464650	52119348.00
2020/02/28	20.05	21.28	19.66	19.75	3571180	72967104.00
2020/03/02	19.87	20.82	19.87	20.62	2562250	52125584.00
2020/03/03	20.90	21.46	20.62	20.83	2569780	54025476.00
2020/03/04	20.73	21.09	20.33	20.83	2050800	42415748.00
2020/03/05	21.06	21.20	20.69	21.04	2503750	52480616.00
2020/03/06	20.72	21.40	20.72	21.13	2618930	55326148.00
2020/03/09	20.98	20.98	19.98	19.99	2538000	51880352.00
2020/03/10	19.78	20.74	19.50	20.63	2818168	56889696.00
2020/03/11	20.80	21.29	20.02	20.25	2475750	51444616.00
2020/03/12	19.80	20.35	19.40	19.71	2181280	43263216.00
2020/03/13	18.28	19.45	18.28	19.20	2285400	43228204.00
2020/03/16	19.43	19.57	18.30	18.40	1966248	37312908.00
2020/03/17	18.92	18.92	17.21	18.06	2110748	37974900.00
2020/03/18	18.17	18.59	17.65	17.67	1848327	33616264.00
2020/03/19	17.73	18.08	17.41	18.01	1737527	30952178.00
2020/03/20	18.20	18.69	18.10	18.59	1857603	34076320.00
2020/03/23	18.30	18.37	17.72	17.96	1392350	25195712.00
2020/03/24	18.26	18.38	17.80	18.30	1394726	25320136.00
2020/03/25	18.79	18.79	18.43	18.75	1748576	32590746.00
2020/03/26	18.51	18.68	18.34	18.40	1549176	28678574.00
2020/03/27	18.76	18.76	18.24	18.33	1079950	19928828.00
2020/03/30	18.47	18.47	17.43	17.80	1386900	24636614.00
2020/03/31	17.88	18.08	17.61	17.64	1026276	18215882.00
2020/04/01	17.67	18.00	17.30	17.64	1035948	18374828.00
2020/04/02	17.64	18.09	17.50	18.08	1235010	22047776.00
2020/04/03	18.08	18.19	17.71	17.73	1136700	20357426.00
2020/04/07	18.14	18.30	18.02	18.22	1349659	24559784.00
2020/04/08	18.17	18.70	18.12	18.55	1617600	29881882.00
2020/04/09	18.56	18.85	18.55	18.74	1146750	21430720.00
2020/04/10	18.77	18.85	18.03	18.06	1399995	25588480.00
2020/04/13	17.75	17.99	17.72	17.83	866000	15426961.00
2020/04/14	17.85	18.50	17.84	18.24	1286343	23258862.00
2020/04/15	18.51	18.69	18.17	18.18	1567000	28695354.00
2020/04/16	18.00	18.65	17.80	18.50	2135079	39343864.00
2020/04/17	18.66	19.32	18.65	18.89	3055604	57944964.00
2020/04/20	18.79	19.30	18.47	19.16	2372496	45058000.00
2020/04/21	19.08	19.34	18.70	18.99	1939345	36814924.00
2020/04/22	19.00	19.10	18.60	18.85	1336145	25111886.00
2020/04/23	18.86	18.95	18.60	18.74	1455150	27293312.00
2020/04/24	18.80	20.38	18.33	20.00	5966292	116136288.00
2020/04/27	19.99	20.18	19.21	19.24	4696510	92798536.00
2020/04/28	18.90	19.52	18.50	18.70	3761729	71169952.00
2020/04/29	18.59	18.64	18.03	18.05	2900178	53017492.00
2020/04/30	18.01	18.70	18.01	18.45	2251572	41485320.00
2020/05/06	18.23	18.98	18.23	18.98	2671030	49902192.00
2020/05/07	19.01	19.10	18.64	18.69	1923200	36149912.00
2020/05/08	18.78	19.86	18.78	19.83	5022661	97723792.00
2020/05/11	19.74	20.16	19.59	20.03	4639713	92429008.00
2020/05/12	20.00	20.00	19.33	19.48	3124181	60971564.00
2020/05/13	19.60	20.66	19.33	20.48	5790242	117425816.00
2020/05/14	20.40	20.77	20.15	20.40	4288325	87401376.00
2020/05/15	20.32	20.48	19.81	19.94	3457449	69310392.00
2020/05/18	19.93	19.93	19.36	19.48	2338749	45722220.00
2020/05/19	19.85	19.85	19.40	19.64	1800056	35314432.00
2020/05/20	19.42	20.60	19.06	19.95	3888633	76939816.00
2020/05/21	19.70	20.49	19.60	20.31	5480618	110620392.00
2020/05/22	20.10	20.25	19.26	19.51	3253461	64141300.00
2020/05/25	19.31	19.95	19.01	19.21	2040030	39589176.00
2020/05/26	19.31	21.13	19.31	21.13	10732766	223539360.00
2020/05/27	21.00	22.08	20.65	21.78	12005578	254859648.00
2020/05/28	21.30	21.37	20.53	20.97	7152888	149579792.00
2020/05/29	20.62	21.20	20.62	20.84	4431300	92391928.00
2020/06/01	20.90	21.92	20.63	21.79	7597452	163535744.00
2020/06/02	21.75	21.78	21.23	21.49	5467656	117615464.00
2020/06/03	21.49	21.61	20.93	21.16	4225352	89675672.00
2020/06/04	21.15	21.58	20.95	21.58	3747672	79754536.00
2020/06/05	21.58	21.83	21.22	21.50	3639928	78364840.00
2020/06/08	21.55	21.80	20.64	20.74	3748236	79009432.00
2020/06/09	20.75	21.63	20.59	21.60	4732330	99958896.00
2020/06/10	21.40	21.58	20.90	21.09	2771860	58774732.00
2020/06/11	21.13	21.49	20.80	20.81	2271498	47849988.00
2020/06/12	20.08	20.51	20.08	20.23	2444974	49632960.00
2020/06/15	20.01	20.38	19.53	19.71	3077992	61286268.00
2020/06/16	19.72	20.38	19.72	20.23	2295998	46078936.00
2020/06/17	20.23	20.29	19.81	19.99	1841300	36742764.00
2020/06/18	19.99	20.41	19.79	20.32	2161687	43590704.00
2020/06/19	20.29	21.31	20.18	20.86	5214092	109522672.00
2020/06/22	20.79	21.50	20.45	21.23	4829545	101627504.00
2020/06/23	21.00	21.30	20.61	20.70	3074706	64014940.00
2020/06/24	20.71	21.12	20.51	20.68	2436300	50770936.00
2020/06/29	20.44	20.65	20.00	20.25	2275596	46208540.00
2020/06/30	20.28	22.28	20.28	22.28	5746015	125973632.00
2020/07/01	23.16	23.70	22.08	22.62	15047096	343531744.00
2020/07/02	22.20	22.99	22.12	22.26	7317346	163783152.00
2020/07/03	22.26	22.33	21.60	21.99	5984046	131049648.00
2020/07/06	22.10	23.65	21.85	22.98	9250018	209659024.00
2020/07/07	22.80	25.28	22.60	25.28	12576505	301345920.00
2020/07/08	25.70	26.50	24.59	25.86	12408189	317181472.00
2020/07/09	25.90	26.19	25.04	25.72	9831563	252205568.00
2020/07/10	25.40	25.48	24.81	24.84	6152798	154796160.00
2020/07/13	24.84	25.49	24.58	25.31	5458230	137400992.00
2020/07/14	24.80	25.10	24.14	24.66	5419516	133403800.00
2020/07/15	24.80	25.00	23.69	23.76	3691228	90096840.00
2020/07/16	23.60	23.92	22.16	22.23	3589353	82454584.00
2020/07/17	22.11	22.69	21.81	22.44	2159150	48235488.00
2020/07/20	22.38	22.99	21.88	22.90	2828040	63738040.00
2020/07/21	22.67	23.14	22.55	22.67	1858138	42324356.00
2020/07/22	22.70	23.65	22.43	23.55	3749341	86889080.00
2020/07/23	23.52	23.55	22.40	22.98	2643200	60585792.00
2020/07/24	22.30	22.68	21.49	21.65	3160092	69465168.00
2020/07/27	21.00	21.45	20.81	21.00	1834800	38669120.00
2020/07/28	21.24	21.44	21.06	21.28	1141060	24226388.00
2020/07/29	21.38	21.87	21.08	21.75	1662552	35943616.00
2020/07/30	21.50	22.08	21.41	21.59	1690900	36646960.00
2020/07/31	21.45	22.60	21.41	22.18	2496192	55169264.00
2020/08/03	22.10	22.68	22.10	22.67	2399842	53949696.00
2020/08/04	22.51	22.68	22.10	22.41	2380318	53105492.00
2020/08/05	22.42	22.55	22.17	22.46	1503049	33604420.00
2020/08/06	22.49	22.55	21.91	22.15	1766348	39187008.00
2020/08/07	22.16	22.35	21.53	21.88	1571746	34425328.00
2020/08/10	21.80	22.60	21.58	22.25	1657250	36844184.00
2020/08/11	22.30	22.38	21.56	21.58	1444450	31771590.00
2020/08/12	21.59	21.75	20.68	21.23	1551100	32657624.00
2020/08/13	21.27	21.63	21.22	21.30	993950	21276696.00
2020/08/14	21.28	21.52	21.12	21.50	825050	17626284.00
2020/08/17	21.51	21.89	21.13	21.86	1555942	33689636.00
2020/08/18	21.89	22.10	21.61	21.87	1465395	32002394.00
2020/08/19	21.82	21.92	21.19	21.22	1360860	29285076.00
2020/08/20	21.00	21.44	20.84	21.15	1013450	21460898.00
2020/08/21	21.37	21.93	21.17	21.48	1382277	29807834.00
2020/08/24	21.50	21.96	21.05	21.62	1621350	35074928.00
2020/08/25	21.68	22.36	21.00	21.66	4110164	90057544.00
2020/08/26	21.50	22.05	21.27	21.59	2809168	61027836.00
2020/08/27	21.41	21.65	20.80	21.37	2272367	48158076.00
2020/08/28	21.37	21.56	21.11	21.47	1503600	32115676.00
2020/08/31	21.63	21.92	21.43	21.66	1849160	40143512.00
2020/09/01	21.66	21.70	21.23	21.53	1136918	24376756.00
2020/09/02	21.44	21.70	21.41	21.66	1269214	27399502.00
2020/09/03	21.70	21.70	21.10	21.23	1386950	29626584.00
2020/09/04	20.81	21.25	20.75	21.24	1047250	22046618.00
2020/09/07	21.18	21.53	20.92	21.02	1138200	24269812.00
2020/09/08	21.11	21.36	20.84	21.22	973800	20612010.00
2020/09/09	21.20	21.23	20.70	20.71	1482250	31054352.00
2020/09/10	20.99	20.99	18.64	19.08	2564700	50546712.00
2020/09/11	18.70	19.50	18.68	19.40	935900	18005860.00
2020/09/14	19.50	20.14	19.46	19.98	1113700	22133212.00
2020/09/15	20.02	20.12	19.72	19.82	613600	12198062.00
2020/09/16	19.81	19.97	19.60	19.76	652950	12875718.00
2020/09/17	19.87	20.04	19.53	19.85	659100	13045574.00
2020/09/18	19.71	20.09	19.62	19.91	894200	17731054.00
2020/09/21	19.97	20.01	19.64	19.82	712050	14119578.00
2020/09/22	19.59	19.68	19.13	19.36	834834	16183178.00
2020/09/23	19.36	19.70	19.03	19.58	840050	16310556.00
2020/09/24	19.55	19.55	18.88	18.99	828450	15788038.00
2020/09/25	19.00	19.47	18.88	19.05	538150	10242394.00
2020/09/28	19.07	19.10	18.46	18.46	713250	13335060.00
2020/09/29	18.40	18.95	18.40	18.77	896241	16867842.00
2020/09/30	18.98	19.00	18.62	18.85	662750	12497646.00
2020/10/09	19.00	19.50	19.00	19.30	870057	16827274.00
2020/10/12	19.31	19.88	19.31	19.84	951300	18747760.00
2020/10/13	19.84	19.95	19.65	19.74	896300	17703348.00
2020/10/14	19.76	19.81	19.50	19.51	560800	10990428.00
2020/10/15	19.69	19.85	19.55	19.60	710800	14000719.00
2020/10/16	19.60	19.72	19.43	19.70	570100	11152412.00
2020/10/19	19.75	19.80	19.37	19.53	646092	12651391.00
2020/10/20	19.41	19.80	19.30	19.79	703250	13798468.00
2020/10/21	19.69	19.77	19.35	19.45	684800	13339392.00
2020/10/22	19.50	19.95	19.41	19.55	646850	12688188.00
2020/10/23	19.55	19.77	19.44	19.47	722550	14176894.00
2020/10/26	19.47	19.47	19.02	19.16	546600	10498202.00
2020/10/27	19.02	19.34	19.02	19.14	355400	6825804.00
2020/10/28	19.15	19.43	18.76	19.43	876042	16769504.00
2020/10/29	19.26	19.94	19.13	19.66	1305950	25733140.00
2020/10/30	19.66	19.90	19.02	19.11	859850	16669340.00
2020/11/02	19.09	19.26	18.90	19.14	748631	14303131.00
2020/11/03	19.24	19.65	19.14	19.65	836000	16329512.00
2020/11/04	19.65	19.85	19.52	19.70	831006	16349463.00
2020/11/05	19.80	20.03	19.60	19.96	1119550	22286164.00
2020/11/06	20.02	20.02	19.50	19.58	1042950	20529920.00
2020/11/09	19.63	20.22	19.63	20.20	1527200	30708652.00
2020/11/10	20.12	20.28	19.92	20.15	954870	19149000.00
2020/11/11	19.93	20.13	19.70	19.76	819200	16278744.00
2020/11/12	19.69	19.92	19.62	19.71	612907	12099802.00
2020/11/13	19.63	20.15	19.62	20.04	982650	19521954.00
2020/11/16	20.28	20.54	20.01	20.21	1361223	27599236.00
2020/11/17	20.15	20.32	19.82	20.19	967963	19382748.00
2020/11/18	20.13	20.33	20.06	20.13	729492	14723318.00
2020/11/19	20.13	20.25	20.00	20.18	723159	14571134.00
2020/11/20	20.10	20.27	20.01	20.11	673000	13540300.00
2020/11/23	20.05	20.13	19.25	19.30	2094918	40956480.00
2020/11/24	19.36	19.36	18.86	18.93	1357557	25900026.00
2020/11/25	18.95	19.07	18.79	18.85	787500	14889493.00
2020/11/26	18.87	19.02	18.77	18.85	688746	13004840.00
2020/11/27	18.83	18.86	18.45	18.54	952500	17696184.00
2020/11/30	18.60	18.77	18.52	18.68	762200	14245723.00
2020/12/01	18.71	18.97	18.62	18.89	612007	11542676.00
2020/12/02	18.91	19.00	18.70	18.82	673750	12659726.00
2020/12/03	18.82	18.85	18.63	18.70	560850	10493466.00
2020/12/04	18.69	18.86	18.60	18.83	475076	8915062.00
2020/12/07	18.85	18.95	18.71	18.75	471450	8862514.00
2020/12/08	18.75	18.89	18.72	18.74	368500	6923690.00
2020/12/09	18.74	19.22	18.66	18.86	1324000	25106102.00
2020/12/10	18.68	18.68	18.21	18.44	1052500	19369272.00
2020/12/11	18.38	18.38	17.91	17.99	951334	17222374.00
2020/12/14	17.98	18.10	17.71	17.99	507500	9096951.00
2020/12/15	17.91	18.03	17.80	17.86	402600	7195626.00
2020/12/16	17.89	17.89	17.32	17.39	851250	14912009.00
2020/12/17	17.32	17.58	17.10	17.52	677684	11780552.00
2020/12/18	17.50	17.62	17.20	17.22	545492	9462247.00
2020/12/21	17.21	17.52	17.21	17.37	510200	8876483.00
2020/12/22	17.39	17.39	17.01	17.01	738200	12658556.00
2020/12/23	17.02	17.14	16.80	17.05	540350	9186848.00
2020/12/24	17.05	17.13	16.37	16.47	983350	16369861.00
2020/12/25	16.38	16.68	16.10	16.59	453400	7489754.00
2020/12/28	16.43	16.68	16.28	16.39	479450	7882102.50
2020/12/29	16.32	16.70	16.32	16.47	557450	9231054.00
2020/12/30	16.47	16.62	16.38	16.49	385400	6364924.00
2020/12/31	16.41	16.79	16.33	16.69	662450	11009580.00
2021/01/04	16.68	16.94	16.52	16.88	659100	11057201.00
2021/01/05	16.88	16.99	16.78	16.91	626950	10588648.00
2021/01/06	16.83	16.87	16.30	16.45	932699	15375547.00
2021/01/07	16.18	16.45	15.52	15.62	1116200	17748296.00
2021/01/08	15.60	16.00	15.20	15.71	696750	10946515.00
2021/01/11	15.70	15.72	15.01	15.13	969234	14803042.00
2021/01/12	15.18	15.40	15.09	15.24	535184	8147925.50
2021/01/13	15.31	15.31	14.58	14.60	1023859	15189081.00
2021/01/14	14.60	14.82	14.00	14.53	842800	12231612.00
2021/01/15	14.53	15.22	14.50	15.12	888550	13273403.00
2021/01/18	15.12	15.48	14.97	15.36	573992	8819339.00
2021/01/19	15.36	15.79	15.36	15.66	900250	14065169.00
2021/01/20	15.56	15.79	15.38	15.52	533050	8287687.50
2021/01/21	15.56	15.74	15.47	15.57	447150	6982765.50
2021/01/22	15.57	15.61	15.12	15.36	561950	8600445.00
2021/01/25	15.36	15.44	14.83	14.90	595589	9015200.00
2021/01/26	14.83	15.10	14.54	14.86	407550	6057939.50
2021/01/27	14.82	15.08	14.60	14.65	448000	6647659.00
2021/01/28	14.70	14.92	14.50	14.59	447700	6591461.00
2021/01/29	14.80	15.15	14.38	14.82	981192	14542890.00
2021/02/01	14.77	14.98	14.45	14.65	693192	10166943.00
2021/02/02	14.50	14.75	14.40	14.50	642892	9335315.00
2021/02/03	14.50	14.51	13.83	13.84	932634	13181313.00
2021/02/04	13.89	13.89	13.10	13.27	906592	12109774.00
2021/02/05	13.27	13.64	13.21	13.29	634900	8551124.00
2021/02/08	13.40	13.59	13.11	13.36	455100	6084257.50
2021/02/09	13.44	13.63	13.22	13.63	497000	6714359.00
2021/02/10	13.65	14.23	13.48	13.87	866400	11979126.00
2021/02/18	13.99	14.26	13.88	14.04	750134	10570626.00
2021/02/19	14.17	14.44	13.94	14.42	710642	10119874.00
2021/02/22	14.63	14.65	14.21	14.30	1427700	20721690.00
2021/02/23	14.08	14.30	13.92	14.18	817956	11522547.00
2021/02/24	14.07	14.39	14.04	14.34	762150	10887024.00
2021/02/25	14.38	14.55	14.12	14.12	528156	7495804.50
2021/02/26	14.00	14.33	13.97	14.31	703650	10025978.00
2021/03/01	14.45	14.66	14.33	14.58	705000	10240672.00
2021/03/02	14.65	14.68	14.23	14.39	1035400	14902877.00
2021/03/03	14.42	14.53	14.34	14.47	550600	7944981.00
2021/03/04	14.36	14.68	14.17	14.19	1189900	17127116.00
2021/03/05	14.15	14.61	14.05	14.61	869050	12564541.00
2021/03/08	14.70	14.97	14.40	14.50	1412750	20790588.00
2021/03/09	14.50	14.65	13.90	14.19	1201900	17061728.00
2021/03/10	14.28	14.28	13.81	13.86	718300	10043790.00
2021/03/11	13.83	14.00	13.71	13.88	763000	10592943.00
2021/03/12	13.86	13.86	13.54	13.67	632574	8635927.00
2021/03/15	13.66	13.76	13.26	13.64	1194002	16116022.00
2021/03/16	13.60	14.06	13.58	14.00	871497	12077897.00
2021/03/17	13.86	14.18	13.86	14.13	606200	8556728.00
2021/03/18	14.22	14.28	14.06	14.16	547597	7746836.50
2021/03/19	14.02	14.27	13.97	14.18	468600	6641095.00
2021/03/22	14.12	14.42	14.07	14.30	867250	12360999.00
2021/03/23	14.38	14.46	14.20	14.36	667450	9563374.00
2021/03/24	14.36	14.37	14.10	14.17	461900	6576594.00
2021/03/25	14.28	14.35	14.11	14.18	469000	6672178.00
2021/03/26	14.24	14.36	14.12	14.36	539200	7685208.00
2021/03/29	14.42	14.49	14.19	14.29	569050	8138635.50
2021/03/30	14.25	14.25	14.05	14.06	425400	6008740.00
2021/03/31	14.02	14.37	13.91	14.32	699383	9951403.00
2021/04/01	14.45	14.45	14.18	14.25	422950	6019915.00
2021/04/02	14.22	14.79	14.15	14.76	1978000	28852858.00
2021/04/06	14.64	14.81	14.52	14.53	1920250	28158910.00
2021/04/07	14.56	14.76	14.45	14.75	1078750	15789290.00
2021/04/08	14.90	14.90	14.53	14.54	961200	14067153.00
2021/04/09	14.50	14.62	14.35	14.43	653178	9429928.00
2021/04/12	14.58	14.62	13.96	14.00	999300	14155055.00
2021/04/13	14.02	14.30	14.01	14.09	625600	8856969.00
2021/04/14	14.05	14.34	14.05	14.30	599595	8516362.00
2021/04/15	14.15	14.44	14.15	14.27	809150	11571732.00
2021/04/16	14.23	14.66	14.18	14.63	1041350	15094910.00
2021/04/19	14.68	14.84	14.60	14.70	953933	14026188.00
2021/04/20	14.64	14.74	14.50	14.51	676442	9869869.00
2021/04/21	14.22	14.67	14.22	14.61	567800	8276319.00
2021/04/22	14.67	14.73	14.46	14.57	649350	9481082.00
2021/04/23	14.56	14.56	14.34	14.42	579092	8362267.50
2021/04/26	14.42	14.60	14.19	14.20	792200	11404996.00
2021/04/27	14.19	14.29	14.00	14.07	619301	8738872.00
2021/04/28	14.32	14.32	13.55	13.89	678100	9418555.00
2021/04/29	14.08	14.08	13.77	13.82	570141	7929732.50
2021/04/30	15.16	15.17	13.69	13.99	1597583	22557000.00
2021/05/06	13.68	13.89	13.41	13.72	961200	13155874.00
2021/05/07	13.79	13.79	13.20	13.25	1198800	16034608.00
2021/05/10	13.26	13.40	13.02	13.10	963550	12668733.00
2021/05/11	13.10	13.35	13.10	13.33	602800	7995860.00
2021/05/12	13.35	13.55	13.17	13.48	463900	6202389.00
2021/05/13	13.45	13.57	13.38	13.47	436995	5896836.00
2021/05/14	13.98	13.98	13.56	13.74	845850	11583273.00
2021/05/17	13.80	13.81	13.55	13.72	702950	9622872.00
2021/05/18	13.70	13.85	13.58	13.70	401550	5487842.00
2021/05/19	13.70	13.84	13.61	13.73	611201	8393567.00
2021/05/20	13.70	13.70	13.48	13.53	469441	6369196.50
2021/05/21	13.55	13.68	13.53	13.56	389550	5299601.00
2021/05/24	13.58	13.72	13.56	13.72	463450	6315774.50
2021/05/25	13.68	13.77	13.63	13.73	574150	7869882.00
2021/05/26	13.73	13.79	13.67	13.72	632401	8670453.00
2021/05/27	13.77	13.92	13.71	13.90	815742	11294386.00
2021/05/28	13.90	14.08	13.80	13.91	686150	9571671.00
2021/05/31	13.81	14.03	13.81	14.00	544950	7601840.00
2021/06/01	13.98	14.25	13.92	14.23	688992	9708788.00
2021/06/02	14.20	14.23	14.04	14.14	517328	7295271.00
2021/06/03	11.76	11.95	11.72	11.77	917290	10834212.00
2021/06/04	11.73	11.82	11.60	11.61	827590	9653793.00
2021/06/07	11.63	11.86	11.63	11.69	783800	9203893.00
2021/06/08	11.69	11.94	11.61	11.85	1061534	12507556.00
2021/06/09	11.78	12.02	11.76	12.00	701721	8368309.50
2021/06/10	12.01	12.42	11.87	12.38	2226401	27189648.00
2021/06/11	12.30	12.73	12.18	12.22	2276840	28293886.00
2021/06/15	12.16	12.26	11.91	11.97	1102679	13307919.00
2021/06/16	11.97	12.16	11.97	12.05	646409	7789038.00
2021/06/17	12.05	12.23	11.94	11.98	744240	8966161.00
2021/06/18	11.88	12.38	11.88	12.30	1260460	15398236.00
2021/06/21	12.26	12.48	12.22	12.34	805709	9947858.00
2021/06/22	12.28	12.50	12.28	12.45	1017190	12639826.00
2021/06/23	12.45	12.50	12.25	12.35	661760	8168419.50
2021/06/24	12.30	12.49	12.24	12.43	761481	9433317.00
2021/06/25	12.45	12.48	12.15	12.27	713921	8738961.00
2021/06/28	12.20	12.34	12.11	12.15	625880	7603770.50
2021/06/29	12.42	13.37	12.34	12.71	5036440	64302100.00
2021/06/30	12.38	12.63	12.18	12.58	2849001	35328236.00
2021/07/01	12.59	12.59	12.08	12.09	1894700	23244022.00
2021/07/02	12.09	12.09	11.80	11.85	1279640	15229176.00
2021/07/05	11.96	12.07	11.89	12.06	997840	11962180.00
2021/07/06	12.10	12.15	11.80	11.95	1187640	14189343.00
2021/07/07	11.95	12.08	11.88	11.99	734880	8824656.00
2021/07/08	12.00	12.08	11.82	11.91	863600	10290872.00
2021/07/09	11.82	11.90	11.68	11.83	901840	10612274.00
2021/07/12	11.83	12.12	11.80	12.08	912580	10962643.00
2021/07/13	12.06	12.15	11.96	12.13	714660	8624073.00
2021/07/14	12.12	12.12	11.85	11.92	1165010	13895181.00
2021/07/15	11.85	11.95	11.55	11.65	1102120	12882920.00
2021/07/16	11.55	11.75	11.55	11.65	527740	6140656.00
2021/07/19	11.64	11.64	11.31	11.39	870320	9905485.00
2021/07/20	11.37	11.48	11.28	11.45	631040	7192551.50
2021/07/21	11.41	11.58	11.41	11.50	593219	6829922.50
2021/07/22	11.60	11.60	11.46	11.58	559300	6452297.00
2021/07/23	11.58	11.58	11.25	11.25	752100	8560055.00
2021/07/26	11.25	11.25	10.92	11.07	1028660	11389093.00
2021/07/27	11.00	11.35	11.00	11.15	785360	8809264.00
2021/07/28	11.10	11.22	10.83	11.10	814000	8978235.00
2021/07/29	11.21	11.27	11.12	11.18	676720	7581214.00
2021/07/30	11.25	11.25	11.10	11.21	420240	4697411.00
2021/08/02	11.25	11.38	11.09	11.38	712610	8027545.50
2021/08/03	11.57	11.57	11.24	11.32	742990	8468894.00
2021/08/04	11.31	11.42	11.30	11.37	492080	5589201.00
2021/08/05	11.33	11.37	11.25	11.30	550810	6222392.50
2021/08/06	11.27	11.31	11.09	11.28	515426	5764374.50
2021/08/09	11.29	11.47	11.22	11.47	524800	5988732.00
2021/08/10	11.46	11.58	11.35	11.57	619940	7149575.00
2021/08/11	11.65	11.65	11.50	11.56	547308	6322840.00
2021/08/12	11.57	11.63	11.55	11.61	519351	6021282.50
2021/08/13	11.61	11.92	11.51	11.92	1222720	14371459.00
2021/08/16	11.91	11.97	11.76	11.86	754017	8933490.00
2021/08/17	11.88	11.88	11.42	11.47	790280	9206816.00
2021/08/18	11.42	11.60	11.42	11.58	425880	4907968.00
2021/08/19	11.55	11.66	11.54	11.62	341720	3963399.00
2021/08/20	11.62	11.62	11.35	11.50	387920	4441187.00
2021/08/23	11.51	11.88	11.48	11.87	836160	9849982.00
2021/08/24	11.87	12.02	11.83	11.96	813640	9700590.00
2021/08/25	11.96	12.07	11.87	12.02	836120	10040839.00
2021/08/26	12.01	12.05	11.80	11.87	858400	10234769.00
2021/08/27	11.87	11.94	11.81	11.84	502160	5949191.50
2021/08/30	11.88	11.91	11.62	11.71	709720	8352803.00
2021/08/31	11.77	11.87	11.66	11.81	696680	8190355.50
2021/09/01	11.86	12.21	11.63	12.18	2027146	24243838.00
2021/09/02	12.13	12.15	11.91	11.97	1249760	14997243.00
2021/09/03	11.96	12.27	11.93	12.20	1590400	19239354.00
2021/09/06	12.30	12.30	12.14	12.20	1058800	12922499.00
2021/09/07	12.25	12.27	12.03	12.25	1087080	13206614.00
2021/09/08	12.23	12.37	12.16	12.25	1292446	15850707.00
2021/09/09	12.31	12.31	12.17	12.19	756967	9248804.00
2021/09/10	12.19	12.49	12.12	12.27	1400437	17274326.00
2021/09/13	12.27	12.68	12.10	12.60	2458440	30474086.00
2021/09/14	12.60	12.98	12.39	12.46	2780193	35187836.00
2021/09/15	12.44	12.44	12.09	12.17	1575504	19230764.00
2021/09/16	12.17	12.42	12.09	12.20	1234681	15153862.00
2021/09/17	12.20	12.54	12.03	12.42	1537287	18846354.00
2021/09/22	12.33	12.45	12.18	12.28	800260	9843264.00
2021/09/23	12.28	12.45	12.28	12.34	700300	8647594.00
2021/09/24	12.40	12.40	12.06	12.12	931720	11340632.00
2021/09/27	12.07	12.16	11.20	11.52	1259060	14716307.00
2021/09/28	11.60	11.74	11.35	11.50	750560	8688995.00
2021/09/29	11.50	11.58	11.31	11.50	492340	5638290.50
2021/09/30	11.50	11.67	11.50	11.61	402800	4673278.00
2021/10/08	11.61	11.90	11.61	11.80	743940	8789241.00
2021/10/11	11.85	11.90	11.73	11.80	522770	6169882.00
2021/10/12	11.81	11.95	11.60	11.70	465300	5450786.50
2021/10/13	11.70	11.88	11.56	11.80	357960	4202397.00
2021/10/14	11.80	11.88	11.66	11.72	419080	4917982.50
2021/10/15	11.72	11.72	11.54	11.58	509380	5926177.00
2021/10/18	11.58	11.70	11.45	11.60	447414	5175235.00
2021/10/19	11.63	11.73	11.59	11.62	470480	5478766.50
2021/10/20	11.64	11.65	11.35	11.45	526100	6041853.00
2021/10/21	11.45	11.45	11.23	11.28	471301	5329925.50
2021/10/22	11.31	11.45	11.28	11.38	292197	3323081.75
2021/10/25	11.38	11.38	11.24	11.29	330180	3725798.75
2021/10/26	11.31	11.37	11.24	11.25	319440	3604272.00
2021/10/27	11.25	11.29	11.07	11.14	549140	6144405.50
2021/10/28	11.10	11.17	10.92	11.07	527230	5804394.00
2021/10/29	11.07	11.22	10.98	11.20	567827	6331288.50
2021/11/01	11.19	11.43	11.08	11.30	539040	6111134.00
2021/11/02	11.40	11.49	11.18	11.32	624640	7081040.00
2021/11/03	11.40	11.43	11.24	11.32	393780	4460432.50
2021/11/04	11.45	11.45	11.26	11.40	413500	4704742.00
2021/11/05	11.48	11.88	11.40	11.72	1541460	18039204.00
2021/11/08	11.70	11.70	11.50	11.68	769480	8936125.00
2021/11/09	11.62	11.78	11.62	11.68	525580	6155314.00
2021/11/10	11.65	12.03	11.61	12.00	1149330	13602446.00
2021/11/11	12.00	12.20	11.88	12.13	1345080	16246528.00
2021/11/12	12.01	12.26	12.01	12.21	1079660	13159822.00
2021/11/15	12.21	13.29	12.10	12.83	4858501	62099516.00
2021/11/16	12.63	12.80	12.48	12.51	2561520	32348264.00
2021/11/17	12.45	12.75	12.43	12.62	1465340	18488730.00
2021/11/18	12.55	12.79	12.27	12.33	1740780	21681606.00
2021/11/19	12.32	12.63	12.28	12.57	1598920	20013906.00
2021/11/22	12.68	12.69	12.40	12.48	1087460	13620685.00
2021/11/23	12.47	12.63	12.40	12.57	1244800	15602910.00
2021/11/24	12.57	12.83	12.49	12.74	1599729	20322014.00
2021/11/25	12.83	12.85	12.48	12.55	1010940	12708946.00
2021/11/26	12.55	12.77	12.41	12.54	1000569	12573773.00
2021/11/29	12.30	12.53	12.30	12.40	696540	8645599.00
2021/11/30	12.47	12.58	12.36	12.44	694850	8664643.00
2021/12/01	12.55	12.60	12.40	12.46	677423	8444289.00
2021/12/02	12.41	12.55	12.16	12.26	806703	9922564.00
2021/12/03	12.26	12.45	12.20	12.34	640140	7887831.00
2021/12/06	12.33	12.44	11.98	12.00	998360	12115008.00
2021/12/07	12.11	12.15	11.80	11.95	901760	10755729.00
2021/12/08	11.95	12.01	11.79	11.98	619840	7396274.50
2021/12/09	11.98	12.37	11.92	12.29	1239730	15167438.00
2021/12/10	12.30	12.34	12.10	12.20	828080	10122659.00
2021/12/13	12.28	12.42	12.17	12.38	866411	10641759.00
2021/12/14	12.38	12.59	12.26	12.56	1684800	21023590.00
2021/12/15	12.66	12.66	12.39	12.41	922960	11520920.00
2021/12/16	12.41	12.56	12.37	12.49	1224011	15272417.00
2021/12/17	12.49	12.60	12.27	12.60	1449940	18123412.00
2021/12/20	12.64	12.82	12.45	12.52	1490691	18841898.00
2021/12/21	12.52	12.72	12.49	12.60	1019200	12826043.00
2021/12/22	12.72	12.76	12.51	12.69	1245660	15755355.00
2021/12/23	12.65	12.65	12.37	12.45	1122691	14014628.00
2021/12/24	12.45	12.52	12.20	12.20	1429831	17581280.00
2021/12/27	12.13	12.67	12.08	12.58	1494771	18624264.00
2021/12/28	12.55	13.19	12.42	12.74	2369810	30383340.00
2021/12/29	12.82	12.88	12.56	12.86	1588620	20248258.00
2021/12/30	12.88	13.43	12.77	13.29	3357960	44231612.00
2021/12/31	13.38	13.43	13.06	13.10	2440800	32116748.00
2022/01/04	13.19	13.38	13.09	13.31	1858268	24623664.00
2022/01/05	13.60	13.60	13.06	13.14	2035080	26863078.00
2022/01/06	13.13	13.34	13.04	13.21	1291940	17105038.00
2022/01/07	13.21	13.30	12.81	12.83	1473320	19188506.00
2022/01/10	12.75	13.34	12.60	13.28	2421180	31710902.00
2022/01/11	13.30	14.00	13.21	14.00	6078540	83865392.00
2022/01/12	13.93	14.03	13.66	14.01	3746100	51813192.00
2022/01/13	13.93	13.98	13.70	13.74	2364900	32601004.00
2022/01/14	13.64	14.10	13.55	13.61	2843660	39244456.00
2022/01/17	13.71	13.95	13.55	13.85	2093513	28946112.00
2022/01/18	13.94	13.96	13.51	13.74	2151650	29516064.00
2022/01/19	13.79	14.03	13.63	13.84	1871160	25849090.00
2022/01/20	13.80	13.86	13.33	13.55	2503700	34054848.00
2022/01/21	13.54	13.74	12.92	13.12	2401130	31755562.00
2022/01/24	13.00	13.08	12.48	12.50	1881800	23995872.00
2022/01/25	12.47	12.69	11.97	11.98	1855560	22687132.00
2022/01/26	12.15	12.25	12.02	12.23	842580	10245293.00
2022/01/27	12.36	12.36	11.64	11.77	1819360	21482756.00
2022/01/28	11.84	12.18	11.82	12.06	879480	10591845.00
2022/02/07	12.22	12.36	11.92	12.03	840440	10147571.00
2022/02/08	12.00	12.28	11.94	12.24	849210	10330898.00
2022/02/09	12.24	12.35	12.19	12.31	859660	10555188.00
2022/02/10	12.25	12.40	12.19	12.29	627920	7700015.00
2022/02/11	12.35	12.35	11.91	11.97	994918	11963260.00
2022/02/14	12.05	12.09	11.73	12.02	698460	8366022.00
2022/02/15	12.01	12.10	11.81	12.03	783080	9375851.00
2022/02/16	12.03	12.36	12.01	12.36	1158223	14116326.00
2022/02/17	12.39	12.50	12.25	12.31	1007580	12473776.00
2022/02/18	12.32	12.55	12.21	12.43	730140	9069791.00
2022/02/21	12.51	12.74	12.37	12.57	922430	11593663.00
2022/02/22	12.62	12.70	12.29	12.36	675740	8375289.00
2022/02/23	12.37	12.62	12.33	12.50	770250	9631768.00
2022/02/24	12.54	12.66	12.05	12.26	1093940	13523038.00
2022/02/25	12.27	12.60	12.26	12.29	731620	9082307.00
2022/02/28	12.28	12.40	12.06	12.25	653080	7958427.00
2022/03/01	12.29	12.37	12.18	12.36	621178	7631965.00
2022/03/02	12.35	12.45	12.15	12.42	535680	6601424.00
2022/03/03	12.41	12.44	12.28	12.31	715900	8824380.00
2022/03/04	12.31	12.38	12.12	12.17	753520	9213271.00
2022/03/07	12.20	12.27	11.97	12.00	656000	7916414.50
2022/03/08	11.95	12.08	11.48	11.63	1084020	12731400.00
2022/03/09	11.59	11.78	10.80	11.37	1382901	15665030.00
2022/03/10	11.55	11.75	11.50	11.62	635200	7385057.50
2022/03/11	11.51	11.78	11.23	11.72	627819	7210212.00
2022/03/14	11.74	11.74	11.25	11.33	663509	7615164.00
2022/03/15	11.30	11.37	10.85	10.85	968140	10760709.00
2022/03/16	10.96	11.20	10.71	11.13	788580	8673202.00
2022/03/17	11.24	11.41	11.15	11.27	943140	10669254.00
2022/03/18	11.28	11.49	11.20	11.46	546280	6219141.50
2022/03/21	11.47	11.65	11.40	11.58	673680	7752163.50
2022/03/22	11.63	11.74	11.44	11.73	766997	8901610.00
2022/03/23	11.78	11.79	11.63	11.78	529000	6200180.50
2022/03/24	11.66	11.78	11.50	11.52	640780	7451664.50
2022/03/25	11.52	11.84	11.51	11.60	1118540	13069475.00
2022/03/28	11.64	11.72	11.32	11.57	777480	8958111.00
2022/03/29	11.57	11.62	11.28	11.33	609259	6955008.50
2022/03/30	11.33	11.65	11.30	11.63	790105	9100962.00
2022/03/31	11.63	12.18	11.63	12.05	1946892	23387696.00
2022/04/01	12.00	12.17	11.76	11.85	1658872	19806536.00
2022/04/06	11.74	12.46	11.74	12.30	1835540	22488070.00
2022/04/07	12.26	12.26	12.10	12.14	872100	10625843.00
2022/04/08	12.14	12.33	12.00	12.13	1264412	15346190.00
2022/04/11	12.23	12.38	11.96	12.23	1291380	15725573.00
2022/04/12	12.18	12.66	12.15	12.66	1441509	17813084.00
2022/04/13	12.50	12.85	12.44	12.51	2001880	25373714.00
2022/04/14	12.59	12.75	12.47	12.68	1323062	16744245.00
2022/04/15	12.54	12.84	12.52	12.56	1284593	16228942.00
2022/04/18	12.64	12.75	12.38	12.64	1078277	13616510.00
2022/04/19	12.75	13.00	12.63	13.00	1789238	23052604.00
2022/04/20	13.08	13.20	12.93	12.99	2169720	28263432.00
2022/04/21	12.90	13.16	12.85	13.00	1962402	25519176.00
2022/04/22	12.95	14.30	11.80	12.09	6773097	88558864.00
2022/04/25	11.71	11.85	10.88	10.88	3843542	44039392.00
2022/04/26	11.18	11.18	10.10	10.12	2644340	28041062.00
2022/04/27	10.09	10.20	9.21	10.03	3323825	32417074.00
2022/04/28	9.92	10.05	9.10	9.28	2084860	19795802.00
2022/04/29	9.23	9.95	9.23	9.86	1574420	15266523.00
2022/05/05	9.91	10.09	9.65	9.93	1011812	9966747.00
2022/05/06	9.89	9.90	9.55	9.81	823680	8050684.00
2022/05/09	9.91	10.27	9.67	10.17	1114760	11200397.00
2022/05/10	10.26	10.26	9.91	10.18	1230847	12451422.00
2022/05/11	10.21	10.48	10.05	10.06	1022127	10501226.00
2022/05/12	10.02	10.50	9.94	10.48	1508612	15612576.00
2022/05/13	10.47	10.60	10.35	10.47	852640	8930889.00
2022/05/16	10.70	10.73	10.37	10.58	1055000	11189282.00
2022/05/17	10.57	10.67	10.40	10.58	1057249	11143080.00
2022/05/18	10.64	10.75	10.40	10.63	780220	8322523.50
2022/05/19	10.50	10.81	10.42	10.64	1108900	11849670.00
2022/05/20	10.76	11.05	10.64	11.02	1458200	15910802.00
2022/05/23	10.96	11.99	10.96	11.95	2591980	29893442.00
2022/05/24	11.77	11.84	11.43	11.48	2513572	29093816.00
2022/05/25	11.47	11.60	11.33	11.51	1322060	15197715.00
2022/05/26	11.52	11.75	11.40	11.62	2540020	29439058.00
2022/05/27	11.61	12.08	11.59	11.90	3151889	37406728.00
2022/05/30	11.90	11.95	11.63	11.70	1398410	16381122.00
2022/05/31	11.70	12.03	11.65	11.82	2265900	26833790.00
2022/06/01	11.81	11.95	11.68	11.84	2080480	24612500.00
2022/06/02	11.80	12.64	11.72	12.59	3861836	47096192.00
2022/06/06	12.55	12.95	12.34	12.95	3531200	44636204.00
2022/06/07	12.96	12.99	12.44	12.76	3521800	44642772.00
2022/06/08	12.90	12.90	12.02	12.08	4227520	51717248.00
2022/06/09	12.01	12.29	11.08	11.19	4259980	49595808.00
2022/06/10	11.37	11.40	11.03	11.15	1509700	16888574.00
2022/06/13	11.01	11.20	10.93	11.06	973140	10748272.00
2022/06/14	11.06	11.07	10.56	10.86	1273400	13718118.00
2022/06/15	11.30	11.76	11.06	11.08	3288580	37471752.00
2022/06/16	10.88	11.12	10.72	10.88	2255297	24570270.00
2022/06/17	10.71	10.85	10.53	10.66	1130380	12066471.00
2022/06/20	10.70	11.21	10.69	11.19	1698460	18694792.00
2022/06/21	11.19	11.34	10.96	11.26	1120245	12546159.00
2022/06/22	11.26	11.52	11.08	11.29	1465420	16593004.00
2022/06/23	11.38	11.65	11.16	11.55	1504580	17244422.00
2022/06/24	11.60	11.77	11.41	11.74	1564440	18205712.00
2022/06/27	11.79	12.91	11.66	12.91	11180502	141839760.00
2022/06/28	12.91	14.00	12.00	13.10	13330815	171511504.00
2022/06/29	12.60	12.79	12.10	12.48	8695200	107457648.00
2022/06/30	12.23	12.90	12.13	12.78	5930657	74411520.00
2022/07/01	12.70	12.79	12.30	12.34	2930077	36266536.00
2022/07/04	12.38	12.76	12.01	12.47	2943128	36522524.00
2022/07/05	12.48	12.75	12.16	12.55	2419764	30125840.00
2022/07/06	12.65	12.65	12.18	12.27	1775440	21857978.00
2022/07/07	12.23	12.60	12.19	12.50	1826869	22691160.00
2022/07/08	12.70	13.75	12.50	13.75	10299212	140606144.00
2022/07/11	14.30	15.13	13.61	15.13	12489200	180463520.00
2022/07/12	14.66	14.70	13.62	13.62	13882604	195437040.00
2022/07/13	12.93	13.46	12.62	13.12	10234452	131993312.00
2022/07/14	12.90	13.35	12.74	13.14	6801700	88901488.00
2022/07/15	12.35	12.78	12.10	12.20	6848700	84680536.00
2022/07/18	12.02	12.39	11.96	12.32	3864300	47286384.00
2022/07/19	12.37	12.52	12.11	12.52	3649520	45002992.00
2022/07/20	12.65	12.65	12.30	12.44	2912880	36183872.00
2022/07/21	12.50	12.79	12.41	12.45	4079784	51352620.00
2022/07/22	12.44	12.75	12.40	12.56	3625700	45573428.00
2022/07/25	12.66	12.74	12.21	12.37	2911000	36246164.00
2022/07/26	12.39	12.50	12.00	12.44	2403380	29453494.00
2022/07/27	12.39	12.60	12.35	12.56	1994660	24943950.00
2022/07/28	12.62	13.18	12.56	13.12	5856443	75971904.00
2022/07/29	12.95	13.57	12.82	13.22	5872557	77298184.00
2022/08/01	13.16	13.47	12.82	13.07	4317440	56810596.00
2022/08/02	13.02	13.20	12.22	12.22	3754720	46944084.00
2022/08/03	12.24	12.71	12.20	12.26	2980662	37143400.00
2022/08/04	12.24	12.87	12.24	12.77	3088857	39091880.00
2022/08/05	12.77	13.15	12.70	12.87	2780460	35633768.00
2022/08/08	12.91	13.29	12.73	13.14	2316020	30221100.00
2022/08/09	13.20	13.46	13.00	13.40	3414290	45289880.00
2022/08/10	13.41	13.68	13.27	13.56	3526980	47454084.00
2022/08/11	13.57	14.05	13.55	13.86	3922458	54295052.00
2022/08/12	13.89	14.53	13.28	13.37	3985408	54252260.00
2022/08/15	13.39	14.02	13.17	13.83	5339398	73253160.00
2022/08/16	13.70	14.21	13.63	13.88	3478080	48028348.00
2022/08/17	13.94	13.97	13.59	13.66	2300620	31532578.00
2022/08/18	13.69	13.80	13.44	13.75	2281220	31236542.00
2022/08/19	13.82	14.74	13.36	13.50	6017760	83987160.00
2022/08/22	13.40	14.85	13.31	14.85	5558720	79561232.00
2022/08/23	15.32	16.34	15.32	16.34	19928448	315317632.00
2022/08/24	16.10	17.97	16.00	17.97	22051651	384159520.00
2022/08/25	18.00	18.16	16.17	16.17	19534921	324763648.00
2022/08/26	15.00	15.28	14.55	14.55	12841964	188732512.00
2022/08/29	13.71	13.90	13.10	13.10	15653791	208067360.00
2022/08/30	13.00	13.24	12.86	13.17	9749570	127141936.00
2022/08/31	12.99	13.07	12.39	12.42	8248513	104060496.00
2022/09/01	12.44	12.60	12.29	12.34	4764320	59138916.00
2022/09/02	12.35	12.65	12.25	12.56	5153162	64410100.00
2022/09/05	12.55	12.75	12.32	12.73	4625840	58215280.00
2022/09/06	12.62	12.77	12.56	12.75	3376040	42806136.00
2022/09/07	12.70	12.93	12.65	12.83	3899740	49837328.00
2022/09/08	12.84	13.09	12.39	12.39	4845680	61490796.00
2022/09/09	12.45	12.50	12.15	12.34	3243460	39916628.00
2022/09/13	12.34	12.56	12.28	12.33	2730907	33833264.00
2022/09/14	12.02	12.20	11.95	12.10	3221084	38883548.00
2022/09/15	12.15	12.20	11.41	11.58	4073660	47632572.00
2022/09/16	11.58	11.76	11.19	11.19	2510000	28609794.00
2022/09/19	11.20	11.37	11.00	11.10	2222792	24757464.00
2022/09/20	11.20	11.67	11.19	11.59	3164540	36304420.00
2022/09/21	11.60	11.63	11.42	11.57	1671073	19273880.00
2022/09/22	11.42	11.66	11.40	11.59	1267824	14675018.00
2022/09/23	11.64	11.64	11.17	11.23	1888000	21411812.00
2022/09/26	11.23	11.55	11.07	11.26	1825520	20624364.00
2022/09/27	11.32	11.48	11.13	11.42	1713600	19388258.00
2022/09/28	11.43	11.43	10.90	10.97	1855760	20596128.00
2022/09/29	11.05	11.23	10.78	10.90	1431440	15664797.00
2022/09/30	11.18	11.18	10.68	10.68	1219480	13186694.00
2022/10/10	10.69	10.84	10.53	10.63	1138300	12149166.00
2022/10/11	10.63	10.80	10.40	10.57	954400	10052680.00
2022/10/12	10.68	10.99	10.51	10.99	1535923	16525284.00
2022/10/13	10.98	11.34	10.90	11.19	1712600	19158852.00
2022/10/14	11.27	11.42	11.18	11.31	1525524	17263054.00
2022/10/17	11.31	11.61	11.31	11.61	1473200	16938410.00
2022/10/18	11.61	11.77	11.52	11.65	1376680	16043799.00
2022/10/19	11.64	11.82	11.58	11.70	1280740	15007785.00
2022/10/20	11.63	11.80	11.47	11.68	1701540	19878134.00
2022/10/21	11.69	12.02	11.66	11.83	2140580	25357796.00
2022/10/24	11.83	12.13	11.54	11.54	2272600	26891872.00
2022/10/25	11.55	11.65	11.32	11.50	1504400	17280854.00
2022/10/26	11.58	11.87	11.54	11.79	1368780	16082285.00
2022/10/27	11.78	12.05	11.60	11.83	1545940	18422012.00
2022/10/28	11.75	11.94	11.20	11.26	1517320	17468724.00
2022/10/31	11.25	11.76	11.25	11.58	1610000	18662556.00
2022/11/01	11.75	11.83	11.47	11.74	1224000	14275977.00
2022/11/02	11.76	12.19	11.76	12.09	2523032	30335508.00
2022/11/03	11.91	12.26	11.85	11.99	2147102	25750666.00
2022/11/04	11.99	12.18	11.92	12.10	1797720	21741184.00
2022/11/07	12.15	12.25	12.02	12.20	2176300	26462900.00
2022/11/08	12.20	12.29	12.00	12.29	1571518	19161614.00
2022/11/09	12.34	12.35	12.15	12.16	1714450	20963096.00
2022/11/10	12.11	12.32	12.06	12.16	1607540	19598522.00
2022/11/11	12.30	12.45	12.03	12.03	1656800	20269228.00
2022/11/14	12.10	12.21	11.98	12.14	1385680	16792314.00
2022/11/15	11.91	12.39	11.81	12.34	2507000	30631348.00
2022/11/16	12.34	12.44	12.19	12.32	1625140	19987958.00
2022/11/17	12.31	12.38	12.15	12.37	1202860	14766830.00
2022/11/18	12.37	12.51	12.28	12.32	1562600	19389906.00
2022/11/21	12.30	12.35	12.10	12.25	1274340	15539330.00
2022/11/22	12.22	12.58	12.22	12.32	1880490	23306882.00
2022/11/23	12.33	12.33	11.80	12.07	1776980	21321440.00
2022/11/24	12.13	12.34	12.04	12.19	1567020	19074180.00
2022/11/25	12.22	12.22	11.80	11.82	1609500	19225358.00
2022/11/28	11.75	11.96	11.65	11.79	1255600	14820661.00
2022/11/29	11.80	11.98	11.80	11.89	1605570	19093416.00
2022/11/30	12.00	12.02	11.79	11.93	1268044	15108276.00
2022/12/01	12.05	12.20	11.99	12.10	1438762	17435810.00
2022/12/02	12.20	12.33	12.02	12.27	1592500	19460580.00
2022/12/05	12.27	12.44	12.20	12.33	1593180	19581110.00
2022/12/06	12.40	12.43	12.28	12.32	1250584	15445245.00
2022/12/07	12.29	12.45	12.20	12.24	1153058	14200021.00
2022/12/08	12.21	12.35	12.13	12.24	1140340	13973365.00
2022/12/09	12.32	12.51	12.15	12.45	1597002	19752218.00
2022/12/12	12.45	13.27	12.24	12.62	7022027	89655240.00
2022/12/13	12.58	12.66	12.30	12.37	4739745	58927360.00
2022/12/14	12.36	12.53	12.12	12.25	3139398	38710184.00
2022/12/15	12.25	12.75	12.23	12.61	3724717	46828892.00
2022/12/16	12.45	12.50	12.12	12.14	2976500	36487528.00
2022/12/19	12.06	12.26	11.46	11.54	2797492	32840220.00
2022/12/20	11.56	12.69	11.55	12.69	3172099	39534508.00
2022/12/21	12.91	13.67	12.70	12.82	17801159	232777568.00
2022/12/22	12.92	13.25	12.70	13.21	12702999	165846960.00
2022/12/23	12.84	13.11	12.60	13.00	7486966	96414152.00
2022/12/26	12.75	13.49	12.75	13.46	10365365	137764688.00
2022/12/27	13.32	13.32	12.88	13.19	6252690	81763928.00
2022/12/28	13.06	13.18	12.75	13.10	4417119	57289684.00
2022/12/29	12.98	12.98	12.43	12.52	5231740	65868600.00
2022/12/30	12.50	12.64	12.10	12.45	4171352	51617904.00
2023/01/03	12.35	12.63	12.21	12.62	3406678	42384724.00
2023/01/04	12.60	12.79	12.29	12.52	3696980	46159620.00
2023/01/05	12.60	13.77	12.37	13.77	8131540	108831800.00
2023/01/06	14.28	15.15	14.18	14.18	24358992	358109312.00
2023/01/09	13.57	13.91	13.46	13.71	15170222	207145744.00
2023/01/10	13.70	13.78	13.20	13.28	9519448	127080456.00
2023/01/11	13.50	13.70	13.13	13.16	8803884	117994416.00
2023/01/12	13.10	14.48	12.99	14.48	7208634	101273896.00
2023/01/13	14.48	14.71	14.01	14.11	14166608	202338416.00
2023/01/16	14.13	14.25	13.80	13.99	7396092	102964904.00
2023/01/17	13.99	14.62	13.75	14.60	13809410	196564640.00
2023/01/18	14.31	14.36	13.77	14.12	7192380	101133024.00
2023/01/19	13.87	13.99	13.59	13.86	5006160	69165208.00
2023/01/20	13.94	13.94	13.68	13.73	3733780	51444512.00
2023/01/30	13.89	15.10	13.75	15.10	10187772	148632128.00
2023/01/31	15.00	15.00	14.05	14.61	11208963	162732256.00
2023/02/01	14.69	14.95	14.36	14.91	8852152	130278040.00
2023/02/02	14.83	15.07	14.61	14.92	8092000	119964640.00
2023/02/03	14.77	14.99	14.46	14.89	6955540	102395808.00
2023/02/06	14.74	15.12	14.68	14.92	6798359	101347728.00
2023/02/07	15.03	15.46	14.58	15.03	6534921	97237352.00
2023/02/08	14.95	14.95	14.46	14.46	5053111	73812984.00
2023/02/09	14.46	14.82	14.32	14.60	4051560	59178064.00
2023/02/10	14.80	15.59	14.50	14.62	6877799	102578976.00
数据来源:通达信
