002849 威星智能 日线 不复权
      日期	    开盘	    最高	    最低	    收盘	    成交量	    成交额
2017/02/17	14.50	17.40	14.50	17.40	10675	184730.00
2017/02/20	19.14	19.14	19.14	19.14	1600	30624.00
2017/02/21	21.05	21.05	21.05	21.05	1396	29385.80
2017/02/22	23.16	23.16	23.16	23.16	2436	56417.76
2017/02/23	25.48	25.48	25.48	25.48	1700	43316.00
2017/02/24	28.03	28.03	28.03	28.03	8752	245318.56
2017/02/27	30.83	30.83	30.83	30.83	13596	419164.69
2017/02/28	33.91	33.91	33.91	33.91	11896	403393.38
2017/03/01	37.30	37.30	37.30	37.30	10900	406570.00
2017/03/02	41.03	41.03	41.03	41.03	24002	984802.06
2017/03/03	45.13	45.13	45.13	45.13	94692	4273450.00
2017/03/06	49.64	49.64	49.64	49.64	108184	5370254.00
2017/03/07	54.60	54.60	54.60	54.60	91706	5007147.50
2017/03/08	60.06	60.06	60.06	60.06	302346	18158900.00
2017/03/09	66.00	66.00	62.60	64.30	13827789	892292480.00
2017/03/10	61.30	63.98	59.03	59.20	8694121	530394848.00
2017/03/13	58.07	59.88	55.85	59.48	6559851	379891936.00
2017/03/14	58.50	60.95	58.22	60.28	5884295	353274816.00
2017/03/15	59.45	59.99	57.30	59.63	4150071	245250336.00
2017/03/16	59.89	62.60	59.75	61.72	6489465	398306272.00
2017/03/17	61.20	67.89	61.05	67.10	11399253	756621248.00
2017/03/20	65.45	66.51	63.40	66.08	7251802	471657984.00
2017/03/21	65.40	68.59	64.68	68.04	7968227	531538176.00
2017/03/22	65.88	68.30	65.56	67.11	6218928	416036832.00
2017/03/23	67.11	67.80	61.20	62.51	6383585	410275808.00
2017/03/24	61.60	63.87	60.68	63.18	5032442	314725216.00
2017/03/27	63.28	64.19	62.08	63.18	3662388	230684160.00
2017/03/28	62.99	63.96	60.00	60.20	3730056	230385552.00
2017/03/29	60.22	60.22	54.99	55.00	4343100	247294272.00
2017/03/30	53.98	56.65	52.28	55.14	3880463	209917424.00
2017/03/31	54.67	55.89	53.10	55.25	2805741	153178432.00
2017/04/05	55.10	55.83	51.50	55.82	2195993	119807104.00
2017/04/06	55.55	57.22	55.02	56.06	2324201	130752096.00
2017/04/07	55.53	56.45	54.33	55.38	1956510	108638936.00
2017/04/10	55.00	55.00	52.10	53.30	2511311	134105416.00
2017/04/11	53.00	53.98	51.81	53.54	1692426	89872176.00
2017/04/12	53.54	53.54	49.00	49.00	1608492	83070800.00
2017/04/13	49.50	49.96	48.55	49.59	1752113	86419808.00
2017/04/14	49.38	51.43	49.03	50.00	1602776	80565560.00
2017/04/17	47.58	48.80	45.00	47.98	2568814	118075768.00
2017/04/18	46.78	48.50	46.27	48.20	1316308	62404520.00
2017/04/19	47.30	49.88	47.30	49.88	1198984	58203688.00
2017/04/20	49.17	51.01	48.56	51.01	1370009	68479640.00
2017/04/21	50.78	52.30	50.50	51.98	1078237	55357464.00
2017/04/24	51.60	52.17	49.84	51.20	866068	44241352.00
2017/04/25	50.81	51.35	47.95	47.96	1225690	60144252.00
2017/04/26	47.66	48.40	46.08	48.40	1129016	53332780.00
2017/04/27	48.00	49.37	46.61	49.00	1382432	66828536.00
2017/04/28	48.28	49.49	48.28	49.31	924114	45119088.00
2017/05/02	49.26	49.49	44.38	44.38	2142203	99324688.00
2017/05/03	40.20	43.88	40.18	41.81	4398576	180583472.00
2017/05/04	40.87	41.90	40.41	41.40	3367098	139696800.00
2017/05/05	41.48	41.74	40.00	40.90	2376276	97985960.00
2017/05/08	40.35	40.44	37.88	38.00	1407545	55415928.00
2017/05/09	38.07	39.12	37.52	38.50	1487333	56880896.00
2017/05/10	38.69	39.28	37.03	37.03	1313267	50484176.00
2017/05/11	36.82	37.77	35.40	37.27	1761163	64300812.00
2017/05/12	37.30	38.24	36.76	37.31	1323310	49608464.00
2017/05/15	37.22	37.98	37.18	37.77	1108404	41698472.00
2017/05/16	37.20	41.28	37.20	40.38	2809634	109064512.00
2017/05/17	39.99	40.53	39.40	39.50	1797077	71935280.00
2017/05/18	39.26	40.50	38.95	39.76	1287619	51348804.00
2017/05/19	39.26	39.96	38.00	38.01	1202896	46772116.00
2017/05/22	37.90	38.97	37.00	37.23	1345821	51248016.00
2017/05/23	37.05	37.58	35.06	36.69	2337227	85906704.00
2017/05/24	36.05	37.10	35.81	36.78	1167053	42741012.00
2017/05/25	36.90	38.27	35.60	37.59	2415019	88823472.00
2017/05/26	38.00	38.21	36.78	37.42	1389528	51925064.00
2017/05/31	38.36	39.20	38.08	38.19	1933603	74754248.00
2017/06/01	37.50	37.84	35.80	37.10	1335611	49327592.00
2017/06/02	36.15	37.97	36.00	37.70	1459801	53996048.00
2017/06/05	38.36	38.94	38.07	38.53	2476905	95482280.00
2017/06/06	38.38	38.47	37.57	38.01	1534760	58244224.00
2017/06/07	38.20	41.77	38.10	40.21	4299439	171462992.00
2017/06/08	40.09	42.10	39.91	41.55	6388216	260371952.00
2017/06/09	41.05	42.34	39.98	40.02	4953247	202404496.00
2017/06/12	39.70	39.78	37.60	37.99	2489823	96424256.00
2017/06/13	37.31	39.07	37.31	38.72	1515070	58421964.00
2017/06/14	38.70	39.20	38.07	39.12	1422473	54971312.00
2017/06/15	39.30	41.00	38.91	40.24	3860883	155455248.00
2017/06/16	39.84	40.83	39.61	39.62	2177751	87367856.00
2017/06/19	39.35	40.20	39.18	39.90	994442	39392596.00
2017/06/20	40.05	40.96	39.92	39.98	1878658	75989088.00
2017/06/21	39.84	42.88	39.81	42.18	6861641	284052192.00
2017/06/22	41.68	42.13	39.10	40.15	3541125	146374528.00
2017/06/23	39.70	40.79	39.29	40.61	1775015	71329288.00
2017/06/26	40.53	40.96	40.00	40.79	1852207	75103176.00
2017/06/27	40.70	41.96	40.13	41.46	3254672	133868040.00
2017/06/28	41.06	42.68	41.05	41.90	4381736	183500656.00
2017/06/29	41.45	44.18	41.06	42.84	6202128	263709728.00
2017/06/30	42.40	43.97	42.02	42.70	5405525	233089472.00
2017/07/03	42.35	42.80	41.45	41.84	3213450	135066608.00
2017/07/04	41.70	42.10	41.07	41.47	2037711	84605952.00
2017/07/05	41.50	41.96	41.33	41.75	1504443	62786924.00
2017/07/06	41.80	42.36	41.30	41.30	2244363	93832400.00
2017/07/07	41.21	42.97	41.21	42.53	3687647	155877728.00
2017/07/10	42.00	42.48	40.50	41.00	2273092	94830752.00
2017/07/11	40.50	41.97	39.90	40.03	1526249	62271724.00
2017/07/12	40.20	40.45	37.60	39.30	1810645	70969480.00
2017/07/13	39.13	39.80	38.58	39.47	1152042	45172764.00
2017/07/14	39.47	39.78	38.18	39.36	751056	29610148.00
2017/07/17	39.19	39.70	35.42	35.65	2539559	95950376.00
2017/07/18	36.01	37.46	36.00	37.04	2907116	107015352.00
2017/07/19	37.21	37.85	36.33	37.04	3334696	123922032.00
2017/07/20	37.00	38.60	36.66	38.40	4084496	154893920.00
2017/07/21	38.06	39.99	37.64	39.50	4475572	173618144.00
2017/07/24	39.10	40.68	38.33	40.25	4657544	183289552.00
2017/07/25	39.97	40.59	37.65	37.66	3957700	156521872.00
2017/07/26	37.13	38.46	37.13	37.57	2084072	78894216.00
2017/07/27	37.18	38.49	37.13	38.18	1159970	44019992.00
2017/07/28	38.19	38.44	36.41	36.51	1416554	52780304.00
2017/07/31	36.07	36.80	36.07	36.18	896280	32593202.00
2017/08/01	36.05	36.57	35.69	36.24	953379	34351240.00
2017/08/02	36.40	36.98	36.12	36.41	1228023	45042496.00
2017/08/03	36.67	39.94	35.70	38.99	4360431	165865184.00
2017/08/04	38.49	41.05	38.12	38.14	5570412	219529760.00
2017/08/07	38.14	39.25	37.40	38.95	3431287	132097496.00
2017/08/08	38.55	38.90	38.09	38.18	1437499	55208936.00
2017/08/09	38.00	38.49	37.50	37.93	1775508	67439280.00
2017/08/10	37.85	38.60	37.10	38.45	1752888	66381052.00
2017/08/11	37.91	40.10	37.73	39.45	3455782	134600768.00
2017/08/14	39.00	40.50	38.84	39.70	3004416	119405584.00
2017/08/15	39.80	40.69	39.20	40.00	3064537	122231920.00
2017/08/16	39.71	41.24	39.06	39.30	4252333	169112256.00
2017/08/17	39.05	39.86	38.33	38.51	2848409	110188744.00
2017/08/18	38.12	38.30	37.28	37.28	1951500	73429984.00
2017/08/21	36.98	37.75	36.90	37.53	1018354	38166020.00
2017/08/22	37.59	37.79	37.13	37.33	937900	35073196.00
2017/08/23	37.33	37.59	36.85	37.45	926737	34529220.00
2017/08/24	37.44	37.45	36.50	36.50	1108037	40925392.00
2017/08/25	36.50	37.33	36.42	37.18	868000	32101864.00
2017/08/28	37.20	38.37	37.20	38.12	1676241	63556088.00
2017/08/29	38.15	38.80	37.65	38.12	2001565	76453304.00
2017/08/30	37.86	38.02	37.21	37.28	1278561	48093360.00
2017/08/31	37.27	38.67	37.27	38.64	2174856	83233240.00
2017/09/01	38.91	39.15	38.28	38.46	1778952	68638184.00
2017/09/04	38.44	38.68	37.70	37.99	1452996	55555008.00
2017/09/05	38.14	38.55	37.78	38.55	1152416	43973900.00
2017/09/06	38.47	38.48	37.80	37.95	1053296	40085160.00
2017/09/07	37.90	39.40	37.85	38.83	2615593	101422968.00
2017/09/08	38.60	38.88	37.60	37.93	1831823	70030272.00
2017/09/11	37.93	38.55	37.56	38.42	1311607	49897736.00
2017/09/12	39.00	39.89	38.32	38.41	2685048	104846824.00
2017/09/13	37.81	38.19	37.22	37.77	1541124	58056620.00
2017/09/14	37.77	38.00	37.41	37.47	745264	28088992.00
2017/09/15	37.48	37.81	37.31	37.69	712135	26776446.00
2017/09/18	37.65	37.77	36.75	37.26	882300	32790920.00
2017/09/19	37.10	37.50	37.10	37.22	604400	22508424.00
2017/09/20	37.05	37.55	36.83	37.42	732500	27235960.00
2017/09/21	37.42	37.68	36.98	37.02	706296	26401352.00
2017/09/22	36.95	38.05	36.95	37.58	1329508	50048408.00
2017/09/25	37.30	38.25	37.29	37.55	941276	35527432.00
2017/09/26	38.00	41.31	37.88	40.70	7492249	302586176.00
2017/09/27	38.89	40.65	38.89	40.53	5137585	203725328.00
2017/09/28	40.00	40.21	39.33	39.61	2687981	107024520.00
2017/09/29	40.00	40.49	39.61	39.96	2416391	96624760.00
2017/10/09	40.60	40.99	39.10	39.86	1806630	72051776.00
2017/10/10	39.70	40.49	39.25	40.14	1982802	79258624.00
2017/10/11	40.17	40.17	39.50	39.50	1508695	59997060.00
2017/10/12	39.56	39.98	39.37	39.92	1241272	49289992.00
2017/10/13	40.38	40.38	39.32	39.35	1440496	57137348.00
2017/10/16	39.25	39.71	37.00	37.20	2146050	82153784.00
2017/10/17	37.10	40.92	37.10	39.93	5414706	216406832.00
2017/10/18	40.18	40.18	38.00	38.00	3165774	123402976.00
2017/10/19	37.64	39.18	37.46	37.84	1638458	62641388.00
2017/10/20	38.54	38.78	37.88	38.18	1044780	39988096.00
2017/10/23	37.50	38.16	37.50	37.90	1121214	42415760.00
2017/10/24	37.94	38.20	37.37	37.89	1157780	43738852.00
2017/10/25	37.90	38.74	37.50	38.60	1717712	65850976.00
2017/10/26	38.55	39.20	38.35	38.98	1514723	58787464.00
2017/10/27	38.98	39.28	38.20	38.20	1109784	42789688.00
2017/10/30	38.02	38.24	36.71	36.90	1376022	51248712.00
2017/10/31	37.18	37.47	37.15	37.38	641094	23927880.00
2017/11/01	37.20	37.75	37.20	37.55	657798	24676956.00
2017/11/02	37.55	37.70	36.80	36.93	929611	34376304.00
2017/11/03	37.00	37.15	36.79	37.07	549900	20323224.00
2017/11/06	37.44	37.58	36.91	37.55	603186	22471210.00
2017/11/07	37.72	38.18	37.59	37.89	1099952	41666928.00
2017/11/08	37.90	38.23	37.40	37.60	1171045	44331232.00
2017/11/09	37.58	37.95	37.38	37.73	638500	24041242.00
2017/11/10	37.69	38.50	37.57	38.39	1420045	54039676.00
2017/11/13	38.41	38.49	38.02	38.17	1055066	40335500.00
2017/11/14	38.78	38.78	37.14	37.20	1201528	45462836.00
2017/11/15	37.00	37.35	36.10	36.30	1147842	42045716.00
2017/11/16	36.40	36.66	35.72	35.80	800196	28853706.00
2017/11/17	35.76	36.04	32.22	32.44	1793820	60289088.00
2017/11/20	32.30	32.30	30.65	31.83	776041	24390134.00
2017/11/21	31.57	32.09	30.50	31.13	700896	21926188.00
2017/11/22	31.01	31.74	30.62	31.10	476600	14872308.00
2017/11/23	30.82	31.50	30.17	30.17	623096	19242284.00
2017/11/24	30.27	30.47	29.90	30.12	480100	14487000.00
2017/11/27	30.15	30.78	30.15	30.16	460000	14009389.00
2017/11/28	30.39	30.90	30.26	30.80	474534	14564244.00
2017/11/29	30.90	31.19	30.03	30.54	371496	11385128.00
2017/11/30	30.64	31.13	30.48	30.64	302600	9303833.00
2017/12/01	30.75	31.08	30.54	30.99	383696	11851998.00
2017/12/04	30.85	31.06	28.52	28.57	944200	27878076.00
2017/12/05	28.57	29.01	26.99	28.00	1111034	30871474.00
2017/12/06	27.89	28.50	27.20	28.38	609250	16961610.00
2017/12/07	28.41	28.41	27.87	28.11	423600	11912871.00
2017/12/08	27.95	28.80	27.95	28.51	456788	13015930.00
2017/12/11	28.74	29.07	28.54	29.02	478822	13830528.00
2017/12/12	29.02	29.02	28.03	28.34	412212	11757530.00
2017/12/13	28.10	28.80	28.10	28.71	304376	8672295.00
2017/12/14	28.51	28.87	28.46	28.70	272300	7806581.00
2017/12/15	28.80	28.91	28.30	28.52	323292	9236403.00
2017/12/18	29.48	31.37	28.45	29.80	1600392	48384508.00
2017/12/19	29.94	29.94	29.25	29.39	803346	23673836.00
2017/12/20	29.08	29.39	28.33	28.33	622186	17926258.00
2017/12/21	28.31	28.48	27.10	27.95	616026	17228318.00
2017/12/22	27.78	28.45	27.78	28.10	381492	10747046.00
2017/12/25	28.35	28.35	27.31	27.58	408256	11331880.00
2017/12/26	27.61	28.62	27.60	28.58	689643	19501188.00
2017/12/27	28.44	28.89	28.20	28.27	530322	15106459.00
2017/12/28	28.03	28.80	28.03	28.56	559087	15975714.00
2017/12/29	28.74	28.83	28.34	28.59	412078	11751239.00
2018/01/02	28.65	28.79	28.43	28.71	440535	12621672.00
2018/01/03	28.72	28.93	28.50	28.70	535300	15352172.00
2018/01/04	28.77	28.77	28.39	28.46	450300	12833879.00
2018/01/05	28.69	28.69	28.33	28.50	346035	9858736.00
2018/01/08	28.52	28.54	27.92	28.38	646896	18261570.00
2018/01/09	28.39	30.94	28.21	28.94	1272447	37219952.00
2018/01/10	28.85	28.86	27.54	28.20	878552	24710394.00
2018/01/11	27.91	30.46	27.91	28.77	854997	24519992.00
2018/01/12	28.77	28.77	28.20	28.30	507596	14399498.00
2018/01/15	28.54	28.54	27.35	27.37	631200	17482272.00
2018/01/16	27.37	27.90	27.26	27.59	395396	10917245.00
2018/01/17	27.60	28.47	27.52	28.15	608605	17037256.00
2018/01/18	28.40	28.40	28.06	28.12	414696	11682130.00
2018/01/19	28.26	28.50	27.90	27.93	515924	14527046.00
2018/01/22	27.96	27.98	27.29	27.90	492429	13628740.00
2018/01/23	27.88	28.22	27.82	28.22	400741	11235162.00
2018/01/24	28.30	28.51	27.95	28.44	628788	17808918.00
2018/01/25	28.41	28.79	28.14	28.40	657765	18698678.00
2018/01/26	28.26	28.48	27.83	27.85	453400	12742984.00
2018/01/29	27.79	28.23	27.31	27.39	516700	14259887.00
2018/01/30	27.60	27.60	27.23	27.37	216192	5912571.00
2018/01/31	27.35	27.36	25.05	25.32	818224	21270574.00
2018/02/01	25.32	25.65	22.79	23.07	1142310	27018510.00
2018/02/02	22.84	22.84	21.00	22.20	554300	12276354.00
2018/02/05	21.85	22.36	21.14	22.36	315300	6915932.00
2018/02/06	21.89	23.68	21.50	21.55	556707	12181651.00
2018/02/07	22.10	22.49	21.10	21.93	382326	8391188.00
2018/02/08	21.61	24.12	21.61	23.06	1012030	23598204.00
2018/02/09	22.47	22.90	22.00	22.10	527204	11762037.00
2018/02/12	22.16	23.00	22.12	22.60	331800	7512841.00
2018/02/13	22.62	22.80	22.15	22.17	273800	6157184.00
2018/02/14	22.18	22.39	21.61	21.73	257660	5658411.00
2018/02/22	21.81	22.35	21.81	22.25	325400	7181018.00
2018/02/23	22.15	22.36	22.02	22.32	243700	5402075.00
2018/02/26	22.34	23.23	22.34	23.20	632892	14552777.00
2018/02/27	22.99	23.59	22.95	23.42	535783	12514626.00
2018/02/28	23.28	23.29	22.60	23.04	377595	8702414.00
2018/03/01	23.07	24.96	22.99	24.57	1573695	38480568.00
2018/03/02	24.24	24.59	24.24	24.30	636003	15521003.00
2018/03/05	24.68	24.68	24.05	24.32	424299	10298749.00
2018/03/06	24.31	24.63	24.20	24.35	422150	10295572.00
2018/03/07	24.49	24.49	23.96	24.00	428703	10388632.00
2018/03/08	23.80	24.77	23.80	24.62	716796	17531164.00
2018/03/09	24.52	25.47	24.52	25.34	1204160	30170020.00
2018/03/12	26.00	26.44	25.61	25.74	2092748	54496208.00
2018/03/13	25.60	26.13	25.12	25.19	1042863	26782716.00
2018/03/14	25.18	25.33	24.68	24.81	824452	20663530.00
2018/03/15	24.81	24.81	23.62	23.99	979952	23632818.00
2018/03/16	24.15	24.40	23.99	24.04	281592	6816679.00
2018/03/19	23.93	24.55	23.93	24.38	487844	11865296.00
2018/03/20	24.15	24.59	23.90	24.56	563596	13662703.00
2018/03/21	24.53	25.70	24.53	24.70	1144838	28741978.00
2018/03/22	24.60	25.80	24.46	25.08	1034804	26100576.00
2018/03/23	23.85	24.44	22.81	23.00	1086844	25696704.00
2018/03/26	22.35	23.44	21.70	23.30	557056	12574343.00
2018/03/27	23.46	24.26	23.40	24.00	652500	15641552.00
2018/03/28	23.75	24.92	23.61	24.31	1280969	31407558.00
2018/03/29	24.63	26.70	24.63	25.37	1739373	44063908.00
2018/03/30	25.20	26.28	25.11	26.10	2185638	56357400.00
2018/04/02	26.66	27.60	26.29	26.57	2644077	70852296.00
2018/04/03	26.02	27.86	25.85	27.13	2724988	73518184.00
2018/04/04	27.00	27.68	26.52	26.62	2103392	57201944.00
2018/04/09	26.24	27.30	26.06	27.20	1435934	38550272.00
2018/04/10	27.22	27.59	26.31	27.02	1419010	38128684.00
2018/04/11	27.48	28.12	26.85	27.74	1938938	53479528.00
2018/04/12	27.50	28.49	27.50	27.73	1820630	51022016.00
2018/04/13	27.76	28.45	27.65	27.85	1285841	36031208.00
2018/04/16	27.62	28.30	26.68	27.00	1588334	43130212.00
2018/04/17	27.29	27.58	26.09	26.13	1292904	34676200.00
2018/04/18	26.35	27.10	25.40	26.71	1206667	31662184.00
2018/04/19	26.70	27.00	26.12	26.18	969135	25845874.00
2018/04/20	25.99	26.59	25.86	25.90	762346	19944820.00
2018/04/23	26.00	26.56	25.68	26.25	746912	19570654.00
2018/04/24	26.30	28.25	26.30	28.12	2001943	55103992.00
2018/04/25	27.95	27.95	27.22	27.62	2026935	55855164.00
2018/04/26	27.70	27.70	26.46	26.46	1241800	33643300.00
2018/04/27	26.76	26.77	26.08	26.14	844543	22356814.00
2018/05/02	26.25	26.42	25.47	25.71	851000	21997574.00
2018/05/03	25.56	26.38	25.35	26.30	843992	21977696.00
2018/05/04	26.07	27.50	26.07	27.03	1193300	32063252.00
2018/05/07	26.98	29.73	26.98	29.73	2806241	81763424.00
2018/05/08	31.45	32.70	30.65	32.70	9044580	288371136.00
2018/05/09	31.88	35.97	31.80	35.97	5828014	200770992.00
2018/05/10	34.33	37.00	33.88	34.98	9615625	336318336.00
2018/05/11	34.70	34.90	32.70	34.84	7099666	241524464.00
2018/05/14	33.65	34.43	32.70	33.31	4566085	153826688.00
2018/05/15	33.39	34.33	33.31	34.27	4243674	143762048.00
2018/05/16	33.54	34.10	32.81	33.70	3329416	111239576.00
2018/05/17	33.15	33.55	31.33	32.20	4292437	138239248.00
2018/05/18	31.98	32.30	31.13	31.79	2471625	78352720.00
2018/05/21	31.33	32.55	31.25	32.10	2629700	83908144.00
2018/05/22	31.86	32.80	31.58	32.58	2979121	96207008.00
2018/05/23	32.70	32.71	31.50	31.57	2076300	66503640.00
2018/05/24	31.56	32.61	31.20	32.00	2313358	74357912.00
2018/05/25	31.74	33.51	31.65	33.16	3320772	108677584.00
2018/05/28	33.00	33.09	32.02	32.25	1958200	63487944.00
2018/05/29	32.02	32.30	30.02	30.53	2432932	75210936.00
2018/05/30	30.02	30.03	27.80	27.89	1913578	54579952.00
2018/05/31	28.26	28.85	28.00	28.79	1125231	31983530.00
2018/06/01	28.89	29.16	28.06	28.40	1140313	32754480.00
2018/06/04	28.89	29.50	28.65	29.36	1240017	36041812.00
2018/06/05	29.53	30.34	29.16	30.10	1897396	56901716.00
2018/06/06	30.27	31.45	29.55	31.44	2239954	69144224.00
2018/06/07	31.60	32.70	30.35	30.44	2743400	86981304.00
2018/06/08	29.97	32.20	29.13	32.20	3222696	100731640.00
2018/06/11	21.00	21.47	20.67	21.37	3212735	68107976.00
2018/06/12	21.48	21.57	19.23	20.14	5109531	101519040.00
2018/06/13	19.78	20.94	19.21	19.25	3641950	72717832.00
2018/06/14	18.60	19.32	18.10	18.90	2572558	48393600.00
2018/06/15	19.34	19.38	17.11	17.47	2357700	42743848.00
2018/06/19	16.89	16.94	15.72	15.72	2265450	36547968.00
2018/06/20	15.78	16.45	15.40	15.97	2128558	33874876.00
2018/06/21	16.00	16.50	15.06	15.68	1896908	30036364.00
2018/06/22	15.60	16.13	15.22	16.04	1731735	27425906.00
2018/06/25	16.05	17.64	15.85	17.64	6101738	105406312.00
2018/06/26	17.00	17.74	16.78	17.49	5080067	87654248.00
2018/06/27	17.35	17.49	16.97	17.09	2951946	50683416.00
2018/06/28	16.81	17.27	16.23	16.30	2465887	41372724.00
2018/06/29	16.47	17.15	16.38	17.12	2606546	44106640.00
2018/07/02	16.93	17.90	16.80	17.30	3971596	68914704.00
2018/07/03	17.04	17.73	17.03	17.55	2969800	51670680.00
2018/07/04	17.38	17.50	16.35	16.39	2400606	40572336.00
2018/07/05	16.41	18.03	16.41	17.65	8037778	143948832.00
2018/07/06	16.85	18.98	16.68	18.64	9517549	170668032.00
2018/07/09	18.18	18.75	18.00	18.70	6419206	117477912.00
2018/07/10	18.44	18.61	18.08	18.45	4345992	79916480.00
2018/07/11	18.01	18.01	16.70	17.46	3895858	68006808.00
2018/07/12	17.46	18.22	17.26	18.13	3576404	64198100.00
2018/07/13	17.96	18.17	17.67	18.03	2172550	38924152.00
2018/07/16	17.90	18.38	17.60	18.30	2048900	36998488.00
2018/07/17	18.30	18.38	17.85	18.09	1568200	28311422.00
2018/07/18	18.20	18.29	17.65	17.66	1877248	33701816.00
2018/07/19	17.69	17.84	16.83	17.21	2046450	35319616.00
2018/07/20	17.07	17.60	17.07	17.48	1372476	23838036.00
2018/07/23	17.50	17.52	17.16	17.37	1228700	21280024.00
2018/07/24	17.42	17.66	17.12	17.39	1571594	27432560.00
2018/07/25	17.50	17.64	17.41	17.57	1448250	25365320.00
2018/07/26	17.62	17.75	16.86	16.95	1855908	31793070.00
2018/07/27	16.95	16.95	16.40	16.62	1044200	17381770.00
2018/07/30	16.68	16.69	16.23	16.33	902450	14842360.00
2018/07/31	16.29	16.57	16.22	16.38	726200	11919498.00
2018/08/01	16.36	16.58	15.84	15.96	731850	11958972.00
2018/08/02	16.03	16.04	15.04	15.50	1418775	21852982.00
2018/08/03	15.49	15.65	15.32	15.34	569000	8813468.00
2018/08/06	15.20	15.50	14.00	14.07	1363600	19869564.00
2018/08/07	14.14	14.99	14.14	14.96	1247144	18176038.00
2018/08/08	14.95	15.15	14.68	14.85	931787	13899452.00
2018/08/09	16.01	16.34	15.50	15.50	2702825	43077560.00
2018/08/10	15.08	15.50	15.08	15.41	1826650	27942356.00
2018/08/13	15.08	15.38	14.80	15.33	1254600	18952202.00
2018/08/14	15.16	15.32	15.08	15.19	944450	14330956.00
2018/08/15	15.20	15.30	14.70	14.73	851100	12743967.00
2018/08/16	14.40	14.95	14.26	14.83	859350	12611466.00
2018/08/17	14.89	14.96	14.13	14.15	869291	12645661.00
2018/08/20	14.10	14.76	14.03	14.70	997238	14417861.00
2018/08/21	14.70	14.99	14.52	14.65	1110392	16390709.00
2018/08/22	14.73	14.91	14.51	14.68	758543	11181461.00
2018/08/23	14.70	15.42	14.52	15.15	1746975	26024972.00
2018/08/24	15.01	15.20	14.73	15.16	1564902	23418102.00
2018/08/27	15.10	15.47	15.00	15.28	1334239	20399550.00
2018/08/28	15.21	15.32	15.08	15.20	699013	10627868.00
2018/08/29	15.20	15.23	15.02	15.07	531794	8025370.00
2018/08/30	15.28	15.38	14.70	14.81	849527	12777331.00
2018/08/31	14.77	14.94	14.52	14.62	951067	13970959.00
2018/09/03	14.63	14.95	14.35	14.74	745727	10893704.00
2018/09/04	14.80	15.28	14.65	15.10	1043021	15649701.00
2018/09/05	15.28	15.44	14.60	14.65	988700	14850839.00
2018/09/06	14.65	15.10	14.55	14.78	812800	12035982.00
2018/09/07	14.75	15.06	14.66	14.83	812043	12088455.00
2018/09/10	14.81	14.81	14.09	14.20	931644	13387203.00
2018/09/11	14.22	14.52	14.10	14.36	576050	8244475.50
2018/09/12	14.20	14.76	14.20	14.54	767738	11203100.00
2018/09/13	14.78	14.79	14.46	14.71	710597	10415269.00
2018/09/14	14.80	15.08	14.69	14.73	1040703	15487757.00
2018/09/17	14.69	14.89	14.15	14.30	816268	11771410.00
2018/09/18	14.30	14.48	14.05	14.43	883485	12626638.00
2018/09/19	14.35	15.25	14.27	14.93	2085938	31122780.00
2018/09/20	14.90	14.97	14.75	14.88	1211788	17981520.00
2018/09/21	14.87	15.00	14.56	14.90	1238500	18316940.00
2018/09/25	14.80	14.84	14.65	14.75	763650	11260426.00
2018/09/26	14.69	14.99	14.69	14.84	980800	14563664.00
2018/09/27	14.73	14.88	14.17	14.27	1076750	15689168.00
2018/09/28	14.27	14.59	14.27	14.57	748844	10862795.00
2018/10/08	13.99	14.41	13.88	14.12	835188	11866366.00
2018/10/09	14.15	14.44	14.09	14.20	647663	9208552.00
2018/10/10	14.20	14.91	14.13	14.91	1648600	23923816.00
2018/10/11	14.40	14.82	13.42	13.71	1942087	27659174.00
2018/10/12	13.25	15.08	12.50	14.74	3194532	45313684.00
2018/10/15	14.71	15.20	14.31	15.12	3391715	50533972.00
2018/10/16	15.05	15.07	14.24	14.78	2401463	35383376.00
2018/10/17	14.78	15.06	14.20	14.84	2056400	30200342.00
2018/10/18	14.79	16.32	14.63	15.85	6852625	107319160.00
2018/10/19	15.21	15.80	14.81	15.75	4852846	74427712.00
2018/10/22	15.65	16.72	15.53	16.34	4818288	77665832.00
2018/10/23	16.09	16.18	15.73	15.82	3164624	50261916.00
2018/10/24	15.54	15.80	15.15	15.36	2677707	41155568.00
2018/10/25	14.70	14.70	14.25	14.52	2324940	33647328.00
2018/10/26	14.66	14.80	14.33	14.33	1380550	20064596.00
2018/10/29	14.17	14.32	13.81	13.92	1141282	16042159.00
2018/10/30	13.92	14.28	13.68	14.09	1427693	19969066.00
2018/10/31	14.18	14.52	14.12	14.34	1293740	18540830.00
2018/11/01	14.60	14.78	14.34	14.57	1800251	26204224.00
2018/11/02	14.71	14.85	14.50	14.81	1869850	27482150.00
2018/11/05	14.75	14.99	14.56	14.93	1617850	23945864.00
2018/11/06	14.85	14.85	14.45	14.63	1024885	14944100.00
2018/11/07	14.62	15.95	14.53	15.55	5267795	80364448.00
2018/11/08	15.40	15.49	15.10	15.42	2958791	45224296.00
2018/11/09	15.25	15.42	15.14	15.17	1515300	23084552.00
2018/11/12	15.02	15.38	14.91	15.36	1829800	27853136.00
2018/11/13	15.20	15.45	15.11	15.41	2126150	32558080.00
2018/11/14	15.41	15.48	15.21	15.29	1418250	21752072.00
2018/11/15	15.19	15.84	15.15	15.63	2684244	41865720.00
2018/11/16	15.60	15.78	15.55	15.67	1708250	26762158.00
2018/11/19	15.59	15.59	15.25	15.48	1587788	24467132.00
2018/11/20	15.29	15.29	14.45	14.45	3059594	45363308.00
2018/11/21	14.40	14.63	14.20	14.59	1206357	17461894.00
2018/11/22	14.78	14.78	14.50	14.51	785400	11464194.00
2018/11/23	14.46	14.57	13.81	13.83	1320894	18596206.00
2018/11/26	13.83	14.10	13.81	13.91	640000	8931400.00
2018/11/27	13.90	14.68	13.90	14.63	1718235	24667652.00
2018/11/28	14.46	15.00	14.44	14.95	1838866	27254656.00
2018/11/29	14.90	15.23	14.30	14.35	1709117	25528254.00
2018/11/30	14.23	15.13	14.23	14.85	1732517	25629252.00
2018/12/03	15.08	15.21	14.85	15.14	2175944	32839524.00
2018/12/04	15.17	15.86	15.03	15.71	3617710	55985680.00
2018/12/05	15.35	16.28	15.35	15.88	3718925	59124336.00
2018/12/06	15.87	16.17	15.69	15.70	2582091	41112236.00
2018/12/07	15.72	16.33	15.48	16.18	5310128	84337704.00
2018/12/10	15.80	16.49	15.65	15.71	3668644	58933100.00
2018/12/11	15.82	16.10	15.55	15.89	3752010	59357024.00
2018/12/12	15.91	16.50	15.61	15.61	3872244	61641464.00
2018/12/13	15.59	16.06	15.59	15.72	2595053	41211608.00
2018/12/14	15.93	16.16	15.36	15.38	2038311	32197566.00
2018/12/17	15.43	15.70	14.69	14.82	2444712	36964744.00
2018/12/18	14.67	14.96	14.63	14.80	1185300	17567804.00
2018/12/19	14.72	14.81	14.35	14.40	1310600	19042476.00
2018/12/20	14.35	14.47	14.04	14.23	1710100	24276860.00
2018/12/21	14.13	14.37	13.99	14.07	1375184	19381354.00
2018/12/24	14.11	14.45	13.96	14.45	1626284	23177792.00
2018/12/25	14.28	14.28	13.71	14.16	2003950	27993768.00
2018/12/26	14.17	14.65	14.06	14.48	2734594	39216580.00
2018/12/27	14.61	14.66	14.07	14.39	2515262	36293564.00
2018/12/28	14.28	14.38	14.08	14.12	883950	12552851.00
2019/01/02	14.13	14.32	14.01	14.22	516344	7301860.50
2019/01/03	14.23	14.32	14.00	14.03	592510	8361393.00
2019/01/04	13.95	14.38	13.83	14.30	942107	13405265.00
2019/01/07	14.40	15.73	14.32	15.73	4634348	71164056.00
2019/01/08	15.54	15.66	15.08	15.12	3896128	59479496.00
2019/01/09	15.12	15.32	14.90	15.09	3388707	51178328.00
2019/01/10	15.00	15.10	14.81	14.91	1717949	25690912.00
2019/01/11	14.91	15.20	14.85	15.04	2213187	33413240.00
2019/01/14	15.10	15.10	14.45	14.62	1749766	25784376.00
2019/01/15	14.53	14.89	14.50	14.86	1469100	21630184.00
2019/01/16	14.89	15.16	14.86	15.10	2169013	32686182.00
2019/01/17	15.09	15.10	14.65	14.72	1044150	15432188.00
2019/01/18	14.72	14.87	14.65	14.74	763057	11250814.00
2019/01/21	14.74	14.99	14.74	14.96	764550	11389117.00
2019/01/22	15.00	15.00	14.71	14.78	628850	9329995.00
2019/01/23	14.74	14.95	14.74	14.95	855050	12704126.00
2019/01/24	14.90	15.15	14.87	14.96	1276150	19202080.00
2019/01/25	14.87	15.00	14.70	14.72	1053660	15665436.00
2019/01/28	14.85	14.91	14.30	14.32	1055610	15392300.00
2019/01/29	14.32	14.49	13.90	14.15	1042994	14752490.00
2019/01/30	14.08	14.24	13.95	13.95	761050	10729162.00
2019/01/31	13.95	14.13	13.60	13.60	988650	13680150.00
2019/02/01	13.67	13.94	13.67	13.89	754460	10432011.00
2019/02/11	13.90	14.31	13.90	14.24	768410	10848127.00
2019/02/12	14.24	14.36	14.16	14.34	681439	9732981.00
2019/02/13	14.30	14.68	14.30	14.57	1339710	19486230.00
2019/02/14	14.57	14.74	14.47	14.60	834500	12191524.00
2019/02/15	14.52	14.95	14.52	14.67	1358300	20032574.00
2019/02/18	14.80	15.10	14.77	15.07	1484527	22223610.00
2019/02/19	15.08	15.20	14.83	15.00	1793217	26944736.00
2019/02/20	15.06	15.10	14.75	14.99	1336127	19950404.00
2019/02/21	15.08	15.29	14.82	14.99	2281210	34471424.00
2019/02/22	14.84	15.27	14.81	15.26	1775410	26876446.00
2019/02/25	15.30	15.80	15.22	15.77	2932864	45689260.00
2019/02/26	15.76	16.00	15.44	15.62	2931656	46209480.00
2019/02/27	15.68	16.04	15.36	15.52	2247104	35430892.00
2019/02/28	15.73	15.83	15.55	15.80	1633700	25672572.00
2019/03/01	15.80	15.92	15.32	15.59	1675988	26084144.00
2019/03/04	15.45	15.99	15.35	15.82	3167132	49791728.00
2019/03/05	15.75	16.29	15.50	16.25	3071383	49264292.00
2019/03/06	16.40	16.40	15.80	16.26	3436689	55381896.00
2019/03/07	16.23	16.86	16.02	16.63	4315282	70908288.00
2019/03/08	16.32	16.49	15.60	15.64	3460614	55886136.00
2019/03/11	15.64	17.12	15.64	16.85	5050602	82827240.00
2019/03/12	16.96	17.42	16.67	17.13	6623190	112778200.00
2019/03/13	17.30	17.58	16.63	16.79	4184152	71637936.00
2019/03/14	16.50	16.75	15.90	16.07	2658912	43247180.00
2019/03/15	16.09	16.36	15.99	16.19	1600300	25888380.00
2019/03/18	16.20	16.46	16.04	16.44	1771207	28825446.00
2019/03/19	16.44	16.70	16.22	16.37	1691997	27768752.00
2019/03/20	16.60	16.73	16.08	16.40	1925644	31617794.00
2019/03/21	16.30	16.60	16.29	16.45	2685062	44186960.00
2019/03/22	16.44	16.48	16.08	16.36	1688765	27538812.00
2019/03/25	16.18	16.52	16.01	16.33	1492697	24351842.00
2019/03/26	16.30	16.70	15.96	16.03	2550343	41771348.00
2019/03/27	16.08	16.16	15.52	15.90	1929294	30480180.00
2019/03/28	15.76	16.15	15.58	15.63	1526664	24228560.00
2019/03/29	15.63	16.10	15.46	16.03	1406050	22227180.00
2019/04/01	16.10	17.09	16.10	16.90	3580738	59629240.00
2019/04/02	16.90	17.16	16.80	16.85	2738044	46369016.00
2019/04/03	16.80	17.43	16.70	17.15	2680237	45771308.00
2019/04/04	17.15	17.41	16.88	17.01	1802840	30774678.00
2019/04/08	17.05	17.26	16.50	16.70	2188189	36850696.00
2019/04/09	16.84	17.15	16.61	17.14	2446650	41233040.00
2019/04/10	17.00	17.27	16.83	17.09	2034949	34733344.00
2019/04/11	17.17	17.17	16.69	16.81	1849257	31227176.00
2019/04/12	16.85	17.57	16.70	17.55	3506168	60483632.00
2019/04/15	17.90	17.90	16.83	16.93	3991750	68864808.00
2019/04/16	16.79	17.26	16.68	17.17	2201353	37462140.00
2019/04/17	17.22	17.40	16.96	17.11	1819800	31234984.00
2019/04/18	17.08	17.20	16.88	16.91	1617159	27493914.00
2019/04/19	16.94	17.20	16.83	17.19	1267750	21604998.00
2019/04/22	17.14	17.31	16.97	17.08	1354000	23241036.00
2019/04/23	17.09	17.09	16.81	16.93	1193109	20215442.00
2019/04/24	16.99	17.07	16.36	16.68	1609148	26723798.00
2019/04/25	16.65	17.45	16.40	17.02	3437600	58655704.00
2019/04/26	16.86	17.55	16.66	17.54	4257103	73727872.00
2019/04/29	17.85	17.86	16.05	16.32	3239940	54774504.00
2019/04/30	16.27	16.48	15.69	15.75	1714550	27492056.00
2019/05/06	15.10	15.37	14.22	14.35	1506697	22281994.00
2019/05/07	14.36	14.74	14.36	14.65	1229982	17948850.00
2019/05/08	14.36	14.86	14.30	14.64	571950	8378065.00
2019/05/09	14.52	15.01	14.52	14.81	674502	9947658.00
2019/05/10	14.81	15.25	14.74	15.15	740296	11135450.00
2019/05/13	15.14	15.90	14.80	15.80	1472953	22844684.00
2019/05/14	16.19	16.20	15.56	15.99	1603081	25774142.00
2019/05/15	15.88	17.13	15.88	17.00	2967297	49689516.00
2019/05/16	16.94	17.30	16.80	17.00	1709084	29083126.00
2019/05/17	17.26	17.26	16.41	16.88	1189644	20054060.00
2019/05/20	17.16	17.80	16.35	16.93	2942594	50100252.00
2019/05/21	16.68	17.15	16.41	16.84	5234214	87913840.00
2019/05/22	16.65	16.75	16.25	16.59	2312646	38021776.00
2019/05/23	16.50	17.80	16.23	16.63	6357626	107497376.00
2019/05/24	16.30	16.45	15.90	16.24	2182100	35161300.00
2019/05/27	16.30	16.80	16.11	16.60	5230234	86700232.00
2019/05/28	16.50	16.85	16.30	16.58	5294883	87846616.00
2019/05/29	16.60	16.70	16.14	16.14	4826109	79331920.00
2019/05/30	15.99	15.99	15.21	15.30	2606594	40251476.00
2019/05/31	15.30	15.80	15.21	15.30	1492126	23050938.00
2019/06/03	15.20	15.27	14.81	14.88	1171100	17496136.00
2019/06/04	14.88	15.40	14.76	14.83	1874100	28276104.00
2019/06/05	14.94	15.04	14.80	14.89	954050	14203413.00
2019/06/06	14.96	14.96	14.67	14.85	1038270	15382755.00
2019/06/10	14.85	15.24	14.72	15.06	1622500	24359542.00
2019/06/11	15.00	15.60	14.94	15.38	2301470	35079148.00
2019/06/12	15.35	15.38	15.09	15.12	1102120	16789054.00
2019/06/13	15.10	15.38	14.97	15.24	1464000	22193714.00
2019/06/14	15.25	15.25	14.92	14.95	846700	12756172.00
2019/06/17	15.08	15.17	14.93	15.14	660877	9955827.00
2019/06/18	15.15	15.21	15.11	15.17	716003	10860325.00
2019/06/19	15.35	15.50	15.17	15.19	1051700	16084712.00
2019/06/20	15.16	16.50	15.07	15.87	4209476	66708324.00
2019/06/21	15.74	16.03	15.73	15.93	1515482	24119770.00
2019/06/24	15.94	15.98	15.63	15.78	906692	14276034.00
2019/06/25	15.82	16.22	15.71	15.77	2127180	33937836.00
2019/06/26	15.49	15.94	15.49	15.79	875698	13831478.00
2019/06/27	15.58	15.99	15.58	15.74	1901494	30097312.00
2019/06/28	15.74	15.93	15.42	15.42	1161198	18178824.00
2019/07/01	15.68	16.10	15.60	15.99	2366725	37681988.00
2019/07/02	15.97	16.20	15.89	16.06	2106221	33881788.00
2019/07/03	16.06	16.06	15.72	15.77	905500	14366328.00
2019/07/04	15.72	15.85	15.52	15.62	648157	10149707.00
2019/07/05	15.61	16.20	15.46	15.99	2017607	32150298.00
2019/07/08	15.93	16.47	15.30	15.88	2453065	38720220.00
2019/07/09	15.75	16.30	15.62	16.08	1582019	25235738.00
2019/07/10	16.00	16.70	15.81	16.46	3971518	64968924.00
2019/07/11	16.38	16.67	16.20	16.62	3441662	56535256.00
2019/07/12	16.45	16.54	16.10	16.14	2482121	40496304.00
2019/07/15	16.23	16.54	15.91	16.50	2951481	48178448.00
2019/07/16	16.47	16.47	16.21	16.23	1341650	21875556.00
2019/07/17	16.24	16.33	15.98	16.12	1282671	20753554.00
2019/07/18	16.06	16.06	15.50	15.51	1598553	25075332.00
2019/07/19	15.56	15.74	15.55	15.59	781654	12221862.00
2019/07/22	15.56	15.70	15.03	15.23	776532	11845698.00
2019/07/23	15.15	15.33	15.08	15.22	671200	10193456.00
2019/07/24	15.24	15.59	15.22	15.49	1013415	15569101.00
2019/07/25	15.51	15.51	15.33	15.41	821450	12648407.00
2019/07/26	15.46	15.46	15.26	15.27	706800	10827476.00
2019/07/29	15.27	15.40	15.07	15.38	401721	6149006.00
2019/07/30	15.26	15.59	15.26	15.36	785694	12159524.00
2019/07/31	15.40	15.63	15.27	15.50	952276	14743398.00
2019/08/01	15.38	15.63	15.30	15.50	593044	9184966.00
2019/08/02	15.31	15.31	15.05	15.16	724676	10988658.00
2019/08/05	15.02	15.15	14.65	14.70	1233282	18345290.00
2019/08/06	14.49	14.49	13.60	14.03	1124912	15903285.00
2019/08/07	14.03	15.43	13.93	15.00	2446935	35830544.00
2019/08/08	14.80	15.04	14.51	14.51	881194	12987306.00
2019/08/09	14.61	14.61	14.16	14.16	661994	9479625.00
2019/08/12	14.19	14.37	14.10	14.30	684706	9729487.00
2019/08/13	14.24	14.30	14.03	14.29	366012	5202080.00
2019/08/14	14.29	14.56	14.29	14.50	754850	10926112.00
2019/08/15	14.05	15.35	14.04	15.13	1949615	29080884.00
2019/08/16	15.12	15.69	15.03	15.26	2445800	37741864.00
2019/08/19	15.41	15.82	15.41	15.60	2344557	36734776.00
2019/08/20	15.72	15.86	15.50	15.54	1202350	18787210.00
2019/08/21	15.65	15.66	15.36	15.49	909000	14086287.00
2019/08/22	15.45	15.68	15.34	15.40	571450	8841802.00
2019/08/23	15.54	15.80	15.30	15.54	1069050	16610687.00
2019/08/26	15.30	15.89	15.30	15.78	1420500	22300870.00
2019/08/27	15.96	15.96	15.66	15.76	1336173	21083288.00
2019/08/28	15.68	15.75	15.38	15.41	2111100	32749378.00
2019/08/29	15.41	15.48	15.24	15.29	1464850	22464708.00
2019/08/30	15.33	15.45	14.81	14.95	1632700	24833766.00
2019/09/02	15.00	15.44	15.00	15.40	1615000	24697178.00
2019/09/03	15.45	15.48	15.12	15.31	1125300	17193108.00
2019/09/04	15.31	15.36	15.02	15.19	1077300	16333604.00
2019/09/05	15.28	15.75	15.20	15.48	2104844	32461988.00
2019/09/06	15.69	15.87	15.28	15.46	1642400	25415596.00
2019/09/09	15.47	15.83	15.32	15.83	4449853	69560416.00
2019/09/10	15.81	15.93	15.58	15.64	2044860	32035814.00
2019/09/11	15.65	15.72	15.35	15.40	1685100	26173534.00
2019/09/12	15.40	15.50	15.20	15.40	1445000	22156808.00
2019/09/16	15.49	15.78	15.40	15.77	2122505	33217348.00
2019/09/17	15.78	15.78	15.28	15.50	1563799	24291042.00
2019/09/18	15.30	16.50	15.30	16.01	5299429	84556824.00
2019/09/19	15.92	16.16	15.80	16.03	3260291	52008012.00
2019/09/20	16.01	16.39	15.85	16.33	3823083	61551764.00
2019/09/23	16.31	16.31	15.78	16.03	2675382	42671136.00
2019/09/24	15.98	16.18	15.83	15.99	1807549	28938798.00
2019/09/25	15.93	15.93	15.33	15.33	2103223	32825290.00
2019/09/26	15.38	15.45	14.61	14.67	2452933	36500644.00
2019/09/27	14.58	14.90	14.55	14.74	1197850	17671600.00
2019/09/30	14.52	14.85	14.52	14.64	985650	14516552.00
2019/10/08	14.69	14.85	14.56	14.66	819294	12081584.00
2019/10/09	14.65	14.93	14.51	14.82	765548	11311703.00
2019/10/10	14.81	15.05	14.68	15.02	1191731	17781282.00
2019/10/11	15.08	15.86	14.83	15.69	3936453	60697536.00
2019/10/14	15.85	15.89	15.42	15.68	3054502	47722264.00
2019/10/15	15.67	15.88	15.42	15.62	2043359	32033988.00
2019/10/16	15.60	15.87	15.52	15.53	1375628	21568682.00
2019/10/17	15.50	15.78	15.49	15.72	1259729	19746158.00
2019/10/18	15.65	15.85	15.45	15.79	1721665	26997752.00
2019/10/21	15.78	15.79	15.03	15.35	1474755	22674498.00
2019/10/22	15.39	15.47	15.20	15.42	879600	13483364.00
2019/10/23	15.52	15.75	15.38	15.44	1191763	18507894.00
2019/10/24	15.46	16.20	15.33	15.46	1881796	29316500.00
2019/10/25	15.50	15.50	14.60	14.72	4324857	64021740.00
2019/10/28	14.60	14.92	14.57	14.84	2982601	44044248.00
2019/10/29	14.85	14.90	14.34	14.38	2173200	31710342.00
2019/10/30	14.39	14.45	14.14	14.26	1548904	22080880.00
2019/10/31	14.31	14.37	14.19	14.28	889187	12697506.00
2019/11/01	14.30	14.46	14.15	14.41	1168082	16751259.00
2019/11/04	14.49	14.58	14.38	14.42	864100	12488108.00
2019/11/05	14.40	14.49	14.24	14.41	761150	10945412.00
2019/11/06	14.41	14.55	14.39	14.47	903605	13057408.00
2019/11/07	14.47	14.60	14.37	14.57	929150	13449449.00
2019/11/08	14.57	14.68	14.38	14.41	1076700	15587719.00
2019/11/11	14.23	14.23	13.82	13.84	1382656	19333344.00
2019/11/12	13.81	14.03	13.74	13.86	798200	11046444.00
2019/11/13	13.75	13.87	13.72	13.80	514898	7100368.50
2019/11/14	13.84	14.01	13.80	13.93	607650	8459480.00
2019/11/15	13.96	13.96	13.71	13.75	563400	7770741.00
2019/11/18	13.79	13.80	13.65	13.75	476600	6548036.50
2019/11/19	13.75	13.94	13.75	13.93	567050	7862695.00
2019/11/20	13.90	13.96	13.69	13.76	695350	9608214.00
2019/11/21	13.76	13.76	13.62	13.62	688100	9397519.00
2019/11/22	13.65	13.79	13.41	13.49	658100	8944622.00
2019/11/25	13.55	13.55	13.22	13.37	578800	7728289.50
2019/11/26	13.38	13.48	13.32	13.41	351550	4700964.00
2019/11/27	13.41	13.45	13.28	13.35	371350	4967855.50
2019/11/28	13.29	13.55	13.29	13.45	526950	7093421.50
2019/11/29	13.55	13.78	13.42	13.55	569850	7758435.50
2019/12/02	13.52	13.79	13.52	13.64	372150	5052124.00
2019/12/03	13.53	13.67	13.44	13.61	438600	5943886.50
2019/12/04	13.59	13.75	13.53	13.63	414800	5667359.50
2019/12/05	13.63	13.77	13.63	13.75	534000	7317596.00
2019/12/06	13.74	13.78	13.62	13.74	520900	7138433.50
2019/12/09	13.70	13.84	13.64	13.81	519600	7158527.50
2019/12/10	13.72	13.81	13.60	13.76	674200	9244946.00
2019/12/11	13.83	14.11	13.79	13.90	1603554	22387362.00
2019/12/12	13.80	13.81	13.62	13.67	799650	10962285.00
2019/12/13	13.72	13.79	13.66	13.75	731400	10041044.00
2019/12/16	13.78	14.07	13.72	14.03	1104350	15355184.00
2019/12/17	14.00	14.16	13.94	14.11	1546800	21758708.00
2019/12/18	14.06	14.26	14.00	14.22	1045297	14798378.00
2019/12/19	14.23	14.56	14.21	14.34	1677597	24145038.00
2019/12/20	14.33	14.46	14.07	14.07	924054	13132299.00
2019/12/23	14.17	14.63	14.09	14.35	2704594	39016480.00
2019/12/24	14.28	14.45	14.06	14.43	1829760	26034898.00
2019/12/25	14.30	14.30	14.11	14.24	1279647	18163444.00
2019/12/26	14.13	14.26	14.05	14.25	1124377	15921006.00
2019/12/27	14.25	14.30	14.08	14.10	1065375	15134051.00
2019/12/30	14.09	14.18	13.84	14.12	918292	12858073.00
2019/12/31	14.12	14.34	14.08	14.18	744892	10579016.00
2020/01/02	14.24	14.42	14.15	14.40	1247900	17910842.00
2020/01/03	14.40	14.55	14.34	14.43	1050500	15185013.00
2020/01/06	14.38	14.58	14.35	14.53	1313293	19051058.00
2020/01/07	14.54	14.63	14.51	14.62	1412293	20577500.00
2020/01/08	14.62	14.66	14.30	14.33	1458850	21144980.00
2020/01/09	14.48	14.65	14.40	14.64	1397400	20349218.00
2020/01/10	14.68	14.68	14.47	14.53	951450	13848270.00
2020/01/13	14.55	14.66	14.45	14.60	1254006	18244198.00
2020/01/14	14.64	14.78	14.51	14.59	1574700	23052520.00
2020/01/15	14.55	14.59	14.34	14.39	1324754	19084752.00
2020/01/16	14.38	14.45	14.18	14.26	1405767	20079524.00
2020/01/17	14.30	14.36	14.22	14.32	867623	12397615.00
2020/01/20	14.32	14.47	14.12	14.42	1124563	16061675.00
2020/01/21	14.42	14.42	14.10	14.11	897600	12778492.00
2020/01/22	14.16	14.16	13.70	14.13	1120094	15608937.00
2020/01/23	14.15	14.25	13.41	13.64	1105225	15261743.00
2020/02/03	12.28	12.28	12.28	12.28	291400	3578392.00
2020/02/04	11.18	11.96	11.18	11.75	1826600	21369692.00
2020/02/05	11.78	12.07	11.68	11.93	1483550	17701274.00
2020/02/06	11.86	12.22	11.82	12.09	1212550	14555612.00
2020/02/07	12.06	12.29	11.93	12.27	960481	11665520.00
2020/02/10	12.26	12.44	12.16	12.43	1037181	12789227.00
2020/02/11	12.44	12.46	12.24	12.24	765300	9451326.00
2020/02/12	12.28	12.57	12.20	12.46	995450	12362896.00
2020/02/13	12.46	12.57	12.20	12.23	937564	11578214.00
2020/02/14	12.12	12.40	12.12	12.25	758000	9276326.00
2020/02/17	12.27	12.83	12.27	12.74	1344724	16977878.00
2020/02/18	12.73	12.95	12.60	12.94	1355214	17394700.00
2020/02/19	12.95	13.25	12.77	13.00	1935750	25199098.00
2020/02/20	13.05	13.39	13.00	13.30	1578240	20842918.00
2020/02/21	13.30	13.63	13.26	13.48	1883150	25400888.00
2020/02/24	13.40	14.00	13.30	13.95	1941514	26515524.00
2020/02/25	13.54	14.28	13.45	14.18	3507222	48725528.00
2020/02/26	14.00	14.85	13.81	14.25	5045788	72828136.00
2020/02/27	14.21	14.57	13.93	14.03	2384100	33757152.00
2020/02/28	13.43	14.04	13.29	13.60	2469844	33686144.00
2020/03/02	13.87	14.11	13.61	13.96	1966286	27361894.00
2020/03/03	14.44	14.44	13.75	13.82	1864168	26278932.00
2020/03/04	13.90	13.90	13.56	13.82	1149775	15816019.00
2020/03/05	13.97	14.07	13.80	13.96	1550911	21523114.00
2020/03/06	13.57	14.18	13.57	14.05	1474669	20544492.00
2020/03/09	13.88	13.95	13.39	13.40	1308625	17902408.00
2020/03/10	13.39	13.76	13.08	13.76	1293906	17426256.00
2020/03/11	13.76	14.00	13.66	13.66	1346144	18670298.00
2020/03/12	13.58	13.58	13.12	13.26	1323294	17595316.00
2020/03/13	12.79	13.20	12.50	13.15	1287756	16567670.00
2020/03/16	13.30	13.98	12.68	12.75	1243597	16394610.00
2020/03/17	12.90	13.09	12.09	12.73	910650	11446756.00
2020/03/18	12.73	12.95	12.51	12.56	929956	11888250.00
2020/03/19	12.50	12.78	12.33	12.73	962197	12126723.00
2020/03/20	12.71	12.94	12.64	12.91	1006461	12875961.00
2020/03/23	12.73	12.78	12.47	12.50	849850	10705972.00
2020/03/24	12.75	12.86	12.48	12.73	682050	8647113.00
2020/03/25	12.85	13.45	11.47	13.36	1923805	25206002.00
2020/03/26	13.26	13.73	13.12	13.38	1577924	21266356.00
2020/03/27	13.54	13.70	13.34	13.41	1217944	16420529.00
2020/03/30	13.17	13.28	12.90	13.16	978080	12787346.00
2020/03/31	13.30	13.40	12.76	12.78	971750	12605380.00
2020/04/01	12.77	12.96	12.43	12.54	795750	10105316.00
2020/04/02	12.55	12.72	12.20	12.72	766850	9632864.00
2020/04/03	12.55	12.90	12.38	12.41	558950	7010203.00
2020/04/07	12.62	12.85	12.56	12.78	730968	9306572.00
2020/04/08	12.78	12.98	12.64	12.91	724400	9321810.00
2020/04/09	12.94	13.12	12.92	13.06	675750	8790784.00
2020/04/10	13.06	13.13	12.60	12.70	630850	8057787.50
2020/04/13	12.63	12.66	12.41	12.53	433250	5431032.00
2020/04/14	12.51	12.86	12.51	12.86	705494	8978129.00
2020/04/15	12.88	12.97	12.72	12.90	851069	10942062.00
2020/04/16	12.66	12.79	12.47	12.67	912269	11514402.00
2020/04/17	12.67	12.83	12.60	12.66	646884	8230937.50
2020/04/20	12.70	12.80	12.58	12.79	645100	8213764.50
2020/04/21	12.61	12.76	12.60	12.72	498400	6320930.00
2020/04/22	12.72	12.97	12.63	12.95	761100	9772708.00
2020/04/23	12.95	13.00	12.79	12.84	627818	8081721.00
2020/04/24	12.75	12.88	12.55	12.61	778418	9854524.00
2020/04/27	12.61	12.66	12.45	12.57	388450	4887263.50
2020/04/28	12.57	12.57	11.88	12.18	876150	10665358.00
2020/04/29	12.27	12.38	12.11	12.19	544100	6668934.50
2020/04/30	12.20	12.62	12.19	12.50	786802	9809575.00
2020/05/06	12.32	12.78	12.32	12.73	761250	9610115.00
2020/05/07	12.69	12.98	12.68	12.74	704650	9005168.00
2020/05/08	12.88	13.37	12.88	13.24	2180184	28754088.00
2020/05/11	13.12	13.30	12.97	13.01	1530968	20096940.00
2020/05/12	13.03	13.12	12.81	12.91	929616	12029487.00
2020/05/13	12.90	13.23	12.85	13.15	1131750	14767150.00
2020/05/14	13.09	13.09	12.88	12.98	660250	8560355.00
2020/05/15	13.00	13.02	12.85	12.96	738800	9562587.00
2020/05/18	13.07	13.07	12.83	12.89	911467	11798523.00
2020/05/19	12.89	13.08	12.89	13.06	1182500	15370938.00
2020/05/20	13.05	13.75	12.84	12.97	1015650	13231687.00
2020/05/21	13.10	13.10	12.85	12.87	709817	9178583.00
2020/05/22	12.85	12.88	12.50	12.53	856800	10864974.00
2020/05/25	12.52	12.70	12.47	12.60	394239	4968249.50
2020/05/26	12.63	12.88	12.62	12.87	610616	7819005.00
2020/05/27	12.86	12.93	12.75	12.85	471750	6049705.50
2020/05/28	12.96	12.96	12.51	12.67	514100	6528117.00
2020/05/29	12.53	12.82	12.52	12.68	446950	5690056.50
2020/06/01	12.71	12.97	12.71	12.92	930917	12002953.00
2020/06/02	12.96	13.21	12.76	13.16	1502402	19688730.00
2020/06/03	13.18	13.35	13.05	13.06	856665	11242305.00
2020/06/04	13.06	13.15	12.98	13.10	806752	10549073.00
2020/06/05	13.01	13.56	13.01	13.50	2074123	27581024.00
2020/06/08	13.48	14.31	13.43	13.86	5730152	79717616.00
2020/06/09	13.85	13.85	13.25	13.30	2953482	39732456.00
2020/06/10	13.35	13.41	13.23	13.35	1137252	15150512.00
2020/06/11	13.34	13.85	13.23	13.72	2344546	31735050.00
2020/06/12	13.36	13.85	13.34	13.64	1615696	22078960.00
2020/06/15	13.62	13.75	13.31	13.46	1221342	16583206.00
2020/06/16	13.42	13.76	13.42	13.61	1183142	16123730.00
2020/06/17	13.61	13.64	13.37	13.61	1098000	14811580.00
2020/06/18	13.55	13.88	13.35	13.79	1543871	21107044.00
2020/06/19	13.75	13.92	13.55	13.75	2239114	30898566.00
2020/06/22	13.75	14.00	13.62	13.76	1638450	22631376.00
2020/06/23	13.74	13.76	13.51	13.54	1080995	14689306.00
2020/06/24	13.67	13.87	13.48	13.86	1651046	22516878.00
2020/06/29	13.82	13.82	13.58	13.61	840966	11519733.00
2020/06/30	13.65	13.85	13.56	13.71	1505150	20681502.00
2020/07/01	13.74	13.91	13.61	13.74	1290593	17708752.00
2020/07/02	13.76	13.98	13.68	13.91	1932917	26790668.00
2020/07/03	13.91	14.08	13.86	14.03	2118695	29585856.00
2020/07/06	14.03	14.52	14.02	14.40	3208700	45909188.00
2020/07/07	14.43	14.66	14.10	14.47	3538864	51100360.00
2020/07/08	14.49	14.85	14.41	14.72	3131363	45932840.00
2020/07/09	14.72	14.99	14.60	14.99	3327472	49337336.00
2020/07/10	14.88	15.05	14.67	14.67	2983840	44343564.00
2020/07/13	14.67	15.15	14.67	15.13	3117215	46597852.00
2020/07/14	15.14	15.25	14.58	14.91	2966750	44259680.00
2020/07/15	14.93	15.07	14.44	14.64	2545050	37517316.00
2020/07/16	14.70	14.78	14.03	14.06	1918600	27579480.00
2020/07/17	14.08	14.24	13.80	13.99	1546950	21714264.00
2020/07/20	14.07	14.43	14.02	14.41	1486466	21207050.00
2020/07/21	14.46	14.56	14.31	14.52	1298200	18782930.00
2020/07/22	14.58	14.79	14.48	14.65	1694150	24826724.00
2020/07/23	14.65	14.78	14.20	14.73	2102500	30601096.00
2020/07/24	14.72	14.97	14.20	14.26	2186252	31905164.00
2020/07/27	14.17	14.40	13.99	14.16	1385500	19616388.00
2020/07/28	14.26	14.56	14.23	14.40	1334500	19218798.00
2020/07/29	14.44	14.75	14.32	14.73	1947897	28513230.00
2020/07/30	14.75	14.89	14.60	14.76	1558050	22981564.00
2020/07/31	14.61	15.09	14.61	15.00	2423397	36121252.00
2020/08/03	15.09	15.46	14.90	15.32	3092999	47282036.00
2020/08/04	15.34	15.45	15.10	15.16	1999579	30420262.00
2020/08/05	15.25	15.31	15.00	15.08	2254050	34144120.00
2020/08/06	15.11	15.24	14.78	14.90	1879650	28060506.00
2020/08/07	14.80	14.96	14.45	14.64	1736648	25428036.00
2020/08/10	14.63	15.09	14.52	14.71	1419550	20961204.00
2020/08/11	14.73	14.88	14.25	14.32	1589397	23085024.00
2020/08/12	14.34	14.42	14.02	14.40	1415300	20150014.00
2020/08/13	14.41	14.65	14.39	14.42	1159354	16847082.00
2020/08/14	14.47	14.71	14.37	14.67	1012750	14776913.00
2020/08/17	14.71	14.94	14.63	14.91	1383450	20527030.00
2020/08/18	14.85	14.97	14.78	14.86	955350	14196764.00
2020/08/19	14.90	14.90	14.46	14.53	1665007	24429126.00
2020/08/20	14.51	14.82	14.41	14.58	1119164	16331917.00
2020/08/21	14.70	14.95	14.53	14.56	1271796	18733102.00
2020/08/24	14.68	14.68	14.36	14.56	974400	14149568.00
2020/08/25	14.68	15.07	14.66	14.99	3003669	44818976.00
2020/08/26	14.80	14.93	14.30	14.38	2780869	40569080.00
2020/08/27	14.36	15.08	14.25	15.00	3400039	50252968.00
2020/08/28	14.94	15.03	14.76	14.98	1927905	28713752.00
2020/08/31	14.99	15.17	14.90	15.00	2135500	32086834.00
2020/09/01	15.09	15.13	14.79	15.10	2280104	34060956.00
2020/09/02	15.13	15.43	15.05	15.39	3519894	53753424.00
2020/09/03	15.25	15.34	14.85	14.97	2736850	41226984.00
2020/09/04	14.82	15.39	14.70	15.18	2091300	31498076.00
2020/09/07	15.15	15.53	14.93	14.99	2495950	38141248.00
2020/09/08	15.17	15.53	14.98	15.53	2745350	42139512.00
2020/09/09	15.43	15.89	15.15	15.36	5387543	83578704.00
2020/09/10	15.41	15.58	13.99	14.29	4417658	65313424.00
2020/09/11	14.26	14.85	14.10	14.47	2113539	30703332.00
2020/09/14	14.48	14.93	14.46	14.77	2079300	30604394.00
2020/09/15	14.95	15.68	14.72	15.30	5008900	77043824.00
2020/09/16	15.30	15.88	14.72	15.08	3541249	53218860.00
2020/09/17	15.29	15.52	14.90	15.35	3126836	48012100.00
2020/09/18	15.32	15.55	15.06	15.54	2308593	35474372.00
2020/09/21	15.36	15.85	15.32	15.77	2923365	45809948.00
2020/09/22	15.52	15.70	15.20	15.27	2173800	33592104.00
2020/09/23	15.38	15.69	15.15	15.16	1719050	26275674.00
2020/09/24	15.12	15.17	14.80	14.82	1396000	20869026.00
2020/09/25	14.95	15.04	14.58	14.70	1030400	15173604.00
2020/09/28	14.65	14.68	14.29	14.34	1029050	14874494.00
2020/09/29	14.36	14.66	14.31	14.51	748750	10868729.00
2020/09/30	14.52	14.62	14.28	14.41	790050	11428941.00
2020/10/09	14.59	14.85	14.58	14.79	904850	13330950.00
2020/10/12	14.79	15.18	14.74	15.14	1415700	21275028.00
2020/10/13	15.15	15.22	15.02	15.11	927800	14021587.00
2020/10/14	15.01	15.14	14.81	14.83	1345100	20054076.00
2020/10/15	14.94	14.94	14.76	14.86	1012700	15045912.00
2020/10/16	14.78	14.94	14.61	14.76	1210950	17867342.00
2020/10/19	14.81	15.20	14.79	14.95	1616715	24298676.00
2020/10/20	14.86	15.19	14.75	15.10	1413700	21158876.00
2020/10/21	15.07	15.19	14.81	14.88	1559990	23301198.00
2020/10/22	14.88	15.32	14.65	15.18	2906243	43909728.00
2020/10/23	15.19	15.29	14.97	15.19	2214298	33507238.00
2020/10/26	15.10	15.46	14.92	15.12	2233600	33885472.00
2020/10/27	14.98	15.11	14.60	14.64	2285731	33854332.00
2020/10/28	14.68	14.77	14.33	14.50	1659249	24059900.00
2020/10/29	14.36	14.83	14.30	14.64	1578950	23134360.00
2020/10/30	14.71	14.79	14.30	14.30	1950900	28350240.00
2020/11/02	14.35	14.71	14.30	14.64	1251625	18167150.00
2020/11/03	14.76	14.76	14.59	14.64	1115850	16340779.00
2020/11/04	14.70	14.74	14.44	14.67	1004500	14668024.00
2020/11/05	14.70	14.78	14.54	14.72	1354750	19886684.00
2020/11/06	14.72	14.79	14.39	14.51	1251600	18175052.00
2020/11/09	14.58	14.76	14.52	14.71	1159844	17040276.00
2020/11/10	14.72	14.85	14.45	14.83	1617050	23775324.00
2020/11/11	14.72	14.81	14.57	14.63	915550	13428123.00
2020/11/12	14.65	14.71	14.25	14.37	1282894	18504260.00
2020/11/13	14.32	14.40	14.01	14.20	1240694	17567270.00
2020/11/16	14.29	14.40	14.18	14.37	868994	12434421.00
2020/11/17	14.37	14.37	13.95	14.08	1195100	16866096.00
2020/11/18	14.13	14.29	14.03	14.25	836800	11893178.00
2020/11/19	14.25	14.29	14.09	14.27	729300	10356616.00
2020/11/20	14.27	14.33	14.16	14.31	491040	7005852.00
2020/11/23	14.31	14.34	14.13	14.21	767550	10911580.00
2020/11/24	14.22	14.33	14.20	14.26	605337	8625775.00
2020/11/25	14.25	14.43	14.23	14.30	1030650	14755404.00
2020/11/26	14.30	14.34	14.10	14.10	806850	11435774.00
2020/11/27	14.08	14.21	13.97	14.08	982350	13835962.00
2020/11/30	14.15	14.19	13.95	14.04	966947	13626214.00
2020/12/01	13.97	14.32	13.97	14.25	925500	13170594.00
2020/12/02	14.25	14.46	14.07	14.08	1107665	15667640.00
2020/12/03	14.15	14.40	14.07	14.40	1384042	19754092.00
2020/12/04	14.37	14.39	14.19	14.25	1104250	15752792.00
2020/12/07	14.22	14.39	13.98	14.00	1186185	16724360.00
2020/12/08	14.08	14.23	14.05	14.09	877515	12392040.00
2020/12/09	14.19	14.19	13.83	13.83	1011600	14161703.00
2020/12/10	13.80	13.82	12.89	13.46	1389250	18878256.00
2020/12/11	13.53	13.53	13.00	13.14	1093600	14441015.00
2020/12/14	13.15	13.36	13.05	13.21	640550	8450308.00
2020/12/15	13.21	13.34	13.06	13.29	629250	8341974.00
2020/12/16	13.23	13.29	12.73	12.80	1158200	14979409.00
2020/12/17	12.75	12.89	12.42	12.80	951200	12051709.00
2020/12/18	12.80	12.92	12.64	12.67	739200	9420043.00
2020/12/21	12.72	12.91	12.56	12.88	862600	11065446.00
2020/12/22	12.68	12.86	12.26	12.38	1570900	19626812.00
2020/12/23	12.44	12.65	12.32	12.48	902050	11290774.00
2020/12/24	12.48	12.52	12.11	12.13	993400	12169839.00
2020/12/25	12.01	12.40	12.00	12.34	970750	11896122.00
2020/12/28	12.41	12.41	11.90	12.02	1550100	18777020.00
2020/12/29	11.97	12.24	11.96	12.01	736000	8900058.00
2020/12/30	12.01	12.06	11.83	11.86	959697	11425488.00
2020/12/31	11.82	12.21	11.82	12.08	1049100	12681702.00
2021/01/04	12.08	12.30	12.08	12.29	1040850	12695684.00
2021/01/05	12.29	12.29	12.01	12.09	942100	11394057.00
2021/01/06	12.09	12.12	11.78	11.82	1130452	13466712.00
2021/01/07	11.85	11.90	11.02	11.15	2220565	25216882.00
2021/01/08	11.15	11.29	10.81	11.08	1321594	14661186.00
2021/01/11	11.10	11.17	10.75	10.79	1299150	14120311.00
2021/01/12	10.80	11.06	10.79	10.85	1239109	13534249.00
2021/01/13	10.88	10.88	10.36	10.46	1428650	15115130.00
2021/01/14	10.43	10.68	10.43	10.54	1037900	10958390.00
2021/01/15	10.64	10.89	10.56	10.85	1284800	13859352.00
2021/01/18	10.87	11.16	10.85	11.00	1182450	13072188.00
2021/01/19	11.08	11.17	10.93	11.15	825165	9158636.00
2021/01/20	11.24	11.25	11.01	11.16	963850	10739052.00
2021/01/21	11.25	11.31	11.11	11.17	877850	9836377.00
2021/01/22	11.21	11.21	10.96	11.05	915844	10111438.00
2021/01/25	11.05	11.06	10.69	10.72	853847	9238167.00
2021/01/26	10.75	10.91	10.60	10.76	537314	5799951.50
2021/01/27	10.86	11.38	10.69	11.33	1700521	18877828.00
2021/01/28	11.24	11.58	11.05	11.19	1828250	20843432.00
2021/01/29	11.15	11.50	10.69	10.82	1223444	13393360.00
2021/02/01	10.82	11.57	10.62	11.52	2336000	26276256.00
2021/02/02	11.44	12.67	11.08	11.10	2838087	32802188.00
2021/02/03	11.11	11.11	10.71	10.76	1631849	17623802.00
2021/02/04	10.76	10.76	10.36	10.42	1237362	12982598.00
2021/02/05	10.42	10.63	10.39	10.49	585050	6138121.50
2021/02/08	10.49	11.54	10.41	10.49	1418780	15263121.00
2021/02/09	10.49	10.77	10.43	10.63	780791	8222789.00
2021/02/10	10.68	10.70	10.55	10.66	569700	6053644.00
2021/02/18	10.66	10.94	10.66	10.90	1132454	12259119.00
2021/02/19	10.81	11.21	10.81	11.20	864000	9564142.00
2021/02/22	11.20	11.48	11.17	11.28	1388650	15766832.00
2021/02/23	11.27	11.30	11.08	11.20	730054	8181812.00
2021/02/24	11.09	11.29	11.09	11.21	681050	7638916.00
2021/02/25	11.18	11.27	11.05	11.08	674450	7502784.50
2021/02/26	11.59	11.94	11.40	11.75	4136296	48281992.00
2021/03/01	11.76	12.08	11.61	11.90	2897600	34249932.00
2021/03/02	11.87	11.90	11.58	11.73	1599300	18724524.00
2021/03/03	11.74	11.78	11.61	11.77	1036894	12138320.00
2021/03/04	11.77	11.93	11.70	11.76	1218994	14416988.00
2021/03/05	11.71	11.86	11.71	11.80	901750	10626040.00
2021/03/08	11.83	11.92	11.67	11.68	930450	10998799.00
2021/03/09	11.69	11.81	11.27	11.67	1423650	16447318.00
2021/03/10	11.68	11.70	11.26	11.29	1073600	12240442.00
2021/03/11	11.31	11.66	11.31	11.63	896442	10321750.00
2021/03/12	11.64	11.78	11.43	11.76	1022257	11933393.00
2021/03/15	11.62	11.83	11.54	11.66	716242	8361484.00
2021/03/16	11.56	11.82	11.56	11.80	760500	8926879.00
2021/03/17	11.83	11.97	11.78	11.89	929500	11054175.00
2021/03/18	11.89	11.94	11.73	11.73	914387	10810777.00
2021/03/19	11.73	11.88	11.61	11.75	848000	9990628.00
2021/03/22	11.82	11.86	11.70	11.82	921800	10868491.00
2021/03/23	11.86	11.88	11.75	11.84	936437	11075931.00
2021/03/24	11.84	11.88	11.70	11.83	819600	9679243.00
2021/03/25	11.81	11.93	11.76	11.80	807950	9582640.00
2021/03/26	11.81	11.91	11.73	11.85	751350	8894511.00
2021/03/29	11.90	11.90	11.76	11.82	689894	8150689.50
2021/03/30	11.84	11.85	11.60	11.71	677631	7939219.00
2021/03/31	11.75	11.87	11.63	11.87	827133	9734538.00
2021/04/01	11.87	11.91	11.72	11.74	561050	6601106.50
2021/04/02	11.80	11.87	11.68	11.86	682570	8063538.50
2021/04/06	11.81	12.09	11.81	12.08	1065622	12812818.00
2021/04/07	12.13	12.20	12.06	12.19	666637	8100208.00
2021/04/08	12.19	12.29	11.98	12.03	1056350	12792507.00
2021/04/09	11.92	12.08	11.89	11.92	712844	8516451.00
2021/04/12	12.00	12.00	11.65	11.69	758331	8945191.00
2021/04/13	11.70	11.77	11.65	11.68	474187	5553448.00
2021/04/14	11.68	11.80	11.54	11.79	764450	8936240.00
2021/04/15	11.72	11.84	11.71	11.76	550400	6481041.00
2021/04/16	11.82	12.02	11.74	12.00	1171539	13986429.00
2021/04/19	12.00	12.10	11.95	12.04	861597	10358680.00
2021/04/20	12.00	12.10	12.00	12.02	641514	7723091.00
2021/04/21	11.99	12.10	11.83	12.03	763798	9170914.00
2021/04/22	12.03	12.37	11.95	12.28	1956887	23944982.00
2021/04/23	12.32	12.32	12.00	12.00	1061950	12815597.00
2021/04/26	12.00	12.35	11.94	12.28	1462293	17774334.00
2021/04/27	12.21	12.21	11.69	11.81	1774550	21009222.00
2021/04/28	11.39	11.39	11.02	11.32	2665418	29769370.00
2021/04/29	11.16	11.31	11.10	11.28	967800	10837977.00
2021/04/30	11.22	11.22	11.03	11.11	916105	10155049.00
2021/05/06	10.87	11.13	10.87	10.96	1139450	12509348.00
2021/05/07	10.94	10.99	10.70	10.87	780400	8506916.00
2021/05/10	10.88	11.20	10.87	11.16	800900	8789558.00
2021/05/11	11.13	11.25	11.00	11.24	517150	5766067.50
2021/05/12	11.14	11.25	11.12	11.23	475844	5328500.50
2021/05/13	11.13	11.30	11.13	11.25	570216	6389221.50
2021/05/14	11.18	11.34	11.18	11.33	501347	5659571.50
2021/05/17	11.32	11.35	11.05	11.33	874688	9811741.00
2021/05/18	11.33	11.97	11.21	11.97	1581959	18240140.00
2021/05/19	11.76	12.95	11.61	12.85	5159856	63625132.00
2021/05/20	12.58	13.30	12.21	12.99	5258782	66019852.00
2021/05/21	12.75	13.01	11.88	11.88	5263717	65322952.00
2021/05/24	12.02	12.06	11.81	11.94	2205514	26268144.00
2021/05/25	11.85	11.98	11.75	11.97	1484221	17617784.00
2021/05/26	12.00	12.01	11.86	11.91	885057	10547526.00
2021/05/27	11.91	11.97	11.75	11.85	1056746	12525501.00
2021/05/28	11.80	11.91	11.73	11.74	943100	11123438.00
2021/05/31	11.88	11.90	11.72	11.76	727494	8570681.00
2021/06/01	11.69	11.79	11.59	11.75	1018629	11887485.00
2021/06/02	11.71	11.76	11.64	11.64	770064	8999301.00
2021/06/03	11.64	11.86	11.63	11.80	815234	9571774.00
2021/06/04	11.70	11.81	11.69	11.72	675100	7929571.00
2021/06/07	11.74	11.78	11.62	11.75	415376	4857638.00
2021/06/08	11.72	11.86	11.67	11.83	425876	5020193.50
2021/06/09	11.82	12.14	11.78	12.11	1031176	12394979.00
2021/06/10	12.11	12.24	11.95	12.16	950354	11517442.00
2021/06/11	12.26	12.48	12.10	12.18	1366368	16791166.00
2021/06/15	13.40	13.40	13.40	13.40	2176247	29161710.00
2021/06/16	13.49	13.49	12.47	12.54	5252837	67865184.00
2021/06/17	12.40	12.96	12.26	12.27	2983881	37462580.00
2021/06/18	12.22	13.50	12.22	12.64	4573676	59236680.00
2021/06/21	12.52	13.90	12.38	13.90	5623365	76160240.00
2021/06/22	14.38	14.75	13.50	13.67	9845652	138151440.00
2021/06/23	13.35	13.56	13.26	13.39	4869149	65123128.00
2021/06/24	13.19	13.38	12.96	12.98	2878565	37673040.00
2021/06/25	12.98	13.04	12.60	12.68	2377715	30285476.00
2021/06/28	12.69	12.89	12.66	12.80	1358789	17366054.00
2021/06/29	12.71	12.78	12.51	12.52	1710621	21587214.00
2021/06/30	12.52	12.75	12.35	12.59	1645449	20633494.00
2021/07/01	12.59	12.93	12.50	12.51	1543813	19583066.00
2021/07/02	12.47	12.62	12.22	12.31	1403800	17374348.00
2021/07/05	12.32	12.56	12.22	12.54	1191065	14766208.00
2021/07/06	12.54	12.54	12.32	12.48	932365	11582753.00
2021/07/07	12.44	12.65	12.40	12.55	1039200	13040972.00
2021/07/08	12.56	12.64	12.45	12.58	1045335	13094320.00
2021/07/09	12.57	12.57	12.22	12.32	1300750	16034372.00
2021/07/12	12.39	12.65	12.36	12.55	1299489	16262770.00
2021/07/13	12.65	12.65	12.43	12.56	678533	8485321.00
2021/07/14	12.58	12.68	12.32	12.34	852650	10575086.00
2021/07/15	12.34	12.34	11.88	11.99	1157650	13951320.00
2021/07/16	11.89	12.20	11.89	11.94	505200	6051802.00
2021/07/19	12.01	12.11	11.83	11.98	511902	6110937.00
2021/07/20	12.05	12.18	12.02	12.15	670935	8131121.50
2021/07/21	12.16	12.27	12.11	12.19	764600	9338462.00
2021/07/22	12.21	12.45	12.21	12.38	1154100	14273838.00
2021/07/23	12.34	12.35	11.98	12.12	982700	11913862.00
2021/07/26	12.01	12.11	11.68	11.77	1005200	11906492.00
2021/07/27	11.75	11.90	11.40	11.43	1123850	13092766.00
2021/07/28	11.36	11.50	11.02	11.13	902738	10121791.00
2021/07/29	11.30	11.41	11.21	11.24	787275	8913312.00
2021/07/30	11.24	11.45	11.23	11.42	682434	7763070.50
2021/08/02	11.42	11.93	11.40	11.76	1322933	15523863.00
2021/08/03	11.80	12.03	11.74	11.78	826350	9798422.00
2021/08/04	11.70	11.86	11.68	11.80	572200	6741619.50
2021/08/05	11.80	11.97	11.72	11.88	769194	9122356.00
2021/08/06	11.88	12.10	11.80	11.91	1161332	13796995.00
2021/08/09	11.78	12.04	11.78	11.98	713478	8496840.00
2021/08/10	11.92	12.26	11.92	12.19	852724	10351031.00
2021/08/11	12.17	12.36	12.12	12.27	940560	11533222.00
2021/08/12	12.27	12.38	12.14	12.23	794130	9720320.00
2021/08/13	12.23	12.28	12.00	12.19	834223	10106265.00
2021/08/16	12.20	12.31	12.14	12.23	620360	7593296.50
2021/08/17	12.23	12.33	11.76	11.78	892200	10690440.00
2021/08/18	11.78	11.93	11.78	11.93	635699	7533584.50
2021/08/19	11.82	11.93	11.67	11.70	606758	7145845.50
2021/08/20	11.68	11.80	11.55	11.72	654383	7610337.00
2021/08/23	11.87	12.42	11.76	12.36	1746150	21386408.00
2021/08/24	12.36	12.66	12.36	12.53	1618197	20299298.00
2021/08/25	12.46	12.74	12.40	12.73	1798693	22778560.00
2021/08/26	12.74	12.74	12.53	12.57	1230701	15519777.00
2021/08/27	12.57	12.80	12.44	12.56	1269550	16032500.00
2021/08/30	12.52	12.74	12.36	12.48	1071069	13412040.00
2021/08/31	12.40	12.55	12.24	12.40	840584	10406237.00
2021/09/01	12.40	12.55	12.15	12.46	1191588	14743549.00
2021/09/02	12.45	12.45	12.20	12.39	908750	11228854.00
2021/09/03	12.46	12.84	12.41	12.70	1677600	21183842.00
2021/09/06	12.88	12.88	12.55	12.85	1554350	19790066.00
2021/09/07	12.83	12.98	12.71	12.87	1356900	17416828.00
2021/09/08	12.80	12.99	12.78	12.92	1085851	13990315.00
2021/09/09	12.95	13.06	12.78	12.89	993363	12836487.00
2021/09/10	12.98	12.98	12.48	12.79	1338250	17100158.00
2021/09/13	12.78	12.85	12.64	12.78	945800	12058716.00
2021/09/14	12.77	12.89	12.63	12.69	958100	12224693.00
2021/09/15	12.67	13.15	12.60	13.14	1961316	25458190.00
2021/09/16	12.89	13.35	12.89	13.02	2617449	34396480.00
2021/09/17	13.00	13.36	12.90	13.23	2316650	30417036.00
2021/09/22	13.12	13.12	12.51	12.89	1980350	25211524.00
2021/09/23	12.87	13.01	12.79	12.88	1251950	16148200.00
2021/09/24	12.88	12.88	12.43	12.46	1210978	15237276.00
2021/09/27	12.74	12.74	11.80	12.01	1512250	18365294.00
2021/09/28	12.01	12.34	11.85	12.27	1063320	12898545.00
2021/09/29	12.15	12.29	11.88	11.90	743630	8948324.00
2021/09/30	11.91	12.30	11.89	12.25	682650	8231893.50
2021/10/08	12.28	12.70	12.28	12.67	1213587	15243243.00
2021/10/11	12.55	12.83	12.50	12.62	657750	8320518.00
2021/10/12	12.60	12.68	12.34	12.60	808199	10103927.00
2021/10/13	12.55	12.83	12.49	12.81	751779	9560336.00
2021/10/14	12.81	12.88	12.50	12.85	799728	10175294.00
2021/10/15	12.79	12.97	12.69	12.84	1011637	12994549.00
2021/10/18	12.98	12.98	12.55	12.82	677150	8622132.00
2021/10/19	12.82	12.87	12.72	12.75	453450	5794227.00
2021/10/20	12.75	12.87	12.62	12.63	656430	8350156.50
2021/10/21	12.70	13.11	12.37	12.64	2658800	34030364.00
2021/10/22	12.43	12.55	12.06	12.23	1383750	16922148.00
2021/10/25	12.18	12.19	11.90	12.03	675716	8125327.50
2021/10/26	12.02	12.03	11.51	11.74	1425400	16708848.00
2021/10/27	11.69	11.69	11.09	11.20	1701449	19113558.00
2021/10/28	11.20	11.28	11.00	11.24	741749	8271131.50
2021/10/29	11.18	11.47	11.16	11.45	776200	8840951.00
2021/11/01	11.45	11.59	11.32	11.51	716500	8252404.00
2021/11/02	11.56	11.68	11.30	11.35	738216	8500083.00
2021/11/03	11.33	11.63	11.30	11.44	448700	5141099.50
2021/11/04	11.44	11.62	11.44	11.55	434600	5000484.00
2021/11/05	11.55	11.68	11.42	11.62	462044	5365225.50
2021/11/08	11.70	11.70	11.46	11.69	426200	4942435.00
2021/11/09	11.70	11.84	11.68	11.82	495050	5832315.00
2021/11/10	11.90	11.92	11.71	11.88	578653	6842347.00
2021/11/11	11.88	12.18	11.88	12.05	808900	9776364.00
2021/11/12	12.01	12.23	11.97	12.21	802900	9740709.00
2021/11/15	12.22	12.48	12.18	12.47	1163100	14382859.00
2021/11/16	12.47	12.48	12.34	12.37	782350	9712505.00
2021/11/17	12.36	12.58	12.32	12.54	898000	11224285.00
2021/11/18	12.54	12.88	12.35	12.35	1503950	19023920.00
2021/11/19	12.54	12.75	12.37	12.57	1055100	13267118.00
2021/11/22	12.58	12.79	12.43	12.75	1163952	14667868.00
2021/11/23	12.76	12.91	12.63	12.69	1096900	13982544.00
2021/11/24	12.69	12.85	12.57	12.73	999800	12726585.00
2021/11/25	12.81	12.90	12.66	12.79	783450	10043238.00
2021/11/26	12.74	12.82	12.50	12.73	1040400	13175444.00
2021/11/29	12.61	12.71	12.54	12.56	665950	8390042.00
2021/11/30	12.56	12.79	12.55	12.66	667902	8479812.00
2021/12/01	12.77	13.05	12.61	13.00	1357550	17533570.00
2021/12/02	13.24	13.24	12.68	12.73	1136550	14569052.00
2021/12/03	12.86	12.94	12.63	12.65	692650	8815601.00
2021/12/06	12.82	12.82	12.23	12.26	987850	12271456.00
2021/12/07	12.30	12.38	12.11	12.22	551650	6747890.50
2021/12/08	12.23	12.46	12.22	12.40	651284	8064774.00
2021/12/09	12.38	12.44	12.30	12.43	643734	7967092.00
2021/12/10	12.43	12.55	12.30	12.48	855200	10668454.00
2021/12/13	12.54	12.59	12.23	12.55	2341700	29016496.00
2021/12/14	12.49	12.59	12.33	12.58	1365700	17122074.00
2021/12/15	12.58	12.71	12.48	12.63	1205550	15176376.00
2021/12/16	12.63	12.86	12.58	12.81	1308750	16688036.00
2021/12/17	12.75	12.78	12.50	12.69	1026300	13004022.00
2021/12/20	12.68	12.79	12.55	12.67	1125900	14323818.00
2021/12/21	12.62	13.07	12.62	13.02	1861450	24071758.00
2021/12/22	13.02	13.10	12.90	12.91	1216100	15767004.00
2021/12/23	12.91	12.94	12.65	12.65	1150104	14658410.00
2021/12/24	12.65	12.70	12.34	12.38	1213300	15089786.00
2021/12/27	12.40	12.66	12.27	12.52	883054	11035778.00
2021/12/28	12.56	12.75	12.50	12.70	1204850	15268014.00
2021/12/29	12.69	12.85	12.48	12.85	2003350	25326450.00
2021/12/30	12.85	12.98	12.58	12.81	4256550	54599496.00
2021/12/31	12.82	12.90	12.75	12.87	1783700	22857176.00
2022/01/04	12.87	13.10	12.76	13.10	2301300	29917288.00
2022/01/05	13.10	13.12	12.85	12.95	1256600	16285547.00
2022/01/06	12.94	13.23	12.90	13.08	1497250	19649868.00
2022/01/07	13.13	13.13	12.85	12.87	1320900	17164584.00
2022/01/10	12.81	13.11	12.78	13.10	1367850	17760268.00
2022/01/11	13.10	13.48	13.10	13.23	2039650	27049448.00
2022/01/12	13.22	13.68	13.21	13.54	2583850	34945392.00
2022/01/13	13.54	13.74	13.46	13.56	1765450	23979242.00
2022/01/14	13.51	13.68	13.16	13.23	1790491	23918256.00
2022/01/17	13.20	13.69	13.18	13.68	2043200	27624580.00
2022/01/18	13.64	13.68	13.23	13.31	1797535	24063174.00
2022/01/19	13.25	13.58	13.13	13.38	2264100	30171516.00
2022/01/20	13.38	13.38	12.86	12.97	1659790	21577798.00
2022/01/21	12.97	13.29	12.76	13.16	2147750	28052778.00
2022/01/24	13.17	13.17	12.71	12.73	1559200	20088632.00
2022/01/25	12.85	12.94	12.47	12.59	1993900	25270800.00
2022/01/26	12.59	13.16	12.52	13.00	2065900	26646472.00
2022/01/27	13.31	13.31	11.98	12.08	3395800	41769636.00
2022/01/28	12.15	12.74	12.11	12.58	2405689	30144040.00
2022/02/07	12.72	12.89	12.28	12.56	1695850	21354992.00
2022/02/08	12.61	12.96	12.52	12.94	1615939	20755552.00
2022/02/09	12.81	13.06	12.81	12.96	1320900	17108618.00
2022/02/10	13.01	13.66	12.71	13.26	4955329	65346888.00
2022/02/11	13.13	13.13	12.60	12.77	3169300	40593036.00
2022/02/14	12.71	12.74	12.43	12.62	1542400	19422266.00
2022/02/15	12.75	13.88	12.69	13.88	5986555	82405992.00
2022/02/16	15.27	15.27	15.27	15.27	2118355	32347280.00
2022/02/17	16.00	16.67	14.44	14.51	25136472	394193184.00
2022/02/18	13.19	13.78	13.19	13.67	14942228	201830128.00
2022/02/21	13.54	14.12	13.41	13.88	10633917	146785856.00
2022/02/22	13.82	14.17	13.48	13.59	8026112	110442192.00
2022/02/23	13.69	13.81	13.44	13.80	6505655	88596816.00
2022/02/24	13.61	14.43	13.51	13.94	11772280	164962976.00
2022/02/25	13.90	14.22	13.60	13.75	6985382	97014528.00
2022/02/28	13.68	13.74	13.02	13.18	5720919	75690616.00
2022/03/01	13.19	13.39	13.19	13.33	3115875	41397860.00
2022/03/02	13.30	14.19	13.24	13.93	7757644	106828752.00
2022/03/03	14.18	15.32	14.18	14.72	14970647	222726960.00
2022/03/04	14.90	15.65	14.39	14.55	14159031	211000080.00
2022/03/07	14.25	14.57	14.01	14.10	7860847	111737952.00
2022/03/08	14.39	14.48	13.60	13.70	5038250	69615296.00
2022/03/09	13.59	14.10	12.99	14.10	5511750	75235440.00
2022/03/10	14.15	14.60	14.05	14.28	6797300	97503176.00
2022/03/11	14.11	14.84	13.94	14.61	7437300	107444232.00
2022/03/14	14.34	14.85	14.29	14.42	4755600	68934888.00
2022/03/15	14.30	15.14	13.76	14.71	11006000	161382432.00
2022/03/16	14.71	15.61	14.68	15.42	13186245	199225520.00
2022/03/17	15.30	15.57	14.90	15.25	10717996	162344624.00
2022/03/18	15.13	15.13	14.51	14.82	7381117	108711648.00
2022/03/21	14.86	15.25	14.63	15.15	6723507	100330888.00
2022/03/22	15.09	15.09	14.31	14.43	6885655	100518360.00
2022/03/23	14.40	14.74	14.08	14.17	4873850	70245120.00
2022/03/24	14.10	14.84	13.74	14.52	6943041	98776888.00
2022/03/25	14.30	14.34	13.70	13.73	5173200	72428840.00
2022/03/28	13.66	13.95	13.28	13.91	3395846	46530144.00
2022/03/29	13.97	13.99	13.18	13.21	4791850	64356964.00
2022/03/30	13.30	13.38	13.02	13.32	3316700	43783332.00
2022/03/31	13.30	13.49	13.12	13.23	2809735	37298452.00
2022/04/01	13.16	13.18	12.79	12.96	2955464	38324856.00
2022/04/06	12.88	13.31	12.88	13.23	2569350	33745836.00
2022/04/07	13.16	13.16	12.68	12.70	2507400	32276246.00
2022/04/08	12.66	12.88	12.25	12.32	2902050	36089912.00
2022/04/11	12.37	12.37	11.79	11.85	2301605	27756864.00
2022/04/12	11.85	12.15	11.71	12.12	2063950	24736556.00
2022/04/13	12.11	12.11	11.80	11.86	2022214	24102876.00
2022/04/14	11.61	11.98	11.60	11.84	1934250	22825168.00
2022/04/15	11.69	11.73	11.20	11.24	2708750	30838560.00
2022/04/18	11.21	11.43	10.91	11.36	2069100	23199284.00
2022/04/19	11.37	11.54	11.28	11.41	1614800	18404420.00
2022/04/20	11.42	11.59	11.36	11.43	1966450	22590642.00
2022/04/21	11.40	11.50	11.14	11.17	2287550	25973964.00
2022/04/22	11.15	11.79	10.90	11.74	3947050	44978448.00
2022/04/25	11.60	12.05	10.90	10.92	5933290	68803808.00
2022/04/26	10.88	11.39	10.40	10.75	3276335	35728012.00
2022/04/27	10.61	10.91	9.92	10.91	4047810	42019912.00
2022/04/28	10.71	10.71	10.05	10.30	2950383	30433664.00
2022/04/29	10.28	10.66	10.28	10.58	2608550	27437076.00
2022/05/05	10.53	11.04	10.33	10.85	2221815	24004880.00
2022/05/06	10.70	10.90	10.51	10.75	1234784	13236845.00
2022/05/09	10.69	11.27	10.67	11.17	2301089	25293292.00
2022/05/10	11.03	11.33	10.95	11.30	2279965	25415764.00
2022/05/11	11.15	11.37	10.77	10.82	4015700	44530948.00
2022/05/12	10.74	11.04	10.65	10.92	2235500	24379900.00
2022/05/13	10.94	11.03	10.76	10.92	1810700	19698304.00
2022/05/16	10.93	11.09	10.84	11.00	1578200	17292064.00
2022/05/17	11.00	11.00	10.65	10.79	1734900	18666658.00
2022/05/18	10.80	11.13	10.76	10.94	2882955	31564040.00
2022/05/19	10.81	11.25	10.68	11.07	2388865	26260988.00
2022/05/20	11.04	11.24	10.99	11.13	1603500	17798526.00
2022/05/23	11.14	11.48	11.08	11.43	2245950	25528596.00
2022/05/24	11.44	11.45	10.80	10.81	2211900	24546794.00
2022/05/25	10.83	11.03	10.83	11.00	1009000	11051003.00
2022/05/26	11.04	11.17	10.75	11.11	1478950	16279750.00
2022/05/27	11.08	11.23	11.02	11.20	1689100	18780028.00
2022/05/30	11.26	11.29	11.10	11.28	1226221	13751583.00
2022/05/31	11.27	11.66	11.20	11.50	2604250	29903498.00
2022/06/01	11.43	11.65	11.42	11.55	1531900	17661030.00
2022/06/02	11.55	11.70	11.35	11.68	1439950	16672281.00
2022/06/06	11.65	11.83	11.64	11.78	1824772	21453932.00
2022/06/07	11.86	11.99	11.68	11.89	2777671	32930354.00
2022/06/08	11.89	12.54	11.89	12.14	5617194	68518720.00
2022/06/09	12.00	12.01	11.60	11.67	3144344	37071112.00
2022/06/10	11.60	11.95	11.53	11.73	1753550	20598972.00
2022/06/13	11.88	12.05	11.51	11.76	3774250	44190292.00
2022/06/14	11.77	11.78	11.23	11.65	2516200	28922554.00
2022/06/15	11.56	11.88	11.52	11.53	1879335	21999406.00
2022/06/16	11.48	11.84	11.48	11.77	2076900	24308440.00
2022/06/17	11.95	11.97	11.52	11.63	2272000	26641300.00
2022/06/20	11.63	11.93	11.55	11.90	1952500	22949444.00
2022/06/21	11.93	12.12	11.80	12.04	2034300	24420928.00
2022/06/22	12.02	12.02	11.78	11.85	1266472	15034001.00
2022/06/23	11.81	11.98	11.76	11.97	1314100	15649668.00
2022/06/24	11.97	12.07	11.91	11.99	1158000	13884841.00
2022/06/27	12.06	12.10	11.86	12.05	1304950	15638798.00
2022/06/28	12.05	12.36	11.96	12.28	1924200	23480832.00
2022/06/29	12.25	12.38	11.94	11.97	1781999	21564106.00
2022/06/30	11.97	12.27	11.91	11.93	1734900	20995578.00
2022/07/01	11.99	12.21	11.84	12.04	1470977	17732220.00
2022/07/04	12.11	12.14	11.78	11.96	1365100	16219888.00
2022/07/05	11.99	12.07	11.70	11.84	1604650	18946620.00
2022/07/06	11.72	11.88	11.53	11.63	1469065	17139968.00
2022/07/07	11.68	11.98	11.68	11.75	1811100	21423936.00
2022/07/08	11.75	11.99	11.65	11.88	1396400	16562295.00
2022/07/11	11.81	11.93	11.68	11.75	1533150	18088118.00
2022/07/12	11.75	11.75	11.35	11.38	2072050	23809368.00
2022/07/13	11.47	11.73	11.35	11.64	2175400	25244940.00
2022/07/14	11.57	11.74	11.57	11.71	1113100	13018304.00
2022/07/15	11.65	11.76	11.35	11.35	1597155	18261410.00
2022/07/18	11.48	11.73	11.40	11.70	2210455	25804152.00
2022/07/19	11.77	11.92	11.65	11.91	1771388	20951584.00
2022/07/20	11.90	12.03	11.83	12.03	1502844	17962548.00
2022/07/21	12.06	12.14	11.90	11.92	1308750	15673407.00
2022/07/22	11.84	12.14	11.72	11.99	1333750	15999356.00
2022/07/25	11.99	12.13	11.87	12.00	1279200	15320228.00
2022/07/26	12.03	12.12	11.78	12.09	1361759	16311036.00
2022/07/27	12.08	12.53	12.04	12.36	2841450	34911504.00
2022/07/28	12.30	12.84	12.30	12.73	3561950	45020956.00
2022/07/29	12.72	12.88	12.56	12.59	2367927	30087656.00
2022/08/01	12.65	12.98	12.40	12.89	2565866	32889320.00
2022/08/02	12.84	12.98	12.30	12.41	3849750	48552496.00
2022/08/03	12.49	12.85	12.28	12.34	1939750	24422822.00
2022/08/04	12.42	12.76	12.40	12.76	2038960	25713142.00
2022/08/05	12.74	12.82	12.48	12.62	1410500	17818452.00
2022/08/08	12.77	12.82	12.57	12.80	1276550	16278306.00
2022/08/09	12.80	12.85	12.72	12.83	1167350	14935366.00
2022/08/10	12.78	12.95	12.70	12.90	1479355	18970358.00
2022/08/11	12.95	13.27	12.90	13.11	2217000	29115336.00
2022/08/12	13.06	13.38	13.00	13.22	2623500	34776736.00
2022/08/15	13.23	13.29	12.93	13.05	1645800	21519872.00
2022/08/16	13.06	13.19	12.92	13.12	1493050	19521384.00
2022/08/17	13.15	13.24	12.96	12.98	1246550	16240414.00
2022/08/18	13.02	13.65	12.83	13.53	4022922	53791504.00
2022/08/19	13.50	13.80	13.11	13.13	2189500	29228368.00
2022/08/22	13.03	13.22	12.85	12.93	1480450	19149536.00
2022/08/23	12.87	13.09	12.84	12.94	1152950	14913838.00
2022/08/24	13.04	13.04	12.44	12.63	1856600	23466980.00
2022/08/25	12.66	13.89	12.53	13.89	8397450	115813432.00
2022/08/26	14.76	15.28	13.14	13.50	20834753	295527840.00
2022/08/29	12.42	13.00	12.42	12.95	11561051	147224032.00
2022/08/30	13.00	13.03	12.31	12.40	8619417	108142840.00
2022/08/31	12.46	12.49	11.54	11.59	8442536	99670760.00
2022/09/01	11.42	12.00	11.42	11.81	5053500	59426104.00
2022/09/02	11.75	12.08	11.64	12.04	3322200	39591088.00
2022/09/05	12.01	12.87	12.01	12.55	7025320	87802328.00
2022/09/06	12.58	13.61	12.43	13.39	7957540	103742488.00
2022/09/07	13.40	13.58	12.96	13.05	4461450	58886904.00
2022/09/08	13.12	13.35	12.95	13.00	2898386	37820720.00
2022/09/09	13.18	13.62	12.76	13.58	3971600	52748020.00
2022/09/13	13.59	14.25	13.48	13.68	5867300	81318896.00
2022/09/14	13.72	13.99	13.37	13.89	4923295	67816704.00
2022/09/15	13.89	13.94	13.47	13.68	3953950	54063868.00
2022/09/16	13.62	13.88	13.32	13.35	2699207	36500016.00
2022/09/19	13.33	13.88	13.19	13.71	3229554	44004120.00
2022/09/20	13.80	14.46	13.71	14.30	4936750	70193968.00
2022/09/21	14.18	14.72	14.11	14.60	4467125	64761348.00
2022/09/22	14.60	15.39	14.55	14.98	5659470	84940392.00
2022/09/23	14.99	14.99	14.08	14.20	5352000	77574872.00
2022/09/26	14.03	14.60	13.55	14.22	4561332	64178820.00
2022/09/27	14.44	14.94	14.14	14.87	4013594	58980964.00
2022/09/28	14.87	14.87	14.31	14.45	3205332	46667004.00
2022/09/29	14.70	14.86	14.10	14.22	2306500	33100956.00
2022/09/30	14.39	14.39	13.57	14.11	3851000	54012276.00
2022/10/10	14.41	14.85	14.13	14.32	2837850	40953188.00
2022/10/11	14.24	14.99	14.10	14.98	3251760	47768648.00
2022/10/12	14.95	14.99	14.30	14.74	4820400	70458872.00
2022/10/13	14.82	15.10	14.54	15.09	3914000	58183064.00
2022/10/14	15.09	15.11	14.66	14.74	3927600	58171680.00
2022/10/17	14.72	14.84	14.49	14.60	3190000	46663356.00
2022/10/18	14.57	14.81	14.10	14.19	4847750	69617184.00
2022/10/19	14.30	14.41	13.91	14.29	4230828	60040748.00
2022/10/20	14.09	14.28	13.87	14.07	2356800	33281124.00
2022/10/21	14.10	15.28	14.10	15.00	6648028	98503672.00
2022/10/24	14.73	15.13	14.42	14.88	5296390	78088592.00
2022/10/25	14.88	15.21	14.25	14.64	5293400	77673584.00
2022/10/26	14.75	15.78	14.56	15.61	8866896	136219120.00
2022/10/27	15.51	15.61	15.23	15.31	6385874	98318208.00
2022/10/28	15.62	15.77	13.78	15.39	10925096	169168832.00
2022/10/31	15.16	15.99	15.05	15.63	4714450	74032648.00
2022/11/01	15.61	16.08	15.52	15.99	3790560	59795208.00
2022/11/02	15.98	16.69	15.76	16.48	4667000	76305000.00
2022/11/03	16.20	17.50	16.20	17.30	5019562	85667240.00
2022/11/04	17.30	17.69	16.76	17.16	6648414	113425920.00
2022/11/07	17.25	18.35	16.30	18.34	6759192	120803264.00
2022/11/08	18.22	18.54	17.76	18.40	4364950	79304696.00
2022/11/09	18.40	18.80	18.22	18.69	2766800	51367292.00
2022/11/10	18.50	19.00	18.07	18.09	4606340	84775584.00
2022/11/11	18.10	18.99	18.00	18.41	3601840	66551344.00
2022/11/14	18.43	18.68	17.90	18.13	2876950	52473448.00
2022/11/15	18.16	18.22	17.85	17.87	2369080	42658060.00
2022/11/16	17.98	18.03	17.40	17.60	2593350	45792888.00
2022/11/17	17.64	18.00	17.31	18.00	2150892	37993360.00
2022/11/18	18.18	18.50	17.88	17.91	1840178	33430624.00
2022/11/21	18.16	18.25	17.60	18.13	1584550	28686600.00
2022/11/22	18.15	18.60	17.80	18.05	2145050	38985024.00
2022/11/23	17.90	18.31	17.66	17.93	1595050	28592410.00
2022/11/24	17.97	18.06	17.75	17.93	1157550	20740046.00
2022/11/25	17.94	18.25	17.69	18.17	2612150	46997996.00
2022/11/28	18.25	19.39	17.92	18.79	4445200	83609600.00
2022/11/29	18.64	19.60	18.64	19.04	4251050	81711144.00
2022/11/30	19.50	19.87	18.35	18.90	6789414	129960960.00
2022/12/01	18.89	20.05	18.69	19.95	6242419	121859592.00
2022/12/02	19.91	20.85	19.72	20.68	5405749	111245720.00
2022/12/05	20.65	21.18	20.08	20.50	5358950	109864472.00
2022/12/06	20.43	20.50	19.89	20.28	2270750	45767604.00
2022/12/07	20.30	20.86	20.00	20.81	2007300	41205344.00
2022/12/08	20.81	21.28	20.00	20.94	3376550	70237240.00
2022/12/09	20.50	21.17	20.50	20.53	2937650	61235844.00
2022/12/12	20.47	20.64	20.17	20.40	1724450	35174048.00
2022/12/13	20.46	20.46	20.20	20.20	1152291	23372622.00
2022/12/14	20.23	20.65	19.99	20.09	1233500	25006080.00
2022/12/15	20.15	20.26	19.90	20.17	955433	19210542.00
2022/12/16	20.01	20.20	19.83	19.87	1375150	27481976.00
2022/12/19	20.00	20.05	19.17	19.33	2008200	39110424.00
2022/12/20	19.32	19.43	18.46	19.17	1426200	27267816.00
2022/12/21	19.36	19.36	18.50	18.71	1798350	33818032.00
2022/12/22	18.90	18.90	18.10	18.19	1835000	33554588.00
2022/12/23	18.28	18.38	17.83	17.89	1264300	22782738.00
2022/12/26	17.98	18.59	17.72	18.40	1536300	28130476.00
2022/12/27	18.59	18.80	18.14	18.25	1075550	19759114.00
2022/12/28	18.34	18.34	17.91	18.00	1776800	32136164.00
2022/12/29	18.01	18.29	17.70	18.01	3494478	62944436.00
2022/12/30	18.20	18.48	18.06	18.43	1232100	22602156.00
2023/01/03	18.43	19.33	18.36	19.20	1811750	34440504.00
2023/01/04	19.30	20.07	19.26	20.05	1907450	37770032.00
2023/01/05	20.20	20.20	19.79	19.85	1225000	24382456.00
2023/01/06	19.85	20.18	19.77	19.88	1354703	27057420.00
2023/01/09	19.87	20.17	19.77	19.83	1173100	23347472.00
2023/01/10	19.91	19.91	19.47	19.66	929300	18233120.00
2023/01/11	19.69	20.05	19.51	19.93	1282800	25435522.00
2023/01/12	19.84	20.69	19.76	19.99	2245850	45472512.00
2023/01/13	20.10	20.10	19.70	19.98	1354050	26964522.00
2023/01/16	19.98	20.49	19.80	19.81	1608350	32367668.00
2023/01/17	20.04	20.05	19.74	19.79	797300	15805569.00
2023/01/18	19.95	19.95	19.43	19.77	1151200	22598540.00
2023/01/19	19.77	19.95	19.62	19.82	1172900	23179548.00
2023/01/20	19.68	19.93	19.65	19.90	930900	18438744.00
2023/01/30	20.08	20.58	19.90	20.24	1981450	40361440.00
2023/01/31	20.44	20.44	19.91	20.20	1198500	24152856.00
2023/02/01	20.35	20.37	19.98	20.26	788550	15891885.00
2023/02/02	20.34	20.37	20.08	20.36	1015150	20561320.00
2023/02/03	20.16	20.85	20.02	20.67	1549250	31713748.00
2023/02/06	20.68	20.78	20.18	20.32	1017950	20712166.00
2023/02/07	20.32	20.70	20.27	20.65	1122550	22979238.00
2023/02/08	20.84	21.30	20.56	20.93	1698900	35713696.00
2023/02/09	20.88	21.91	20.62	21.87	2548800	54461064.00
2023/02/10	21.95	22.35	21.69	22.00	2535650	55575240.00
数据来源:通达信
