002835 同为股份 日线 不复权
      日期	    开盘	    最高	    最低	    收盘	    成交量	    成交额
2016/12/28	14.81	17.77	14.81	17.77	9905	175501.78
2016/12/29	19.55	19.55	19.55	19.55	3647	71298.85
2016/12/30	21.51	21.51	21.51	21.51	5198	111808.98
2017/01/03	23.66	23.66	23.66	23.66	5700	134862.00
2017/01/04	26.03	26.03	26.03	26.03	4926	128223.78
2017/01/05	28.63	28.63	28.63	28.63	7196	206021.48
2017/01/06	31.49	31.49	31.49	31.49	21973	691929.75
2017/01/09	34.64	34.64	34.64	34.64	35663	1235366.38
2017/01/10	38.10	38.10	38.10	38.10	47368	1804720.75
2017/01/11	41.91	41.91	41.91	41.91	202244	8476046.00
2017/01/12	40.02	40.20	37.72	37.72	13848566	536404736.00
2017/01/13	37.02	37.42	34.70	34.95	11007497	393586304.00
2017/01/16	34.38	35.75	32.58	33.99	7921532	273282208.00
2017/01/17	33.61	36.44	32.90	35.41	8500870	294269632.00
2017/01/18	34.81	35.30	33.50	33.50	5807067	199762048.00
2017/01/19	32.78	33.85	31.77	32.75	5225692	172068960.00
2017/01/20	32.88	34.50	32.50	33.92	5056423	171394160.00
2017/01/23	33.70	35.83	33.68	35.38	5980088	209741536.00
2017/01/24	35.01	36.87	34.81	35.26	5724407	204365584.00
2017/01/25	34.85	36.67	34.56	36.39	5050080	181399600.00
2017/01/26	36.80	36.80	35.83	36.50	4309186	156591008.00
2017/02/03	36.40	36.43	35.48	35.59	3179874	114116824.00
2017/02/06	35.75	37.69	35.75	37.59	5665478	208489376.00
2017/02/07	37.30	37.31	36.18	36.90	4453181	163743984.00
2017/02/08	37.00	38.66	36.65	38.22	5466765	205848208.00
2017/02/09	37.91	38.80	37.66	38.32	4513793	172461664.00
2017/02/10	38.28	38.54	36.75	36.80	3993351	149310624.00
2017/02/13	36.90	40.48	36.51	40.48	5123611	197725568.00
2017/02/14	39.90	42.86	39.50	40.88	9406543	386385632.00
2017/02/15	40.64	44.97	40.55	42.21	8930022	382830304.00
2017/02/16	41.02	41.39	39.38	39.96	6585503	265209024.00
2017/02/17	39.92	40.40	38.60	38.60	4844511	191070768.00
2017/02/20	38.42	38.90	37.40	38.72	3086621	117480232.00
2017/02/21	38.55	39.70	38.51	39.55	2887701	113254888.00
2017/02/22	39.24	39.48	38.28	39.09	2257881	87937616.00
2017/02/23	38.98	40.48	38.40	40.20	3821007	152352688.00
2017/02/24	40.25	41.80	40.24	41.19	4127809	169816672.00
2017/02/27	40.80	41.28	40.19	40.67	3261706	132528280.00
2017/02/28	40.72	40.96	39.80	40.96	2653729	107454168.00
2017/03/01	40.98	41.20	40.00	40.37	2361509	95833904.00
2017/03/02	40.47	41.07	40.18	40.76	2634328	107194440.00
2017/03/03	40.31	40.52	39.66	39.72	4024399	161295776.00
2017/03/06	39.60	41.10	39.60	41.05	3396905	138115072.00
2017/03/07	41.20	41.95	40.78	41.85	4236136	175014720.00
2017/03/08	41.83	42.17	41.36	42.12	3463110	144708976.00
2017/03/09	41.79	41.88	40.47	40.96	3176307	130006272.00
2017/03/10	40.96	41.59	40.72	41.30	2301320	94784528.00
2017/03/13	41.17	42.30	40.36	42.30	3182158	132379224.00
2017/03/14	42.12	43.27	42.00	42.20	3575167	152035536.00
2017/03/15	41.98	42.80	41.31	42.36	2968455	124868560.00
2017/03/16	42.31	44.35	42.31	43.76	4569536	198551696.00
2017/03/17	43.62	45.45	42.85	44.22	6960095	306929280.00
2017/03/20	44.06	47.23	44.06	47.18	7648423	349590976.00
2017/03/21	47.00	47.34	45.86	46.90	5634571	261695808.00
2017/03/22	46.40	47.16	45.65	46.65	4986778	231485088.00
2017/03/23	46.85	47.09	43.00	44.40	6084992	273819744.00
2017/03/24	44.40	45.35	44.01	44.83	3235768	145181792.00
2017/03/27	44.99	45.42	43.99	45.28	2813247	125978864.00
2017/03/28	45.21	45.26	43.28	43.50	2655897	118154320.00
2017/03/29	43.30	43.79	40.42	40.84	3770227	157549680.00
2017/03/30	40.29	40.49	39.55	39.60	2771761	110758248.00
2017/03/31	39.72	40.31	38.68	39.09	2122953	83899248.00
2017/04/05	39.06	40.34	38.51	40.10	1857136	73787440.00
2017/04/06	40.03	40.97	39.90	40.24	1611686	65149880.00
2017/04/07	40.12	40.80	39.78	40.46	2114508	85093720.00
2017/04/10	40.15	40.63	38.03	39.53	3301573	131563768.00
2017/04/11	39.00	39.95	36.25	38.21	4048420	153542400.00
2017/04/12	38.09	38.15	37.02	37.08	1432420	53840640.00
2017/04/13	37.00	38.10	36.85	37.42	1323922	49840044.00
2017/04/14	37.38	37.49	36.52	36.52	1018626	37601584.00
2017/04/17	35.12	35.12	33.00	33.10	2070972	69812520.00
2017/04/18	33.18	33.72	32.63	32.79	1066724	35392436.00
2017/04/19	32.97	34.00	32.58	33.70	1497231	49746608.00
2017/04/20	33.49	33.86	31.85	32.91	1341883	44087532.00
2017/04/21	36.08	36.20	34.80	35.09	5978502	214180736.00
2017/04/24	33.00	33.88	32.01	33.00	3918483	129621776.00
2017/04/25	33.15	34.50	33.00	33.82	2778198	94401648.00
2017/04/26	33.75	36.06	33.62	34.91	3769056	132112584.00
2017/04/27	34.63	36.96	34.13	36.62	3580033	127968552.00
2017/04/28	36.66	37.50	36.46	36.71	2410808	89066784.00
2017/05/02	36.50	37.25	36.30	36.63	1580030	58140508.00
2017/05/03	36.63	37.61	36.63	37.39	2106744	78299624.00
2017/05/04	37.46	37.48	36.40	36.40	1795380	66241552.00
2017/05/05	36.16	38.38	36.16	37.05	2869801	107319488.00
2017/05/08	37.00	37.24	35.00	35.38	1681711	61529800.00
2017/05/09	35.34	35.97	33.81	35.70	2286824	79693168.00
2017/05/10	35.45	38.27	35.45	36.44	3774756	140261168.00
2017/05/11	35.94	37.50	35.12	37.44	2784237	101357992.00
2017/05/12	37.45	38.88	37.20	38.62	3570588	136941120.00
2017/05/15	38.19	39.22	38.13	38.64	2537568	98022680.00
2017/05/16	38.17	40.24	37.72	39.69	3587834	139482848.00
2017/05/17	39.65	42.80	39.53	40.48	4487239	183044240.00
2017/05/18	40.80	41.68	39.47	40.15	3895791	158943280.00
2017/05/19	40.16	40.28	37.78	38.70	3137268	122171768.00
2017/05/22	38.40	39.47	35.52	36.20	3033589	113994968.00
2017/05/23	36.00	36.56	34.10	34.69	2437532	86017472.00
2017/05/24	34.06	35.66	34.06	35.44	2172285	75590144.00
2017/05/25	17.60	17.82	15.89	16.61	6389684	106079328.00
2017/05/26	16.80	17.15	16.25	17.01	4396536	73501592.00
2017/05/31	17.70	18.18	16.61	16.80	4906914	86088360.00
2017/06/01	16.40	16.60	15.12	15.17	5145292	81260400.00
2017/06/02	14.98	15.85	14.73	15.59	3124374	47965244.00
2017/06/05	15.92	16.23	15.66	15.93	3069566	49067760.00
2017/06/06	15.84	17.52	15.65	17.18	7589724	127904488.00
2017/06/07	17.38	18.90	17.35	18.90	9584592	177714928.00
2017/06/08	20.30	20.79	18.76	18.94	19219382	381413536.00
2017/06/09	18.20	18.90	17.62	18.49	12888530	234064800.00
2017/06/12	17.75	17.98	16.64	16.64	9457037	163144912.00
2017/06/13	16.75	18.30	16.75	18.30	5339356	95584848.00
2017/06/14	20.13	20.13	19.52	20.13	22005687	441682496.00
2017/06/15	19.48	21.79	19.21	21.24	27449377	565248256.00
2017/06/16	21.00	23.36	20.94	21.86	31266085	700975040.00
2017/06/19	20.05	21.52	19.80	21.40	22940951	470293792.00
2017/06/20	21.05	21.30	20.17	20.53	18171133	375797600.00
2017/06/21	20.39	20.50	19.60	20.36	14623399	292683584.00
2017/06/22	20.09	20.30	19.23	19.42	12022857	237231216.00
2017/06/23	19.59	19.78	18.65	19.29	10023280	192651184.00
2017/06/26	19.40	19.59	18.71	19.56	8957991	172441520.00
2017/06/27	19.50	20.80	19.26	20.40	17434250	351118368.00
2017/06/28	20.07	20.07	19.21	19.30	10667632	207858784.00
2017/06/29	19.60	19.88	19.13	19.30	6562407	127379840.00
2017/06/30	19.10	19.10	18.22	18.40	8518845	158594832.00
2017/07/03	18.63	18.63	18.20	18.30	4660422	85416568.00
2017/07/04	18.39	18.46	18.04	18.12	4419794	80562776.00
2017/07/05	18.13	18.77	18.05	18.77	7340914	135215072.00
2017/07/06	18.65	18.76	18.23	18.56	6697070	124005824.00
2017/07/07	18.52	19.24	18.34	18.97	8456308	159555664.00
2017/07/10	18.60	18.80	17.51	17.56	8392330	150608672.00
2017/07/11	17.58	17.71	16.80	16.99	4490026	77256712.00
2017/07/12	16.85	17.50	16.58	17.38	4984906	85342264.00
2017/07/13	16.60	16.85	16.16	16.36	6213120	102610016.00
2017/07/14	16.25	16.57	16.16	16.21	2666442	43594796.00
2017/07/17	16.19	16.33	14.68	14.82	4444403	67452088.00
2017/07/18	14.87	15.32	14.55	15.13	3705212	55292292.00
2017/07/19	15.03	15.33	14.85	15.16	3152152	47573488.00
2017/07/20	15.02	15.31	14.93	14.97	3389000	51321724.00
2017/07/21	14.86	14.90	14.61	14.61	2867452	42185988.00
2017/07/24	14.61	14.73	14.11	14.68	3515600	50914480.00
2017/07/25	14.52	15.28	14.45	15.11	4546642	67794952.00
2017/07/26	14.98	15.06	14.50	14.66	3190742	47067208.00
2017/07/27	14.60	15.15	14.53	15.07	3950641	59048316.00
2017/07/28	15.00	15.10	14.91	15.03	2807100	42110328.00
2017/07/31	15.20	15.47	15.05	15.32	3938670	60169048.00
2017/08/01	15.33	15.34	15.04	15.19	3327812	50335828.00
2017/08/02	15.23	15.25	14.70	14.70	2589704	38778452.00
2017/08/03	14.74	15.06	14.61	14.81	2131396	31600602.00
2017/08/04	14.84	14.96	14.68	14.73	1822455	26926836.00
2017/08/07	14.68	14.85	14.68	14.71	1328827	19593848.00
2017/08/08	14.71	14.76	14.28	14.46	2297754	33225562.00
2017/08/09	14.40	14.59	14.40	14.49	1219452	17655402.00
2017/08/10	14.50	14.55	14.15	14.24	1666846	23894666.00
2017/08/11	14.20	14.33	14.11	14.14	1297000	18435578.00
2017/08/14	14.18	14.48	14.17	14.42	1427094	20473060.00
2017/08/15	14.40	14.98	14.40	14.81	3410656	50227660.00
2017/08/16	14.73	15.28	14.64	15.24	4910934	73853552.00
2017/08/17	15.10	15.19	14.90	15.12	3512139	52820892.00
2017/08/18	15.00	15.07	14.80	14.80	2329000	34676096.00
2017/08/21	14.80	15.06	14.70	15.06	2454850	36615912.00
2017/08/22	15.01	15.05	14.74	14.79	2154600	32019904.00
2017/08/23	14.75	14.96	14.72	14.88	2027052	30140544.00
2017/08/24	14.89	14.94	14.70	14.79	2454706	36337980.00
2017/08/25	14.73	15.09	14.55	15.02	4787390	71225680.00
2017/08/28	15.08	16.00	15.02	15.73	8544528	132370312.00
2017/08/29	15.59	15.95	15.36	15.68	6049244	94218816.00
2017/08/30	15.38	15.67	15.36	15.39	2965000	45909648.00
2017/08/31	15.36	16.08	15.36	15.97	6542780	103446968.00
2017/09/01	15.86	15.88	15.63	15.81	3748717	59089416.00
2017/09/04	15.88	16.60	15.50	16.53	8807732	142985648.00
2017/09/05	16.70	17.97	16.53	17.19	14650106	252768800.00
2017/09/06	16.81	17.65	16.52	17.42	10230703	173723280.00
2017/09/07	17.18	17.55	16.75	16.87	7327693	125833000.00
2017/09/08	16.76	16.76	16.35	16.60	4656572	77058136.00
2017/09/11	16.54	16.82	16.35	16.75	3046538	50694816.00
2017/09/12	16.76	16.88	16.06	16.12	4781308	78303136.00
2017/09/13	16.23	16.35	16.11	16.27	2030267	32933630.00
2017/09/14	16.33	16.39	15.96	16.02	2703252	43715908.00
2017/09/15	16.10	16.19	15.96	16.06	2018978	32459152.00
2017/09/18	16.06	16.08	15.78	16.05	1992400	31741976.00
2017/09/19	16.00	16.35	15.95	16.27	2833504	45893196.00
2017/09/20	16.16	16.47	15.90	16.47	3327704	53988468.00
2017/09/21	16.46	16.54	16.10	16.11	2500511	40779816.00
2017/09/22	16.08	16.08	15.50	15.82	2872475	45363200.00
2017/09/25	15.79	15.99	15.71	15.75	1775442	28170290.00
2017/09/26	15.75	15.86	15.02	15.22	2613794	39999220.00
2017/09/27	15.29	15.59	15.11	15.38	1882394	29033926.00
2017/09/28	15.31	15.49	15.14	15.26	2340830	35850928.00
2017/09/29	15.21	16.30	15.21	16.05	4700532	74354504.00
2017/10/09	16.19	16.35	15.70	15.94	3739810	59607736.00
2017/10/10	16.00	16.29	15.83	16.22	3422561	54964772.00
2017/10/11	16.06	16.22	15.90	15.97	2496419	40010572.00
2017/10/12	16.29	17.57	16.20	16.90	10951446	186094816.00
2017/10/13	16.68	16.95	16.51	16.71	5671410	94527560.00
2017/10/16	16.62	16.70	15.69	15.69	5166036	83114616.00
2017/10/17	15.51	15.88	15.51	15.77	2294700	36087736.00
2017/10/18	15.68	15.92	15.23	15.30	2127926	33310618.00
2017/10/19	15.32	15.40	14.95	15.04	1946394	29507510.00
2017/10/20	15.04	15.34	14.98	15.27	1105400	16809672.00
2017/10/23	15.37	15.82	15.20	15.60	1671264	25954902.00
2017/10/24	15.40	15.45	15.05	15.28	2132634	32497042.00
2017/10/25	15.43	15.59	15.29	15.54	2148980	33304650.00
2017/10/26	15.50	15.63	15.42	15.56	1462291	22698406.00
2017/10/27	15.53	15.62	15.24	15.28	1490103	22969786.00
2017/10/30	15.21	15.28	14.50	15.22	2548126	38026508.00
2017/10/31	15.02	16.10	14.93	15.67	3895942	60674224.00
2017/11/01	15.77	16.00	15.50	15.68	1857885	29080316.00
2017/11/02	15.65	15.70	15.09	15.19	1989718	30360810.00
2017/11/03	15.15	15.24	14.20	14.61	3162500	46609832.00
2017/11/06	14.61	14.88	14.50	14.71	1543219	22639454.00
2017/11/07	14.67	14.77	14.48	14.69	1354963	19790600.00
2017/11/08	14.72	14.95	14.65	14.73	1445286	21409164.00
2017/11/09	14.63	14.85	14.58	14.82	1587744	23420200.00
2017/11/10	14.74	14.93	14.74	14.80	1512500	22454076.00
2017/11/13	14.78	14.90	14.75	14.86	1492942	22124356.00
2017/11/14	14.88	14.90	14.26	14.44	2278500	33058726.00
2017/11/15	14.40	14.53	14.26	14.41	1192652	17178776.00
2017/11/16	14.43	14.48	14.11	14.18	1096142	15681894.00
2017/11/17	14.18	14.28	12.90	12.98	2595482	34786240.00
2017/11/20	13.02	13.02	12.15	12.70	2133784	26740006.00
2017/11/21	12.68	12.80	12.29	12.43	1804726	22535144.00
2017/11/22	12.43	12.58	12.27	12.45	1465004	18224292.00
2017/11/23	12.45	12.62	12.26	12.29	1779894	22170250.00
2017/11/24	12.12	12.38	12.05	12.10	1257200	15326491.00
2017/11/27	12.06	12.20	11.65	11.94	1752874	20838520.00
2017/11/28	11.97	12.37	11.90	12.32	1419612	17287104.00
2017/11/29	12.26	12.41	12.00	12.37	1438112	17525716.00
2017/11/30	12.78	13.61	12.78	12.99	7583416	99100344.00
2017/12/01	12.64	12.89	12.44	12.77	3404008	43146632.00
2017/12/04	12.50	12.59	11.95	11.96	2994200	36542508.00
2017/12/05	11.89	12.05	11.08	11.42	2268187	26641586.00
2017/12/06	11.40	11.68	11.12	11.68	1740538	19843030.00
2017/12/07	11.60	11.68	11.40	11.50	1220542	14088569.00
2017/12/08	11.50	11.79	11.39	11.64	1446224	16868860.00
2017/12/11	11.68	11.88	11.66	11.75	1326262	15607093.00
2017/12/12	11.76	11.76	11.31	11.34	1631052	18794402.00
2017/12/13	11.38	11.51	11.28	11.48	1209938	13830255.00
2017/12/14	11.50	11.58	11.33	11.57	1147600	13169009.00
2017/12/15	11.62	11.65	11.33	11.53	1353300	15584049.00
2017/12/18	11.51	11.51	11.26	11.34	1035300	11753191.00
2017/12/19	11.44	11.55	11.36	11.51	1245894	14315862.00
2017/12/20	11.50	11.53	11.16	11.18	1279008	14432666.00
2017/12/21	11.20	11.35	11.04	11.27	1041500	11668127.00
2017/12/22	11.29	11.29	11.10	11.10	776400	8680568.00
2017/12/25	11.10	11.10	10.63	10.70	1643284	17713012.00
2017/12/26	10.62	11.50	10.55	11.09	2660544	29332762.00
2017/12/27	10.70	11.14	10.70	10.91	1879542	20469536.00
2017/12/28	10.78	11.17	10.78	11.00	1543930	16999980.00
2017/12/29	11.02	11.25	10.91	11.25	1487248	16546776.00
2018/01/02	11.25	11.28	11.11	11.23	1205600	13506903.00
2018/01/03	11.22	11.33	11.16	11.26	1552690	17473070.00
2018/01/04	11.32	11.34	11.20	11.24	1306600	14689689.00
2018/01/05	11.33	11.36	11.20	11.25	1168000	13146428.00
2018/01/08	11.24	11.25	11.02	11.16	1224800	13606761.00
2018/01/09	11.20	11.41	11.16	11.40	1979542	22331278.00
2018/01/10	11.36	11.36	10.91	11.04	1791486	19948758.00
2018/01/11	10.81	11.47	10.81	11.45	3252216	36833788.00
2018/01/12	11.45	11.79	11.25	11.61	3162713	36426192.00
2018/01/15	11.51	12.70	11.30	11.62	5465100	64567988.00
2018/01/16	11.30	11.55	11.09	11.43	3254582	36929212.00
2018/01/17	11.40	11.42	11.10	11.36	2376084	26750546.00
2018/01/18	11.33	11.47	11.26	11.38	1637742	18615868.00
2018/01/19	11.35	11.68	11.35	11.48	2238600	25768398.00
2018/01/22	11.40	11.40	11.13	11.30	1541620	17376188.00
2018/01/23	11.23	11.65	11.23	11.56	2602790	29916778.00
2018/01/24	11.47	11.59	11.32	11.55	2041300	23458298.00
2018/01/25	11.50	11.65	11.31	11.33	2264084	26057364.00
2018/01/26	11.32	11.42	11.10	11.15	1711814	19247518.00
2018/01/29	11.15	11.22	10.80	10.85	1495094	16390850.00
2018/01/30	10.86	10.98	10.78	10.89	673742	7317397.50
2018/01/31	10.85	10.85	10.16	10.33	1992592	20903042.00
2018/02/01	10.32	10.35	9.64	9.79	1702292	17012644.00
2018/02/02	9.70	9.70	9.28	9.40	1383642	13091992.00
2018/02/05	9.29	9.57	9.23	9.39	738742	6959953.50
2018/02/06	9.26	9.30	8.61	8.62	1407784	12616100.00
2018/02/07	8.98	9.00	8.50	8.77	1060387	9320501.00
2018/02/08	8.68	9.00	8.67	8.99	1079800	9645265.00
2018/02/09	8.70	8.85	8.55	8.67	1099685	9557497.00
2018/02/12	8.79	9.02	8.76	9.00	856700	7661178.00
2018/02/13	9.12	9.12	8.90	8.91	869500	7828643.00
2018/02/14	8.84	8.98	8.82	8.91	540446	4798570.50
2018/02/22	8.98	9.12	8.96	9.11	680100	6160097.00
2018/02/23	9.19	9.21	9.07	9.12	832442	7606190.50
2018/02/26	9.13	9.44	9.13	9.38	1253936	11667079.00
2018/02/27	9.40	9.47	9.31	9.44	902784	8502819.00
2018/02/28	9.34	9.47	9.19	9.45	1178433	10945752.00
2018/03/01	9.45	9.64	9.29	9.62	1581134	15087924.00
2018/03/02	9.60	9.66	9.45	9.45	1255400	11973368.00
2018/03/05	9.41	9.66	9.41	9.62	1466200	14071089.00
2018/03/06	9.66	9.74	9.60	9.71	1293700	12509041.00
2018/03/07	9.73	9.77	9.52	9.68	1268700	12263607.00
2018/03/08	9.76	10.08	9.67	9.97	1918042	19054820.00
2018/03/09	9.91	10.28	9.81	10.24	2202094	22210472.00
2018/03/12	10.24	10.44	10.20	10.31	1897394	19571218.00
2018/03/13	10.33	10.44	10.11	10.35	1721676	17660208.00
2018/03/14	10.28	10.35	10.00	10.02	1849984	18757298.00
2018/03/15	10.01	10.06	9.40	9.66	2279200	22176594.00
2018/03/16	9.72	10.08	9.63	9.90	1858634	18339994.00
2018/03/19	9.89	10.08	9.85	9.97	889700	8870394.00
2018/03/20	9.90	10.00	9.73	10.00	997842	9849545.00
2018/03/21	10.02	10.23	9.91	9.96	1693384	17114476.00
2018/03/22	9.96	10.50	9.96	10.16	3312542	33950648.00
2018/03/23	9.95	9.95	9.14	9.20	3320310	31443184.00
2018/03/26	8.91	9.24	8.66	9.21	1554121	13894901.00
2018/03/27	9.31	9.59	9.31	9.52	1574213	14890367.00
2018/03/28	9.30	9.80	9.21	9.73	1920742	18518248.00
2018/03/29	9.73	10.21	9.63	9.96	3052222	30355552.00
2018/03/30	9.91	10.45	9.91	10.23	2928642	29853590.00
2018/04/02	10.10	10.33	9.98	10.14	3574742	36202176.00
2018/04/03	9.99	10.30	9.89	10.27	2588484	26114814.00
2018/04/04	10.23	10.38	10.11	10.15	2442084	24942620.00
2018/04/09	9.99	10.78	9.96	10.71	5488669	57253652.00
2018/04/10	10.56	10.63	10.24	10.41	3610684	37647420.00
2018/04/11	10.41	10.66	10.40	10.42	2550771	26876996.00
2018/04/12	10.45	10.73	10.33	10.52	3616841	38202356.00
2018/04/13	10.61	10.71	10.41	10.63	2956084	31360184.00
2018/04/16	10.60	11.18	10.45	10.75	4977942	53818816.00
2018/04/17	10.77	11.40	10.51	11.08	7940486	87460864.00
2018/04/18	11.08	12.19	10.77	11.74	11394765	130488232.00
2018/04/19	11.50	12.08	11.42	11.46	8472976	98878656.00
2018/04/20	11.32	11.42	10.85	11.05	4728545	52472112.00
2018/04/23	10.91	11.27	10.44	11.13	5350971	58178464.00
2018/04/24	11.06	11.46	10.88	11.14	5082156	56452324.00
2018/04/25	10.73	10.99	10.68	10.83	3466125	37523120.00
2018/04/26	10.83	10.94	10.25	10.80	4024791	42449040.00
2018/04/27	10.59	11.11	10.55	10.95	5881424	64154752.00
2018/05/02	10.90	11.25	10.26	10.40	3677900	39357472.00
2018/05/03	10.30	10.80	10.02	10.59	3689700	38600272.00
2018/05/04	10.56	10.90	10.46	10.60	3585515	38390712.00
2018/05/07	10.55	10.92	10.50	10.79	3977274	42660536.00
2018/05/08	11.87	11.87	11.87	11.87	3001405	35626676.00
2018/05/09	13.06	13.06	11.96	11.98	19611968	248688512.00
2018/05/10	11.51	11.80	11.25	11.49	12386803	142322256.00
2018/05/11	11.27	11.46	10.76	10.81	9045570	100103648.00
2018/05/14	10.72	10.80	10.48	10.60	3794812	40309432.00
2018/05/15	10.63	10.84	10.60	10.80	3031996	32605664.00
2018/05/16	10.80	10.80	10.52	10.53	2684768	28562540.00
2018/05/17	10.50	10.69	10.43	10.64	1843800	19546100.00
2018/05/18	10.62	10.62	10.32	10.54	1981300	20754562.00
2018/05/21	10.61	10.78	10.58	10.73	2096600	22430144.00
2018/05/22	10.72	10.83	10.57	10.76	2446400	26188888.00
2018/05/23	10.76	11.30	10.73	11.21	6504918	71999128.00
2018/05/24	11.08	11.14	10.91	11.00	3387850	37310536.00
2018/05/25	10.90	11.18	10.82	10.85	3040200	33384976.00
2018/05/28	10.95	11.19	10.72	10.94	3609462	39767660.00
2018/05/29	10.72	10.90	10.51	10.63	2989300	31980402.00
2018/05/30	10.60	10.61	9.57	9.57	4391648	43843068.00
2018/05/31	9.68	10.00	9.58	9.77	1985444	19375770.00
2018/06/01	9.75	9.75	9.22	9.36	2333756	22147738.00
2018/06/04	9.36	9.49	9.25	9.38	983420	9246998.00
2018/06/05	9.50	9.70	9.40	9.70	1514100	14485673.00
2018/06/06	9.70	9.83	9.61	9.71	1791702	17414750.00
2018/06/07	9.75	9.80	9.51	9.56	1362552	13113433.00
2018/06/08	9.65	9.65	8.99	9.20	2002264	18576188.00
2018/06/11	9.13	9.38	9.09	9.22	1332700	12359948.00
2018/06/12	9.20	9.38	9.11	9.36	1133500	10534870.00
2018/06/13	9.36	9.39	9.04	9.15	1243400	11429757.00
2018/06/14	9.16	9.32	8.84	9.23	1231700	11308523.00
2018/06/15	9.15	9.29	8.69	8.80	1635400	14590876.00
2018/06/19	8.56	8.70	7.92	7.92	2228168	18176258.00
2018/06/20	7.80	8.27	7.80	8.13	1508308	12133660.00
2018/06/21	8.18	8.18	7.50	7.56	2135300	16812722.00
2018/06/22	7.59	7.90	7.51	7.82	1394042	10815546.00
2018/06/25	7.94	8.04	7.74	7.83	1207394	9558580.00
2018/06/26	7.82	8.06	7.66	8.03	1162734	9233232.00
2018/06/27	8.02	8.22	7.95	8.01	1253500	10100799.00
2018/06/28	8.02	8.42	7.98	8.12	2015210	16494852.00
2018/06/29	8.34	8.55	8.21	8.41	2704549	22565076.00
2018/07/02	8.40	8.40	8.01	8.13	2235052	18418344.00
2018/07/03	8.36	8.50	8.18	8.43	2239165	18692548.00
2018/07/04	8.30	8.40	8.03	8.15	1920400	15704161.00
2018/07/05	8.01	8.21	7.89	7.90	1168384	9390382.00
2018/07/06	7.90	8.08	7.72	7.98	1428000	11338649.00
2018/07/09	7.96	8.49	7.96	8.47	3428144	28439484.00
2018/07/10	8.36	8.38	8.11	8.35	3160942	26260658.00
2018/07/11	8.20	8.20	7.87	8.02	2038578	16382441.00
2018/07/12	8.05	8.28	8.02	8.17	1904810	15581111.00
2018/07/13	8.17	8.24	8.15	8.24	1290342	10571196.00
2018/07/16	8.20	8.24	8.10	8.17	1052700	8591402.00
2018/07/17	8.20	8.46	8.15	8.37	2236700	18591344.00
2018/07/18	8.30	8.49	8.21	8.21	1880200	15661887.00
2018/07/19	8.28	9.03	8.24	9.03	4500818	39985348.00
2018/07/20	9.93	9.93	9.93	9.93	4628351	45959524.00
2018/07/23	9.58	10.35	9.50	10.09	19074490	190725744.00
2018/07/24	9.57	9.83	9.23	9.75	14589470	139455216.00
2018/07/25	9.41	9.53	9.15	9.22	9954164	92840624.00
2018/07/26	9.10	9.29	8.88	9.26	8388426	76390848.00
2018/07/27	9.11	9.19	8.81	8.84	4606512	41434908.00
2018/07/30	8.80	9.02	8.71	8.99	3894861	34714012.00
2018/07/31	8.92	9.01	8.75	8.88	2307051	20413496.00
2018/08/01	8.89	8.98	8.81	8.83	3737500	33292400.00
2018/08/02	8.84	8.84	8.00	8.13	4879507	40522768.00
2018/08/03	8.12	8.28	7.97	7.97	2869495	23309308.00
2018/08/06	7.86	7.86	7.52	7.73	2971100	22914420.00
2018/08/07	7.76	8.15	7.69	8.12	4075729	32220520.00
2018/08/08	8.09	8.88	8.02	8.21	7155002	59903008.00
2018/08/09	8.07	8.97	8.03	8.79	6969841	59357808.00
2018/08/10	8.79	8.98	8.41	8.56	5851001	50069704.00
2018/08/13	8.41	8.54	8.25	8.49	2292947	19326100.00
2018/08/14	8.49	8.54	8.29	8.34	3033300	25482108.00
2018/08/15	8.34	8.75	8.20	8.28	4440801	37376996.00
2018/08/16	8.08	8.32	8.00	8.05	3407400	27692132.00
2018/08/17	8.06	8.18	7.79	7.81	3055001	24376954.00
2018/08/20	7.84	7.96	7.67	7.95	1839300	14405011.00
2018/08/21	7.71	8.07	7.71	8.02	1985500	15842994.00
2018/08/22	8.00	8.08	7.83	7.83	1161300	9185939.00
2018/08/23	7.84	8.03	7.84	7.95	1520500	12082120.00
2018/08/24	7.97	7.97	7.71	7.84	1304900	10278347.00
2018/08/27	7.85	8.08	7.85	8.03	1908884	15204580.00
2018/08/28	8.09	8.13	7.98	8.08	1751442	14109489.00
2018/08/29	8.12	8.12	7.92	7.95	1304900	10415405.00
2018/08/30	7.96	8.02	7.76	7.78	1215600	9556992.00
2018/08/31	7.95	7.96	7.77	7.77	1387700	10937856.00
2018/09/03	7.77	7.86	7.55	7.80	1583200	12169368.00
2018/09/04	7.76	7.89	7.74	7.89	1349500	10572612.00
2018/09/05	7.85	7.99	7.76	7.81	2017100	15896689.00
2018/09/06	7.79	7.92	7.77	7.84	1327800	10430119.00
2018/09/07	7.81	7.91	7.69	7.73	1855200	14459548.00
2018/09/10	7.80	7.82	7.51	7.54	1330944	10147206.00
2018/09/11	7.55	7.68	7.52	7.60	1000186	7605879.50
2018/09/12	7.67	7.69	7.57	7.63	704300	5368787.00
2018/09/13	7.63	7.73	7.60	7.70	1043942	7991941.50
2018/09/14	7.67	7.72	7.56	7.59	1030500	7873896.00
2018/09/17	7.58	7.59	7.44	7.46	1030400	7724408.00
2018/09/18	7.46	7.59	7.46	7.59	1090100	8213562.00
2018/09/19	7.60	8.12	7.53	7.88	3940800	30753372.00
2018/09/20	7.83	7.88	7.65	7.73	3035000	23442500.00
2018/09/21	7.75	7.79	7.67	7.77	1704000	13176100.00
2018/09/25	7.72	7.80	7.70	7.73	1211900	9390902.00
2018/09/26	7.72	7.79	7.70	7.79	1063242	8242529.00
2018/09/27	7.79	7.79	7.60	7.60	1274600	9794172.00
2018/09/28	7.60	7.71	7.60	7.68	595500	4562405.00
2018/10/08	7.60	7.60	7.41	7.45	1047844	7868069.00
2018/10/09	7.59	7.59	7.44	7.49	501000	3760153.00
2018/10/10	7.49	7.78	7.45	7.65	1466300	11166804.00
2018/10/11	7.39	7.48	6.89	6.93	2401700	17152036.00
2018/10/12	7.00	7.03	6.48	6.83	1513458	10197289.00
2018/10/15	6.94	7.51	6.80	7.51	5256968	38224744.00
2018/10/16	7.51	7.86	7.13	7.28	6896526	52185860.00
2018/10/17	8.01	8.01	7.35	7.53	6647958	51594624.00
2018/10/18	7.20	7.20	6.78	6.83	6104677	41770772.00
2018/10/19	6.68	7.51	6.19	7.51	7467837	52619920.00
2018/10/22	7.44	8.04	7.27	7.81	9799949	74323552.00
2018/10/23	7.55	7.78	7.47	7.49	5281226	39998752.00
2018/10/24	7.48	7.55	7.22	7.34	3147542	23238114.00
2018/10/25	7.03	7.23	6.92	7.20	2475723	17590008.00
2018/10/26	7.21	7.32	7.10	7.21	2000500	14408575.00
2018/10/29	7.16	7.22	6.80	6.92	2067200	14518075.00
2018/10/30	6.90	7.05	6.80	7.02	2309242	16015072.00
2018/10/31	7.09	7.23	7.01	7.07	2593642	18465722.00
2018/11/01	7.07	7.24	7.07	7.14	2576200	18456848.00
2018/11/02	7.26	7.32	7.14	7.30	3224100	23348492.00
2018/11/05	7.29	7.46	7.23	7.43	2733884	20084164.00
2018/11/06	7.41	7.41	7.07	7.28	2558884	18473546.00
2018/11/07	7.17	7.36	7.17	7.30	1805784	13162299.00
2018/11/08	7.35	7.36	7.20	7.25	1914300	13976147.00
2018/11/09	7.18	7.29	7.14	7.24	1288026	9317941.00
2018/11/12	7.26	7.48	7.22	7.47	2854141	21130974.00
2018/11/13	7.39	7.68	7.36	7.56	3591100	27132174.00
2018/11/14	7.65	7.85	7.51	7.55	3549800	27235360.00
2018/11/15	7.57	8.16	7.50	7.98	6365858	50168052.00
2018/11/16	7.94	8.72	7.82	8.33	9560642	78728672.00
2018/11/19	8.30	8.31	8.05	8.16	7531131	61631896.00
2018/11/20	8.15	8.15	7.71	7.78	5608542	44196740.00
2018/11/21	7.68	8.21	7.67	8.06	4985115	39615736.00
2018/11/22	8.07	8.17	7.90	7.99	3479705	27858872.00
2018/11/23	8.09	8.55	7.78	7.90	9415299	77404728.00
2018/11/26	7.75	7.75	7.32	7.42	5683500	42551560.00
2018/11/27	7.45	7.54	7.36	7.42	2917900	21718732.00
2018/11/28	7.42	7.55	7.23	7.49	2808142	20806456.00
2018/11/29	7.52	7.63	7.23	7.25	2823242	21077552.00
2018/11/30	7.29	7.36	7.03	7.32	2517899	18182036.00
2018/12/03	7.43	7.60	7.43	7.53	2234300	16811512.00
2018/12/04	7.53	7.60	7.46	7.59	1953642	14740102.00
2018/12/05	7.45	7.55	7.31	7.49	1831042	13631299.00
2018/12/06	7.50	7.60	7.32	7.38	1680342	12511072.00
2018/12/07	7.45	7.52	7.40	7.44	1139441	8484504.00
2018/12/10	7.48	7.48	7.21	7.25	1295200	9449474.00
2018/12/11	7.31	7.34	7.26	7.31	964900	7047655.00
2018/12/12	7.33	7.46	7.31	7.35	877100	6462346.00
2018/12/13	7.40	7.50	7.32	7.47	1385300	10303946.00
2018/12/14	7.50	7.51	7.13	7.23	1806700	13187551.00
2018/12/17	7.23	7.31	7.14	7.28	930142	6714828.00
2018/12/18	7.23	7.29	7.13	7.24	884800	6369738.00
2018/12/19	7.27	7.28	7.12	7.14	1044477	7510140.00
2018/12/20	7.14	7.25	7.14	7.19	990600	7131838.00
2018/12/21	7.19	7.23	7.15	7.22	743700	5342329.00
2018/12/24	7.22	7.37	7.18	7.34	1219658	8900842.00
2018/12/25	7.25	7.37	6.93	7.33	1979192	14147558.00
2018/12/26	7.29	7.37	7.24	7.33	1085942	7947872.00
2018/12/27	7.38	7.46	7.11	7.20	1253100	9161144.00
2018/12/28	7.28	7.32	7.13	7.14	1102908	7946196.00
2019/01/02	7.15	7.27	7.14	7.21	860700	6202660.50
2019/01/03	7.24	7.29	7.12	7.21	816762	5878093.00
2019/01/04	7.18	7.38	7.06	7.37	1365242	9926497.00
2019/01/07	7.38	7.55	7.35	7.51	1377217	10303135.00
2019/01/08	7.52	7.56	7.42	7.51	1617700	12152696.00
2019/01/09	7.53	7.67	7.53	7.54	1826800	13883128.00
2019/01/10	7.61	7.64	7.45	7.50	1411642	10644823.00
2019/01/11	7.49	7.60	7.45	7.55	1022003	7710596.50
2019/01/14	7.55	7.70	7.52	7.56	1609500	12260254.00
2019/01/15	7.60	7.65	7.45	7.65	1590600	12057164.00
2019/01/16	7.67	7.72	7.60	7.70	1961290	15055167.00
2019/01/17	7.64	7.75	7.56	7.66	2301784	17628734.00
2019/01/18	7.68	7.69	7.52	7.58	1350125	10221911.00
2019/01/21	7.66	7.66	7.47	7.51	1986826	14966566.00
2019/01/22	7.56	7.56	7.29	7.40	1462517	10835273.00
2019/01/23	7.40	7.47	7.35	7.46	1108975	8214752.50
2019/01/24	7.40	7.47	7.32	7.47	1449700	10734376.00
2019/01/25	7.48	7.48	7.22	7.29	1139500	8386335.00
2019/01/28	7.35	7.39	7.16	7.21	1185800	8604002.00
2019/01/29	7.15	7.23	6.81	6.95	2166710	15104851.00
2019/01/30	6.88	6.98	6.76	6.80	1164584	7976015.00
2019/01/31	6.84	6.85	6.39	6.50	1763700	11703324.00
2019/02/01	6.57	6.75	6.52	6.73	1059558	7077302.00
2019/02/11	6.70	6.93	6.70	6.91	1166000	8020115.00
2019/02/12	6.89	7.49	6.89	7.42	4862867	34959884.00
2019/02/13	7.34	7.40	7.18	7.33	4770648	34659892.00
2019/02/14	7.31	7.32	7.22	7.24	2082234	15117556.00
2019/02/15	7.24	7.32	7.19	7.20	1886384	13667392.00
2019/02/18	7.25	7.42	7.24	7.42	2413262	17738032.00
2019/02/19	7.49	7.55	7.35	7.46	2909681	21656952.00
2019/02/20	7.42	7.69	7.38	7.56	3237687	24280804.00
2019/02/21	7.49	7.58	7.40	7.49	3663780	27403340.00
2019/02/22	7.48	7.70	7.46	7.69	3604502	27352992.00
2019/02/25	7.79	7.97	7.72	7.97	4428891	34808152.00
2019/02/26	8.02	8.07	7.82	7.90	4154400	32987076.00
2019/02/27	7.90	8.04	7.79	7.87	2848387	22526238.00
2019/02/28	7.86	7.98	7.84	7.98	2919736	23128118.00
2019/03/01	8.02	8.28	7.90	8.25	5761347	46770080.00
2019/03/04	8.24	8.87	8.18	8.72	9680419	82870736.00
2019/03/05	8.67	9.33	8.40	9.20	9505365	84468048.00
2019/03/06	9.23	9.23	8.67	8.99	12310479	109415160.00
2019/03/07	8.82	8.95	8.71	8.90	7942002	70094512.00
2019/03/08	8.70	8.84	8.46	8.48	5487603	47448648.00
2019/03/11	8.56	8.79	8.48	8.78	5065922	43763804.00
2019/03/12	8.82	8.94	8.60	8.79	6166902	54248092.00
2019/03/13	8.79	8.81	8.53	8.55	4670600	40575360.00
2019/03/14	8.51	8.66	8.17	8.29	3969702	33125322.00
2019/03/15	8.33	8.53	8.31	8.46	3796300	31909488.00
2019/03/18	8.33	8.75	8.33	8.72	4017000	34072268.00
2019/03/19	8.66	8.88	8.55	8.70	4179976	36224020.00
2019/03/20	8.69	8.80	8.52	8.70	3455018	29912362.00
2019/03/21	8.67	8.98	8.67	8.72	4378690	38342728.00
2019/03/22	8.73	8.78	8.56	8.75	3210890	27870958.00
2019/03/25	8.60	9.58	8.55	9.20	12073801	109318744.00
2019/03/26	9.28	10.12	9.10	10.12	13398102	129186688.00
2019/03/27	9.30	11.13	9.24	11.13	29422093	309438048.00
2019/03/28	10.76	12.24	10.76	12.24	28292813	339067808.00
2019/03/29	12.00	12.60	11.02	11.20	31353211	361665856.00
2019/04/01	10.80	12.32	10.48	12.32	32681146	383631136.00
2019/04/02	12.32	13.35	11.90	12.56	32601312	408762080.00
2019/04/03	12.01	12.15	11.40	11.51	18845674	221017984.00
2019/04/04	11.55	11.65	11.22	11.43	12523323	142947008.00
2019/04/08	11.41	11.53	10.70	10.95	12476944	137275888.00
2019/04/09	10.86	11.10	10.66	11.00	8159019	88763536.00
2019/04/10	10.99	10.99	10.60	10.67	6416384	68857224.00
2019/04/11	10.63	10.70	10.31	10.34	6119861	64055208.00
2019/04/12	10.36	10.53	10.36	10.45	4144509	43312912.00
2019/04/15	10.51	10.75	10.46	10.51	4876658	51720784.00
2019/04/16	10.54	10.55	10.00	10.55	4338201	44829356.00
2019/04/17	10.55	10.96	10.43	10.87	7829642	84428896.00
2019/04/18	10.90	10.94	10.32	10.33	5657381	59801108.00
2019/04/19	10.31	10.31	10.09	10.28	4118768	42022660.00
2019/04/22	10.28	10.48	10.04	10.07	3449900	35300428.00
2019/04/23	10.09	10.21	9.52	9.62	5122181	50040632.00
2019/04/24	9.75	9.87	9.68	9.87	3668084	35941700.00
2019/04/25	9.84	10.50	9.61	9.80	6081318	61463100.00
2019/04/26	9.95	9.95	9.29	9.39	3523002	33419768.00
2019/04/29	9.34	9.51	8.80	8.84	3826888	34637508.00
2019/04/30	8.85	9.11	8.85	9.00	2384300	21454748.00
2019/05/06	8.70	8.70	8.10	8.15	3865018	32366128.00
2019/05/07	8.22	8.47	8.22	8.34	3459100	28875776.00
2019/05/08	8.22	8.68	8.21	8.56	3389700	28815092.00
2019/05/09	8.50	8.98	8.40	8.46	4347044	37754908.00
2019/05/10	8.88	8.98	8.44	8.94	5433122	47735848.00
2019/05/13	9.03	9.83	8.98	9.83	3929400	37588732.00
2019/05/14	10.81	10.81	10.81	10.81	2225800	24060898.00
2019/05/15	11.00	11.78	10.45	11.00	23563875	257986736.00
2019/05/16	10.85	10.91	10.26	10.27	15237659	159673104.00
2019/05/17	10.23	10.23	9.63	9.82	11711416	116082608.00
2019/05/20	9.64	9.80	8.84	9.01	9230872	83858792.00
2019/05/21	8.95	9.22	8.88	9.10	6750857	61184048.00
2019/05/22	9.05	9.25	8.88	9.10	6783753	61432544.00
2019/05/23	9.11	9.19	8.45	8.58	7870669	69423624.00
2019/05/24	8.48	8.80	8.47	8.56	4922884	42648572.00
2019/05/27	8.57	9.42	8.56	9.42	3185577	29480390.00
2019/05/28	9.68	10.11	9.46	9.63	14962391	146642272.00
2019/05/29	9.56	10.10	9.56	9.90	12178459	120383960.00
2019/05/30	9.72	10.14	9.68	9.82	8941211	88374736.00
2019/05/31	9.76	10.16	9.76	10.02	8976345	89741176.00
2019/06/03	9.95	10.52	9.89	10.25	9941513	101243808.00
2019/06/04	10.10	10.21	9.23	9.23	7927842	75550120.00
2019/06/05	9.37	10.15	9.37	10.15	5384384	53642596.00
2019/06/06	10.56	10.84	10.07	10.37	19431282	202383984.00
2019/06/10	9.90	10.80	9.86	10.50	15606535	161683904.00
2019/06/11	10.25	10.80	10.01	10.71	14832281	155100624.00
2019/06/12	10.56	10.75	10.39	10.45	10107666	106583568.00
2019/06/13	10.54	10.58	10.15	10.25	6969242	71998024.00
2019/06/14	10.29	10.48	9.67	9.82	7257317	72698960.00
2019/06/17	9.87	10.80	9.80	10.80	11483936	122015040.00
2019/06/18	11.04	11.50	10.35	10.55	19558797	212428208.00
2019/06/19	10.98	11.05	10.43	10.63	13808272	147656288.00
2019/06/20	10.57	10.59	10.12	10.43	10095865	104452368.00
2019/06/21	10.40	10.72	10.37	10.62	9280002	98001096.00
2019/06/24	10.52	10.69	10.28	10.43	6189920	64504316.00
2019/06/25	10.36	10.44	10.09	10.44	6178901	63308600.00
2019/06/26	10.31	10.42	10.15	10.24	4662200	48029560.00
2019/06/27	10.21	10.28	9.90	9.95	7244700	72761112.00
2019/06/28	9.92	10.15	9.40	9.55	6766588	65587824.00
2019/07/01	9.80	9.88	9.52	9.77	4753200	46431888.00
2019/07/02	9.77	10.12	9.77	9.92	4842070	48212484.00
2019/07/03	9.81	9.90	9.56	9.83	3541874	34334296.00
2019/07/04	9.86	9.86	9.51	9.59	3260200	31308108.00
2019/07/05	9.54	9.62	9.46	9.56	1670350	15908485.00
2019/07/08	9.60	9.65	8.97	9.07	4139875	37920272.00
2019/07/09	9.07	9.16	8.97	9.15	2049695	18630542.00
2019/07/10	9.16	9.35	9.08	9.25	2475200	22943928.00
2019/07/11	9.29	9.36	9.11	9.22	2555300	23613930.00
2019/07/12	9.16	9.28	9.04	9.06	2118275	19363252.00
2019/07/15	9.16	9.68	9.10	9.57	5387775	50879556.00
2019/07/16	9.58	9.68	9.41	9.55	3022988	28964748.00
2019/07/17	9.55	9.64	9.51	9.54	1873436	17918612.00
2019/07/18	9.60	9.60	9.21	9.35	2419696	22564814.00
2019/07/19	9.27	9.45	9.25	9.31	2925500	27247370.00
2019/07/22	9.32	9.33	8.83	8.89	2254400	20289072.00
2019/07/23	8.98	9.78	8.94	9.78	5301248	51226188.00
2019/07/24	9.80	10.76	9.80	10.76	14055797	145848368.00
2019/07/25	10.88	11.14	10.07	10.20	20045393	208999520.00
2019/07/26	9.93	10.10	9.82	10.08	11567487	115150024.00
2019/07/29	10.03	10.12	9.82	10.11	8574075	85459696.00
2019/07/30	10.00	10.15	9.85	9.96	7828920	78269552.00
2019/07/31	9.86	9.98	9.75	9.91	5279040	52161356.00
2019/08/01	9.87	10.43	9.76	10.28	11773736	119910232.00
2019/08/02	10.00	10.18	9.82	10.04	6969697	69745400.00
2019/08/05	10.42	11.00	10.23	10.45	14691765	154947104.00
2019/08/06	9.86	11.00	9.86	10.72	15841654	164905296.00
2019/08/07	10.56	11.30	10.36	11.11	19069549	206340016.00
2019/08/08	10.90	11.00	10.65	10.77	12729758	137603520.00
2019/08/09	10.70	10.80	10.38	10.65	7907689	83385344.00
2019/08/12	10.50	11.11	10.42	11.10	10820162	117063928.00
2019/08/13	10.90	11.23	10.73	11.05	9174730	100531024.00
2019/08/14	11.05	11.18	10.70	10.71	8549470	93314552.00
2019/08/15	10.40	10.50	9.90	10.34	10410830	105953264.00
2019/08/16	10.44	11.37	10.17	10.86	14780529	160028992.00
2019/08/19	11.26	11.95	11.10	11.95	14930869	172885104.00
2019/08/20	12.62	13.15	11.37	11.64	28332323	349658112.00
2019/08/21	11.82	12.15	11.41	11.81	19301324	227005456.00
2019/08/22	11.66	11.70	11.22	11.54	13812600	158327216.00
2019/08/23	11.43	11.76	11.27	11.69	12994820	150099648.00
2019/08/26	11.28	11.50	11.21	11.39	8213630	93153600.00
2019/08/27	11.34	11.60	11.29	11.37	8540759	97770784.00
2019/08/28	11.28	11.36	11.05	11.35	6127740	68643592.00
2019/08/29	11.28	11.85	11.16	11.50	8475300	97743560.00
2019/08/30	11.64	11.65	10.62	10.70	9833795	109093904.00
2019/09/02	10.70	10.98	10.68	10.91	6206029	67532992.00
2019/09/03	10.95	11.23	10.93	11.06	6381004	70759440.00
2019/09/04	11.08	11.54	11.06	11.50	10909600	124517856.00
2019/09/05	11.55	11.64	11.36	11.43	10177500	116965664.00
2019/09/06	11.45	11.63	11.35	11.56	6368000	73160848.00
2019/09/09	11.64	12.08	11.50	12.00	11112320	131250288.00
2019/09/10	12.06	12.06	11.68	11.78	7256372	85746960.00
2019/09/11	11.84	11.90	11.51	11.60	5489430	64019828.00
2019/09/12	11.73	12.60	11.69	12.40	15429200	188045792.00
2019/09/16	12.45	12.62	12.18	12.40	11350300	140786512.00
2019/09/17	12.28	13.30	12.01	12.81	14719438	183420608.00
2019/09/18	12.61	14.01	12.43	13.39	17982917	237811648.00
2019/09/19	13.30	13.68	12.89	13.39	13234060	175342768.00
2019/09/20	13.33	13.39	12.71	12.75	12996315	169157680.00
2019/09/23	12.68	13.02	12.67	12.75	6736385	86093944.00
2019/09/24	12.74	12.95	12.65	12.79	5657700	72212752.00
2019/09/25	12.80	12.83	12.10	12.24	6972163	85823736.00
2019/09/26	12.29	12.43	11.90	12.05	5400447	65356392.00
2019/09/27	12.00	12.50	11.83	12.49	5995505	73928792.00
2019/09/30	12.39	12.54	12.11	12.11	4195929	51546104.00
2019/10/08	12.51	13.30	12.40	12.88	12113300	155676144.00
2019/10/09	12.75	14.17	12.60	14.17	17314496	234155376.00
2019/10/10	14.20	15.52	14.00	14.42	26132071	382533248.00
2019/10/11	14.10	14.92	13.85	13.93	19300214	275472928.00
2019/10/14	14.15	14.89	13.99	14.64	18830415	273329728.00
2019/10/15	14.22	15.49	13.70	14.80	20291235	297903008.00
2019/10/16	14.84	16.28	14.75	16.28	26270505	416958560.00
2019/10/17	15.52	15.97	15.06	15.34	20901317	324698048.00
2019/10/18	15.26	15.31	14.48	14.79	12715605	188704416.00
2019/10/21	14.68	14.70	13.32	13.90	13912671	192051488.00
2019/10/22	13.90	14.26	13.85	14.09	9228492	129647144.00
2019/10/23	14.08	14.19	13.70	13.75	8165242	113636600.00
2019/10/24	13.74	14.10	13.68	13.93	7484742	103974208.00
2019/10/25	13.80	13.85	13.00	13.77	10213690	137380720.00
2019/10/28	13.99	14.99	13.81	14.87	14138992	204354048.00
2019/10/29	14.73	14.80	14.14	14.40	10066784	145311072.00
2019/10/30	14.28	14.28	13.51	13.54	8000636	110825448.00
2019/10/31	13.60	13.98	13.34	13.40	6523000	89587032.00
2019/11/01	13.42	13.62	13.20	13.39	5360230	72092064.00
2019/11/04	13.39	13.65	13.13	13.24	6590100	87735288.00
2019/11/05	13.29	13.29	12.89	13.02	6344800	82760528.00
2019/11/06	13.08	13.08	12.60	12.67	6736142	85804832.00
2019/11/07	12.76	12.90	12.62	12.86	5296442	67698968.00
2019/11/08	12.98	13.35	12.93	13.24	8219632	108519352.00
2019/11/11	13.20	13.23	12.60	12.91	6202589	79240000.00
2019/11/12	12.82	12.88	12.13	12.32	5616899	69681040.00
2019/11/13	11.82	11.96	11.41	11.96	6766700	79200136.00
2019/11/14	11.99	12.51	11.82	12.24	6591456	80375464.00
2019/11/15	12.36	12.65	12.08	12.46	7139374	88589968.00
2019/11/18	12.38	12.54	12.05	12.29	4855468	59787284.00
2019/11/19	12.27	12.46	12.20	12.32	3789742	46765184.00
2019/11/20	12.33	12.38	12.01	12.11	4191272	51100412.00
2019/11/21	12.19	12.23	11.92	11.99	2994905	36104808.00
2019/11/22	11.98	12.17	11.69	11.73	3891530	46143872.00
2019/11/25	11.69	11.77	11.18	11.41	4503400	51236688.00
2019/11/26	11.42	11.56	11.15	11.20	3461000	39136424.00
2019/11/27	11.21	11.36	11.10	11.28	3135572	35273800.00
2019/11/28	11.34	11.37	11.05	11.30	3168730	35572024.00
2019/11/29	11.22	11.28	11.00	11.13	2943700	32722374.00
2019/12/02	11.13	11.25	11.03	11.11	2848400	31770620.00
2019/12/03	11.14	11.40	10.98	11.40	4189005	47169248.00
2019/12/04	11.30	11.42	11.18	11.38	3004342	33974408.00
2019/12/05	11.45	11.64	11.33	11.58	4090700	47163860.00
2019/12/06	11.58	11.76	11.51	11.71	4029697	47012868.00
2019/12/09	11.74	11.89	11.64	11.76	4080078	48010252.00
2019/12/10	11.70	11.83	11.50	11.75	3820382	44637376.00
2019/12/11	11.80	11.88	11.60	11.62	3464400	40582752.00
2019/12/12	11.70	12.08	11.56	11.81	5720500	68006976.00
2019/12/13	11.93	12.00	11.68	11.89	4393669	51940540.00
2019/12/16	11.89	12.28	11.77	12.26	5588148	67657152.00
2019/12/17	12.28	12.38	12.19	12.30	5522642	67890696.00
2019/12/18	12.30	12.65	12.22	12.48	6565029	81792760.00
2019/12/19	12.46	12.47	12.27	12.36	4097742	50654928.00
2019/12/20	12.30	12.54	12.11	12.12	3957200	48531480.00
2019/12/23	12.08	12.28	11.76	11.78	4007400	48097952.00
2019/12/24	11.75	12.05	11.74	12.00	3226000	38388504.00
2019/12/25	11.82	12.59	11.82	12.50	6710207	83130704.00
2019/12/26	12.53	12.53	12.20	12.38	4752907	58618864.00
2019/12/27	12.33	12.38	11.93	11.94	4578819	55743880.00
2019/12/30	11.86	12.14	11.31	12.10	4247000	50177460.00
2019/12/31	12.20	12.49	12.02	12.23	4035623	49447880.00
2020/01/02	12.37	12.55	12.17	12.48	5448519	67856128.00
2020/01/03	12.63	12.92	12.37	12.57	6363600	80323448.00
2020/01/06	12.62	12.93	12.41	12.85	6315426	80362816.00
2020/01/07	12.90	13.33	12.90	13.22	8022337	105643544.00
2020/01/08	13.34	13.34	12.75	12.77	7241850	93847640.00
2020/01/09	13.03	13.13	12.85	13.03	4414609	57357056.00
2020/01/10	13.28	13.38	13.05	13.07	5207425	68593720.00
2020/01/13	13.05	13.26	12.77	13.23	4663642	60941224.00
2020/01/14	13.33	13.38	13.09	13.18	4352042	57480956.00
2020/01/15	13.21	13.48	13.15	13.45	6427799	85915648.00
2020/01/16	13.48	13.48	13.10	13.29	5036358	67034296.00
2020/01/17	13.18	13.41	13.18	13.26	3582300	47675784.00
2020/01/20	13.34	13.36	12.90	13.29	3746342	49264980.00
2020/01/21	13.11	13.24	12.86	12.87	3786400	49363160.00
2020/01/22	12.87	13.25	12.58	13.11	4433949	57581388.00
2020/01/23	13.08	13.50	12.51	12.60	5765130	75455488.00
2020/02/03	11.34	11.34	11.34	11.34	398100	4514454.00
2020/02/04	10.21	10.77	10.21	10.48	8035017	84293440.00
2020/02/05	10.47	10.82	10.46	10.63	5719366	60931824.00
2020/02/06	10.55	10.93	10.44	10.87	5467316	58761056.00
2020/02/07	10.79	11.06	10.67	11.05	6057887	65892924.00
2020/02/10	11.01	11.32	10.91	11.19	5400266	60194376.00
2020/02/11	11.19	11.32	11.02	11.15	3602561	40158644.00
2020/02/12	11.12	11.29	11.08	11.29	4068600	45588936.00
2020/02/13	11.28	11.48	11.12	11.18	3682200	41498632.00
2020/02/14	11.28	11.37	11.11	11.26	3440866	38619428.00
2020/02/17	11.30	11.62	11.25	11.60	5212378	59938980.00
2020/02/18	11.52	11.95	11.52	11.88	5401244	63593564.00
2020/02/19	11.85	12.13	11.85	11.97	5476836	65777740.00
2020/02/20	11.92	12.21	11.79	12.15	5714986	68654744.00
2020/02/21	12.10	12.63	12.08	12.47	5756960	71455288.00
2020/02/24	12.35	13.05	12.34	12.95	6508042	83349832.00
2020/02/25	12.58	12.94	12.09	12.90	7658652	97087392.00
2020/02/26	12.60	13.16	12.21	12.52	6432864	81783936.00
2020/02/27	12.52	12.94	12.33	12.59	5192900	65693156.00
2020/02/28	12.20	12.41	11.60	11.83	5944359	71744720.00
2020/03/02	11.50	12.45	11.50	12.25	4665418	56920940.00
2020/03/03	12.36	12.79	12.28	12.48	5062077	63673628.00
2020/03/04	12.49	12.65	12.18	12.58	3666959	45568312.00
2020/03/05	12.80	12.86	12.32	12.49	4210668	52632320.00
2020/03/06	12.45	12.45	12.13	12.35	3123505	38314088.00
2020/03/09	12.37	12.38	11.37	11.48	5393801	63250324.00
2020/03/10	11.34	11.80	11.01	11.80	4512411	51774980.00
2020/03/11	11.99	12.18	11.63	11.75	4001400	47767936.00
2020/03/12	11.62	11.65	11.25	11.40	3696300	42259992.00
2020/03/13	10.80	11.11	10.59	10.95	5011571	54263080.00
2020/03/16	11.01	11.20	10.25	10.36	4487869	48676888.00
2020/03/17	10.40	10.64	9.90	10.36	3863404	39806128.00
2020/03/18	10.56	10.75	10.22	10.22	4190800	44126628.00
2020/03/19	10.37	10.58	10.00	10.40	3825730	39352688.00
2020/03/20	10.55	10.58	10.33	10.52	2632186	27518412.00
2020/03/23	10.10	10.28	9.85	9.93	3288100	33135878.00
2020/03/24	10.04	10.18	9.75	10.18	3063300	30724380.00
2020/03/25	10.46	10.47	10.21	10.33	3007500	31022652.00
2020/03/26	10.33	10.33	10.17	10.21	2310200	23659854.00
2020/03/27	10.30	10.36	10.07	10.11	2253364	23018846.00
2020/03/30	9.99	9.99	9.52	9.69	2758500	26679890.00
2020/03/31	9.79	9.96	9.57	9.62	1941917	18856348.00
2020/04/01	9.63	9.76	9.48	9.58	2268205	21809814.00
2020/04/02	9.53	9.92	9.37	9.87	3033642	29391516.00
2020/04/03	9.83	9.96	9.77	9.90	2294859	22658932.00
2020/04/07	10.00	10.34	9.99	10.30	3126771	32000706.00
2020/04/08	10.25	11.33	10.16	10.70	9901177	107165696.00
2020/04/09	10.44	10.89	10.39	10.45	6719517	70515968.00
2020/04/10	10.33	10.39	9.90	9.96	5029640	50637212.00
2020/04/13	9.90	9.90	9.63	9.69	2333600	22650158.00
2020/04/14	9.89	10.02	9.77	9.99	2656755	26245836.00
2020/04/15	9.99	10.07	9.88	9.90	2973800	29699204.00
2020/04/16	9.82	10.05	9.82	10.02	2185988	21759340.00
2020/04/17	10.08	10.10	9.89	9.90	2523227	25182500.00
2020/04/20	9.90	10.06	9.79	10.06	2499138	24855390.00
2020/04/21	10.12	10.12	9.89	10.00	2265322	22547352.00
2020/04/22	9.93	10.12	9.86	10.12	2656049	26600944.00
2020/04/23	10.13	10.64	9.98	10.30	6007406	61860684.00
2020/04/24	10.31	10.49	10.16	10.34	3574724	36825904.00
2020/04/27	10.34	10.40	9.88	9.89	4080877	41141132.00
2020/04/28	9.95	9.96	9.10	9.48	3751201	35572588.00
2020/04/29	9.38	9.55	9.26	9.30	2520201	23648656.00
2020/04/30	9.45	10.18	9.38	10.13	4940681	48690988.00
2020/05/06	10.06	10.64	9.93	10.57	5297659	55231492.00
2020/05/07	10.67	10.68	10.45	10.52	4651100	49192860.00
2020/05/08	10.57	10.74	10.52	10.59	3607368	38218484.00
2020/05/11	10.59	10.70	10.47	10.52	2811656	29707894.00
2020/05/12	10.53	10.64	10.28	10.45	2444582	25497888.00
2020/05/13	10.42	10.60	10.35	10.50	2604882	27344686.00
2020/05/14	10.41	10.58	10.34	10.54	3010100	31603044.00
2020/05/15	10.57	10.64	10.45	10.47	2423465	25530468.00
2020/05/18	10.48	10.48	10.12	10.19	2568500	26291836.00
2020/05/19	10.38	10.39	10.17	10.28	1962006	20123216.00
2020/05/20	10.28	10.32	9.98	10.05	2450900	24705806.00
2020/05/21	10.06	10.11	9.79	9.88	1930300	19145604.00
2020/05/22	10.11	10.12	9.85	9.89	2474705	24691712.00
2020/05/25	9.79	9.95	9.39	9.80	1792480	17520466.00
2020/05/26	9.82	10.39	9.78	10.35	3249818	33090576.00
2020/05/27	10.32	10.46	10.20	10.37	2537100	26292764.00
2020/05/28	10.45	10.45	10.08	10.24	1938742	19816728.00
2020/05/29	10.30	10.30	10.08	10.13	1717798	17410748.00
2020/06/01	10.22	10.60	10.13	10.56	3147948	32876796.00
2020/06/02	10.50	10.95	10.50	10.78	4700800	50587572.00
2020/06/03	10.88	11.17	10.86	10.93	5261100	57692336.00
2020/06/04	10.84	11.06	10.83	10.98	2643029	28978400.00
2020/06/05	10.86	10.98	10.80	10.86	2041100	22222620.00
2020/06/08	10.95	11.03	10.61	10.65	1871295	20127802.00
2020/06/09	10.70	10.75	10.55	10.66	1583954	16865286.00
2020/06/10	10.75	10.75	10.40	10.54	1785930	18744758.00
2020/06/11	10.54	11.06	10.46	10.84	3586767	38826328.00
2020/06/12	10.51	10.77	10.45	10.64	2349152	24946390.00
2020/06/15	10.52	10.91	10.51	10.66	2492800	26864696.00
2020/06/16	10.71	10.88	10.66	10.81	2547100	27401668.00
2020/06/17	10.95	10.98	10.58	10.75	2837814	30423192.00
2020/06/18	10.67	10.83	10.67	10.80	1910244	20580956.00
2020/06/19	10.78	10.85	10.66	10.68	2077500	22258236.00
2020/06/22	10.68	10.84	10.66	10.71	2184700	23525112.00
2020/06/23	10.76	11.03	10.55	10.98	4999550	54305012.00
2020/06/24	11.10	11.10	10.81	10.90	3247800	35319564.00
2020/06/29	10.85	11.34	10.56	11.24	6274483	69661896.00
2020/06/30	11.31	11.48	11.11	11.20	5512167	62068192.00
2020/07/01	11.41	11.42	10.89	11.03	4113561	45579008.00
2020/07/02	11.04	12.01	11.00	11.71	7947809	91881544.00
2020/07/03	11.59	11.94	11.46	11.61	5660597	65981964.00
2020/07/06	11.61	12.25	11.56	12.16	7252242	86523072.00
2020/07/07	12.16	12.36	11.97	12.12	6023642	73478264.00
2020/07/08	12.00	12.33	11.96	12.20	4922330	59805156.00
2020/07/09	12.28	12.55	12.11	12.43	6439850	79394272.00
2020/07/10	12.38	12.82	12.24	12.37	5306705	66402040.00
2020/07/13	12.39	12.72	12.26	12.69	5062835	63769724.00
2020/07/14	13.22	13.48	12.90	13.28	12219500	161000576.00
2020/07/15	13.20	13.21	12.39	12.46	7611684	96769608.00
2020/07/16	12.34	12.60	11.73	11.78	4536612	55082052.00
2020/07/17	11.79	11.98	11.60	11.89	2859870	33753748.00
2020/07/20	12.20	13.08	11.95	13.08	6480180	81590424.00
2020/07/21	13.19	13.52	12.97	13.23	8158800	108185952.00
2020/07/22	13.26	14.14	13.10	13.84	9211650	126098672.00
2020/07/23	13.59	13.98	13.33	13.49	5482073	74458808.00
2020/07/24	13.57	13.65	12.59	12.72	5796250	75799112.00
2020/07/27	12.75	13.95	12.75	13.25	6950800	92567408.00
2020/07/28	13.48	13.49	13.01	13.16	4072853	53836108.00
2020/07/29	13.11	14.44	13.06	14.40	6921100	95384632.00
2020/07/30	14.20	14.99	14.15	14.51	8672300	125538968.00
2020/07/31	14.50	14.57	14.20	14.44	5111750	73643504.00
2020/08/03	14.53	15.20	14.35	14.99	8864800	130631352.00
2020/08/04	14.90	16.49	14.82	16.05	15011588	239160000.00
2020/08/05	15.73	17.66	15.73	17.66	11005980	183986832.00
2020/08/06	18.08	19.43	16.88	19.02	19217442	349849088.00
2020/08/07	18.37	20.35	17.70	19.62	16931860	322354944.00
2020/08/10	19.80	21.58	19.36	21.58	13460239	284758816.00
2020/08/11	22.66	23.74	22.62	23.74	5102839	119967808.00
2020/08/12	24.50	25.98	21.37	23.75	28525887	656009920.00
2020/08/13	22.01	22.68	21.38	21.38	8118900	175023024.00
2020/08/14	19.50	20.28	19.24	19.24	13292532	258419440.00
2020/08/17	18.96	19.50	18.35	19.14	10854578	206271728.00
2020/08/18	19.00	20.28	19.00	19.30	11873967	232734304.00
2020/08/19	19.22	19.66	18.00	18.24	11762340	218747376.00
2020/08/20	17.91	18.83	17.91	18.34	7338806	134286224.00
2020/08/21	18.40	18.53	17.53	17.86	7055885	126960000.00
2020/08/24	17.78	18.26	17.37	17.89	6192321	110644120.00
2020/08/25	18.00	18.20	17.61	17.85	5614037	100722496.00
2020/08/26	17.80	18.00	16.93	17.17	5515064	95899512.00
2020/08/27	17.35	18.51	16.91	18.23	7566704	134955104.00
2020/08/28	18.10	18.20	17.29	17.72	5132000	90295552.00
2020/08/31	18.20	18.20	17.46	17.55	3857542	68624848.00
2020/09/01	17.19	17.61	16.98	17.28	3816342	65632536.00
2020/09/02	17.30	17.51	16.82	17.23	3822900	65561600.00
2020/09/03	17.45	18.95	17.06	18.95	12560434	232282064.00
2020/09/04	18.68	18.99	18.20	18.67	11368846	211637872.00
2020/09/07	18.77	18.98	17.38	17.69	8770179	159284960.00
2020/09/08	17.70	17.95	16.54	16.89	6361999	108974288.00
2020/09/09	16.89	16.89	15.92	15.99	4880600	79712448.00
2020/09/10	16.13	16.55	15.29	15.30	4259100	66808144.00
2020/09/11	15.39	16.17	15.35	15.98	4022391	63576368.00
2020/09/14	15.98	16.12	15.11	15.54	5218942	81146776.00
2020/09/15	15.53	15.68	15.32	15.61	2418100	37442308.00
2020/09/16	15.80	15.80	15.05	15.31	2860300	43659960.00
2020/09/17	15.23	15.50	14.88	15.24	2788600	42217548.00
2020/09/18	15.24	15.41	14.88	15.37	2182400	33158792.00
2020/09/21	15.39	16.42	15.15	16.09	5627900	89328016.00
2020/09/22	15.84	17.39	15.38	16.99	7086900	116107296.00
2020/09/23	17.84	18.05	16.40	17.43	7487646	130082664.00
2020/09/24	17.15	17.65	16.85	16.99	4658976	79653344.00
2020/09/25	17.11	17.43	16.38	17.06	4070482	69047608.00
2020/09/28	16.86	17.07	16.47	16.75	2541400	42603080.00
2020/09/29	16.68	17.33	16.65	16.68	2270500	38498120.00
2020/09/30	16.38	16.84	16.09	16.11	3031328	49523400.00
2020/10/09	16.30	17.28	16.30	17.00	3562261	60171788.00
2020/10/12	17.13	17.97	17.10	17.92	4497699	79024680.00
2020/10/13	17.93	18.48	17.61	18.35	5175013	93606680.00
2020/10/14	18.36	19.55	17.79	19.50	10575073	198798144.00
2020/10/15	18.01	18.98	17.55	17.55	9887000	175609376.00
2020/10/16	17.02	17.05	16.10	16.44	5524333	91463144.00
2020/10/19	16.75	16.82	16.07	16.15	2687942	44003120.00
2020/10/20	16.18	16.50	16.09	16.43	1771518	28968484.00
2020/10/21	16.40	16.53	15.82	16.09	2524342	40676696.00
2020/10/22	16.09	16.13	15.64	15.70	3095218	48767480.00
2020/10/23	15.60	15.75	15.12	15.25	3285319	50535156.00
2020/10/26	15.39	16.78	15.39	16.78	5839775	95388232.00
2020/10/27	17.38	18.17	16.91	17.49	14473403	253522288.00
2020/10/28	17.83	18.11	16.68	17.60	10382142	179931584.00
2020/10/29	17.18	18.36	17.15	17.90	10328700	182860448.00
2020/10/30	17.88	18.11	17.10	17.21	7381800	130014320.00
2020/11/02	17.58	17.62	17.00	17.33	4745442	82002016.00
2020/11/03	17.41	17.58	17.06	17.16	5133100	88538968.00
2020/11/04	17.35	18.30	16.95	18.04	8798142	154605984.00
2020/11/05	18.08	18.47	17.70	17.96	9794100	176661616.00
2020/11/06	18.00	18.00	16.86	17.02	9422186	162748000.00
2020/11/09	16.82	17.52	16.76	17.19	7635163	131941440.00
2020/11/10	17.41	17.45	16.20	16.33	7564900	124725192.00
2020/11/11	16.14	16.42	15.91	16.02	3097500	49776216.00
2020/11/12	16.20	16.42	15.81	16.20	2798563	45101300.00
2020/11/13	16.06	16.28	15.93	16.24	1886805	30449198.00
2020/11/16	16.24	16.37	15.83	15.92	2571877	41004776.00
2020/11/17	15.96	15.96	15.30	15.42	3904141	60448264.00
2020/11/18	15.43	15.84	15.33	15.64	2693800	41988448.00
2020/11/19	15.64	15.85	15.35	15.79	3366885	52513052.00
2020/11/20	15.70	15.90	15.52	15.63	2194966	34376324.00
2020/11/23	15.66	15.66	15.19	15.38	4249066	65058388.00
2020/11/24	15.38	15.56	15.32	15.39	2357966	36433480.00
2020/11/25	15.39	15.52	15.25	15.30	1998400	30711012.00
2020/11/26	15.38	15.39	14.33	14.61	5107542	75294976.00
2020/11/27	14.69	14.73	14.20	14.34	3502442	50403696.00
2020/11/30	14.35	14.52	14.06	14.16	3455000	49444112.00
2020/12/01	14.25	14.59	14.13	14.39	3193642	46014524.00
2020/12/02	14.68	14.68	14.24	14.32	2686600	38616592.00
2020/12/03	14.38	14.50	14.15	14.30	2678800	38382904.00
2020/12/04	14.49	14.54	14.26	14.47	2551074	36833112.00
2020/12/07	14.50	14.63	14.25	14.28	2267200	32562452.00
2020/12/08	14.23	14.35	14.13	14.16	1888800	26863346.00
2020/12/09	14.25	14.27	13.66	13.75	2574800	35954784.00
2020/12/10	13.85	13.97	13.60	13.81	2123900	29354340.00
2020/12/11	13.81	13.89	13.29	13.41	2679659	36118988.00
2020/12/14	13.24	13.76	13.15	13.59	2454000	33199148.00
2020/12/15	13.60	13.72	13.40	13.50	1694474	22901734.00
2020/12/16	13.54	13.65	13.27	13.32	1983893	26602994.00
2020/12/17	13.03	13.54	12.96	13.41	2390824	31646192.00
2020/12/18	13.42	13.60	13.22	13.25	1739400	23245190.00
2020/12/21	13.11	13.55	13.11	13.42	2399900	32014826.00
2020/12/22	13.35	13.89	13.29	13.52	3614100	49103508.00
2020/12/23	13.52	13.60	12.81	13.07	4593100	59986064.00
2020/12/24	12.99	12.99	12.39	12.39	3895882	49147620.00
2020/12/25	12.34	12.75	12.16	12.41	2263634	28239284.00
2020/12/28	12.48	12.56	12.00	12.07	2423466	29560904.00
2020/12/29	12.07	12.68	12.06	12.35	3208034	39709464.00
2020/12/30	12.45	12.45	12.25	12.32	1579600	19499746.00
2020/12/31	12.32	12.84	12.28	12.59	3156734	39686976.00
2021/01/04	12.60	13.03	12.60	12.98	3328418	42764864.00
2021/01/05	12.93	13.59	12.84	13.55	5365700	71565856.00
2021/01/06	13.49	13.49	12.76	12.83	5031042	65721120.00
2021/01/07	12.85	13.02	12.15	12.24	3767402	46828332.00
2021/01/08	12.20	12.57	11.80	12.27	2780601	33992736.00
2021/01/11	12.01	12.58	12.01	12.38	2980100	36476568.00
2021/01/12	12.17	12.45	12.06	12.19	2570300	31365288.00
2021/01/13	12.10	12.28	11.53	11.71	4312300	50697024.00
2021/01/14	11.71	12.23	11.55	11.94	3159774	37498636.00
2021/01/15	12.05	12.41	11.85	12.28	3045440	37095924.00
2021/01/18	13.00	13.06	12.55	12.78	5267019	67394032.00
2021/01/19	12.66	12.95	12.48	12.51	3142100	39935532.00
2021/01/20	12.43	12.75	12.39	12.56	1999300	24979676.00
2021/01/21	12.46	12.74	12.33	12.65	2483300	31173962.00
2021/01/22	12.65	12.71	12.17	12.23	2792900	34388684.00
2021/01/25	11.93	12.20	11.53	11.78	2934750	34717776.00
2021/01/26	11.68	12.00	11.53	11.97	2266500	26898948.00
2021/01/27	12.37	12.37	11.84	12.26	2462700	29828904.00
2021/01/28	12.00	12.48	11.84	11.86	2469100	30022158.00
2021/01/29	11.89	12.04	11.19	11.26	3169600	36648856.00
2021/02/01	11.35	11.55	11.13	11.29	1754209	19844932.00
2021/02/02	11.32	11.52	11.10	11.40	2002900	22730388.00
2021/02/03	11.41	11.54	11.11	11.27	2263700	25594056.00
2021/02/04	11.27	11.40	10.82	11.32	2961190	32813618.00
2021/02/05	11.35	12.45	11.26	11.67	4875818	57448416.00
2021/02/08	11.76	11.89	11.08	11.31	4001910	45387484.00
2021/02/09	11.44	11.46	11.08	11.20	2534109	28346302.00
2021/02/10	11.20	11.27	11.10	11.12	1749409	19519920.00
2021/02/18	11.27	11.48	11.17	11.39	2483000	28267060.00
2021/02/19	11.39	11.98	11.31	11.90	3265000	38273072.00
2021/02/22	11.93	12.33	11.90	11.99	4555318	55282748.00
2021/02/23	12.02	12.06	11.70	11.83	2709042	32086382.00
2021/02/24	11.80	12.36	11.71	12.23	4154200	50397632.00
2021/02/25	12.23	12.48	12.09	12.34	4243300	52075692.00
2021/02/26	12.16	12.42	12.01	12.17	2946000	35754016.00
2021/03/01	12.35	12.35	12.05	12.15	2464700	29856138.00
2021/03/02	12.21	12.21	11.83	11.89	2371542	28430334.00
2021/03/03	11.90	12.04	11.31	11.56	8696324	99757664.00
2021/03/04	11.43	11.55	11.35	11.41	3183224	36402352.00
2021/03/05	11.49	11.58	11.33	11.56	3008700	34628572.00
2021/03/08	11.60	11.78	11.43	11.45	3112300	36189760.00
2021/03/09	11.42	11.42	10.90	11.05	3113700	34660736.00
2021/03/10	11.02	11.19	10.73	10.73	2728000	29739722.00
2021/03/11	10.73	11.01	10.45	10.94	2304600	24794888.00
2021/03/12	10.90	10.95	10.74	10.85	1294300	14028658.00
2021/03/15	10.86	10.86	10.60	10.68	1587100	16960604.00
2021/03/16	10.72	11.00	10.65	10.94	1879000	20427708.00
2021/03/17	10.99	10.99	10.84	10.98	1456303	15910166.00
2021/03/18	10.94	11.01	10.88	10.93	1341000	14681262.00
2021/03/19	10.85	11.15	10.70	11.09	2098900	23155932.00
2021/03/22	11.10	11.25	11.05	11.21	1615674	18046388.00
2021/03/23	11.35	11.35	10.93	11.00	2001800	22178046.00
2021/03/24	11.00	11.18	10.90	11.02	1334797	14765613.00
2021/03/25	11.00	11.24	11.00	11.09	1543600	17153436.00
2021/03/26	11.11	11.19	11.02	11.16	1348197	14987820.00
2021/03/29	11.18	11.27	10.99	11.00	1524400	16941184.00
2021/03/30	11.05	11.05	10.80	10.83	1517900	16488710.00
2021/03/31	10.83	11.11	10.80	11.08	1453400	15938824.00
2021/04/01	10.86	11.09	10.86	10.95	1090800	11956683.00
2021/04/02	11.06	11.29	10.91	11.19	2001400	22263502.00
2021/04/06	11.25	11.32	11.10	11.28	1630200	18332198.00
2021/04/07	11.29	11.32	11.21	11.30	1194100	13447226.00
2021/04/08	11.27	11.30	11.07	11.11	1632800	18277596.00
2021/04/09	11.09	11.22	11.06	11.19	1043600	11646420.00
2021/04/12	11.19	11.20	10.85	10.93	1343700	14855300.00
2021/04/13	11.00	11.02	10.85	10.91	947200	10359409.00
2021/04/14	10.96	11.07	10.85	11.05	1197200	13129249.00
2021/04/15	10.91	10.96	10.64	10.64	2501000	26904718.00
2021/04/16	10.70	10.81	10.62	10.77	1826410	19589528.00
2021/04/19	10.80	11.20	10.80	11.19	2729227	30221488.00
2021/04/20	11.27	11.27	11.01	11.05	1778700	19777804.00
2021/04/21	11.00	11.07	10.86	10.89	1310200	14335524.00
2021/04/22	10.90	11.00	10.82	10.91	939600	10247222.00
2021/04/23	10.98	10.98	10.56	10.59	2397600	25592798.00
2021/04/26	10.63	10.68	10.48	10.54	1398162	14781662.00
2021/04/27	10.48	10.59	10.18	10.28	1698900	17602200.00
2021/04/28	10.28	10.28	9.85	9.92	2434466	24347200.00
2021/04/29	9.90	10.06	9.81	10.05	1365400	13587289.00
2021/04/30	10.00	10.01	9.64	9.84	2017705	19740598.00
2021/05/06	9.79	10.00	9.71	9.79	886600	8726037.00
2021/05/07	9.79	9.87	9.74	9.80	814800	7984775.00
2021/05/10	9.80	9.80	9.62	9.69	1047200	10158956.00
2021/05/11	9.66	9.79	9.65	9.79	768100	7479417.00
2021/05/12	9.80	9.89	9.71	9.88	811800	7959623.00
2021/05/13	9.94	9.97	9.73	9.75	1215900	11976743.00
2021/05/14	9.77	9.86	9.75	9.84	962800	9447954.00
2021/05/17	9.84	9.85	9.66	9.68	1357900	13184847.00
2021/05/18	9.68	9.68	9.38	9.60	1559433	14824902.00
2021/05/19	9.59	9.59	9.49	9.51	736816	7013487.50
2021/05/20	9.53	9.55	9.32	9.40	1289686	12100550.00
2021/05/21	9.43	9.56	9.34	9.49	1109468	10516760.00
2021/05/24	9.56	9.60	9.49	9.58	774821	7398276.00
2021/05/25	9.58	9.64	9.42	9.62	1275527	12177474.00
2021/05/26	9.60	9.74	9.57	9.66	1218768	11796863.00
2021/05/27	9.63	9.92	9.63	9.88	1828000	17976206.00
2021/05/28	9.80	10.07	9.79	9.82	1531660	15172868.00
2021/05/31	9.79	9.86	9.69	9.76	1473755	14379170.00
2021/06/01	9.72	9.92	9.68	9.91	1505233	14833427.00
2021/06/02	9.90	9.90	9.73	9.74	1319350	12912049.00
2021/06/03	9.73	10.44	9.73	10.20	6480624	66336164.00
2021/06/04	10.18	11.22	10.15	11.22	5589133	61911508.00
2021/06/07	11.66	12.34	10.91	12.34	16877034	195041888.00
2021/06/08	12.50	13.57	12.10	13.57	20218042	270280256.00
2021/06/09	13.47	14.85	12.50	14.43	29889754	404780384.00
2021/06/10	14.82	15.76	14.20	14.92	26209082	392122496.00
2021/06/11	13.72	14.50	13.45	13.46	18395371	257266880.00
2021/06/15	13.39	13.39	12.45	12.97	15794916	202610704.00
2021/06/16	12.94	13.36	12.16	12.39	11324196	141926640.00
2021/06/17	12.25	12.59	12.10	12.59	8782518	108578416.00
2021/06/18	12.36	12.95	12.22	12.58	9977753	125887640.00
2021/06/21	12.50	12.96	12.40	12.91	8577830	109506224.00
2021/06/22	12.93	13.08	12.08	12.75	9528561	119380416.00
2021/06/23	12.60	12.86	12.41	12.47	6974550	87855760.00
2021/06/24	12.35	13.45	12.30	12.63	10327403	132951008.00
2021/06/25	12.53	12.82	12.09	12.15	7727244	95144376.00
2021/06/28	12.17	12.40	12.03	12.29	5656844	68858112.00
2021/06/29	12.35	12.75	11.93	12.71	9479615	117045360.00
2021/06/30	12.73	13.10	12.32	12.53	7633849	96271688.00
2021/07/01	12.26	12.53	11.80	11.80	5987929	72354872.00
2021/07/02	11.75	11.97	11.73	11.91	2826323	33522662.00
2021/07/05	11.95	12.25	11.90	12.24	3583539	43230452.00
2021/07/06	12.08	12.26	11.82	11.91	2731100	32788544.00
2021/07/07	11.93	12.36	11.85	12.23	4000471	48637100.00
2021/07/08	12.23	12.77	12.10	12.40	6238198	77888992.00
2021/07/09	12.40	12.53	12.19	12.44	3315760	40993004.00
2021/07/12	12.18	12.68	11.88	12.60	5631276	69603376.00
2021/07/13	12.68	12.95	12.12	12.18	7659000	95768672.00
2021/07/14	12.15	12.49	12.00	12.30	4933700	60443016.00
2021/07/15	12.36	12.36	11.79	11.81	4340800	51900764.00
2021/07/16	11.76	11.95	11.39	11.45	4901620	56817560.00
2021/07/19	11.41	11.73	11.27	11.62	2955400	34079460.00
2021/07/20	11.50	11.78	11.45	11.75	2056700	23978868.00
2021/07/21	11.85	11.88	11.60	11.76	2188100	25712984.00
2021/07/22	11.76	11.90	11.56	11.76	2699435	31575886.00
2021/07/23	11.76	11.76	11.04	11.26	3351800	38070240.00
2021/07/26	11.26	11.46	10.98	11.46	3265256	36683460.00
2021/07/27	11.37	11.46	10.92	11.39	2760950	30874968.00
2021/07/28	11.22	11.22	10.25	10.25	4273136	44381404.00
2021/07/29	10.25	10.70	10.20	10.55	4454510	46139108.00
2021/07/30	10.51	10.95	10.42	10.95	3585234	38524864.00
2021/08/02	11.00	11.25	10.73	11.19	2835634	31448022.00
2021/08/03	11.19	11.35	11.10	11.19	2541124	28488094.00
2021/08/04	11.18	11.42	11.05	11.18	2394300	26834640.00
2021/08/05	11.23	11.28	10.92	11.12	1619800	17839444.00
2021/08/06	11.22	11.24	10.69	10.94	3617500	39076640.00
2021/08/09	10.83	10.94	10.59	10.66	2886140	30806048.00
2021/08/10	10.66	11.73	10.66	11.73	7308998	83022712.00
2021/08/11	11.80	12.04	11.30	11.49	11189062	129960200.00
2021/08/12	11.49	11.49	11.11	11.14	5414269	60785224.00
2021/08/13	11.08	11.13	10.80	10.87	4250793	46420616.00
2021/08/16	10.95	11.18	10.72	10.77	4502233	49193212.00
2021/08/17	10.73	10.78	10.26	10.26	4411200	46167092.00
2021/08/18	10.27	10.39	10.20	10.37	2271342	23402650.00
2021/08/19	10.37	10.39	10.05	10.14	2822225	28678796.00
2021/08/20	10.04	10.15	9.81	10.09	2543456	25443088.00
2021/08/23	10.08	10.39	10.08	10.35	2498191	25716172.00
2021/08/24	10.40	10.41	10.18	10.22	2302100	23632706.00
2021/08/25	10.20	10.40	10.13	10.33	1829542	18807582.00
2021/08/26	10.39	10.40	10.19	10.20	1659342	16992560.00
2021/08/27	10.20	10.20	9.83	9.84	3657642	36269404.00
2021/08/30	9.90	9.99	9.56	9.68	3560656	34702416.00
2021/08/31	9.68	9.83	9.40	9.80	2650393	25677830.00
2021/09/01	9.78	9.94	9.62	9.83	2380349	23297610.00
2021/09/02	9.85	10.04	9.75	9.96	2104356	20851782.00
2021/09/03	9.91	10.14	9.91	10.09	1996244	20058536.00
2021/09/06	10.12	10.23	9.98	10.14	2039593	20618596.00
2021/09/07	10.14	10.25	10.07	10.20	2577664	26216212.00
2021/09/08	10.21	10.45	10.15	10.40	3016893	31270482.00
2021/09/09	10.40	10.53	10.30	10.38	2966093	30862442.00
2021/09/10	10.38	10.46	10.12	10.14	3082700	31518030.00
2021/09/13	10.20	10.35	10.09	10.34	2152493	22113860.00
2021/09/14	10.38	10.38	10.08	10.13	2079000	21234690.00
2021/09/15	10.09	10.19	10.02	10.11	1440300	14559952.00
2021/09/16	10.11	10.38	10.08	10.08	2406300	24510744.00
2021/09/17	10.09	10.19	9.63	9.72	2878700	28261632.00
2021/09/22	9.73	9.87	9.63	9.81	1321252	12896024.00
2021/09/23	9.81	10.06	9.81	9.93	1515080	15063193.00
2021/09/24	9.95	10.03	9.71	9.72	1757980	17236368.00
2021/09/27	9.82	9.84	9.48	9.74	1700300	16426647.00
2021/09/28	9.74	9.74	9.50	9.61	1392939	13367888.00
2021/09/29	9.60	9.60	9.43	9.43	1093100	10368751.00
2021/09/30	9.51	9.84	9.44	9.79	1980600	19265792.00
2021/10/08	9.86	10.08	9.78	9.97	2654000	26417858.00
2021/10/11	10.00	10.15	9.93	10.08	2101800	21111984.00
2021/10/12	10.11	10.11	9.83	9.89	1951100	19293420.00
2021/10/13	9.89	10.05	9.78	10.05	1343300	13280019.00
2021/10/14	10.00	10.06	9.83	10.06	1138781	11309925.00
2021/10/15	9.95	9.99	9.89	9.90	1026400	10198884.00
2021/10/18	9.90	9.95	9.71	9.90	1016000	9978447.00
2021/10/19	9.95	10.04	9.84	9.85	1130656	11228907.00
2021/10/20	9.86	9.86	9.72	9.73	973041	9506103.00
2021/10/21	9.71	9.73	9.61	9.64	931029	8982133.00
2021/10/22	9.68	9.68	9.58	9.58	695272	6683586.00
2021/10/25	9.49	9.74	9.42	9.64	1000100	9591522.00
2021/10/26	9.61	9.71	9.50	9.50	921700	8822128.00
2021/10/27	9.55	9.55	9.01	9.05	2558450	23497940.00
2021/10/28	8.98	9.29	8.96	9.11	1584559	14495947.00
2021/10/29	9.10	9.50	9.10	9.32	1426242	13287875.00
2021/11/01	9.37	9.49	9.30	9.36	956600	8971688.00
2021/11/02	9.36	9.56	9.22	9.29	1453800	13643806.00
2021/11/03	9.39	9.45	9.11	9.38	1178910	11008300.00
2021/11/04	9.36	9.57	9.16	9.52	1443200	13667136.00
2021/11/05	9.47	10.15	9.47	10.03	5535062	54984772.00
2021/11/08	9.97	10.36	9.82	9.85	2500010	24752968.00
2021/11/09	9.84	10.19	9.84	9.94	1483125	14785481.00
2021/11/10	9.99	10.20	9.94	10.18	3238141	32654920.00
2021/11/11	10.18	10.33	10.03	10.16	2561141	26008726.00
2021/11/12	10.20	10.34	10.09	10.28	2431300	24913412.00
2021/11/15	10.28	10.67	10.12	10.62	4635000	48921764.00
2021/11/16	10.62	10.75	10.41	10.45	2809000	29564670.00
2021/11/17	10.42	10.68	10.27	10.63	2474500	26194276.00
2021/11/18	10.65	10.74	10.31	10.53	1950297	20613606.00
2021/11/19	10.49	10.68	10.34	10.64	2241000	23702414.00
2021/11/22	10.61	10.75	10.42	10.55	2105900	22195376.00
2021/11/23	10.55	10.90	10.42	10.84	3436000	36980200.00
2021/11/24	10.84	10.99	10.76	10.79	2267442	24607094.00
2021/11/25	10.71	11.45	10.71	10.98	5754300	64160696.00
2021/11/26	10.94	11.25	10.71	10.79	3118900	33811876.00
2021/11/29	10.62	10.77	10.49	10.55	2656056	28108278.00
2021/11/30	10.69	10.99	10.35	10.77	3711869	40116128.00
2021/12/01	10.86	11.15	10.72	11.09	2827500	31208028.00
2021/12/02	11.01	11.27	10.78	10.81	2265800	24628352.00
2021/12/03	10.86	11.25	10.80	11.20	4475600	49365120.00
2021/12/06	11.07	11.20	10.28	10.36	7775200	81742192.00
2021/12/07	10.36	10.57	10.11	10.28	3863900	39716216.00
2021/12/08	10.34	10.79	10.23	10.63	5370600	56992736.00
2021/12/09	10.70	10.76	10.42	10.44	2826800	29680320.00
2021/12/10	10.45	10.54	10.32	10.44	1828800	19090722.00
2021/12/13	10.52	10.52	10.31	10.38	1409600	14635247.00
2021/12/14	10.45	10.65	10.33	10.41	2729200	28616000.00
2021/12/15	10.52	10.63	10.34	10.46	2592900	27151356.00
2021/12/16	10.46	10.62	10.41	10.50	1227300	12880724.00
2021/12/17	10.50	10.50	10.32	10.33	1850700	19203828.00
2021/12/20	10.34	10.45	10.16	10.23	2008600	20717592.00
2021/12/21	10.24	10.54	10.24	10.51	2061600	21548540.00
2021/12/22	10.52	10.58	10.40	10.44	1581100	16555158.00
2021/12/23	10.44	10.49	10.22	10.31	2032800	20960554.00
2021/12/24	10.32	10.37	9.99	10.03	2702500	27314732.00
2021/12/27	10.03	10.14	9.82	10.11	1871400	18704940.00
2021/12/28	10.16	10.74	10.05	10.58	5574200	58272940.00
2021/12/29	10.67	10.69	10.32	10.43	3059100	31920884.00
2021/12/30	10.40	10.70	10.36	10.51	2419300	25542608.00
2021/12/31	10.53	10.62	10.41	10.49	1489200	15630578.00
2022/01/04	10.49	11.30	10.43	11.20	7973100	87371208.00
2022/01/05	11.43	11.99	11.30	11.49	10924980	126871504.00
2022/01/06	11.54	11.94	11.30	11.32	4957100	56984576.00
2022/01/07	11.38	12.39	11.33	11.85	9558956	114299416.00
2022/01/10	11.89	12.17	11.61	11.70	5387300	63208736.00
2022/01/11	11.70	12.87	11.62	12.87	10322489	128333168.00
2022/01/12	12.87	13.00	12.28	12.74	12773411	159783712.00
2022/01/13	12.64	13.70	12.49	13.08	12694968	166583216.00
2022/01/14	13.00	13.18	12.62	12.70	7372356	94829008.00
2022/01/17	12.58	12.97	12.34	12.84	8157051	103381008.00
2022/01/18	12.85	12.89	12.30	12.33	5596700	70291648.00
2022/01/19	12.20	12.59	12.06	12.50	4419000	54657664.00
2022/01/20	12.55	12.69	11.80	11.85	5662932	68267040.00
2022/01/21	11.87	12.91	11.80	12.78	10330240	128419632.00
2022/01/24	12.61	14.06	12.50	13.85	21976838	298081024.00
2022/01/25	13.20	13.50	12.71	12.93	13927000	180770272.00
2022/01/26	12.71	13.16	12.22	12.58	7993800	101539592.00
2022/01/27	12.72	12.81	11.32	11.78	11619673	137370688.00
2022/01/28	11.87	12.96	11.87	12.66	14237255	180099952.00
2022/02/07	12.80	12.93	12.08	12.27	9107014	112946664.00
2022/02/08	12.30	12.67	11.66	12.54	9589600	116694784.00
2022/02/09	12.44	12.77	12.16	12.24	10400999	128644688.00
2022/02/10	12.41	12.68	11.90	12.31	9096270	112001176.00
2022/02/11	12.14	12.23	11.75	11.84	6405798	76368904.00
2022/02/14	11.80	11.89	11.51	11.75	3082300	36113288.00
2022/02/15	11.75	11.81	11.38	11.62	5291390	61094748.00
2022/02/16	11.72	12.78	11.62	12.78	17877331	223555520.00
2022/02/17	12.50	13.52	12.35	12.98	19957331	259997328.00
2022/02/18	13.08	13.68	12.58	12.97	14907814	195427424.00
2022/02/21	13.42	13.48	12.91	13.19	8418154	110316344.00
2022/02/22	13.00	13.26	12.72	12.78	7595700	97979336.00
2022/02/23	12.68	12.95	12.61	12.85	5810200	74280656.00
2022/02/24	12.70	13.09	12.03	12.24	6693776	83989368.00
2022/02/25	12.32	12.54	12.02	12.07	3841300	47027544.00
2022/02/28	12.11	12.27	11.93	12.20	4022142	48627256.00
2022/03/01	12.30	12.40	12.03	12.36	4085400	49893708.00
2022/03/02	12.30	13.60	12.21	13.60	11392200	148590608.00
2022/03/03	13.90	14.40	13.19	13.42	20906600	284996928.00
2022/03/04	13.40	13.42	12.57	12.66	12635700	163452320.00
2022/03/07	12.79	12.98	12.40	12.47	10876200	137963056.00
2022/03/08	12.64	13.29	12.32	12.40	12052400	153123136.00
2022/03/09	12.48	12.90	11.21	12.15	13133300	159845248.00
2022/03/10	12.22	12.68	12.01	12.30	9294754	115040216.00
2022/03/11	12.10	12.42	11.70	12.30	7099509	85421752.00
2022/03/14	12.30	12.54	11.66	11.70	5937926	71843440.00
2022/03/15	11.59	11.75	10.91	10.95	6349800	72115080.00
2022/03/16	11.09	11.43	10.87	11.35	5555926	62189728.00
2022/03/17	11.54	12.13	11.30	11.78	8690400	101934152.00
2022/03/18	11.89	12.06	11.64	11.85	5255750	62153144.00
2022/03/21	11.84	12.23	11.69	12.11	5557243	66352848.00
2022/03/22	12.09	12.74	12.02	12.40	8217100	101866888.00
2022/03/23	12.43	12.89	12.35	12.55	6494900	81943384.00
2022/03/24	12.61	12.73	11.84	11.86	5131400	61945064.00
2022/03/25	11.91	13.05	11.45	11.60	10984219	133827928.00
2022/03/28	11.31	12.58	10.82	12.50	12692800	150275584.00
2022/03/29	12.45	12.90	12.38	12.61	9643119	120941600.00
2022/03/30	12.78	12.78	11.87	12.15	7950630	96010632.00
2022/03/31	12.12	12.40	11.97	12.08	5370664	65539724.00
2022/04/01	12.18	12.20	11.79	11.81	3909350	46645340.00
2022/04/06	11.80	12.35	11.71	12.17	5323600	64698472.00
2022/04/07	12.25	12.30	11.75	11.79	5448896	64976968.00
2022/04/08	11.79	11.79	11.24	11.41	3627495	41476544.00
2022/04/11	11.24	11.45	11.11	11.30	2400400	27057516.00
2022/04/12	11.18	11.54	11.13	11.52	1856200	21098984.00
2022/04/13	11.40	11.56	11.21	11.21	2020300	22888192.00
2022/04/14	11.15	11.35	11.15	11.19	1696800	19055116.00
2022/04/15	11.19	11.19	10.58	10.61	3701501	39838340.00
2022/04/18	10.60	10.94	10.03	10.45	2067900	21657988.00
2022/04/19	10.50	10.64	10.33	10.54	1319500	13820218.00
2022/04/20	10.56	10.81	10.50	10.58	1890900	20151684.00
2022/04/21	10.57	10.58	10.10	10.16	2569000	26414372.00
2022/04/22	10.13	10.59	9.90	10.37	3313400	33743212.00
2022/04/25	10.28	10.28	9.33	9.33	3973500	38732216.00
2022/04/26	9.24	9.68	8.68	8.74	3575900	32389370.00
2022/04/27	8.45	9.05	8.34	9.01	2985400	25946572.00
2022/04/28	8.84	9.00	8.40	8.52	2932800	25321528.00
2022/04/29	8.62	9.08	8.60	8.99	2499200	22232324.00
2022/05/05	8.93	9.19	8.76	9.15	1990100	18035944.00
2022/05/06	8.93	9.13	8.65	8.98	2045900	18298746.00
2022/05/09	8.95	9.11	8.83	8.89	1789311	16039481.00
2022/05/10	8.83	9.06	8.68	9.05	2277364	20398048.00
2022/05/11	9.05	9.32	9.05	9.07	2554742	23435352.00
2022/05/12	9.03	9.24	8.97	9.16	1718958	15693378.00
2022/05/13	9.18	9.29	9.02	9.15	1246942	11381723.00
2022/05/16	9.20	9.36	8.82	9.08	2257551	20566646.00
2022/05/17	9.08	9.14	8.93	9.04	1359942	12265102.00
2022/05/18	9.06	9.34	9.04	9.22	2461311	22683400.00
2022/05/19	9.08	9.31	9.00	9.15	1577775	14364876.00
2022/05/20	9.15	9.25	9.10	9.16	2106105	19296762.00
2022/05/23	9.17	9.35	9.15	9.31	2741916	25414706.00
2022/05/24	9.26	9.31	8.60	8.61	5897125	52662464.00
2022/05/25	8.68	8.85	8.56	8.85	2696989	23539732.00
2022/05/26	8.95	8.98	8.59	8.82	2325000	20394758.00
2022/05/27	8.82	8.98	8.77	8.87	2058600	18303970.00
2022/05/30	8.94	8.96	8.82	8.93	1778100	15792053.00
2022/05/31	8.95	9.01	8.73	8.98	1787500	15895126.00
2022/06/01	8.99	9.28	8.94	9.15	2645995	24195026.00
2022/06/02	9.15	9.35	9.00	9.33	2290903	21119874.00
2022/06/06	9.37	9.59	9.34	9.57	2675259	25438802.00
2022/06/07	9.63	9.63	9.30	9.44	1537200	14481602.00
2022/06/08	9.44	9.51	9.21	9.42	2058968	19261844.00
2022/06/09	9.26	9.48	9.05	9.15	2507800	23039152.00
2022/06/10	9.10	9.28	9.03	9.19	1656600	15223579.00
2022/06/13	9.18	9.39	9.11	9.24	1577000	14536398.00
2022/06/14	9.25	9.31	8.94	9.30	2462300	22395904.00
2022/06/15	9.28	9.42	9.26	9.28	2684400	25047846.00
2022/06/16	9.35	9.44	9.28	9.36	1812000	16959184.00
2022/06/17	9.25	9.35	9.12	9.35	1840500	17020888.00
2022/06/20	9.36	9.60	9.18	9.52	2867691	27202900.00
2022/06/21	9.53	9.79	9.38	9.52	2397491	22917880.00
2022/06/22	9.62	9.62	9.23	9.24	1819700	17003524.00
2022/06/23	9.19	9.49	9.19	9.49	2238244	21005220.00
2022/06/24	9.49	9.57	9.40	9.46	1638300	15489290.00
2022/06/27	9.44	9.75	9.44	9.75	3487127	33587144.00
2022/06/28	9.83	10.20	9.64	10.05	3007603	29898884.00
2022/06/29	10.05	10.15	9.85	9.98	2544891	25442040.00
2022/06/30	9.88	10.10	9.81	9.89	2312700	22867576.00
2022/07/01	9.93	9.96	9.67	9.75	2479800	24227096.00
2022/07/04	9.69	9.85	9.59	9.71	2119400	20471084.00
2022/07/05	9.75	9.78	9.48	9.61	2129170	20421674.00
2022/07/06	9.62	9.74	9.36	9.55	2028400	19305310.00
2022/07/07	9.55	9.79	9.49	9.79	2165400	20938240.00
2022/07/08	9.78	10.55	9.71	10.10	8900700	90553768.00
2022/07/11	10.11	10.15	9.58	9.72	4046100	39247672.00
2022/07/12	9.72	9.72	9.24	9.27	3487800	32721522.00
2022/07/13	9.37	9.37	9.24	9.28	1782653	16566580.00
2022/07/14	9.25	9.39	9.20	9.28	1675253	15559238.00
2022/07/15	9.67	10.21	9.61	10.21	3899565	39425468.00
2022/07/18	11.23	11.23	10.75	11.23	14920702	165820032.00
2022/07/19	10.89	11.21	10.60	10.75	16184426	176311168.00
2022/07/20	11.04	11.55	10.85	10.98	10309180	113901192.00
2022/07/21	11.05	11.36	10.85	11.12	9972871	111126592.00
2022/07/22	11.23	11.78	11.16	11.20	9681252	110568656.00
2022/07/25	11.26	11.59	11.21	11.32	6580104	75146344.00
2022/07/26	11.27	11.78	11.20	11.58	6178313	71363384.00
2022/07/27	11.48	12.13	11.41	11.86	8734998	103301576.00
2022/07/28	11.87	12.05	11.69	11.71	6456879	76638160.00
2022/07/29	11.78	12.00	11.66	11.70	4660781	55037484.00
2022/08/01	11.77	11.80	11.52	11.69	4320900	50410980.00
2022/08/02	11.69	11.69	10.99	11.14	4474674	50113996.00
2022/08/03	11.20	11.54	11.10	11.17	3371700	38259192.00
2022/08/04	11.19	11.38	10.95	11.13	2796680	31124652.00
2022/08/05	11.19	11.37	11.02	11.31	3081081	34462624.00
2022/08/08	11.20	11.49	11.06	11.45	2609200	29649492.00
2022/08/09	11.41	11.49	11.27	11.40	1791613	20339792.00
2022/08/10	11.40	11.58	11.20	11.52	2165665	24707382.00
2022/08/11	11.47	11.60	11.41	11.48	2285400	26254368.00
2022/08/12	11.54	11.54	11.23	11.35	2371679	26850420.00
2022/08/15	11.25	11.90	11.09	11.66	4333530	50016336.00
2022/08/16	11.53	11.71	11.35	11.40	2505474	28683850.00
2022/08/17	11.41	11.57	11.20	11.29	2238152	25368442.00
2022/08/18	11.30	12.42	11.16	12.42	5489942	66618780.00
2022/08/19	12.66	12.88	11.66	11.83	11049576	134414704.00
2022/08/22	11.64	11.92	11.27	11.54	6656800	76446056.00
2022/08/23	11.52	11.89	11.41	11.83	5907800	68974200.00
2022/08/24	11.83	11.95	11.23	11.28	4404960	50632712.00
2022/08/25	11.35	11.49	10.81	11.01	4218174	46675892.00
2022/08/26	11.00	11.29	10.68	10.73	5356060	58665580.00
2022/08/29	10.59	11.13	10.55	11.05	5404514	59348716.00
2022/08/30	11.15	11.42	11.00	11.27	4232789	47518184.00
2022/08/31	11.30	11.38	11.00	11.00	3950100	44146764.00
2022/09/01	11.04	11.11	10.60	10.67	3514922	37965420.00
2022/09/02	10.75	11.30	10.75	11.27	3659712	40609804.00
2022/09/05	11.29	11.33	11.05	11.15	2654222	29686168.00
2022/09/06	11.30	11.30	10.92	11.03	2321300	25560678.00
2022/09/07	11.03	11.11	10.92	11.04	1922800	21144148.00
2022/09/08	11.09	11.09	10.74	10.81	1992000	21610024.00
2022/09/09	10.80	10.84	10.56	10.73	1527397	16323132.00
2022/09/13	10.73	10.81	10.31	10.47	4027100	42356512.00
2022/09/14	10.33	10.68	10.28	10.56	2685500	28121896.00
2022/09/15	10.67	10.69	10.19	10.27	2447000	25395586.00
2022/09/16	10.27	11.30	10.24	11.30	4763200	53103152.00
2022/09/19	11.06	12.43	11.04	12.02	23660440	281329280.00
2022/09/20	11.60	11.64	11.10	11.58	17021357	194408320.00
2022/09/21	11.45	11.53	11.07	11.43	10337309	117393232.00
2022/09/22	11.43	11.75	11.33	11.41	8788282	100765824.00
2022/09/23	11.26	11.45	10.37	10.68	10910185	118044656.00
2022/09/26	10.50	11.75	10.50	11.75	11846084	136394928.00
2022/09/27	11.78	11.94	11.63	11.81	20237833	238740560.00
2022/09/28	11.82	12.19	11.55	11.81	16838230	198933520.00
2022/09/29	11.76	11.80	11.26	11.43	10487271	120356536.00
2022/09/30	11.49	11.51	10.50	10.99	10685447	116209232.00
2022/10/10	10.91	10.97	9.89	9.89	9428200	97005344.00
2022/10/11	9.50	9.59	9.10	9.38	7645025	70982224.00
2022/10/12	9.38	10.32	9.33	10.32	6028700	60428960.00
2022/10/13	10.71	11.35	10.63	11.35	14837700	163851264.00
2022/10/14	11.24	12.49	11.24	11.81	30442453	363845120.00
2022/10/17	11.54	12.18	11.39	12.02	21317100	253755440.00
2022/10/18	12.10	12.15	11.81	11.92	11548316	138385328.00
2022/10/19	12.01	12.35	11.69	11.99	11248215	135479088.00
2022/10/20	12.16	12.46	11.51	12.26	12267400	148864832.00
2022/10/21	12.15	12.26	11.75	12.02	9182000	109966624.00
2022/10/24	12.04	12.25	11.67	11.79	7887900	94110680.00
2022/10/25	11.78	12.00	11.55	11.83	7434900	87467320.00
2022/10/26	11.82	12.50	11.74	12.27	11388515	139054528.00
2022/10/27	12.28	12.28	11.85	11.89	7958784	95792480.00
2022/10/28	11.79	11.90	11.11	11.25	8788000	100710656.00
2022/10/31	11.30	12.38	11.22	12.38	8673468	104522056.00
2022/11/01	12.32	12.48	12.01	12.27	18941588	231086976.00
2022/11/02	12.27	12.30	11.92	12.11	13921900	167922736.00
2022/11/03	11.96	12.09	11.70	12.06	10913838	130249472.00
2022/11/04	12.08	12.11	11.76	12.01	9815401	117342872.00
2022/11/07	12.01	12.37	11.81	12.37	14537222	176008672.00
2022/11/08	12.37	13.27	11.92	12.77	24153300	303234880.00
2022/11/09	12.72	13.05	12.43	12.81	16618737	212158464.00
2022/11/10	12.67	12.93	12.52	12.85	11445111	145690352.00
2022/11/11	12.95	13.33	12.09	12.09	16774861	213338880.00
2022/11/14	11.82	12.32	11.81	12.12	8293105	100105032.00
2022/11/15	12.12	12.41	11.92	12.13	7078084	86368016.00
2022/11/16	12.12	12.27	11.82	11.90	6750881	80937192.00
2022/11/17	11.92	12.47	11.76	12.44	10187602	124441968.00
2022/11/18	12.49	12.70	12.15	12.16	7723727	95897088.00
2022/11/21	12.08	12.65	12.00	12.55	7571800	93713888.00
2022/11/22	12.50	12.70	12.26	12.43	7163701	89480016.00
2022/11/23	12.29	12.37	11.40	11.74	9373627	110068960.00
2022/11/24	11.68	11.80	11.49	11.73	3587200	41814392.00
2022/11/25	11.65	11.74	11.25	11.30	4839100	55027400.00
2022/11/28	11.39	11.39	11.03	11.13	3426580	38246752.00
2022/11/29	11.10	11.35	11.04	11.28	3245024	36424552.00
2022/11/30	11.27	11.30	11.06	11.23	2753100	30793596.00
2022/12/01	11.26	11.41	11.22	11.39	3070055	34870476.00
2022/12/02	11.39	11.53	11.21	11.48	3337712	38217544.00
2022/12/05	11.48	11.60	11.34	11.41	3422812	39023820.00
2022/12/06	11.36	11.36	11.14	11.29	2533017	28471182.00
2022/12/07	11.27	11.29	11.13	11.20	1739100	19479668.00
2022/12/08	11.13	11.22	10.76	11.06	3224743	35419392.00
2022/12/09	11.09	11.09	10.75	10.76	3745200	40856044.00
2022/12/12	10.80	11.02	10.75	10.97	2905900	31709796.00
2022/12/13	10.95	11.02	10.67	10.73	2290500	24764278.00
2022/12/14	10.79	10.96	10.73	10.73	1719112	18618096.00
2022/12/15	10.77	11.12	10.61	11.01	2723300	29859804.00
2022/12/16	10.95	11.01	10.73	10.76	1951100	21073380.00
2022/12/19	10.73	10.87	10.48	10.56	2218800	23542756.00
2022/12/20	10.56	10.71	10.52	10.56	1578211	16716469.00
2022/12/21	10.53	10.67	10.30	10.40	1737412	18127554.00
2022/12/22	10.50	10.97	10.36	10.40	2806400	29775518.00
2022/12/23	10.30	10.56	10.21	10.49	1470900	15341981.00
2022/12/26	10.51	10.68	10.51	10.63	1292556	13708261.00
2022/12/27	10.62	10.67	10.42	10.55	1281456	13473022.00
2022/12/28	10.55	10.55	10.22	10.37	1888100	19538116.00
2022/12/29	10.30	10.46	10.25	10.25	1082509	11205523.00
2022/12/30	10.25	10.47	10.22	10.45	1487063	15421668.00
2023/01/03	10.45	10.79	10.43	10.77	2374763	25338908.00
2023/01/04	10.82	10.86	10.69	10.82	1796800	19391616.00
2023/01/05	10.86	10.89	10.72	10.84	1557100	16825624.00
2023/01/06	10.84	10.88	10.72	10.74	1380300	14903556.00
2023/01/09	10.75	10.87	10.71	10.80	1317100	14204749.00
2023/01/10	10.71	10.85	10.64	10.84	1397400	15080943.00
2023/01/11	10.80	10.95	10.60	10.61	1821100	19589654.00
2023/01/12	10.62	10.86	10.61	10.81	1558707	16755776.00
2023/01/13	10.85	10.91	10.60	10.70	1446100	15478560.00
2023/01/16	10.77	10.92	10.73	10.81	2114300	22917764.00
2023/01/17	10.81	11.00	10.77	10.86	1897800	20639690.00
2023/01/18	10.83	11.03	10.79	11.03	2202100	24130780.00
2023/01/19	11.02	11.15	10.92	11.10	2297477	25462098.00
2023/01/20	11.10	12.21	11.08	12.21	12373300	145539200.00
2023/01/30	13.43	13.43	13.43	13.43	3758481	50476400.00
2023/01/31	14.77	14.77	14.77	14.77	1847244	27283794.00
2023/02/01	16.25	16.25	16.25	16.25	1601899	26030858.00
2023/02/02	17.88	17.88	17.88	17.88	936442	16743583.00
2023/02/03	19.67	19.67	19.55	19.67	49059525	964952192.00
2023/02/06	20.17	21.64	19.00	19.00	64484928	1328356608.00
2023/02/07	18.00	19.43	17.24	17.50	54189209	981658176.00
2023/02/08	17.00	17.42	16.30	16.45	39682823	662760192.00
2023/02/09	16.26	16.65	15.99	16.56	26170675	427877856.00
2023/02/10	16.38	16.47	15.86	15.95	25121930	405275808.00
数据来源:通达信
