300894 火星人 日线 不复权
      日期	    开盘	    最高	    最低	    收盘	    成交量	    成交额
2020/12/31	34.51	51.00	34.05	49.00	28718293	1179880832.00
2021/01/04	48.66	58.58	46.55	56.00	19989620	1051837824.00
2021/01/05	53.00	56.09	50.05	53.40	17145182	907207872.00
2021/01/06	52.00	56.00	48.22	52.30	13747611	720535424.00
2021/01/07	50.00	52.60	47.10	50.09	12102281	605439488.00
2021/01/08	50.00	59.95	50.00	58.13	16559955	916192128.00
2021/01/11	53.80	56.49	51.00	51.98	13928901	751164608.00
2021/01/12	49.00	51.14	47.28	49.97	9960434	492144544.00
2021/01/13	50.65	51.71	44.80	44.89	10982190	521839776.00
2021/01/14	43.86	47.85	42.52	45.32	7783216	351626560.00
2021/01/15	44.35	48.49	43.54	47.13	7949229	370093632.00
2021/01/18	46.00	53.78	46.00	51.55	10589082	539546496.00
2021/01/19	51.02	56.60	49.36	54.70	9637222	517215040.00
2021/01/20	54.81	65.00	52.00	60.10	11401172	660038656.00
2021/01/21	58.30	61.50	57.28	58.20	8131193	475943264.00
2021/01/22	57.50	62.30	56.00	56.15	8649125	510292288.00
2021/01/25	55.00	64.15	54.01	63.40	10436351	627756672.00
2021/01/26	62.20	69.14	58.50	60.84	11983342	769568960.00
2021/01/27	58.01	63.96	56.94	61.70	8917483	542551616.00
2021/01/28	61.70	62.38	55.55	55.90	7748201	451544992.00
2021/01/29	56.54	59.59	56.00	59.18	6942492	401278240.00
2021/02/01	59.18	66.28	57.90	65.99	9171184	577649664.00
2021/02/02	63.90	68.65	63.50	64.17	7697569	502475008.00
2021/02/03	65.01	71.20	64.10	66.00	10246888	690040960.00
2021/02/04	65.78	70.88	62.01	63.12	10209751	676963072.00
2021/02/05	62.50	66.56	59.76	63.00	8339545	526282176.00
2021/02/08	62.00	63.99	58.01	59.61	7345227	446696096.00
2021/02/09	59.62	61.80	57.50	59.14	8131310	479790592.00
2021/02/10	58.99	60.60	54.31	58.50	8684342	500028576.00
2021/02/18	59.01	63.70	56.81	63.31	7487731	451052288.00
2021/02/19	62.50	65.39	61.08	63.63	6579558	415852160.00
2021/02/22	63.10	64.30	57.50	57.64	6965954	424797088.00
2021/02/23	55.54	56.48	52.80	52.81	6019863	328343328.00
2021/02/24	52.83	54.00	48.30	50.12	6522545	333658560.00
2021/02/25	50.60	51.88	47.51	51.78	6064752	301414048.00
2021/02/26	50.13	52.65	48.91	50.98	5205723	263164160.00
2021/03/01	50.65	51.79	50.01	50.79	3227079	164336080.00
2021/03/02	51.23	53.49	50.79	51.71	4617286	242311264.00
2021/03/03	51.15	53.33	50.01	50.99	4240123	218643904.00
2021/03/04	50.50	50.50	47.53	47.90	3992641	195437696.00
2021/03/05	46.11	49.14	46.00	47.37	2971889	141663200.00
2021/03/08	47.77	49.40	47.15	47.24	3337889	161299840.00
2021/03/09	47.30	51.99	47.30	50.21	6850824	345308224.00
2021/03/10	49.31	50.53	48.00	49.38	4404087	215756656.00
2021/03/11	49.38	49.38	47.58	48.51	3386922	163856336.00
2021/03/12	48.39	50.30	46.11	49.05	4692616	224701680.00
2021/03/15	48.80	49.11	47.31	47.42	2432715	116832328.00
2021/03/16	47.80	48.14	45.80	45.81	2745597	128298256.00
2021/03/17	45.80	47.36	45.70	46.88	2423197	113388480.00
2021/03/18	46.60	49.43	46.30	48.98	4091265	198796352.00
2021/03/19	48.40	51.39	48.16	49.92	4608634	232080832.00
2021/03/22	49.80	51.08	49.50	50.75	2969113	149366896.00
2021/03/23	50.60	55.00	50.20	51.99	5348274	283421280.00
2021/03/24	52.03	54.27	50.98	51.62	2972549	155780816.00
2021/03/25	50.73	53.40	49.55	52.87	2684127	137992496.00
2021/03/26	53.18	54.77	52.29	53.78	3347644	179819632.00
2021/03/29	53.78	54.46	52.03	52.04	2891406	153947392.00
2021/03/30	52.29	52.98	51.50	51.72	2111294	110119416.00
2021/03/31	51.86	54.35	51.53	53.37	3457907	183791520.00
2021/04/01	53.31	53.79	52.00	52.92	2585653	136305536.00
2021/04/02	52.57	53.40	51.70	51.78	2436656	128225552.00
2021/04/06	52.16	53.07	50.81	51.39	2803412	145468048.00
2021/04/07	51.10	54.00	50.56	53.37	3704886	194296768.00
2021/04/08	52.88	53.50	51.49	51.56	3126355	163018640.00
2021/04/09	51.16	52.70	50.37	52.01	2476199	127929480.00
2021/04/12	51.50	52.00	47.40	47.60	3152302	155883392.00
2021/04/13	47.58	48.31	46.72	47.33	1545084	73590288.00
2021/04/14	47.03	49.22	46.98	48.90	1363053	65943524.00
2021/04/15	48.83	50.18	48.50	49.91	1620233	80394408.00
2021/04/16	49.91	50.52	49.34	50.05	1301750	65085956.00
2021/04/19	49.79	51.99	49.53	51.58	1868418	95800664.00
2021/04/20	51.33	53.08	51.09	52.62	2253771	117945728.00
2021/04/21	51.39	56.50	51.32	54.71	3906075	211836576.00
2021/04/22	55.23	56.48	54.31	56.37	3333303	185503504.00
2021/04/23	55.90	56.60	54.34	55.10	3356365	185375776.00
2021/04/26	54.79	57.88	54.20	56.23	3859819	219036480.00
2021/04/27	56.31	57.88	55.18	57.20	2559075	145301104.00
2021/04/28	56.65	56.98	54.35	55.64	2509234	138978144.00
2021/04/29	55.72	58.32	55.00	56.29	3017340	170642640.00
2021/04/30	56.27	57.25	54.88	55.31	1954980	109347000.00
2021/05/06	55.50	56.90	54.55	56.20	2007600	112656784.00
2021/05/07	56.16	56.19	51.02	51.35	3119337	165521872.00
2021/05/10	51.89	53.24	49.95	51.61	2231725	115400624.00
2021/05/11	52.17	52.30	50.41	51.49	1439549	73917640.00
2021/05/12	50.84	52.43	50.51	52.36	1236550	63849036.00
2021/05/13	51.74	52.19	49.41	50.00	1858517	93791752.00
2021/05/14	50.00	51.57	49.61	50.98	1570596	80059824.00
2021/05/17	51.49	54.90	51.06	54.90	3315104	178093312.00
2021/05/18	55.50	56.50	54.01	55.56	2793448	154226672.00
2021/05/19	55.38	57.56	55.06	56.20	2137607	120551104.00
2021/05/20	56.01	60.71	55.80	59.15	3640943	215320592.00
2021/05/21	58.52	60.35	58.50	59.00	2480475	146779600.00
2021/05/24	59.01	61.00	58.30	59.65	2160269	128645648.00
2021/05/25	60.33	61.18	59.00	60.35	2062973	124301120.00
2021/05/26	60.32	60.78	59.00	59.48	1769825	105509472.00
2021/05/27	59.45	59.55	58.01	58.16	1502926	88187040.00
2021/05/28	58.95	62.66	57.70	61.30	2828909	172295584.00
2021/05/31	61.30	63.80	60.51	63.00	2514540	156226160.00
2021/06/01	62.83	63.00	60.59	61.84	1652083	101697304.00
2021/06/02	61.80	62.80	59.37	59.37	1850778	112513336.00
2021/06/03	59.78	64.35	59.78	63.89	2593630	163500304.00
2021/06/04	63.77	65.38	62.12	63.81	2033223	129733424.00
2021/06/07	63.58	64.87	61.36	62.75	1663734	104466008.00
2021/06/08	62.73	64.79	62.46	63.65	1610823	102320792.00
2021/06/09	63.02	63.40	59.61	60.47	1827514	111225080.00
2021/06/10	59.98	60.88	58.60	58.74	1594870	94687944.00
2021/06/11	59.00	63.75	58.85	63.06	2424296	150231568.00
2021/06/15	63.69	63.70	59.41	59.62	1603451	97755144.00
2021/06/16	59.72	60.00	57.68	59.09	1359348	80030952.00
2021/06/17	59.00	61.80	58.10	60.53	1201284	72680416.00
2021/06/18	60.50	62.49	59.20	59.69	1571800	95499792.00
2021/06/21	60.00	64.04	58.63	63.79	2214900	137949184.00
2021/06/22	64.76	64.90	62.29	63.04	1657799	104635072.00
2021/06/23	63.02	64.65	62.38	63.91	1531551	97125392.00
2021/06/24	63.44	69.43	62.00	67.20	2957443	197813600.00
2021/06/25	67.60	69.44	66.80	68.76	2383700	162466080.00
2021/06/28	68.70	70.60	67.20	69.50	2295900	159374016.00
2021/06/29	69.70	70.38	66.60	68.80	2478210	169496240.00
2021/06/30	67.10	68.78	65.66	68.00	3041485	204339376.00
2021/07/01	68.20	68.68	63.83	66.66	4167063	274235104.00
2021/07/02	65.72	67.85	65.30	66.00	1449389	96345472.00
2021/07/05	66.00	67.98	65.01	66.35	1892784	126643240.00
2021/07/06	66.90	70.60	66.26	69.33	2964052	203597520.00
2021/07/07	68.00	72.50	67.60	71.91	2353829	168103904.00
2021/07/08	71.58	72.00	69.53	70.62	2141663	151829200.00
2021/07/09	70.24	74.28	69.20	73.11	3014432	218038160.00
2021/07/12	72.80	73.00	70.80	72.77	2002800	143980880.00
2021/07/13	72.37	75.68	71.20	72.28	1789990	131283912.00
2021/07/14	72.26	74.56	70.49	73.91	1717904	125142152.00
2021/07/15	73.39	76.86	72.84	76.22	1806795	135741856.00
2021/07/16	76.72	79.50	73.53	74.48	2218114	168869648.00
2021/07/19	74.14	76.56	72.93	76.45	1530383	115169304.00
2021/07/20	75.80	78.98	71.01	72.22	3593601	265429200.00
2021/07/21	71.75	74.24	71.30	71.92	2183674	158018864.00
2021/07/22	71.40	72.45	68.22	70.22	2510190	175750448.00
2021/07/23	70.22	70.79	64.02	65.11	3025751	203073760.00
2021/07/26	65.11	65.80	63.22	64.20	2211224	142479264.00
2021/07/27	64.09	65.50	58.25	58.87	2756670	168363456.00
2021/07/28	58.80	61.22	57.97	60.09	1756200	105048104.00
2021/07/29	60.00	61.49	59.22	60.26	1466834	88329136.00
2021/07/30	60.26	60.54	54.50	55.01	3072958	172086832.00
2021/08/02	55.28	57.98	53.53	57.83	2282514	128989192.00
2021/08/03	58.14	58.74	56.71	57.83	1464073	84608928.00
2021/08/04	57.61	60.34	56.61	59.29	2393468	141344608.00
2021/08/05	58.26	64.05	58.26	62.15	2641356	163906720.00
2021/08/06	62.00	62.50	59.61	61.38	1774382	107837312.00
2021/08/09	63.30	63.30	59.00	62.71	2448464	150667392.00
2021/08/10	62.97	65.00	62.21	62.50	2293610	145919296.00
2021/08/11	63.83	63.83	61.00	61.07	1533964	95455368.00
2021/08/12	62.27	62.27	59.51	60.10	1274511	76891008.00
2021/08/13	61.48	61.50	58.50	60.85	1551726	93123608.00
2021/08/16	61.40	62.97	59.78	61.65	1488900	92088568.00
2021/08/17	61.64	63.30	60.01	60.82	1435535	88449624.00
2021/08/18	60.36	61.60	59.43	60.06	869423	52360248.00
2021/08/19	60.04	63.29	60.04	60.60	1606447	98769608.00
2021/08/20	59.77	60.38	58.00	58.83	1313214	77323264.00
2021/08/23	58.49	61.50	57.80	61.14	1372654	82927880.00
2021/08/24	61.00	61.30	59.35	60.61	1328034	80139560.00
2021/08/25	60.44	61.51	58.98	59.06	1285379	77227840.00
2021/08/26	59.51	59.59	56.01	56.41	1220661	69948136.00
2021/08/27	55.50	57.72	54.80	54.93	1161677	65149640.00
2021/08/30	55.00	56.45	53.79	54.13	1347916	73665896.00
2021/08/31	54.37	55.16	52.31	52.48	1214718	64860424.00
2021/09/01	52.81	53.20	50.97	51.87	1572213	81715392.00
2021/09/02	52.15	52.71	50.55	50.77	1283046	65729624.00
2021/09/03	50.83	51.20	49.36	49.79	1904560	95237312.00
2021/09/06	49.79	52.92	49.60	52.30	1908765	98734336.00
2021/09/07	52.30	52.82	50.91	51.41	1572127	81086552.00
2021/09/08	51.49	51.85	50.55	50.88	907644	46235096.00
2021/09/09	50.66	51.28	47.60	48.40	2840342	137971056.00
2021/09/10	48.19	49.25	47.80	48.64	1544921	74873960.00
2021/09/13	48.70	48.98	46.91	47.35	1696508	80397024.00
2021/09/14	47.82	50.12	47.22	48.42	2235403	109006832.00
2021/09/15	48.45	48.68	46.11	46.36	1844776	86355296.00
2021/09/16	46.29	47.38	45.51	45.59	1241811	57378352.00
2021/09/17	45.60	46.10	44.08	44.59	1583751	70787216.00
2021/09/22	43.87	44.89	43.35	43.65	1177083	51790428.00
2021/09/23	44.01	44.59	43.71	44.22	1044910	46105768.00
2021/09/24	44.34	46.70	43.96	46.51	2773712	126768728.00
2021/09/27	46.29	46.29	44.00	44.56	2285418	102991528.00
2021/09/28	44.77	47.99	44.50	47.41	2606991	121892224.00
2021/09/29	47.99	48.00	45.91	47.70	2575568	120714784.00
2021/09/30	47.21	50.28	46.75	49.25	2587184	127066592.00
2021/10/08	49.78	50.48	48.60	50.10	1572218	78349408.00
2021/10/11	49.80	50.90	48.80	48.99	1186266	58687284.00
2021/10/12	49.01	49.30	47.44	49.01	1298249	62815664.00
2021/10/13	48.50	49.87	48.50	49.18	999027	49312328.00
2021/10/14	48.68	51.15	48.50	50.73	1588542	79907048.00
2021/10/15	50.49	50.89	48.97	50.56	1272046	63824932.00
2021/10/18	50.35	50.39	48.10	48.65	1580858	77685232.00
2021/10/19	48.65	49.33	47.97	48.18	1041319	50480344.00
2021/10/20	48.42	48.85	47.30	48.37	928675	44643700.00
2021/10/21	48.05	48.50	47.55	47.97	652667	31333054.00
2021/10/22	48.39	52.00	48.00	51.00	2792621	141349632.00
2021/10/25	50.29	52.84	49.49	51.46	2179155	110645576.00
2021/10/26	51.50	52.44	50.35	51.52	1701286	87156424.00
2021/10/27	51.00	51.00	47.48	48.03	2066149	99838704.00
2021/10/28	47.83	48.44	45.51	45.55	1461324	68134304.00
2021/10/29	45.67	49.48	45.59	48.75	2186240	105128280.00
2021/11/01	49.50	51.48	48.56	50.75	2419689	122594304.00
2021/11/02	50.85	51.26	49.85	50.18	1772056	89450416.00
2021/11/03	50.66	50.66	48.38	48.68	1373873	67362320.00
2021/11/04	48.68	49.31	48.25	49.06	1333318	64973880.00
2021/11/05	49.07	49.19	47.82	48.48	1217299	58808212.00
2021/11/08	48.44	48.44	46.91	47.36	799632	37862952.00
2021/11/09	47.80	47.80	47.00	47.78	737448	34982356.00
2021/11/10	47.78	48.38	47.15	48.10	741582	35440412.00
2021/11/11	48.76	55.00	48.31	52.48	5570181	290583168.00
2021/11/12	52.17	53.56	51.12	53.12	2687475	141135344.00
2021/11/15	53.55	54.25	52.22	52.53	1432422	75447552.00
2021/11/16	52.50	55.99	52.33	55.60	3674894	202276032.00
2021/11/17	54.89	55.50	53.82	55.10	2255649	123348648.00
2021/11/18	54.72	54.99	52.54	52.62	1855259	98815680.00
2021/11/19	52.27	53.70	51.72	52.80	1378520	72223592.00
2021/11/22	52.80	53.69	52.30	53.53	1394341	74077768.00
2021/11/23	53.03	53.93	51.25	52.15	1761510	91656944.00
2021/11/24	52.10	53.28	50.72	52.90	2018015	104729976.00
2021/11/25	52.76	53.76	51.80	52.98	1541526	81464800.00
2021/11/26	52.38	53.24	51.71	52.52	1067623	55891172.00
2021/11/29	51.50	52.00	49.52	49.96	1788674	90447048.00
2021/11/30	49.63	50.50	48.92	49.25	1021875	50810628.00
2021/12/01	49.15	50.25	49.10	50.25	927975	46166556.00
2021/12/02	50.24	50.24	48.59	48.70	966188	47415784.00
2021/12/03	48.60	49.18	47.61	47.70	1186241	56923708.00
2021/12/06	47.69	48.38	47.20	47.58	880975	42106308.00
2021/12/07	47.80	51.00	47.80	51.00	2764769	138557424.00
2021/12/08	50.25	50.95	49.66	50.50	1600298	80179832.00
2021/12/09	50.55	56.20	50.50	53.17	3511966	188184528.00
2021/12/10	51.62	53.98	51.59	53.10	2451968	129722392.00
2021/12/13	53.10	53.22	52.00	52.30	1578919	82751376.00
2021/12/14	52.00	52.00	50.29	50.67	2141784	108724760.00
2021/12/15	51.25	51.25	49.63	49.96	1368107	68366360.00
2021/12/16	49.98	50.70	49.77	50.58	966427	48544848.00
2021/12/17	50.00	50.47	48.59	48.70	1401653	68662664.00
2021/12/20	48.66	49.61	48.36	49.37	816121	39995820.00
2021/12/21	49.00	51.20	49.00	50.17	1312954	66023040.00
2021/12/22	49.97	50.19	49.05	49.98	882700	43956516.00
2021/12/23	49.85	49.85	47.89	48.16	1498773	72566064.00
2021/12/24	47.97	48.82	47.31	48.36	976445	46786832.00
2021/12/27	48.36	49.10	47.00	48.66	1098319	52718296.00
2021/12/28	48.67	50.48	48.20	48.76	1483889	73202024.00
2021/12/29	48.46	48.76	47.82	48.06	919569	44273564.00
2021/12/30	47.61	48.66	47.61	47.77	959043	46138488.00
2021/12/31	47.75	49.72	47.75	49.17	1567966	76464352.00
2022/01/04	49.00	50.02	49.00	49.37	1208859	59875400.00
2022/01/05	48.00	49.91	47.00	49.21	2105597	101970064.00
2022/01/06	48.34	49.58	48.12	48.90	951544	46472148.00
2022/01/07	49.57	51.70	48.90	50.60	3311038	168254032.00
2022/01/10	51.00	51.81	48.72	50.06	2286935	114325536.00
2022/01/11	50.25	50.25	46.11	46.64	3690620	175954160.00
2022/01/12	46.54	46.85	45.11	46.84	2307895	105690776.00
2022/01/13	46.65	46.98	45.75	46.03	1292241	59790408.00
2022/01/14	45.80	46.49	45.36	45.98	915423	42182512.00
2022/01/17	45.98	45.98	44.30	45.05	1903083	85771448.00
2022/01/18	45.05	45.47	44.70	45.18	820786	36988972.00
2022/01/19	45.15	45.53	44.47	44.77	1035536	46427372.00
2022/01/20	44.80	45.18	43.86	45.00	1496228	66572744.00
2022/01/21	44.90	45.00	43.79	43.79	707259	31242052.00
2022/01/24	43.34	44.04	41.00	43.89	2311104	98169112.00
2022/01/25	43.87	43.89	41.06	41.30	1777364	74870552.00
2022/01/26	41.90	41.91	40.37	40.50	967900	39635480.00
2022/01/27	40.70	40.70	38.54	38.59	1207860	47674316.00
2022/01/28	39.38	40.79	38.91	40.06	1397781	55933476.00
2022/02/07	41.01	41.48	40.38	41.14	824156	33748300.00
2022/02/08	41.44	41.44	40.10	40.65	663652	26973596.00
2022/02/09	40.87	40.87	40.01	40.29	985735	39725252.00
2022/02/10	40.29	40.68	39.27	39.50	924951	36602268.00
2022/02/11	39.30	40.49	39.01	39.85	1604703	63820068.00
2022/02/14	39.45	39.95	38.88	39.12	857028	33724016.00
2022/02/15	39.12	39.32	38.89	39.24	977765	38262912.00
2022/02/16	39.56	39.93	39.01	39.91	1306622	51669476.00
2022/02/17	39.90	40.94	39.67	39.74	1836936	74052232.00
2022/02/18	39.66	39.66	37.85	38.20	2212001	84730288.00
2022/02/21	37.96	39.25	37.61	39.18	1632279	63058612.00
2022/02/22	38.82	38.90	37.86	38.13	1064285	40666552.00
2022/02/23	38.90	39.06	38.10	39.00	1184251	45834836.00
2022/02/24	38.90	38.90	36.95	37.12	1706063	64523284.00
2022/02/25	37.58	38.35	37.34	37.57	1446211	54806980.00
2022/02/28	37.53	37.54	36.48	37.02	1785025	65614076.00
2022/03/01	37.21	37.76	36.85	37.08	1142106	42536700.00
2022/03/02	37.09	37.20	36.53	36.96	745563	27514354.00
2022/03/03	37.22	37.22	35.89	36.10	1539700	56162844.00
2022/03/04	35.85	36.28	35.30	35.60	1379528	49309792.00
2022/03/07	35.34	35.50	34.40	34.74	1277529	44414156.00
2022/03/08	34.74	35.19	33.01	33.33	1428035	48488680.00
2022/03/09	33.80	33.81	31.30	32.33	1492092	48408336.00
2022/03/10	33.30	33.66	32.42	32.49	1255390	41422628.00
2022/03/11	32.03	33.07	31.60	32.91	1526886	49174092.00
2022/03/14	32.86	33.20	32.05	32.42	1107200	36096640.00
2022/03/15	32.42	32.42	30.50	30.50	1639105	51293392.00
2022/03/16	31.01	31.20	29.39	30.98	2027385	61512764.00
2022/03/17	31.60	33.96	31.60	33.22	3497858	115279288.00
2022/03/18	33.46	33.46	32.20	32.70	1517549	49493144.00
2022/03/21	32.80	33.15	32.21	32.76	1502870	49064808.00
2022/03/22	32.75	33.76	32.01	33.02	1845911	60929492.00
2022/03/23	33.20	34.14	32.62	33.91	2380264	79835856.00
2022/03/24	33.88	33.88	32.60	32.75	1581440	52035864.00
2022/03/25	33.24	33.79	32.28	32.34	1771666	58654304.00
2022/03/28	32.33	32.55	31.50	32.04	1283044	41141440.00
2022/03/29	32.38	32.44	31.00	31.26	1242708	39064408.00
2022/03/30	31.58	32.79	31.16	32.70	1767391	56924664.00
2022/03/31	32.48	33.80	32.19	32.97	2156914	71833248.00
2022/04/01	32.95	34.50	32.20	34.38	3370581	113560096.00
2022/04/06	34.75	36.58	34.70	35.75	4667776	165852352.00
2022/04/07	35.75	36.32	35.00	35.06	2564407	91290640.00
2022/04/08	34.84	35.20	33.62	33.96	2112033	72195976.00
2022/04/11	33.72	34.64	32.91	32.94	2180396	73197336.00
2022/04/12	33.00	33.65	31.65	33.30	2316800	75579976.00
2022/04/13	33.00	33.00	31.53	31.75	1764173	56510324.00
2022/04/14	32.01	35.12	31.80	35.09	3317775	111862888.00
2022/04/15	34.64	35.43	33.66	35.20	3963988	137551792.00
2022/04/18	34.95	35.92	34.32	34.89	2012666	70116272.00
2022/04/19	34.41	34.99	33.53	33.88	2433993	83032800.00
2022/04/20	33.79	35.27	33.70	34.38	2456231	84705888.00
2022/04/21	34.20	35.84	33.50	33.80	3534132	122929528.00
2022/04/22	33.37	35.46	33.00	35.30	3406192	118022384.00
2022/04/25	34.37	34.98	31.46	31.46	3406100	114371456.00
2022/04/26	32.40	33.45	30.75	31.06	3304805	106951520.00
2022/04/27	30.53	31.01	28.08	31.01	4257630	125408456.00
2022/04/28	31.00	31.00	28.16	28.31	3666552	106950832.00
2022/04/29	28.20	32.00	28.20	31.68	4626313	140496800.00
2022/05/05	31.51	34.48	31.36	33.01	5295252	175653024.00
2022/05/06	32.29	32.59	31.22	32.10	2943903	93928472.00
2022/05/09	32.02	32.37	31.54	32.23	1644434	52525280.00
2022/05/10	31.56	33.50	31.05	33.30	3020288	99291680.00
2022/05/11	33.35	33.69	32.30	32.32	3477918	115163240.00
2022/05/12	32.60	32.94	31.20	32.09	1904761	61183696.00
2022/05/13	32.49	32.70	31.36	31.94	1637090	51955376.00
2022/05/16	32.00	33.88	32.00	32.38	2691439	88414664.00
2022/05/17	31.39	31.52	29.21	30.00	5381174	161365184.00
2022/05/18	29.76	30.38	29.32	30.15	2622870	78342120.00
2022/05/19	29.48	29.84	29.10	29.74	2102900	62018556.00
2022/05/20	29.68	30.88	29.54	30.27	2912740	88443896.00
2022/05/23	30.32	30.46	29.77	30.04	2030114	60817136.00
2022/05/24	30.05	30.19	28.22	28.38	3041945	87904984.00
2022/05/25	28.11	28.67	28.00	28.59	1703273	48354984.00
2022/05/26	28.56	29.44	27.79	29.07	2327968	66837964.00
2022/05/27	29.19	29.50	28.46	28.90	1698217	49264056.00
2022/05/30	28.63	29.10	28.46	29.05	1468880	42382976.00
2022/05/31	28.85	30.19	28.56	30.10	3432051	101574472.00
2022/06/01	29.88	32.00	29.66	31.50	5598034	175769904.00
2022/06/02	31.20	31.97	31.00	31.70	2875091	90354152.00
2022/06/06	31.42	33.96	31.31	33.51	4447697	147200592.00
2022/06/07	33.41	34.35	32.58	33.02	4073544	135747392.00
2022/06/08	32.84	33.46	32.18	32.55	2572128	83921640.00
2022/06/09	32.32	32.88	31.57	31.98	2378366	76070512.00
2022/06/10	32.08	32.19	31.31	32.07	2025875	64788848.00
2022/06/13	32.00	32.87	31.76	32.33	2225274	72001768.00
2022/06/14	31.90	32.79	31.41	32.60	2251789	72407992.00
2022/06/15	32.80	32.98	31.66	31.92	3615514	116504464.00
2022/06/16	31.95	32.79	31.80	31.99	2965420	95741816.00
2022/06/17	32.04	34.49	31.06	34.20	6337986	210356976.00
2022/06/20	34.21	37.19	34.03	35.50	10660235	382194176.00
2022/06/21	35.38	35.75	34.30	35.13	7403120	258649168.00
2022/06/22	35.37	35.69	34.82	35.38	4417121	155884640.00
2022/06/23	35.36	35.65	34.48	35.36	3532260	123664128.00
2022/06/24	35.47	37.96	35.20	36.82	6765524	248788768.00
2022/06/27	36.81	37.14	35.55	36.23	4270423	154972784.00
2022/06/28	36.20	36.50	35.44	36.27	3358430	120736992.00
2022/06/29	36.00	36.44	35.33	35.33	4010586	143959888.00
2022/06/30	35.56	38.84	35.50	37.39	6757077	253043712.00
2022/07/01	37.78	38.65	37.18	38.47	4475024	170444544.00
2022/07/04	38.51	38.70	37.51	38.51	2526353	96540464.00
2022/07/05	38.60	38.65	37.03	37.77	2551815	95721032.00
2022/07/06	37.49	38.40	36.71	37.43	2574241	96912672.00
2022/07/07	37.57	37.60	35.98	36.46	2326311	84753208.00
2022/07/08	36.55	36.78	35.60	36.08	2421462	87255800.00
2022/07/11	36.10	36.66	34.98	36.61	3724047	134304240.00
2022/07/12	36.51	37.80	35.03	35.16	2742081	98300752.00
2022/07/13	35.29	36.39	34.65	34.66	2021749	71229264.00
2022/07/14	35.30	35.50	33.33	34.68	3531909	121756616.00
2022/07/15	33.89	35.29	33.81	33.83	2320036	79783376.00
2022/07/18	33.98	34.28	33.20	34.03	1857404	62648548.00
2022/07/19	33.98	34.85	33.51	34.36	1720368	59104116.00
2022/07/20	34.36	34.73	33.82	34.23	1796471	61223720.00
2022/07/21	34.29	34.73	33.40	33.41	2412000	81551072.00
2022/07/22	33.30	33.61	31.61	32.21	3397600	110046952.00
2022/07/25	32.00	34.68	32.00	34.33	4538049	153711424.00
2022/07/26	34.18	35.30	33.88	34.65	2732869	94717352.00
2022/07/27	34.66	35.09	34.03	34.23	1826011	62822448.00
2022/07/28	34.43	34.80	33.66	34.50	2683088	91464360.00
2022/07/29	34.41	34.49	33.50	33.76	2206869	75188624.00
2022/08/01	33.41	34.79	33.25	33.49	1795902	60925672.00
2022/08/02	32.65	32.69	31.13	31.96	2203216	70293016.00
2022/08/03	32.67	33.98	32.28	33.20	2662931	88448784.00
2022/08/04	33.18	33.67	32.36	33.51	2237220	73792920.00
2022/08/05	32.71	32.95	31.90	32.47	2164989	69953368.00
2022/08/08	32.42	33.22	31.97	32.18	1739361	56298736.00
2022/08/09	32.00	32.33	31.75	32.05	1081017	34575256.00
2022/08/10	32.00	32.25	31.58	31.62	1071896	34116172.00
2022/08/11	31.98	32.87	31.66	32.30	1923100	61854928.00
2022/08/12	32.00	32.22	31.78	31.93	1177134	37601592.00
2022/08/15	31.80	31.90	31.23	31.36	1122022	35238488.00
2022/08/16	31.42	31.58	30.72	30.83	1311446	40782672.00
2022/08/17	30.88	31.13	30.30	31.02	1225850	37721256.00
2022/08/18	30.98	30.98	30.45	30.47	927800	28385584.00
2022/08/19	30.59	30.78	29.83	29.90	1283199	38762560.00
2022/08/22	30.06	30.70	29.48	30.50	1357798	41177860.00
2022/08/23	30.46	30.46	29.81	29.96	979670	29375770.00
2022/08/24	30.06	30.20	29.00	29.08	941735	27657728.00
2022/08/25	29.06	29.74	28.70	29.70	1070637	31468292.00
2022/08/26	29.60	29.90	28.64	29.10	1720505	50179892.00
2022/08/29	28.51	30.00	28.50	29.90	1586491	46885624.00
2022/08/30	29.83	30.63	28.92	29.18	2279871	67278688.00
2022/08/31	29.00	30.85	28.75	30.63	3058067	91832248.00
2022/09/01	30.20	31.43	30.17	30.50	2524852	78045632.00
2022/09/02	30.89	31.00	29.83	30.24	1504250	45278372.00
2022/09/05	30.12	30.27	29.50	29.63	1009489	29967376.00
2022/09/06	29.80	30.18	29.54	29.62	1133692	33728440.00
2022/09/07	29.50	29.65	29.01	29.03	1271111	37123312.00
2022/09/08	29.28	29.34	28.90	29.19	679229	19796838.00
2022/09/09	29.18	30.78	28.84	30.68	2423106	73059312.00
2022/09/13	30.45	31.09	30.17	30.61	2071736	63481504.00
2022/09/14	30.20	30.97	30.00	30.57	1022726	31120810.00
2022/09/15	30.66	32.50	30.50	32.08	5036173	159291664.00
2022/09/16	31.61	32.45	31.32	31.40	3166261	100696664.00
2022/09/19	31.20	31.33	29.00	29.16	2198389	65338508.00
2022/09/20	29.24	29.99	28.88	29.18	1495034	43705388.00
2022/09/21	29.15	29.49	28.55	29.07	1552558	44910092.00
2022/09/22	28.78	29.09	28.51	28.55	952000	27395940.00
2022/09/23	28.33	29.29	28.18	28.45	1298026	37257312.00
2022/09/26	28.30	28.57	26.85	27.03	1731584	47626744.00
2022/09/27	26.57	27.35	26.57	27.18	1322888	35637540.00
2022/09/28	27.08	27.97	26.34	26.34	1679939	45239320.00
2022/09/29	26.72	27.09	26.10	26.34	1500749	39855544.00
2022/09/30	26.48	26.57	25.57	25.71	915884	23811366.00
2022/10/10	25.75	26.12	24.80	25.03	753958	19249008.00
2022/10/11	25.03	25.28	24.51	24.88	521329	12935797.00
2022/10/12	24.96	25.82	24.51	25.77	952519	23897388.00
2022/10/13	25.75	25.98	25.43	25.65	941941	24249120.00
2022/10/14	25.85	27.19	25.80	26.42	1441061	38163588.00
2022/10/17	26.41	27.81	26.00	27.16	1669535	45105856.00
2022/10/18	27.19	27.45	26.58	26.71	957254	25621000.00
2022/10/19	27.20	27.20	26.20	26.21	705335	18617428.00
2022/10/20	26.15	26.61	25.72	25.86	879265	22884504.00
2022/10/21	25.87	26.22	25.40	25.54	655286	16825724.00
2022/10/24	25.50	26.20	25.03	25.38	808722	20637482.00
2022/10/25	24.99	25.13	22.69	23.08	3791436	89652200.00
2022/10/26	22.74	23.88	22.74	23.31	2093976	49165016.00
2022/10/27	23.49	23.67	22.80	22.95	1521561	35268048.00
2022/10/28	22.78	23.33	21.32	21.68	3614733	79297184.00
2022/10/31	21.68	22.17	21.40	21.95	1565640	34250652.00
2022/11/01	22.02	23.23	21.99	23.23	1912065	43354104.00
2022/11/02	23.41	23.86	23.02	23.63	1942093	45748840.00
2022/11/03	23.68	24.05	23.20	23.86	1394700	32996028.00
2022/11/04	23.87	24.54	23.73	24.31	1424572	34495320.00
2022/11/07	24.51	24.54	23.93	24.21	1009012	24426892.00
2022/11/08	24.21	24.53	23.73	23.99	1097100	26268964.00
2022/11/09	24.28	24.40	23.85	23.98	878594	21128198.00
2022/11/10	23.80	24.28	23.55	24.21	1070731	25741464.00
2022/11/11	24.69	25.45	24.45	24.77	3205732	79930272.00
2022/11/14	25.62	26.89	24.85	25.03	5948629	154087952.00
2022/11/15	24.77	25.75	24.33	25.50	3024047	76158568.00
2022/11/16	25.50	26.05	25.41	25.90	2145109	55351484.00
2022/11/17	25.40	26.78	25.26	26.20	2235706	58651060.00
2022/11/18	26.10	26.31	25.18	25.23	2254436	57649480.00
2022/11/21	25.18	25.20	24.50	24.83	1534748	38041828.00
2022/11/22	24.76	25.40	24.15	24.25	1393929	34283204.00
2022/11/23	24.28	24.37	23.51	23.97	1165398	27786820.00
2022/11/24	24.48	25.15	23.97	24.94	2017811	49655864.00
2022/11/25	24.93	26.10	24.65	25.43	3102896	79066048.00
2022/11/28	25.17	25.31	24.30	24.80	1854841	46007252.00
2022/11/29	25.58	26.61	25.30	26.28	3899310	101502368.00
2022/11/30	26.12	26.79	25.40	25.65	3443903	89585808.00
2022/12/01	25.80	26.88	25.71	26.35	3332811	88167808.00
2022/12/02	26.34	26.41	25.95	26.10	1455412	38020620.00
2022/12/05	26.11	29.07	26.11	27.69	4758581	132013608.00
2022/12/06	27.49	28.01	26.83	27.11	2824011	77231856.00
2022/12/07	27.03	27.13	26.52	26.79	1725000	46151360.00
2022/12/08	26.54	27.25	26.38	26.96	2041638	54787764.00
2022/12/09	26.95	29.17	26.85	29.03	6443110	183959088.00
2022/12/12	28.72	28.75	27.36	27.50	3780260	105513424.00
2022/12/13	27.52	28.55	26.75	28.42	3608676	100674352.00
2022/12/14	28.07	28.58	27.60	28.00	2457972	68843232.00
2022/12/15	28.20	28.62	26.99	27.11	2504213	68863624.00
2022/12/16	27.03	27.97	26.61	27.07	2306560	62638292.00
2022/12/19	27.10	28.17	26.62	27.00	2271786	61978208.00
2022/12/20	26.63	26.98	25.89	26.52	2005398	52969704.00
2022/12/21	26.46	26.76	25.89	26.10	1076710	28330364.00
2022/12/22	26.50	27.48	26.23	26.47	2139200	57476980.00
2022/12/23	26.00	27.28	26.00	26.72	1450197	38784940.00
2022/12/26	26.50	26.80	26.05	26.33	1242500	32754360.00
2022/12/27	26.40	27.17	26.30	26.69	1553287	41565756.00
2022/12/28	26.40	26.51	25.54	25.69	2077337	53708412.00
2022/12/29	25.69	25.78	25.07	25.61	1635427	41511680.00
2022/12/30	25.75	25.80	25.00	25.28	1275400	32335914.00
2023/01/03	25.14	26.18	25.01	25.79	1469170	37855168.00
2023/01/04	27.24	30.95	27.10	29.30	9701626	282827712.00
2023/01/05	29.31	30.87	29.03	30.80	8875024	268362432.00
2023/01/06	30.60	30.66	29.83	29.97	5010390	151119168.00
2023/01/09	29.75	31.38	29.17	30.98	7274368	219218384.00
2023/01/10	30.58	33.17	29.86	31.79	8602260	273028608.00
2023/01/11	31.09	32.50	30.60	31.00	5747722	180375920.00
2023/01/12	30.10	31.38	29.99	31.00	3523129	108900232.00
2023/01/13	31.12	33.58	30.66	33.06	6404217	207859568.00
2023/01/16	33.03	35.00	32.30	33.75	6414863	215725984.00
2023/01/17	33.67	34.77	32.58	33.52	3836740	128682032.00
2023/01/18	33.49	33.76	32.89	33.20	2896217	96304536.00
2023/01/19	33.20	33.28	32.50	32.79	1614140	52972988.00
2023/01/20	32.62	33.32	32.45	32.60	1132232	37062288.00
2023/01/30	32.75	33.88	32.59	33.18	2661789	88366088.00
2023/01/31	32.60	33.00	31.80	32.28	2214255	71701304.00
2023/02/01	32.18	32.35	31.56	32.25	1692753	54050084.00
2023/02/02	32.85	33.00	31.50	31.68	1751644	55816596.00
2023/02/03	31.96	32.12	30.98	31.15	2046843	64150692.00
2023/02/06	30.90	31.00	30.13	30.50	1740573	53088016.00
2023/02/07	30.60	31.15	30.41	30.61	1900744	58403012.00
2023/02/08	30.86	30.90	30.11	30.21	1472113	44662296.00
2023/02/09	30.21	31.85	30.12	31.70	2954727	92395648.00
2023/02/10	31.71	31.79	30.92	31.53	1829633	57379172.00
数据来源:通达信
