300651 金陵体育 日线 不复权
      日期	    开盘	    最高	    最低	    收盘	    成交量	    成交额
2017/05/09	16.45	19.74	16.45	19.74	7000	137031.00
2017/05/10	21.71	21.71	21.71	21.71	4400	95524.00
2017/05/11	23.88	23.88	23.88	23.88	2100	50148.00
2017/05/12	26.27	26.27	26.27	26.27	6122	160824.94
2017/05/15	28.90	28.90	28.90	28.90	4600	132940.00
2017/05/16	31.79	31.79	31.79	31.79	19300	613547.00
2017/05/17	34.97	34.97	34.97	34.97	10800	377676.00
2017/05/18	38.47	38.47	38.47	38.47	23467	902775.50
2017/05/19	42.32	42.32	42.32	42.32	286558	12127135.00
2017/05/22	43.30	46.55	41.87	43.88	12311644	553417152.00
2017/05/23	40.10	42.46	39.49	39.49	8629377	352364224.00
2017/05/24	37.82	41.99	37.82	40.47	7023527	281697408.00
2017/05/25	40.60	41.00	37.10	38.20	6732018	262877328.00
2017/05/26	39.40	42.02	39.03	40.50	7394793	300924640.00
2017/05/31	44.55	44.55	39.00	39.03	10118372	425731136.00
2017/06/01	38.50	40.45	37.61	37.70	6946160	272764672.00
2017/06/02	36.49	39.10	35.51	37.70	5335301	199857520.00
2017/06/05	38.78	41.25	37.70	37.73	7028944	277581056.00
2017/06/06	36.60	38.10	36.56	37.49	4553541	169008096.00
2017/06/07	37.75	39.99	37.31	39.00	6067613	235776880.00
2017/06/08	38.80	39.18	37.00	37.36	5280586	201297152.00
2017/06/09	37.13	38.25	37.00	37.52	3564078	134400560.00
2017/06/12	36.08	36.45	34.00	34.65	5154594	182537648.00
2017/06/13	34.61	36.30	34.30	35.76	3859494	137608368.00
2017/06/14	35.76	35.76	34.68	35.45	2535900	89327560.00
2017/06/15	35.60	36.96	35.05	36.28	3764863	137071424.00
2017/06/16	36.14	36.51	36.00	36.19	2383478	86383776.00
2017/06/19	36.15	36.47	35.50	35.91	1684400	60453232.00
2017/06/20	36.09	36.52	35.40	35.45	1802000	64803764.00
2017/06/21	35.56	36.10	35.15	35.56	1112400	39569632.00
2017/06/22	35.42	35.85	34.01	34.11	1703700	59510624.00
2017/06/23	34.30	34.48	32.34	33.48	2121200	70896064.00
2017/06/26	33.25	34.20	33.00	33.92	1177800	39671624.00
2017/06/27	33.91	34.37	33.67	33.71	862334	29322142.00
2017/06/28	33.50	33.54	32.46	33.00	1715876	56455112.00
2017/06/29	33.00	33.58	32.80	33.09	775434	25682008.00
2017/06/30	33.01	34.21	32.88	33.59	1803655	60665264.00
2017/07/03	33.24	33.97	33.20	33.71	1428960	47992344.00
2017/07/04	33.81	34.07	33.56	33.83	1089618	36845520.00
2017/07/05	33.77	34.97	33.66	34.74	2616754	90736208.00
2017/07/06	34.88	35.18	34.38	35.03	1835000	64048896.00
2017/07/07	35.05	35.88	34.88	35.37	2182857	77589848.00
2017/07/10	34.88	34.89	33.50	33.66	2583024	87880584.00
2017/07/11	33.67	33.98	33.15	33.41	935622	31434188.00
2017/07/12	33.31	33.88	32.80	33.72	1289900	42824472.00
2017/07/13	33.65	33.65	32.80	33.08	848300	28116888.00
2017/07/14	31.50	32.20	30.91	31.12	2825322	89075584.00
2017/07/17	30.60	30.60	28.11	28.21	2128255	62562228.00
2017/07/18	28.21	28.95	27.30	28.40	1015558	28698104.00
2017/07/19	28.35	28.88	27.91	28.29	1018419	28735654.00
2017/07/20	28.30	28.80	27.80	27.92	984520	27974856.00
2017/07/21	27.78	28.66	27.60	28.04	823800	23165298.00
2017/07/24	27.78	28.39	27.55	28.09	858900	24006036.00
2017/07/25	27.95	28.35	27.95	28.12	766300	21538632.00
2017/07/26	28.24	28.35	27.80	27.95	499500	14038885.00
2017/07/27	27.95	29.24	27.72	28.90	1177458	33701664.00
2017/07/28	28.80	28.94	28.11	28.20	812358	23173682.00
2017/07/31	28.18	28.46	27.89	27.97	556458	15659546.00
2017/08/01	28.15	28.16	27.74	28.10	567400	15851758.00
2017/08/02	28.22	28.38	27.60	27.71	541242	15112830.00
2017/08/03	27.60	28.27	27.55	27.85	564918	15773085.00
2017/08/04	27.76	28.00	27.51	27.51	614100	17029284.00
2017/08/07	27.38	28.18	27.38	27.64	459500	12776653.00
2017/08/08	27.64	27.67	27.20	27.50	773200	21261172.00
2017/08/09	27.43	27.62	27.01	27.37	454200	12453139.00
2017/08/10	27.30	27.58	26.82	27.11	646898	17537440.00
2017/08/11	26.84	27.10	26.60	26.97	487000	13091172.00
2017/08/14	26.93	27.48	26.93	27.40	577191	15784478.00
2017/08/15	27.69	28.52	27.58	28.12	1345742	37885884.00
2017/08/16	28.13	28.67	27.90	28.45	1364300	38719032.00
2017/08/17	28.90	28.90	28.30	28.43	1043900	29879344.00
2017/08/18	28.37	28.37	27.91	28.05	680232	19091230.00
2017/08/21	28.19	28.83	28.14	28.80	881018	25158160.00
2017/08/22	28.80	29.26	28.61	28.70	1027900	29711970.00
2017/08/23	28.61	29.17	28.30	28.89	941792	27084298.00
2017/08/24	28.92	29.65	28.63	28.79	1309110	38156144.00
2017/08/25	28.77	29.85	28.63	29.85	1637518	48187832.00
2017/08/28	31.50	32.84	30.81	32.84	3556283	114279384.00
2017/08/29	33.00	35.26	32.93	33.09	6357406	216099392.00
2017/08/30	32.02	32.56	31.36	31.44	3572355	113572448.00
2017/08/31	31.55	32.80	31.55	32.60	2722964	87657944.00
2017/09/01	33.00	33.00	31.75	32.08	1886059	60714608.00
2017/09/04	32.12	33.99	32.00	32.40	2922426	96414120.00
2017/09/05	31.98	33.87	31.98	33.04	2224400	73145224.00
2017/09/06	32.92	32.95	31.82	32.26	2050651	66042312.00
2017/09/07	32.08	32.85	31.71	31.73	1848265	59671156.00
2017/09/08	31.51	32.10	31.06	31.34	1531719	48362984.00
2017/09/11	31.55	32.15	31.50	32.03	1140667	36391384.00
2017/09/12	32.03	32.49	31.31	31.60	1476889	47249300.00
2017/09/13	31.60	32.10	31.30	31.95	830395	26302108.00
2017/09/14	32.20	32.20	31.50	31.80	956960	30517534.00
2017/09/15	31.90	31.90	31.51	31.53	739700	23408992.00
2017/09/18	31.20	32.10	31.11	32.07	986176	31277956.00
2017/09/19	32.02	32.45	31.88	32.09	1070011	34385548.00
2017/09/20	32.09	32.39	31.48	32.33	1182535	37877280.00
2017/09/21	32.17	33.49	32.02	33.10	2350990	77610192.00
2017/09/22	32.94	34.27	32.20	33.89	2111209	70387920.00
2017/09/25	33.61	33.82	32.52	32.52	1466100	48636256.00
2017/09/26	32.48	33.16	31.68	32.00	1399235	45276892.00
2017/09/27	32.00	33.06	32.00	32.82	891234	29005422.00
2017/09/28	32.69	34.26	32.30	33.83	2128030	71729904.00
2017/09/29	33.65	35.63	33.52	34.78	2198730	76258112.00
2017/10/09	34.78	34.98	33.86	34.53	1463019	50322340.00
2017/10/10	34.30	35.77	34.30	35.61	1511865	53008256.00
2017/10/11	35.13	35.55	34.36	34.60	1205006	41997792.00
2017/10/12	34.47	34.70	33.28	33.68	1204400	40916740.00
2017/10/13	33.78	36.00	33.41	35.60	1484143	51529516.00
2017/10/16	35.35	35.35	33.63	34.10	1373343	47176936.00
2017/10/17	34.00	35.30	33.52	34.93	1376243	47712348.00
2017/10/18	34.88	36.80	34.65	36.55	3450399	123335472.00
2017/10/19	35.30	35.70	34.66	34.70	2465454	86951672.00
2017/10/20	34.20	34.68	33.68	34.49	1515599	51720968.00
2017/10/23	34.44	34.75	34.02	34.62	981954	33807936.00
2017/10/24	34.59	34.59	33.00	33.30	1397600	46879248.00
2017/10/25	33.31	34.52	33.15	34.18	1130106	38289040.00
2017/10/26	34.20	35.29	34.01	35.00	1349400	46965344.00
2017/10/27	35.01	35.43	34.41	34.51	900154	31447576.00
2017/10/30	34.30	34.30	32.77	32.90	1232000	41053824.00
2017/10/31	33.00	33.89	33.00	33.35	802233	26768666.00
2017/11/01	33.34	33.85	33.34	33.45	708906	23813160.00
2017/11/02	33.41	33.67	33.03	33.33	586806	19538930.00
2017/11/03	33.23	33.79	33.09	33.51	459700	15320769.00
2017/11/06	33.65	34.86	33.48	34.45	1034200	35594468.00
2017/11/07	34.40	35.00	34.30	34.70	1111378	38546264.00
2017/11/08	34.85	35.65	34.60	35.05	1524200	53631864.00
2017/11/09	35.00	35.31	34.45	35.11	1024878	35670560.00
2017/11/10	35.00	35.38	34.88	34.96	1065355	37388944.00
2017/11/13	34.96	36.19	34.62	35.57	1312774	46483720.00
2017/11/14	35.74	35.80	35.10	35.72	1084500	38478280.00
2017/11/15	35.65	35.65	34.80	35.15	915845	32149326.00
2017/11/16	34.90	38.67	34.61	36.00	4900200	183634368.00
2017/11/17	34.58	38.97	33.40	36.30	5484054	200317376.00
2017/11/20	36.37	36.75	33.00	34.25	3020254	103724616.00
2017/11/21	33.61	34.15	32.77	33.18	1829054	61031560.00
2017/11/22	32.98	33.98	32.88	33.44	875700	29227512.00
2017/11/23	33.05	33.88	33.00	33.40	842700	28156556.00
2017/11/24	33.07	33.69	33.07	33.15	475800	15861916.00
2017/11/27	33.00	33.49	31.32	32.75	729030	23715768.00
2017/11/28	32.70	33.18	32.20	32.93	348709	11435428.00
2017/11/29	32.90	33.59	32.26	33.48	452300	14897605.00
2017/11/30	33.37	33.50	33.00	33.00	373000	12411010.00
2017/12/01	33.00	33.50	32.22	33.36	455300	15173378.00
2017/12/04	33.37	33.99	32.70	33.35	612109	20363482.00
2017/12/05	33.27	33.80	32.44	32.80	451109	14843647.00
2017/12/06	33.02	33.30	32.28	33.29	324305	10692396.00
2017/12/07	33.02	33.98	32.62	33.69	402400	13501004.00
2017/12/08	33.65	34.57	33.48	34.50	789700	26968416.00
2017/12/11	34.47	34.48	33.79	34.05	669400	22826888.00
2017/12/12	34.05	34.18	33.90	34.08	574909	19586828.00
2017/12/13	34.08	34.20	33.61	34.03	508800	17229396.00
2017/12/14	33.74	34.18	33.47	33.89	529500	17908318.00
2017/12/15	33.95	33.95	33.30	33.70	266200	8946359.00
2017/12/18	33.88	33.97	33.22	33.52	188300	6300934.00
2017/12/19	32.52	33.98	32.52	33.80	232600	7841377.00
2017/12/20	33.87	33.91	33.50	33.50	286300	9647181.00
2017/12/21	33.50	33.65	33.15	33.47	294800	9838144.00
2017/12/22	33.47	33.50	32.88	33.39	269400	8946000.00
2017/12/25	33.50	33.51	32.80	33.02	191900	6327540.00
2017/12/26	33.29	33.30	32.66	33.02	422400	13936899.00
2017/12/27	33.06	33.35	32.80	32.99	366500	12112013.00
2017/12/28	32.85	33.10	32.52	32.98	606400	19951428.00
2017/12/29	32.98	33.18	32.68	32.88	349430	11463197.00
2018/01/02	32.75	33.08	32.70	32.88	625300	20516536.00
2018/01/03	32.73	32.98	32.64	32.81	527100	17252500.00
2018/01/04	32.88	32.88	32.62	32.79	271206	8864111.00
2018/01/05	32.79	32.84	32.56	32.84	362245	11835040.00
2018/01/08	32.84	33.36	32.84	33.20	313700	10382428.00
2018/01/09	33.80	33.95	33.20	33.40	318730	10673916.00
2018/01/10	33.19	34.06	33.10	33.81	612400	20647822.00
2018/01/11	33.47	33.94	33.00	33.00	852200	28520678.00
2018/01/12	32.80	33.86	32.80	33.34	750870	25022728.00
2018/01/15	33.28	33.46	32.81	33.02	509600	16868912.00
2018/01/16	32.92	33.97	32.90	33.85	494200	16552226.00
2018/01/17	33.86	34.80	33.83	34.75	914900	31566072.00
2018/01/18	34.75	34.77	34.00	34.55	363800	12492423.00
2018/01/19	34.63	35.80	34.38	35.58	738300	26065108.00
2018/01/22	35.90	35.90	35.00	35.38	598119	21215076.00
2018/01/23	35.38	35.83	34.83	35.20	446100	15674569.00
2018/01/24	35.20	35.87	34.67	35.55	342800	12094876.00
2018/01/25	35.70	35.70	34.73	35.00	329100	11610135.00
2018/01/26	34.73	35.85	34.60	35.67	373330	13250665.00
2018/01/29	35.46	36.10	35.11	35.54	195100	6923424.00
2018/01/30	35.50	38.20	35.45	37.43	793050	29489262.00
2018/01/31	37.60	38.49	36.99	37.43	818597	30914848.00
2018/02/01	37.01	37.70	35.20	36.50	543850	19981874.00
2018/02/02	36.60	36.60	33.87	36.38	922450	32073382.00
2018/02/05	35.98	36.37	34.00	35.99	259578	9230548.00
2018/02/06	35.70	35.70	34.15	34.91	474500	16453750.00
2018/02/07	34.86	35.85	34.15	34.39	471200	16403109.00
2018/02/08	34.39	34.80	33.03	34.39	189000	6472292.00
2018/02/09	34.01	35.00	33.80	34.30	424100	14620197.00
2018/02/12	34.31	34.60	34.27	34.41	279300	9640443.00
2018/02/13	34.41	35.00	33.78	34.38	273000	9370913.00
2018/02/14	34.25	35.55	34.00	35.40	417000	14473065.00
2018/02/22	35.43	36.30	34.77	34.87	362300	12690964.00
2018/02/23	34.71	35.00	34.11	34.29	307600	10575042.00
2018/02/26	37.47	37.47	34.33	35.12	722700	25400482.00
2018/02/27	35.87	35.87	34.57	34.86	341201	11934348.00
2018/02/28	34.85	34.86	34.00	34.30	357100	12227961.00
2018/03/01	34.20	34.55	33.20	34.39	385445	13189348.00
2018/03/02	34.00	34.48	33.82	33.86	201300	6851432.00
2018/03/05	33.80	34.39	33.80	34.19	145800	4967652.00
2018/03/06	34.27	35.48	34.19	35.22	652000	22843324.00
2018/03/07	34.87	35.95	34.87	35.12	411400	14554407.00
2018/03/08	35.16	35.16	34.23	34.60	368000	12802935.00
2018/03/09	34.61	36.00	34.57	35.89	838350	29757418.00
2018/03/12	36.18	37.51	36.01	36.68	1316500	48287704.00
2018/03/13	36.55	37.39	35.72	36.30	663500	24044228.00
2018/03/14	36.30	36.66	35.95	36.29	383500	13925117.00
2018/03/15	36.48	36.50	35.20	35.81	417300	14910738.00
2018/03/16	35.51	36.15	35.21	35.70	278100	9950745.00
2018/03/19	35.15	35.80	34.87	35.73	193800	6915159.00
2018/03/20	35.69	35.69	34.62	34.92	355500	12439211.00
2018/03/21	34.95	35.75	34.46	34.91	360810	12618351.00
2018/03/22	34.60	37.66	34.40	37.10	1614000	58503184.00
2018/03/23	35.94	37.27	35.53	36.75	1133098	41108992.00
2018/03/26	36.30	37.98	36.00	37.61	1166200	43374580.00
2018/03/27	38.37	38.40	37.00	38.00	1536743	58116068.00
2018/03/28	37.65	38.29	36.80	37.63	1189300	44706988.00
2018/03/29	37.22	38.48	37.03	37.48	655500	24709054.00
2018/03/30	37.48	38.79	36.82	38.71	1227900	46587944.00
2018/04/02	38.71	38.71	37.52	37.87	858300	32582396.00
2018/04/03	37.53	40.50	37.20	40.39	1827418	71630416.00
2018/04/04	40.02	40.43	39.51	40.00	963000	38469048.00
2018/04/09	39.95	40.78	39.42	39.50	939826	37606936.00
2018/04/10	39.25	39.30	37.28	38.70	997900	38499816.00
2018/04/11	38.70	39.42	38.10	38.14	761300	29439340.00
2018/04/12	38.05	38.91	38.01	38.42	529634	20384038.00
2018/04/13	38.41	39.00	38.01	38.41	622000	23909196.00
2018/04/16	39.00	42.00	39.00	39.99	1178798	47327088.00
2018/04/17	39.68	40.30	38.44	39.14	801934	31324128.00
2018/04/18	39.14	39.15	37.03	38.36	738800	28124032.00
2018/04/19	38.00	39.20	38.00	38.98	581800	22619504.00
2018/04/20	38.80	39.10	37.72	38.53	327600	12564945.00
2018/04/23	38.52	38.77	37.72	38.33	258400	9889551.00
2018/04/24	38.31	39.33	38.02	39.28	761200	29658470.00
2018/04/25	39.05	39.28	38.40	38.70	513200	19861016.00
2018/04/26	38.70	38.70	37.90	38.18	399100	15225723.00
2018/04/27	38.11	38.80	37.90	38.32	244901	9399003.00
2018/05/02	38.12	38.80	37.80	38.16	307300	11744133.00
2018/05/03	38.16	38.33	37.22	38.15	395503	15033099.00
2018/05/04	38.15	38.98	37.84	38.30	344943	13284670.00
2018/05/07	38.32	38.88	37.65	38.78	896803	34316516.00
2018/05/08	38.60	39.00	38.22	38.70	442900	17114434.00
2018/05/09	38.70	41.00	38.00	38.34	1004503	39245956.00
2018/05/10	38.21	38.50	37.24	37.60	726200	27413642.00
2018/05/11	37.67	38.00	37.37	37.50	591300	22208404.00
2018/05/14	37.50	37.86	37.38	37.65	304100	11447566.00
2018/05/15	37.18	38.02	37.16	37.91	379500	14314095.00
2018/05/16	37.88	38.11	37.50	37.99	275900	10453197.00
2018/05/17	37.99	38.12	37.17	37.61	283500	10625454.00
2018/05/18	37.70	37.77	37.22	37.60	226700	8496486.00
2018/05/21	37.70	37.77	37.38	37.57	252900	9515083.00
2018/05/22	37.55	37.69	37.38	37.65	377200	14172139.00
2018/05/23	37.66	38.48	37.56	37.85	655400	24882708.00
2018/05/24	37.85	37.99	37.50	37.60	360300	13585190.00
2018/05/25	37.50	38.34	37.20	37.85	1008100	38217284.00
2018/05/28	37.66	40.48	37.42	39.51	2111530	82821736.00
2018/05/29	39.52	42.78	38.82	40.10	2408230	98086624.00
2018/05/30	38.90	40.15	37.00	39.27	1689050	65721572.00
2018/05/31	38.88	41.80	38.50	41.68	2142454	87685792.00
2018/06/01	41.14	41.20	38.73	40.18	1560300	62375108.00
2018/06/04	40.20	40.33	38.88	39.30	1000830	39415892.00
2018/06/05	38.51	39.29	38.20	39.05	728098	28211404.00
2018/06/06	39.04	39.38	38.51	38.88	536698	20880602.00
2018/06/07	38.95	39.26	38.31	38.59	458700	17795082.00
2018/06/08	38.59	39.00	37.56	38.00	702600	26683730.00
2018/06/11	37.98	39.50	37.53	39.15	780400	30349400.00
2018/06/12	39.20	39.20	37.70	38.00	650500	24933904.00
2018/06/13	37.91	38.28	37.60	37.89	605400	22905952.00
2018/06/14	37.90	38.08	36.58	37.94	701800	26169900.00
2018/06/15	37.87	37.87	36.62	37.45	385100	14316977.00
2018/06/19	37.38	37.38	33.71	35.12	1008300	35230372.00
2018/06/20	34.19	34.99	33.77	34.82	516200	17722418.00
2018/06/21	34.20	35.40	34.20	34.88	504000	17644816.00
2018/06/22	35.08	36.00	34.97	35.49	821898	29168882.00
2018/06/25	35.49	36.50	35.48	35.90	385200	13740515.00
2018/06/26	35.90	36.45	35.37	35.89	228800	8210913.00
2018/06/27	35.89	36.74	35.60	35.90	288100	10325967.00
2018/06/28	35.51	36.00	35.40	35.75	135200	4830540.00
2018/06/29	35.88	38.46	35.56	38.00	719100	26405928.00
2018/07/02	37.87	37.99	37.02	37.47	244600	9170519.00
2018/07/03	37.30	37.90	37.16	37.86	289199	10864206.00
2018/07/04	37.94	37.94	37.12	37.32	156831	5869294.00
2018/07/05	37.44	37.50	36.99	37.00	201700	7502394.00
2018/07/06	36.97	38.50	36.81	38.46	537417	20284524.00
2018/07/09	38.00	38.70	37.97	38.66	366300	14030655.00
2018/07/10	38.90	39.30	38.38	38.78	361600	14043208.00
2018/07/11	38.45	38.70	37.58	38.01	384500	14615696.00
2018/07/12	37.90	38.96	37.68	38.70	666800	25581392.00
2018/07/13	39.50	39.50	38.01	38.38	317700	12212755.00
2018/07/16	38.44	38.44	37.05	37.45	320300	11987202.00
2018/07/17	37.45	37.45	37.00	37.25	153500	5702604.00
2018/07/18	37.25	37.98	37.06	37.24	326300	12186820.00
2018/07/19	37.12	37.88	36.10	37.40	493300	18341776.00
2018/07/20	37.20	38.00	36.68	37.70	562000	20944986.00
2018/07/23	37.70	38.18	35.95	36.75	608700	22461916.00
2018/07/24	36.30	36.86	36.00	36.59	382500	13953721.00
2018/07/25	36.60	37.41	36.51	37.00	326700	12034718.00
2018/07/26	36.98	37.23	36.00	37.09	191900	7064799.00
2018/07/27	37.05	37.49	36.81	37.14	194200	7208494.00
2018/07/30	37.48	37.48	36.67	37.08	100800	3744983.00
2018/07/31	37.29	37.60	36.70	37.52	175000	6508949.00
2018/08/01	37.52	37.52	37.00	37.10	141100	5236782.00
2018/08/02	37.05	37.26	36.33	36.88	160000	5893090.00
2018/08/03	36.88	37.98	36.81	37.53	422700	15906062.00
2018/08/06	37.40	38.00	37.40	37.61	292000	11024816.00
2018/08/07	37.61	37.76	36.23	37.67	431700	16038110.00
2018/08/08	37.38	37.50	36.67	37.00	204100	7569252.00
2018/08/09	37.00	39.91	36.50	37.81	431100	16143195.00
2018/08/10	37.77	38.03	37.26	37.53	243500	9143537.00
2018/08/13	37.45	37.75	36.66	37.52	355800	13245494.00
2018/08/14	37.59	37.98	37.22	37.71	241600	9113708.00
2018/08/15	37.51	37.77	37.18	37.20	306900	11502302.00
2018/08/16	37.31	37.44	36.61	36.93	324400	12020764.00
2018/08/17	37.00	37.40	36.65	36.94	254300	9407546.00
2018/08/20	36.90	37.38	36.70	37.17	270100	10003752.00
2018/08/21	37.18	37.82	36.90	37.57	360500	13440870.00
2018/08/22	37.51	37.90	37.08	37.58	291703	10947608.00
2018/08/23	37.54	37.62	37.10	37.31	346100	12935047.00
2018/08/24	37.33	37.83	37.21	37.60	506400	19009092.00
2018/08/27	36.90	37.80	36.65	37.54	497600	18518596.00
2018/08/28	37.54	37.85	37.00	37.30	252200	9408088.00
2018/08/29	37.29	37.39	37.10	37.22	173800	6480605.00
2018/08/30	37.50	37.50	36.87	36.90	152500	5651046.00
2018/08/31	36.88	36.99	36.36	36.89	291400	10704819.00
2018/09/03	36.83	37.30	36.59	37.07	316400	11678785.00
2018/09/04	37.29	37.58	37.08	37.42	362900	13562817.00
2018/09/05	37.35	37.60	37.16	37.44	267400	10001551.00
2018/09/06	37.70	37.81	37.26	37.59	244600	9173500.00
2018/09/07	37.46	37.80	37.46	37.74	214300	8067095.00
2018/09/10	37.79	37.79	37.27	37.45	109800	4107668.00
2018/09/11	37.40	37.79	37.33	37.72	203900	7659121.00
2018/09/12	37.61	38.25	35.00	37.92	584800	22053944.00
2018/09/13	37.90	38.19	37.66	38.14	348300	13234860.00
2018/09/14	38.14	38.50	37.82	37.82	229800	8750896.00
2018/09/17	37.70	38.00	37.01	37.89	246900	9315650.00
2018/09/18	37.89	38.04	37.55	37.98	217500	8241228.00
2018/09/19	37.95	38.49	37.88	38.43	592000	22641934.00
2018/09/20	38.42	39.20	38.35	38.94	1127606	43854528.00
2018/09/21	38.92	39.79	38.54	39.00	754906	29447290.00
2018/09/25	38.80	38.83	37.65	38.53	341900	13146137.00
2018/09/26	38.53	38.90	38.33	38.58	255400	9859783.00
2018/09/27	38.55	38.67	38.23	38.58	259200	9973461.00
2018/09/28	38.54	39.25	38.54	39.17	650030	25360678.00
2018/10/08	38.99	39.00	38.48	38.70	251200	9733480.00
2018/10/09	38.68	38.95	38.38	38.60	232100	8981526.00
2018/10/10	38.60	38.90	38.30	38.67	168900	6502262.00
2018/10/11	38.50	38.70	37.22	38.05	583100	22201376.00
2018/10/12	37.97	38.08	37.70	37.90	346900	13144662.00
2018/10/15	37.90	37.96	37.31	37.67	198500	7487600.00
2018/10/16	37.62	37.85	37.02	37.29	227900	8521373.00
2018/10/17	37.36	38.00	37.02	37.99	320925	12066596.00
2018/10/18	38.00	38.00	37.37	37.77	326400	12290531.00
2018/10/19	37.72	38.23	37.10	37.95	475200	17925608.00
2018/10/22	38.08	39.92	37.90	39.75	968125	37579768.00
2018/10/23	39.21	39.57	38.66	38.86	572700	22381436.00
2018/10/24	38.76	39.23	38.66	38.95	787410	30684134.00
2018/10/25	38.87	39.33	38.20	39.30	517700	20183306.00
2018/10/26	39.30	39.78	39.06	39.45	460103	18086418.00
2018/10/29	39.50	39.90	39.15	39.25	400800	15816971.00
2018/10/30	39.25	39.85	39.10	39.55	902900	35586204.00
2018/10/31	39.55	40.35	39.23	39.94	884600	35167768.00
2018/11/01	39.93	40.32	39.55	39.62	786300	31349392.00
2018/11/02	39.70	40.70	39.16	40.34	806058	32117340.00
2018/11/05	40.10	40.78	39.69	40.37	455300	18258310.00
2018/11/06	40.28	40.28	39.68	39.87	311800	12423923.00
2018/11/07	39.72	39.97	39.30	39.72	394900	15692551.00
2018/11/08	39.72	39.88	39.31	39.50	264400	10434642.00
2018/11/09	39.50	39.75	39.08	39.61	385000	15214133.00
2018/11/12	39.61	40.00	39.44	39.96	263200	10474537.00
2018/11/13	39.80	42.47	39.56	41.75	909603	37356988.00
2018/11/14	41.50	41.71	40.60	40.98	736500	30219678.00
2018/11/15	40.40	44.08	39.90	43.23	2379381	98758520.00
2018/11/16	43.16	46.50	42.25	45.66	3002881	132280368.00
2018/11/19	44.88	49.70	43.80	48.96	3515550	164755568.00
2018/11/20	47.60	50.35	47.60	49.49	1780553	87922288.00
2018/11/21	46.02	49.10	46.02	47.80	2175061	104456624.00
2018/11/22	47.80	48.42	46.00	46.18	2178900	102645304.00
2018/11/23	46.40	47.49	45.14	46.00	2148633	99275560.00
2018/11/26	46.00	46.80	44.63	45.48	805933	36731068.00
2018/11/27	45.40	46.27	44.99	45.92	645058	29422312.00
2018/11/28	45.38	46.00	44.73	45.96	626158	28407124.00
2018/11/29	45.96	47.00	45.25	45.29	1043533	47981768.00
2018/11/30	45.27	45.68	44.64	45.46	566400	25632152.00
2018/12/03	45.95	46.70	45.72	46.49	695200	32182260.00
2018/12/04	46.49	46.85	45.50	45.80	579100	26563268.00
2018/12/05	45.20	45.73	45.20	45.60	731900	33346272.00
2018/12/06	45.66	45.88	45.22	45.51	271100	12331003.00
2018/12/07	45.45	45.82	45.43	45.78	486058	22204454.00
2018/12/10	45.78	45.78	42.58	43.80	1340700	59244152.00
2018/12/11	43.80	44.00	42.90	43.79	676831	29543370.00
2018/12/12	43.79	44.50	43.70	43.86	220333	9681284.00
2018/12/13	44.00	44.00	43.04	43.66	266700	11675733.00
2018/12/14	43.74	44.48	43.01	43.49	363600	15879265.00
2018/12/17	43.42	43.62	42.89	43.42	376200	16240368.00
2018/12/18	46.98	46.98	40.20	40.98	1944200	83254496.00
2018/12/19	41.22	42.47	40.20	41.90	1270200	52148120.00
2018/12/20	41.70	42.30	41.22	41.98	441400	18440982.00
2018/12/21	42.00	45.00	41.33	43.46	1101000	47648668.00
2018/12/24	43.39	44.00	42.84	43.46	450900	19504432.00
2018/12/25	43.40	43.40	41.66	42.70	308331	13077367.00
2018/12/26	42.62	42.87	41.70	42.00	370431	15621959.00
2018/12/27	42.58	42.60	41.50	41.69	381231	16020564.00
2018/12/28	42.17	43.99	41.88	43.38	1155420	49778104.00
2019/01/02	43.30	43.40	42.80	43.10	306800	13235169.00
2019/01/03	43.28	43.55	42.37	42.80	462700	19797314.00
2019/01/04	42.78	43.13	42.12	43.00	518100	22064404.00
2019/01/07	43.50	43.95	42.50	42.89	461700	19769288.00
2019/01/08	42.85	43.37	42.33	43.00	572300	24413028.00
2019/01/09	42.98	43.64	42.56	43.48	828000	35809896.00
2019/01/10	43.38	46.90	43.26	46.90	1167920	52863864.00
2019/01/11	46.90	49.66	46.30	49.04	1103223	53025216.00
2019/01/14	49.04	49.94	46.66	47.30	865400	41108004.00
2019/01/15	47.00	47.65	46.33	47.38	861720	40517976.00
2019/01/16	47.37	47.38	45.80	46.59	818600	37911904.00
2019/01/17	46.45	46.70	45.70	46.10	533900	24589022.00
2019/01/18	46.01	46.29	45.35	46.15	485154	22279232.00
2019/01/21	45.95	46.28	45.40	45.61	287500	13188918.00
2019/01/22	45.75	46.38	45.15	45.61	353000	16186782.00
2019/01/23	45.49	45.99	45.17	45.48	202130	9189812.00
2019/01/24	45.32	46.00	45.18	45.53	504500	22974080.00
2019/01/25	45.53	46.00	45.30	45.80	289300	13211862.00
2019/01/28	45.93	47.29	45.80	46.81	671400	31230254.00
2019/01/29	46.50	46.70	44.81	45.88	474600	21634276.00
2019/01/30	45.74	45.74	44.32	44.97	474300	21296096.00
2019/01/31	44.80	45.49	44.49	45.22	295650	13297474.00
2019/02/01	45.21	47.00	45.00	47.00	435550	19942186.00
2019/02/11	46.50	46.50	45.93	46.35	403286	18636012.00
2019/02/12	46.16	46.70	46.16	46.34	240800	11175132.00
2019/02/13	46.20	47.50	45.89	46.75	561900	26123884.00
2019/02/14	46.72	47.32	46.36	46.66	279374	13094612.00
2019/02/15	46.80	47.50	46.48	46.66	479700	22562474.00
2019/02/18	46.73	46.74	45.50	46.36	881000	40660876.00
2019/02/19	46.36	47.50	45.62	46.00	864500	40020076.00
2019/02/20	46.00	46.46	45.40	45.94	549200	25098990.00
2019/02/21	45.94	46.00	45.48	45.68	419200	19167252.00
2019/02/22	45.60	45.89	45.20	45.60	590100	26847910.00
2019/02/25	46.00	46.99	45.51	46.78	1299700	60000360.00
2019/02/26	46.00	49.00	46.00	48.44	1299112	62274848.00
2019/02/27	48.36	49.07	47.76	48.45	1055723	51042536.00
2019/02/28	48.39	48.95	48.00	48.40	613261	29784624.00
2019/03/01	48.40	50.82	48.00	50.68	1129708	56377312.00
2019/03/04	50.70	51.98	48.88	50.10	1206134	60760972.00
2019/03/05	49.62	49.80	48.72	49.09	881796	43459424.00
2019/03/06	49.20	50.50	48.19	50.10	1443000	70792528.00
2019/03/07	50.50	52.48	50.45	51.07	1328620	68239920.00
2019/03/08	50.80	50.80	48.80	49.20	766670	38113100.00
2019/03/11	48.76	54.05	48.75	52.80	1006550	52308680.00
2019/03/12	52.85	55.00	52.60	53.54	927505	50013056.00
2019/03/13	53.55	55.78	52.60	54.03	789993	42793828.00
2019/03/14	53.58	56.80	53.55	55.50	783700	43079404.00
2019/03/15	55.50	56.00	54.45	55.11	671300	36860164.00
2019/03/18	55.20	57.00	54.95	55.52	632634	35035092.00
2019/03/19	55.66	55.93	53.68	54.00	670200	36463888.00
2019/03/20	54.24	55.39	53.93	54.50	607693	33182704.00
2019/03/21	55.00	55.56	54.01	55.30	627470	34368172.00
2019/03/22	55.30	55.70	55.14	55.51	667170	36953612.00
2019/03/25	55.00	56.40	54.30	56.10	627800	34876044.00
2019/03/26	56.80	61.50	56.10	60.50	1389200	82685056.00
2019/03/27	60.50	64.99	60.00	63.36	1127190	70839792.00
2019/03/28	63.39	64.79	62.01	63.75	600750	38198812.00
2019/03/29	63.75	64.96	62.30	64.78	784910	50245552.00
2019/04/01	65.00	68.50	65.00	67.29	729850	48966696.00
2019/04/02	68.20	68.30	65.51	66.88	809200	54165116.00
2019/04/03	67.01	68.00	66.00	67.70	735173	49333788.00
2019/04/04	67.50	69.59	67.01	69.50	504761	34389260.00
2019/04/08	69.76	69.79	65.00	66.88	900224	60309108.00
2019/04/09	66.88	69.50	66.26	68.93	581968	39820904.00
2019/04/10	68.37	68.89	66.83	67.57	759253	51307252.00
2019/04/11	68.00	68.50	67.36	68.26	489257	33214106.00
2019/04/12	68.49	72.00	67.55	72.00	886207	62634108.00
2019/04/15	72.50	72.50	70.60	70.60	424650	30498184.00
2019/04/16	70.55	71.58	68.00	68.19	721500	50151960.00
2019/04/17	68.46	72.96	68.46	71.32	1045786	74697296.00
2019/04/18	71.49	72.58	66.86	68.05	856617	59832560.00
2019/04/19	69.99	72.00	68.60	71.38	907750	64354040.00
2019/04/22	72.40	72.49	68.03	68.55	743550	52001096.00
2019/04/23	68.38	70.29	68.38	68.86	436500	30310184.00
2019/04/24	69.15	69.86	66.00	67.02	675100	45928544.00
2019/04/25	67.80	69.68	62.33	64.99	781600	51712072.00
2019/04/26	64.46	65.88	61.74	62.21	713585	45277680.00
2019/04/29	61.46	61.95	55.99	55.99	1245393	71869704.00
2019/04/30	54.22	56.00	50.39	53.88	2032541	106467392.00
2019/05/06	52.80	53.97	51.74	52.50	1165407	61181320.00
2019/05/07	53.00	54.44	52.00	52.97	703249	37338556.00
2019/05/08	52.50	54.26	52.40	53.99	462509	24790512.00
2019/05/09	54.00	55.90	54.00	54.75	448175	24575262.00
2019/05/10	54.69	55.82	54.00	55.49	519852	28602092.00
2019/05/13	55.32	56.65	55.14	56.43	424549	23774206.00
2019/05/14	56.64	56.99	55.84	56.50	305165	17211242.00
2019/05/15	56.44	58.13	56.41	57.64	445299	25554416.00
2019/05/16	58.00	59.19	57.40	58.98	452999	26384510.00
2019/05/17	59.20	59.58	57.85	58.02	377400	22057096.00
2019/05/20	59.72	61.99	59.03	61.92	726870	44102060.00
2019/05/21	61.97	68.00	61.96	67.45	1038369	68715336.00
2019/05/22	67.98	69.50	65.52	68.68	994723	67022220.00
2019/05/23	68.95	69.00	66.30	67.30	486464	32964098.00
2019/05/24	67.30	69.15	67.27	68.88	415996	28412410.00
2019/05/27	69.19	70.00	66.27	67.80	876876	59180244.00
2019/05/28	41.00	41.00	39.02	40.33	645115	25772674.00
2019/05/29	40.99	44.36	40.50	44.36	1209333	51600172.00
2019/05/30	46.00	48.00	44.36	45.02	2088500	96631824.00
2019/05/31	45.55	47.38	44.95	45.98	1272910	58619408.00
2019/06/03	45.65	46.93	45.11	45.40	1194497	54802208.00
2019/06/04	45.87	46.49	44.29	44.75	1111777	49971948.00
2019/06/05	45.88	45.88	43.75	43.80	1349495	59760552.00
2019/06/06	44.00	45.45	43.20	43.96	1127438	49809644.00
2019/06/10	43.74	44.48	41.76	42.95	1621788	69332824.00
2019/06/11	43.00	44.45	41.31	42.80	1664679	70953232.00
2019/06/12	43.49	44.81	42.98	43.84	1091986	48039380.00
2019/06/13	43.85	45.90	43.50	45.59	1110400	50247892.00
2019/06/14	45.66	46.50	45.30	45.98	810288	37125332.00
2019/06/17	46.09	48.99	46.09	48.50	1257921	60300708.00
2019/06/18	49.30	49.48	43.65	46.59	2379571	110184864.00
2019/06/19	46.60	49.50	46.59	48.96	2017821	97625120.00
2019/06/20	49.03	49.86	48.00	49.38	1280970	62618780.00
2019/06/21	54.00	54.00	44.44	44.55	4959989	237567680.00
2019/06/24	42.01	43.50	40.10	40.10	2979990	123008656.00
2019/06/25	39.30	39.45	37.12	38.94	1905546	73387160.00
2019/06/26	38.88	41.00	38.50	40.48	1366200	54868856.00
2019/06/27	41.75	41.75	40.54	40.93	658790	26972286.00
2019/06/28	40.92	41.02	39.41	39.65	821525	32795498.00
2019/07/01	40.89	40.89	39.07	39.34	1017320	40024908.00
2019/07/02	39.33	40.00	38.74	38.80	767727	30012772.00
2019/07/03	38.76	39.28	38.22	38.39	599685	23158090.00
2019/07/04	38.10	39.00	36.69	37.35	919287	34438816.00
2019/07/05	37.70	38.10	37.23	37.53	771265	29034412.00
2019/07/08	37.32	37.65	36.19	37.09	918520	33960668.00
2019/07/09	37.09	37.45	35.38	36.18	1196134	43206080.00
2019/07/10	36.19	37.46	36.05	36.61	1055821	38889400.00
2019/07/11	36.30	37.25	36.30	36.72	779364	28770178.00
2019/07/12	37.19	37.19	35.90	36.30	650920	23651702.00
2019/07/15	36.30	36.41	33.56	35.83	1080633	38223908.00
2019/07/16	36.19	36.80	35.11	35.84	855753	30844534.00
2019/07/17	35.55	36.00	34.97	35.19	640657	22687188.00
2019/07/18	35.37	35.37	34.20	34.55	809310	28149230.00
2019/07/19	34.57	35.07	34.00	34.00	621630	21382722.00
2019/07/22	34.27	34.68	31.78	32.90	1448172	47584696.00
2019/07/23	32.83	35.35	32.82	34.65	1808418	61827008.00
2019/07/24	34.78	35.67	34.23	34.40	952220	33193100.00
2019/07/25	34.33	34.72	33.30	34.10	726477	24607540.00
2019/07/26	34.09	34.42	33.42	33.89	629430	21349538.00
2019/07/29	33.89	34.50	33.10	33.13	599684	20109078.00
2019/07/30	33.03	34.30	32.90	33.87	694872	23476010.00
2019/07/31	33.87	34.29	33.10	34.07	683293	23079038.00
2019/08/01	33.49	34.25	33.47	33.80	555451	18738068.00
2019/08/02	33.40	33.70	33.02	33.30	540040	17925762.00
2019/08/05	33.60	33.72	32.83	33.08	400676	13315263.00
2019/08/06	33.00	33.00	30.92	31.87	833102	26424954.00
2019/08/07	31.99	32.60	31.27	31.80	497408	15772243.00
2019/08/08	32.36	32.38	31.35	31.84	281758	8937855.00
2019/08/09	31.84	35.02	31.80	35.02	2759952	95223992.00
2019/08/12	35.05	38.00	34.11	35.05	1908154	67451776.00
2019/08/13	35.05	35.30	34.30	34.69	756329	26238040.00
2019/08/14	34.80	35.32	34.26	34.71	1003838	34808740.00
2019/08/15	34.50	36.63	34.28	35.39	1698928	60649268.00
2019/08/16	34.96	36.53	34.25	34.40	1395143	48327548.00
2019/08/19	34.40	34.69	33.62	34.18	1502451	51196620.00
2019/08/20	34.24	34.35	32.80	33.05	1769127	59046676.00
2019/08/21	33.05	33.50	32.50	33.24	1190918	39540036.00
2019/08/22	33.25	34.48	33.25	33.86	1790515	60795252.00
2019/08/23	33.80	34.10	33.41	33.86	812805	27461552.00
2019/08/26	33.10	33.68	32.81	33.40	550645	18319980.00
2019/08/27	33.54	34.54	33.54	34.43	1243480	42635588.00
2019/08/28	34.19	34.75	34.15	34.63	954484	32918250.00
2019/08/29	35.96	35.96	34.60	34.62	2174838	76819528.00
2019/08/30	34.30	34.30	33.06	33.40	1359401	45850592.00
2019/09/02	33.82	34.98	33.14	34.69	1421211	48914532.00
2019/09/03	35.56	36.86	34.96	35.37	3377882	120670440.00
2019/09/04	34.88	35.59	34.25	35.14	1827642	63764432.00
2019/09/05	35.39	35.39	34.52	34.80	1577268	54933004.00
2019/09/06	34.77	35.99	34.54	35.12	1159294	40450512.00
2019/09/09	35.12	35.30	34.80	34.90	933185	32565568.00
2019/09/10	34.80	35.20	34.50	34.65	827760	28726548.00
2019/09/11	34.80	34.80	34.40	34.41	675360	23312346.00
2019/09/12	34.30	35.20	34.30	35.01	1256168	43775908.00
2019/09/16	35.20	35.99	34.79	35.73	1595251	56667208.00
2019/09/17	35.47	36.20	35.27	35.50	1049220	37473800.00
2019/09/18	36.03	36.78	35.28	35.36	1737571	62224408.00
2019/09/19	35.50	35.99	34.60	34.81	1126420	39369076.00
2019/09/20	34.80	35.01	33.73	34.10	1167790	40038156.00
2019/09/23	34.05	34.07	33.00	33.03	816158	27099146.00
2019/09/24	33.13	33.35	32.76	32.96	623420	20548314.00
2019/09/25	32.85	33.04	31.90	32.20	938222	30271866.00
2019/09/26	32.20	32.77	31.80	31.96	668090	21421476.00
2019/09/27	31.80	32.31	31.60	31.93	495730	15785813.00
2019/09/30	31.74	32.20	31.74	31.94	307460	9841823.00
2019/10/08	32.02	32.80	32.02	32.39	405500	13138657.00
2019/10/09	32.75	33.39	32.50	32.88	697600	22960432.00
2019/10/10	32.83	32.95	32.47	32.51	440674	14358381.00
2019/10/11	32.58	33.10	32.18	32.40	367120	11901063.00
2019/10/14	32.40	33.58	32.40	32.59	555800	18266226.00
2019/10/15	32.33	32.77	32.00	32.30	320340	10346453.00
2019/10/16	32.30	32.60	31.52	31.74	369160	11768349.00
2019/10/17	31.75	31.99	30.70	30.86	856090	26586094.00
2019/10/18	30.69	30.92	29.87	29.88	659810	19938362.00
2019/10/21	29.94	29.98	28.89	29.35	1041410	30448724.00
2019/10/22	29.44	32.00	29.30	30.98	2508530	76863776.00
2019/10/23	30.45	31.72	30.26	30.50	912080	28129616.00
2019/10/24	30.58	30.99	30.17	30.42	957200	29317602.00
2019/10/25	30.25	30.50	29.55	29.79	1522440	45379520.00
2019/10/28	29.62	29.79	29.39	29.70	649130	19190704.00
2019/10/29	29.75	29.75	28.81	29.00	836200	24309318.00
2019/10/30	28.97	29.50	28.00	28.56	907880	25973658.00
2019/10/31	28.56	29.46	28.40	28.70	1635323	47560676.00
2019/11/01	28.64	28.66	28.00	28.45	691500	19572308.00
2019/11/04	28.63	28.63	27.26	27.40	1608400	44518352.00
2019/11/05	27.40	27.95	27.03	27.35	819153	22454840.00
2019/11/06	27.45	27.45	26.12	26.54	1360540	36114460.00
2019/11/07	26.50	26.87	26.40	26.55	695870	18506148.00
2019/11/08	26.70	27.27	26.60	27.13	972960	26354900.00
2019/11/11	27.05	27.27	26.15	26.30	743668	19758492.00
2019/11/12	26.42	26.78	25.67	26.19	854368	22290380.00
2019/11/13	26.40	26.52	25.90	26.21	858050	22467744.00
2019/11/14	26.18	26.37	25.90	26.22	540813	14122723.00
2019/11/15	26.10	26.40	25.80	26.00	631320	16427440.00
2019/11/18	26.00	26.45	25.85	26.04	660507	17220786.00
2019/11/19	26.36	27.08	26.04	26.49	1125390	29901162.00
2019/11/20	26.49	26.89	26.20	26.44	778900	20633352.00
2019/11/21	26.40	26.59	25.93	26.13	546830	14291380.00
2019/11/22	26.23	26.30	25.70	25.89	792697	20510544.00
2019/11/25	25.70	25.81	25.02	25.20	663500	16805230.00
2019/11/26	25.28	25.55	25.19	25.41	533850	13558865.00
2019/11/27	25.29	25.92	25.16	25.60	774992	19841302.00
2019/11/28	25.60	25.81	25.39	25.59	332700	8515542.00
2019/11/29	25.65	25.83	25.21	25.65	611680	15544628.00
2019/12/02	25.77	25.78	25.33	25.69	626590	16000284.00
2019/12/03	25.55	25.90	25.26	25.79	555358	14195685.00
2019/12/04	25.58	25.95	25.56	25.85	436970	11279145.00
2019/12/05	25.96	26.05	25.79	25.93	442480	11448708.00
2019/12/06	25.89	26.46	25.85	26.46	841470	21998146.00
2019/12/09	26.20	26.70	26.16	26.33	729320	19235628.00
2019/12/10	26.23	26.42	25.85	26.30	712430	18563922.00
2019/12/11	26.30	27.45	26.15	27.36	1133092	30538474.00
2019/12/12	27.45	28.80	27.10	27.78	2051350	57708732.00
2019/12/13	27.79	28.08	27.20	27.72	1070540	29512744.00
2019/12/16	27.71	27.84	27.32	27.56	809498	22320392.00
2019/12/17	28.00	28.58	27.72	28.58	1580681	44545744.00
2019/12/18	28.60	28.85	28.20	28.39	1479790	42234928.00
2019/12/19	28.39	28.66	28.13	28.31	750970	21323732.00
2019/12/20	28.15	28.56	28.05	28.31	564620	16011991.00
2019/12/23	28.20	28.20	27.34	27.50	722498	19986476.00
2019/12/24	27.50	27.95	27.35	27.73	508140	14069077.00
2019/12/25	27.56	27.88	27.32	27.47	1096862	30237578.00
2019/12/26	27.47	27.89	27.27	27.76	520450	14406834.00
2019/12/27	27.76	27.96	27.48	27.51	559410	15524874.00
2019/12/30	27.49	27.75	27.21	27.51	392300	10793035.00
2019/12/31	27.40	27.78	26.98	27.38	806500	21980158.00
2020/01/02	27.48	28.17	27.48	27.84	737080	20534758.00
2020/01/03	27.70	28.38	27.62	28.25	794282	22211366.00
2020/01/06	28.01	28.17	27.80	27.97	813969	22733866.00
2020/01/07	27.98	28.17	27.85	28.11	763840	21411820.00
2020/01/08	28.01	28.05	27.29	27.48	810060	22435032.00
2020/01/09	27.48	28.08	27.48	28.01	580630	16192520.00
2020/01/10	28.25	28.25	27.73	27.81	534320	14913994.00
2020/01/13	27.79	27.79	27.40	27.56	497100	13682762.00
2020/01/14	27.68	28.00	27.62	27.85	691600	19258428.00
2020/01/15	27.81	27.82	27.28	27.50	498697	13698231.00
2020/01/16	27.75	27.98	27.46	27.53	494550	13688283.00
2020/01/17	27.45	27.62	27.02	27.37	493829	13479719.00
2020/01/20	27.34	27.42	27.02	27.38	376060	10260541.00
2020/01/21	27.80	27.80	27.17	27.26	505962	13855152.00
2020/01/22	27.13	27.24	26.70	26.81	501450	13471113.00
2020/01/23	27.17	27.18	25.47	26.78	960238	25037426.00
2020/02/03	24.10	24.10	24.10	24.10	185800	4477780.00
2020/02/04	22.89	23.48	22.31	22.78	1361620	31101542.00
2020/02/05	22.92	23.48	22.80	23.15	932617	21551522.00
2020/02/06	23.05	25.44	23.04	24.81	1496560	36497948.00
2020/02/07	24.86	26.48	24.81	25.80	1709820	43656100.00
2020/02/10	25.73	25.73	25.09	25.28	901000	22837880.00
2020/02/11	25.41	25.60	24.82	25.25	1252180	31507010.00
2020/02/12	25.42	26.19	25.12	25.90	1886454	48724784.00
2020/02/13	25.68	25.92	25.15	25.24	948450	24155856.00
2020/02/14	25.13	25.85	25.13	25.28	998260	25421452.00
2020/02/17	25.22	25.67	25.03	25.53	1187250	30270908.00
2020/02/18	25.53	25.74	25.38	25.53	933543	23824318.00
2020/02/19	25.34	25.80	25.16	25.19	834500	21184638.00
2020/02/20	25.43	25.59	25.01	25.28	853440	21522078.00
2020/02/21	25.28	26.09	25.27	25.62	1569480	40243428.00
2020/02/24	25.60	25.60	25.15	25.32	1094829	27739642.00
2020/02/25	25.21	26.20	24.30	25.92	2042943	51447844.00
2020/02/26	25.58	25.69	25.11	25.21	1267910	32156482.00
2020/02/27	25.20	25.39	24.80	25.19	864235	21643576.00
2020/02/28	24.63	24.86	23.90	24.00	1020900	24801004.00
2020/03/02	24.00	24.63	24.00	24.34	602940	14720208.00
2020/03/03	24.64	25.17	24.44	24.76	823220	20463214.00
2020/03/04	24.75	25.20	24.30	24.78	682350	16813082.00
2020/03/05	24.89	25.32	24.80	25.09	1005805	25115888.00
2020/03/06	24.81	25.05	24.75	24.82	569260	14167873.00
2020/03/09	24.59	24.68	23.98	23.99	860700	20885286.00
2020/03/10	23.95	24.27	23.40	24.18	1075220	25632094.00
2020/03/11	24.26	26.60	24.16	26.60	3341183	86256120.00
2020/03/12	26.68	29.26	26.00	28.20	7324059	203376768.00
2020/03/13	26.47	28.28	26.10	27.36	2878311	78486744.00
2020/03/16	27.88	29.00	26.31	26.57	2519057	69670256.00
2020/03/17	27.00	27.17	25.25	25.70	2251990	58474440.00
2020/03/18	25.98	27.00	25.54	25.84	2083650	54823968.00
2020/03/19	25.58	26.00	24.77	25.67	1750060	44696328.00
2020/03/20	25.85	26.45	25.44	26.40	1455715	37830652.00
2020/03/23	26.10	26.10	24.40	24.60	1717340	43258728.00
2020/03/24	25.10	25.18	24.12	24.69	1177150	29036764.00
2020/03/25	24.89	25.28	24.60	24.88	868650	21599668.00
2020/03/26	24.70	26.00	24.70	25.62	1697720	43444800.00
2020/03/27	25.99	26.24	25.34	25.36	804700	20640106.00
2020/03/30	24.91	25.30	24.50	25.00	506516	12561042.00
2020/03/31	25.05	25.38	25.00	25.08	362110	9096998.00
2020/04/01	25.07	25.33	24.78	24.80	448670	11241731.00
2020/04/02	24.80	24.94	24.40	24.75	627250	15460677.00
2020/04/03	24.74	26.08	24.70	25.81	1339150	34276588.00
2020/04/07	25.82	27.48	25.82	26.75	2345040	63245624.00
2020/04/08	26.83	27.80	26.46	27.06	2227470	60558964.00
2020/04/09	27.30	27.36	26.82	27.06	1056920	28703314.00
2020/04/10	27.07	27.48	26.33	26.55	1104120	29548832.00
2020/04/13	26.34	26.88	25.90	25.90	869900	22767360.00
2020/04/14	25.92	26.18	25.74	25.92	854560	22139150.00
2020/04/15	25.89	26.80	25.89	26.26	958690	25267644.00
2020/04/16	26.18	26.72	25.84	26.26	729900	19014412.00
2020/04/17	26.01	26.54	26.01	26.15	739980	19392560.00
2020/04/20	26.20	26.85	25.96	26.76	1215780	32247984.00
2020/04/21	26.80	27.37	26.23	26.60	796240	21104838.00
2020/04/22	26.42	27.10	26.08	26.98	843600	22596320.00
2020/04/23	26.90	27.22	26.60	26.62	961790	25793036.00
2020/04/24	26.42	27.50	26.16	26.96	2055190	54913076.00
2020/04/27	26.86	27.01	25.80	25.91	1374117	36048292.00
2020/04/28	25.78	25.90	24.48	24.75	1523520	38020008.00
2020/04/29	24.60	25.16	24.60	24.83	472760	11745518.00
2020/04/30	25.57	25.74	24.82	25.08	665950	16670971.00
2020/05/06	24.97	25.66	24.70	25.54	719120	18208680.00
2020/05/07	25.50	25.50	24.96	25.20	839848	21173102.00
2020/05/08	25.11	25.68	25.01	25.50	866670	21987226.00
2020/05/11	25.50	28.05	25.50	27.04	3559528	96690280.00
2020/05/12	26.98	27.19	26.31	26.55	1641230	43745776.00
2020/05/13	26.65	27.20	26.03	26.95	1543410	41496032.00
2020/05/14	27.80	27.80	26.16	26.16	1495770	39648480.00
2020/05/15	26.18	27.19	25.90	26.75	2067050	54878016.00
2020/05/18	26.76	27.09	26.30	26.42	979950	26060520.00
2020/05/19	26.60	26.79	26.30	26.54	604770	16042196.00
2020/05/20	26.30	26.88	26.12	26.23	971381	25687810.00
2020/05/21	26.21	26.39	25.40	25.75	1350570	34956132.00
2020/05/22	25.50	25.70	24.92	25.49	960654	24247756.00
2020/05/25	25.25	25.47	24.91	25.39	554544	13984172.00
2020/05/26	25.30	26.40	25.02	26.20	1337090	34745356.00
2020/05/27	26.20	26.45	25.65	25.99	805100	20963524.00
2020/05/28	26.25	26.25	25.59	26.05	952000	24638408.00
2020/05/29	26.08	27.00	25.94	26.84	1917370	51031412.00
2020/06/01	27.00	27.50	26.88	27.26	2189590	59696968.00
2020/06/02	28.00	29.99	27.32	29.99	3867060	111656752.00
2020/06/03	31.65	31.65	28.93	30.22	4801300	144163392.00
2020/06/04	30.20	31.88	29.73	30.15	2814748	86836528.00
2020/06/05	30.66	31.10	30.04	30.19	1833850	55895772.00
2020/06/08	30.20	31.24	30.01	30.54	1859510	56674544.00
2020/06/09	30.60	31.37	29.95	30.94	1917690	59248128.00
2020/06/10	31.19	33.30	30.93	32.20	2295770	73886112.00
2020/06/11	32.40	34.50	32.00	33.57	3263260	109312152.00
2020/06/12	32.96	33.78	32.18	33.59	2342901	77752848.00
2020/06/15	33.58	33.95	31.82	31.90	2064870	67599776.00
2020/06/16	32.46	33.62	32.46	32.90	1834420	60524256.00
2020/06/17	32.65	33.89	32.20	33.17	1798670	59764108.00
2020/06/18	33.55	33.78	32.50	33.30	994020	33118000.00
2020/06/19	33.27	36.10	32.83	35.43	2769675	95981024.00
2020/06/22	35.60	35.88	34.81	35.35	1609722	56817988.00
2020/06/23	35.64	36.66	35.17	35.81	1724215	61818660.00
2020/06/24	35.81	36.31	35.35	35.82	845350	30193594.00
2020/06/29	35.59	35.59	33.02	33.50	2517330	86053936.00
2020/06/30	33.73	34.16	32.40	33.20	2293100	75844400.00
2020/07/01	33.28	33.45	32.61	32.96	1188840	39162132.00
2020/07/02	32.98	33.53	32.12	33.17	2269610	74733480.00
2020/07/03	33.45	33.89	32.60	32.76	975868	32181700.00
2020/07/06	33.19	34.09	32.61	33.93	1825592	60916504.00
2020/07/07	33.98	34.48	33.28	33.47	1996902	66906884.00
2020/07/08	33.00	33.90	31.71	33.48	2431850	80449616.00
2020/07/09	33.30	35.79	33.30	35.18	3090400	106314008.00
2020/07/10	35.25	38.60	34.80	37.20	2804292	102672352.00
2020/07/13	36.81	40.92	36.81	39.20	4185131	162957616.00
2020/07/14	38.02	39.33	37.55	38.24	2326039	88966184.00
2020/07/15	38.42	39.19	37.45	38.58	1984639	76155888.00
2020/07/16	38.41	38.97	36.18	36.55	2073396	78141464.00
2020/07/17	36.75	37.23	35.31	36.00	1452410	52297260.00
2020/07/20	36.00	38.24	36.00	38.10	1587973	59585788.00
2020/07/21	38.25	38.98	37.87	38.20	828432	31733110.00
2020/07/22	38.00	39.80	37.91	39.79	1920104	74301464.00
2020/07/23	39.35	40.38	39.00	39.31	1612070	63607300.00
2020/07/24	39.00	39.93	37.50	37.63	1765700	67987080.00
2020/07/27	37.90	38.70	37.52	38.17	1620860	61894412.00
2020/07/28	38.86	39.20	37.60	38.00	1229070	46812244.00
2020/07/29	38.20	38.80	37.49	38.66	980990	37610816.00
2020/07/30	38.46	40.28	38.42	39.34	1497010	58852428.00
2020/07/31	39.73	41.68	38.68	39.34	1191760	46809532.00
2020/08/03	39.10	40.39	38.69	38.99	1680290	65651528.00
2020/08/04	38.99	39.10	38.12	38.15	1069035	41125992.00
2020/08/05	38.00	39.66	36.80	39.28	2228331	85069736.00
2020/08/06	38.76	39.70	37.80	38.63	1317000	50732288.00
2020/08/07	38.30	38.40	37.01	37.93	1071070	40573736.00
2020/08/10	37.94	38.85	37.74	38.65	1072130	41257140.00
2020/08/11	38.40	39.60	37.72	38.46	1609197	61809140.00
2020/08/12	38.40	38.53	37.20	37.71	1152794	43359568.00
2020/08/13	37.99	39.80	37.53	37.86	1424900	55341316.00
2020/08/14	37.80	38.14	37.15	37.89	867350	32614084.00
2020/08/17	37.89	38.98	37.15	37.42	1162500	43739652.00
2020/08/18	37.42	37.90	36.61	37.36	849840	31594294.00
2020/08/19	37.36	37.66	35.97	36.22	1650172	60435536.00
2020/08/20	36.21	36.29	34.59	34.71	1786584	63016704.00
2020/08/21	35.00	36.00	34.61	34.90	1144480	40249480.00
2020/08/24	34.90	35.98	34.00	34.98	1227364	42726528.00
2020/08/25	35.10	35.43	34.39	34.86	773060	27033650.00
2020/08/26	35.21	35.24	34.06	34.40	700360	24239394.00
2020/08/27	34.20	34.84	34.01	34.60	457480	15772875.00
2020/08/28	34.81	35.80	34.32	35.53	946050	33403852.00
2020/08/31	35.50	37.25	35.41	36.40	1956020	71555352.00
2020/09/01	36.50	37.15	36.04	36.61	805810	29583268.00
2020/09/02	36.60	36.96	35.90	36.80	848950	30979858.00
2020/09/03	37.20	37.20	36.30	36.40	540570	19801288.00
2020/09/04	36.04	36.58	35.62	35.90	485210	17424526.00
2020/09/07	35.90	36.54	34.89	35.41	1004440	35770172.00
2020/09/08	35.21	35.50	34.86	35.10	668700	23466928.00
2020/09/09	34.50	35.85	34.18	35.28	941120	32949190.00
2020/09/10	36.57	36.57	33.13	33.48	1835410	63319352.00
2020/09/11	33.50	34.58	33.15	34.02	1433206	48484708.00
2020/09/14	34.54	35.88	34.22	35.49	1034400	36498292.00
2020/09/15	35.49	35.91	35.11	35.15	770000	27284004.00
2020/09/16	35.75	35.75	33.78	33.96	1060710	36525812.00
2020/09/17	34.00	34.48	33.64	34.33	534040	18190846.00
2020/09/18	34.05	37.52	34.01	36.13	2050962	74247744.00
2020/09/21	35.57	36.42	35.51	35.90	1256010	45133196.00
2020/09/22	35.60	37.67	35.50	36.71	1826570	66908444.00
2020/09/23	38.09	39.50	36.21	36.90	3152250	117909992.00
2020/09/24	36.22	36.22	33.26	33.29	3025801	104201232.00
2020/09/25	33.30	33.41	32.32	32.55	1556650	50928296.00
2020/09/28	32.60	32.72	31.33	31.76	1067042	34087448.00
2020/09/29	31.85	32.15	31.22	31.68	951070	30181728.00
2020/09/30	31.95	33.33	31.55	32.90	1137212	37045672.00
2020/10/09	33.12	33.72	32.40	32.63	1176109	38430448.00
2020/10/12	33.58	34.50	33.07	33.30	1627452	54554124.00
2020/10/13	33.00	33.38	32.11	32.29	1605772	51987628.00
2020/10/14	32.34	33.49	32.23	33.11	1383070	45754628.00
2020/10/15	33.14	33.18	32.00	32.02	872920	28243866.00
2020/10/16	32.60	34.24	31.79	33.98	2792771	92678624.00
2020/10/19	33.74	34.85	32.70	32.99	2173951	72988224.00
2020/10/20	32.50	33.18	32.18	32.99	885243	28842850.00
2020/10/21	32.60	33.98	32.60	33.70	1549632	51616092.00
2020/10/22	33.07	36.01	33.07	35.30	2592611	90274544.00
2020/10/23	35.89	36.30	34.83	35.00	1817576	64606408.00
2020/10/26	34.41	35.35	34.11	34.69	1066970	36987712.00
2020/10/27	34.91	35.75	34.61	35.09	1136870	40137480.00
2020/10/28	35.32	35.63	34.94	35.38	778162	27422550.00
2020/10/29	35.10	35.90	34.70	35.38	1342770	47597296.00
2020/10/30	35.45	35.55	34.40	35.17	858570	29923030.00
2020/11/02	35.18	36.80	34.49	36.18	2613501	93822496.00
2020/11/03	36.51	37.46	36.51	36.87	2493470	92495776.00
2020/11/04	36.38	38.23	36.38	37.94	2506359	94443680.00
2020/11/05	38.25	39.39	38.25	38.74	2254610	87364216.00
2020/11/06	38.58	39.18	38.35	38.71	1037000	40087852.00
2020/11/09	39.00	39.86	38.70	39.08	2090460	81990880.00
2020/11/10	39.02	40.23	38.50	40.01	2288100	90463480.00
2020/11/11	40.01	41.15	39.75	40.20	1511097	60858008.00
2020/11/12	40.28	44.00	40.28	43.35	4610012	195835360.00
2020/11/13	43.46	45.40	42.50	44.94	4764326	210930320.00
2020/11/16	45.76	46.79	45.00	46.70	4083037	187713488.00
2020/11/17	46.50	47.20	46.25	46.96	1804240	84337904.00
2020/11/18	47.20	47.66	45.17	45.17	2614350	120091792.00
2020/11/19	45.57	45.99	44.43	45.70	2027052	92003416.00
2020/11/20	45.72	46.50	45.24	45.86	1329960	61019792.00
2020/11/23	46.48	46.48	45.10	45.20	1039600	47398980.00
2020/11/24	45.40	46.12	45.07	45.53	1148890	52298760.00
2020/11/25	45.35	45.98	45.00	45.13	1022950	46381228.00
2020/11/26	45.01	45.50	43.00	43.52	1843550	81111320.00
2020/11/27	44.00	44.60	42.80	44.20	1613510	70379600.00
2020/11/30	44.86	44.86	43.40	43.69	1364050	59831080.00
2020/12/01	44.20	45.58	44.00	45.11	1091175	49039928.00
2020/12/02	45.28	46.40	44.78	46.25	1498470	68623448.00
2020/12/03	46.02	46.90	44.85	44.90	1645546	75319368.00
2020/12/04	44.90	45.95	44.00	45.77	855006	38814992.00
2020/12/07	46.00	46.49	45.35	45.80	746350	34221316.00
2020/12/08	45.81	46.03	45.25	45.40	775220	35329820.00
2020/12/09	45.41	45.87	43.17	44.00	1514190	67221992.00
2020/12/10	44.00	44.28	43.02	43.03	1208650	52491564.00
2020/12/11	43.40	44.00	42.25	42.83	1627950	69755016.00
2020/12/14	42.50	43.52	42.30	43.29	559080	24049062.00
2020/12/15	43.25	44.45	42.87	44.08	670760	29541226.00
2020/12/16	43.98	44.45	43.20	43.30	649800	28366170.00
2020/12/17	43.30	43.57	42.30	43.21	786350	33859408.00
2020/12/18	43.22	45.96	43.01	45.20	1587685	71067496.00
2020/12/21	45.22	46.00	45.00	45.20	956150	43428632.00
2020/12/22	45.01	45.55	43.50	43.70	1084940	48241060.00
2020/12/23	44.92	44.92	43.70	44.03	848284	37441496.00
2020/12/24	44.03	44.41	43.20	43.20	954875	41491216.00
2020/12/25	43.21	43.75	42.76	42.97	794000	34185168.00
2020/12/28	42.97	43.18	41.70	42.02	984092	41635652.00
2020/12/29	42.44	42.99	41.33	41.61	1004120	41972728.00
2020/12/30	41.61	42.55	41.00	41.46	830000	34660748.00
2020/12/31	41.46	44.88	41.46	44.72	1744474	75773632.00
2021/01/04	44.75	46.38	44.72	45.13	1240510	56431700.00
2021/01/05	44.61	45.44	44.08	44.20	853600	38002360.00
2021/01/06	44.11	44.80	42.65	42.72	1144860	49619476.00
2021/01/07	42.53	43.04	41.91	42.26	787871	33304194.00
2021/01/08	41.75	43.90	41.71	43.50	1024809	43726804.00
2021/01/11	44.10	45.47	43.42	43.61	2046710	91399584.00
2021/01/12	43.50	45.01	42.50	44.99	1212001	54013476.00
2021/01/13	45.07	46.48	45.05	45.25	1566740	71459864.00
2021/01/14	46.00	52.69	46.00	50.94	3439980	169527856.00
2021/01/15	51.98	52.33	49.33	49.56	2089424	105398696.00
2021/01/18	49.57	52.50	49.57	51.95	1719240	88538688.00
2021/01/19	52.45	57.10	52.45	56.79	2984056	162489120.00
2021/01/20	56.79	57.68	54.99	56.49	2044806	114841872.00
2021/01/21	56.91	57.00	52.00	52.14	2858478	152397760.00
2021/01/22	52.14	53.90	51.43	53.56	1380826	73030464.00
2021/01/25	53.37	53.37	43.56	48.40	3882993	186709328.00
2021/01/26	47.00	48.23	46.22	46.57	1620133	76247320.00
2021/01/27	47.00	48.49	46.38	47.10	889360	42036948.00
2021/01/28	46.72	48.37	46.20	46.90	804458	38087916.00
2021/01/29	46.87	48.57	46.87	48.56	932080	44626140.00
2021/02/01	48.00	50.96	48.00	49.91	964098	47951876.00
2021/02/02	49.00	49.00	44.02	45.89	2044033	94223728.00
2021/02/03	45.52	46.43	44.06	44.40	1368792	61625316.00
2021/02/04	43.00	44.61	42.00	42.78	1553270	67152136.00
2021/02/05	43.19	44.27	41.80	42.70	957200	41269672.00
2021/02/08	42.70	43.55	42.31	42.95	755340	32554072.00
2021/02/09	43.20	43.35	41.83	42.00	826340	35218248.00
2021/02/10	42.11	44.38	41.93	44.01	827820	35779624.00
2021/02/18	43.81	45.44	43.81	44.06	837476	37333732.00
2021/02/19	44.25	46.56	43.51	46.37	1193928	54280176.00
2021/02/22	46.20	47.30	46.03	46.44	1075340	50321568.00
2021/02/23	46.30	46.63	44.88	45.10	750078	34263588.00
2021/02/24	45.00	45.48	44.66	44.70	544870	24560800.00
2021/02/25	44.71	46.75	44.71	46.15	927120	42405360.00
2021/02/26	47.09	49.80	47.08	48.17	1653463	80368944.00
2021/03/01	47.20	49.00	47.20	47.55	1006030	48356240.00
2021/03/02	47.90	47.90	46.56	47.04	660120	30924116.00
2021/03/03	46.57	47.50	45.88	47.16	528850	24889980.00
2021/03/04	47.10	47.10	45.85	46.09	513770	23843956.00
2021/03/05	45.91	46.49	44.68	44.98	716440	32324334.00
2021/03/08	45.18	46.94	45.11	45.81	936750	43195440.00
2021/03/09	45.70	47.00	45.07	46.40	1050200	48470284.00
2021/03/10	46.45	47.86	45.84	45.85	1196400	56247788.00
2021/03/11	44.25	45.79	44.20	44.28	1028606	45816780.00
2021/03/12	44.28	44.54	43.08	43.48	697250	30486784.00
2021/03/15	43.70	44.60	42.86	43.22	529810	22973672.00
2021/03/16	43.64	43.69	43.16	43.30	363050	15738204.00
2021/03/17	43.73	44.50	43.51	44.10	431500	19005340.00
2021/03/18	44.10	44.35	43.34	43.50	427220	18673048.00
2021/03/19	43.08	43.55	42.33	42.78	528850	22674122.00
2021/03/22	42.99	43.61	42.49	43.09	336050	14485458.00
2021/03/23	42.80	44.39	42.44	43.82	1003433	43860836.00
2021/03/24	43.98	44.36	43.33	43.33	427550	18699272.00
2021/03/25	43.41	43.92	43.00	43.10	298800	12956030.00
2021/03/26	43.49	43.59	43.03	43.30	396100	17122004.00
2021/03/29	43.30	43.70	42.58	42.82	467520	20154094.00
2021/03/30	42.82	43.13	42.21	42.80	559150	23822756.00
2021/03/31	42.78	43.00	42.30	42.42	393400	16754570.00
2021/04/01	42.42	45.20	42.08	44.40	1052900	46040904.00
2021/04/02	44.96	44.96	44.16	44.41	432600	19238474.00
2021/04/06	44.80	44.80	44.00	44.03	264700	11717607.00
2021/04/07	44.48	44.66	44.08	44.30	319600	14172542.00
2021/04/08	44.49	44.49	43.57	44.06	344400	15167328.00
2021/04/09	44.25	46.58	44.08	45.40	1033970	46913980.00
2021/04/12	45.35	45.81	44.24	44.28	730900	32812306.00
2021/04/13	44.30	45.50	44.02	45.02	651100	29222972.00
2021/04/14	44.88	46.29	44.88	46.20	870490	39984116.00
2021/04/15	46.19	47.68	45.90	47.59	1006820	47464672.00
2021/04/16	47.74	49.36	47.08	48.95	1053260	50981100.00
2021/04/19	49.49	49.58	47.20	47.30	1238900	59504208.00
2021/04/20	47.06	47.90	46.69	46.89	593200	27957332.00
2021/04/21	47.49	47.49	46.16	46.28	516370	24032944.00
2021/04/22	46.27	46.94	46.20	46.60	369970	17245550.00
2021/04/23	46.79	46.79	44.50	45.38	908588	41201184.00
2021/04/26	45.38	46.10	45.00	45.34	514650	23430132.00
2021/04/27	45.22	45.62	44.60	44.74	444400	19976782.00
2021/04/28	44.74	46.30	44.30	45.16	789225	35892024.00
2021/04/29	45.96	46.10	44.12	44.28	629800	28082502.00
2021/04/30	44.28	44.40	43.58	43.84	509768	22346476.00
2021/05/06	43.79	45.20	43.25	44.50	778030	34428828.00
2021/05/07	44.50	44.88	43.63	43.68	669520	29629836.00
2021/05/10	43.78	44.37	43.11	43.11	706760	30779476.00
2021/05/11	43.30	44.38	41.50	44.03	742270	32469942.00
2021/05/12	44.02	44.79	43.80	44.09	636820	28205134.00
2021/05/13	44.09	44.09	43.52	43.53	484380	21148268.00
2021/05/14	43.10	44.00	43.10	43.20	480000	20801572.00
2021/05/17	42.33	43.49	42.13	42.13	721800	30724008.00
2021/05/18	42.13	43.68	42.02	42.88	719665	30983816.00
2021/05/19	42.85	43.22	42.18	42.44	552330	23486410.00
2021/05/20	42.56	44.33	42.39	43.78	996600	43502016.00
2021/05/21	43.55	44.16	42.73	42.75	868400	37432484.00
2021/05/24	42.75	43.30	42.45	42.45	518340	22175750.00
2021/05/25	42.30	42.96	41.85	42.49	804196	34039192.00
2021/05/26	42.49	43.08	42.30	42.69	492600	21035486.00
2021/05/27	42.51	42.96	42.28	42.62	485456	20686340.00
2021/05/28	42.65	44.27	42.65	43.55	943910	41114764.00
2021/05/31	43.60	45.35	43.60	44.98	1050850	46802868.00
2021/06/01	44.80	45.60	44.71	44.79	627100	28236018.00
2021/06/02	44.60	45.20	44.18	44.18	606750	27082156.00
2021/06/03	44.00	44.49	43.42	43.45	524800	22998008.00
2021/06/04	43.39	43.69	43.12	43.16	391600	16959408.00
2021/06/07	43.16	43.16	41.98	42.12	1009840	42797236.00
2021/06/08	42.09	42.53	41.88	42.16	569180	24016938.00
2021/06/09	42.33	42.58	42.01	42.09	374360	15796528.00
2021/06/10	42.09	42.45	41.70	42.12	466000	19576928.00
2021/06/11	42.17	44.66	41.80	43.59	1333540	57495560.00
2021/06/15	43.56	44.66	42.89	43.55	1292290	56592616.00
2021/06/16	43.58	46.58	43.58	45.00	3554720	161161040.00
2021/06/17	44.50	46.20	42.96	43.00	3136800	139868128.00
2021/06/18	43.99	43.99	42.00	42.65	1208090	51321724.00
2021/06/21	42.64	43.64	42.18	42.52	906893	38785860.00
2021/06/22	42.18	42.93	42.18	42.30	843220	35810460.00
2021/06/23	42.60	43.33	41.50	43.20	1647290	69792752.00
2021/06/24	42.20	42.91	42.18	42.23	831100	35287772.00
2021/06/25	42.19	42.50	41.87	42.19	653580	27540988.00
2021/06/28	42.20	42.37	41.88	42.11	714880	30025374.00
2021/06/29	42.11	42.11	41.36	41.42	575300	24017678.00
2021/06/30	41.50	42.42	37.50	42.42	2083115	83282592.00
2021/07/01	41.24	42.47	41.07	41.17	973090	40645744.00
2021/07/02	41.90	41.90	38.00	39.59	2457620	96712440.00
2021/07/05	38.88	39.61	38.20	38.88	1214700	47245128.00
2021/07/06	38.88	46.00	38.25	42.36	3779150	158097792.00
2021/07/07	40.43	41.99	40.07	41.19	2320050	95162456.00
2021/07/08	41.13	41.47	40.18	40.60	1292721	52518356.00
2021/07/09	40.74	41.33	39.78	41.22	1167170	47459936.00
2021/07/12	40.82	42.25	40.25	41.08	917200	37963776.00
2021/07/13	41.20	43.00	40.90	42.27	1478690	62497964.00
2021/07/14	41.53	43.38	41.53	42.61	1330240	56953268.00
2021/07/15	42.78	43.00	42.31	42.60	894503	38100736.00
2021/07/16	42.90	44.40	41.98	43.80	2102480	91390304.00
2021/07/19	43.45	44.00	42.18	42.25	1449843	62423720.00
2021/07/20	42.63	43.18	42.00	42.65	876480	37431268.00
2021/07/21	42.90	42.90	42.01	42.12	1027230	43425852.00
2021/07/22	42.00	42.01	39.84	40.02	1955130	79518776.00
2021/07/23	40.00	40.53	38.90	40.53	1532480	60477784.00
2021/07/26	40.45	40.50	38.80	39.19	1087100	42689772.00
2021/07/27	39.20	39.85	38.50	38.65	865300	33758904.00
2021/07/28	38.64	38.66	36.00	37.03	875856	32742098.00
2021/07/29	37.49	37.90	37.03	37.35	635900	23851972.00
2021/07/30	37.28	38.32	37.10	38.08	749081	28359946.00
2021/08/02	38.00	38.00	36.51	37.14	1164088	43162680.00
2021/08/03	36.77	37.20	34.52	34.88	1753038	62754428.00
2021/08/04	41.86	41.86	40.89	41.86	6573388	275045920.00
2021/08/05	41.99	48.00	40.91	42.43	13050848	569994944.00
2021/08/06	40.69	41.10	38.20	38.40	7413120	289742624.00
2021/08/09	37.39	37.95	35.50	36.46	5158523	187695472.00
2021/08/10	35.98	38.96	35.66	37.37	4381313	161896960.00
2021/08/11	36.43	37.30	35.88	36.06	3187120	115568032.00
2021/08/12	35.89	37.00	35.81	36.28	2115170	76855072.00
2021/08/13	36.00	36.14	35.30	35.48	2062480	73428288.00
2021/08/16	36.19	36.63	35.42	35.58	2098974	75325048.00
2021/08/17	35.26	35.31	33.81	33.86	2044100	70638896.00
2021/08/18	34.08	34.78	32.60	33.10	2365692	79161384.00
2021/08/19	33.09	33.09	32.00	32.08	2055320	66498408.00
2021/08/20	31.90	31.90	29.16	29.46	4288827	129052968.00
2021/08/23	29.57	30.85	29.46	29.96	2619530	78758336.00
2021/08/24	30.00	30.23	29.39	29.53	1663200	49451320.00
2021/08/25	29.69	29.75	28.76	29.17	1653210	48351164.00
2021/08/26	29.08	29.30	27.92	28.81	2542920	72530216.00
2021/08/27	28.82	28.82	27.76	28.00	1747100	49113992.00
2021/08/30	27.94	29.93	27.80	28.75	3024830	87648192.00
2021/08/31	28.59	29.18	27.97	28.43	1692170	48167448.00
2021/09/01	28.10	30.74	28.10	30.39	4087920	121965240.00
2021/09/02	29.82	30.10	29.35	29.71	2536200	75203944.00
2021/09/03	29.61	34.90	29.41	31.10	4800500	152113136.00
2021/09/06	30.15	31.85	30.01	31.30	2722050	84093280.00
2021/09/07	31.03	33.37	30.71	32.30	4185579	134178520.00
2021/09/08	32.95	32.95	31.66	32.03	2270450	73062720.00
2021/09/09	32.67	33.40	31.52	31.52	2119478	68358320.00
2021/09/10	31.52	31.98	31.00	31.50	1523653	47900000.00
2021/09/13	31.21	31.89	30.82	31.48	1490090	46701552.00
2021/09/14	31.48	31.48	30.20	30.52	2155480	66032148.00
2021/09/15	30.77	31.31	30.20	31.18	1622070	49896476.00
2021/09/16	30.98	31.69	29.42	29.42	1984670	60500272.00
2021/09/17	29.14	29.60	28.81	29.37	1115300	32579948.00
2021/09/22	29.30	29.78	28.80	29.30	662462	19486488.00
2021/09/23	29.20	29.90	29.13	29.24	780812	23064108.00
2021/09/24	29.00	29.29	28.42	28.56	990470	28418902.00
2021/09/27	28.65	28.71	27.11	27.22	1494573	41250536.00
2021/09/28	27.22	27.67	27.03	27.16	786930	21443056.00
2021/09/29	27.06	27.45	25.86	25.86	1095900	28872992.00
2021/09/30	26.10	27.15	26.00	27.03	1104400	29479430.00
2021/10/08	27.85	28.55	27.11	28.09	1398785	39268916.00
2021/10/11	27.97	28.15	27.58	27.80	890080	24785014.00
2021/10/12	27.90	28.12	27.25	27.56	782000	21565728.00
2021/10/13	27.65	28.01	27.20	27.55	1114600	30728568.00
2021/10/14	27.33	28.80	27.25	27.99	1504305	42292260.00
2021/10/15	27.65	28.04	27.30	27.33	993900	27354362.00
2021/10/18	27.74	29.20	27.74	28.69	2594550	74173720.00
2021/10/19	28.93	29.10	28.17	28.55	1129400	32346516.00
2021/10/20	28.55	28.69	28.00	28.11	771200	21759050.00
2021/10/21	28.13	28.21	27.28	27.47	738000	20366176.00
2021/10/22	27.47	28.14	27.00	27.00	927500	25459152.00
2021/10/25	27.18	27.54	26.50	27.10	889200	23931448.00
2021/10/26	27.49	27.98	26.86	27.15	934800	25658020.00
2021/10/27	27.03	27.47	25.51	25.78	1375500	35959412.00
2021/10/28	25.78	26.09	25.14	25.50	884362	22473324.00
2021/10/29	25.82	26.79	25.28	26.23	1490090	38781828.00
2021/11/01	26.23	26.39	25.88	26.16	983100	25729090.00
2021/11/02	26.16	26.51	25.20	25.31	1089500	28114788.00
2021/11/03	25.32	26.36	25.31	26.28	1176610	30568596.00
2021/11/04	26.29	26.47	26.04	26.25	654450	17173440.00
2021/11/05	26.55	26.57	25.85	25.89	728010	19004130.00
2021/11/08	25.97	26.48	25.73	26.25	980480	25716030.00
2021/11/09	26.00	26.43	26.00	26.24	670400	17549196.00
2021/11/10	26.00	26.29	25.87	26.06	605500	15753641.00
2021/11/11	25.94	26.97	25.80	26.68	1043400	27698252.00
2021/11/12	26.92	27.99	26.63	27.20	1385000	37556460.00
2021/11/15	27.50	29.20	26.89	28.94	2931134	83321712.00
2021/11/16	28.80	29.60	28.55	29.20	1898865	55282504.00
2021/11/17	29.01	29.42	28.60	28.77	1024247	29574346.00
2021/11/18	28.81	28.97	27.91	28.00	1103200	31244250.00
2021/11/19	28.00	28.89	27.75	28.64	1109700	31495978.00
2021/11/22	28.60	28.61	28.00	28.35	721150	20446486.00
2021/11/23	28.35	28.80	28.00	28.66	977850	27751018.00
2021/11/24	28.57	30.30	28.50	29.78	2498828	73821752.00
2021/11/25	29.63	30.17	29.40	29.90	1291320	38521004.00
2021/11/26	29.62	29.99	29.20	29.25	1151000	33834348.00
2021/11/29	28.68	28.99	28.10	28.22	1254130	35725100.00
2021/11/30	28.40	28.93	28.09	28.30	863400	24595716.00
2021/12/01	28.30	28.55	28.10	28.45	620490	17618266.00
2021/12/02	28.60	28.88	27.55	27.70	1075200	30018164.00
2021/12/03	27.70	28.30	27.52	27.74	634500	17629592.00
2021/12/06	27.80	28.13	26.75	26.83	1199120	32548540.00
2021/12/07	26.92	27.26	26.76	26.77	610300	16435400.00
2021/12/08	26.77	27.05	26.55	26.91	461700	12396479.00
2021/12/09	27.01	27.37	26.92	27.02	593950	16099154.00
2021/12/10	27.40	27.40	26.75	27.05	748120	20173412.00
2021/12/13	27.25	27.25	26.73	26.83	778800	20986488.00
2021/12/14	26.86	27.75	26.70	27.40	1037800	28329944.00
2021/12/15	27.39	28.35	27.17	27.95	1650641	45889040.00
2021/12/16	27.85	28.45	27.71	28.31	1626300	45715068.00
2021/12/17	28.39	28.49	27.80	27.92	1058550	29603414.00
2021/12/20	27.68	28.30	27.28	27.40	1394400	38728272.00
2021/12/21	27.31	28.00	27.31	27.59	876600	24284414.00
2021/12/22	27.56	28.20	27.56	28.02	1235920	34561396.00
2021/12/23	28.09	28.11	27.00	27.12	1348700	36927764.00
2021/12/24	27.11	27.25	25.83	25.99	1542568	40449364.00
2021/12/27	25.99	26.44	25.49	26.28	890273	23141270.00
2021/12/28	26.54	29.00	26.50	27.89	3620110	101066736.00
2021/12/29	27.77	27.82	27.00	27.10	1608550	43933296.00
2021/12/30	27.46	27.46	27.04	27.25	1060200	28916506.00
2021/12/31	27.38	28.53	27.16	27.88	1887010	52652560.00
2022/01/04	28.06	30.00	28.06	29.76	4143680	121800928.00
2022/01/05	29.60	30.50	29.31	29.92	3445820	102679896.00
2022/01/06	30.10	32.58	29.50	31.08	5948455	186168320.00
2022/01/07	30.55	31.37	28.96	29.17	4919138	148013936.00
2022/01/10	28.73	30.19	28.68	29.85	2521430	74698968.00
2022/01/11	29.40	30.42	29.36	29.60	1789940	53094832.00
2022/01/12	29.83	30.29	28.68	29.68	1576250	46680748.00
2022/01/13	29.52	29.99	29.39	29.60	1347500	40003248.00
2022/01/14	29.23	29.84	29.03	29.54	920200	27148126.00
2022/01/17	29.52	29.67	29.05	29.12	1320900	38739424.00
2022/01/18	29.11	29.11	27.54	27.56	1986780	55791340.00
2022/01/19	27.91	29.89	27.50	29.70	3906650	113335344.00
2022/01/20	30.29	35.00	29.68	31.95	10966326	356101696.00
2022/01/21	32.31	35.63	31.40	34.73	8078813	269298560.00
2022/01/24	34.34	36.88	33.70	35.60	7810403	279810208.00
2022/01/25	34.58	36.48	33.79	34.05	4763092	164425312.00
2022/01/26	34.58	34.70	31.98	32.31	4508013	148559264.00
2022/01/27	32.63	33.98	31.83	31.95	4426810	144505008.00
2022/01/28	32.00	34.00	31.80	33.50	3694000	122002496.00
2022/02/07	34.85	35.48	30.00	31.25	5008620	159989472.00
2022/02/08	30.64	33.80	30.60	33.00	4309400	141951936.00
2022/02/09	32.13	33.05	31.49	32.42	2980972	95627928.00
2022/02/10	32.85	32.92	30.54	31.25	3080200	95415096.00
2022/02/11	30.87	31.09	28.99	29.23	3835110	113525360.00
2022/02/14	28.84	30.50	28.84	29.88	2359550	69994240.00
2022/02/15	29.85	29.85	28.91	29.30	1882070	55059388.00
2022/02/16	29.34	32.79	29.10	31.75	4543942	140483072.00
2022/02/17	32.53	32.96	30.95	31.16	3194900	100972376.00
2022/02/18	31.07	31.15	29.89	30.42	2065000	62486828.00
2022/02/21	30.56	31.50	29.63	30.96	2089492	64581128.00
2022/02/22	30.90	31.48	30.19	31.21	1965300	60904308.00
2022/02/23	31.00	32.50	30.69	32.30	2531850	79895872.00
2022/02/24	31.94	32.53	29.90	30.28	3033210	94608688.00
2022/02/25	30.35	32.30	30.35	31.17	2378880	74577960.00
2022/02/28	31.05	31.67	30.03	31.30	1630100	50359764.00
2022/03/01	31.30	32.93	30.82	32.58	2249420	72208368.00
2022/03/02	32.34	33.54	32.10	32.90	2310930	76094912.00
2022/03/03	33.25	33.25	32.01	32.35	2361440	76974616.00
2022/03/04	32.24	32.94	32.00	32.33	1199500	39006296.00
2022/03/07	32.25	32.79	31.58	32.13	1217500	39079304.00
2022/03/08	31.81	32.45	30.46	30.64	1754000	54978864.00
2022/03/09	30.33	31.25	28.50	29.65	1812250	54121460.00
2022/03/10	30.38	30.60	29.20	29.63	1360670	40730776.00
2022/03/11	28.99	29.27	28.17	28.93	1394770	40126296.00
2022/03/14	28.93	29.33	28.02	28.44	1299400	37140656.00
2022/03/15	28.45	30.24	27.80	28.71	2623692	76123064.00
2022/03/16	29.39	29.49	28.20	29.39	1281290	37093580.00
2022/03/17	29.42	30.81	29.42	29.85	2038380	61569224.00
2022/03/18	29.58	32.12	29.30	31.68	2722410	84398848.00
2022/03/21	31.84	34.00	31.60	33.94	3571290	118308784.00
2022/03/22	33.60	34.46	33.00	34.32	2415400	81711392.00
2022/03/23	33.95	36.07	33.00	35.96	7028631	246616880.00
2022/03/24	33.52	33.52	30.02	31.14	7626799	240137648.00
2022/03/25	30.78	31.79	30.20	30.60	3261784	100211752.00
2022/03/28	30.28	30.78	29.44	30.23	1698522	51224396.00
2022/03/29	30.20	32.29	29.76	31.95	2964028	91690192.00
2022/03/30	31.99	33.20	31.80	32.42	2982972	96933416.00
2022/03/31	32.48	33.90	31.70	32.97	3218090	106630296.00
2022/04/01	33.14	33.79	32.30	33.28	2525490	83614968.00
2022/04/06	33.00	34.00	32.58	33.26	2089700	69571096.00
2022/04/07	33.23	34.26	32.60	32.70	1633400	54207680.00
2022/04/08	32.75	34.25	32.20	33.39	2440472	80762984.00
2022/04/11	32.90	33.34	31.43	31.44	2214500	71567816.00
2022/04/12	31.28	32.50	30.81	32.20	1722195	54634356.00
2022/04/13	32.29	32.35	30.70	30.82	1404800	43890764.00
2022/04/14	30.82	31.05	30.31	30.55	864000	26454974.00
2022/04/15	30.55	30.90	29.69	30.51	1092954	33059944.00
2022/04/18	30.00	30.36	29.81	30.26	835440	25097148.00
2022/04/19	30.27	31.48	29.85	31.23	1249577	38513512.00
2022/04/20	31.31	31.78	30.88	31.19	1262440	39445288.00
2022/04/21	30.80	31.60	29.70	29.70	1412500	43017328.00
2022/04/22	29.02	30.23	28.87	29.89	1073600	31828190.00
2022/04/25	29.70	29.70	25.20	25.30	2277490	61672720.00
2022/04/26	25.25	26.49	23.50	23.75	1789775	44064148.00
2022/04/27	23.88	25.28	23.00	24.83	1622952	38819472.00
2022/04/28	25.00	25.02	23.76	23.94	1191100	28800972.00
2022/04/29	24.54	24.78	23.05	24.45	1208000	29432556.00
2022/05/05	24.45	25.18	24.00	24.68	886400	21971652.00
2022/05/06	24.40	24.65	23.76	24.13	868400	21080684.00
2022/05/09	23.86	24.78	23.86	24.28	607161	14780370.00
2022/05/10	24.11	24.50	23.70	24.20	839686	20286934.00
2022/05/11	24.27	24.92	24.08	24.10	1043395	25571952.00
2022/05/12	23.90	24.50	23.52	23.91	908700	21768440.00
2022/05/13	24.00	24.39	23.55	23.87	726700	17314240.00
2022/05/16	23.96	24.37	23.81	23.99	558700	13452463.00
2022/05/17	23.86	23.98	23.30	23.39	806690	18926220.00
2022/05/18	23.35	26.29	23.31	25.14	2217100	55270856.00
2022/05/19	25.00	25.35	24.51	24.82	1228621	30555720.00
2022/05/20	24.82	26.08	24.53	25.70	1460700	37178424.00
2022/05/23	25.65	29.06	25.30	28.68	3070166	84622104.00
2022/05/24	29.00	29.09	27.50	27.50	1549816	43726676.00
2022/05/25	27.68	29.30	27.60	28.84	1536196	43714288.00
2022/05/26	28.75	31.12	28.30	30.68	2523622	75056136.00
2022/05/27	30.99	32.20	30.20	31.70	2712950	85477424.00
2022/05/30	32.75	38.04	32.50	36.00	11154744	401873696.00
2022/05/31	36.21	40.15	34.30	39.00	12459674	465491616.00
2022/06/01	41.23	43.18	36.93	37.23	16078926	648308032.00
2022/06/02	35.90	36.50	29.78	31.00	17423848	564182464.00
2022/06/06	29.01	30.22	28.13	28.95	10092754	295062976.00
2022/06/07	29.00	29.00	27.90	28.38	5888574	166829744.00
2022/06/08	28.03	28.54	27.54	28.39	4810215	135304464.00
2022/06/09	28.28	28.28	27.50	27.50	2522560	70110696.00
2022/06/10	26.98	27.60	26.80	27.10	2920704	79454760.00
2022/06/13	27.95	28.20	27.10	27.50	2873616	79119800.00
2022/06/14	27.16	27.16	25.75	26.46	3485753	91979696.00
2022/06/15	26.47	26.66	26.07	26.08	2444051	64499836.00
2022/06/16	26.00	26.48	25.75	25.93	2245113	58539208.00
2022/06/17	25.87	25.97	25.28	25.50	2956687	75604128.00
2022/06/20	25.51	26.00	25.41	25.65	2323504	59665892.00
2022/06/21	26.00	26.20	25.38	25.95	2360229	61005304.00
2022/06/22	25.75	25.88	25.06	25.18	2250880	56992536.00
2022/06/23	25.06	25.27	24.80	25.25	1652996	41440012.00
2022/06/24	25.55	26.60	25.20	26.30	4234835	110442016.00
2022/06/27	25.93	26.48	25.83	26.06	3256402	84967576.00
2022/06/28	26.15	26.25	25.88	25.98	2005506	52158844.00
2022/06/29	26.10	26.48	25.35	25.35	2202700	57093632.00
2022/06/30	25.35	25.73	25.10	25.50	2056664	52296744.00
2022/07/01	25.60	25.75	25.11	25.33	1595718	40474872.00
2022/07/04	25.31	25.36	24.89	25.20	1391101	34865220.00
2022/07/05	25.29	25.48	24.88	25.07	1347400	33901264.00
2022/07/06	25.08	25.08	24.44	24.48	1691308	41721952.00
2022/07/07	24.50	25.50	24.14	25.01	2665459	66575600.00
2022/07/08	24.69	25.06	24.61	24.63	1560587	38637860.00
2022/07/11	24.50	24.50	24.04	24.18	1226580	29673644.00
2022/07/12	24.30	24.30	23.90	23.92	1075500	25851208.00
2022/07/13	23.86	24.39	23.86	24.25	1097353	26496688.00
2022/07/14	24.10	24.46	24.01	24.14	790000	19134944.00
2022/07/15	24.03	24.24	23.31	23.31	1739934	41060576.00
2022/07/18	23.50	24.37	23.35	24.19	1556474	37434932.00
2022/07/19	24.37	24.40	24.05	24.30	917830	22219722.00
2022/07/20	24.55	24.96	24.45	24.60	1426759	35180192.00
2022/07/21	24.45	24.80	24.13	24.18	1129421	27495176.00
2022/07/22	24.17	24.40	23.63	23.94	991333	23799822.00
2022/07/25	24.11	24.20	23.73	23.81	663600	15850423.00
2022/07/26	24.05	24.09	23.41	23.83	1039327	24674994.00
2022/07/27	23.98	24.15	23.59	23.74	1383846	32983166.00
2022/07/28	23.70	23.96	23.68	23.73	929643	22115122.00
2022/07/29	23.85	23.85	23.30	23.33	1251500	29417132.00
2022/08/01	23.19	23.54	23.00	23.45	999300	23201952.00
2022/08/02	23.40	23.40	21.99	22.08	2029196	45264676.00
2022/08/03	22.36	22.95	22.21	22.46	1652308	37434456.00
2022/08/04	22.48	22.69	22.23	22.58	699518	15720444.00
2022/08/05	22.68	22.85	22.39	22.85	989632	22361222.00
2022/08/08	22.84	23.77	22.73	23.68	1564060	36500488.00
2022/08/09	23.69	25.08	23.56	24.78	3445200	84245664.00
2022/08/10	24.67	24.91	24.31	24.48	2010415	49420412.00
2022/08/11	24.78	24.78	24.30	24.34	1151800	28147396.00
2022/08/12	24.39	24.44	24.08	24.22	959200	23261660.00
2022/08/15	24.22	24.36	24.07	24.25	730336	17692816.00
2022/08/16	24.23	24.48	24.14	24.24	761100	18446248.00
2022/08/17	24.24	24.71	23.90	24.46	1529970	37254732.00
2022/08/18	24.47	24.60	24.08	24.20	997206	24116468.00
2022/08/19	24.12	24.32	24.00	24.11	867400	20930194.00
2022/08/22	24.12	24.63	23.72	24.18	938013	22735506.00
2022/08/23	24.18	24.37	23.96	24.10	757609	18284306.00
2022/08/24	24.00	24.21	23.00	23.23	1448262	34062300.00
2022/08/25	23.30	23.42	22.77	23.26	976584	22544254.00
2022/08/26	23.26	24.00	23.03	23.37	1022743	24112218.00
2022/08/29	23.25	23.89	22.41	23.70	1096681	25680870.00
2022/08/30	23.68	24.12	23.38	23.82	1028754	24396794.00
2022/08/31	23.93	23.93	23.02	23.16	1072300	25041140.00
2022/09/01	23.11	23.37	22.44	22.61	1190285	27138770.00
2022/09/02	22.49	23.44	22.49	23.38	1284052	29764828.00
2022/09/05	23.38	23.53	22.94	22.99	706933	16355689.00
2022/09/06	23.02	23.15	22.82	22.95	791700	18152332.00
2022/09/07	22.91	23.01	22.52	22.55	869900	19739892.00
2022/09/08	22.50	22.68	22.14	22.17	750500	16740941.00
2022/09/09	22.19	22.47	22.10	22.39	432214	9637955.00
2022/09/13	22.31	22.88	22.31	22.65	580285	13131294.00
2022/09/14	22.20	22.79	22.20	22.52	512700	11519646.00
2022/09/15	22.51	22.51	21.61	21.90	1064175	23451810.00
2022/09/16	21.65	21.99	21.22	21.30	668300	14407452.00
2022/09/19	21.29	21.57	20.79	21.05	727414	15288894.00
2022/09/20	21.20	21.83	21.06	21.50	966100	20675464.00
2022/09/21	21.50	21.55	20.89	21.40	731381	15514804.00
2022/09/22	21.19	21.60	20.83	20.85	749000	15871176.00
2022/09/23	20.66	21.20	19.90	19.95	1252324	25350546.00
2022/09/26	19.75	20.68	19.75	20.09	881444	17800494.00
2022/09/27	20.27	21.78	20.22	21.32	2002513	42089468.00
2022/09/28	21.30	21.38	20.90	20.96	756313	15960834.00
2022/09/29	21.37	21.37	20.50	20.53	690900	14396658.00
2022/09/30	20.49	21.07	20.31	20.79	779961	16201025.00
2022/10/10	20.80	21.41	20.38	20.45	670300	13975714.00
2022/10/11	20.38	21.20	19.87	20.64	1061500	21750956.00
2022/10/12	20.60	21.12	20.45	21.07	960608	20085596.00
2022/10/13	20.96	21.20	20.80	20.88	875640	18379114.00
2022/10/14	20.95	21.61	20.95	21.33	1014505	21640084.00
2022/10/17	21.54	22.70	21.28	22.29	2363461	52362756.00
2022/10/18	22.07	22.48	21.73	21.82	1337300	29343866.00
2022/10/19	21.69	21.96	21.42	21.65	894500	19381570.00
2022/10/20	21.46	22.34	21.46	21.72	1269400	27925560.00
2022/10/21	21.71	24.30	21.50	23.50	5317945	123678712.00
2022/10/24	23.42	24.15	23.06	23.13	3521708	82989952.00
2022/10/25	23.14	23.70	22.75	22.80	2625807	60903008.00
2022/10/26	23.11	23.67	22.90	23.14	2184611	50946072.00
2022/10/27	23.92	24.25	23.33	23.52	3308073	78797440.00
2022/10/28	23.16	23.66	22.32	22.47	2073882	47651668.00
2022/10/31	22.47	22.83	22.06	22.66	1486259	33421182.00
2022/11/01	22.85	23.96	22.68	23.71	2483100	58440272.00
2022/11/02	23.60	24.97	23.40	24.47	3342629	81953928.00
2022/11/03	24.07	25.58	24.07	25.23	3741214	93522824.00
2022/11/04	25.15	25.45	24.72	24.99	2740741	68753584.00
2022/11/07	24.87	27.92	24.73	26.94	6321885	166578272.00
2022/11/08	27.18	27.36	25.58	26.01	5769952	152111664.00
2022/11/09	25.66	26.48	25.40	25.62	3165245	81568656.00
2022/11/10	25.29	26.40	25.23	26.16	3480908	90051336.00
2022/11/11	26.18	26.60	25.30	25.30	3501313	90701544.00
2022/11/14	24.81	25.01	24.27	24.33	3431210	84372920.00
2022/11/15	24.43	24.87	24.39	24.60	1532791	37675116.00
2022/11/16	24.50	25.88	24.40	25.36	3135761	79117648.00
2022/11/17	25.15	25.46	24.75	24.97	2155608	53840916.00
2022/11/18	25.15	25.25	24.50	24.82	2983446	74511888.00
2022/11/21	24.72	25.40	23.80	24.18	2810675	68741864.00
2022/11/22	24.20	24.50	23.51	23.67	2216400	53093216.00
2022/11/23	23.65	23.65	22.90	23.36	1783893	41549696.00
2022/11/24	22.55	23.25	22.02	22.68	3013497	68437256.00
2022/11/25	22.68	22.89	22.30	22.87	1535400	34842016.00
2022/11/28	22.30	23.09	22.30	22.67	1133700	25717640.00
2022/11/29	22.67	23.18	22.56	22.95	1392400	31903448.00
2022/11/30	22.96	23.14	22.65	22.82	955700	21836844.00
2022/12/01	23.15	23.40	22.67	22.77	1393930	32039400.00
2022/12/02	22.80	23.15	22.70	22.79	1110130	25462594.00
2022/12/05	22.90	23.19	22.82	22.93	998862	22885478.00
2022/12/06	22.98	23.06	22.72	22.84	1029950	23548000.00
2022/12/07	22.80	23.19	22.71	23.01	967553	22207878.00
2022/12/08	23.08	23.90	22.90	23.46	1911230	44888448.00
2022/12/09	23.46	23.47	22.88	23.00	1333847	30834166.00
2022/12/12	23.46	23.80	23.23	23.31	1517100	35641308.00
2022/12/13	23.00	24.17	23.00	23.90	1885263	44702740.00
2022/12/14	24.00	24.48	23.64	24.18	1826255	44189472.00
2022/12/15	24.39	24.39	23.63	23.79	1391010	33221344.00
2022/12/16	23.60	24.66	23.50	23.85	1704479	41012400.00
2022/12/19	23.85	23.95	22.58	23.00	1720775	39577144.00
2022/12/20	22.99	22.99	22.30	22.70	772808	17441982.00
2022/12/21	22.69	22.96	22.30	22.42	632108	14199275.00
2022/12/22	22.65	22.68	21.71	22.00	1015500	22548454.00
2022/12/23	21.90	22.33	21.73	22.00	845929	18709604.00
2022/12/26	22.33	22.54	21.91	22.39	731721	16274481.00
2022/12/27	22.30	22.97	21.85	22.77	1852549	41731708.00
2022/12/28	22.50	22.76	21.98	22.01	1423700	31609130.00
2022/12/29	21.88	22.10	21.30	21.38	1122045	24282876.00
2022/12/30	21.49	22.44	21.38	22.31	1763000	38939060.00
2023/01/03	22.31	22.64	22.10	22.40	1313040	29367456.00
2023/01/04	22.23	22.70	22.23	22.53	1029700	23188796.00
2023/01/05	22.70	22.70	22.23	22.45	887540	19871470.00
2023/01/06	22.26	22.68	22.22	22.44	771300	17281562.00
2023/01/09	22.43	22.57	22.10	22.20	816200	18209584.00
2023/01/10	22.03	22.26	21.95	22.00	736240	16230054.00
2023/01/11	21.91	22.10	21.81	21.90	766600	16786510.00
2023/01/12	21.83	21.99	21.55	21.58	674999	14645775.00
2023/01/13	21.60	21.89	21.51	21.83	565720	12280022.00
2023/01/16	21.92	22.29	21.74	22.17	1206092	26704402.00
2023/01/17	22.17	22.35	21.91	21.96	717800	15830426.00
2023/01/18	21.95	22.20	21.86	22.14	531800	11732576.00
2023/01/19	22.10	22.37	22.01	22.35	649284	14466215.00
2023/01/20	22.34	23.18	22.34	22.61	921420	20930570.00
2023/01/30	22.90	23.15	22.80	22.97	1266747	29124168.00
2023/01/31	22.95	23.50	22.74	23.43	1190452	27731520.00
2023/02/01	23.44	23.64	23.22	23.61	1098450	25787084.00
2023/02/02	23.56	23.63	23.40	23.45	900504	21147442.00
2023/02/03	23.46	23.67	23.18	23.45	760340	17815336.00
2023/02/06	23.45	23.66	23.21	23.26	675000	15773393.00
2023/02/07	23.39	23.62	23.26	23.60	821300	19319172.00
2023/02/08	23.60	23.66	23.23	23.33	808730	18910310.00
2023/02/09	23.58	23.58	23.26	23.45	761600	17819510.00
2023/02/10	23.49	23.90	23.30	23.47	895300	21131432.00
数据来源:通达信
