300555 ST路通 日线 不复权
      日期	    开盘	    最高	    最低	    收盘	    成交量	    成交额
2016/10/18	18.48	22.18	18.48	22.18	8500	187975.00
2016/10/19	24.40	24.40	24.40	24.40	1250	30500.00
2016/10/20	26.84	26.84	26.84	26.84	1300	34892.00
2016/10/21	29.52	29.52	29.52	29.52	3700	109224.00
2016/10/24	32.47	32.47	32.47	32.47	2600	84422.00
2016/10/25	35.72	35.72	35.72	35.72	4100	146452.00
2016/10/26	39.29	39.29	39.29	39.29	1900	74651.00
2016/10/27	43.22	43.22	43.22	43.22	4000	172880.00
2016/10/28	47.54	47.54	47.54	47.54	15000	713100.00
2016/10/31	52.29	52.29	52.29	52.29	16700	873243.00
2016/11/01	57.52	57.52	57.52	57.52	9900	569448.00
2016/11/02	63.27	63.27	63.27	63.27	33000	2087910.00
2016/11/03	69.60	69.60	69.60	69.60	57700	4015920.00
2016/11/04	76.56	76.56	76.56	76.56	80600	6170736.00
2016/11/07	84.22	84.22	80.35	84.22	8039787	672828288.00
2016/11/08	86.90	92.00	84.91	87.99	11081936	976531008.00
2016/11/09	86.00	88.87	84.56	87.30	6641863	576418752.00
2016/11/10	87.49	93.75	86.02	90.71	8611106	773633984.00
2016/11/11	90.38	96.00	89.02	94.08	8368132	773822400.00
2016/11/14	92.00	93.00	88.50	88.50	5828751	527115680.00
2016/11/15	88.41	88.71	84.80	87.20	4055910	351603488.00
2016/11/16	86.74	87.59	84.57	84.58	3119571	267154080.00
2016/11/17	84.05	86.49	83.50	84.90	2519113	215022704.00
2016/11/18	84.90	86.50	84.40	84.98	2136317	182764848.00
2016/11/21	85.00	85.50	83.59	84.95	1828987	154408528.00
2016/11/22	85.45	91.75	85.28	89.20	5142442	455769632.00
2016/11/23	88.10	88.28	85.82	86.12	2922533	254336208.00
2016/11/24	84.90	86.65	84.00	84.40	1882870	160061088.00
2016/11/25	84.15	85.66	81.00	85.58	2077755	173903376.00
2016/11/28	85.50	85.99	82.01	82.18	2020926	168842128.00
2016/11/29	82.19	82.89	79.50	79.50	1843715	149482800.00
2016/11/30	79.49	80.99	79.15	80.00	1189887	95290760.00
2016/12/01	80.23	80.87	79.51	80.50	1038361	83214152.00
2016/12/02	80.02	80.99	76.01	76.18	1828619	142544688.00
2016/12/05	75.10	77.10	74.50	76.89	1015270	77554016.00
2016/12/06	76.58	79.88	76.58	78.53	1537185	120803280.00
2016/12/07	79.00	79.00	76.11	78.21	1016295	78753640.00
2016/12/08	78.28	79.67	76.82	76.93	1167800	91660768.00
2016/12/09	76.50	76.50	74.48	74.65	1397731	105382432.00
2016/12/12	74.13	74.65	67.19	67.19	2025341	141666224.00
2016/12/13	65.50	67.66	65.50	66.90	1039500	69224624.00
2016/12/14	66.70	67.10	64.60	64.97	959848	63202072.00
2016/12/15	64.44	68.95	64.32	66.96	1732615	116480328.00
2016/12/16	66.95	67.94	66.68	67.49	846892	56981980.00
2016/12/19	67.49	68.50	65.87	66.37	767774	51052764.00
2016/12/20	66.77	67.36	66.09	66.57	612989	40843972.00
2016/12/21	66.60	67.66	65.86	67.39	995969	66622244.00
2016/12/22	66.85	67.50	66.40	67.16	732858	49114800.00
2016/12/23	66.67	67.32	63.52	63.88	1057605	68819008.00
2016/12/26	63.16	64.86	62.06	64.41	710214	45045740.00
2016/12/27	64.46	64.70	63.70	64.00	459913	29496494.00
2016/12/28	63.96	64.74	63.81	64.25	587160	37785036.00
2016/12/29	64.25	64.66	63.50	63.50	440313	28235882.00
2016/12/30	63.21	64.20	61.61	62.46	769082	48245220.00
2017/01/03	62.89	63.87	62.20	63.55	945296	59576240.00
2017/01/04	63.11	64.10	63.02	64.10	728703	46435500.00
2017/01/05	64.45	64.84	63.36	63.46	688746	44172300.00
2017/01/06	63.36	63.36	59.33	59.41	1538247	93919152.00
2017/01/09	59.00	59.79	57.38	58.94	839747	49084868.00
2017/01/10	58.78	59.60	58.20	58.42	567852	33520966.00
2017/01/11	58.20	58.36	56.31	56.31	816084	46720140.00
2017/01/12	56.59	57.30	55.66	56.00	607488	34401760.00
2017/01/13	56.02	56.48	52.82	52.90	1008516	54737064.00
2017/01/16	52.69	52.70	47.61	48.53	1555360	77615880.00
2017/01/17	48.85	52.22	46.58	51.30	1611199	79791816.00
2017/01/18	50.50	51.72	49.68	50.67	1070615	54308520.00
2017/01/19	49.40	51.87	47.75	49.92	1513184	75315128.00
2017/01/20	49.75	52.16	49.30	51.26	1328601	68016984.00
2017/01/23	51.50	52.40	51.14	51.76	887346	45953576.00
2017/01/24	51.68	52.30	50.91	51.58	1142100	58918912.00
2017/01/25	51.54	52.47	51.15	52.47	1230686	63979480.00
2017/01/26	52.48	52.80	51.86	52.13	757886	39594140.00
2017/02/03	52.28	52.28	50.71	50.90	543600	27890338.00
2017/02/06	51.39	52.58	51.05	52.53	970928	50513880.00
2017/02/07	52.53	52.85	51.38	51.73	673500	35009152.00
2017/02/08	51.74	53.46	51.55	53.12	1447876	76297056.00
2017/02/09	53.13	54.05	52.64	53.49	1124860	60196576.00
2017/02/10	53.49	53.49	52.07	52.11	875460	46000532.00
2017/02/13	52.01	54.30	52.01	53.73	1432842	76626976.00
2017/02/14	53.86	54.27	53.42	53.72	838126	45020316.00
2017/02/15	53.74	54.66	53.46	54.08	1530708	82762104.00
2017/02/16	54.04	54.11	53.21	54.00	1082946	58171760.00
2017/02/17	53.89	54.85	53.31	54.20	1329550	71929992.00
2017/02/20	54.10	54.45	51.20	52.50	1112780	58890448.00
2017/02/21	52.60	53.48	52.06	53.23	586400	31063982.00
2017/02/22	53.00	53.78	52.60	53.16	584000	30961276.00
2017/02/23	53.20	55.53	52.75	55.00	1392704	75352424.00
2017/02/24	54.70	56.50	54.11	56.21	1652874	92080408.00
2017/02/27	56.00	56.31	55.10	55.50	1140700	63399800.00
2017/02/28	55.51	56.16	55.02	55.98	926575	51578024.00
2017/03/01	55.92	56.44	55.18	55.18	740016	41290648.00
2017/03/02	55.18	55.45	54.33	54.71	720000	39493236.00
2017/03/03	54.27	54.79	53.76	54.69	688400	37305364.00
2017/03/06	54.69	55.98	54.69	55.98	904534	50218680.00
2017/03/07	56.05	57.13	55.89	56.79	1414454	79929992.00
2017/03/08	56.89	56.93	55.56	56.05	965046	54203008.00
2017/03/09	56.09	56.65	55.01	56.30	1048510	58421516.00
2017/03/10	56.20	57.96	56.01	57.22	2567480	146934112.00
2017/03/13	56.93	58.30	55.22	58.25	2093862	119747584.00
2017/03/14	58.20	59.94	57.68	59.78	2774362	162786976.00
2017/03/15	59.00	63.49	58.60	61.71	4169440	254400176.00
2017/03/16	61.44	63.18	60.80	62.36	3534992	218918640.00
2017/03/17	61.95	61.95	59.51	59.51	2710901	164742992.00
2017/03/20	59.00	60.84	58.73	60.84	1463174	87458464.00
2017/03/21	60.56	60.94	59.53	60.42	1281800	77064008.00
2017/03/22	60.16	60.98	58.70	60.98	1506730	90469336.00
2017/03/23	60.88	62.10	59.28	61.10	2233142	136132432.00
2017/03/24	61.35	61.41	60.00	60.49	1369842	83129104.00
2017/03/27	60.27	60.77	58.50	59.62	1028410	61218832.00
2017/03/28	59.60	59.60	57.15	57.22	1373500	80103432.00
2017/03/29	57.31	57.59	53.36	53.41	1579100	87053368.00
2017/03/30	53.20	53.22	50.61	50.99	1358183	69966696.00
2017/03/31	50.70	51.88	50.61	51.15	735200	37667912.00
2017/04/05	50.79	52.26	50.70	52.11	677262	34991324.00
2017/04/06	52.16	53.15	51.80	53.08	759191	39901544.00
2017/04/07	53.08	53.08	51.20	51.30	697892	36349940.00
2017/04/10	50.79	50.79	47.13	47.22	1243350	60644532.00
2017/04/11	47.05	48.92	46.87	48.61	723328	34497744.00
2017/04/12	48.61	48.61	47.07	47.33	496958	23774878.00
2017/04/13	47.34	48.44	47.34	47.72	315508	15140167.00
2017/04/14	47.97	47.99	46.90	47.13	399450	18885308.00
2017/04/17	46.00	46.40	43.30	43.78	865378	38649380.00
2017/04/18	43.75	44.26	43.21	43.38	415300	18193090.00
2017/04/19	43.00	44.45	42.60	44.43	562822	24537656.00
2017/04/20	44.65	44.65	43.10	44.05	514722	22526150.00
2017/04/21	47.88	48.46	46.15	47.99	2465723	117886688.00
2017/04/24	47.00	47.30	45.14	45.55	1333959	61571044.00
2017/04/25	46.60	48.48	46.18	47.30	1263500	60012484.00
2017/04/26	47.41	49.40	46.77	49.22	1494122	72607304.00
2017/04/27	48.90	50.18	47.30	49.90	1567290	76493976.00
2017/04/28	49.35	49.99	48.96	48.97	947434	46741908.00
2017/05/02	48.69	48.69	47.84	47.96	659900	31736650.00
2017/05/03	47.94	49.20	47.67	49.05	832700	40479980.00
2017/05/04	49.05	49.05	48.01	48.04	617900	29891488.00
2017/05/05	47.81	50.28	47.70	48.85	1303300	64202104.00
2017/05/08	48.77	49.09	46.20	46.28	897300	43097324.00
2017/05/09	46.29	47.27	45.03	47.27	866890	39993440.00
2017/05/10	46.98	49.60	46.97	48.18	1639812	79623488.00
2017/05/11	47.27	50.00	46.45	50.00	1704422	83125488.00
2017/05/12	49.95	51.98	49.30	51.39	2063434	104890816.00
2017/05/15	51.49	52.21	50.38	52.21	1561990	80499136.00
2017/05/16	51.50	54.50	51.31	54.48	1946045	102987616.00
2017/05/17	54.50	56.00	53.50	53.70	1895900	103393520.00
2017/05/18	53.52	54.22	52.87	53.04	1092657	58575216.00
2017/05/19	53.04	53.80	50.22	50.63	1591310	81899496.00
2017/05/22	50.50	51.44	46.41	46.70	1350845	66229472.00
2017/05/23	46.71	47.30	43.50	43.50	1362395	62144080.00
2017/05/24	43.89	44.58	42.58	44.36	898148	39443252.00
2017/05/25	44.19	44.93	42.72	44.69	933856	41025808.00
2017/05/26	44.56	46.11	44.30	45.92	861960	39048424.00
2017/05/31	46.90	49.44	46.83	47.00	1445778	69420448.00
2017/06/01	46.00	46.49	43.30	43.67	1159806	51953684.00
2017/06/02	43.44	45.88	42.60	45.66	897346	40061724.00
2017/06/05	46.24	47.80	46.24	47.11	962520	45315588.00
2017/06/06	46.90	48.99	46.60	48.80	1325920	63803600.00
2017/06/07	48.59	53.68	48.56	53.68	3801890	199123440.00
2017/06/08	53.90	57.50	53.01	55.67	4359256	240199232.00
2017/06/09	55.20	57.98	54.85	55.58	4390463	248392736.00
2017/06/12	56.00	56.20	50.04	51.80	3337520	177579984.00
2017/06/13	53.00	56.98	52.50	56.98	3253556	180891472.00
2017/06/14	58.98	59.50	55.40	56.09	4165204	238291088.00
2017/06/15	55.44	61.70	55.11	60.49	6933279	414311296.00
2017/06/16	23.50	24.18	22.67	24.15	12879438	303440480.00
2017/06/19	23.98	23.98	21.90	22.74	10687298	241348608.00
2017/06/20	23.00	23.42	22.06	22.39	8469053	190833712.00
2017/06/21	22.50	22.50	21.11	21.56	8452385	182569856.00
2017/06/22	21.55	22.24	21.19	21.50	7531960	163273072.00
2017/06/23	21.33	21.33	19.96	20.70	6761605	139477504.00
2017/06/26	20.69	20.98	20.00	20.86	4677265	96216936.00
2017/06/27	20.70	21.75	20.59	21.10	5934100	125918240.00
2017/06/28	20.86	20.86	19.92	19.93	5343525	108149848.00
2017/06/29	19.83	20.32	19.81	19.92	2904035	58068952.00
2017/06/30	19.80	20.48	19.74	20.13	3133993	63026400.00
2017/07/03	20.14	20.33	19.80	20.06	2380000	47543720.00
2017/07/04	20.00	20.23	19.89	19.99	2145060	42993560.00
2017/07/05	19.92	20.21	19.57	20.20	3861750	76971712.00
2017/07/06	20.10	20.19	19.62	19.88	3800400	75498920.00
2017/07/07	19.75	20.14	19.67	19.92	3322135	66261288.00
2017/07/10	19.79	19.80	18.06	18.24	5578385	105185800.00
2017/07/11	18.06	18.33	17.69	17.69	2908550	52241532.00
2017/07/12	17.65	18.15	17.35	18.14	2827400	50394304.00
2017/07/13	18.13	18.13	17.57	17.70	2096025	37193640.00
2017/07/14	17.69	17.75	17.22	17.28	1781385	31086310.00
2017/07/17	17.20	17.20	15.55	15.55	3565525	57023784.00
2017/07/18	15.53	15.85	15.07	15.73	1894745	29536080.00
2017/07/19	15.74	15.80	15.30	15.69	1769870	27613600.00
2017/07/20	15.60	15.98	15.41	15.44	1969500	30923370.00
2017/07/21	15.44	15.57	14.86	14.87	2283125	34583640.00
2017/07/24	14.71	15.04	14.19	14.97	2258775	33099478.00
2017/07/25	14.90	15.35	14.89	15.08	2140900	32330482.00
2017/07/26	15.14	15.20	14.60	14.75	1442200	21368404.00
2017/07/27	14.89	15.49	14.70	15.44	3140175	47662832.00
2017/07/28	15.31	15.47	15.02	15.05	1921125	29273452.00
2017/07/31	15.08	15.22	15.02	15.08	1247600	18856222.00
2017/08/01	15.17	15.19	14.80	15.10	1297500	19428352.00
2017/08/02	15.10	15.10	14.65	14.68	1257700	18683548.00
2017/08/03	14.80	15.28	14.64	15.06	2076050	31229488.00
2017/08/04	15.06	15.20	14.83	14.91	1192055	17786750.00
2017/08/07	14.96	15.15	14.91	14.95	834400	12522872.00
2017/08/08	14.86	14.99	14.69	14.94	1168600	17342408.00
2017/08/09	14.98	15.04	14.82	14.87	884750	13195751.00
2017/08/10	14.85	14.93	14.39	14.58	1456800	21331576.00
2017/08/11	14.51	14.72	14.40	14.46	1137270	16588101.00
2017/08/14	14.50	15.00	14.44	14.95	1542200	22898742.00
2017/08/15	14.96	15.50	14.91	15.41	3207105	49083580.00
2017/08/16	15.30	15.80	15.12	15.73	3420925	53247672.00
2017/08/17	15.78	15.78	15.54	15.64	2217198	34724748.00
2017/08/18	15.35	15.52	15.18	15.22	1955250	29944408.00
2017/08/21	15.28	15.90	15.20	15.89	2690128	41812608.00
2017/08/22	15.90	15.90	15.41	15.48	2117550	33057584.00
2017/08/23	15.33	15.60	15.28	15.45	1303050	20140344.00
2017/08/24	15.33	15.59	15.20	15.23	1594350	24428592.00
2017/08/25	15.30	16.75	15.15	16.03	5151795	83190944.00
2017/08/28	16.11	16.73	16.08	16.66	5280295	86564216.00
2017/08/29	16.70	16.84	16.21	16.48	4646000	76684696.00
2017/08/30	16.31	16.68	16.21	16.28	2607725	42632360.00
2017/08/31	16.19	16.63	16.19	16.56	2588025	42579392.00
2017/09/01	16.69	16.69	16.31	16.45	2123650	34857960.00
2017/09/04	16.51	16.73	16.30	16.47	2087150	34551292.00
2017/09/05	16.49	16.81	16.38	16.81	2801100	46583544.00
2017/09/06	16.81	16.84	16.42	16.66	2141375	35527184.00
2017/09/07	16.66	18.06	16.66	17.49	6798575	118197016.00
2017/09/08	17.21	17.55	17.14	17.40	3631575	62905696.00
2017/09/11	17.38	18.10	17.32	18.01	4616600	82757264.00
2017/09/12	17.85	17.98	17.31	17.33	3709050	65087488.00
2017/09/13	17.40	17.48	16.90	17.16	2419780	41352580.00
2017/09/14	17.19	17.29	16.78	16.86	1874350	31873932.00
2017/09/15	16.88	16.99	16.75	16.92	1423200	24030978.00
2017/09/18	16.85	16.94	16.68	16.93	1199950	20195764.00
2017/09/19	16.95	17.30	16.93	17.20	2394250	41022704.00
2017/09/20	17.26	17.32	16.96	17.31	1918000	32983416.00
2017/09/21	17.26	17.85	17.20	17.31	3490430	61286992.00
2017/09/22	17.20	18.35	16.60	17.94	5656895	99722768.00
2017/09/25	17.56	19.70	17.56	19.04	12487828	236325632.00
2017/09/26	18.85	18.86	17.75	18.39	7392867	134920848.00
2017/09/27	18.23	19.88	18.23	19.67	10833101	209420832.00
2017/09/28	19.24	19.57	19.00	19.40	7229422	139554208.00
2017/09/29	19.17	19.99	18.86	19.34	7374746	143200736.00
2017/10/09	19.36	19.48	18.80	18.81	5410450	103021416.00
2017/10/10	18.83	19.14	18.41	19.08	4586972	85834120.00
2017/10/11	19.00	19.00	18.09	18.09	4649272	85816440.00
2017/10/12	18.18	18.78	18.09	18.34	3167470	58351552.00
2017/10/13	18.38	18.51	18.02	18.35	2364597	43088648.00
2017/10/16	18.10	18.12	16.84	16.85	4836850	84065648.00
2017/10/17	16.65	17.05	16.55	16.79	1625100	27305552.00
2017/10/18	16.65	16.98	16.05	16.17	2396172	39668904.00
2017/10/19	16.18	16.50	15.70	15.76	2063348	33045528.00
2017/10/20	15.78	16.06	15.58	16.02	1335072	21186862.00
2017/10/23	15.99	16.11	15.92	16.08	1177198	18847084.00
2017/10/24	16.07	16.08	15.50	15.79	1651122	25992560.00
2017/10/25	15.80	16.02	15.58	16.01	1543475	24576724.00
2017/10/26	15.76	16.36	15.76	16.31	3734838	60150548.00
2017/10/27	16.44	17.00	16.32	16.55	5184688	86236320.00
2017/10/30	16.59	16.75	15.15	15.25	3730100	59126104.00
2017/10/31	15.11	15.34	14.74	15.13	2233450	33613832.00
2017/11/01	15.10	15.66	14.93	15.39	2136550	32570474.00
2017/11/02	15.23	15.38	14.95	15.10	1916948	28925234.00
2017/11/03	15.05	15.15	14.79	14.97	1831195	27450104.00
2017/11/06	15.12	15.42	14.88	15.25	1927930	29300902.00
2017/11/07	15.15	15.41	14.91	15.35	2691125	40758204.00
2017/11/08	15.65	16.15	15.53	15.70	5248080	83006520.00
2017/11/09	15.24	15.58	15.16	15.56	2807452	43104080.00
2017/11/10	15.54	15.73	15.32	15.55	2669753	41441528.00
2017/11/13	15.59	15.71	15.26	15.34	1957348	30305884.00
2017/11/14	15.32	15.32	14.85	14.88	2037022	30588508.00
2017/11/15	14.87	15.00	14.66	14.74	1387648	20548196.00
2017/11/16	14.74	14.90	14.56	14.56	1259750	18481592.00
2017/11/17	14.51	14.56	13.20	13.33	2572900	35619096.00
2017/11/20	13.45	13.54	12.86	13.43	1248045	16442038.00
2017/11/21	13.42	13.51	13.09	13.29	1074400	14286622.00
2017/11/22	13.21	13.47	13.10	13.26	1061730	14118743.00
2017/11/23	13.15	13.26	12.81	12.84	1188500	15523466.00
2017/11/24	12.85	13.14	12.75	13.04	1252350	16252242.00
2017/11/27	13.07	13.13	12.77	12.78	870895	11277714.00
2017/11/28	12.66	13.34	12.66	13.22	1707393	22297608.00
2017/11/29	13.19	13.19	12.88	13.03	1030600	13384565.00
2017/11/30	12.94	13.11	12.88	12.89	707995	9196707.00
2017/12/01	12.87	13.45	12.81	13.45	3014295	39924104.00
2017/12/04	13.84	14.00	13.11	13.11	3210548	43354504.00
2017/12/05	12.82	12.88	11.91	12.12	2503230	31142900.00
2017/12/06	12.19	12.51	11.97	12.38	1757500	21617484.00
2017/12/07	12.22	12.43	12.00	12.30	1197180	14691187.00
2017/12/08	12.30	12.73	12.25	12.64	1668250	20935524.00
2017/12/11	12.66	12.98	12.57	12.72	1499250	19123508.00
2017/12/12	12.60	12.69	12.24	12.27	1254350	15565145.00
2017/12/13	12.21	12.40	12.21	12.39	823100	10159174.00
2017/12/14	12.39	12.71	12.21	12.62	1609545	20165908.00
2017/12/15	12.59	12.62	12.42	12.54	892000	11162588.00
2017/12/18	12.63	12.66	12.20	12.40	1335695	16643468.00
2017/12/19	12.33	12.70	12.33	12.58	1219258	15355271.00
2017/12/20	12.43	12.54	12.24	12.27	835150	10331358.00
2017/12/21	12.22	12.68	11.97	12.48	2314900	28696054.00
2017/12/22	12.40	13.30	12.36	12.99	3837067	49128564.00
2017/12/25	13.40	13.66	12.69	12.74	5043417	66511564.00
2017/12/26	12.31	12.68	12.00	12.61	3479450	42853012.00
2017/12/27	12.49	12.53	12.27	12.28	1906650	23606636.00
2017/12/28	12.17	12.98	12.10	12.33	2051950	25602108.00
2017/12/29	12.32	12.45	12.24	12.34	1476717	18243480.00
2018/01/02	12.35	12.47	12.32	12.42	910200	11287034.00
2018/01/03	12.40	12.66	12.36	12.58	1874767	23517546.00
2018/01/04	12.60	12.69	12.50	12.69	1987291	25041554.00
2018/01/05	12.70	12.77	12.56	12.58	1647250	20861988.00
2018/01/08	12.56	12.56	12.26	12.36	1342850	16577049.00
2018/01/09	12.45	12.45	12.30	12.34	805800	9972662.00
2018/01/10	12.38	12.38	12.03	12.10	1316550	16005882.00
2018/01/11	12.03	12.34	12.03	12.23	1534767	18728736.00
2018/01/12	12.32	12.40	12.13	12.15	1310900	16096367.00
2018/01/15	12.15	12.15	11.50	11.52	2064850	24221140.00
2018/01/16	11.41	11.68	11.41	11.61	1097941	12729270.00
2018/01/17	11.78	11.78	11.33	11.69	1331417	15430955.00
2018/01/18	11.62	11.73	11.57	11.59	1174817	13684696.00
2018/01/19	11.54	11.76	11.54	11.59	1002215	11666719.00
2018/01/22	11.53	11.71	11.21	11.66	1858850	21301078.00
2018/01/23	11.67	11.95	11.53	11.86	2520064	29715840.00
2018/01/24	11.85	12.20	11.60	12.02	2671577	31837230.00
2018/01/25	11.97	12.04	11.85	11.85	2237500	26695450.00
2018/01/26	11.80	11.91	11.68	11.73	1128617	13320704.00
2018/01/29	11.73	11.80	11.37	11.39	863917	9960245.00
2018/01/30	11.39	11.48	11.32	11.43	659817	7526597.00
2018/01/31	11.43	11.43	10.60	10.64	1814944	19970502.00
2018/02/01	10.63	10.80	9.90	9.97	1411862	14561737.00
2018/02/02	9.98	10.08	9.41	9.81	943350	9263694.00
2018/02/05	9.78	9.79	9.57	9.68	553150	5361533.00
2018/02/06	9.61	9.69	8.71	8.71	1474950	13553716.00
2018/02/07	8.81	9.06	8.60	8.89	1256200	11154982.00
2018/02/08	8.94	9.33	8.75	9.29	1190300	10906490.00
2018/02/09	9.03	9.17	8.76	9.00	1070300	9623930.00
2018/02/12	9.08	9.35	9.02	9.25	716500	6623892.50
2018/02/13	9.27	9.31	9.02	9.07	941100	8648416.00
2018/02/14	9.14	9.15	9.01	9.07	396100	3589781.50
2018/02/22	9.15	9.35	9.15	9.31	603750	5604776.50
2018/02/23	9.23	9.38	9.20	9.37	679952	6333245.00
2018/02/26	9.35	9.69	9.35	9.66	1057450	10140234.00
2018/02/27	9.70	9.95	9.55	9.85	1248950	12214006.00
2018/02/28	9.76	10.10	9.57	9.95	1428250	14084848.00
2018/03/01	9.92	10.59	9.80	10.45	3449600	35447024.00
2018/03/02	10.25	10.38	10.03	10.19	2246900	22893152.00
2018/03/05	9.96	10.26	9.96	10.17	1096850	11068326.00
2018/03/06	10.15	10.30	10.08	10.20	1563900	15929628.00
2018/03/07	10.20	10.23	9.96	10.00	1446150	14566006.00
2018/03/08	10.00	10.42	9.92	10.27	2301450	23528526.00
2018/03/09	10.29	10.77	10.19	10.76	3527550	37153028.00
2018/03/12	10.74	11.18	10.73	10.82	4155650	45246088.00
2018/03/13	10.87	11.35	10.65	11.34	6006370	66200320.00
2018/03/14	11.10	11.13	10.83	10.90	3711450	40803888.00
2018/03/15	10.75	10.84	10.11	10.47	2716900	28467026.00
2018/03/16	10.47	10.56	10.26	10.27	1467378	15307249.00
2018/03/19	10.34	10.79	10.34	10.66	2689528	28558422.00
2018/03/20	10.54	10.76	10.35	10.72	2159800	22736350.00
2018/03/21	10.72	10.94	10.48	10.55	2463300	26488870.00
2018/03/22	10.52	11.04	10.45	10.84	3466767	37465388.00
2018/03/23	10.44	10.55	9.76	9.77	3397670	34477944.00
2018/03/26	9.75	10.00	9.31	9.92	1596868	15460757.00
2018/03/27	10.04	10.91	9.98	10.91	3891735	41376708.00
2018/03/28	10.90	11.55	10.73	11.16	8547897	95440216.00
2018/03/29	11.06	11.33	10.88	11.09	3748170	41385392.00
2018/03/30	11.13	11.47	11.04	11.42	4990020	56497428.00
2018/04/02	11.55	11.65	11.22	11.35	4525537	51601012.00
2018/04/03	11.10	11.29	10.93	11.21	2576622	28586152.00
2018/04/04	11.31	11.55	11.01	11.04	3174787	35955228.00
2018/04/09	10.96	11.56	10.83	11.55	4246035	47897568.00
2018/04/10	11.40	11.74	11.10	11.70	6429023	73673088.00
2018/04/11	11.60	11.80	11.43	11.78	4682543	54594280.00
2018/04/12	11.74	11.84	11.19	11.31	4290873	49615844.00
2018/04/13	11.30	11.47	11.24	11.32	2112967	23971172.00
2018/04/16	11.20	11.48	11.00	11.30	2316700	26059886.00
2018/04/17	11.22	11.39	10.68	10.68	2414267	26462850.00
2018/04/18	10.83	11.06	10.26	11.04	2931825	31466484.00
2018/04/19	11.07	11.21	10.81	10.81	2463480	27237564.00
2018/04/20	10.63	11.06	10.62	10.80	2726606	29601976.00
2018/04/23	10.80	10.80	10.06	10.30	2713431	28153196.00
2018/04/24	10.24	11.33	10.24	11.33	3241470	36085056.00
2018/04/25	12.00	12.46	11.80	12.46	6965230	84954168.00
2018/04/26	13.71	13.71	12.74	13.05	23353920	310502048.00
2018/04/27	12.65	12.79	11.75	11.75	14206320	170607248.00
2018/05/02	11.50	11.70	10.94	11.03	6844400	77472008.00
2018/05/03	10.95	11.62	10.95	11.52	7210450	81694992.00
2018/05/04	11.40	12.67	11.36	12.67	10523120	129445400.00
2018/05/07	13.17	13.75	12.73	12.86	19820184	260665872.00
2018/05/08	13.16	14.15	13.16	14.15	24312754	337281280.00
2018/05/09	13.40	13.85	12.80	13.22	19288804	257190848.00
2018/05/10	13.29	13.42	12.86	13.02	11566748	151969456.00
2018/05/11	12.91	13.01	12.32	12.40	8717550	109739352.00
2018/05/14	12.55	13.25	12.11	12.70	10030050	129430824.00
2018/05/15	12.83	13.97	12.61	13.42	16837370	227899520.00
2018/05/16	13.30	14.55	13.17	13.85	18915618	264237152.00
2018/05/17	13.97	14.28	13.14	13.40	12843354	174406592.00
2018/05/18	13.57	13.73	12.88	13.01	9757150	128284528.00
2018/05/21	12.90	13.38	12.90	13.35	8446500	111245688.00
2018/05/22	13.20	14.48	12.95	14.12	17559624	242033056.00
2018/05/23	13.95	14.14	13.53	13.66	11646044	161392032.00
2018/05/24	13.79	14.60	13.79	14.16	13606418	193584688.00
2018/05/25	13.75	13.98	13.48	13.83	8552048	117464472.00
2018/05/28	13.86	13.87	13.12	13.31	6025790	80647304.00
2018/05/29	13.29	13.66	12.99	13.12	5392244	71801152.00
2018/05/30	12.61	12.66	11.81	11.81	6861000	83512984.00
2018/05/31	11.97	12.19	11.73	12.15	4365520	52488356.00
2018/06/01	12.18	12.47	11.65	11.90	4806900	58213648.00
2018/06/04	11.99	12.12	11.50	11.75	3354093	39549592.00
2018/06/05	11.72	12.43	11.72	12.37	5317643	64453352.00
2018/06/06	12.30	12.44	12.09	12.42	4006473	49046320.00
2018/06/07	12.52	12.52	12.02	12.03	3502350	42756880.00
2018/06/08	11.88	12.25	11.71	12.10	3594700	43269024.00
2018/06/11	12.00	12.35	11.80	12.22	3358950	40721720.00
2018/06/12	12.18	12.40	11.72	12.24	4969950	60247740.00
2018/06/13	12.26	12.26	11.40	11.41	4419250	52124576.00
2018/06/14	11.08	11.37	10.85	10.91	4011100	44541688.00
2018/06/15	11.04	11.05	10.29	10.52	4203523	44489968.00
2018/06/19	10.24	10.28	9.47	9.60	4342550	42946912.00
2018/06/20	9.70	10.25	9.60	10.15	4031800	40246580.00
2018/06/21	10.12	10.26	9.66	9.86	2940550	29309098.00
2018/06/22	9.86	10.84	9.80	10.47	3684126	38286612.00
2018/06/25	10.43	10.55	10.26	10.43	2345526	24415854.00
2018/06/26	10.34	10.78	10.11	10.60	3105678	32723260.00
2018/06/27	10.60	10.70	10.30	10.42	2065376	21610030.00
2018/06/28	10.42	10.52	10.00	10.03	1958400	20118570.00
2018/06/29	10.03	11.03	9.95	10.83	8599728	93292144.00
2018/07/02	10.69	10.70	10.38	10.46	6812978	71808528.00
2018/07/03	10.52	10.85	10.30	10.84	5096100	54204324.00
2018/07/04	10.71	10.72	10.22	10.31	3712450	38901000.00
2018/07/05	10.30	10.58	9.99	10.14	2958600	30566322.00
2018/07/06	10.13	10.47	9.84	10.22	3277298	33540752.00
2018/07/09	10.28	10.49	10.13	10.44	2505398	26067590.00
2018/07/10	10.32	11.17	10.32	10.94	6378600	68705648.00
2018/07/11	10.65	10.74	10.10	10.51	4654050	48942904.00
2018/07/12	10.62	10.97	10.62	10.81	4673950	50613432.00
2018/07/13	10.73	10.88	10.48	10.56	3912800	41589816.00
2018/07/16	10.42	10.80	10.36	10.68	2916950	30965090.00
2018/07/17	10.60	10.69	10.36	10.62	2012100	21191830.00
2018/07/18	10.64	10.65	10.25	10.28	2506950	26290508.00
2018/07/19	10.22	10.33	10.02	10.09	2336500	23760544.00
2018/07/20	10.10	10.35	10.06	10.28	1635858	16752021.00
2018/07/23	10.19	10.42	10.19	10.41	1789400	18507928.00
2018/07/24	10.34	10.68	10.29	10.60	2973500	31313412.00
2018/07/25	10.53	10.75	10.43	10.49	2313873	24455362.00
2018/07/26	10.46	10.50	10.26	10.31	1937300	20041674.00
2018/07/27	10.26	10.33	10.12	10.13	1342600	13710893.00
2018/07/30	10.13	10.20	9.86	10.02	1478650	14797578.00
2018/07/31	10.03	10.10	9.93	10.01	808300	8092944.50
2018/08/01	10.05	10.14	9.90	9.90	990850	9919272.00
2018/08/02	10.13	10.13	9.15	9.43	2609857	24776812.00
2018/08/03	9.52	9.59	8.99	8.99	2103000	19469444.00
2018/08/06	8.89	9.05	8.45	8.54	2316050	20187428.00
2018/08/07	8.59	8.80	8.46	8.79	1830300	15877176.00
2018/08/08	8.73	8.85	8.68	8.77	1888250	16543166.00
2018/08/09	8.81	9.48	8.70	9.05	2744942	24964704.00
2018/08/10	9.00	9.12	8.96	9.08	1433192	12957109.00
2018/08/13	8.95	9.48	8.92	9.31	2419213	22391942.00
2018/08/14	9.20	9.38	9.20	9.23	1380600	12790331.00
2018/08/15	9.23	9.32	8.98	9.05	1290200	11805009.00
2018/08/16	9.00	9.22	8.70	8.96	1668233	15139304.00
2018/08/17	9.05	9.29	8.70	8.84	1769100	16014444.00
2018/08/20	8.80	9.20	8.70	9.14	1847580	16521404.00
2018/08/21	9.13	9.26	8.94	9.16	2214850	20195268.00
2018/08/22	9.12	9.15	8.80	8.89	1462280	13131290.00
2018/08/23	8.85	9.16	8.84	9.00	1892400	17137862.00
2018/08/24	9.03	9.12	8.82	8.84	1866433	16739140.00
2018/08/27	8.93	9.29	8.88	9.21	2478250	22636084.00
2018/08/28	9.28	9.38	9.13	9.23	1628400	15038831.00
2018/08/29	9.27	9.27	9.11	9.17	1038700	9526865.00
2018/08/30	9.20	9.22	8.86	8.90	1179883	10667001.00
2018/08/31	8.87	9.05	8.86	8.97	1118650	10029512.00
2018/09/03	8.90	8.95	8.26	8.75	3162642	27000676.00
2018/09/04	8.61	8.88	8.53	8.79	2185775	19070672.00
2018/09/05	8.82	8.92	8.57	8.58	1973250	17337622.00
2018/09/06	8.54	8.83	8.54	8.72	1597000	13932212.00
2018/09/07	8.68	8.95	8.68	8.81	1869300	16574198.00
2018/09/10	8.91	9.06	8.62	8.99	2901350	25849762.00
2018/09/11	8.99	9.10	8.74	8.98	2404425	21484210.00
2018/09/12	8.96	9.00	8.76	8.92	1359325	12111388.00
2018/09/13	8.99	9.16	8.87	9.14	1899600	17191802.00
2018/09/14	9.07	9.18	8.88	8.89	1471350	13286968.00
2018/09/17	8.90	8.99	8.73	8.83	855900	7581223.00
2018/09/18	8.81	9.06	8.79	9.06	1178750	10534296.00
2018/09/19	9.04	9.16	8.95	9.08	1582225	14361402.00
2018/09/20	9.00	9.08	8.85	8.86	1344400	12039424.00
2018/09/21	8.85	9.14	8.82	9.03	1647300	14690786.00
2018/09/25	9.00	9.14	8.93	8.98	1101750	9926139.00
2018/09/26	8.92	9.00	8.83	8.88	1740450	15527631.00
2018/09/27	8.88	8.94	8.33	8.33	2661500	22861974.00
2018/09/28	8.35	8.41	8.25	8.38	1483100	12388224.00
2018/10/08	8.30	8.30	8.02	8.03	1356150	11006221.00
2018/10/09	8.04	8.12	8.01	8.04	678350	5462137.50
2018/10/10	8.09	8.23	8.04	8.22	886850	7242357.00
2018/10/11	7.99	8.00	7.40	7.40	1661650	12652168.00
2018/10/12	7.28	7.41	6.85	7.20	1443225	10328334.00
2018/10/15	7.20	7.48	7.11	7.13	988700	7222830.00
2018/10/16	7.16	7.28	6.89	6.99	850100	6026427.50
2018/10/17	7.21	7.22	7.00	7.18	1123950	8022754.00
2018/10/18	7.19	7.20	6.81	6.87	1174750	8218520.50
2018/10/19	6.80	7.16	6.71	7.11	1648250	11597224.00
2018/10/22	7.19	7.52	7.14	7.42	3070350	22610240.00
2018/10/23	7.40	7.60	7.26	7.26	2713000	20129654.00
2018/10/24	7.22	7.46	7.21	7.37	2006050	14786690.00
2018/10/25	7.10	7.30	7.01	7.20	1599200	11474354.00
2018/10/26	7.30	7.49	7.22	7.49	2419700	17907126.00
2018/10/29	7.50	7.50	7.15	7.21	1957450	14285612.00
2018/10/30	7.22	7.40	7.20	7.38	1702500	12478588.00
2018/10/31	7.43	7.54	7.34	7.41	1666050	12438802.00
2018/11/01	7.45	7.77	7.43	7.52	3706600	28226240.00
2018/11/02	7.68	7.75	7.58	7.73	2476550	19037210.00
2018/11/05	7.86	7.86	7.66	7.79	2800569	21727690.00
2018/11/06	7.75	7.82	7.66	7.82	1967241	15227484.00
2018/11/07	7.76	8.04	7.71	7.81	2635050	20764802.00
2018/11/08	7.85	7.98	7.81	7.83	1172950	9245864.00
2018/11/09	7.98	8.11	7.76	7.97	2467450	19703996.00
2018/11/12	7.98	8.16	7.90	8.16	1517900	12284225.00
2018/11/13	8.10	8.37	8.06	8.30	2005828	16556765.00
2018/11/14	8.38	8.45	8.24	8.28	1578278	13166529.00
2018/11/15	8.35	8.51	8.23	8.50	2505987	21029032.00
2018/11/16	8.51	8.72	8.42	8.62	1984300	17114004.00
2018/11/19	8.57	8.66	8.46	8.60	1753927	14967463.00
2018/11/20	8.56	8.58	8.31	8.40	1934300	16282438.00
2018/11/21	8.30	8.50	8.28	8.50	1155302	9724296.00
2018/11/22	8.47	8.60	8.46	8.46	847400	7228823.50
2018/11/23	8.48	8.55	8.00	8.10	1914550	15704704.00
2018/11/26	7.99	8.43	7.99	8.30	1350700	11219798.00
2018/11/27	8.42	8.78	8.30	8.53	1769800	15109400.00
2018/11/28	8.45	9.38	8.40	9.38	8738027	80623712.00
2018/11/29	10.32	10.32	9.00	9.00	16153277	161263776.00
2018/11/30	8.22	8.92	8.10	8.56	13862301	115479896.00
2018/12/03	8.54	9.00	8.51	8.77	10154964	88825128.00
2018/12/04	8.82	8.82	7.89	8.55	6315488	53931436.00
2018/12/05	8.37	8.51	8.25	8.33	4269892	35632104.00
2018/12/06	8.31	8.35	7.90	7.90	4294150	34730360.00
2018/12/07	7.93	8.07	7.91	7.93	2357150	18817936.00
2018/12/10	7.97	8.04	7.77	7.80	2212700	17474794.00
2018/12/11	7.90	8.06	7.85	8.04	2701137	21596828.00
2018/12/12	8.10	8.12	7.94	7.95	2036987	16281681.00
2018/12/13	7.98	8.12	7.85	8.02	2611637	20903280.00
2018/12/14	7.97	8.05	7.55	7.63	2477250	19419632.00
2018/12/17	7.58	7.81	7.58	7.77	1276650	9825188.00
2018/12/18	7.74	7.83	7.58	7.65	1325758	10195200.00
2018/12/19	7.72	7.82	7.57	7.59	1289819	9934413.00
2018/12/20	7.54	7.80	7.54	7.75	1858950	14343864.00
2018/12/21	7.81	7.94	7.73	7.88	2184650	17195888.00
2018/12/24	7.88	8.33	7.84	8.14	3850250	31278180.00
2018/12/25	8.08	8.29	7.68	8.29	4741024	38013848.00
2018/12/26	8.11	8.54	8.08	8.20	4823350	39882024.00
2018/12/27	8.30	8.41	8.01	8.02	3976450	32552410.00
2018/12/28	8.02	8.20	7.95	8.04	2361600	19114372.00
2019/01/02	8.11	8.84	8.04	8.84	3487300	30279450.00
2019/01/03	9.10	9.69	8.89	9.15	18402888	171114656.00
2019/01/04	8.58	9.04	8.58	8.91	10613658	93300512.00
2019/01/07	8.85	9.51	8.78	9.25	11231467	103023432.00
2019/01/08	9.10	9.20	8.83	8.94	7424186	66783940.00
2019/01/09	8.99	9.09	8.75	8.77	7328792	65183488.00
2019/01/10	8.80	9.02	8.68	8.88	4886277	43167380.00
2019/01/11	8.91	9.35	8.90	9.01	6964750	63262764.00
2019/01/14	8.91	9.02	8.61	8.83	5077550	44547568.00
2019/01/15	8.73	8.83	8.65	8.81	3731825	32661242.00
2019/01/16	8.80	8.95	8.66	8.67	2942400	25871912.00
2019/01/17	8.68	8.83	8.46	8.55	2566654	22170144.00
2019/01/18	8.47	8.61	8.32	8.53	1947450	16509416.00
2019/01/21	8.51	8.76	8.41	8.71	2674600	23122262.00
2019/01/22	8.71	8.75	8.48	8.52	1916800	16426810.00
2019/01/23	8.46	8.79	8.34	8.65	1969000	16749098.00
2019/01/24	8.56	8.74	8.54	8.65	2188000	18935678.00
2019/01/25	8.59	8.65	8.38	8.38	1741950	14848445.00
2019/01/28	8.42	8.55	8.13	8.23	1619300	13509965.00
2019/01/29	8.21	8.22	7.70	7.97	1967121	15601075.00
2019/01/30	7.81	7.94	7.64	7.65	1429000	11165027.00
2019/01/31	7.55	7.84	7.51	7.57	1527350	11713526.00
2019/02/01	7.63	7.88	7.63	7.85	1389987	10854003.00
2019/02/11	7.99	8.13	7.82	8.08	1374750	11064413.00
2019/02/12	8.07	8.24	8.07	8.23	1914750	15651916.00
2019/02/13	8.15	8.42	8.15	8.38	2577700	21432608.00
2019/02/14	8.29	8.45	8.25	8.34	2278900	19022672.00
2019/02/15	8.37	8.45	8.32	8.33	1954400	16376005.00
2019/02/18	8.35	9.08	8.35	8.92	6913100	60404160.00
2019/02/19	8.90	9.68	8.79	9.28	10297137	94109336.00
2019/02/20	9.06	10.21	8.74	10.21	13222278	124793048.00
2019/02/21	11.23	11.23	11.23	11.23	5005825	56215416.00
2019/02/22	12.35	12.35	11.90	12.35	31420964	386315744.00
2019/02/25	12.75	13.59	12.35	13.59	24233861	318105216.00
2019/02/26	14.60	14.95	12.70	12.79	33201624	471407648.00
2019/02/27	12.10	12.26	11.51	11.54	29097848	339943328.00
2019/02/28	11.25	11.78	11.23	11.48	13327925	153056992.00
2019/03/01	11.47	11.78	11.27	11.74	13188945	152120336.00
2019/03/04	12.30	12.33	11.79	11.88	18175660	219746976.00
2019/03/05	11.69	12.70	11.43	12.66	19870523	241850272.00
2019/03/06	12.51	12.65	12.06	12.64	18711296	231717200.00
2019/03/07	12.40	13.78	12.31	13.26	22667250	291852384.00
2019/03/08	12.58	12.90	11.93	11.93	13235253	163860688.00
2019/03/11	11.73	12.25	11.35	12.25	8919203	105976360.00
2019/03/12	12.15	12.50	11.94	12.31	10076200	123374664.00
2019/03/13	12.24	12.24	11.21	11.49	8822753	103647320.00
2019/03/14	11.40	11.65	10.85	11.10	6696453	75118016.00
2019/03/15	11.18	11.38	11.00	11.29	4655750	52265844.00
2019/03/18	11.30	11.47	11.17	11.47	5179753	58824552.00
2019/03/19	11.50	11.69	11.31	11.54	4863053	55938972.00
2019/03/20	11.44	11.60	11.17	11.49	3808100	43447616.00
2019/03/21	11.47	12.09	11.34	11.84	10148090	119726776.00
2019/03/22	11.85	12.04	11.45	11.61	7050500	82327296.00
2019/03/25	11.13	11.50	11.12	11.20	5328250	60360984.00
2019/03/26	11.25	11.55	10.82	10.91	6009346	67742168.00
2019/03/27	11.02	11.28	10.74	11.18	4129300	45689680.00
2019/03/28	11.27	11.70	10.99	11.25	5848550	66688180.00
2019/03/29	11.15	11.58	11.00	11.56	4784350	54262760.00
2019/04/01	11.63	11.96	11.48	11.84	7472220	88110440.00
2019/04/02	11.80	12.15	11.75	12.05	9506903	113658976.00
2019/04/03	11.94	11.98	11.70	11.87	6028750	71224808.00
2019/04/04	11.86	11.90	11.51	11.58	5198550	60641272.00
2019/04/08	11.72	11.75	11.12	11.30	4022000	45935116.00
2019/04/09	11.37	11.52	11.22	11.48	3232450	36901700.00
2019/04/10	11.32	11.39	11.08	11.24	4387850	49268392.00
2019/04/11	11.30	11.30	11.01	11.03	3068100	34232496.00
2019/04/12	11.00	11.20	10.90	11.05	2504335	27656942.00
2019/04/15	11.11	11.33	10.90	10.93	2877900	32155160.00
2019/04/16	10.80	11.48	10.80	11.46	5200950	58575380.00
2019/04/17	11.45	11.59	11.25	11.39	4801100	54729048.00
2019/04/18	11.36	11.96	11.23	11.93	8449535	98066600.00
2019/04/19	11.81	12.42	11.59	12.30	11822887	141657616.00
2019/04/22	12.10	12.21	11.60	11.63	8009112	96039536.00
2019/04/23	11.56	11.62	10.94	10.98	6331400	70629128.00
2019/04/24	10.98	11.32	10.96	11.24	3963565	44244148.00
2019/04/25	11.19	11.25	10.35	10.35	4902600	52911068.00
2019/04/26	10.33	10.61	10.28	10.28	2892400	30131644.00
2019/04/29	10.29	10.41	9.71	9.72	3559550	35598040.00
2019/04/30	9.75	10.30	9.75	10.09	3306049	33459166.00
2019/05/06	9.88	9.88	9.08	9.08	4038800	37644020.00
2019/05/07	9.05	9.28	8.92	9.09	2558900	23312554.00
2019/05/08	9.00	9.33	8.81	9.14	2456201	22486102.00
2019/05/09	9.06	9.30	9.06	9.16	1943650	17891092.00
2019/05/10	9.30	9.55	9.10	9.52	3301811	30998812.00
2019/05/13	9.38	9.68	9.35	9.40	2292284	21797360.00
2019/05/14	9.30	10.30	9.30	10.02	6545574	64634364.00
2019/05/15	9.96	10.11	9.71	10.03	4847176	48145020.00
2019/05/16	9.80	9.98	9.80	9.97	3004700	29784742.00
2019/05/17	10.97	10.97	10.97	10.97	3608200	39581952.00
2019/05/20	10.90	10.90	10.00	10.30	8474875	88747576.00
2019/05/21	10.40	10.50	10.06	10.35	5569300	57347352.00
2019/05/22	10.33	10.69	10.10	10.53	6384425	66656572.00
2019/05/23	10.29	10.34	9.48	9.51	5932050	58782252.00
2019/05/24	9.39	9.75	9.39	9.46	2834850	27240310.00
2019/05/27	9.53	10.10	9.48	9.99	3831284	37800360.00
2019/05/28	10.27	10.40	10.07	10.13	4745751	48466364.00
2019/05/29	10.41	10.45	10.19	10.25	3551787	36681264.00
2019/05/30	10.41	10.41	10.05	10.11	3110751	31720390.00
2019/05/31	10.30	11.12	10.20	11.12	7542926	83339448.00
2019/06/03	11.27	12.00	11.12	11.60	21621326	251963264.00
2019/06/04	11.36	11.55	10.82	10.86	10465100	116771312.00
2019/06/05	11.40	11.50	10.98	11.13	8319321	93358960.00
2019/06/06	10.64	10.80	10.02	10.02	8990828	93778176.00
2019/06/10	9.84	11.02	9.84	11.02	2800247	30234664.00
2019/06/11	11.92	12.12	11.40	12.12	18156346	216970144.00
2019/06/12	12.57	13.33	12.52	13.33	14471537	188023456.00
2019/06/13	13.65	13.97	12.00	12.00	29927289	377773088.00
2019/06/14	11.57	11.70	11.02	11.16	17320011	196629488.00
2019/06/17	11.19	11.41	10.90	11.09	10692552	119128944.00
2019/06/18	10.98	11.28	10.97	11.11	7266850	81056208.00
2019/06/19	11.40	11.45	11.02	11.07	8287184	93182216.00
2019/06/20	10.91	10.97	10.50	10.89	9502647	102138064.00
2019/06/21	11.08	11.50	11.00	11.36	12044950	135781056.00
2019/06/24	11.28	11.39	11.11	11.35	7066650	79568992.00
2019/06/25	11.30	11.32	10.84	11.04	5727550	63120944.00
2019/06/26	10.95	11.28	10.90	10.98	5208600	57967772.00
2019/06/27	11.03	11.27	10.98	11.11	5375497	59780664.00
2019/06/28	11.06	11.06	10.50	10.68	5506250	58789300.00
2019/07/01	10.90	11.06	10.81	10.98	5271500	57633460.00
2019/07/02	10.90	10.98	10.72	10.76	4073347	44125132.00
2019/07/03	10.60	10.78	10.38	10.43	4039200	42607452.00
2019/07/04	10.53	10.72	10.20	10.25	3566400	36885568.00
2019/07/05	10.25	10.41	10.24	10.37	2589250	26753148.00
2019/07/08	10.30	10.34	9.66	9.86	4357950	43163816.00
2019/07/09	9.82	10.10	9.74	10.03	2578250	25571302.00
2019/07/10	9.92	10.10	9.73	9.90	3078250	30550164.00
2019/07/11	9.95	10.00	9.76	9.80	2494150	24666684.00
2019/07/12	9.87	9.90	9.68	9.71	1782800	17436050.00
2019/07/15	9.70	10.07	9.56	9.93	3113741	30710480.00
2019/07/16	9.88	10.17	9.86	10.00	2905709	29202822.00
2019/07/17	10.03	10.22	10.02	10.12	2765516	28044432.00
2019/07/18	9.97	10.05	9.65	9.86	2690353	26607926.00
2019/07/19	9.94	10.11	9.78	9.85	1859902	18459070.00
2019/07/22	9.85	9.87	9.05	9.29	2566138	24301452.00
2019/07/23	9.46	9.98	9.36	9.88	4626221	45300688.00
2019/07/24	10.09	10.18	9.94	10.07	3724898	37586388.00
2019/07/25	10.14	10.15	9.96	10.03	2677311	26953962.00
2019/07/26	10.16	10.60	9.93	10.18	6611951	67717080.00
2019/07/29	10.19	10.24	9.95	10.02	3503977	35304008.00
2019/07/30	10.12	10.33	10.02	10.16	2931859	29911254.00
2019/07/31	10.90	10.92	10.21	10.23	6838437	71815160.00
2019/08/01	9.90	10.12	9.90	9.96	4120483	41152548.00
2019/08/02	9.75	9.80	9.53	9.65	3642950	35190908.00
2019/08/05	9.72	9.96	9.66	9.73	3846053	37880876.00
2019/08/06	9.63	9.70	9.15	9.56	3422750	32473066.00
2019/08/07	9.68	9.70	9.30	9.30	2984100	28262450.00
2019/08/08	9.33	9.46	9.30	9.36	2016327	18916116.00
2019/08/09	9.39	9.50	9.15	9.18	1951975	18140726.00
2019/08/12	9.25	9.40	9.12	9.36	2088505	19240702.00
2019/08/13	9.27	9.41	9.16	9.41	1897417	17688444.00
2019/08/14	9.46	9.60	9.31	9.38	2338753	22077010.00
2019/08/15	9.03	9.36	8.98	9.34	2182939	20027284.00
2019/08/16	9.30	9.48	9.30	9.33	1667813	15670926.00
2019/08/19	9.42	9.68	9.34	9.66	2992940	28663276.00
2019/08/20	9.90	10.63	9.90	10.13	11915872	124395104.00
2019/08/21	9.90	9.93	9.77	9.84	8572897	84326560.00
2019/08/22	9.84	9.93	9.72	9.87	3645888	35781480.00
2019/08/23	9.81	9.90	9.66	9.69	2912094	28393216.00
2019/08/26	9.43	9.71	9.35	9.66	2400100	22950410.00
2019/08/27	9.75	9.87	9.59	9.82	2720272	26650842.00
2019/08/28	9.90	9.99	9.76	9.90	2714014	26773240.00
2019/08/29	9.87	10.17	9.84	9.89	3356322	33477464.00
2019/08/30	9.91	10.08	9.60	9.65	3091177	30263616.00
2019/09/02	9.62	10.03	9.61	9.99	3523600	34702492.00
2019/09/03	9.96	10.25	9.90	10.18	5556090	56110768.00
2019/09/04	10.14	10.33	10.09	10.21	3578250	36463532.00
2019/09/05	10.35	10.46	10.23	10.25	4883256	50564724.00
2019/09/06	10.25	10.74	10.25	10.41	7782900	82033848.00
2019/09/09	10.50	11.45	10.39	11.45	10693994	118792848.00
2019/09/10	11.37	11.44	10.92	11.11	16533555	183431184.00
2019/09/11	11.00	11.04	10.70	10.92	8980324	97552360.00
2019/09/12	10.80	11.04	10.74	10.91	6867644	74568608.00
2019/09/16	10.96	11.10	10.78	10.99	7547244	82699344.00
2019/09/17	10.93	10.93	10.41	10.60	5600950	59652080.00
2019/09/18	10.60	10.74	10.57	10.63	2987150	31851888.00
2019/09/19	10.64	10.85	10.55	10.82	3906272	41899484.00
2019/09/20	10.78	10.96	10.60	10.62	3504472	37639544.00
2019/09/23	10.58	11.05	10.51	10.91	6916050	75138680.00
2019/09/24	10.86	11.11	10.81	10.91	7050240	77333360.00
2019/09/25	10.82	11.19	10.68	10.76	8603250	94719872.00
2019/09/26	10.60	10.80	9.99	10.04	6200100	63723712.00
2019/09/27	10.06	11.04	10.06	10.82	13861988	149542768.00
2019/09/30	10.70	10.91	10.11	10.34	8231258	86073592.00
2019/10/08	10.22	11.37	10.22	11.37	23008596	258075392.00
2019/10/09	11.05	11.28	10.76	11.14	17725567	195279888.00
2019/10/10	11.07	11.92	11.00	11.49	19297111	220786832.00
2019/10/11	11.39	11.40	11.00	11.18	10969952	122976000.00
2019/10/14	11.24	11.78	11.13	11.55	13592160	156456080.00
2019/10/15	11.28	11.28	10.85	11.05	9737838	107428776.00
2019/10/16	11.05	11.14	10.46	10.60	8979188	96251696.00
2019/10/17	10.60	10.67	10.35	10.41	5049745	52982584.00
2019/10/18	10.37	10.60	10.25	10.50	4589850	47933800.00
2019/10/21	10.55	10.57	10.01	10.19	5044603	51471228.00
2019/10/22	10.02	10.35	10.01	10.27	3326238	33857560.00
2019/10/23	10.16	10.48	10.16	10.30	3120238	32145330.00
2019/10/24	10.22	10.48	10.17	10.40	2908250	30058010.00
2019/10/25	10.40	10.40	10.10	10.30	2781650	28491464.00
2019/10/28	10.30	10.65	10.22	10.62	4949788	52217228.00
2019/10/29	10.78	10.89	10.16	10.17	4606950	47984596.00
2019/10/30	10.14	10.34	10.03	10.09	2507890	25540600.00
2019/10/31	10.10	10.26	9.57	9.61	5646002	55379880.00
2019/11/01	9.50	9.84	9.45	9.74	2991600	29099242.00
2019/11/04	9.88	9.91	9.66	9.68	2386240	23359758.00
2019/11/05	9.71	9.77	9.61	9.65	1817900	17589096.00
2019/11/06	9.65	9.65	9.22	9.37	3641290	34212368.00
2019/11/07	9.40	9.50	9.33	9.42	2199800	20733108.00
2019/11/08	9.46	9.56	9.31	9.32	2048400	19308552.00
2019/11/11	9.30	9.30	9.00	9.03	2102550	19128272.00
2019/11/12	9.21	9.21	8.98	9.16	2303650	20943882.00
2019/11/13	9.16	9.18	9.00	9.08	1345000	12170694.00
2019/11/14	9.14	9.18	9.03	9.18	1772481	16177529.00
2019/11/15	9.17	9.18	8.91	8.97	2265400	20475200.00
2019/11/18	8.96	9.12	8.88	9.10	1552450	14043813.00
2019/11/19	9.10	9.35	9.02	9.35	2622100	24232044.00
2019/11/20	9.33	9.37	9.13	9.17	2051900	18966884.00
2019/11/21	9.18	9.32	9.15	9.27	1456062	13442844.00
2019/11/22	9.25	9.44	9.02	9.13	2272450	20976984.00
2019/11/25	9.05	9.15	8.91	8.95	1579350	14195080.00
2019/11/26	9.05	9.10	8.89	8.93	819850	7362331.50
2019/11/27	8.95	9.00	8.87	8.94	934400	8337652.50
2019/11/28	8.98	9.04	8.91	8.93	782800	7005624.00
2019/11/29	8.90	8.98	8.89	8.95	848052	7572013.50
2019/12/02	8.99	9.05	8.91	9.04	1038412	9359206.00
2019/12/03	9.04	9.06	8.93	9.05	1322150	11892785.00
2019/12/04	9.01	9.13	8.97	9.09	1164650	10563176.00
2019/12/05	9.11	9.28	9.03	9.22	1883650	17342126.00
2019/12/06	9.24	9.29	9.15	9.27	1519505	14040529.00
2019/12/09	9.22	9.36	9.22	9.33	1679254	15625213.00
2019/12/10	9.31	9.34	9.12	9.32	2111150	19491336.00
2019/12/11	9.31	9.35	9.16	9.32	1927861	17869136.00
2019/12/12	9.30	9.54	9.22	9.27	2854376	26749758.00
2019/12/13	9.31	9.42	9.20	9.40	2320293	21601938.00
2019/12/16	9.45	9.55	9.31	9.54	2676400	25312532.00
2019/12/17	9.56	9.68	9.53	9.64	3069113	29538202.00
2019/12/18	9.60	9.72	9.58	9.71	3683685	35548364.00
2019/12/19	9.66	10.16	9.66	9.79	4256618	41939892.00
2019/12/20	9.72	9.78	9.50	9.52	3331099	32081136.00
2019/12/23	9.50	9.57	9.17	9.17	2393250	22378768.00
2019/12/24	9.26	9.45	9.15	9.42	2148090	20039216.00
2019/12/25	9.45	9.55	9.34	9.46	1868200	17659630.00
2019/12/26	9.39	9.58	9.39	9.58	2068779	19671360.00
2019/12/27	9.60	9.65	9.41	9.48	2346659	22342676.00
2019/12/30	9.41	9.41	9.19	9.32	2321812	21593892.00
2019/12/31	9.37	9.43	9.26	9.36	1834060	17132758.00
2020/01/02	9.41	9.64	9.41	9.63	2723465	26020498.00
2020/01/03	9.48	9.66	9.48	9.61	3336399	31979012.00
2020/01/06	9.55	9.78	9.48	9.68	3700292	35717648.00
2020/01/07	9.65	9.86	9.63	9.86	3779660	36842944.00
2020/01/08	9.76	9.85	9.52	9.58	3627073	35141204.00
2020/01/09	9.67	9.79	9.64	9.72	3029093	29460342.00
2020/01/10	9.77	9.78	9.58	9.70	2506900	24298180.00
2020/01/13	9.68	9.85	9.56	9.83	3754944	36550712.00
2020/01/14	9.80	10.71	9.77	10.06	10627455	107506408.00
2020/01/15	10.15	10.45	10.08	10.28	10306461	105863872.00
2020/01/16	10.11	10.14	9.81	9.85	7164900	71174168.00
2020/01/17	9.80	9.84	9.66	9.66	3634517	35387616.00
2020/01/20	9.64	9.65	9.30	9.52	4496046	42511856.00
2020/01/21	9.46	9.50	9.26	9.27	2986211	27888566.00
2020/01/22	9.20	9.40	9.05	9.33	2810264	25903254.00
2020/01/23	9.33	9.33	8.80	8.88	3747720	33849492.00
2020/02/03	7.99	7.99	7.99	7.99	329200	2630308.00
2020/02/04	7.19	7.70	7.19	7.51	5281697	39363112.00
2020/02/05	7.51	7.90	7.50	7.75	3928920	30518952.00
2020/02/06	7.86	8.23	7.78	8.15	4724069	37903624.00
2020/02/07	8.10	8.49	7.99	8.48	4451016	36643172.00
2020/02/10	8.38	8.78	8.30	8.47	3581459	30275328.00
2020/02/11	8.48	8.57	8.32	8.34	2599035	21812788.00
2020/02/12	8.26	8.46	8.22	8.42	2961250	24806632.00
2020/02/13	8.31	8.43	8.21	8.29	3283393	27250996.00
2020/02/14	8.26	8.36	8.15	8.23	3009758	24879592.00
2020/02/17	8.34	8.57	8.30	8.57	3626775	30743054.00
2020/02/18	8.58	8.85	8.51	8.80	5120039	44457780.00
2020/02/19	8.77	9.24	8.71	9.24	7665347	68864152.00
2020/02/20	9.20	9.45	8.99	9.35	9605132	88249600.00
2020/02/21	9.19	10.29	9.19	10.29	18735776	189095968.00
2020/02/24	11.00	11.32	10.25	11.32	17473065	192252672.00
2020/02/25	12.45	12.45	12.09	12.45	15879459	197544880.00
2020/02/26	13.70	13.70	13.70	13.70	2490300	34117112.00
2020/02/27	14.00	14.00	12.33	12.33	34046675	432889248.00
2020/02/28	11.10	11.40	11.10	11.10	6072100	67458752.00
2020/03/02	11.25	12.21	10.18	12.21	33555656	377807584.00
2020/03/03	13.43	13.43	12.60	12.80	51937486	688508352.00
2020/03/04	12.00	12.75	11.52	11.54	41902929	498149792.00
2020/03/05	11.68	12.40	11.54	11.68	29181296	348731008.00
2020/03/06	11.30	12.11	10.51	11.67	23433993	269240544.00
2020/03/09	11.73	12.45	11.30	11.33	23216818	276813856.00
2020/03/10	11.32	12.17	10.74	12.11	22943329	267756112.00
2020/03/11	12.10	12.28	11.36	11.41	22164198	262028816.00
2020/03/12	11.00	11.20	10.53	10.78	16725588	181965392.00
2020/03/13	10.00	10.77	9.99	10.45	14295200	148207104.00
2020/03/16	10.55	10.94	9.76	9.87	14120784	146380416.00
2020/03/17	9.76	10.14	9.42	9.72	12050488	118178048.00
2020/03/18	9.84	10.05	9.34	9.34	11525000	112718384.00
2020/03/19	9.41	9.80	9.20	9.68	11241560	106883240.00
2020/03/20	9.76	9.83	9.35	9.62	9120800	87723224.00
2020/03/23	9.34	9.70	9.10	9.18	8476800	79927464.00
2020/03/24	9.45	9.66	9.19	9.63	9542298	90524416.00
2020/03/25	9.80	9.89	9.57	9.67	9109300	88291640.00
2020/03/26	9.55	9.75	9.43	9.51	6544000	62809328.00
2020/03/27	9.68	9.68	9.31	9.31	5913290	55981608.00
2020/03/30	9.20	9.21	8.76	8.99	7099560	63533820.00
2020/03/31	9.14	9.15	8.72	8.74	5395850	48074188.00
2020/04/01	8.78	9.07	8.67	8.79	6697148	59720296.00
2020/04/02	8.71	9.19	8.71	9.15	5587350	50083672.00
2020/04/03	9.29	9.44	8.98	9.09	6870250	62949568.00
2020/04/07	9.21	9.53	9.19	9.44	7283490	68354224.00
2020/04/08	9.39	9.58	9.39	9.52	5231150	49680404.00
2020/04/09	9.70	10.00	9.59	9.87	10007870	98056016.00
2020/04/10	9.70	9.84	9.31	9.42	7510050	71770440.00
2020/04/13	9.54	9.54	9.12	9.25	4522950	41698456.00
2020/04/14	9.25	9.35	9.14	9.33	4108750	38034636.00
2020/04/15	9.28	9.37	9.06	9.06	3714050	34127072.00
2020/04/16	9.08	9.30	8.92	9.25	4692520	43191016.00
2020/04/17	9.29	9.39	8.99	9.01	4645700	42621540.00
2020/04/20	9.12	9.12	8.97	9.06	2958250	26728782.00
2020/04/21	9.15	9.21	8.88	8.98	4898215	44217032.00
2020/04/22	8.98	9.34	8.96	9.33	8970089	82165152.00
2020/04/23	9.53	10.26	9.46	10.26	7321450	73426728.00
2020/04/24	10.38	10.66	9.83	9.90	29591720	299692256.00
2020/04/27	9.77	10.57	9.75	9.99	22802042	232213248.00
2020/04/28	9.03	9.37	8.99	8.99	7246892	65627748.00
2020/04/29	8.13	8.35	8.09	8.09	18217330	148502384.00
2020/04/30	8.10	8.26	8.01	8.15	11022906	89672736.00
2020/05/06	8.03	8.30	8.02	8.27	7003032	57315796.00
2020/05/07	8.30	8.45	8.12	8.15	7357850	60898904.00
2020/05/08	8.28	8.61	8.22	8.45	10131156	85590104.00
2020/05/11	8.56	8.64	8.37	8.47	6673313	56490620.00
2020/05/12	8.50	8.53	8.21	8.39	5383515	44969368.00
2020/05/13	8.42	8.63	8.31	8.51	6928375	59107560.00
2020/05/14	8.51	8.60	8.33	8.41	6070075	51280984.00
2020/05/15	8.47	8.65	8.32	8.43	6985484	59044172.00
2020/05/18	8.47	8.47	8.20	8.24	5845034	48438760.00
2020/05/19	8.33	8.49	8.22	8.48	6802047	56973056.00
2020/05/20	8.42	8.79	8.26	8.52	10848747	92288432.00
2020/05/21	8.72	8.91	8.36	8.65	12079528	104599336.00
2020/05/22	8.44	8.60	8.26	8.30	8574200	72204440.00
2020/05/25	8.20	8.34	8.10	8.15	5006900	41156672.00
2020/05/26	8.24	8.45	8.16	8.43	6781522	56516620.00
2020/05/27	8.48	8.48	8.23	8.29	5159406	43035252.00
2020/05/28	8.28	8.36	8.05	8.24	4926850	40414400.00
2020/05/29	8.34	8.68	8.21	8.35	8880100	74860712.00
2020/06/01	8.35	8.80	8.33	8.67	10085600	86606928.00
2020/06/02	8.79	9.07	8.68	8.85	9961300	88217624.00
2020/06/03	8.86	8.95	8.65	8.77	8704550	76674864.00
2020/06/04	8.80	8.85	8.64	8.69	5927450	51528260.00
2020/06/05	8.69	8.92	8.54	8.64	4606200	39983012.00
2020/06/08	8.69	8.74	8.51	8.53	4042150	34894876.00
2020/06/09	8.53	8.57	8.48	8.56	3622850	30903688.00
2020/06/10	8.56	8.59	8.37	8.44	3119550	26341656.00
2020/06/11	8.48	8.54	8.37	8.39	2950200	24986114.00
2020/06/12	8.26	8.47	8.18	8.37	3762800	31314200.00
2020/06/15	8.33	8.46	8.27	8.31	2749250	23018372.00
2020/06/16	8.36	8.46	8.32	8.44	3080386	25901558.00
2020/06/17	8.45	8.47	8.33	8.40	3043000	25507596.00
2020/06/18	8.38	8.49	8.33	8.47	2901450	24433804.00
2020/06/19	8.49	8.49	8.37	8.39	2733000	22993498.00
2020/06/22	8.38	8.42	8.29	8.30	4408600	36743836.00
2020/06/23	8.32	8.52	8.22	8.37	6334600	52907444.00
2020/06/24	8.33	8.35	8.19	8.19	4182250	34476544.00
2020/06/29	8.17	8.17	8.01	8.04	3517200	28367460.00
2020/06/30	8.09	8.19	8.07	8.14	2487850	20229994.00
2020/07/01	8.17	8.20	8.07	8.11	2814000	22866360.00
2020/07/02	8.11	8.24	8.10	8.22	3566905	29249098.00
2020/07/03	8.24	8.35	8.20	8.33	4181850	34621780.00
2020/07/06	8.38	8.70	8.37	8.70	8175726	70168976.00
2020/07/07	8.76	9.02	8.65	8.78	9613650	85047184.00
2020/07/08	8.77	8.99	8.73	8.96	6592450	58628456.00
2020/07/09	9.07	9.27	8.90	9.22	7927196	72152776.00
2020/07/10	9.12	9.32	8.96	8.96	7458950	67928208.00
2020/07/13	9.03	9.50	9.01	9.36	8214099	76311672.00
2020/07/14	9.29	9.54	9.09	9.34	7525750	70038144.00
2020/07/15	9.33	9.38	8.94	8.98	6596952	59991860.00
2020/07/16	8.96	9.08	8.58	8.63	5742450	50975560.00
2020/07/17	8.66	8.82	8.54	8.60	4468450	38640448.00
2020/07/20	8.69	9.02	8.67	8.98	4947100	43845620.00
2020/07/21	9.07	9.15	8.85	8.98	4244758	38080316.00
2020/07/22	8.97	9.02	8.84	8.85	4278650	38259216.00
2020/07/23	8.80	8.90	8.51	8.75	5510697	47934972.00
2020/07/24	8.72	9.14	8.48	8.52	6510800	57169664.00
2020/07/27	8.49	8.61	8.30	8.43	3878850	32568374.00
2020/07/28	8.43	8.71	8.34	8.55	2964600	25290238.00
2020/07/29	8.49	8.76	8.43	8.74	3671850	31645208.00
2020/07/30	8.79	8.81	8.63	8.70	3164580	27598714.00
2020/07/31	8.64	9.02	8.64	9.00	5821245	51645696.00
2020/08/03	9.01	9.17	9.01	9.14	4619502	42105908.00
2020/08/04	9.10	9.15	8.91	9.11	6164646	55621468.00
2020/08/05	9.16	9.26	8.94	9.18	4729834	43189992.00
2020/08/06	9.19	9.30	8.86	9.25	5900050	54293928.00
2020/08/07	9.23	9.23	8.89	9.06	4719800	42654920.00
2020/08/10	9.00	9.35	9.00	9.31	5685600	52464308.00
2020/08/11	9.28	9.35	8.80	8.98	5205600	47436920.00
2020/08/12	9.00	9.06	8.73	9.05	5040800	44798736.00
2020/08/13	9.07	9.20	8.99	9.02	4628650	42073276.00
2020/08/14	9.02	9.22	8.86	9.20	4757750	43080708.00
2020/08/17	9.18	9.29	9.04	9.22	5914107	54443336.00
2020/08/18	9.23	9.33	9.16	9.25	4261110	39381988.00
2020/08/19	9.25	9.25	9.00	9.09	4678497	42566436.00
2020/08/20	9.06	9.11	8.88	8.94	3746898	33713668.00
2020/08/21	8.97	9.44	8.94	9.09	8884400	81245384.00
2020/08/24	9.09	9.38	8.83	9.27	6954261	63830680.00
2020/08/25	9.27	9.70	9.21	9.55	11850650	112565176.00
2020/08/26	9.53	9.75	9.29	9.45	8886600	84512600.00
2020/08/27	9.40	11.34	9.40	11.34	33983414	362807968.00
2020/08/28	11.40	11.40	10.21	10.54	33588427	355147744.00
2020/08/31	10.25	10.64	10.05	10.16	19184706	198325280.00
2020/09/01	10.08	10.76	9.89	10.66	22116758	229644720.00
2020/09/02	10.48	11.39	10.45	10.87	25899707	281469632.00
2020/09/03	10.82	10.82	10.23	10.40	14901039	156429600.00
2020/09/04	10.12	11.35	10.12	11.13	22357958	243344256.00
2020/09/07	11.10	12.80	10.88	12.04	30642508	355265216.00
2020/09/08	11.77	12.34	11.36	12.04	22579207	267191536.00
2020/09/09	11.68	11.98	10.32	10.45	22786620	258300560.00
2020/09/10	10.52	10.65	9.31	9.46	17685434	173933264.00
2020/09/11	9.30	9.87	9.16	9.70	10482557	100334488.00
2020/09/14	9.71	10.30	9.65	10.13	12397657	124681656.00
2020/09/15	10.27	10.42	10.00	10.27	10437610	106282032.00
2020/09/16	10.11	10.23	9.95	10.10	7181650	72290584.00
2020/09/17	10.00	10.34	10.00	10.13	7733824	78682880.00
2020/09/18	10.12	10.20	9.91	10.08	6490700	65263624.00
2020/09/21	10.17	10.17	9.82	10.01	6168750	61641112.00
2020/09/22	9.95	10.08	9.82	9.82	4476950	44487712.00
2020/09/23	9.90	10.16	9.88	9.96	4821900	48299888.00
2020/09/24	9.89	9.97	9.57	9.57	5369400	52286392.00
2020/09/25	9.66	9.67	9.39	9.43	3614150	34360152.00
2020/09/28	9.50	9.50	9.10	9.12	3212002	29739616.00
2020/09/29	9.12	9.54	9.12	9.32	3616650	33821792.00
2020/09/30	9.38	9.49	9.26	9.39	3532100	33102380.00
2020/10/09	9.53	9.72	9.48	9.67	3497800	33690012.00
2020/10/12	9.72	10.52	9.70	10.41	11404700	116963984.00
2020/10/13	10.34	10.72	10.20	10.56	10703416	112308616.00
2020/10/14	10.53	10.79	10.40	10.51	8716150	92296528.00
2020/10/15	10.48	10.85	10.35	10.59	9730400	103158808.00
2020/10/16	10.58	10.70	10.46	10.65	6643450	70454664.00
2020/10/19	10.71	10.97	10.46	10.50	6319650	67089140.00
2020/10/20	10.60	11.25	10.41	11.14	15797950	172299072.00
2020/10/21	11.33	11.94	10.83	11.56	26358015	299184192.00
2020/10/22	11.17	11.35	10.43	11.35	23125650	254094976.00
2020/10/23	11.23	12.52	11.01	12.05	34362983	406737792.00
2020/10/26	11.80	11.90	11.14	11.56	21767000	252366768.00
2020/10/27	11.31	11.75	11.21	11.40	18293308	209133184.00
2020/10/28	11.65	12.24	11.05	11.74	22449373	260806896.00
2020/10/29	11.25	12.78	11.03	12.41	28773748	340729792.00
2020/10/30	12.14	12.41	10.70	11.12	25382366	298321568.00
2020/11/02	11.24	12.30	11.22	12.02	25343350	300616992.00
2020/11/03	12.12	13.20	11.98	12.74	31150760	390003968.00
2020/11/04	12.51	12.58	11.86	12.40	22852850	278796672.00
2020/11/05	12.37	12.70	11.98	12.60	21832950	269618176.00
2020/11/06	12.47	12.48	11.55	11.72	16353420	194884256.00
2020/11/09	11.84	12.12	11.66	11.75	13234008	157943264.00
2020/11/10	11.73	11.74	11.06	11.17	13025300	147513168.00
2020/11/11	11.87	13.40	11.87	13.40	47187785	622431616.00
2020/11/12	12.88	16.08	12.88	16.08	63529511	959967360.00
2020/11/13	15.84	16.08	13.02	13.20	61388621	879236992.00
2020/11/16	12.71	14.42	12.71	13.58	51894545	709661120.00
2020/11/17	13.46	13.71	12.38	12.92	41558912	530493600.00
2020/11/18	12.49	12.78	12.11	12.22	33220166	409389984.00
2020/11/19	12.00	12.65	11.69	12.45	30585216	371865632.00
2020/11/20	12.30	13.70	12.21	12.75	36818738	474444288.00
2020/11/23	12.38	14.33	12.38	13.63	47950107	650620864.00
2020/11/24	13.12	14.25	12.98	13.39	36253247	489797632.00
2020/11/25	13.50	13.65	12.73	12.88	29837116	389787520.00
2020/11/26	12.65	12.86	12.08	12.20	23264950	286362560.00
2020/11/27	11.99	12.17	11.58	11.70	18510016	218741984.00
2020/11/30	11.70	11.88	11.52	11.56	13135966	153043696.00
2020/12/01	11.53	11.88	11.40	11.86	13647650	159225360.00
2020/12/02	11.80	11.83	11.45	11.55	12504650	145118368.00
2020/12/03	11.49	12.15	11.38	11.96	16804100	198274736.00
2020/12/04	11.96	12.05	11.61	11.84	11691250	137786784.00
2020/12/07	11.80	12.20	11.61	12.09	15291500	183132112.00
2020/12/08	12.11	12.24	11.75	11.76	9479300	112982304.00
2020/12/09	11.68	11.68	10.78	10.86	16123100	178171072.00
2020/12/10	10.75	10.93	10.63	10.76	7201300	77587344.00
2020/12/11	10.85	10.86	10.33	10.46	7137450	75265656.00
2020/12/14	10.64	10.74	10.45	10.59	5145150	54495252.00
2020/12/15	10.59	10.75	10.50	10.53	5669100	60014696.00
2020/12/16	10.42	10.52	10.07	10.13	7602650	77979576.00
2020/12/17	10.13	10.29	9.85	10.20	8728250	87964920.00
2020/12/18	10.21	10.29	9.95	9.97	7515200	75679232.00
2020/12/21	9.97	10.13	9.90	9.92	6172800	61648548.00
2020/12/22	9.95	9.95	9.55	9.62	7668200	74784720.00
2020/12/23	9.68	9.87	9.53	9.62	7025800	68208296.00
2020/12/24	9.58	9.58	9.16	9.18	9110100	84852408.00
2020/12/25	9.25	9.59	9.22	9.27	7239350	67909768.00
2020/12/28	9.30	9.36	8.99	9.06	6208550	56664840.00
2020/12/29	9.01	9.55	8.96	9.16	9367250	86907592.00
2020/12/30	9.19	9.28	9.12	9.13	5931750	54567368.00
2020/12/31	9.11	9.32	9.08	9.28	4903963	45316136.00
2021/01/04	9.18	9.33	8.79	9.28	7720400	71041808.00
2021/01/05	9.28	9.30	8.91	9.00	7832250	70908680.00
2021/01/06	9.03	9.07	8.49	8.54	9374100	81472600.00
2021/01/07	8.60	8.60	8.03	8.08	9276100	76315272.00
2021/01/08	8.14	8.38	7.94	8.06	8928950	72927856.00
2021/01/11	8.00	8.22	7.68	7.74	8109050	64180600.00
2021/01/12	7.74	8.05	7.61	7.69	6682200	52060068.00
2021/01/13	7.74	7.74	7.27	7.30	8364557	62167672.00
2021/01/14	7.37	7.50	7.22	7.39	6864007	50747008.00
2021/01/15	7.38	7.75	7.33	7.67	6922600	52637860.00
2021/01/18	7.73	8.05	7.68	7.97	7997600	63405840.00
2021/01/19	7.93	8.37	7.93	8.25	9822600	80499168.00
2021/01/20	8.29	8.35	8.05	8.23	6238100	50994676.00
2021/01/21	8.21	8.34	8.12	8.21	5554300	45792764.00
2021/01/22	8.24	8.25	7.99	8.18	5028450	40965312.00
2021/01/25	8.25	8.25	7.88	7.88	4776550	38227192.00
2021/01/26	7.84	8.15	7.70	7.81	3864750	30503904.00
2021/01/27	7.77	7.89	7.67	7.78	4219800	32758812.00
2021/01/28	7.69	7.97	7.62	7.68	5167200	40274048.00
2021/01/29	7.78	7.86	7.31	7.45	5383100	40418404.00
2021/02/01	7.40	7.57	7.31	7.38	3864900	28718234.00
2021/02/02	7.41	7.55	7.25	7.40	4608000	33993580.00
2021/02/03	7.36	7.74	7.20	7.63	8734600	64978916.00
2021/02/04	7.51	7.56	6.91	7.37	12910200	92826472.00
2021/02/05	7.27	7.47	7.09	7.33	6764550	49068308.00
2021/02/08	7.20	7.34	6.98	7.29	6276900	44853416.00
2021/02/09	7.35	7.75	7.29	7.59	7565900	56851240.00
2021/02/10	8.10	8.67	7.80	7.83	13471950	110286824.00
2021/02/18	7.95	8.25	7.78	8.05	8688700	69819904.00
2021/02/19	8.06	8.36	7.98	8.25	7172600	59013480.00
2021/02/22	8.37	8.66	8.31	8.36	8502650	72093424.00
2021/02/23	8.32	8.44	8.08	8.12	5547500	45533036.00
2021/02/24	8.16	8.34	8.08	8.13	4918050	40331236.00
2021/02/25	8.16	8.18	7.92	7.93	4668100	37497904.00
2021/02/26	7.91	8.52	7.77	8.23	9912000	81934080.00
2021/03/01	8.20	8.35	8.10	8.32	10799300	89005096.00
2021/03/02	8.40	8.58	8.28	8.33	10069500	84813416.00
2021/03/03	8.25	8.56	8.21	8.52	9017910	75873784.00
2021/03/04	8.44	8.60	8.36	8.39	6399560	54230216.00
2021/03/05	8.50	8.64	8.36	8.61	7022900	59852684.00
2021/03/08	8.57	8.70	8.45	8.46	6584100	56410788.00
2021/03/09	8.48	8.51	8.03	8.26	7355700	60852024.00
2021/03/10	8.34	8.55	8.03	8.13	5137100	42148296.00
2021/03/11	8.13	8.44	8.13	8.25	6775250	55877124.00
2021/03/12	8.26	8.36	8.04	8.08	4169000	33925972.00
2021/03/15	8.08	8.16	7.80	8.14	5811300	46099972.00
2021/03/16	8.13	8.32	8.05	8.30	5628550	46245064.00
2021/03/17	8.22	8.43	8.19	8.27	4948700	41106416.00
2021/03/18	8.28	8.34	8.06	8.15	4916050	40013036.00
2021/03/19	8.16	8.60	8.05	8.37	9592200	79888632.00
2021/03/22	8.33	8.34	8.18	8.30	4948100	40853568.00
2021/03/23	8.29	8.45	8.20	8.30	5355750	44502064.00
2021/03/24	8.26	8.36	8.12	8.17	4585300	37691820.00
2021/03/25	8.16	8.29	8.06	8.18	3720400	30368120.00
2021/03/26	8.22	8.40	8.13	8.22	5621610	46504860.00
2021/03/29	8.22	8.27	8.07	8.08	4255860	34749888.00
2021/03/30	8.11	8.19	7.73	7.74	5504400	43488188.00
2021/03/31	7.68	7.79	7.66	7.76	2304310	17791510.00
2021/04/01	7.82	7.82	7.65	7.69	2627450	20206042.00
2021/04/02	7.68	7.73	7.59	7.69	2005150	15394192.00
2021/04/06	7.74	7.86	7.70	7.83	2401360	18719516.00
2021/04/07	7.83	7.94	7.78	7.93	2176060	17125888.00
2021/04/08	7.91	7.94	7.76	7.77	3015400	23611370.00
2021/04/09	7.78	7.85	7.71	7.82	1958650	15251414.00
2021/04/12	7.81	7.81	7.58	7.58	2327150	17945348.00
2021/04/13	7.55	7.60	7.42	7.44	2584850	19376802.00
2021/04/14	7.46	7.57	7.39	7.56	1722000	12925209.00
2021/04/15	7.58	7.77	7.56	7.64	2648439	20325640.00
2021/04/16	7.64	7.94	7.61	7.88	3753000	29463468.00
2021/04/19	7.92	8.05	7.87	8.03	3506520	28057764.00
2021/04/20	8.00	8.12	8.00	8.04	3027750	24417952.00
2021/04/21	8.22	8.23	7.91	8.05	2813566	22650942.00
2021/04/22	8.03	8.13	8.01	8.07	2175800	17563416.00
2021/04/23	8.11	8.11	7.90	7.92	1831500	14565048.00
2021/04/26	7.92	8.10	7.88	8.02	2151900	17236228.00
2021/04/27	8.02	8.09	7.74	7.83	2381900	18647376.00
2021/04/28	7.79	7.89	7.64	7.67	1993150	15406548.00
2021/04/29	7.75	8.49	7.71	8.18	10860285	88970728.00
2021/04/30	8.09	8.17	7.75	7.77	6235250	49219972.00
2021/05/06	7.75	7.81	7.32	7.79	8119900	61461380.00
2021/05/07	7.73	8.40	7.69	8.37	12771495	104303168.00
2021/05/10	8.82	9.79	8.72	8.86	19055855	172828736.00
2021/05/11	8.59	8.79	8.37	8.45	12146367	103738152.00
2021/05/12	8.37	8.63	8.24	8.42	8834550	74588392.00
2021/05/13	8.38	8.80	8.30	8.79	10507704	90654688.00
2021/05/14	8.71	8.76	8.56	8.66	6851750	59160076.00
2021/05/17	8.51	8.52	8.20	8.29	7054653	58551876.00
2021/05/18	8.24	8.37	8.22	8.28	4104493	33991164.00
2021/05/19	8.22	8.76	8.06	8.69	10488883	88365528.00
2021/05/20	8.53	8.55	8.35	8.37	6053850	50965940.00
2021/05/21	8.34	8.55	8.24	8.48	6144448	51738928.00
2021/05/24	8.42	8.68	8.29	8.57	6404810	54128372.00
2021/05/25	8.62	8.67	8.38	8.47	5248008	44560324.00
2021/05/26	8.44	8.88	8.38	8.74	9087353	78907920.00
2021/05/27	8.70	9.14	8.68	8.95	10337218	92284928.00
2021/05/28	8.93	8.95	8.68	8.68	6167950	54110864.00
2021/05/31	8.66	8.85	8.65	8.74	4577630	40045640.00
2021/06/01	8.72	8.88	8.62	8.87	5237928	45947092.00
2021/06/02	8.87	8.94	8.56	8.59	5514850	47841328.00
2021/06/03	8.59	8.89	8.58	8.70	6062100	53092860.00
2021/06/04	8.68	8.86	8.61	8.62	5429800	47403860.00
2021/06/07	8.60	8.84	8.60	8.71	4205250	36704296.00
2021/06/08	8.71	9.02	8.51	9.00	10696050	94441808.00
2021/06/09	8.98	9.24	8.87	9.12	9603331	87595848.00
2021/06/10	9.07	9.44	9.01	9.36	10087400	93489184.00
2021/06/11	9.35	9.43	9.13	9.19	7413700	68676432.00
2021/06/15	9.18	10.52	9.15	9.91	19395008	190729984.00
2021/06/16	9.81	10.70	9.72	10.29	21105200	216682432.00
2021/06/17	10.00	10.27	9.81	10.06	14338578	143077664.00
2021/06/18	10.05	10.05	9.55	9.77	11131650	108062544.00
2021/06/21	9.68	9.92	9.60	9.87	8808200	86189016.00
2021/06/22	9.88	9.96	9.64	9.82	7501108	73194280.00
2021/06/23	9.80	9.82	9.44	9.51	8138950	77847592.00
2021/06/24	9.50	9.64	9.40	9.60	5964213	56913136.00
2021/06/25	9.60	9.66	9.06	9.15	8384900	77611536.00
2021/06/28	9.15	9.25	9.06	9.18	4329500	39655580.00
2021/06/29	9.14	9.32	8.89	8.99	6549000	59754728.00
2021/06/30	9.02	9.43	9.02	9.41	7348700	68215592.00
2021/07/01	9.52	9.71	9.15	9.17	9285600	87688656.00
2021/07/02	9.15	9.36	9.02	9.21	5024900	46154276.00
2021/07/05	9.13	9.67	9.10	9.65	8695930	82823672.00
2021/07/06	9.67	9.68	9.40	9.61	6447922	61464092.00
2021/07/07	9.58	9.61	9.30	9.41	5511400	51946468.00
2021/07/08	9.41	9.44	9.14	9.22	5121050	47421996.00
2021/07/09	9.20	9.49	9.13	9.46	5869250	54901064.00
2021/07/12	9.41	9.90	9.41	9.77	9523600	92906760.00
2021/07/13	9.71	10.35	9.69	10.19	12546522	127067248.00
2021/07/14	10.11	10.35	9.99	10.06	9154650	92821232.00
2021/07/15	10.10	10.27	9.56	9.69	8175600	80009384.00
2021/07/16	9.84	9.89	9.40	9.43	6236800	59600120.00
2021/07/19	9.44	9.54	9.12	9.54	6237808	58186220.00
2021/07/20	9.50	9.70	9.22	9.69	6922950	65384396.00
2021/07/21	9.71	10.27	9.68	9.98	9663400	96304592.00
2021/07/22	10.02	10.17	9.85	9.95	7358363	73408080.00
2021/07/23	9.96	10.02	9.51	9.52	6583300	63941012.00
2021/07/26	9.60	9.60	9.12	9.33	5155965	48130920.00
2021/07/27	9.38	9.86	9.20	9.22	9005850	85876560.00
2021/07/28	9.28	9.31	8.18	8.43	10830950	93335616.00
2021/07/29	8.49	8.94	8.48	8.87	7921650	69718440.00
2021/07/30	8.87	9.30	8.81	9.26	6549700	59690124.00
2021/08/02	9.27	9.73	9.27	9.65	7749102	74017504.00
2021/08/03	9.72	9.89	9.64	9.74	8813852	85984136.00
2021/08/04	9.77	9.96	9.77	9.87	5642163	55701696.00
2021/08/05	9.99	10.03	9.68	9.92	6279600	62147280.00
2021/08/06	9.97	10.05	9.80	10.04	5717950	56969956.00
2021/08/09	10.02	10.22	9.86	10.00	5183000	51776584.00
2021/08/10	10.00	10.32	9.90	10.27	7341963	75013624.00
2021/08/11	10.21	10.53	10.21	10.47	7940772	82508096.00
2021/08/12	10.40	10.57	10.24	10.31	5670797	58726488.00
2021/08/13	10.31	10.40	10.03	10.14	6196743	62910300.00
2021/08/16	10.25	10.25	9.88	10.08	4650000	46787656.00
2021/08/17	10.04	10.04	9.60	9.65	5456466	53439732.00
2021/08/18	9.65	9.80	9.56	9.78	3894850	37703332.00
2021/08/19	9.77	9.93	9.66	9.76	4317700	42327008.00
2021/08/20	9.63	9.88	9.43	9.88	4586200	44385168.00
2021/08/23	9.85	10.24	9.85	10.16	5681802	57574812.00
2021/08/24	10.23	10.33	9.96	10.00	5041400	51039144.00
2021/08/25	9.94	10.04	9.71	9.93	4449900	44100936.00
2021/08/26	9.88	9.93	9.54	9.59	4980469	48175960.00
2021/08/27	9.58	9.60	9.12	9.19	5296400	49185568.00
2021/08/30	9.21	9.31	9.01	9.08	4547500	41535584.00
2021/08/31	9.05	9.08	8.79	8.92	4461200	39761664.00
2021/09/01	8.92	9.01	8.65	8.82	4272350	37704184.00
2021/09/02	8.79	8.88	8.67	8.83	3166683	27860060.00
2021/09/03	8.88	9.05	8.77	8.86	4626550	41273964.00
2021/09/06	8.94	8.98	8.70	8.90	5278300	46328164.00
2021/09/07	8.82	8.98	8.80	8.92	4009263	35679480.00
2021/09/08	8.95	9.23	8.86	9.14	6394669	57953172.00
2021/09/09	9.15	9.15	8.91	8.95	4353850	39240640.00
2021/09/10	8.95	8.96	8.74	8.74	4089237	35968700.00
2021/09/13	8.73	8.85	8.50	8.84	3637550	31595784.00
2021/09/14	8.83	8.91	8.66	8.69	3169450	27846442.00
2021/09/15	8.72	8.77	8.59	8.75	1839200	16007728.00
2021/09/16	8.77	8.82	8.60	8.60	3003063	26068562.00
2021/09/17	8.52	8.65	8.30	8.44	3411100	28837264.00
2021/09/22	8.40	8.51	8.35	8.49	1480050	12512128.00
2021/09/23	8.52	8.71	8.52	8.64	1979050	17100968.00
2021/09/24	8.61	8.71	8.41	8.47	2832150	24026966.00
2021/09/27	8.58	8.59	8.18	8.23	4261894	35450084.00
2021/09/28	8.23	8.36	8.15	8.30	1676556	13852957.00
2021/09/29	8.23	8.38	8.20	8.24	1763600	14615856.00
2021/09/30	8.29	8.52	8.24	8.49	1677200	14091588.00
2021/10/08	8.52	8.80	8.52	8.73	2169350	18869652.00
2021/10/11	8.77	8.78	8.60	8.67	1511400	13072649.00
2021/10/12	8.67	8.68	8.51	8.59	1403300	12065307.00
2021/10/13	8.56	8.96	8.56	8.77	3987750	35066476.00
2021/10/14	8.72	8.75	8.51	8.58	2000000	17175044.00
2021/10/15	8.58	8.61	8.38	8.45	2021867	17132056.00
2021/10/18	8.45	8.55	8.40	8.52	1054100	8941633.00
2021/10/19	8.52	8.56	8.37	8.37	1250600	10591168.00
2021/10/20	8.40	8.46	8.38	8.38	1313300	11041608.00
2021/10/21	8.38	8.40	8.33	8.34	1403200	11730345.00
2021/10/22	8.35	8.39	8.11	8.15	1852694	15217591.00
2021/10/25	8.15	8.31	8.03	8.23	1258300	10310510.00
2021/10/26	8.23	8.41	8.11	8.15	1244400	10257577.00
2021/10/27	8.20	8.21	7.80	7.87	1934000	15355210.00
2021/10/28	7.87	7.92	7.67	7.67	1156100	8970606.00
2021/10/29	7.73	8.02	7.60	7.93	2249550	17708206.00
2021/11/01	7.90	8.03	7.89	7.93	1187747	9430487.00
2021/11/02	7.86	7.99	7.72	7.76	1321881	10377649.00
2021/11/03	7.69	7.96	7.65	7.85	1349400	10574535.00
2021/11/04	7.88	8.01	7.83	7.99	1379250	10956535.00
2021/11/05	7.95	8.25	7.90	8.13	2298750	18727850.00
2021/11/08	8.28	8.32	8.08	8.16	1607300	13127314.00
2021/11/09	8.20	8.25	8.14	8.22	1492000	12238086.00
2021/11/10	8.22	8.28	8.14	8.28	1824744	15007484.00
2021/11/11	8.28	8.51	8.23	8.39	2559047	21523546.00
2021/11/12	8.42	8.57	8.36	8.55	2551550	21596864.00
2021/11/15	8.55	8.69	8.46	8.66	2067550	17802502.00
2021/11/16	8.66	8.85	8.57	8.57	2879900	25043932.00
2021/11/17	8.55	8.83	8.54	8.74	2707691	23681814.00
2021/11/18	8.72	8.78	8.47	8.51	2563406	22043154.00
2021/11/19	8.47	8.71	8.47	8.68	2349006	20301238.00
2021/11/22	8.68	8.68	8.54	8.58	1555741	13362032.00
2021/11/23	8.58	8.65	8.51	8.60	1190300	10216858.00
2021/11/24	8.60	8.84	8.53	8.73	2801350	24420736.00
2021/11/25	8.75	8.87	8.67	8.78	2041350	17951852.00
2021/11/26	8.75	8.82	8.55	8.58	2189300	18889968.00
2021/11/29	8.56	8.61	8.48	8.54	1654500	14102121.00
2021/11/30	8.62	8.84	8.55	8.76	2935650	25663332.00
2021/12/01	8.76	8.96	8.71	8.95	2746350	24391856.00
2021/12/02	8.95	8.95	8.76	8.77	1591500	14050765.00
2021/12/03	8.80	8.90	8.74	8.87	1703550	15071994.00
2021/12/06	8.85	8.89	8.57	8.59	1950550	16931544.00
2021/12/07	8.60	8.75	8.48	8.56	1350591	11560827.00
2021/12/08	8.62	8.67	8.49	8.56	1221841	10475176.00
2021/12/09	8.55	8.61	8.52	8.55	1129200	9673360.00
2021/12/10	8.50	8.63	8.49	8.55	1121700	9606240.00
2021/12/13	8.61	9.50	8.61	8.98	11123350	101045096.00
2021/12/14	8.89	9.23	8.82	9.09	8831150	80246584.00
2021/12/15	9.05	9.17	8.95	9.12	4612900	41795800.00
2021/12/16	9.11	9.25	9.05	9.16	4378400	40073248.00
2021/12/17	9.10	9.35	9.02	9.24	4626451	42565196.00
2021/12/20	9.19	9.32	9.03	9.05	3658268	33439100.00
2021/12/21	9.06	9.40	9.03	9.22	3242750	29807026.00
2021/12/22	9.17	9.25	9.05	9.05	2668650	24373614.00
2021/12/23	9.07	9.72	8.91	8.94	8527350	78522080.00
2021/12/24	8.82	9.28	8.57	8.59	6525350	57311440.00
2021/12/27	8.50	8.67	8.43	8.57	2749450	23532052.00
2021/12/28	8.58	9.68	8.54	9.32	15766244	146666064.00
2021/12/29	9.40	9.42	9.04	9.13	7776000	71012416.00
2021/12/30	9.13	9.34	9.10	9.17	4969112	45646804.00
2021/12/31	9.27	9.42	9.18	9.27	4006095	37204592.00
2022/01/04	9.34	9.58	9.32	9.50	7247150	68719392.00
2022/01/05	9.48	9.65	9.29	9.42	4942600	46694648.00
2022/01/06	9.45	9.46	9.14	9.37	3399500	31814380.00
2022/01/07	9.41	9.65	9.15	9.20	4059700	37956412.00
2022/01/10	9.09	9.37	8.97	9.28	3906800	35998472.00
2022/01/11	9.30	9.80	9.29	9.63	8982300	85805312.00
2022/01/12	9.48	9.60	9.33	9.55	6203650	58697992.00
2022/01/13	9.58	9.68	9.34	9.39	4644719	43949092.00
2022/01/14	9.39	9.56	9.22	9.22	4027591	37734172.00
2022/01/17	9.20	9.59	9.20	9.54	6403741	60883568.00
2022/01/18	9.62	9.62	9.25	9.31	5451822	51230688.00
2022/01/19	9.29	9.76	9.28	9.75	10252998	98350392.00
2022/01/20	9.75	9.75	9.10	9.13	9114187	84779304.00
2022/01/21	9.23	10.05	9.14	9.50	9620650	91602168.00
2022/01/24	9.40	9.52	9.15	9.20	6172669	57482392.00
2022/01/25	9.25	9.28	8.46	8.56	7934869	69121240.00
2022/01/26	8.53	8.94	8.53	8.76	4678050	40768000.00
2022/01/27	8.90	8.90	8.12	8.18	6681750	55508672.00
2022/01/28	8.27	8.80	8.27	8.62	7315250	62827008.00
2022/02/07	8.74	8.88	8.27	8.35	4738900	39988140.00
2022/02/08	8.32	8.69	8.30	8.67	4816100	41045564.00
2022/02/09	8.61	10.40	8.61	9.41	21633093	206674000.00
2022/02/10	9.41	9.45	9.15	9.22	11665193	108039376.00
2022/02/11	9.20	9.28	8.92	8.97	8193050	73959544.00
2022/02/14	8.86	9.03	8.70	8.89	5154302	45806996.00
2022/02/15	8.90	8.95	8.60	8.74	5417200	47329384.00
2022/02/16	8.75	8.89	8.69	8.78	4181000	36701176.00
2022/02/17	8.76	8.84	8.58	8.61	4592250	39986780.00
2022/02/18	8.53	8.73	8.50	8.73	3103700	26860782.00
2022/02/21	8.77	9.27	8.73	9.25	9960800	90725784.00
2022/02/22	9.19	9.29	9.01	9.10	5453150	49736692.00
2022/02/23	9.69	10.12	9.29	9.89	20108337	195279856.00
2022/02/24	9.80	9.86	9.28	9.48	15203800	146179008.00
2022/02/25	9.70	10.00	9.56	9.69	11416800	111503888.00
2022/02/28	9.60	9.69	9.31	9.38	6520900	61447900.00
2022/03/01	9.49	9.65	9.35	9.49	5510150	52431920.00
2022/03/02	9.40	9.84	9.35	9.74	8506550	82184080.00
2022/03/03	9.75	9.81	9.50	9.54	5481950	52750148.00
2022/03/04	9.52	9.60	9.21	9.30	5412350	50818568.00
2022/03/07	9.26	9.42	9.15	9.29	4346300	40442084.00
2022/03/08	9.22	9.33	8.90	8.99	4606100	41961544.00
2022/03/09	9.05	9.13	8.35	8.75	6031550	52878260.00
2022/03/10	8.90	9.06	8.81	8.81	5761662	51506604.00
2022/03/11	8.70	8.86	8.51	8.83	5892550	51123632.00
2022/03/14	8.80	8.89	8.35	8.38	6281112	53616936.00
2022/03/15	8.30	8.37	7.90	7.92	5985600	48773612.00
2022/03/16	8.05	8.22	7.88	8.17	5001050	40336732.00
2022/03/17	8.23	8.37	8.12	8.20	4550300	37552440.00
2022/03/18	8.15	8.39	8.10	8.34	3876200	32207096.00
2022/03/21	8.31	8.41	8.22	8.35	3280450	27311214.00
2022/03/22	8.34	8.44	8.24	8.40	2962950	24741688.00
2022/03/23	8.41	8.72	8.33	8.63	6589800	56554960.00
2022/03/24	8.54	8.72	8.43	8.48	4379050	37465776.00
2022/03/25	8.46	8.82	8.46	8.48	4223900	36327952.00
2022/03/28	8.41	8.61	8.30	8.51	3093150	26122052.00
2022/03/29	8.41	8.55	8.20	8.25	3416200	28433956.00
2022/03/30	8.25	8.41	8.21	8.35	2696300	22428460.00
2022/03/31	8.35	8.53	8.30	8.43	2945400	24883432.00
2022/04/01	8.40	8.40	8.20	8.20	3117200	25751140.00
2022/04/06	8.20	8.52	8.19	8.44	3579200	30191358.00
2022/04/07	8.54	8.54	8.13	8.13	4113000	34010304.00
2022/04/08	8.18	8.19	7.93	7.98	2690400	21547252.00
2022/04/11	7.98	7.98	7.82	7.88	2751750	21656260.00
2022/04/12	7.87	8.08	7.84	8.06	1831150	14557398.00
2022/04/13	8.04	8.08	7.83	7.89	2047000	16274776.00
2022/04/14	7.89	8.10	7.88	7.96	1657150	13259388.00
2022/04/15	7.96	7.96	7.60	7.65	3118300	24078520.00
2022/04/18	7.62	8.05	7.49	7.94	3063000	24010118.00
2022/04/19	7.94	8.02	7.74	7.84	2020750	15875852.00
2022/04/20	7.84	8.00	7.76	7.80	1624500	12802317.00
2022/04/21	7.77	7.85	7.57	7.57	2312500	17701240.00
2022/04/22	7.54	7.54	7.35	7.39	2069800	15400384.00
2022/04/25	7.34	7.35	6.70	6.83	3467800	24140354.00
2022/04/26	6.94	6.94	6.40	6.43	2903156	19358722.00
2022/04/27	6.40	6.58	6.10	6.52	2868060	18216824.00
2022/04/28	6.49	6.55	6.31	6.39	2499188	16103291.00
2022/04/29	6.46	7.00	6.44	6.83	4342034	29618342.00
2022/05/05	6.85	7.13	6.74	7.03	2534072	17717148.00
2022/05/06	7.00	7.10	6.87	7.00	1864036	13065612.00
2022/05/09	7.05	7.38	7.05	7.13	1849800	13278499.00
2022/05/10	7.12	7.37	7.05	7.35	2439900	17696838.00
2022/05/11	7.36	7.44	7.19	7.25	2225800	16371685.00
2022/05/12	7.21	7.40	7.15	7.35	1918650	14082172.00
2022/05/13	7.40	7.48	7.34	7.43	1921750	14256048.00
2022/05/16	7.51	7.55	7.31	7.34	1801500	13321161.00
2022/05/17	7.32	7.40	7.24	7.38	1705800	12525980.00
2022/05/18	7.41	7.51	7.28	7.44	1502250	11197196.00
2022/05/19	7.44	7.49	7.31	7.47	1462082	10856018.00
2022/05/20	7.52	7.53	7.40	7.44	1776500	13228047.00
2022/05/23	7.41	7.51	7.37	7.49	2022450	15097538.00
2022/05/24	7.47	7.62	7.13	7.14	2449900	18016076.00
2022/05/25	7.16	7.32	7.08	7.31	1790000	12992340.00
2022/05/26	7.36	7.47	7.19	7.43	1595550	11716182.00
2022/05/27	7.43	7.54	7.39	7.48	1865950	13931361.00
2022/05/30	7.48	7.52	7.35	7.51	2000600	14948178.00
2022/05/31	7.51	7.59	7.42	7.56	1656900	12465249.00
2022/06/01	7.60	8.08	7.53	7.71	4311600	33372928.00
2022/06/02	7.70	7.70	7.50	7.63	3288782	24959812.00
2022/06/06	7.65	7.80	7.63	7.73	2838930	21950046.00
2022/06/07	7.75	7.75	7.51	7.63	1951500	14815268.00
2022/06/08	7.62	7.64	7.37	7.52	2284912	17105252.00
2022/06/09	7.52	7.55	7.25	7.25	1768800	13000140.00
2022/06/10	7.24	7.37	7.23	7.34	1691950	12394623.00
2022/06/13	7.31	7.44	7.16	7.33	2032512	14855871.00
2022/06/14	7.35	7.37	7.10	7.28	1934950	13934267.00
2022/06/15	7.32	7.42	7.28	7.29	1776000	13048597.00
2022/06/16	7.25	7.43	7.23	7.38	1879800	13849253.00
2022/06/17	7.36	7.41	7.23	7.40	1937050	14225069.00
2022/06/20	7.40	7.48	7.35	7.46	2000037	14854471.00
2022/06/21	7.45	7.65	7.44	7.55	2456950	18553084.00
2022/06/22	7.57	7.84	7.45	7.45	2895600	21937504.00
2022/06/23	7.41	7.64	7.40	7.54	1946000	14617227.00
2022/06/24	7.52	7.59	7.50	7.57	2297150	17338972.00
2022/06/27	7.57	7.67	7.52	7.59	2071050	15722691.00
2022/06/28	7.57	7.84	7.51	7.81	5334000	41417248.00
2022/06/29	7.84	7.88	7.70	7.70	3272450	25436260.00
2022/06/30	7.66	7.82	7.64	7.70	2370850	18339568.00
2022/07/01	7.70	7.83	7.69	7.77	2279520	17671370.00
2022/07/04	7.82	7.82	7.67	7.74	2038100	15712576.00
2022/07/05	7.79	7.79	7.50	7.63	2016950	15384718.00
2022/07/06	7.63	7.66	7.52	7.60	1884100	14300511.00
2022/07/07	7.60	7.73	7.57	7.66	1570100	12043372.00
2022/07/08	7.70	7.85	7.66	7.81	2621600	20456860.00
2022/07/11	7.81	7.85	7.61	7.74	2045900	15788266.00
2022/07/12	7.73	7.73	7.49	7.50	1801500	13683536.00
2022/07/13	7.51	7.73	7.45	7.72	2001500	15338672.00
2022/07/14	7.77	7.84	7.65	7.76	2255000	17480340.00
2022/07/15	7.67	7.88	7.51	7.51	3519750	26911828.00
2022/07/18	7.48	7.92	7.48	7.83	5305300	41504164.00
2022/07/19	7.88	8.00	7.80	7.94	3827538	30236990.00
2022/07/20	7.99	8.07	7.92	8.00	2378650	18996708.00
2022/07/21	7.95	8.14	7.94	7.99	2381600	19075038.00
2022/07/22	8.05	8.06	7.86	7.94	1953100	15554823.00
2022/07/25	7.93	8.05	7.87	7.91	1734700	13781631.00
2022/07/26	7.94	8.05	7.81	8.04	1771921	14093479.00
2022/07/27	8.00	8.18	7.97	8.16	2397328	19389844.00
2022/07/28	8.17	8.28	8.11	8.19	3302000	27124600.00
2022/07/29	8.22	8.25	8.09	8.12	2306243	18838820.00
2022/08/01	8.12	8.22	8.08	8.15	1984766	16192119.00
2022/08/02	8.11	8.11	7.71	7.82	3144544	24733178.00
2022/08/03	7.89	8.17	7.77	7.80	2816200	22497632.00
2022/08/04	7.87	8.17	7.80	8.13	4972566	40146572.00
2022/08/05	8.12	8.23	8.06	8.23	3335950	27241070.00
2022/08/08	8.23	8.41	8.16	8.33	2851100	23619316.00
2022/08/09	8.33	8.39	8.24	8.33	2556600	21271048.00
2022/08/10	8.35	8.38	8.27	8.31	3561592	29603562.00
2022/08/11	8.34	8.44	8.29	8.38	3357792	28164476.00
2022/08/12	8.44	8.46	8.25	8.29	2641000	22025252.00
2022/08/15	8.28	8.33	8.12	8.19	2853200	23347636.00
2022/08/16	8.23	8.30	8.19	8.30	2444300	20183624.00
2022/08/17	8.31	8.38	8.21	8.28	2205126	18237398.00
2022/08/18	8.24	8.39	8.18	8.36	3531550	29298996.00
2022/08/19	8.42	8.49	8.17	8.20	3884700	32478436.00
2022/08/22	8.19	8.34	8.12	8.23	2782750	22942362.00
2022/08/23	8.21	8.32	8.16	8.28	1992082	16469477.00
2022/08/24	8.21	8.31	7.98	8.04	3189270	25870874.00
2022/08/25	8.04	8.11	7.85	7.93	2298750	18258158.00
2022/08/26	7.98	8.05	7.81	7.83	1824706	14475912.00
2022/08/29	7.80	7.93	7.60	7.90	1818500	14257313.00
2022/08/30	7.84	8.04	7.76	7.94	3024800	23976244.00
2022/08/31	7.90	7.91	7.51	7.54	5058724	38645580.00
2022/09/01	7.54	7.71	7.52	7.55	2259050	17187340.00
2022/09/02	7.50	7.90	7.50	7.90	3724402	29017994.00
2022/09/05	7.97	8.02	7.82	7.90	2324300	18343452.00
2022/09/06	7.87	7.95	7.83	7.86	1785200	14057824.00
2022/09/07	7.87	7.87	7.75	7.78	1540500	12009537.00
2022/09/08	7.78	7.83	7.65	7.66	2022887	15619324.00
2022/09/09	7.66	7.73	7.50	7.56	1994732	15087967.00
2022/09/13	7.57	7.68	7.50	7.55	1937200	14667845.00
2022/09/14	7.47	7.50	7.40	7.48	1638200	12206105.00
2022/09/15	7.50	7.52	7.22	7.30	2304500	16925550.00
2022/09/16	7.31	7.33	7.11	7.11	2402016	17280466.00
2022/09/19	7.11	7.14	6.75	6.82	3701850	25417588.00
2022/09/20	6.88	7.04	6.83	6.96	1939200	13493876.00
2022/09/21	6.93	7.08	6.80	7.06	2046594	14247604.00
2022/09/22	7.05	7.10	6.93	6.97	1817770	12775214.00
2022/09/23	6.99	7.01	6.77	6.83	1751650	12025674.00
2022/09/26	6.78	6.85	6.63	6.68	2081300	13945022.00
2022/09/27	6.68	6.88	6.68	6.86	1827450	12442787.00
2022/09/28	6.86	6.90	6.69	6.69	1967200	13339844.00
2022/09/29	6.79	6.79	6.55	6.60	1433282	9558251.00
2022/09/30	6.62	6.67	6.51	6.61	1391172	9193711.00
2022/10/10	6.63	6.69	6.44	6.47	1884463	12338465.00
2022/10/11	6.57	6.57	6.35	6.45	1156818	7439723.00
2022/10/12	6.47	6.67	6.41	6.66	2332650	15291978.00
2022/10/13	6.61	7.02	6.60	6.93	3310256	22766106.00
2022/10/14	6.94	7.10	6.93	7.06	2054600	14461461.00
2022/10/17	7.06	7.25	6.97	7.21	2313150	16540256.00
2022/10/18	7.19	7.22	7.05	7.18	1595416	11429700.00
2022/10/19	7.16	7.22	7.10	7.16	1977150	14184694.00
2022/10/20	7.20	7.27	7.07	7.14	1763700	12665632.00
2022/10/21	7.19	7.23	7.13	7.15	1231082	8834864.00
2022/10/24	7.23	7.25	7.00	7.05	2030818	14465137.00
2022/10/25	7.03	7.07	6.85	6.98	1934958	13485321.00
2022/10/26	6.94	7.21	6.94	7.18	2121082	15131171.00
2022/10/27	7.19	7.25	7.15	7.19	1702200	12282814.00
2022/10/28	7.15	7.19	6.90	6.95	2023250	14223950.00
2022/10/31	6.89	7.21	6.88	7.13	2216700	15776694.00
2022/11/01	7.19	7.23	7.12	7.23	2611713	18788870.00
2022/11/02	7.23	7.32	7.19	7.29	2726450	19808124.00
2022/11/03	7.27	7.50	7.25	7.29	5462843	40153376.00
2022/11/04	7.28	7.38	7.24	7.31	3211300	23460408.00
2022/11/07	7.32	7.50	7.30	7.43	3460043	25588088.00
2022/11/08	7.43	7.50	7.30	7.40	2614056	19286572.00
2022/11/09	7.45	7.45	7.35	7.37	1534070	11336660.00
2022/11/10	7.34	7.45	7.31	7.43	2330700	17238028.00
2022/11/11	7.47	7.51	7.35	7.37	3226200	23954820.00
2022/11/14	7.40	7.45	7.36	7.44	2147700	15919703.00
2022/11/15	7.42	7.50	7.38	7.48	1508356	11249739.00
2022/11/16	7.49	7.51	7.41	7.49	2525688	18880694.00
2022/11/17	7.49	7.57	7.47	7.56	2148462	16166100.00
2022/11/18	7.56	7.68	7.52	7.53	2265402	17221558.00
2022/11/21	7.50	7.56	7.42	7.52	2109600	15779306.00
2022/11/22	7.52	7.57	7.38	7.42	2152650	16093478.00
2022/11/23	7.40	7.42	7.16	7.26	2212100	16062320.00
2022/11/24	7.32	7.51	7.27	7.36	2325500	17167460.00
2022/11/25	7.38	7.40	7.20	7.20	1494400	10850671.00
2022/11/28	7.20	7.27	7.11	7.16	1716400	12351353.00
2022/11/29	7.17	7.31	7.17	7.29	1708013	12420560.00
2022/11/30	7.30	7.31	7.21	7.24	1583574	11480422.00
2022/12/01	7.13	7.13	6.78	6.85	11572700	79458456.00
2022/12/02	6.81	7.04	6.80	6.97	6685200	46448856.00
2022/12/05	7.05	7.12	6.94	6.98	3220250	22590184.00
2022/12/06	6.98	6.99	6.81	6.85	3151050	21681042.00
2022/12/07	6.87	6.88	6.71	6.78	3306900	22403164.00
2022/12/08	6.79	6.80	6.69	6.73	2036500	13701766.00
2022/12/09	6.74	6.84	6.69	6.78	3086400	20880502.00
2022/12/12	6.79	6.87	6.72	6.84	2162698	14698632.00
2022/12/13	6.83	6.88	6.77	6.78	1745250	11876562.00
2022/12/14	6.83	6.84	6.71	6.74	1888500	12791437.00
2022/12/15	6.71	6.86	6.71	6.86	2300650	15656766.00
2022/12/16	6.81	6.81	6.65	6.67	2937000	19690462.00
2022/12/19	6.65	6.69	6.49	6.52	2629472	17213370.00
2022/12/20	6.59	6.62	6.43	6.54	2051550	13356718.00
2022/12/21	6.52	6.55	6.46	6.47	1323750	8594240.00
2022/12/22	6.57	6.57	6.31	6.31	2289050	14651296.00
2022/12/23	6.30	6.46	6.25	6.41	1680400	10704686.00
2022/12/26	6.42	6.54	6.33	6.51	1920100	12392016.00
2022/12/27	6.50	6.59	6.40	6.46	1421250	9187084.00
2022/12/28	6.45	6.45	6.30	6.33	1405700	8920971.00
2022/12/29	6.32	6.37	6.29	6.29	1454755	9197182.00
2022/12/30	6.29	6.38	6.26	6.33	1194405	7557977.50
2023/01/03	6.25	6.49	6.25	6.47	3107050	19939782.00
2023/01/04	6.48	6.55	6.44	6.55	3058500	19884212.00
2023/01/05	6.55	6.55	6.44	6.49	2227625	14419108.00
2023/01/06	6.48	6.48	6.33	6.34	3001550	19210884.00
2023/01/09	6.33	6.41	6.23	6.25	3840500	24211620.00
2023/01/10	6.20	6.26	6.14	6.17	3158950	19567088.00
2023/01/11	6.17	6.19	5.99	6.03	4953950	30123658.00
2023/01/12	6.02	6.07	5.96	6.07	2982150	17925692.00
2023/01/13	6.09	6.09	5.95	6.02	3271600	19597812.00
2023/01/16	6.02	6.12	5.98	6.11	3730750	22675426.00
2023/01/17	6.12	6.13	5.98	6.05	2225850	13429388.00
2023/01/18	6.04	6.20	5.96	6.20	4435961	27154676.00
2023/01/19	6.16	6.19	6.10	6.15	2692800	16531088.00
2023/01/20	6.15	6.22	6.13	6.20	2889720	17860526.00
2023/01/30	6.24	6.37	6.23	6.37	4228456	26668866.00
2023/02/01	6.25	6.51	5.94	6.45	20430682	127132680.00
2023/02/02	6.35	6.84	6.34	6.60	12586550	83481336.00
2023/02/03	6.65	6.77	6.53	6.59	7069738	46875432.00
2023/02/06	6.59	6.62	6.46	6.46	4872253	31836342.00
2023/02/07	6.47	6.58	6.41	6.55	4035671	26253696.00
2023/02/08	6.54	6.58	6.46	6.51	2719100	17687694.00
2023/02/09	6.51	6.78	6.50	6.71	5192632	34641156.00
2023/02/10	6.64	6.74	6.61	6.67	2695331	17955324.00
数据来源:通达信
