300782 卓胜微 日线 不复权
      日期	    开盘	    最高	    最低	    收盘	    成交量	    成交额
2019/06/18	42.35	50.82	42.35	50.82	39796	2012694.75
2019/06/19	55.90	55.90	55.90	55.90	18272	1021404.81
2019/06/20	61.49	61.49	61.49	61.49	17991	1106266.63
2019/06/21	67.64	67.64	67.64	67.64	34593	2339870.50
2019/06/24	74.40	74.40	74.40	74.40	147502	10974149.00
2019/06/25	81.84	81.84	81.84	81.84	136930	11206351.00
2019/06/26	90.02	90.02	90.02	90.02	87662	7891333.00
2019/06/27	99.02	99.02	99.02	99.02	121686	12049348.00
2019/06/28	108.92	108.92	108.92	108.92	282635	30784604.00
2019/07/01	119.81	119.81	119.81	119.81	158228	18957296.00
2019/07/02	131.79	131.79	131.79	131.79	306093	40339996.00
2019/07/03	144.97	144.97	136.81	144.97	16198740	2315985664.00
2019/07/04	150.00	159.47	148.20	159.47	11131589	1715228288.00
2019/07/05	175.42	175.42	175.42	175.42	762628	133780200.00
2019/07/08	186.98	192.96	176.10	185.19	10873114	2017805824.00
2019/07/09	188.00	188.10	176.02	180.00	6372042	1157555712.00
2019/07/10	184.31	190.50	180.70	189.50	6594697	1226946432.00
2019/07/11	186.00	193.79	183.51	189.00	5889802	1109264128.00
2019/07/12	184.86	187.50	180.14	184.40	4407673	809670208.00
2019/07/15	202.84	202.84	198.00	202.84	3486170	706833344.00
2019/07/16	213.09	223.12	209.00	223.12	3511858	761070208.00
2019/07/17	227.58	239.00	215.25	217.20	7305301	1655747712.00
2019/07/18	218.00	221.80	210.11	215.35	5273356	1141398656.00
2019/07/19	215.35	216.88	205.01	206.05	5185652	1096301184.00
2019/07/22	211.00	216.58	203.00	208.75	5532280	1162459136.00
2019/07/23	204.21	228.99	204.11	224.03	4711614	1026972608.00
2019/07/24	224.03	246.43	224.03	244.30	5017896	1198837760.00
2019/07/25	242.00	246.00	225.55	231.00	4504140	1060885568.00
2019/07/26	229.00	233.30	224.60	233.00	2624917	600163840.00
2019/07/29	231.50	240.20	226.31	231.96	2863722	667760448.00
2019/07/30	230.00	235.00	225.01	230.95	2131011	489587584.00
2019/07/31	230.50	244.80	228.00	242.50	3895526	926302016.00
2019/08/01	239.71	245.94	236.00	242.00	2315166	555305792.00
2019/08/02	231.00	243.70	230.00	231.20	2798845	661978112.00
2019/08/05	227.95	236.66	226.62	230.50	2045640	474583680.00
2019/08/06	225.01	234.86	220.62	231.12	2036473	465289568.00
2019/08/07	231.29	245.00	226.10	236.03	2495278	590331264.00
2019/08/08	240.00	259.63	236.17	257.01	3697922	933356032.00
2019/08/09	251.00	260.83	244.60	253.01	3111226	785200256.00
2019/08/12	251.99	278.31	250.10	278.31	2831011	765874112.00
2019/08/13	274.00	287.51	268.00	284.00	2461933	687922432.00
2019/08/14	284.00	296.23	264.11	267.91	3595227	999241984.00
2019/08/15	258.08	273.50	256.98	270.80	2079946	553792832.00
2019/08/16	270.00	294.03	268.32	282.00	2612934	735586560.00
2019/08/19	283.62	300.88	283.62	291.35	2336659	687231808.00
2019/08/20	291.00	296.90	285.88	296.90	1602068	465761120.00
2019/08/21	295.00	317.55	291.00	313.20	2309767	698344320.00
2019/08/22	312.01	318.20	289.00	295.55	2668604	806395072.00
2019/08/23	293.01	298.69	287.22	294.77	1785091	522602016.00
2019/08/26	289.01	295.80	283.70	291.53	1535209	444249952.00
2019/08/27	295.00	302.47	288.00	295.40	1643483	486626560.00
2019/08/28	294.00	308.80	292.00	304.67	1990960	602789504.00
2019/08/29	308.00	323.40	304.70	320.00	1945482	615004864.00
2019/08/30	309.96	319.50	303.03	304.00	3117976	963538752.00
2019/09/02	303.02	333.00	302.04	331.00	2434936	778178688.00
2019/09/03	328.20	338.80	323.91	335.00	1904207	628938944.00
2019/09/04	334.00	348.88	323.35	330.00	2043489	681982464.00
2019/09/05	330.00	338.50	324.00	327.40	1664284	547890048.00
2019/09/06	325.70	327.57	305.20	318.89	2332571	737960704.00
2019/09/09	319.90	346.08	315.00	345.40	2612650	863996352.00
2019/09/10	341.17	348.10	332.00	341.90	1857118	630470848.00
2019/09/11	343.97	348.58	331.00	337.50	1605134	544878656.00
2019/09/12	338.80	346.46	330.12	338.33	1228678	416025312.00
2019/09/16	337.00	345.97	332.03	341.00	1278186	434245920.00
2019/09/17	341.99	345.88	328.11	334.45	1504355	506385152.00
2019/09/18	335.00	341.00	322.00	336.80	1781317	591258624.00
2019/09/19	331.17	351.88	330.00	344.80	1917329	657221120.00
2019/09/20	343.11	359.83	341.99	354.57	1825719	640818432.00
2019/09/23	353.94	387.83	350.10	385.99	2124652	785100864.00
2019/09/24	382.05	399.97	380.01	385.06	1798805	699215552.00
2019/09/25	381.55	388.00	369.01	379.70	1398726	528839712.00
2019/09/26	378.00	388.45	344.50	347.71	2792537	1014727616.00
2019/09/27	349.00	382.48	348.00	382.48	2860225	1051761408.00
2019/09/30	383.00	389.30	362.50	374.95	1691295	633952064.00
2019/10/08	368.50	381.00	337.46	337.46	3070333	1079373440.00
2019/10/09	324.05	343.00	313.50	335.48	2557293	836967104.00
2019/10/10	330.08	357.09	326.02	354.30	2295966	788673024.00
2019/10/11	355.50	368.49	350.00	364.33	1945753	703748480.00
2019/10/14	380.00	393.83	377.02	382.50	2470548	949830400.00
2019/10/15	381.76	395.20	368.56	383.50	2227320	848868608.00
2019/10/16	382.80	384.51	370.11	373.85	1433799	538761792.00
2019/10/17	375.00	379.50	370.01	375.72	929968	349260576.00
2019/10/18	375.84	381.00	371.20	373.90	1329265	500406784.00
2019/10/21	368.00	369.49	344.00	360.08	1688853	604943680.00
2019/10/22	362.07	379.00	362.06	376.50	1664428	619868864.00
2019/10/23	378.00	378.00	358.00	364.78	1349391	497479360.00
2019/10/24	358.00	365.78	347.65	352.76	1303499	462046752.00
2019/10/25	354.00	365.00	348.30	360.04	1225393	437417504.00
2019/10/28	354.00	376.05	353.00	372.70	1515783	559503616.00
2019/10/29	369.66	373.90	356.00	366.50	1704369	620423296.00
2019/10/30	362.00	389.53	357.00	377.46	2149592	813201664.00
2019/10/31	375.66	382.00	372.01	375.72	1155110	435417280.00
2019/11/01	360.00	372.00	358.00	364.95	1734663	628963904.00
2019/11/04	362.52	378.20	359.00	374.20	1860723	684790400.00
2019/11/05	370.00	411.62	369.00	411.62	2707661	1062120128.00
2019/11/06	411.51	416.77	393.40	398.00	2162848	877220544.00
2019/11/07	396.97	418.60	391.79	408.53	1786110	722005824.00
2019/11/08	411.00	418.85	405.70	406.00	1395754	575317248.00
2019/11/11	402.01	421.00	398.08	415.29	1450470	600140672.00
2019/11/12	414.06	419.00	403.49	419.00	1191552	490626240.00
2019/11/13	416.02	455.00	415.98	440.50	2068993	906973184.00
2019/11/14	443.50	456.70	437.22	446.50	1418181	632044288.00
2019/11/15	443.80	456.88	440.55	446.07	1330792	597684992.00
2019/11/18	439.00	449.96	419.28	440.50	2144408	923401792.00
2019/11/19	435.95	445.00	432.18	442.80	1410387	620618752.00
2019/11/20	442.80	445.45	433.22	437.00	1103597	484927232.00
2019/11/21	433.00	438.00	425.00	428.22	1139476	490353760.00
2019/11/22	431.84	439.50	402.52	407.91	2078796	871358976.00
2019/11/25	409.02	418.49	398.10	408.50	1631518	666327296.00
2019/11/26	411.64	417.65	406.00	412.38	1056881	435799072.00
2019/11/27	408.00	430.68	405.00	427.00	1498447	633097152.00
2019/11/28	422.00	428.00	418.35	420.44	834903	352675616.00
2019/11/29	420.00	422.98	404.68	412.09	1106426	455518336.00
2019/12/02	410.50	420.20	406.01	413.61	917660	380252544.00
2019/12/03	409.95	435.01	405.20	432.19	1559457	656821568.00
2019/12/04	429.00	439.88	424.48	429.15	1260612	541580544.00
2019/12/05	427.81	442.25	427.80	432.00	1433216	624430016.00
2019/12/06	431.31	433.70	421.22	425.45	1286495	547589440.00
2019/12/09	427.00	436.66	425.00	428.19	1125967	485932000.00
2019/12/10	425.00	435.65	416.90	433.99	1394999	596087616.00
2019/12/11	432.93	449.79	430.06	435.00	1494381	658559360.00
2019/12/12	440.00	446.00	436.00	439.55	1303427	574716608.00
2019/12/13	441.00	449.20	435.00	449.20	1492851	658715776.00
2019/12/16	449.94	475.88	449.20	473.56	1701996	791201216.00
2019/12/17	468.12	478.88	468.12	473.10	999968	472912896.00
2019/12/18	470.01	472.34	460.00	465.02	990105	459570944.00
2019/12/19	465.02	465.02	422.00	431.96	2279104	998321344.00
2019/12/20	431.89	440.00	424.11	431.15	1250272	540864320.00
2019/12/23	410.00	426.88	407.37	419.03	1496836	626549120.00
2019/12/24	421.17	425.50	414.80	424.03	933904	393130304.00
2019/12/25	420.50	437.86	420.50	426.50	1703672	730720256.00
2019/12/26	424.00	429.50	408.00	421.47	1416493	590509440.00
2019/12/27	418.00	421.00	411.14	415.80	1020752	425110336.00
2019/12/30	414.00	425.00	408.20	418.52	1174353	490421280.00
2019/12/31	417.94	421.00	402.10	410.37	1498584	615368000.00
2020/01/02	412.90	419.00	404.01	409.66	1660683	682965056.00
2020/01/03	409.57	409.57	368.69	395.20	3611860	1386377856.00
2020/01/06	380.50	395.50	378.13	387.00	1844767	717876416.00
2020/01/07	387.00	388.90	375.00	377.99	1670131	636629504.00
2020/01/08	378.00	412.00	375.00	408.80	2826048	1112892160.00
2020/01/09	403.26	414.90	400.00	412.60	1672696	684810240.00
2020/01/10	412.76	438.68	412.76	426.40	2245707	959225728.00
2020/01/13	426.10	452.41	426.10	450.00	2027673	896221056.00
2020/01/14	463.00	466.00	426.00	432.93	2109930	931225024.00
2020/01/15	431.00	436.00	421.00	433.73	1327823	570602048.00
2020/01/16	431.00	431.90	419.99	425.30	1469947	624939200.00
2020/01/17	426.23	432.00	423.00	426.89	1044733	447700800.00
2020/01/20	427.00	450.80	423.70	450.80	1749009	774586432.00
2020/01/21	444.00	455.05	438.60	454.80	1366631	611059712.00
2020/01/22	450.06	490.00	435.10	477.64	2016882	935041600.00
2020/01/23	470.99	495.00	451.80	469.00	1643180	777212992.00
2020/02/03	422.10	422.10	422.10	422.10	317800	134143376.00
2020/02/04	410.00	441.90	410.00	427.00	2029986	869100160.00
2020/02/05	432.26	432.26	398.00	401.80	3142973	1298136320.00
2020/02/06	394.00	426.00	391.00	421.90	2303591	953465856.00
2020/02/07	417.00	429.99	415.55	428.00	1471405	622947264.00
2020/02/10	424.00	426.00	406.95	411.80	2031556	838252864.00
2020/02/11	410.00	426.77	408.00	420.20	1420289	592939584.00
2020/02/12	416.50	428.96	416.00	419.00	1301716	548184000.00
2020/02/13	417.84	460.90	414.61	460.90	3344432	1481555840.00
2020/02/14	461.00	485.50	453.12	463.01	2583893	1217278720.00
2020/02/17	471.99	485.64	465.13	477.99	1957833	931418496.00
2020/02/18	478.80	525.79	476.00	525.00	1841732	926235840.00
2020/02/19	511.00	549.00	502.00	520.00	1746885	920402176.00
2020/02/20	511.20	565.00	511.20	551.09	1673598	905395648.00
2020/02/21	549.90	606.00	546.68	603.99	1680866	975500160.00
2020/02/24	587.81	659.40	581.00	650.00	2068807	1262287744.00
2020/02/25	623.00	686.56	590.01	675.12	2529922	1628029952.00
2020/02/26	671.90	718.00	618.83	640.00	3079691	2060562176.00
2020/02/27	650.00	664.00	578.00	586.00	3406730	2080271488.00
2020/02/28	552.00	619.97	533.20	583.00	3295779	1894080000.00
2020/03/02	592.00	602.00	556.05	583.55	2119369	1229367680.00
2020/03/03	590.50	630.00	584.00	593.00	2210989	1334200576.00
2020/03/04	585.00	592.99	541.00	574.90	2646825	1498248832.00
2020/03/05	584.90	588.55	551.55	567.00	1791272	1018748992.00
2020/03/06	554.11	578.00	554.11	563.00	1374122	777082816.00
2020/03/09	549.00	557.36	510.00	512.74	1815906	965920000.00
2020/03/10	495.88	546.47	495.88	543.10	2325212	1220659968.00
2020/03/11	541.99	546.13	515.00	516.43	1541880	815941184.00
2020/03/12	511.53	523.04	503.13	510.11	1259244	646152064.00
2020/03/13	492.00	528.88	485.99	520.00	1897694	972683520.00
2020/03/16	520.01	520.01	471.00	474.21	1958875	970219904.00
2020/03/17	483.70	495.00	446.07	476.95	1826446	858756160.00
2020/03/18	477.00	499.50	473.38	479.79	1694592	824825664.00
2020/03/19	478.00	496.00	470.78	491.01	1584689	763921792.00
2020/03/20	497.00	498.86	472.99	478.00	1317013	636259648.00
2020/03/23	456.00	465.00	432.58	436.20	1939131	866337792.00
2020/03/24	446.00	452.00	420.97	444.00	1508045	665315776.00
2020/03/25	462.00	462.80	446.56	454.55	1389420	633412224.00
2020/03/26	452.97	475.77	444.97	461.50	1359209	627497664.00
2020/03/27	469.66	474.00	448.00	448.02	1114714	510533248.00
2020/03/30	431.13	435.89	411.70	424.10	1640949	694565440.00
2020/03/31	432.99	435.60	420.88	426.00	1101689	471446112.00
2020/04/01	425.41	446.79	423.50	433.80	1354674	591480960.00
2020/04/02	432.72	477.18	431.10	477.18	2303779	1064368960.00
2020/04/03	486.00	522.67	481.11	512.95	2979146	1501365376.00
2020/04/07	516.01	537.00	513.18	522.00	1905953	997403072.00
2020/04/08	537.80	565.00	517.17	527.00	2734065	1464077440.00
2020/04/09	524.90	530.27	510.00	523.20	1627467	844548480.00
2020/04/10	520.00	522.98	483.39	487.20	2088321	1042475392.00
2020/04/13	480.01	487.20	457.00	459.53	2011166	943547712.00
2020/04/14	466.78	476.58	460.89	474.10	1522687	715171072.00
2020/04/15	477.00	513.50	471.00	497.79	2465859	1218039040.00
2020/04/16	484.31	533.65	483.33	528.00	2562992	1314058752.00
2020/04/17	540.00	558.00	521.02	526.00	2817212	1524394368.00
2020/04/20	526.00	538.00	515.88	528.81	1657333	870267712.00
2020/04/21	521.32	536.18	515.02	535.70	1588686	838401280.00
2020/04/22	526.88	536.70	522.63	532.01	1221546	647716992.00
2020/04/23	531.00	535.00	517.53	517.70	1383416	727625344.00
2020/04/24	518.00	526.20	506.00	513.47	1099938	567054848.00
2020/04/27	515.90	522.24	503.11	519.81	1098740	563081344.00
2020/04/28	529.00	571.79	525.00	571.79	3371776	1864240000.00
2020/04/29	570.00	585.80	559.88	581.05	2470851	1420238976.00
2020/04/30	589.71	639.16	582.06	637.61	2655502	1654528896.00
2020/05/06	632.74	665.00	629.99	655.00	2330521	1505236480.00
2020/05/07	652.00	654.00	620.00	635.77	2174886	1382898176.00
2020/05/08	642.00	665.50	640.01	647.50	1701206	1110429312.00
2020/05/11	648.02	668.00	634.78	650.58	1478828	960829632.00
2020/05/12	650.00	663.80	628.66	652.35	1545247	996191808.00
2020/05/13	656.00	667.88	641.05	661.00	1504154	988254720.00
2020/05/14	659.00	668.00	644.89	644.89	1666872	1089144064.00
2020/05/15	649.00	706.00	642.04	689.25	2494368	1685030272.00
2020/05/18	692.43	696.00	620.33	620.33	3606954	2338900224.00
2020/05/19	620.00	651.69	606.84	649.40	2682294	1704773376.00
2020/05/20	654.98	654.98	585.21	599.99	3345907	2049258368.00
2020/05/21	593.05	607.02	572.90	583.80	2179907	1283975808.00
2020/05/22	577.14	585.77	550.00	561.37	2119822	1201734272.00
2020/05/25	556.99	561.00	542.00	555.88	1288000	711135552.00
2020/05/26	558.01	587.99	558.01	586.21	2031583	1169107072.00
2020/05/27	580.00	580.88	550.00	553.78	1720726	968800960.00
2020/05/28	545.01	567.66	538.00	566.00	1576326	875454272.00
2020/05/29	560.00	563.81	545.00	548.62	1219378	673269824.00
2020/06/01	560.00	579.99	553.34	572.93	2225202	1265779840.00
2020/06/02	573.09	575.92	555.00	570.52	1777709	1005297280.00
2020/06/03	570.99	575.00	556.59	561.01	1753094	989639616.00
2020/06/04	558.00	558.79	550.00	552.57	952760	527537888.00
2020/06/05	555.26	578.00	555.26	570.57	1663968	951008704.00
2020/06/08	575.00	589.00	571.00	580.18	1577346	915620928.00
2020/06/09	580.20	619.60	568.51	615.25	2102505	1261553280.00
2020/06/10	609.10	619.79	597.52	618.33	1663757	1015707968.00
2020/06/11	612.00	619.78	601.55	604.30	1456837	888287104.00
2020/06/12	586.01	630.00	583.13	628.50	2135771	1312953216.00
2020/06/15	619.00	621.99	606.60	608.08	1636571	1004248384.00
2020/06/16	613.45	619.66	562.00	584.98	2426087	1427891200.00
2020/06/17	578.16	586.67	567.00	576.84	1230143	709720768.00
2020/06/18	587.10	634.52	585.01	634.52	2621105	1622297344.00
2020/06/19	636.00	637.90	622.40	624.00	2330592	1465875968.00
2020/06/22	635.29	648.66	617.57	644.80	2482558	1579704320.00
2020/06/23	645.00	656.16	632.00	654.00	2056015	1329365504.00
2020/06/24	655.01	718.40	655.01	712.85	2964254	2060149504.00
2020/06/29	682.01	687.99	650.00	686.81	3315609	2230240000.00
2020/06/30	383.36	415.88	378.00	405.77	4968720	1981999360.00
2020/07/01	409.00	424.78	401.30	409.77	4954848	2033519104.00
2020/07/02	409.74	414.50	402.08	405.35	3109427	1263601408.00
2020/07/03	392.00	403.79	385.00	400.90	3441577	1360484352.00
2020/07/06	405.00	423.00	393.90	419.04	5624783	2317345280.00
2020/07/07	422.00	460.80	421.00	439.00	5150489	2294734336.00
2020/07/08	438.80	449.51	430.00	444.18	3504644	1548419200.00
2020/07/09	439.60	459.99	439.20	445.43	4344753	1949750528.00
2020/07/10	460.00	488.00	460.00	476.61	5178859	2462245888.00
2020/07/13	473.01	491.50	469.00	490.05	4208918	2023430528.00
2020/07/14	493.00	537.00	479.00	521.91	5174565	2566521856.00
2020/07/15	513.50	535.86	497.22	507.00	5249566	2690912256.00
2020/07/16	499.97	510.00	456.30	456.30	5619100	2692467200.00
2020/07/17	455.00	478.03	437.58	465.30	4217074	1949998464.00
2020/07/20	465.00	472.97	440.21	454.88	4240622	1918029824.00
2020/07/21	448.00	463.40	443.37	452.00	3026137	1374055936.00
2020/07/22	447.48	463.00	447.01	450.39	3344048	1517705600.00
2020/07/23	446.65	452.49	417.89	429.77	4964046	2147749376.00
2020/07/24	425.00	434.90	401.69	404.50	4704444	1965893632.00
2020/07/27	417.00	425.00	410.66	420.40	3648199	1531539200.00
2020/07/28	429.90	433.65	416.30	424.96	3069726	1302047744.00
2020/07/29	424.50	439.67	422.00	439.00	3824129	1657344256.00
2020/07/30	439.00	441.90	424.60	429.12	3240615	1391768448.00
2020/07/31	423.32	444.43	423.32	438.80	3198986	1398967296.00
2020/08/03	448.00	470.58	439.00	468.65	4513295	2052653056.00
2020/08/04	467.90	473.00	455.01	457.32	2839963	1312926336.00
2020/08/05	481.00	482.87	458.00	460.69	3186793	1490128896.00
2020/08/06	457.00	457.00	442.22	444.50	2885397	1289971584.00
2020/08/07	444.00	448.30	406.00	420.11	4317168	1823998464.00
2020/08/10	419.00	423.99	408.37	417.97	2327460	964821824.00
2020/08/11	419.89	424.00	409.00	409.20	1898393	792494272.00
2020/08/12	409.53	418.00	392.00	417.08	3143483	1270788992.00
2020/08/13	417.00	417.02	406.00	406.86	2010540	823703168.00
2020/08/14	407.00	414.77	402.60	413.93	1810201	743744832.00
2020/08/17	411.15	413.80	402.90	411.10	2233916	913524544.00
2020/08/18	408.20	408.20	390.70	398.80	5198954	2059359872.00
2020/08/19	394.01	394.02	387.82	388.09	2434179	951075328.00
2020/08/20	392.00	394.44	380.00	380.00	2053948	792239296.00
2020/08/21	383.01	386.81	371.64	373.46	3320512	1251767424.00
2020/08/24	373.00	395.00	364.85	382.67	3606909	1376412800.00
2020/08/25	382.01	390.49	378.57	385.73	2917823	1124933504.00
2020/08/26	384.00	384.00	371.00	373.82	2186651	824647168.00
2020/08/27	373.50	406.66	373.00	399.53	4319527	1702353152.00
2020/08/28	401.00	401.99	385.02	392.51	3052143	1190234240.00
2020/08/31	395.94	400.50	389.01	393.00	2744060	1079400832.00
2020/09/01	389.00	390.00	375.00	383.89	2214314	845593920.00
2020/09/02	384.09	387.40	380.18	381.61	1346784	515960832.00
2020/09/03	380.12	400.89	375.00	393.59	3502024	1368814208.00
2020/09/04	391.00	410.20	389.20	405.20	4348660	1758730368.00
2020/09/07	405.00	405.00	380.00	382.73	3425280	1339522688.00
2020/09/08	385.00	385.00	365.00	369.00	2470191	920395328.00
2020/09/09	362.00	362.00	337.00	337.80	3476319	1203753600.00
2020/09/10	343.00	347.19	330.15	331.71	2180020	738370496.00
2020/09/11	334.10	342.98	331.70	341.86	2093352	708440640.00
2020/09/14	346.00	355.69	341.00	350.50	2273782	795262656.00
2020/09/15	348.00	375.00	346.01	367.95	2800659	1013747328.00
2020/09/16	365.00	373.97	360.51	367.08	1731815	637135424.00
2020/09/17	365.50	396.29	363.51	389.11	3131810	1189675392.00
2020/09/18	385.61	392.78	382.80	392.65	2116348	823233728.00
2020/09/21	390.99	401.00	384.33	385.50	1772497	695425856.00
2020/09/22	380.06	392.50	376.06	378.95	1860469	713968064.00
2020/09/23	382.00	391.70	375.50	385.30	1799877	690088896.00
2020/09/24	380.15	386.00	379.50	380.01	1158640	442678976.00
2020/09/25	384.00	384.40	363.36	364.30	2060156	765152960.00
2020/09/28	364.30	370.00	356.00	365.50	1469805	534636096.00
2020/09/29	368.00	374.86	366.00	367.02	1169359	433014080.00
2020/09/30	371.56	385.88	369.14	377.80	2076543	788101888.00
2020/10/09	383.00	395.98	379.00	393.82	2315639	905155968.00
2020/10/12	400.00	420.02	395.02	419.89	2828593	1164828672.00
2020/10/13	440.88	445.00	422.36	425.09	4103418	1781367552.00
2020/10/14	425.22	433.56	421.00	421.00	1942399	826146240.00
2020/10/15	421.00	435.00	416.80	420.00	1657977	705937728.00
2020/10/16	426.71	427.78	417.56	424.80	1350350	570503040.00
2020/10/19	427.10	428.00	418.18	424.82	1282614	544158528.00
2020/10/20	420.01	425.80	412.60	425.00	1302196	546349184.00
2020/10/21	425.80	428.70	409.00	412.38	1519682	634744768.00
2020/10/22	410.00	417.50	405.00	413.00	1065013	438844992.00
2020/10/23	417.00	418.88	390.10	390.90	1738525	697200576.00
2020/10/26	387.00	410.00	380.40	407.01	1934017	769842880.00
2020/10/27	408.00	422.00	407.00	420.33	1747819	729629440.00
2020/10/28	419.98	431.70	418.29	423.96	1918589	818124224.00
2020/10/29	419.00	430.00	413.80	427.80	1971623	835634880.00
2020/10/30	428.63	448.00	426.01	433.75	3298290	1446391808.00
2020/11/02	441.66	452.52	434.55	449.81	4430726	1970686720.00
2020/11/03	451.00	482.66	451.00	463.98	3872010	1805742592.00
2020/11/04	461.66	467.38	452.08	460.53	2443630	1125167872.00
2020/11/05	474.98	474.98	460.05	469.99	2190804	1027700224.00
2020/11/06	474.86	486.18	465.50	483.00	3381253	1619432576.00
2020/11/09	491.80	579.60	491.67	571.12	6348037	3447139072.00
2020/11/10	560.00	560.00	526.00	538.00	4707628	2552743168.00
2020/11/11	535.30	536.00	502.01	503.00	3798096	1957521536.00
2020/11/12	516.22	537.90	512.08	523.00	2929341	1530199168.00
2020/11/13	523.03	555.50	518.01	542.39	3149967	1695399168.00
2020/11/16	541.30	544.84	511.48	522.37	3799372	2008068480.00
2020/11/17	523.97	551.00	520.08	547.96	3549382	1896803584.00
2020/11/18	544.90	575.00	536.00	553.76	3313536	1840897408.00
2020/11/19	545.00	575.11	535.01	550.18	2932951	1638795776.00
2020/11/20	551.01	563.56	544.66	550.28	1700942	939325312.00
2020/11/23	547.00	565.21	541.28	554.00	1935936	1073142720.00
2020/11/24	549.98	563.49	540.00	540.00	2377498	1311120768.00
2020/11/25	532.06	547.92	532.06	535.80	1822338	983134784.00
2020/11/26	537.72	563.00	537.71	548.00	1670795	921563776.00
2020/11/27	550.57	559.97	525.76	537.60	1954976	1057238336.00
2020/11/30	545.41	563.00	532.62	563.00	2453222	1353177088.00
2020/12/01	558.00	566.75	548.00	560.41	2521424	1401660288.00
2020/12/02	556.95	564.88	535.01	545.00	2322832	1270301056.00
2020/12/03	537.08	542.56	470.00	506.07	5831495	2930071808.00
2020/12/04	506.10	516.20	501.05	511.93	2602572	1326942336.00
2020/12/07	515.02	539.99	515.02	533.82	2323680	1230510848.00
2020/12/08	533.94	546.50	528.00	544.82	1560961	843904896.00
2020/12/09	544.82	555.13	539.88	549.66	2150051	1181038592.00
2020/12/10	549.66	561.98	545.00	558.00	2180768	1214535296.00
2020/12/11	560.00	599.05	558.00	591.32	4099869	2399871488.00
2020/12/14	589.60	599.80	582.56	597.55	2179129	1290409472.00
2020/12/15	600.00	613.90	571.00	582.00	2667291	1568170112.00
2020/12/16	583.00	609.68	578.88	607.52	1930473	1155182720.00
2020/12/17	607.53	613.50	588.00	595.20	1693112	1013074688.00
2020/12/18	602.01	605.97	575.00	576.00	2178081	1275788288.00
2020/12/21	581.96	591.58	571.61	589.00	2149884	1258013440.00
2020/12/22	585.00	594.59	563.17	568.00	1997335	1141234816.00
2020/12/23	572.61	598.85	572.60	592.00	2032735	1200418816.00
2020/12/24	590.27	601.00	585.00	601.00	1789942	1067147456.00
2020/12/25	601.06	605.39	575.63	583.30	1982798	1163196032.00
2020/12/28	580.00	594.31	572.58	594.31	1598117	937558400.00
2020/12/29	598.24	598.25	563.00	579.74	1683329	973952896.00
2020/12/30	571.87	588.78	566.00	579.35	1392224	805692608.00
2020/12/31	580.00	581.98	554.51	570.54	1895503	1078087040.00
2021/01/04	574.00	616.55	570.00	614.90	2788508	1668509056.00
2021/01/05	610.02	678.26	608.01	659.96	3326720	2129137408.00
2021/01/06	663.01	667.98	646.01	665.00	2266648	1492765952.00
2021/01/07	658.00	664.00	633.08	649.00	2282365	1478461184.00
2021/01/08	651.01	654.60	615.01	630.90	2626432	1642535168.00
2021/01/11	631.00	670.78	626.00	637.00	2778404	1797097600.00
2021/01/12	637.62	651.00	623.01	644.37	1671048	1070518528.00
2021/01/13	669.00	685.00	610.00	628.98	4052721	2593994496.00
2021/01/14	633.00	657.00	622.23	629.00	2723012	1746837376.00
2021/01/15	620.00	656.98	620.00	642.99	2308384	1489445376.00
2021/01/18	642.99	682.08	618.00	667.30	3121939	2030620928.00
2021/01/19	668.00	679.60	656.00	660.00	1906943	1269927040.00
2021/01/20	668.00	678.00	651.00	666.01	1721227	1144461696.00
2021/01/21	666.01	690.00	657.00	684.44	2706291	1825743488.00
2021/01/22	680.00	687.80	654.77	669.00	2475583	1664517376.00
2021/01/25	655.14	712.00	655.14	700.00	2827634	1947424640.00
2021/01/26	700.00	707.00	660.00	660.00	2557878	1727310720.00
2021/01/27	656.00	662.81	631.01	652.00	1773129	1151545216.00
2021/01/28	640.01	653.00	625.00	638.52	1453471	929082304.00
2021/01/29	654.90	659.99	618.00	632.00	2023512	1298232960.00
2021/02/01	631.63	652.98	627.00	635.00	1350489	865702144.00
2021/02/02	637.00	668.00	635.81	661.04	1597806	1045610816.00
2021/02/03	652.30	668.00	636.84	638.47	1640640	1065367808.00
2021/02/04	628.00	640.08	602.10	622.40	2515245	1551652992.00
2021/02/05	625.70	651.20	625.70	637.31	1752886	1125758080.00
2021/02/08	640.00	663.80	640.00	648.56	1607150	1048999168.00
2021/02/09	650.61	652.60	637.00	644.54	1421855	915118144.00
2021/02/10	649.80	654.84	631.12	647.88	1747709	1123411712.00
2021/02/18	659.00	661.00	633.55	652.01	2267150	1465074816.00
2021/02/19	645.50	646.00	600.30	625.80	2723544	1684026112.00
2021/02/22	620.20	635.97	600.00	602.00	2076983	1282842880.00
2021/02/23	589.94	606.80	581.53	592.00	1570486	933634688.00
2021/02/24	601.00	619.98	581.00	599.00	2151702	1298831616.00
2021/02/25	600.00	632.01	596.56	622.50	1970145	1222457728.00
2021/02/26	618.99	638.50	593.78	630.00	1950904	1213045632.00
2021/03/01	635.00	637.00	601.50	623.49	1831096	1125250944.00
2021/03/02	623.48	656.60	620.95	645.98	2531091	1635938560.00
2021/03/03	639.08	669.38	638.01	667.00	2289110	1517584896.00
2021/03/04	661.00	671.47	631.91	642.67	1924049	1250935936.00
2021/03/05	627.47	630.49	585.00	612.00	2969406	1801269376.00
2021/03/08	609.97	616.12	587.88	587.88	1897650	1139490688.00
2021/03/09	580.00	580.24	525.00	526.00	2474658	1362026880.00
2021/03/10	540.52	587.68	540.52	580.00	2696549	1536381568.00
2021/03/11	572.01	609.87	572.01	591.92	1622017	958953408.00
2021/03/12	596.02	596.02	572.19	591.00	1414590	827697152.00
2021/03/15	576.68	596.50	557.09	561.99	1529923	876383232.00
2021/03/16	566.01	586.97	566.01	580.88	1319921	763363328.00
2021/03/17	580.84	608.00	570.00	598.00	1314918	784106304.00
2021/03/18	597.69	603.51	591.65	595.02	963102	574342400.00
2021/03/19	584.93	600.00	584.93	586.66	1217089	718832960.00
2021/03/22	584.95	599.58	576.52	579.86	920488	538094784.00
2021/03/23	580.35	591.98	561.20	570.98	1307905	751158720.00
2021/03/24	558.00	573.00	550.50	566.00	1352643	756287424.00
2021/03/25	559.12	580.00	553.03	571.01	1179493	668595840.00
2021/03/26	579.00	591.00	571.01	590.59	1294532	756505024.00
2021/03/29	595.00	609.99	591.00	600.34	1222639	737029056.00
2021/03/30	603.00	604.97	589.00	603.50	1201948	719108992.00
2021/03/31	613.00	619.58	596.07	609.00	1630235	994695424.00
2021/04/01	609.00	650.00	608.00	642.01	1910614	1219878400.00
2021/04/02	654.99	683.50	648.00	681.66	2459151	1649938688.00
2021/04/06	683.00	704.00	669.96	699.00	1943498	1338074240.00
2021/04/07	699.00	707.20	688.88	696.86	1649684	1148437760.00
2021/04/08	694.77	719.90	690.07	701.54	1705233	1202588160.00
2021/04/09	703.00	722.88	700.00	708.01	1513366	1079958912.00
2021/04/12	745.00	790.30	736.71	738.00	4162647	3149191936.00
2021/04/13	745.80	754.45	722.90	723.01	2311730	1708381952.00
2021/04/14	723.44	740.00	716.58	726.65	1992218	1452205696.00
2021/04/15	719.01	732.00	709.00	717.00	1362072	981651008.00
2021/04/16	726.89	726.97	671.01	710.89	1952003	1371293824.00
2021/04/19	711.01	716.03	690.27	711.20	1829660	1291470336.00
2021/04/20	706.00	721.80	699.00	714.60	1382689	987702272.00
2021/04/21	711.34	724.99	707.78	718.51	1287558	923925888.00
2021/04/22	727.77	749.77	718.80	745.60	2304284	1695401600.00
2021/04/23	740.03	750.00	736.00	739.31	1462153	1083644032.00
2021/04/26	756.48	763.47	736.00	738.00	1878462	1408834688.00
2021/04/27	745.00	751.51	736.50	750.88	1331438	991141248.00
2021/04/28	745.21	758.99	731.33	756.56	1688133	1264274944.00
2021/04/29	758.51	762.96	741.77	755.00	1535988	1157211648.00
2021/04/30	423.30	431.68	420.99	427.22	4066060	1734045952.00
2021/05/06	425.06	425.89	390.00	399.01	5389824	2159895552.00
2021/05/07	408.00	409.77	370.80	371.10	4667290	1794138880.00
2021/05/10	371.18	375.50	358.00	362.21	3495801	1281547264.00
2021/05/11	357.08	361.80	350.10	358.00	3499163	1245237888.00
2021/05/12	357.80	379.96	348.10	377.00	4471043	1626113152.00
2021/05/13	369.89	385.69	366.00	377.17	3279221	1234151808.00
2021/05/14	375.00	382.97	366.66	380.50	2833142	1066036544.00
2021/05/17	380.98	394.00	380.97	384.24	3031524	1173767936.00
2021/05/18	382.00	382.88	365.20	370.92	3874373	1437301120.00
2021/05/19	368.75	392.38	368.00	389.44	3939854	1521823360.00
2021/05/20	389.66	409.80	389.66	408.43	3596325	1454144384.00
2021/05/21	408.32	417.59	404.62	410.84	3925811	1617777792.00
2021/05/24	411.72	415.83	401.03	409.00	2514170	1022771008.00
2021/05/25	409.00	419.80	407.88	412.01	3521792	1459988736.00
2021/05/26	410.83	417.01	406.06	413.07	2140807	882597568.00
2021/05/27	411.73	423.27	409.01	420.00	3431592	1431594496.00
2021/05/28	418.01	424.99	409.00	411.30	3358628	1395003520.00
2021/05/31	411.31	427.58	411.19	425.88	3731678	1566221696.00
2021/06/01	425.00	425.01	410.00	419.30	4152331	1732978816.00
2021/06/02	419.70	421.18	410.80	415.01	2458158	1021838080.00
2021/06/03	415.50	416.80	406.00	407.10	2661252	1087871744.00
2021/06/04	408.62	419.90	408.02	414.51	2422289	1002610688.00
2021/06/07	422.24	425.00	416.02	418.80	2485398	1044787328.00
2021/06/08	420.23	427.00	416.88	426.70	3344052	1416308224.00
2021/06/09	429.99	454.60	418.36	453.00	5104423	2254288384.00
2021/06/10	453.00	465.00	446.88	463.00	4841517	2214555392.00
2021/06/11	467.00	483.79	458.20	477.00	4529099	2131078656.00
2021/06/15	478.00	491.90	475.58	478.30	3953097	1910220288.00
2021/06/16	478.29	488.00	456.00	456.00	3925998	1839771392.00
2021/06/17	462.18	498.20	460.03	490.81	5616571	2727169024.00
2021/06/18	493.12	498.49	481.01	494.17	4867428	2392335104.00
2021/06/21	486.56	491.23	471.25	487.00	4636234	2245991168.00
2021/06/22	490.24	491.00	465.88	482.50	3535900	1684121728.00
2021/06/23	485.00	499.96	483.01	493.90	3705729	1829060480.00
2021/06/24	491.98	503.88	489.62	490.00	2890238	1432462976.00
2021/06/25	489.02	498.00	480.00	494.67	2423164	1186993408.00
2021/06/28	494.50	519.38	490.87	515.47	3447347	1752994432.00
2021/06/29	512.51	524.70	501.00	513.00	3918228	2008524800.00
2021/06/30	515.55	544.68	509.00	537.50	4886303	2585678848.00
2021/07/01	533.00	544.60	530.12	533.00	3416605	1840708480.00
2021/07/02	523.10	525.01	507.00	509.71	4186217	2155709696.00
2021/07/05	520.51	528.18	507.88	511.81	4291524	2220543232.00
2021/07/06	514.44	520.00	476.00	493.60	5998216	2973029632.00
2021/07/07	492.00	511.50	485.00	509.50	4026415	2026642176.00
2021/07/08	512.01	521.00	512.01	516.53	3219188	1665249024.00
2021/07/09	511.90	511.90	468.70	485.80	6335885	3067904768.00
2021/07/12	490.00	490.00	459.00	481.94	6109920	2898628864.00
2021/07/13	462.00	465.00	417.68	419.90	15442300	6646539264.00
2021/07/14	421.00	434.97	417.00	430.82	6806382	2909715712.00
2021/07/15	427.00	437.76	422.38	431.00	4745170	2039742208.00
2021/07/16	430.86	431.00	405.16	408.00	7045777	2922694144.00
2021/07/19	407.08	412.88	402.01	409.30	3828970	1562081024.00
2021/07/20	407.00	428.50	399.00	427.30	6888421	2880400896.00
2021/07/21	429.00	454.77	425.95	441.87	6868912	3048198144.00
2021/07/22	444.98	447.00	421.13	423.12	6431600	2770333440.00
2021/07/23	418.49	423.12	405.80	409.00	5557321	2282929664.00
2021/07/26	405.06	427.00	400.33	420.00	6637983	2747570944.00
2021/07/27	418.02	459.00	417.29	426.50	8874791	3858448128.00
2021/07/28	410.89	424.70	388.00	412.79	6574091	2678781952.00
2021/07/29	419.04	430.28	406.02	422.80	7167664	2994574592.00
2021/07/30	416.81	419.64	400.59	403.15	6697832	2729698304.00
2021/08/02	395.00	407.00	375.30	396.17	6847527	2664074496.00
2021/08/03	400.47	410.81	389.81	393.78	5350521	2133203200.00
2021/08/04	397.50	411.67	394.50	405.50	5296393	2150470912.00
2021/08/05	400.00	429.60	393.85	421.95	6882275	2879555328.00
2021/08/06	426.00	428.00	407.08	407.99	4018654	1657300736.00
2021/08/09	400.00	409.93	395.00	407.00	4088570	1648404608.00
2021/08/10	407.00	425.00	406.02	413.75	4184130	1732051968.00
2021/08/11	416.01	434.00	412.58	425.00	5111624	2172675584.00
2021/08/12	423.00	436.00	418.00	421.00	3882090	1659303552.00
2021/08/13	417.88	420.51	410.20	413.09	2574908	1066094592.00
2021/08/16	417.00	421.20	410.00	413.46	2963638	1230036480.00
2021/08/17	411.50	418.70	400.00	403.28	3932301	1604306432.00
2021/08/18	404.50	427.36	403.03	417.03	5004858	2089095168.00
2021/08/19	419.94	432.81	415.54	429.84	4585643	1958331776.00
2021/08/20	429.95	431.90	408.68	419.01	4091282	1715586816.00
2021/08/23	419.16	421.98	409.00	412.59	3693913	1526406784.00
2021/08/24	415.01	453.64	412.60	439.00	8268977	3596185088.00
2021/08/25	439.24	453.35	432.50	440.24	4455355	1964831488.00
2021/08/26	444.00	444.00	410.50	410.78	8216073	3424992768.00
2021/08/27	409.00	414.88	401.12	403.53	4431918	1800358656.00
2021/08/30	403.94	408.00	380.30	386.07	7140574	2782209536.00
2021/08/31	382.00	383.57	357.50	379.00	6866097	2538705920.00
2021/09/01	377.00	395.50	366.76	392.06	5481265	2084438656.00
2021/09/02	386.02	391.00	368.00	368.00	4318723	1619288704.00
2021/09/03	370.00	375.99	358.00	359.60	3602362	1312500864.00
2021/09/06	359.60	372.60	359.50	364.19	3945735	1441333504.00
2021/09/07	363.58	366.11	359.02	362.80	2875081	1040341248.00
2021/09/08	362.60	365.24	348.85	351.00	4641580	1645781632.00
2021/09/09	349.00	354.82	341.69	352.60	3957561	1376784512.00
2021/09/10	350.30	366.00	347.52	362.81	4630819	1662696704.00
2021/09/13	360.00	360.92	342.30	346.16	4526526	1581745792.00
2021/09/14	345.17	355.93	344.33	353.00	3750975	1324161024.00
2021/09/15	351.31	351.85	333.33	339.50	5299073	1808018944.00
2021/09/16	341.00	348.98	332.13	333.51	3784354	1283501952.00
2021/09/17	334.22	335.64	322.02	331.01	3820771	1251575936.00
2021/09/22	325.00	330.00	321.15	325.71	1875327	610844736.00
2021/09/23	330.01	344.56	324.01	341.41	4776456	1613893248.00
2021/09/24	341.00	358.00	336.10	350.88	5104929	1791838080.00
2021/09/27	355.00	363.36	348.00	352.56	3143474	1112551808.00
2021/09/28	351.42	363.62	341.50	354.47	3281828	1168711680.00
2021/09/29	349.97	363.08	345.77	356.51	2878080	1020920448.00
2021/09/30	355.00	360.30	351.30	352.00	2431665	863546112.00
2021/10/08	354.00	365.50	353.91	358.78	2996623	1080944000.00
2021/10/11	348.80	348.80	318.00	318.30	7991597	2612895488.00
2021/10/12	320.53	322.50	294.82	298.79	7315755	2217556480.00
2021/10/13	298.65	304.50	291.20	304.00	5281470	1574790400.00
2021/10/14	302.00	307.62	298.10	305.30	2822881	859442112.00
2021/10/15	305.83	317.50	299.03	312.25	4655852	1452400512.00
2021/10/18	309.00	309.00	296.19	301.83	4627529	1392798848.00
2021/10/19	303.00	312.00	299.10	308.47	3244648	995729920.00
2021/10/20	308.77	312.12	305.01	305.42	2506315	770508736.00
2021/10/21	305.00	308.70	301.37	305.79	2369749	720229760.00
2021/10/22	306.00	335.68	305.88	329.92	8935275	2921271808.00
2021/10/25	330.04	331.99	317.31	323.53	4528468	1462042112.00
2021/10/26	320.01	326.98	317.58	321.00	3151221	1012898240.00
2021/10/27	321.06	323.48	316.00	318.88	2233164	712226816.00
2021/10/28	316.89	323.88	306.12	308.31	4493596	1406209792.00
2021/10/29	310.08	317.00	303.96	309.19	3636151	1125823232.00
2021/11/01	305.49	312.78	302.10	307.77	3087625	951542528.00
2021/11/02	308.00	319.88	305.21	315.02	5629387	1781058048.00
2021/11/03	315.01	317.90	298.91	301.60	6031552	1835766528.00
2021/11/04	304.12	317.08	303.21	312.35	5664627	1776992512.00
2021/11/05	317.00	322.89	312.81	313.91	3668917	1160821504.00
2021/11/08	312.99	312.99	303.03	307.00	3375358	1031570880.00
2021/11/09	306.00	311.28	301.00	308.50	4063398	1242542080.00
2021/11/10	306.80	307.60	295.00	301.49	4894669	1467399680.00
2021/11/11	300.00	309.00	296.68	303.03	4701293	1422210560.00
2021/11/12	302.00	307.30	297.70	298.46	4733509	1426483072.00
2021/11/15	298.41	302.80	294.30	302.50	4392913	1313748096.00
2021/11/16	301.50	310.00	299.02	302.89	5007012	1528721280.00
2021/11/17	304.68	307.00	298.80	305.76	3419124	1037180864.00
2021/11/18	305.88	308.82	303.61	303.85	3040768	931103232.00
2021/11/19	302.00	306.78	299.00	300.36	3952040	1190721536.00
2021/11/22	300.01	327.50	300.00	325.67	11179015	3567479552.00
2021/11/23	328.21	332.32	322.67	330.00	5732307	1886298112.00
2021/11/24	330.00	349.37	327.88	338.91	7722990	2612940288.00
2021/11/25	349.57	385.00	343.19	382.93	12506376	4624575488.00
2021/11/26	376.39	376.48	360.09	365.02	7261334	2662456320.00
2021/11/29	358.80	377.28	356.50	375.14	6140949	2265708288.00
2021/11/30	375.32	384.45	371.30	374.80	4395974	1657278464.00
2021/12/01	374.95	377.77	366.66	368.99	3324006	1230801152.00
2021/12/02	366.04	375.30	366.00	369.01	2364486	876332032.00
2021/12/03	372.20	385.00	371.35	372.62	4234293	1602544000.00
2021/12/06	370.28	374.96	365.05	365.26	2877822	1064510912.00
2021/12/07	371.73	373.00	353.81	357.83	3541919	1272465792.00
2021/12/08	355.02	369.50	355.02	363.27	2826646	1027707008.00
2021/12/09	362.47	369.99	358.99	363.10	2579737	940961088.00
2021/12/10	361.08	374.20	356.66	363.09	4533305	1643043584.00
2021/12/13	371.00	372.18	359.01	364.00	3157186	1153462528.00
2021/12/14	364.00	369.88	361.20	364.95	2454916	897650240.00
2021/12/15	362.80	367.80	355.88	357.00	2915318	1048615936.00
2021/12/16	356.90	358.30	340.03	341.89	4005646	1385814912.00
2021/12/17	340.98	352.78	340.00	343.00	3040980	1050102464.00
2021/12/20	340.01	343.99	336.20	336.70	2176597	738300864.00
2021/12/21	338.70	346.00	336.56	342.50	1924723	656907520.00
2021/12/22	347.80	348.68	334.70	334.97	2803535	954790912.00
2021/12/23	334.18	339.80	330.01	337.68	2291524	767690816.00
2021/12/24	336.78	345.59	335.08	342.45	2282259	779444864.00
2021/12/27	342.44	354.60	341.00	346.50	2156753	750270208.00
2021/12/28	348.00	351.56	341.20	345.07	1743368	599610624.00
2021/12/29	343.00	348.80	332.41	333.60	3324518	1121873408.00
2021/12/30	334.88	338.00	331.52	334.92	2414592	807712384.00
2021/12/31	335.00	335.80	313.98	326.80	4162934	1342712320.00
2022/01/04	324.30	330.93	318.28	328.60	3041053	989830400.00
2022/01/05	326.31	331.50	316.58	318.00	2806828	900814912.00
2022/01/06	316.50	322.70	312.05	313.00	2648519	835783744.00
2022/01/07	314.00	328.68	308.47	322.20	3304874	1056714368.00
2022/01/10	318.00	322.93	312.20	314.68	2291490	724942848.00
2022/01/11	315.49	321.50	311.00	316.00	2272252	716771072.00
2022/01/12	314.00	316.00	297.01	303.90	6016796	1816453120.00
2022/01/13	303.29	304.50	299.00	300.95	2059930	620219904.00
2022/01/14	298.02	303.64	297.66	298.02	2860816	858200384.00
2022/01/17	297.00	301.57	292.01	296.00	3147499	931955072.00
2022/01/18	297.01	298.24	288.00	291.50	4826568	1412901120.00
2022/01/19	289.00	289.50	276.56	277.50	4899630	1373630592.00
2022/01/20	277.67	280.33	268.00	268.71	4346581	1180428672.00
2022/01/21	266.00	274.50	265.12	269.53	3249913	878166464.00
2022/01/24	266.79	278.00	266.00	276.24	3025352	829257024.00
2022/01/25	275.33	281.48	270.33	270.35	2423928	667368320.00
2022/01/26	273.90	274.98	265.90	272.01	1984554	537494912.00
2022/01/27	271.00	272.97	262.68	263.99	2300115	613638592.00
2022/01/28	265.69	268.99	258.80	258.88	2442167	641248832.00
2022/02/07	263.11	271.96	261.40	262.22	2500846	665870592.00
2022/02/08	263.25	263.50	253.65	256.27	2420461	622007104.00
2022/02/09	256.50	262.77	251.06	262.17	2124101	547242048.00
2022/02/10	263.01	265.88	259.58	262.60	1892925	496812192.00
2022/02/11	261.49	264.50	259.36	263.64	2296390	602487360.00
2022/02/14	260.00	262.00	245.63	247.50	4451619	1121990400.00
2022/02/15	247.52	256.50	246.88	254.09	3585627	904825088.00
2022/02/16	256.00	259.34	248.00	255.55	3125964	794314112.00
2022/02/17	255.51	258.79	251.21	255.53	2252410	574560384.00
2022/02/18	252.53	256.98	247.00	255.07	2518388	637614208.00
2022/02/21	255.80	257.99	250.26	250.57	2442033	617452224.00
2022/02/22	248.92	251.24	238.25	244.21	3982502	969303424.00
2022/02/23	246.70	281.00	246.70	277.62	10003085	2669763840.00
2022/02/24	278.80	280.00	262.54	266.80	6996104	1888539136.00
2022/02/25	270.53	275.79	268.10	269.62	4175814	1133947008.00
2022/02/28	267.00	271.01	265.40	269.65	3230038	866517696.00
2022/03/01	269.98	270.95	267.00	268.20	2144645	575867072.00
2022/03/02	265.01	265.99	256.00	258.17	3460989	897952960.00
2022/03/03	259.99	261.35	249.82	250.51	2847579	722122240.00
2022/03/04	246.00	258.66	245.06	250.50	3666367	927983552.00
2022/03/07	250.49	250.49	237.69	239.60	3333303	806752960.00
2022/03/08	239.70	242.78	230.60	231.99	4227188	994620736.00
2022/03/09	232.80	235.11	215.55	223.60	5831684	1308568576.00
2022/03/10	230.05	236.00	230.00	235.00	4825709	1125569152.00
2022/03/11	230.06	239.31	229.00	238.20	3815952	901250496.00
2022/03/14	233.99	236.70	229.00	229.19	2337185	542285248.00
2022/03/15	228.21	232.50	222.23	223.23	2931672	666078400.00
2022/03/16	226.66	228.98	213.00	228.10	5036425	1116791040.00
2022/03/17	232.70	251.66	227.60	246.50	7744269	1861182080.00
2022/03/18	240.00	243.60	233.69	238.33	4630029	1101237888.00
2022/03/21	237.63	243.34	233.88	237.00	2721165	648173696.00
2022/03/22	237.94	238.60	234.84	235.62	1723710	407881696.00
2022/03/23	235.98	240.68	233.36	237.18	2056250	488274784.00
2022/03/24	234.06	235.00	227.10	230.83	2712610	625760576.00
2022/03/25	232.80	238.95	224.01	224.09	3240930	740763072.00
2022/03/28	222.46	224.98	217.13	218.20	2556225	561796672.00
2022/03/29	219.20	220.50	215.01	215.68	1935381	420324416.00
2022/03/30	217.89	220.99	216.32	220.97	2966394	649042240.00
2022/03/31	218.78	218.97	208.80	209.92	4555776	969695040.00
2022/04/01	207.71	213.78	205.50	212.29	2964893	625284800.00
2022/04/06	212.00	212.00	202.00	204.96	3071277	631855488.00
2022/04/07	203.33	207.19	200.01	200.49	2840095	574603136.00
2022/04/08	200.60	201.88	194.28	198.36	2910837	577349248.00
2022/04/11	198.00	198.00	186.78	188.88	3167469	605764288.00
2022/04/12	185.80	191.00	182.50	187.70	3533886	658403328.00
2022/04/13	185.13	185.13	179.00	179.00	3634559	658150144.00
2022/04/14	180.79	184.80	176.32	182.33	4022495	726758144.00
2022/04/15	182.19	200.88	181.28	197.19	7688038	1503721088.00
2022/04/18	194.74	215.68	193.22	210.57	6352850	1325279872.00
2022/04/19	207.00	211.00	204.48	205.34	3844074	792814080.00
2022/04/20	205.98	209.00	201.83	201.90	2573344	525360960.00
2022/04/21	200.99	204.79	195.00	196.00	3281982	655177344.00
2022/04/22	194.33	200.88	190.08	191.37	2712611	525583232.00
2022/04/25	188.61	189.00	177.29	177.47	2933728	536777728.00
2022/04/26	179.19	181.56	165.10	166.07	3833391	658205888.00
2022/04/27	163.01	179.80	162.38	179.00	4601917	789078272.00
2022/04/28	179.00	184.35	173.73	183.30	4279421	772003776.00
2022/04/29	185.47	188.42	178.02	185.52	3944375	723509696.00
2022/05/05	183.82	189.22	182.31	182.82	2596466	480670112.00
2022/05/06	177.88	179.00	173.35	173.50	2755688	484730592.00
2022/05/09	173.50	174.60	167.60	168.78	2343771	399436576.00
2022/05/10	165.75	189.84	165.23	183.24	5921057	1075917184.00
2022/05/11	184.99	197.66	180.33	194.18	6431206	1240105344.00
2022/05/12	191.00	196.50	190.49	195.50	3136133	607913856.00
2022/05/13	196.79	197.01	191.18	192.60	2641319	510958976.00
2022/05/16	198.86	198.93	187.79	188.40	2346681	448460864.00
2022/05/17	188.23	196.66	187.01	195.02	3329013	645301632.00
2022/05/18	195.60	196.80	192.40	193.15	2081386	403663840.00
2022/05/19	189.00	199.50	188.20	199.50	3640077	711006144.00
2022/05/20	200.24	202.24	195.01	200.01	3339842	662472384.00
2022/05/23	200.05	201.48	196.13	199.89	2123635	422342688.00
2022/05/24	198.00	201.55	190.00	190.10	2659792	519975264.00
2022/05/25	188.51	191.95	187.10	189.57	2039418	385540448.00
2022/05/26	190.09	190.09	181.31	186.68	2429232	450474656.00
2022/05/27	188.04	196.69	186.68	187.70	2881260	549674752.00
2022/05/30	189.74	193.60	184.01	188.94	2475579	468310112.00
2022/05/31	188.94	194.86	184.50	194.00	3618104	691195648.00
2022/06/01	193.41	198.11	192.71	195.00	2887937	564720576.00
2022/06/02	193.98	199.50	191.00	198.54	3596249	708921088.00
2022/06/06	198.00	206.51	194.68	203.19	4663043	940432896.00
2022/06/07	202.48	214.98	201.31	211.95	6003708	1258000384.00
2022/06/08	209.00	213.73	206.17	208.80	3921062	819857856.00
2022/06/09	208.00	210.90	197.00	198.09	4144520	837223232.00
2022/06/10	195.00	199.72	190.37	195.00	6066518	1175847680.00
2022/06/13	192.41	194.49	187.85	189.90	4174568	795261824.00
2022/06/14	187.78	187.78	179.30	183.82	4934871	899442880.00
2022/06/15	183.74	196.79	183.74	193.80	4799663	922091584.00
2022/06/16	193.80	198.70	192.00	192.46	3190231	623013440.00
2022/06/17	190.02	196.41	187.02	195.60	4264548	827363968.00
2022/06/20	196.71	213.50	196.71	209.72	6114448	1264223232.00
2022/06/21	210.00	211.56	200.21	201.47	3995723	813466496.00
2022/06/22	202.50	204.02	192.10	192.11	4194932	822776000.00
2022/06/23	195.00	206.50	194.05	204.45	5147708	1040688704.00
2022/06/24	207.92	207.96	200.89	203.12	3628023	737635264.00
2022/06/27	205.95	208.87	202.47	206.51	4015853	824935552.00
2022/06/28	206.52	212.41	198.52	210.88	5752572	1182257024.00
2022/06/29	210.90	218.00	208.21	209.09	7202813	1541989504.00
2022/06/30	131.00	135.93	130.01	135.00	7828683	1046947776.00
2022/07/01	135.50	145.15	135.50	140.76	9768941	1380039680.00
2022/07/04	137.00	137.00	131.37	133.55	9161175	1225017984.00
2022/07/05	133.00	136.50	128.76	131.05	7686930	1013093568.00
2022/07/06	130.05	137.90	130.04	134.20	8177406	1099031936.00
2022/07/07	134.25	134.25	128.68	131.41	6048662	789647616.00
2022/07/08	131.98	134.99	130.09	130.20	6765120	892564864.00
2022/07/11	128.68	128.68	121.88	123.95	8096128	1001984448.00
2022/07/12	122.80	123.82	119.19	119.19	5038336	608127488.00
2022/07/13	116.00	116.00	104.01	108.81	15967228	1723559808.00
2022/07/14	106.85	107.99	105.23	105.42	9662330	1026930688.00
2022/07/15	103.64	107.49	103.01	103.80	7799185	821077568.00
2022/07/18	103.30	106.24	101.50	104.68	6435932	666970048.00
2022/07/19	104.00	105.51	102.70	103.88	4676843	485141280.00
2022/07/20	104.62	106.38	104.13	104.58	5082085	534254464.00
2022/07/21	105.58	109.58	104.07	106.98	8427575	906568576.00
2022/07/22	106.56	107.30	102.91	103.48	6389146	666783872.00
2022/07/25	102.60	104.20	101.01	101.53	4717613	481292416.00
2022/07/26	101.18	102.50	99.45	100.49	5734804	576589888.00
2022/07/27	100.00	100.70	99.01	100.23	3986345	397828704.00
2022/07/28	101.16	103.30	100.00	100.58	7721451	787196416.00
2022/07/29	100.66	101.50	96.08	96.15	9119812	891060096.00
2022/08/01	95.90	98.09	93.15	96.79	6076762	583022336.00
2022/08/02	95.00	97.00	92.61	93.89	6765185	640976640.00
2022/08/03	94.42	99.70	93.52	97.12	9680662	937317248.00
2022/08/04	97.00	100.48	96.25	100.45	8520545	841149312.00
2022/08/05	100.40	107.70	99.55	107.00	14654742	1534560896.00
2022/08/08	107.84	107.98	103.17	104.50	8621104	902482880.00
2022/08/09	104.10	104.74	101.70	104.73	6715247	689640448.00
2022/08/10	104.00	107.62	102.60	102.75	7410083	777526272.00
2022/08/11	103.50	107.19	103.05	106.66	8847814	933509184.00
2022/08/12	105.50	106.19	104.10	104.13	5758927	604765696.00
2022/08/15	101.00	101.01	97.44	98.00	11449167	1130429184.00
2022/08/16	97.90	99.46	97.01	97.50	5849487	573371648.00
2022/08/17	97.28	102.97	96.03	102.40	9821394	981080960.00
2022/08/18	101.62	104.18	99.76	102.88	6728792	686937984.00
2022/08/19	103.00	106.74	100.16	100.25	6578583	680888000.00
2022/08/22	100.26	101.74	97.40	99.90	4634646	461445824.00
2022/08/23	99.01	100.20	97.86	98.12	4470461	440167840.00
2022/08/24	98.12	98.50	94.00	94.15	6806345	651457856.00
2022/08/25	94.13	95.42	92.68	95.34	4669769	439631968.00
2022/08/26	95.74	96.05	92.78	92.96	4115043	388085120.00
2022/08/29	90.80	93.39	90.06	92.28	3730773	342963104.00
2022/08/30	91.66	97.40	91.33	96.70	6846633	648276096.00
2022/08/31	95.50	103.00	95.40	101.74	11373901	1141058304.00
2022/09/01	101.66	102.68	98.46	98.65	5864112	587390912.00
2022/09/02	98.00	103.38	97.78	102.05	7029853	712973376.00
2022/09/05	101.00	101.58	98.02	98.60	5151433	510879872.00
2022/09/06	99.20	99.68	96.73	97.86	4891348	478009920.00
2022/09/07	97.69	100.66	97.15	98.97	4483079	445221056.00
2022/09/08	99.20	99.44	95.38	95.40	5334646	513854592.00
2022/09/09	95.46	96.30	93.50	95.01	3855130	366149632.00
2022/09/13	94.50	97.58	94.50	95.10	3380616	323697600.00
2022/09/14	94.74	100.66	94.36	100.65	11001998	1082463104.00
2022/09/15	99.50	104.87	98.70	103.95	15713200	1617785088.00
2022/09/16	103.00	104.50	100.40	102.20	9709827	994364800.00
2022/09/19	103.20	103.80	97.60	99.65	8624111	866832896.00
2022/09/20	99.88	100.44	95.40	96.30	7783767	756728320.00
2022/09/21	94.49	94.55	91.68	92.40	7566062	702419328.00
2022/09/22	91.50	93.88	91.00	91.64	5497286	507534656.00
2022/09/23	91.40	95.66	90.55	93.96	6647753	618867776.00
2022/09/26	92.00	94.60	91.71	92.12	4834672	451129568.00
2022/09/27	92.15	96.87	92.15	96.65	7215217	684381184.00
2022/09/28	96.04	96.94	94.33	94.71	5401528	515756960.00
2022/09/29	95.94	96.25	91.51	91.68	6570424	610986880.00
2022/09/30	91.09	92.00	88.29	88.41	4987315	449903840.00
2022/10/10	88.30	88.30	81.01	81.12	7683643	635911616.00
2022/10/11	81.00	81.79	79.00	79.40	4694781	376063744.00
2022/10/12	78.81	84.25	78.25	84.02	6212597	505297920.00
2022/10/13	83.33	84.47	82.10	82.10	4939945	411592608.00
2022/10/14	83.25	87.18	82.51	86.30	6375060	542737856.00
2022/10/17	85.00	88.20	84.88	87.48	4846194	421210176.00
2022/10/18	88.00	88.33	85.60	86.15	3616377	312270496.00
2022/10/19	85.49	86.49	84.61	84.61	3748855	319795744.00
2022/10/20	84.61	90.85	83.70	89.15	8577806	756153472.00
2022/10/21	88.01	88.98	86.70	87.18	4416440	386686144.00
2022/10/24	87.18	89.55	84.06	84.85	5035517	436339456.00
2022/10/25	84.00	85.50	82.32	82.92	4335326	362918720.00
2022/10/26	83.05	88.28	82.34	87.01	6822123	588490560.00
2022/10/27	86.97	89.18	85.60	86.55	5593422	487711456.00
2022/10/28	84.30	92.69	84.00	86.80	10112909	901608832.00
2022/10/31	85.71	93.29	85.70	92.36	11174313	1018698752.00
2022/11/01	91.12	93.55	90.56	93.50	7096027	654336064.00
2022/11/02	93.00	96.20	92.49	93.63	7204202	677207552.00
2022/11/03	92.30	103.28	92.00	102.62	13447755	1325043072.00
2022/11/04	101.00	104.53	100.01	103.35	9458286	964988800.00
2022/11/07	103.31	106.60	101.94	103.76	7478233	778313280.00
2022/11/08	104.00	105.86	101.56	102.30	6089822	628430464.00
2022/11/09	102.00	107.00	101.10	103.35	8813422	922942208.00
2022/11/10	102.40	104.49	99.58	99.78	8609665	869583040.00
2022/11/11	106.10	109.48	102.23	102.57	13008012	1381956736.00
2022/11/14	103.00	107.52	101.56	103.20	8974198	938353216.00
2022/11/15	103.20	123.00	102.11	119.13	21739082	2475627008.00
2022/11/16	117.00	121.26	115.28	120.79	13468745	1600145664.00
2022/11/17	117.86	129.50	116.06	126.50	15611369	1904849408.00
2022/11/18	123.30	127.49	121.00	121.99	9341586	1157097088.00
2022/11/21	120.08	121.23	115.68	118.70	10600641	1248981504.00
2022/11/22	117.30	121.20	116.70	117.35	7308260	868103680.00
2022/11/23	117.01	119.20	113.44	115.40	7647827	883518976.00
2022/11/24	115.00	117.15	111.30	112.14	6781176	764843328.00
2022/11/25	113.33	115.99	111.39	112.78	6087784	690902784.00
2022/11/28	110.11	114.60	109.18	114.18	5852614	658689984.00
2022/11/29	114.00	118.78	112.35	117.69	8082649	938570304.00
2022/11/30	117.00	118.35	114.14	115.11	5465965	633941888.00
2022/12/01	117.49	121.68	116.60	119.00	8185257	978397056.00
2022/12/02	117.58	121.48	117.00	118.00	4970633	593180096.00
2022/12/05	118.00	120.30	113.84	115.73	6238146	722720896.00
2022/12/06	115.69	120.50	114.54	117.64	7891728	935746944.00
2022/12/07	116.49	116.80	112.77	113.24	6747093	770987968.00
2022/12/08	112.09	114.86	110.84	111.70	5739498	644103936.00
2022/12/09	112.98	114.33	110.88	112.59	6909709	776545984.00
2022/12/12	112.15	120.19	112.10	117.18	11311515	1329287168.00
2022/12/13	116.03	118.40	114.64	116.84	5908061	688812416.00
2022/12/14	121.34	122.28	117.38	117.64	9549583	1139731712.00
2022/12/15	117.36	121.64	117.00	117.96	6557625	782109312.00
2022/12/16	116.99	118.60	115.02	116.15	4188730	487764448.00
2022/12/19	115.00	117.01	112.55	113.25	4243381	483982880.00
2022/12/20	112.52	117.60	112.52	117.36	6711383	780703872.00
2022/12/21	117.25	122.18	116.88	117.90	5646757	674356160.00
2022/12/22	118.50	118.98	111.70	112.71	5158714	590292992.00
2022/12/23	111.60	112.52	105.06	106.82	6110214	659153216.00
2022/12/26	106.93	116.20	105.66	114.23	6529822	735264768.00
2022/12/27	114.00	116.76	112.29	115.87	4303048	492092384.00
2022/12/28	115.00	116.34	114.30	114.60	3016900	347229280.00
2022/12/29	114.69	117.60	113.16	115.44	4509160	520424352.00
2022/12/30	116.20	118.65	113.50	114.30	3471721	400848352.00
2023/01/03	114.00	114.80	112.05	113.81	3730053	423906208.00
2023/01/04	113.01	116.30	111.01	112.06	4728037	534539104.00
2023/01/05	113.00	115.23	111.66	114.03	4206415	478039872.00
2023/01/06	113.00	117.28	111.80	115.49	5403317	623005632.00
2023/01/09	115.48	122.80	115.47	119.26	7363907	882080896.00
2023/01/10	119.00	131.44	118.89	126.50	12772923	1618774400.00
2023/01/11	127.00	127.79	123.20	123.34	5852997	732137408.00
2023/01/12	124.00	126.49	122.35	124.10	6296183	784620160.00
2023/01/13	127.00	127.10	123.00	124.85	3688127	459596736.00
2023/01/16	126.09	135.00	125.50	134.56	11326920	1494042368.00
2023/01/17	135.20	143.75	132.66	134.57	16289708	2241414144.00
2023/01/18	134.00	135.42	131.71	133.34	5106537	682858304.00
2023/01/19	134.96	140.50	131.30	138.00	11294459	1549835008.00
2023/01/20	138.90	139.30	136.79	138.55	5595356	773006208.00
2023/01/30	141.18	144.00	137.50	141.35	8089838	1142145280.00
2023/01/31	141.34	144.16	133.50	133.88	8998838	1227265280.00
2023/02/01	133.50	136.33	132.00	134.95	7414479	993892928.00
2023/02/02	135.49	142.56	135.06	139.81	7350936	1022151296.00
2023/02/03	139.00	142.60	135.81	137.00	5815547	802945024.00
2023/02/06	135.08	136.87	132.20	134.01	5339508	715505344.00
2023/02/07	134.81	135.00	130.30	131.49	6390542	841887168.00
2023/02/08	132.80	133.65	129.30	129.40	4088839	534767424.00
2023/02/09	129.07	133.97	126.61	133.45	7435840	973937472.00
2023/02/10	132.51	135.35	132.00	133.97	4737669	633626240.00
数据来源:通达信
