300898 熊猫乳品 日线 不复权
      日期	    开盘	    最高	    最低	    收盘	    成交量	    成交额
2020/10/16	44.40	88.00	40.00	62.15	23156164	1157653120.00
2020/10/19	53.40	56.60	47.40	47.75	20461355	1071174144.00
2020/10/20	45.31	65.00	44.00	64.62	22922302	1194388736.00
2020/10/21	58.16	80.50	58.16	70.66	23304792	1581661440.00
2020/10/22	67.20	73.10	63.23	64.60	16005326	1072636800.00
2020/10/23	62.70	77.52	62.02	77.52	21573959	1584287232.00
2020/10/26	76.48	78.66	70.23	77.79	16640181	1252722048.00
2020/10/27	77.66	78.50	70.44	74.10	15617546	1162624384.00
2020/10/28	72.65	78.87	69.99	72.45	15515595	1145554944.00
2020/10/29	67.00	69.08	64.59	64.80	13873068	922016384.00
2020/10/30	64.94	65.12	56.70	57.70	12004708	720446848.00
2020/11/02	57.71	63.55	56.11	61.00	11947469	713953600.00
2020/11/03	59.19	61.95	58.42	59.78	8519211	508920896.00
2020/11/04	60.00	61.23	56.91	57.48	7453397	437040160.00
2020/11/05	57.02	63.24	57.02	61.50	12201500	742296448.00
2020/11/06	60.40	64.39	59.71	63.30	12010176	749132608.00
2020/11/09	63.29	64.88	60.55	63.68	10890846	679779584.00
2020/11/10	62.80	63.55	59.72	60.68	8758993	537936768.00
2020/11/11	59.33	62.68	58.66	58.90	6972191	423101408.00
2020/11/12	57.66	58.49	53.50	54.50	7970383	442806784.00
2020/11/13	54.11	55.69	53.50	54.69	3685939	200635776.00
2020/11/16	54.83	59.99	53.01	57.99	7100229	403915840.00
2020/11/17	57.60	62.01	56.59	60.12	8970146	533915456.00
2020/11/18	59.00	61.79	57.50	57.94	7247003	431335552.00
2020/11/19	56.00	57.26	54.51	55.85	6021499	336159136.00
2020/11/20	55.40	56.50	54.80	55.87	4701625	261231392.00
2020/11/23	55.80	55.85	53.10	54.00	4998055	270232960.00
2020/11/24	53.90	55.00	53.31	54.17	2921310	158008864.00
2020/11/25	54.09	54.50	51.03	51.44	4718243	246418448.00
2020/11/26	51.40	53.30	51.40	51.64	3058023	159544896.00
2020/11/27	51.15	52.00	50.20	50.39	3224687	163585664.00
2020/11/30	50.40	51.52	49.10	50.40	2992468	151696896.00
2020/12/01	50.00	51.70	49.52	50.96	3014638	153818016.00
2020/12/02	50.40	58.65	50.40	58.49	11199326	618885888.00
2020/12/03	56.02	59.20	55.23	57.51	10003327	572927296.00
2020/12/04	57.51	61.55	56.11	59.35	10699260	629540288.00
2020/12/07	57.73	64.89	57.07	59.84	11827980	727598272.00
2020/12/08	59.84	62.40	58.02	58.28	9212294	551269952.00
2020/12/09	56.61	59.48	55.80	56.18	7666292	441628480.00
2020/12/10	54.50	56.09	53.49	53.70	5816546	317607328.00
2020/12/11	53.70	54.38	51.03	52.09	4554088	238340416.00
2020/12/14	52.45	57.16	52.40	57.05	8944548	491602944.00
2020/12/15	56.50	59.88	56.36	58.77	9293449	542243072.00
2020/12/16	58.78	61.83	58.06	59.67	11007270	659515136.00
2020/12/17	58.20	59.35	56.30	56.88	8440579	486508256.00
2020/12/18	55.53	56.64	54.20	55.31	4757687	264030432.00
2020/12/21	54.04	57.88	53.64	57.79	6542383	365354304.00
2020/12/22	56.86	61.39	56.53	58.95	10458159	620975936.00
2020/12/23	57.50	59.48	55.55	57.35	8009680	460342368.00
2020/12/24	56.88	56.98	51.01	51.10	8443444	450868224.00
2020/12/25	49.99	50.50	46.00	49.06	6749433	325187456.00
2020/12/28	48.20	50.80	47.05	50.35	5490625	269979488.00
2020/12/29	49.75	50.28	46.58	46.71	4790178	230794720.00
2020/12/30	46.00	48.68	44.35	47.35	5316441	248440288.00
2020/12/31	47.15	48.38	46.18	47.34	3556434	168438016.00
2021/01/04	46.92	50.50	46.92	49.77	5083158	250596304.00
2021/01/05	49.16	59.72	48.89	59.72	14058391	790964928.00
2021/01/06	63.00	64.35	58.21	59.10	14617342	902036352.00
2021/01/07	57.68	64.30	57.68	60.10	10734551	658082880.00
2021/01/08	58.99	60.30	55.16	55.90	7802271	444126176.00
2021/01/11	55.80	58.82	54.51	57.68	8095187	460905664.00
2021/01/12	55.50	57.50	54.22	55.80	6599219	365714656.00
2021/01/13	55.17	56.14	49.58	50.56	7794598	406303552.00
2021/01/14	50.00	52.17	47.80	50.74	5829597	292593856.00
2021/01/15	49.99	54.68	49.75	53.47	6928417	367298048.00
2021/01/18	53.43	54.29	51.80	52.98	5373988	283979008.00
2021/01/19	52.52	54.48	51.51	51.67	5210053	275979840.00
2021/01/20	50.67	52.52	49.88	52.42	4081678	209570880.00
2021/01/21	51.69	54.90	51.61	53.61	5905525	317081760.00
2021/01/22	54.19	55.45	50.52	50.95	5358412	280428160.00
2021/01/25	50.77	51.66	48.50	51.42	4624456	230454768.00
2021/01/26	50.80	54.90	50.75	51.96	5854922	309593248.00
2021/01/27	50.87	50.87	48.35	49.89	4313388	213666496.00
2021/01/28	48.93	50.55	46.80	46.85	3523719	171272480.00
2021/01/29	46.85	48.30	45.38	47.45	3551369	166904448.00
2021/02/01	47.50	49.94	47.11	49.61	3418378	167130592.00
2021/02/02	49.61	49.67	47.38	47.63	3074004	148439600.00
2021/02/03	46.99	47.63	45.54	45.60	2798624	129307296.00
2021/02/04	45.79	47.37	45.79	46.95	3462325	162218800.00
2021/02/05	46.80	48.66	44.60	44.77	3571543	166525520.00
2021/02/08	43.33	43.36	39.18	40.11	4996456	203652944.00
2021/02/09	39.92	40.72	39.32	39.99	2763754	111000568.00
2021/02/10	40.40	40.70	38.04	38.35	3643547	141802464.00
2021/02/18	39.01	40.32	38.90	39.37	3100767	122307968.00
2021/02/19	39.57	42.78	38.97	41.93	4310734	176978432.00
2021/02/22	41.89	42.50	40.65	40.99	3833258	159646816.00
2021/02/23	40.90	42.29	39.50	41.53	3970744	163578144.00
2021/02/24	41.07	41.75	40.20	41.53	2540711	104469960.00
2021/02/25	41.80	41.81	39.89	40.39	2407597	97539848.00
2021/02/26	39.36	40.36	39.28	39.72	1376773	54906296.00
2021/03/01	39.72	40.80	39.72	40.69	1839479	74370112.00
2021/03/02	40.80	41.03	39.30	39.48	2323260	92658424.00
2021/03/03	39.41	40.58	39.40	40.10	1919308	76818224.00
2021/03/04	40.30	40.49	38.95	39.13	2438360	95979136.00
2021/03/05	39.13	39.99	38.01	39.73	1918772	75673152.00
2021/03/08	40.07	40.79	39.25	39.49	2164930	86795488.00
2021/03/09	39.49	39.63	36.67	37.20	2365685	89577872.00
2021/03/10	37.75	38.39	36.30	37.57	2021577	75298528.00
2021/03/11	38.52	38.52	36.92	37.74	1725178	64865132.00
2021/03/12	37.50	37.80	36.03	36.08	2338366	85843568.00
2021/03/15	35.60	35.98	34.90	35.49	1698568	60006404.00
2021/03/16	35.55	37.66	35.41	36.60	2455354	89565584.00
2021/03/17	36.14	37.70	36.01	37.39	2466090	91570376.00
2021/03/18	37.46	37.78	36.66	36.81	1720300	63697224.00
2021/03/19	36.66	38.58	36.36	37.53	2632114	99062128.00
2021/03/22	37.63	38.60	37.00	38.02	1852473	70262304.00
2021/03/23	38.00	38.28	36.68	36.79	1770600	66054652.00
2021/03/24	37.34	40.93	36.99	39.91	6106104	240171936.00
2021/03/25	39.59	40.47	38.05	39.66	5025543	196093328.00
2021/03/26	39.10	39.59	38.30	38.86	3276747	127495512.00
2021/03/29	38.88	38.93	38.10	38.31	2173259	83532744.00
2021/03/30	38.00	38.00	36.01	36.11	3200762	116952992.00
2021/03/31	35.71	36.55	35.70	36.25	1334812	48316260.00
2021/04/01	36.27	36.39	35.71	35.90	1306500	46897568.00
2021/04/02	35.68	36.59	35.68	36.25	1387142	50214460.00
2021/04/06	36.02	37.70	36.02	37.38	2434438	90177808.00
2021/04/07	37.05	38.12	36.70	37.74	2772124	103631288.00
2021/04/08	37.20	40.80	37.03	38.52	5267909	204927040.00
2021/04/09	37.45	40.25	37.20	38.45	4227945	163255360.00
2021/04/12	38.00	39.51	37.64	37.66	3430277	132123376.00
2021/04/13	37.16	40.20	37.16	38.20	3085466	119780640.00
2021/04/14	37.51	39.48	37.51	38.51	2944081	113535328.00
2021/04/15	39.67	40.26	37.76	38.12	3786671	146892160.00
2021/04/16	36.77	39.36	36.77	38.92	4506686	173423424.00
2021/04/19	39.00	39.89	38.60	39.66	4439945	175160336.00
2021/04/20	39.01	42.86	39.00	41.42	8247553	338584544.00
2021/04/21	40.98	42.61	40.63	42.00	6939496	289609056.00
2021/04/22	41.77	46.15	41.10	45.18	9053504	396814656.00
2021/04/23	43.30	43.99	42.00	42.01	5814479	248845072.00
2021/04/26	41.10	41.89	39.58	39.64	4178317	169459328.00
2021/04/27	39.90	41.30	39.68	40.20	3258641	131715304.00
2021/04/28	39.72	41.00	38.92	40.61	3009089	121041808.00
2021/04/29	40.82	41.28	39.34	39.34	3091644	124663032.00
2021/04/30	39.20	39.20	37.03	37.20	3248585	122773328.00
2021/05/06	37.13	38.20	37.00	37.41	1758704	66143736.00
2021/05/07	37.38	37.41	35.91	36.00	2194734	80005104.00
2021/05/10	36.33	36.85	35.61	36.61	1598172	58078060.00
2021/05/11	36.56	38.25	36.37	37.42	2260827	85107296.00
2021/05/12	37.12	37.66	36.77	37.37	1557367	57895100.00
2021/05/13	37.01	37.86	36.80	37.64	1717386	64398640.00
2021/05/14	39.29	41.87	38.60	38.95	4019276	160108368.00
2021/05/17	38.58	39.85	37.90	39.63	3360433	130385568.00
2021/05/18	38.83	40.37	38.81	39.65	2700357	107377976.00
2021/05/19	39.30	39.75	38.12	38.35	2371750	91674728.00
2021/05/20	38.14	39.30	38.06	38.57	1934564	75131984.00
2021/05/21	38.78	40.69	38.38	39.64	3507737	140054896.00
2021/05/24	39.56	39.65	38.17	39.19	2571398	99907880.00
2021/05/25	39.20	40.45	38.70	39.56	2595691	103038064.00
2021/05/26	39.56	41.28	39.20	40.88	3620476	146523584.00
2021/05/27	40.86	40.86	39.93	40.25	2708057	109116904.00
2021/05/28	40.00	40.46	39.38	39.46	2111448	83820720.00
2021/05/31	39.60	40.12	39.33	39.88	1712040	67988896.00
2021/06/01	41.00	42.17	40.51	40.63	4278007	176338256.00
2021/06/02	40.15	41.12	39.14	39.35	2886851	115538360.00
2021/06/03	39.21	40.76	39.06	40.54	3461285	138996736.00
2021/06/04	40.53	41.10	39.42	39.86	2470935	98966712.00
2021/06/07	39.60	40.75	39.17	40.40	2195125	88058528.00
2021/06/08	41.04	41.80	39.76	39.85	2541611	102845456.00
2021/06/09	39.60	40.80	39.50	40.28	2131723	85839696.00
2021/06/10	39.79	40.28	38.83	38.87	3122034	122529400.00
2021/06/11	38.68	39.15	37.00	37.27	2655073	101076384.00
2021/06/15	37.10	37.71	36.87	37.28	1180649	44020280.00
2021/06/16	37.35	37.58	36.80	37.20	1087372	40387760.00
2021/06/17	37.00	37.75	36.78	37.37	1171688	43717124.00
2021/06/18	37.37	37.47	36.24	36.60	1817720	66545368.00
2021/06/21	36.45	37.42	36.20	37.35	1507256	55682848.00
2021/06/22	37.20	38.38	37.06	37.81	1601109	60471640.00
2021/06/23	38.20	38.29	37.30	37.53	1306175	49015696.00
2021/06/24	37.53	37.54	36.78	36.93	1047486	38833020.00
2021/06/25	36.85	37.70	36.82	37.46	1165708	43436904.00
2021/06/28	37.30	37.66	36.95	37.27	1020143	38004356.00
2021/06/29	37.01	37.25	35.96	36.04	1625666	59162812.00
2021/06/30	35.99	36.58	35.99	36.26	714332	25882378.00
2021/07/01	36.17	37.34	36.00	36.65	1846766	68091048.00
2021/07/02	36.51	37.73	36.50	36.96	1709868	63667540.00
2021/07/05	36.71	37.00	36.00	36.32	1393748	50639992.00
2021/07/06	36.00	38.30	35.50	37.70	2942354	108781024.00
2021/07/07	37.00	37.70	36.70	37.14	1858088	68975320.00
2021/07/08	37.37	37.37	36.21	36.21	1251805	45755572.00
2021/07/09	36.46	36.59	36.06	36.20	800642	29057030.00
2021/07/12	36.47	37.14	36.30	36.48	1249168	45764640.00
2021/07/13	37.55	37.99	36.99	37.00	2154993	80725232.00
2021/07/14	36.61	37.88	36.40	37.16	1973745	73680240.00
2021/07/15	37.21	37.77	36.19	36.50	1569760	57431712.00
2021/07/16	36.35	36.59	35.82	35.85	1393214	50140844.00
2021/07/19	35.78	36.15	35.50	35.86	868666	31182674.00
2021/07/20	35.83	35.88	34.54	34.58	1721480	60085648.00
2021/07/21	35.30	35.64	34.78	34.87	1178616	41336940.00
2021/07/22	34.87	34.87	33.56	33.73	1850653	62731968.00
2021/07/23	33.82	33.82	32.48	32.58	1622302	53422912.00
2021/07/26	32.32	32.79	31.77	32.79	1284834	41623376.00
2021/07/27	32.55	33.08	31.30	31.48	1230566	39553288.00
2021/07/28	31.00	33.36	31.00	32.69	2006703	65333560.00
2021/07/29	32.53	33.04	32.10	32.48	1384635	45095804.00
2021/07/30	32.20	32.79	31.38	32.64	1690258	54002628.00
2021/08/02	32.64	33.30	32.14	33.26	1517913	50010064.00
2021/08/03	33.20	35.20	32.80	35.02	3168765	108251872.00
2021/08/04	34.42	34.43	33.78	33.92	2091597	71171672.00
2021/08/05	33.93	34.60	33.64	33.78	1405349	47937404.00
2021/08/06	33.01	33.38	32.53	32.60	1356055	44558208.00
2021/08/09	32.60	35.76	32.50	34.81	3454008	119918896.00
2021/08/10	35.00	35.74	34.60	35.32	3077114	108031584.00
2021/08/11	35.33	35.63	34.88	35.34	1825230	64264184.00
2021/08/12	35.40	35.70	34.31	34.40	1411580	49194236.00
2021/08/13	34.40	34.93	33.96	34.59	1139764	39250812.00
2021/08/16	34.29	35.35	34.29	34.92	1496194	52288452.00
2021/08/17	34.75	35.39	34.12	34.36	1515324	52543072.00
2021/08/18	34.08	34.36	33.11	33.72	1714191	57650856.00
2021/08/19	33.88	35.50	33.35	33.66	1956659	66885044.00
2021/08/20	33.22	33.40	31.88	32.33	1701070	55028648.00
2021/08/23	32.74	32.74	32.10	32.61	1038437	33748504.00
2021/08/24	32.92	34.20	32.39	33.41	1706800	56805280.00
2021/08/25	33.34	34.38	33.18	33.90	1612420	54667852.00
2021/08/26	33.56	33.87	32.70	32.76	1214364	40213476.00
2021/08/27	32.60	33.20	32.18	32.33	1055453	34303184.00
2021/08/30	32.30	34.00	31.69	32.68	1743400	56870480.00
2021/08/31	32.20	33.45	32.13	32.54	1490072	48748536.00
2021/09/01	32.10	33.77	31.66	33.55	2328096	76612168.00
2021/09/02	33.55	33.55	32.70	32.79	1484200	48925552.00
2021/09/03	32.51	33.45	32.43	32.87	1461623	48281896.00
2021/09/06	32.83	33.53	32.20	33.42	1527517	50700956.00
2021/09/07	33.42	33.97	33.11	33.42	1274264	42649672.00
2021/09/08	33.39	34.13	33.30	33.94	1705529	57713388.00
2021/09/09	33.68	34.53	33.50	33.60	1507500	51286024.00
2021/09/10	33.31	33.92	32.80	33.16	1152492	38324412.00
2021/09/13	32.87	33.30	32.60	32.82	838000	27510816.00
2021/09/14	32.68	33.60	32.25	32.44	1129592	36995656.00
2021/09/15	32.13	32.28	31.66	31.84	1070496	34085064.00
2021/09/16	31.82	33.22	31.79	32.50	1981477	64503352.00
2021/09/17	32.30	32.30	31.13	31.45	1571299	49433184.00
2021/09/22	31.00	31.50	30.90	30.91	923696	28681178.00
2021/09/23	30.91	31.46	30.91	31.07	674588	21000402.00
2021/09/24	31.10	34.82	31.07	32.92	4054903	134590544.00
2021/09/27	32.06	34.40	32.06	33.91	3839134	129222536.00
2021/09/28	33.35	33.50	32.19	32.63	2193864	71598576.00
2021/09/29	32.32	33.73	31.41	32.37	2608284	85499104.00
2021/09/30	33.06	35.47	33.06	33.60	2528068	85415536.00
2021/10/08	33.47	34.86	33.28	34.28	2681991	91730816.00
2021/10/11	34.25	35.56	33.81	34.82	3295084	114835144.00
2021/10/12	34.53	35.38	33.63	35.01	3537687	122816040.00
2021/10/13	35.09	37.86	34.49	36.99	7400425	267263840.00
2021/10/14	35.80	36.28	34.10	34.66	5142933	179958736.00
2021/10/15	34.22	35.92	33.70	33.93	3894470	135727072.00
2021/10/18	32.98	33.79	32.33	32.77	3226859	106111264.00
2021/10/19	32.36	32.96	31.60	32.25	3184740	102187448.00
2021/10/20	32.09	32.60	31.60	32.42	2697074	86699696.00
2021/10/21	32.36	32.36	31.19	31.60	3065226	96752456.00
2021/10/22	31.85	32.49	31.43	31.93	2439672	77872888.00
2021/10/25	31.56	31.88	29.79	30.14	4289009	130363056.00
2021/10/26	30.00	30.44	29.81	30.05	1781172	53545840.00
2021/10/27	29.90	29.91	27.50	28.00	3357177	95324416.00
2021/10/28	27.65	28.49	27.25	28.18	2307875	64295212.00
2021/10/29	28.47	29.19	28.04	28.52	3021824	86856648.00
2021/11/01	27.73	28.99	27.44	28.66	3077967	87431136.00
2021/11/02	28.84	29.56	28.42	29.15	3855421	111954104.00
2021/11/03	29.87	30.31	28.93	28.98	3212763	94325056.00
2021/11/04	28.47	30.20	28.47	29.92	4017593	118818976.00
2021/11/05	29.71	30.92	29.47	29.88	3602732	108875160.00
2021/11/08	29.70	30.19	29.29	29.65	1884913	55765944.00
2021/11/09	30.59	31.97	29.90	30.36	6717013	208034224.00
2021/11/10	30.01	30.88	29.67	30.37	2970011	89617976.00
2021/11/11	30.30	30.35	29.45	29.96	3215900	95943704.00
2021/11/12	29.96	30.35	29.70	29.72	1937683	58043792.00
2021/11/15	29.96	31.05	29.66	30.65	3120520	95249648.00
2021/11/16	30.62	30.94	29.93	30.03	2440406	73939576.00
2021/11/17	30.03	30.13	29.20	29.90	2067199	61129332.00
2021/11/18	29.75	30.05	29.18	29.22	2243788	66209368.00
2021/11/19	29.29	29.54	29.00	29.24	1637428	47899796.00
2021/11/22	29.11	29.60	28.79	29.31	1930532	56367940.00
2021/11/23	29.38	29.87	29.12	29.84	2469723	73079184.00
2021/11/24	29.84	30.30	29.50	30.25	2758169	82814136.00
2021/11/25	30.59	30.59	29.91	30.25	1862600	56164668.00
2021/11/26	30.35	30.49	29.80	29.84	1840328	55266100.00
2021/11/29	29.40	30.00	29.25	29.70	1416528	41997936.00
2021/11/30	29.82	30.31	29.48	29.78	1981209	59470360.00
2021/12/01	29.80	30.25	29.60	30.16	1653388	49762644.00
2021/12/02	30.17	30.77	29.28	29.32	2408802	72221000.00
2021/12/03	29.03	29.59	29.03	29.39	1305302	38339448.00
2021/12/06	29.39	29.58	28.28	28.40	2515146	72018040.00
2021/12/07	28.60	29.25	28.45	28.90	1854300	53543568.00
2021/12/08	29.00	29.69	28.73	29.47	2019192	59260980.00
2021/12/09	29.61	30.59	29.42	30.11	3954647	119428760.00
2021/12/10	29.88	32.98	29.80	30.85	5965920	187114416.00
2021/12/13	32.00	33.15	30.62	32.64	9514804	307700800.00
2021/12/14	32.30	35.52	32.26	34.75	10142138	347539456.00
2021/12/15	35.22	36.16	33.81	34.32	6970958	242779040.00
2021/12/16	34.33	34.69	33.03	33.48	6456800	216852672.00
2021/12/17	33.80	33.80	32.23	32.52	3105199	101236664.00
2021/12/20	32.59	33.20	32.15	32.77	3003651	98475616.00
2021/12/21	32.69	32.77	32.04	32.29	2172042	70264232.00
2021/12/22	32.45	32.48	31.72	31.83	2087000	66691120.00
2021/12/23	31.97	32.12	31.29	31.41	1816681	57368232.00
2021/12/24	31.52	32.57	31.20	31.74	3596288	114383872.00
2021/12/27	31.91	33.58	31.11	33.55	5552845	180600736.00
2021/12/28	33.18	33.88	32.69	33.45	4094440	136829936.00
2021/12/29	33.45	33.45	31.89	31.93	2804040	91027944.00
2021/12/30	31.68	32.30	31.51	31.90	1954481	62308712.00
2021/12/31	33.66	36.49	32.91	33.10	8250548	282107232.00
2022/01/04	32.10	34.17	32.10	33.87	5681374	189696416.00
2022/01/05	33.87	36.24	33.51	34.85	7708339	268951968.00
2022/01/06	34.25	34.84	33.70	33.86	4369522	148652848.00
2022/01/07	33.57	33.80	31.68	32.11	4468654	147402256.00
2022/01/10	32.11	32.95	32.00	32.74	2254113	73410432.00
2022/01/11	32.70	32.88	31.34	31.46	3366463	107609344.00
2022/01/12	31.78	33.59	31.54	33.59	4493454	147389456.00
2022/01/13	33.70	33.78	32.70	32.90	2356096	78081520.00
2022/01/14	32.90	33.69	32.01	32.11	2456935	80426912.00
2022/01/17	32.31	32.95	31.69	32.86	2377200	77025992.00
2022/01/18	32.86	32.86	31.20	31.55	3735696	118120992.00
2022/01/19	31.50	32.15	31.30	31.73	1552140	49143160.00
2022/01/20	31.63	31.68	29.74	29.99	3462050	105738456.00
2022/01/21	30.00	30.51	29.70	29.92	1302448	39154224.00
2022/01/24	29.75	29.99	29.40	29.54	1041780	30883890.00
2022/01/25	29.55	30.21	28.18	28.18	1599700	46208744.00
2022/01/26	28.22	28.68	27.78	28.01	1008500	28314888.00
2022/01/27	28.10	28.15	26.34	26.46	2223958	60073928.00
2022/01/28	26.69	27.15	26.57	26.81	1237567	33293878.00
2022/02/07	27.32	27.50	26.78	26.86	1031196	27835376.00
2022/02/08	26.76	27.36	26.58	27.21	1093192	29667884.00
2022/02/09	27.15	27.53	27.13	27.39	1127900	30875206.00
2022/02/10	27.37	27.48	26.96	27.17	1236134	33632440.00
2022/02/11	27.05	27.48	26.50	26.90	1846273	49751932.00
2022/02/14	26.64	27.33	26.46	26.46	1551235	41498116.00
2022/02/15	26.56	26.69	26.21	26.37	1503659	39705176.00
2022/02/16	26.28	26.93	26.24	26.91	1559336	41523120.00
2022/02/17	26.80	27.18	26.38	26.46	1577824	42114428.00
2022/02/18	26.17	26.63	26.05	26.62	939531	24732092.00
2022/02/21	26.60	27.18	26.41	27.14	1482570	39967284.00
2022/02/22	27.16	27.27	26.58	26.65	1338100	35786832.00
2022/02/23	26.80	27.07	26.51	26.98	1324477	35478476.00
2022/02/24	26.75	27.10	24.99	25.27	3191575	82930448.00
2022/02/25	25.76	26.20	25.53	25.56	1751109	45166552.00
2022/02/28	25.51	25.75	24.91	25.66	1365496	34587736.00
2022/03/01	25.66	26.11	25.66	25.94	1485496	38453496.00
2022/03/02	25.75	26.11	25.70	25.91	1095292	28373682.00
2022/03/03	26.14	26.24	25.53	25.55	1055446	27128790.00
2022/03/04	25.53	25.98	25.40	25.91	1295198	33388210.00
2022/03/07	25.86	25.86	25.00	25.25	1772017	44936232.00
2022/03/08	25.24	25.34	23.58	23.83	1973702	47839560.00
2022/03/09	23.86	23.92	22.00	23.19	2017602	46493416.00
2022/03/10	23.63	24.10	23.60	23.73	1540706	36715384.00
2022/03/11	23.49	24.08	23.27	24.00	1489914	35541888.00
2022/03/14	23.82	24.30	23.25	23.35	2021166	47891940.00
2022/03/15	23.22	23.48	21.79	21.93	1679546	38109780.00
2022/03/16	22.60	22.60	21.00	22.16	2099689	45943412.00
2022/03/17	22.30	23.25	22.30	22.59	2470957	56362404.00
2022/03/18	22.40	23.07	22.30	22.95	1580444	36125252.00
2022/03/21	23.09	23.65	22.90	23.54	1608850	37530996.00
2022/03/22	23.55	23.79	23.00	23.16	2122557	49310012.00
2022/03/23	23.25	23.31	22.94	23.07	1069214	24681234.00
2022/03/24	23.18	23.18	22.62	22.78	1089400	24852732.00
2022/03/25	23.10	24.88	22.86	23.50	3994763	94599256.00
2022/03/28	23.51	23.55	22.65	23.20	2363499	54492036.00
2022/03/29	22.93	23.44	22.40	22.54	2117584	48365548.00
2022/03/30	22.54	22.98	22.34	22.97	1404913	31874610.00
2022/03/31	22.94	23.26	22.65	23.03	1328760	30572812.00
2022/04/01	22.91	22.91	22.40	22.45	1152985	26040002.00
2022/04/06	22.44	23.29	22.42	22.99	1724490	39708340.00
2022/04/07	23.25	23.25	22.46	22.46	1377586	31317582.00
2022/04/08	22.41	22.65	21.50	21.68	1498674	32684528.00
2022/04/11	21.33	22.20	21.20	21.38	1367900	29623210.00
2022/04/12	21.37	21.80	20.72	21.77	1589073	33734988.00
2022/04/13	21.58	23.12	21.39	22.19	3284704	73414664.00
2022/04/14	22.07	22.88	21.72	22.74	3046254	68396024.00
2022/04/15	22.46	23.81	22.46	23.51	5142950	120026456.00
2022/04/18	22.85	23.69	22.77	23.14	3357221	77957360.00
2022/04/19	22.80	23.80	22.80	23.62	3059716	71613128.00
2022/04/20	23.45	24.68	23.08	24.55	6103618	146985808.00
2022/04/21	23.70	23.85	22.75	23.12	5415400	126147320.00
2022/04/22	22.53	22.99	21.74	21.81	3663594	81336848.00
2022/04/25	21.36	21.40	19.02	19.11	3594759	72550128.00
2022/04/26	19.00	20.09	18.38	18.59	2738582	53032380.00
2022/04/27	18.00	18.95	17.81	18.86	2424544	44500656.00
2022/04/28	18.50	18.79	17.50	17.64	2621911	47026120.00
2022/04/29	17.97	18.80	17.66	18.57	2935782	54062136.00
2022/05/05	18.74	19.74	18.42	19.31	2346348	45210180.00
2022/05/06	19.00	19.44	18.70	19.24	1371300	26332420.00
2022/05/09	19.50	19.62	19.04	19.34	983300	19055508.00
2022/05/10	19.00	19.59	19.00	19.45	1283573	24835822.00
2022/05/11	19.40	19.84	19.27	19.27	1581296	31038978.00
2022/05/12	19.15	20.39	19.05	19.65	2391698	47112368.00
2022/05/13	19.72	19.85	19.16	19.26	1511300	29347220.00
2022/05/16	19.48	19.94	19.22	19.78	1815273	35692736.00
2022/05/17	19.88	19.95	19.19	19.41	1501900	29102714.00
2022/05/18	19.47	20.60	19.28	19.98	2934909	58519144.00
2022/05/19	19.50	19.88	19.11	19.62	2128277	41496592.00
2022/05/20	19.51	20.07	19.45	19.69	2028930	40030436.00
2022/05/23	19.99	21.40	19.62	20.52	4500903	92476312.00
2022/05/24	20.32	21.92	19.64	21.17	8100494	168352752.00
2022/05/25	20.80	21.51	20.56	20.82	6584178	137780016.00
2022/05/26	20.81	20.89	19.92	20.09	4327582	87240816.00
2022/05/27	20.08	20.55	19.52	19.68	3376900	67285376.00
2022/05/30	19.70	20.15	19.68	19.86	2911849	57884572.00
2022/05/31	19.71	20.79	19.58	20.44	4874940	99181928.00
2022/06/01	20.37	21.20	20.37	20.66	3825896	79465864.00
2022/06/02	20.99	21.50	20.23	20.54	3193800	65850044.00
2022/06/06	20.22	20.90	20.22	20.89	2725012	56410104.00
2022/06/07	20.79	20.88	20.23	20.51	2424446	49723864.00
2022/06/08	20.51	20.66	19.94	20.38	1887292	38336208.00
2022/06/09	20.40	20.50	19.68	19.72	1678307	33426654.00
2022/06/10	19.72	20.10	19.70	19.89	1341796	26670566.00
2022/06/13	19.67	19.98	19.53	19.72	1577459	31189914.00
2022/06/14	19.64	19.72	19.07	19.65	1828559	35460940.00
2022/06/15	19.70	19.96	19.60	19.66	1703075	33750128.00
2022/06/16	19.86	20.18	19.66	20.03	1860096	37233440.00
2022/06/17	19.85	20.29	19.70	20.22	1801520	36090116.00
2022/06/20	20.23	20.57	20.23	20.43	1385500	28281176.00
2022/06/21	20.27	20.59	20.10	20.32	1399574	28467036.00
2022/06/22	20.21	20.32	19.77	19.80	1288183	25707388.00
2022/06/23	19.80	20.17	19.60	20.08	1384317	27512718.00
2022/06/24	20.19	20.76	19.95	20.68	2715992	55671488.00
2022/06/27	20.87	21.54	20.77	21.33	3314179	70330440.00
2022/06/28	21.28	21.30	20.97	21.15	1858975	39232288.00
2022/06/29	21.03	21.64	20.77	20.80	2084300	44132320.00
2022/06/30	20.92	22.56	20.87	22.50	6571501	144981680.00
2022/07/01	22.14	22.37	21.54	21.70	4175471	90916312.00
2022/07/04	21.52	21.85	21.25	21.62	2378538	51015296.00
2022/07/05	21.50	21.62	20.78	21.07	2042812	43086824.00
2022/07/06	21.05	21.11	20.33	20.49	1730681	35762708.00
2022/07/07	20.46	20.71	20.03	20.06	1824764	36922444.00
2022/07/08	20.05	20.44	20.03	20.13	1201000	24320500.00
2022/07/11	20.14	20.15	19.58	19.86	1241212	24550296.00
2022/07/12	19.78	19.79	19.17	19.20	1348635	26131998.00
2022/07/13	19.20	19.44	19.07	19.34	826200	15946004.00
2022/07/14	19.44	19.75	19.24	19.34	1212300	23538952.00
2022/07/15	19.34	19.42	18.75	18.75	1619677	30759522.00
2022/07/18	18.85	19.31	18.83	19.22	1186900	22742168.00
2022/07/19	19.28	19.50	19.15	19.47	1025222	19861272.00
2022/07/20	19.60	19.75	19.41	19.62	1039351	20361174.00
2022/07/21	19.63	19.68	19.43	19.52	768355	15000752.00
2022/07/22	19.49	19.59	19.00	19.44	909500	17606000.00
2022/07/25	19.43	19.59	19.31	19.39	625450	12158275.00
2022/07/26	19.34	19.56	19.24	19.39	801100	15511735.00
2022/07/27	19.50	19.53	19.30	19.45	968400	18800496.00
2022/07/28	19.45	19.74	19.45	19.49	1285662	25183652.00
2022/07/29	19.52	19.53	19.18	19.23	991900	19172892.00
2022/08/01	19.36	19.49	19.11	19.43	819501	15882142.00
2022/08/02	19.35	19.35	18.12	18.40	1869600	34745904.00
2022/08/03	18.41	18.87	18.20	18.27	893800	16603537.00
2022/08/04	18.40	18.70	18.28	18.69	943996	17469512.00
2022/08/05	18.72	19.00	18.67	19.00	843641	15876883.00
2022/08/08	18.90	19.14	18.82	19.10	755800	14373019.00
2022/08/09	19.21	19.21	18.90	18.98	556459	10556747.00
2022/08/10	18.91	19.27	18.90	19.24	1149700	22041108.00
2022/08/11	19.40	19.50	19.20	19.50	1260500	24429284.00
2022/08/12	19.49	19.60	19.33	19.53	954700	18604320.00
2022/08/15	19.38	19.79	19.14	19.56	1727870	33553216.00
2022/08/16	19.56	19.71	19.34	19.43	1042200	20237212.00
2022/08/17	19.65	19.65	19.35	19.46	839970	16357871.00
2022/08/18	19.42	19.44	19.07	19.16	1010700	19381812.00
2022/08/19	19.20	19.29	18.93	18.94	848395	16215481.00
2022/08/22	18.91	19.07	18.71	18.98	583400	11054616.00
2022/08/23	19.01	19.71	18.81	19.47	1970700	38204572.00
2022/08/24	19.46	19.46	18.66	18.71	1817267	34459832.00
2022/08/25	18.73	18.93	18.43	18.69	995100	18593632.00
2022/08/26	18.80	19.43	18.73	19.01	1671600	32034800.00
2022/08/29	18.91	19.70	18.71	19.44	2002348	38530928.00
2022/08/30	19.30	19.69	19.17	19.67	2261949	44075076.00
2022/08/31	19.56	20.12	19.28	19.70	3616477	71276208.00
2022/09/01	19.54	19.90	19.29	19.38	2361500	46190784.00
2022/09/02	19.33	19.82	19.25	19.70	2107777	41142616.00
2022/09/05	19.60	19.71	19.00	19.15	2192054	42098916.00
2022/09/06	19.26	19.29	18.94	19.10	1255600	23957484.00
2022/09/07	19.12	19.12	18.85	18.93	1154446	21879662.00
2022/09/08	18.71	18.88	18.30	18.38	1643400	30511092.00
2022/09/09	18.48	18.48	18.25	18.38	658293	12090250.00
2022/09/13	18.43	18.69	18.34	18.41	1063550	19697050.00
2022/09/14	18.30	18.57	18.10	18.55	951951	17462186.00
2022/09/15	18.51	18.69	18.01	18.20	899526	16482451.00
2022/09/16	18.02	18.24	17.62	17.70	839761	14996661.00
2022/09/19	17.71	17.71	17.10	17.27	951966	16426507.00
2022/09/20	17.35	17.93	17.35	17.92	1176600	20873800.00
2022/09/21	17.80	17.89	17.52	17.74	808468	14321726.00
2022/09/22	17.56	17.87	17.45	17.45	704333	12404016.00
2022/09/23	17.37	17.49	16.95	16.99	688900	11844216.00
2022/09/26	16.88	16.88	16.23	16.32	1042013	17253764.00
2022/09/27	16.33	17.75	16.33	17.44	1897484	32489340.00
2022/09/28	17.35	17.64	17.05	17.06	1210500	21022646.00
2022/09/29	17.35	17.70	16.98	17.00	1049694	18222888.00
2022/09/30	17.03	17.26	16.53	16.56	584210	9866598.00
2022/10/10	16.63	16.79	15.90	16.01	924200	15002173.00
2022/10/11	16.13	16.13	15.62	16.00	633320	10036820.00
2022/10/12	16.00	16.28	15.59	16.27	610489	9734096.00
2022/10/13	16.27	16.70	16.17	16.56	783049	12905207.00
2022/10/14	16.51	17.00	16.51	16.89	745833	12581666.00
2022/10/17	17.00	17.19	16.75	17.11	820604	14035107.00
2022/10/18	17.21	17.24	16.98	17.07	533160	9114014.00
2022/10/19	16.99	17.09	16.68	16.76	620157	10423438.00
2022/10/20	16.76	17.00	16.68	16.73	767100	12912559.00
2022/10/21	16.87	16.89	16.51	16.59	566400	9443664.00
2022/10/24	16.60	16.79	16.12	16.18	752700	12359881.00
2022/10/25	16.18	16.29	15.68	15.87	574700	9152742.00
2022/10/26	15.89	16.47	15.88	16.47	686957	11196419.00
2022/10/27	16.46	16.89	16.42	16.71	1011571	16940454.00
2022/10/28	16.69	16.84	16.19	16.22	1056200	17372578.00
2022/10/31	16.23	16.87	16.00	16.80	949552	15749994.00
2022/11/01	16.78	17.29	16.58	17.27	1167981	19982994.00
2022/11/02	17.18	17.60	17.13	17.40	1568873	27271426.00
2022/11/03	17.24	17.49	17.14	17.28	835473	14455116.00
2022/11/04	17.43	17.71	17.22	17.59	1738381	30412718.00
2022/11/07	17.45	17.66	17.43	17.59	850550	14927879.00
2022/11/08	17.45	17.79	17.36	17.51	757346	13255329.00
2022/11/09	17.20	17.79	17.20	17.70	1029340	18160598.00
2022/11/10	17.50	17.65	17.44	17.55	899275	15770390.00
2022/11/11	17.79	18.04	17.63	17.70	1295277	23028982.00
2022/11/14	17.70	17.93	17.53	17.56	1353440	23929332.00
2022/11/15	17.56	17.89	17.51	17.89	987034	17563960.00
2022/11/16	17.89	18.30	17.77	18.05	1461200	26417456.00
2022/11/17	18.08	18.19	17.93	18.11	1021300	18452708.00
2022/11/18	18.13	18.27	18.01	18.04	1208115	21932080.00
2022/11/21	18.00	18.01	17.70	17.91	935200	16677996.00
2022/11/22	17.88	18.16	17.70	17.77	818178	14676560.00
2022/11/23	17.66	17.85	17.15	17.31	1264535	21971590.00
2022/11/24	17.50	17.66	17.28	17.34	755767	13170379.00
2022/11/25	17.34	17.57	17.26	17.36	765985	13340585.00
2022/11/28	17.29	17.29	16.91	17.15	955191	16293582.00
2022/11/29	17.15	17.93	17.15	17.88	1349735	23897226.00
2022/11/30	17.79	18.00	17.61	17.68	657100	11678091.00
2022/12/01	18.00	21.22	17.98	21.22	11606162	234335616.00
2022/12/02	22.00	23.25	21.40	22.20	19288138	430700032.00
2022/12/05	21.47	23.18	21.47	22.63	14219926	317107808.00
2022/12/06	22.01	23.40	21.55	22.10	12581943	281631744.00
2022/12/07	21.55	24.26	21.55	23.01	15103790	343860544.00
2022/12/08	22.57	23.98	22.22	23.52	12762215	295817792.00
2022/12/09	23.05	24.54	22.25	24.31	14653559	343746624.00
2022/12/12	23.87	25.15	23.39	23.59	12539661	301942112.00
2022/12/13	23.20	26.86	22.69	25.21	16065308	399769536.00
2022/12/14	24.60	29.95	24.28	28.85	18773400	506655968.00
2022/12/15	27.90	28.49	26.51	26.68	15079024	413061920.00
2022/12/16	26.19	28.29	26.01	28.26	14989050	411378112.00
2022/12/19	27.42	29.86	26.59	26.83	14935427	418865632.00
2022/12/20	26.20	26.58	23.67	24.33	12730437	317277824.00
2022/12/21	24.68	25.88	24.49	25.05	10203632	257130080.00
2022/12/22	25.05	27.50	24.96	25.80	12470737	325514368.00
2022/12/23	25.81	26.81	25.12	25.30	10439611	270454304.00
2022/12/26	25.32	26.05	25.00	25.48	9450412	240968368.00
2022/12/27	25.20	26.55	24.10	26.13	12678180	323531616.00
2022/12/28	25.49	27.66	25.22	26.78	14795342	398358048.00
2022/12/29	25.70	26.30	24.80	25.22	11465472	292133056.00
2022/12/30	24.73	25.19	23.54	24.45	10847972	263157808.00
2023/01/03	24.25	24.67	23.66	24.24	6896826	165577664.00
2023/01/04	23.95	24.48	23.48	23.58	6679931	159959728.00
2023/01/05	23.60	24.15	22.83	23.64	6652065	157452752.00
2023/01/06	23.65	23.80	22.75	22.81	6976110	160824416.00
2023/01/09	22.59	23.25	22.59	22.95	5118266	117540240.00
2023/01/10	23.07	23.13	22.43	22.51	4327654	98023704.00
2023/01/11	22.72	22.79	21.98	22.31	3779600	84761592.00
2023/01/12	22.29	22.58	21.80	22.10	3456005	76579912.00
2023/01/13	22.38	22.72	21.92	22.44	4230110	95000488.00
2023/01/16	22.29	22.65	22.05	22.15	3854000	86041664.00
2023/01/17	22.01	22.30	21.63	21.74	2921824	63857200.00
2023/01/18	21.75	21.96	21.57	21.80	2172200	47190312.00
2023/01/19	21.80	21.80	21.50	21.58	2048500	44247828.00
2023/01/20	21.58	21.95	21.52	21.95	2231855	48605008.00
2023/01/30	21.96	22.77	21.96	22.58	5431490	122125464.00
2023/01/31	22.75	23.06	22.32	22.54	4485067	101556632.00
2023/02/01	22.45	22.78	22.38	22.70	3336152	75365592.00
2023/02/02	22.60	23.39	22.46	23.32	5489927	126334680.00
2023/02/03	23.22	23.22	22.46	22.77	4162350	94839528.00
2023/02/06	22.77	22.84	22.30	22.51	2637900	59507472.00
2023/02/07	22.66	22.76	22.42	22.76	2600184	58689432.00
2023/02/08	22.71	22.71	22.11	22.17	3007022	67107008.00
2023/02/09	22.17	22.86	22.05	22.65	3396995	76708768.00
2023/02/10	22.80	23.22	22.55	23.16	5211108	119838688.00
数据来源:通达信
