300698 万马科技 日线 不复权
      日期	    开盘	    最高	    最低	    收盘	    成交量	    成交额
2017/08/31	7.92	8.64	7.92	8.64	7100	61272.00
2017/09/01	9.50	9.50	9.50	9.50	4649	44165.50
2017/09/04	10.45	10.45	10.45	10.45	3180	33231.00
2017/09/05	11.50	11.50	11.50	11.50	3300	37950.00
2017/09/06	12.65	12.65	12.65	12.65	6149	77784.85
2017/09/07	13.92	13.92	13.92	13.92	3030	42177.60
2017/09/08	15.31	15.31	15.31	15.31	28950	443224.50
2017/09/11	16.84	16.84	16.84	16.84	17213	289866.91
2017/09/12	18.52	18.52	18.52	18.52	39209	726150.69
2017/09/13	20.37	20.37	20.37	20.37	48209	982017.31
2017/09/14	22.41	22.41	22.41	22.41	62409	1398585.75
2017/09/15	24.65	24.65	24.65	24.65	83555	2059630.75
2017/09/18	27.12	27.12	27.12	27.12	369137	10010995.00
2017/09/19	29.83	29.83	29.83	29.83	956769	28540420.00
2017/09/20	32.81	32.81	32.81	32.81	354679	11637018.00
2017/09/21	36.09	36.09	36.09	36.09	187970	6783837.50
2017/09/22	39.70	39.70	39.70	39.70	3818034	151575952.00
2017/09/25	43.67	43.67	43.67	43.67	363201	15860988.00
2017/09/26	48.04	48.04	46.39	48.04	20993138	1000916608.00
2017/09/27	43.24	47.86	43.24	46.40	20729975	922585856.00
2017/09/28	45.07	50.50	44.00	48.45	20970435	996506688.00
2017/09/29	45.78	47.45	43.61	43.61	13224848	597216832.00
2017/10/09	42.19	45.60	41.10	41.84	13454630	579950720.00
2017/10/10	40.77	42.44	39.93	41.00	11840009	486787840.00
2017/10/11	42.45	44.00	40.50	42.01	13002942	551838848.00
2017/10/12	39.50	39.57	37.81	37.81	12899701	495408032.00
2017/10/13	37.89	38.24	36.52	37.61	6953210	261016720.00
2017/10/16	37.27	38.66	36.22	37.97	8759497	326616224.00
2017/10/17	37.00	38.90	36.56	37.90	8044981	306370752.00
2017/10/18	37.48	38.97	36.59	36.59	8776767	332594976.00
2017/10/19	35.30	36.41	33.33	33.98	8088976	283260736.00
2017/10/20	34.36	34.37	33.38	34.19	5019949	170416832.00
2017/10/23	33.91	34.55	33.83	34.25	4160939	142284928.00
2017/10/24	34.01	35.33	33.52	34.74	6323836	218308448.00
2017/10/25	34.55	34.65	33.68	34.43	5338735	182508464.00
2017/10/26	34.39	34.87	33.88	34.28	4505792	154741072.00
2017/10/27	33.80	34.33	31.97	32.21	5598076	186580752.00
2017/10/30	31.45	31.88	29.01	29.10	5535598	166578192.00
2017/10/31	29.22	29.68	29.02	29.53	3157727	92822272.00
2017/11/01	29.85	30.78	29.50	30.33	4634520	139992976.00
2017/11/02	30.00	32.28	29.48	31.20	5693214	175526784.00
2017/11/03	30.88	31.68	30.69	31.07	3942130	122957304.00
2017/11/06	31.28	31.88	31.10	31.38	3382926	106474048.00
2017/11/07	31.20	31.30	30.01	31.09	4232322	129556672.00
2017/11/08	31.11	33.35	30.85	32.61	7531841	243057728.00
2017/11/09	32.13	32.53	31.70	32.31	4278356	137531920.00
2017/11/10	32.50	33.79	31.91	32.99	6267979	207048736.00
2017/11/13	33.06	33.66	32.51	33.50	4507725	149282080.00
2017/11/14	33.78	33.78	31.78	31.79	4646081	151174592.00
2017/11/15	30.85	31.78	30.55	30.64	3061743	95208648.00
2017/11/16	30.53	31.05	29.00	29.00	3070607	91994944.00
2017/11/17	29.00	29.29	26.10	26.10	4299128	116754208.00
2017/11/20	25.63	26.37	24.69	26.28	2567186	65783236.00
2017/11/21	26.10	27.33	26.02	26.41	3302830	88060448.00
2017/11/22	26.00	26.83	25.60	26.15	2484049	64680904.00
2017/11/23	25.70	26.06	24.50	24.53	2710569	68479344.00
2017/11/24	24.54	25.00	24.49	24.50	2115352	52152060.00
2017/11/27	24.61	24.79	23.51	23.71	2042749	48988872.00
2017/11/28	23.71	24.60	23.71	24.34	1942914	46968264.00
2017/11/29	24.30	24.33	23.50	23.92	1915068	45651896.00
2017/11/30	24.00	24.48	23.59	23.90	1876389	45258076.00
2017/12/01	23.94	24.48	23.82	24.31	2052653	49765744.00
2017/12/04	24.20	24.20	21.88	22.00	3772954	86508576.00
2017/12/05	21.89	22.26	20.23	20.66	3199504	67948296.00
2017/12/06	20.70	21.73	20.70	21.65	2749428	58186592.00
2017/12/07	21.66	22.13	21.25	21.80	2502308	54274760.00
2017/12/08	21.94	23.98	21.71	23.98	3804816	88054440.00
2017/12/11	24.92	25.73	24.46	25.46	8054782	203194496.00
2017/12/12	24.77	25.24	24.08	24.11	4846352	119731104.00
2017/12/13	24.03	26.45	24.03	26.28	7110698	181081904.00
2017/12/14	26.05	26.89	25.35	26.80	6172940	160515632.00
2017/12/15	26.28	26.46	25.00	25.64	4975607	128590112.00
2017/12/18	25.44	25.79	24.69	24.97	2806400	70590184.00
2017/12/19	25.35	27.22	25.05	26.47	6300291	165425200.00
2017/12/20	26.00	26.26	25.28	25.76	4090781	105236528.00
2017/12/21	25.20	26.72	24.80	26.24	5713105	149204512.00
2017/12/22	26.05	27.47	25.87	26.70	6614741	177277504.00
2017/12/25	26.01	28.87	25.90	28.40	8417305	232692048.00
2017/12/26	27.68	29.38	27.50	27.80	9103138	257829712.00
2017/12/27	27.90	28.80	27.22	27.32	5807363	161979088.00
2017/12/28	27.00	27.40	26.20	26.60	5119525	136749088.00
2017/12/29	26.53	26.99	26.35	26.61	3016468	80624760.00
2018/01/02	26.87	27.32	25.88	26.24	3845934	101916688.00
2018/01/03	26.51	26.78	25.88	26.71	3844173	101495304.00
2018/01/04	26.75	26.88	26.06	26.41	2958309	78288024.00
2018/01/05	26.31	26.65	25.12	25.31	3847771	99056496.00
2018/01/08	24.61	24.90	23.40	24.27	4471765	107724408.00
2018/01/09	24.29	24.76	24.21	24.56	2776554	68084704.00
2018/01/10	24.32	24.54	23.64	24.11	2700889	64978400.00
2018/01/11	24.16	26.52	23.78	26.52	8880118	230025424.00
2018/01/12	26.50	27.20	26.05	26.39	8556176	227668832.00
2018/01/15	25.68	25.90	24.00	24.35	5378362	133070480.00
2018/01/16	24.37	26.79	24.32	26.79	3183396	82877080.00
2018/01/17	29.47	29.47	28.70	29.47	13867951	407294144.00
2018/01/18	30.80	32.30	28.43	30.35	18649867	566719744.00
2018/01/19	29.45	33.39	29.38	33.39	19331667	624103552.00
2018/01/22	31.50	31.90	30.05	30.05	13164323	401805568.00
2018/01/23	28.00	29.20	28.00	28.52	9214926	261893184.00
2018/01/24	28.39	29.55	28.01	28.85	8307962	241000928.00
2018/01/25	28.00	31.10	27.01	30.05	11230000	327424704.00
2018/01/26	29.21	29.79	28.12	28.20	6567522	190398944.00
2018/01/29	27.31	28.50	26.82	28.48	6244347	172568224.00
2018/01/30	28.06	29.80	27.65	29.41	7541217	217294208.00
2018/01/31	28.88	29.58	27.50	27.51	6247574	178183776.00
2018/02/01	27.03	28.48	24.94	25.50	5914249	162031744.00
2018/02/02	24.40	25.20	23.51	24.14	5270531	128661192.00
2018/02/05	23.50	24.30	21.73	21.91	4666333	107788864.00
2018/02/06	21.03	21.36	19.72	19.72	4807946	98500224.00
2018/02/07	20.43	20.68	19.03	20.20	4263051	86004752.00
2018/02/08	20.06	21.36	20.00	20.82	3833190	80090704.00
2018/02/09	19.90	20.54	19.04	19.52	3623178	71924864.00
2018/02/12	20.20	20.75	20.02	20.53	2987102	60967244.00
2018/02/13	20.55	20.85	20.01	20.20	2765192	56564604.00
2018/02/14	20.12	20.65	20.08	20.31	1723436	34997640.00
2018/02/22	20.80	21.30	20.50	20.92	2506036	52469936.00
2018/02/23	20.99	21.87	20.66	21.77	3527869	75121424.00
2018/02/26	22.32	22.79	22.02	22.37	4366479	97949240.00
2018/02/27	22.17	23.61	21.77	22.86	5396016	122548808.00
2018/02/28	22.44	22.60	21.81	21.94	3669730	81432256.00
2018/03/01	21.43	22.80	21.38	22.64	3778939	84214752.00
2018/03/02	22.60	22.76	21.83	21.92	3194179	71266016.00
2018/03/05	22.09	23.38	21.92	23.20	4201064	95299216.00
2018/03/06	23.19	23.88	22.81	23.13	5524490	128997448.00
2018/03/07	23.40	23.72	23.03	23.40	4070613	95221544.00
2018/03/08	23.56	24.50	23.56	23.81	5027362	120090768.00
2018/03/09	23.55	26.19	23.55	26.19	4936388	125251576.00
2018/03/12	28.81	28.81	28.81	28.81	2077204	59844248.00
2018/03/13	28.89	28.89	27.51	28.00	11635099	327299456.00
2018/03/14	27.45	28.81	27.03	27.47	7516873	209615232.00
2018/03/15	26.35	26.66	24.72	25.66	7179776	183411088.00
2018/03/16	25.92	26.47	25.41	25.53	5050228	131385864.00
2018/03/19	25.41	27.88	25.41	27.06	6512483	174176016.00
2018/03/20	26.45	26.85	25.75	26.79	4733084	125113304.00
2018/03/21	27.49	28.50	26.02	26.06	7150580	196420304.00
2018/03/22	25.84	27.00	25.81	26.52	5101696	134765328.00
2018/03/23	25.09	25.28	23.87	23.87	4858700	118702472.00
2018/03/26	23.20	24.92	22.22	24.79	4218582	100719720.00
2018/03/27	25.25	27.27	25.25	27.27	4599952	122628600.00
2018/03/28	28.00	30.00	27.67	29.03	16089305	466458496.00
2018/03/29	28.27	28.80	27.09	27.68	8617934	240260624.00
2018/03/30	27.70	28.57	27.70	28.04	6527002	183841152.00
2018/04/02	28.34	29.50	27.61	29.18	8849633	254888448.00
2018/04/03	28.00	32.10	27.31	30.88	14007651	425028064.00
2018/04/04	30.00	30.79	29.21	29.43	9240877	276898336.00
2018/04/09	28.58	29.18	27.06	28.70	7470414	211124208.00
2018/04/10	28.99	29.36	27.30	28.11	5491957	155613552.00
2018/04/11	28.05	28.79	28.05	28.27	4861510	138289696.00
2018/04/12	28.20	28.97	27.40	28.85	6822607	193959536.00
2018/04/13	31.74	31.74	31.74	31.74	3572362	113386768.00
2018/04/16	30.59	30.59	28.88	29.90	9641750	287250976.00
2018/04/17	30.46	30.89	28.25	28.41	7525158	221355776.00
2018/04/18	28.30	29.19	26.00	29.15	6563239	183629248.00
2018/04/19	28.86	29.12	28.28	28.68	4648680	133700352.00
2018/04/20	28.00	28.46	26.38	26.41	4806380	131438208.00
2018/04/23	26.40	27.74	26.38	27.23	3312081	89793568.00
2018/04/24	26.60	28.71	26.60	28.38	5037289	140765008.00
2018/04/25	28.10	29.90	28.06	29.00	6909349	200777552.00
2018/04/26	29.45	29.45	26.98	27.04	5096085	142463760.00
2018/04/27	26.96	27.89	26.40	26.42	3440330	92688928.00
2018/05/02	26.83	26.83	24.71	25.50	3489772	88868592.00
2018/05/03	25.28	26.59	24.64	26.47	3300399	85241960.00
2018/05/04	26.00	27.00	25.85	26.28	2518193	66955344.00
2018/05/07	26.20	27.80	26.20	26.93	2539858	68656792.00
2018/05/08	27.02	27.73	27.02	27.50	2949188	81068008.00
2018/05/09	28.55	30.25	27.80	28.49	8600161	250375440.00
2018/05/10	28.49	28.55	27.30	27.83	5833821	161948000.00
2018/05/11	27.50	27.85	26.50	26.78	3829494	103302920.00
2018/05/14	28.00	29.00	27.22	27.45	4370419	122048160.00
2018/05/15	27.00	27.73	26.50	27.73	3638541	98357688.00
2018/05/16	27.47	27.92	27.18	27.24	2792268	76934272.00
2018/05/17	27.17	28.25	26.82	27.85	3995429	111372328.00
2018/05/18	27.96	28.15	26.67	27.41	3553295	96910040.00
2018/05/21	27.41	28.55	27.12	28.42	5231124	147004544.00
2018/05/22	28.20	30.26	28.06	29.39	8669365	253196032.00
2018/05/23	28.80	29.27	28.39	28.79	5166350	148736784.00
2018/05/24	28.89	29.57	28.60	29.47	5984013	175104896.00
2018/05/25	29.67	30.90	28.41	30.15	8856119	263119008.00
2018/05/28	30.00	31.70	29.03	30.90	10350010	318105280.00
2018/05/29	29.69	30.17	27.81	27.85	7628598	223104048.00
2018/05/30	26.87	27.35	25.30	25.64	5980795	156601808.00
2018/05/31	26.25	27.15	26.00	26.31	3657121	96767592.00
2018/06/01	25.90	26.98	25.40	25.70	3068125	79968656.00
2018/06/04	25.85	26.94	25.85	26.48	3098805	82179200.00
2018/06/05	26.22	27.50	26.22	27.25	3917555	106189368.00
2018/06/06	27.03	27.90	27.03	27.62	3925354	107816720.00
2018/06/07	27.98	28.35	26.70	26.90	3266774	88907488.00
2018/06/08	27.00	27.89	26.80	27.23	3415579	93261752.00
2018/06/11	27.01	27.30	26.02	26.70	2600579	69320672.00
2018/06/12	26.52	27.50	25.60	27.39	3272648	87161576.00
2018/06/13	27.14	27.95	26.68	26.78	3416930	93387640.00
2018/06/14	26.00	27.10	25.75	26.56	2568770	68486656.00
2018/06/15	26.78	26.96	24.80	24.81	3608660	92472000.00
2018/06/19	23.90	24.20	22.33	22.33	2426400	56117180.00
2018/06/20	22.10	23.24	22.00	22.97	1983644	45024072.00
2018/06/21	23.22	23.32	20.80	20.99	2424935	53099460.00
2018/06/22	21.09	21.79	20.80	21.55	1626351	34825172.00
2018/06/25	21.81	22.18	21.52	21.64	1422030	31029228.00
2018/06/26	21.10	22.30	20.90	22.30	1720260	37656072.00
2018/06/27	22.31	23.18	22.15	22.36	1822149	41222608.00
2018/06/28	22.50	22.80	22.06	22.07	1150330	25766154.00
2018/06/29	22.01	22.89	21.88	22.87	2030248	45905224.00
2018/07/02	22.99	23.15	22.00	22.30	1881079	42512800.00
2018/07/03	22.30	23.33	22.23	23.32	2644460	60530428.00
2018/07/04	23.08	23.17	21.83	22.19	2554850	57263820.00
2018/07/05	22.56	22.56	21.05	21.09	1441036	31310460.00
2018/07/06	21.11	21.86	20.80	21.41	1610235	34567348.00
2018/07/09	21.41	21.96	21.41	21.90	1333429	29018240.00
2018/07/10	21.90	22.60	21.76	22.49	1718430	38132036.00
2018/07/11	22.09	22.15	21.40	22.00	1719500	37507080.00
2018/07/12	22.48	23.20	22.43	22.79	3360480	76862720.00
2018/07/13	22.50	22.88	22.07	22.40	2445950	54714204.00
2018/07/16	22.17	22.95	21.71	22.41	1928000	43168004.00
2018/07/17	22.13	22.42	21.70	22.19	1601000	35260664.00
2018/07/18	22.19	22.41	21.86	21.86	1304600	28911080.00
2018/07/19	21.86	21.99	21.11	21.17	1350330	28960724.00
2018/07/20	21.17	21.75	21.17	21.44	1142000	24523376.00
2018/07/23	21.40	21.72	21.21	21.63	985500	21233160.00
2018/07/24	21.63	22.01	21.43	21.99	1357370	29636742.00
2018/07/25	22.00	22.20	21.59	21.61	1540430	33676060.00
2018/07/26	21.83	21.83	21.03	21.26	1311845	27965216.00
2018/07/27	21.23	21.32	20.53	20.56	1569100	32645372.00
2018/07/30	20.56	20.71	19.13	19.53	1750398	34675044.00
2018/07/31	19.56	19.88	19.51	19.64	717300	14117925.00
2018/08/01	19.90	19.95	19.10	19.18	870200	16929858.00
2018/08/02	19.35	19.38	17.31	17.87	2250544	39960108.00
2018/08/03	17.88	17.89	17.31	17.31	1040944	18262218.00
2018/08/06	16.87	17.34	15.77	16.13	1562237	25864146.00
2018/08/07	16.05	17.40	16.05	17.19	2084380	35117764.00
2018/08/08	17.19	17.29	16.55	16.68	1536800	25959444.00
2018/08/09	16.82	17.38	16.50	17.15	1748830	29952670.00
2018/08/10	17.06	17.48	16.83	17.38	1469680	25261212.00
2018/08/13	17.02	19.12	16.97	18.73	5103900	94959056.00
2018/08/14	18.09	18.60	18.04	18.25	3170456	57862012.00
2018/08/15	18.29	18.40	17.58	17.79	1738866	31340882.00
2018/08/16	17.47	18.38	17.08	17.79	1722330	30783606.00
2018/08/17	17.80	18.30	16.80	17.12	1460226	25694398.00
2018/08/20	17.00	17.86	17.00	17.64	1627366	28373076.00
2018/08/21	17.78	18.05	17.15	17.68	1696224	30046360.00
2018/08/22	17.61	17.66	16.98	17.10	1317360	22788546.00
2018/08/23	16.31	17.47	16.31	17.29	1433265	24508458.00
2018/08/24	17.20	17.39	16.90	16.95	1036230	17803038.00
2018/08/27	17.05	17.59	17.01	17.43	1542830	26880850.00
2018/08/28	17.70	19.17	17.50	19.17	2965537	56002572.00
2018/08/29	20.00	20.23	18.77	18.81	8029247	156896592.00
2018/08/30	18.68	18.74	17.85	17.95	4524391	82472776.00
2018/08/31	16.81	17.30	16.21	16.84	4111400	69268312.00
2018/09/03	16.68	16.99	16.25	16.88	2241510	37211044.00
2018/09/04	16.69	17.36	16.56	17.23	2053973	34967832.00
2018/09/05	17.03	17.65	16.80	16.92	2437163	42192076.00
2018/09/06	16.83	17.20	16.53	16.84	1471830	24915742.00
2018/09/07	17.03	17.29	16.60	16.71	1540893	26097422.00
2018/09/10	16.51	16.66	15.35	15.60	2093029	33567616.00
2018/09/11	15.63	16.32	15.63	16.11	1742914	27944070.00
2018/09/12	16.06	16.43	16.00	16.18	1233395	20035732.00
2018/09/13	16.50	16.50	16.06	16.47	1531899	25058286.00
2018/09/14	16.58	16.70	16.01	16.09	1371500	22408302.00
2018/09/17	16.05	16.38	14.50	15.70	989400	15554308.00
2018/09/18	15.82	17.27	15.77	16.87	4790299	81415488.00
2018/09/19	16.21	16.88	16.03	16.55	3894393	63764292.00
2018/09/20	16.41	16.65	16.08	16.10	1953384	31779460.00
2018/09/21	15.80	16.24	15.80	16.18	1565540	25169602.00
2018/09/25	16.20	16.40	15.95	16.26	1294410	20998556.00
2018/09/26	16.27	16.39	16.10	16.15	1523335	24657110.00
2018/09/27	16.20	16.20	15.40	15.50	1795930	28200954.00
2018/09/28	15.70	15.70	15.41	15.46	1145600	17738134.00
2018/10/08	15.30	15.30	14.48	14.51	1237899	18230392.00
2018/10/09	14.65	14.73	14.51	14.69	819450	11996360.00
2018/10/10	14.78	15.19	14.60	14.92	1230030	18401650.00
2018/10/11	14.55	14.55	13.43	13.43	2116600	29141974.00
2018/10/12	13.15	13.65	12.09	13.30	1700230	22283002.00
2018/10/15	13.30	13.72	13.22	13.30	1262914	17098806.00
2018/10/16	13.28	13.56	12.95	13.06	855830	11342839.00
2018/10/17	13.44	13.48	12.99	13.41	1214000	16156384.00
2018/10/18	13.66	13.66	13.01	13.19	1365000	18072222.00
2018/10/19	12.63	13.56	12.63	13.49	1569209	20832186.00
2018/10/22	13.82	14.29	13.48	14.09	2034400	28353208.00
2018/10/23	13.90	14.19	13.56	13.70	1406730	19462434.00
2018/10/24	13.69	13.98	13.57	13.95	1130500	15579393.00
2018/10/25	13.58	13.58	13.15	13.43	1419000	18860800.00
2018/10/26	13.50	14.28	13.36	13.71	1960600	27015534.00
2018/10/29	13.50	13.71	13.21	13.28	1142336	15394634.00
2018/10/30	13.28	13.61	12.90	13.40	1356300	18025884.00
2018/10/31	13.50	13.79	13.46	13.61	1416500	19296256.00
2018/11/01	13.79	14.18	13.69	13.88	2563875	35752452.00
2018/11/02	14.08	15.27	14.08	15.27	2226835	33860308.00
2018/11/05	16.80	16.80	16.70	16.80	5602628	94119416.00
2018/11/06	16.66	16.66	15.12	15.58	9209949	145370768.00
2018/11/07	15.30	16.20	15.05	15.50	6830649	105893120.00
2018/11/08	15.50	15.59	15.03	15.10	4360946	66511688.00
2018/11/09	14.92	15.45	14.82	15.21	3811900	58107936.00
2018/11/12	14.94	15.49	14.94	15.49	3521040	53973128.00
2018/11/13	15.11	15.98	15.02	15.70	4661710	72185344.00
2018/11/14	15.68	15.68	15.34	15.44	3176400	49110940.00
2018/11/15	15.40	15.86	15.18	15.82	3963511	61893784.00
2018/11/16	16.06	16.19	15.66	15.85	3425709	54203400.00
2018/11/19	15.73	15.86	15.35	15.75	2752000	42852040.00
2018/11/20	15.54	15.65	14.84	15.14	2226900	34155736.00
2018/11/21	14.99	15.30	14.78	15.14	1781200	26883340.00
2018/11/22	15.00	15.35	14.95	15.15	1713200	25977266.00
2018/11/23	15.17	15.26	13.80	13.81	3199700	45843508.00
2018/11/26	13.56	13.98	13.51	13.70	1640516	22546948.00
2018/11/27	13.84	14.45	13.84	14.27	2810510	39905696.00
2018/11/28	14.38	15.10	14.10	14.79	3963100	57966468.00
2018/11/29	14.89	15.15	14.09	14.20	3345400	49121000.00
2018/11/30	14.02	15.62	14.02	15.62	3918400	59838504.00
2018/12/03	17.18	17.18	16.66	17.18	10058140	172167424.00
2018/12/04	17.18	18.84	17.10	17.95	16647863	299056640.00
2018/12/05	16.61	17.20	16.61	17.10	9870268	166537760.00
2018/12/06	16.79	16.89	15.61	15.89	8116349	129692232.00
2018/12/07	16.00	16.85	16.00	16.40	8428888	139070784.00
2018/12/10	16.11	17.58	16.01	17.12	8483035	143341248.00
2018/12/11	17.02	17.88	16.75	17.55	9160499	159731504.00
2018/12/12	17.34	17.40	16.80	16.93	5443248	92271016.00
2018/12/13	17.03	17.36	16.78	16.81	5622710	95965592.00
2018/12/14	16.73	16.73	15.93	16.09	5048399	81779192.00
2018/12/17	15.89	16.05	15.51	16.05	2906140	46053404.00
2018/12/18	16.05	16.39	15.90	16.20	3489300	56478928.00
2018/12/19	16.20	16.99	16.20	16.68	6031000	100501464.00
2018/12/20	16.36	17.07	16.30	17.07	5526556	92814808.00
2018/12/21	16.88	17.20	16.56	16.75	4061700	68497344.00
2018/12/24	16.97	18.18	16.82	18.13	8968458	157022736.00
2018/12/25	17.51	19.94	17.11	19.89	13374225	249289712.00
2018/12/26	19.24	19.73	18.80	18.90	10831704	208146944.00
2018/12/27	18.83	19.30	18.48	18.77	6421320	121372216.00
2018/12/28	18.57	18.67	18.05	18.23	4322920	79236440.00
2019/01/02	18.33	18.83	18.11	18.34	4561029	84172912.00
2019/01/03	18.37	18.37	16.51	16.51	6638940	112819184.00
2019/01/04	15.94	16.89	15.54	16.63	4821410	78871032.00
2019/01/07	17.03	17.58	16.86	17.32	5124786	88168736.00
2019/01/08	17.70	17.70	16.90	16.99	4071228	70122824.00
2019/01/09	16.84	17.56	16.30	16.70	6030381	102262256.00
2019/01/10	16.79	17.50	16.79	17.39	6827046	117348944.00
2019/01/11	17.28	18.60	17.28	18.00	7883704	141958544.00
2019/01/14	17.63	17.88	17.00	17.63	5739100	99493520.00
2019/01/15	17.50	17.77	17.12	17.64	4192374	73607880.00
2019/01/16	17.41	17.53	17.09	17.10	3397400	58783284.00
2019/01/17	17.01	17.18	16.48	16.52	3158558	53084648.00
2019/01/18	16.51	16.93	16.51	16.71	2204958	36918928.00
2019/01/21	16.71	17.17	16.68	17.00	3082340	52284120.00
2019/01/22	16.91	17.10	16.53	16.63	2321060	38818660.00
2019/01/23	16.53	16.76	16.14	16.49	2071494	34056096.00
2019/01/24	16.53	16.71	16.31	16.70	2049624	33986136.00
2019/01/25	16.70	16.76	16.01	16.04	2150400	35400508.00
2019/01/28	16.15	16.42	15.15	15.42	2752200	43200608.00
2019/01/29	15.52	15.52	14.48	14.82	2604530	38650040.00
2019/01/30	15.00	15.00	14.40	14.47	1344600	19805526.00
2019/01/31	14.73	14.73	13.30	13.70	2318600	32491172.00
2019/02/01	13.99	14.50	13.82	14.48	1913300	27328118.00
2019/02/11	14.78	15.20	14.49	15.05	1884100	28245868.00
2019/02/12	15.07	15.28	14.91	15.10	2575800	38838984.00
2019/02/13	15.09	15.77	14.96	15.51	3532979	54535924.00
2019/02/14	15.49	15.68	15.30	15.50	2693830	41687168.00
2019/02/15	15.40	15.95	15.26	15.58	3779309	58853164.00
2019/02/18	15.58	16.16	15.58	16.16	4027340	64227404.00
2019/02/19	16.16	16.30	15.82	16.09	3650970	58679928.00
2019/02/20	16.12	16.28	15.88	16.20	3094560	49806276.00
2019/02/21	16.19	16.98	16.00	16.42	5671850	94051736.00
2019/02/22	16.44	16.90	16.43	16.88	4656660	77915840.00
2019/02/25	17.10	17.84	16.90	17.60	6038330	104844328.00
2019/02/26	17.60	17.77	16.96	17.06	5818739	100602976.00
2019/02/27	17.03	17.30	16.58	16.88	3816676	64931460.00
2019/02/28	16.90	17.30	16.65	17.03	2694879	45933656.00
2019/03/01	17.08	17.15	16.70	17.03	2349976	39774164.00
2019/03/04	17.17	17.77	17.05	17.22	5036355	87962368.00
2019/03/05	17.10	18.08	17.10	18.01	7203569	127237544.00
2019/03/06	18.01	18.40	17.54	18.31	6861979	123795536.00
2019/03/07	18.20	18.94	17.80	18.67	7114378	130980800.00
2019/03/08	18.25	18.67	17.20	17.25	5927160	106652280.00
2019/03/11	17.50	18.45	17.50	18.26	5026740	90486120.00
2019/03/12	18.80	18.80	18.02	18.41	5917311	108880472.00
2019/03/13	18.25	18.66	17.75	17.91	5771687	105961856.00
2019/03/14	18.71	19.68	18.01	18.41	8453733	157044080.00
2019/03/15	18.03	18.26	17.40	17.85	6209530	110756344.00
2019/03/18	17.84	18.00	17.57	17.97	4149960	73750192.00
2019/03/19	17.88	18.33	17.66	17.76	4113929	73972496.00
2019/03/20	17.63	17.95	17.09	17.69	3591688	62929380.00
2019/03/21	17.65	18.23	17.20	18.04	5238861	94272240.00
2019/03/22	18.15	18.36	17.78	18.26	4019685	72552384.00
2019/03/25	17.90	18.98	17.84	18.48	5720733	105391408.00
2019/03/26	18.57	18.80	17.21	17.45	4815905	86035768.00
2019/03/27	17.63	17.64	16.50	17.00	3322768	56329792.00
2019/03/28	16.90	17.46	16.67	16.77	3161700	54152432.00
2019/03/29	16.89	17.10	16.18	17.04	3203320	53404632.00
2019/04/01	17.10	17.84	17.01	17.83	3577390	62674516.00
2019/04/02	17.99	18.15	17.64	17.96	3624294	64841436.00
2019/04/03	17.86	18.77	16.20	18.49	5502818	100421728.00
2019/04/04	18.50	18.57	18.00	18.21	4139944	75522744.00
2019/04/08	18.45	18.47	17.50	17.61	3183250	57157388.00
2019/04/09	17.60	18.96	17.50	18.57	6962778	128638784.00
2019/04/10	18.28	18.33	17.90	18.12	4074960	73878976.00
2019/04/11	18.01	18.07	17.30	17.40	3214584	56773560.00
2019/04/12	17.36	17.68	17.19	17.49	1923100	33539864.00
2019/04/15	17.70	18.85	17.68	18.21	6563973	120525000.00
2019/04/16	17.90	20.03	17.90	20.03	6951400	135898560.00
2019/04/17	22.03	22.03	22.03	22.03	5362555	118137088.00
2019/04/18	22.75	24.23	22.75	24.23	23619462	557689408.00
2019/04/19	22.90	26.38	22.03	24.05	22210665	523741856.00
2019/04/22	23.16	24.85	22.70	23.21	15047642	358037440.00
2019/04/23	22.51	23.00	20.89	20.89	10775198	233889376.00
2019/04/24	20.90	21.46	20.31	21.11	7846492	164826448.00
2019/04/25	21.00	21.00	19.42	19.52	8769736	177000432.00
2019/04/26	19.64	20.50	19.59	19.93	7571330	152719760.00
2019/04/29	20.48	21.59	20.00	20.80	10990968	228649856.00
2019/04/30	19.90	19.90	18.72	19.14	8100345	155835216.00
2019/05/06	18.17	18.17	17.23	17.23	4256382	74583080.00
2019/05/07	17.00	17.23	15.97	16.43	6466592	106261712.00
2019/05/08	15.85	16.78	15.03	16.18	6032183	96488984.00
2019/05/09	15.90	16.43	15.58	15.67	3997800	63985860.00
2019/05/10	16.04	17.24	15.32	17.24	5564185	91091496.00
2019/05/13	17.19	18.30	17.00	17.73	9530803	168882800.00
2019/05/14	17.33	18.98	17.08	18.40	8015196	144708960.00
2019/05/15	18.40	18.89	18.02	18.40	6590114	120791768.00
2019/05/16	18.42	18.42	17.60	17.64	5074581	90528680.00
2019/05/17	17.68	18.38	16.79	17.14	4857900	85956240.00
2019/05/20	16.88	17.89	16.81	17.72	4685460	82387432.00
2019/05/21	17.48	18.19	17.25	17.76	4344330	77284880.00
2019/05/22	17.86	19.54	17.50	18.70	9532332	179379616.00
2019/05/23	18.35	18.35	17.23	17.39	6551925	116371520.00
2019/05/24	17.30	17.72	17.03	17.42	2732039	47652140.00
2019/05/27	17.38	18.46	17.31	18.46	5535760	100311648.00
2019/05/28	18.66	18.97	18.08	18.51	5952608	110116272.00
2019/05/29	18.48	18.77	18.11	18.72	4931621	90899304.00
2019/05/30	18.55	18.55	18.00	18.40	4131686	75527456.00
2019/05/31	18.55	19.12	18.44	18.45	7066235	132075328.00
2019/06/03	18.78	19.30	17.87	19.00	7691897	143338496.00
2019/06/04	19.16	20.78	18.95	19.69	11970456	237716784.00
2019/06/05	20.01	20.54	19.36	20.34	9731695	195226768.00
2019/06/06	20.00	20.00	18.33	18.33	7468793	140898672.00
2019/06/10	18.20	19.96	17.70	19.40	7069653	135330192.00
2019/06/11	19.22	20.11	18.84	19.85	8252163	161514896.00
2019/06/12	19.71	21.00	19.50	20.73	11019645	224924144.00
2019/06/13	20.48	21.17	20.02	20.19	6790330	138797168.00
2019/06/14	20.10	21.45	20.02	20.39	8362088	172417888.00
2019/06/17	19.69	20.28	19.37	20.02	4812359	95578192.00
2019/06/18	19.90	20.28	19.64	20.05	3562261	71059784.00
2019/06/19	20.63	20.82	19.67	19.80	5174762	105220096.00
2019/06/20	19.63	19.67	18.80	19.40	5554803	107052488.00
2019/06/21	19.79	20.73	19.40	20.41	7059953	142788640.00
2019/06/24	20.10	20.40	19.61	19.86	4434645	88603456.00
2019/06/25	19.91	19.91	19.28	19.47	3479500	67921696.00
2019/06/26	19.85	19.99	19.31	19.33	2790549	54823148.00
2019/06/27	19.50	20.28	19.36	20.19	5535628	109553192.00
2019/06/28	20.49	20.49	19.20	19.36	3992700	78336008.00
2019/07/01	19.81	20.00	19.30	20.00	5464936	108202416.00
2019/07/02	19.82	19.97	19.45	19.79	3683136	72391304.00
2019/07/03	19.95	21.18	19.82	20.33	8737085	179183536.00
2019/07/04	20.01	20.22	19.47	19.60	4957708	97773400.00
2019/07/05	19.54	19.60	19.03	19.37	3055439	58886320.00
2019/07/08	19.32	19.32	17.48	17.48	5247701	94849192.00
2019/07/09	17.46	17.75	17.03	17.29	2627972	45747724.00
2019/07/10	17.50	17.54	16.91	17.09	2152797	37080020.00
2019/07/11	17.13	17.59	16.61	16.84	2166300	36886568.00
2019/07/12	16.81	17.04	16.51	16.81	1771846	29802812.00
2019/07/15	17.00	17.26	16.38	17.23	2243583	37969160.00
2019/07/16	16.97	17.58	16.90	17.35	1887085	32780136.00
2019/07/17	17.29	17.51	17.10	17.17	1792842	31026014.00
2019/07/18	17.11	17.28	16.69	16.69	1616900	27316254.00
2019/07/19	16.72	17.17	16.72	16.89	1458800	24823036.00
2019/07/22	16.80	17.07	15.88	16.21	1936830	31681110.00
2019/07/23	16.30	16.56	16.02	16.54	1863800	30604232.00
2019/07/24	16.55	17.10	16.29	16.86	2486301	41947152.00
2019/07/25	16.96	17.23	16.81	16.96	2362600	40134876.00
2019/07/26	17.01	17.37	16.98	17.04	2358700	40451992.00
2019/07/29	17.10	17.46	17.06	17.45	2975260	51539556.00
2019/07/30	17.36	17.77	17.21	17.32	2937155	51359868.00
2019/07/31	17.23	17.67	17.23	17.49	2390600	41764924.00
2019/08/01	17.26	17.74	17.26	17.59	2771782	48591768.00
2019/08/02	17.22	17.36	16.66	17.32	2486225	42608572.00
2019/08/05	17.38	17.95	17.17	17.51	3567128	62870812.00
2019/08/06	16.94	16.96	15.85	16.64	3629818	59863900.00
2019/08/07	16.93	17.63	16.70	16.75	3741739	64163588.00
2019/08/08	16.70	18.43	16.69	18.43	7570830	135865088.00
2019/08/09	18.49	18.71	17.14	17.50	9719013	173211136.00
2019/08/12	17.20	17.67	16.89	17.67	5958570	102966152.00
2019/08/13	17.30	17.60	17.12	17.50	4208762	73052376.00
2019/08/14	17.75	17.88	17.44	17.54	4421882	77919672.00
2019/08/15	16.59	17.45	16.46	17.21	3572547	60735292.00
2019/08/16	17.47	17.63	17.12	17.12	3285560	57025916.00
2019/08/19	17.17	17.88	17.17	17.83	5233145	92134192.00
2019/08/20	17.80	18.83	17.66	18.24	7683587	139520512.00
2019/08/21	18.07	18.15	17.68	17.89	4704421	83983816.00
2019/08/22	17.97	17.97	17.66	17.92	3223493	57494752.00
2019/08/23	17.80	17.96	17.48	17.78	2798483	49579784.00
2019/08/26	17.02	17.49	16.85	17.32	2048029	35371408.00
2019/08/27	17.53	17.83	17.36	17.60	2442153	43013168.00
2019/08/28	17.68	18.03	17.29	17.75	2995760	52969008.00
2019/08/29	17.95	17.95	17.47	17.48	2363100	41776928.00
2019/08/30	17.51	17.87	17.02	17.05	2881030	50193336.00
2019/09/02	17.05	17.46	17.02	17.38	2135230	36920968.00
2019/09/03	17.38	17.79	17.26	17.78	3705099	65430800.00
2019/09/04	17.78	18.20	17.53	17.98	3788809	67565368.00
2019/09/05	18.19	18.77	17.85	18.34	7986223	146260144.00
2019/09/06	18.40	18.98	18.20	18.98	8584123	160633216.00
2019/09/09	19.31	19.93	18.91	19.75	9463287	183280480.00
2019/09/10	19.55	19.60	18.81	19.22	6814908	130706512.00
2019/09/11	19.27	19.27	18.68	18.68	4368716	82543936.00
2019/09/12	18.86	19.16	18.67	19.06	3850300	72956712.00
2019/09/16	19.03	19.41	18.98	19.21	4301524	82738248.00
2019/09/17	19.08	19.21	18.55	18.75	3696163	69406288.00
2019/09/18	18.94	19.77	18.91	19.64	8990364	174831440.00
2019/09/19	19.44	19.65	19.05	19.64	5700778	110309456.00
2019/09/20	19.53	19.64	19.02	19.10	3912563	75380808.00
2019/09/23	18.84	19.27	18.56	19.22	2914244	54903608.00
2019/09/24	19.05	20.08	19.05	19.72	6628184	130244200.00
2019/09/25	19.77	19.77	18.77	19.07	4471085	85435672.00
2019/09/26	18.90	19.41	17.61	17.76	4797337	88444880.00
2019/09/27	17.51	18.19	17.51	17.91	2729900	49044080.00
2019/09/30	17.98	18.17	17.58	17.58	1837350	32856042.00
2019/10/08	17.52	18.28	17.52	17.98	1991308	35790804.00
2019/10/09	17.83	18.42	17.70	18.31	2262612	40965232.00
2019/10/10	18.37	18.87	18.17	18.69	2831100	52470524.00
2019/10/11	18.68	18.80	18.25	18.41	2328564	43106652.00
2019/10/14	18.67	18.99	18.54	18.83	2650600	49909312.00
2019/10/15	18.60	18.83	18.05	18.65	2895400	53477720.00
2019/10/16	18.68	18.91	18.18	18.20	2219700	40967036.00
2019/10/17	18.48	19.56	18.00	18.60	4390500	82764080.00
2019/10/18	18.30	20.46	18.30	20.46	9039602	181049328.00
2019/10/21	20.34	20.34	18.91	19.21	11663507	226624112.00
2019/10/22	19.07	19.88	18.90	19.66	8218743	159052064.00
2019/10/23	19.50	19.50	18.76	18.86	5576010	106608184.00
2019/10/24	18.73	18.73	17.75	18.25	5553445	101447120.00
2019/10/25	18.15	18.24	17.70	18.02	2969100	53398904.00
2019/10/28	18.10	18.59	18.05	18.58	3753194	68967160.00
2019/10/29	18.49	18.50	17.81	17.85	3570200	64634832.00
2019/10/30	17.85	18.22	17.50	18.01	2783200	49908408.00
2019/10/31	18.02	18.35	17.80	18.00	2177900	39341240.00
2019/11/01	17.88	18.18	17.82	18.18	2082818	37649488.00
2019/11/04	18.22	18.29	17.96	18.00	1981608	35963900.00
2019/11/05	18.01	18.34	17.58	17.70	2458808	43693220.00
2019/11/06	17.70	17.79	17.03	17.13	2738556	47495996.00
2019/11/07	17.16	17.27	16.88	17.24	1322500	22684196.00
2019/11/08	17.28	17.48	17.12	17.12	1267235	21901282.00
2019/11/11	17.00	17.00	16.05	16.18	2887172	47258844.00
2019/11/12	16.18	16.38	16.05	16.33	1208600	19645130.00
2019/11/13	16.30	16.55	16.18	16.35	1323143	21696818.00
2019/11/14	16.49	16.68	16.33	16.55	1374800	22764786.00
2019/11/15	16.60	16.70	16.17	16.28	1268800	20790234.00
2019/11/18	16.29	16.58	16.28	16.43	809210	13282877.00
2019/11/19	16.32	16.68	16.09	16.66	2347810	38519132.00
2019/11/20	16.62	16.62	16.28	16.39	1345938	22127758.00
2019/11/21	16.38	16.53	16.20	16.41	982972	16157048.00
2019/11/22	16.38	16.64	16.12	16.18	1431900	23447072.00
2019/11/25	16.18	16.40	15.80	15.87	1520900	24322696.00
2019/11/26	15.90	16.27	15.83	15.89	991643	15859971.00
2019/11/27	15.71	15.89	15.22	15.43	1665600	25830314.00
2019/11/28	15.41	15.69	15.40	15.50	1094100	17005160.00
2019/11/29	15.25	15.68	15.25	15.62	774500	12038942.00
2019/12/02	15.61	15.75	15.45	15.51	605000	9432461.00
2019/12/03	15.37	15.68	15.37	15.68	721100	11203765.00
2019/12/04	15.56	15.71	15.50	15.67	924300	14451052.00
2019/12/05	15.69	15.94	15.66	15.88	1288900	20418694.00
2019/12/06	15.88	16.08	15.80	16.05	1292500	20601226.00
2019/12/09	15.98	16.16	15.91	16.02	1022600	16409314.00
2019/12/10	16.02	16.40	16.00	16.29	1699900	27563664.00
2019/12/11	16.40	16.40	16.09	16.14	1057000	17100560.00
2019/12/12	16.14	16.29	16.00	16.04	1689400	27230444.00
2019/12/13	16.10	16.25	15.93	16.15	1747400	28036452.00
2019/12/16	16.24	16.54	16.13	16.47	2219000	36254772.00
2019/12/17	16.54	16.83	16.44	16.62	2367000	39403580.00
2019/12/18	16.62	16.88	16.57	16.70	1993200	33297218.00
2019/12/19	16.90	18.37	16.90	18.37	3469622	63048044.00
2019/12/20	17.98	18.33	17.27	17.31	7948378	141221248.00
2019/12/23	17.11	17.18	16.48	16.55	4016372	67210992.00
2019/12/24	16.60	16.77	16.38	16.77	2428084	40318344.00
2019/12/25	16.77	16.93	16.59	16.72	2239140	37566928.00
2019/12/26	16.50	16.84	16.28	16.84	3277924	54011952.00
2019/12/27	16.77	16.83	16.41	16.45	2213086	36771980.00
2019/12/30	16.41	16.41	15.79	16.25	2017100	32479026.00
2019/12/31	16.24	16.40	16.08	16.26	1276497	20771954.00
2020/01/02	16.31	16.67	16.31	16.61	3016052	49854356.00
2020/01/03	16.61	16.98	16.61	16.82	2880455	48448136.00
2020/01/06	16.61	16.97	16.52	16.84	2874933	48409344.00
2020/01/07	16.84	17.11	16.75	17.10	2631463	44702968.00
2020/01/08	16.99	17.05	16.58	16.62	2481125	41743528.00
2020/01/09	16.73	17.68	16.73	17.12	4013476	68819416.00
2020/01/10	17.07	17.44	16.88	17.20	3560690	61141376.00
2020/01/13	16.93	17.26	16.84	17.23	2799500	47713940.00
2020/01/14	17.28	17.31	17.06	17.09	2077649	35663948.00
2020/01/15	17.11	17.23	16.90	17.14	1714300	29257310.00
2020/01/16	17.22	17.48	16.97	16.99	2256500	38869952.00
2020/01/17	16.99	17.36	16.96	16.98	2094582	35895816.00
2020/01/20	16.84	17.18	16.59	17.14	2194071	37033676.00
2020/01/21	17.00	17.13	16.53	16.58	2138684	35765416.00
2020/01/22	16.64	16.86	16.03	16.77	1893830	31349760.00
2020/01/23	16.55	17.08	16.05	16.17	2133512	35217820.00
2020/02/03	14.55	14.55	14.55	14.55	296800	4318440.00
2020/02/04	13.10	14.10	13.10	13.69	2976867	40680516.00
2020/02/05	13.68	14.27	13.68	14.12	2499416	35188660.00
2020/02/06	14.24	14.78	14.06	14.57	2690130	38954956.00
2020/02/07	14.50	15.37	14.47	15.18	2588930	38547348.00
2020/02/10	15.23	15.78	15.00	15.38	2463730	37904952.00
2020/02/11	15.20	16.02	15.02	15.53	3016800	46631232.00
2020/02/12	15.25	15.79	15.25	15.65	1941654	30190120.00
2020/02/13	15.52	15.77	15.31	15.40	1892757	29353060.00
2020/02/14	15.38	15.69	15.22	15.50	1684883	26152400.00
2020/02/17	15.68	16.18	15.56	16.11	2450507	39156696.00
2020/02/18	16.14	16.55	16.08	16.46	2929744	47796972.00
2020/02/19	16.31	16.59	16.31	16.46	2158871	35542208.00
2020/02/20	16.40	16.66	16.23	16.54	3093150	50968180.00
2020/02/21	16.40	17.13	16.34	16.79	3947235	66611828.00
2020/02/24	16.60	17.90	16.58	17.46	5414123	93976216.00
2020/02/25	16.55	17.20	16.52	17.04	5527841	93370632.00
2020/02/26	16.76	16.90	16.35	16.47	3365151	55876116.00
2020/02/27	16.65	16.78	16.25	16.55	2231517	36811192.00
2020/02/28	16.25	16.25	14.90	14.90	3792343	58518364.00
2020/03/02	15.14	16.18	15.10	16.00	3050813	47920100.00
2020/03/03	16.40	17.08	16.25	16.56	4935559	82502888.00
2020/03/04	16.30	17.19	16.30	16.95	3730058	62866308.00
2020/03/05	17.57	18.65	17.57	18.65	6154700	114603192.00
2020/03/06	20.02	20.02	17.75	18.26	18417437	348253696.00
2020/03/09	16.98	18.57	16.98	17.18	11192450	197400752.00
2020/03/10	17.31	18.90	17.31	18.90	11484263	209900432.00
2020/03/11	19.73	20.79	19.50	20.79	20013490	409237920.00
2020/03/12	19.46	20.50	18.86	19.80	17565372	345885376.00
2020/03/13	18.83	21.39	18.04	20.20	16634319	326395040.00
2020/03/16	20.40	22.22	19.85	21.40	25071680	534154880.00
2020/03/17	20.00	20.99	19.26	20.18	18958059	380194304.00
2020/03/18	20.00	22.20	20.00	22.20	17343693	378617248.00
2020/03/19	21.98	24.42	21.50	24.42	10680184	247663120.00
2020/03/20	26.86	26.86	26.86	26.86	1017116	27319736.00
2020/03/23	27.29	29.55	27.29	29.55	8828025	252745664.00
2020/03/24	32.51	32.51	26.60	26.60	36964141	1111221248.00
2020/03/25	25.14	27.18	24.31	24.83	31109114	790927168.00
2020/03/26	23.20	23.20	22.35	22.35	23174962	524447328.00
2020/03/27	22.69	22.69	21.51	21.51	15103514	332064480.00
2020/03/30	21.30	22.50	20.50	22.20	17514669	380277728.00
2020/03/31	21.93	22.30	20.66	20.85	14977780	322642944.00
2020/04/01	20.68	21.64	20.35	20.54	12153185	255391232.00
2020/04/02	21.40	22.59	21.40	22.59	9768256	216682800.00
2020/04/03	23.50	24.79	23.30	23.70	27868774	664536384.00
2020/04/07	23.50	26.00	23.50	24.73	23434249	582650048.00
2020/04/08	24.00	26.36	23.02	25.77	23646522	589244800.00
2020/04/09	25.22	26.34	24.70	24.81	18526961	469714464.00
2020/04/10	22.33	22.99	22.33	22.33	13431878	302436288.00
2020/04/13	21.07	21.30	20.10	20.33	11281446	229580464.00
2020/04/14	20.54	21.10	20.13	20.92	8979974	184613664.00
2020/04/15	20.83	21.19	20.31	20.51	8890374	183522784.00
2020/04/16	20.28	22.20	20.25	21.67	13018500	280188128.00
2020/04/17	21.43	22.19	21.01	21.03	11407400	246614144.00
2020/04/20	21.10	21.79	21.03	21.45	7939100	169464320.00
2020/04/21	21.24	23.09	21.03	22.29	13912148	310127808.00
2020/04/22	21.80	22.26	21.49	22.09	8420630	184908720.00
2020/04/23	22.10	22.26	21.00	21.01	8278300	176925248.00
2020/04/24	21.24	23.00	21.24	21.59	11071700	243142816.00
2020/04/27	21.00	22.95	20.51	22.69	14648747	326160864.00
2020/04/28	22.20	22.49	20.43	21.48	12640043	271870240.00
2020/04/29	21.00	21.68	19.33	19.43	11883700	241721920.00
2020/04/30	19.01	20.98	19.01	20.59	11728599	239855728.00
2020/05/06	20.64	22.15	20.64	22.08	10114960	218803136.00
2020/05/07	23.07	23.50	21.36	21.56	11322400	248784160.00
2020/05/08	22.22	22.48	21.28	21.62	9220730	200189120.00
2020/05/11	21.71	23.00	21.31	23.00	15761749	350703360.00
2020/05/12	22.76	23.50	21.89	22.79	13726949	311692032.00
2020/05/13	22.30	23.10	22.22	22.61	9164100	208082112.00
2020/05/14	22.62	22.96	22.02	22.06	7541479	168599328.00
2020/05/15	22.30	22.66	21.90	22.07	7190600	159599136.00
2020/05/18	21.88	22.02	20.58	21.37	7767840	165360736.00
2020/05/19	21.41	21.70	20.92	21.14	5477200	116286608.00
2020/05/20	21.15	22.99	20.82	22.53	12066850	265612592.00
2020/05/21	22.49	22.86	21.78	21.91	8687850	193869536.00
2020/05/22	22.09	22.19	20.56	20.70	6964250	147467136.00
2020/05/25	20.71	20.83	19.16	19.70	6440450	127268560.00
2020/05/26	18.99	19.93	18.99	19.81	4949600	96821264.00
2020/05/27	19.81	19.89	19.05	19.13	4415377	85191296.00
2020/05/28	18.96	19.45	18.20	18.58	4748650	88893208.00
2020/05/29	18.40	18.64	18.15	18.22	4059500	74435128.00
2020/06/01	18.33	19.09	18.33	18.90	5654000	106285656.00
2020/06/02	19.00	19.37	18.79	19.00	4581600	87201216.00
2020/06/03	19.17	20.48	18.81	19.87	7754950	151763200.00
2020/06/04	19.80	19.80	19.21	19.29	4540502	88418768.00
2020/06/05	19.30	19.55	19.21	19.46	2787714	54075684.00
2020/06/08	19.67	19.87	19.10	19.16	2954900	57537812.00
2020/06/09	19.16	19.30	18.83	18.91	2408500	45710768.00
2020/06/10	18.87	18.98	18.35	18.63	2866700	53220932.00
2020/06/11	18.64	19.18	18.52	18.57	3366500	63434244.00
2020/06/12	18.00	18.50	17.80	18.29	2579530	46853780.00
2020/06/15	18.19	18.44	17.81	17.83	3318343	60233680.00
2020/06/16	18.10	18.55	18.00	18.44	3609743	66245284.00
2020/06/17	18.44	19.08	18.20	18.82	5200009	97123712.00
2020/06/18	18.83	19.84	18.51	19.53	7361130	141676912.00
2020/06/19	19.36	19.50	19.00	19.15	4604090	88143024.00
2020/06/22	19.24	19.31	18.80	18.90	3780643	71993976.00
2020/06/23	18.70	19.16	18.70	18.97	2807513	53215476.00
2020/06/24	18.95	19.09	18.64	18.64	2375425	44642144.00
2020/06/29	18.59	18.59	18.08	18.15	2654830	48402484.00
2020/06/30	18.16	18.74	18.16	18.51	2498660	46169128.00
2020/07/01	18.69	18.85	18.42	18.51	2795200	51969616.00
2020/07/02	18.59	18.67	18.36	18.54	2783038	51589344.00
2020/07/03	18.60	18.73	18.45	18.71	3468708	64639676.00
2020/07/06	18.89	19.67	18.83	19.50	6415400	123719480.00
2020/07/07	20.00	20.43	19.39	19.74	9192265	182419600.00
2020/07/08	19.75	20.20	19.51	20.19	7398000	147134928.00
2020/07/09	20.16	21.00	19.89	20.82	9152832	189140544.00
2020/07/10	20.61	21.08	20.31	20.40	7170760	147604800.00
2020/07/13	19.99	20.87	19.65	20.74	8685990	177103504.00
2020/07/14	20.85	20.92	20.06	20.40	6379630	130559456.00
2020/07/15	20.39	20.44	18.95	19.08	6907220	134827952.00
2020/07/16	19.01	19.48	18.20	18.23	4992230	94332584.00
2020/07/17	18.26	18.44	17.52	17.85	3971400	71448264.00
2020/07/20	17.90	18.33	17.90	18.33	2400000	43583988.00
2020/07/21	18.35	18.44	17.97	18.32	3123726	56845496.00
2020/07/22	18.32	18.48	18.03	18.15	2758100	50398100.00
2020/07/23	18.05	18.09	17.28	17.91	3197490	56611648.00
2020/07/24	17.74	18.01	17.00	17.07	3144370	54862348.00
2020/07/27	17.17	17.29	16.42	16.57	2505986	42067432.00
2020/07/28	16.77	17.28	16.68	17.01	2342830	39876960.00
2020/07/29	16.95	17.37	16.80	17.36	2065400	35480916.00
2020/07/30	17.36	17.50	17.04	17.09	1932700	33266424.00
2020/07/31	17.10	17.39	17.03	17.27	1718713	29626480.00
2020/08/03	17.41	17.98	17.25	17.91	3050500	54159252.00
2020/08/04	18.15	18.15	17.56	17.65	2624805	46389684.00
2020/08/05	17.66	18.63	17.56	18.15	3824059	69129504.00
2020/08/06	17.99	18.11	17.45	17.68	3156196	55848072.00
2020/08/07	17.70	17.70	16.95	17.16	2251900	38956536.00
2020/08/10	17.24	17.55	17.13	17.26	1348700	23347812.00
2020/08/11	17.27	17.42	16.89	16.90	1558600	26744204.00
2020/08/12	16.98	17.00	16.50	16.84	1620200	26970364.00
2020/08/13	16.89	17.25	16.85	16.91	1167500	19849838.00
2020/08/14	16.92	17.61	16.76	17.40	2681330	46425756.00
2020/08/17	17.33	17.82	17.18	17.56	2919250	50899312.00
2020/08/18	17.48	17.62	17.39	17.45	1769500	30953662.00
2020/08/19	17.42	17.52	17.11	17.11	1522500	26273372.00
2020/08/20	17.10	17.64	16.90	17.47	2491500	43355008.00
2020/08/21	17.61	17.76	17.21	17.35	1933700	33835880.00
2020/08/24	17.18	17.67	16.70	17.36	2166200	37337940.00
2020/08/25	17.36	17.79	17.26	17.79	3651613	64342728.00
2020/08/26	17.80	17.98	17.28	17.29	3038700	53515372.00
2020/08/27	17.36	18.14	16.90	17.89	4004230	70857352.00
2020/08/28	17.81	18.16	17.60	17.86	3599800	64307480.00
2020/08/31	17.86	18.39	17.80	17.99	4263030	77260112.00
2020/09/01	17.88	17.94	17.53	17.85	2182200	38641524.00
2020/09/02	17.85	19.30	17.67	18.83	7695169	143856144.00
2020/09/03	18.99	19.30	18.42	19.01	6255864	118276840.00
2020/09/04	18.62	19.98	18.50	19.68	8146805	158888848.00
2020/09/07	19.84	20.59	19.13	19.46	8419745	167237584.00
2020/09/08	19.20	21.55	19.09	20.55	10538030	215088800.00
2020/09/09	19.66	20.99	19.65	19.74	9833369	199040544.00
2020/09/10	19.85	19.86	17.02	17.29	8433630	155074336.00
2020/09/11	17.39	17.59	16.73	17.27	4336756	74399408.00
2020/09/14	17.20	18.20	17.02	18.14	4473056	79661736.00
2020/09/15	18.00	18.66	17.92	18.28	3705052	67791120.00
2020/09/16	18.19	18.56	17.96	18.30	3074080	55930124.00
2020/09/17	18.15	18.57	18.01	18.18	2695513	49198028.00
2020/09/18	18.18	18.37	17.80	18.19	2457700	44548608.00
2020/09/21	18.38	18.45	17.94	18.14	1801000	32670860.00
2020/09/22	17.90	17.95	17.54	17.61	2126300	37619348.00
2020/09/23	17.72	17.90	17.60	17.83	1764500	31300018.00
2020/09/24	17.74	17.75	17.05	17.09	2079630	35948696.00
2020/09/25	17.16	17.40	17.00	17.11	1202300	20621952.00
2020/09/28	17.30	17.30	16.74	16.77	1289300	21801824.00
2020/09/29	16.78	17.15	16.73	16.78	1470430	24934840.00
2020/09/30	16.90	17.76	16.80	17.23	2745100	47387468.00
2020/10/09	17.25	17.69	17.25	17.62	2866760	50112552.00
2020/10/12	17.66	18.75	17.64	18.55	4371600	80032888.00
2020/10/13	18.50	18.88	18.32	18.68	2926300	54534060.00
2020/10/14	18.87	18.87	18.25	18.39	1828510	33782688.00
2020/10/15	18.26	18.66	18.16	18.24	1746750	32131838.00
2020/10/16	18.24	19.48	18.01	19.06	5080600	95462744.00
2020/10/19	20.94	20.99	18.60	18.89	9692390	189342160.00
2020/10/20	18.75	19.67	18.66	19.18	6240103	119747312.00
2020/10/21	18.99	19.60	18.60	19.60	6619390	125836824.00
2020/10/22	19.40	19.81	18.76	19.19	5874210	112497432.00
2020/10/23	19.06	19.59	18.92	19.17	4642010	89418888.00
2020/10/26	18.93	19.47	18.72	19.28	3221700	61949080.00
2020/10/27	19.03	19.86	19.03	19.67	4546306	88684232.00
2020/10/28	19.72	19.86	19.03	19.48	3254900	62952464.00
2020/10/29	19.16	19.57	18.80	19.14	2973500	57211784.00
2020/10/30	19.38	20.35	19.14	19.35	6905600	136903008.00
2020/11/02	19.53	19.89	18.75	18.90	7335300	141009872.00
2020/11/03	19.05	19.67	18.88	19.28	6464000	124877112.00
2020/11/04	19.12	20.36	19.12	20.02	8541337	169171808.00
2020/11/05	20.07	21.70	19.55	21.01	13312003	273329408.00
2020/11/06	20.80	21.38	20.02	20.71	8863698	184028992.00
2020/11/09	20.97	22.86	20.70	22.05	13960335	302340640.00
2020/11/10	21.70	21.80	20.32	20.88	10292939	216914720.00
2020/11/11	20.40	21.14	19.70	20.90	8544485	174133792.00
2020/11/12	20.70	20.98	19.67	19.78	5886198	118519912.00
2020/11/13	19.69	21.80	19.15	21.46	12591687	261291792.00
2020/11/16	21.48	22.25	20.66	22.25	14016313	302753024.00
2020/11/17	23.05	26.50	22.94	23.23	23990711	572635712.00
2020/11/18	22.95	24.22	21.97	22.08	15880952	361675648.00
2020/11/19	21.00	21.34	20.18	20.68	14825191	307783968.00
2020/11/20	20.40	20.95	20.13	20.62	9069339	186036896.00
2020/11/23	20.22	20.38	19.68	19.81	7356800	146500880.00
2020/11/24	19.77	19.97	19.38	19.48	4792900	94288320.00
2020/11/25	19.57	19.85	19.09	19.56	5978700	116356480.00
2020/11/26	19.64	20.30	19.31	19.65	5860300	115996320.00
2020/11/27	19.35	19.43	18.27	18.70	6578900	124000160.00
2020/11/30	18.99	19.29	18.50	18.73	3534500	67018272.00
2020/12/01	18.66	18.96	18.61	18.88	2760300	51960184.00
2020/12/02	18.78	18.94	18.48	18.66	3454241	64567132.00
2020/12/03	18.66	19.37	18.00	19.27	5390800	101159568.00
2020/12/04	19.22	19.48	18.80	18.97	3353900	63972792.00
2020/12/07	19.05	19.17	18.80	18.86	2093800	39705332.00
2020/12/08	18.99	19.09	18.72	18.87	1400700	26424648.00
2020/12/09	18.92	18.92	17.98	17.98	3493030	63964944.00
2020/12/10	17.77	18.15	17.54	17.60	2265500	40353228.00
2020/12/11	17.60	17.63	17.00	17.19	2666701	46006844.00
2020/12/14	17.11	17.49	17.11	17.38	1180400	20468872.00
2020/12/15	17.38	17.50	17.09	17.20	1270400	21927912.00
2020/12/16	17.30	17.31	16.41	16.46	2383948	39910432.00
2020/12/17	16.47	16.95	15.80	16.89	2795800	46091344.00
2020/12/18	16.90	16.96	16.46	16.54	2168100	36059784.00
2020/12/21	16.41	16.82	16.26	16.63	1445200	24070392.00
2020/12/22	16.70	16.71	16.03	16.05	1794653	29248864.00
2020/12/23	16.25	16.54	16.03	16.14	1469700	23882708.00
2020/12/24	16.28	16.46	15.73	16.38	2536100	40658288.00
2020/12/25	16.38	17.06	16.06	16.94	2870800	48058076.00
2020/12/28	16.94	16.99	16.44	16.58	1840100	30650958.00
2020/12/29	16.59	17.35	16.54	17.08	2329613	39873064.00
2020/12/30	16.71	16.95	16.36	16.44	2285300	37845504.00
2020/12/31	16.44	16.75	16.30	16.51	1311400	21672224.00
2021/01/04	16.55	16.75	16.32	16.65	1322000	21969516.00
2021/01/05	16.52	16.92	16.21	16.50	1628300	26841744.00
2021/01/06	16.47	16.57	16.08	16.15	1599200	25904402.00
2021/01/07	16.20	16.21	15.00	15.10	2597400	40010568.00
2021/01/08	15.50	15.50	14.80	14.95	2035800	30822060.00
2021/01/11	15.00	15.18	13.99	14.09	2681048	38571132.00
2021/01/12	14.10	14.48	13.90	14.08	1442700	20381592.00
2021/01/13	13.95	13.96	13.55	13.66	1691930	23217812.00
2021/01/14	13.66	16.39	13.66	16.39	7312259	113196456.00
2021/01/15	16.79	16.89	15.55	15.82	6065377	96520512.00
2021/01/18	15.42	15.89	15.26	15.68	3641418	56725904.00
2021/01/19	15.60	16.30	15.37	15.55	4127500	65217384.00
2021/01/20	15.81	16.02	15.11	15.15	3034900	46697492.00
2021/01/21	15.16	15.80	15.01	15.38	3034400	46492172.00
2021/01/22	15.38	15.39	14.62	14.62	2341800	34969768.00
2021/01/25	14.51	14.99	14.32	14.77	1854600	27326896.00
2021/01/26	14.77	15.30	14.53	14.96	1419530	21223176.00
2021/01/27	14.79	15.18	14.71	14.72	1206300	17987044.00
2021/01/28	14.80	15.10	14.53	14.66	1129850	16755744.00
2021/01/29	14.88	14.88	14.10	14.33	1542300	22226896.00
2021/02/01	14.84	16.34	14.80	15.60	3979600	62496720.00
2021/02/02	15.81	16.49	15.26	15.74	3748130	59638976.00
2021/02/03	15.74	15.99	14.78	14.78	2872130	43636308.00
2021/02/04	14.56	14.82	13.97	14.18	1961830	28058902.00
2021/02/05	14.18	14.51	13.88	14.00	1023100	14404833.00
2021/02/08	13.99	14.20	13.81	13.98	973930	13590940.00
2021/02/09	14.08	14.60	13.98	14.33	1258530	18008326.00
2021/02/10	14.36	14.50	14.27	14.40	808493	11641222.00
2021/02/18	14.79	15.29	14.70	14.95	1594253	24015624.00
2021/02/19	14.80	15.28	14.70	15.28	1547400	23406952.00
2021/02/22	15.40	15.78	15.23	15.45	2371000	36758760.00
2021/02/23	15.45	15.60	15.16	15.36	1327300	20377388.00
2021/02/24	15.36	15.88	15.07	15.63	1878900	29280066.00
2021/02/25	15.47	15.78	15.19	15.19	1473300	22744214.00
2021/02/26	14.86	16.63	14.86	15.92	4156500	66702336.00
2021/03/01	15.26	15.99	15.26	15.89	2699200	42419808.00
2021/03/02	15.83	16.15	15.47	15.81	1783300	27998708.00
2021/03/03	15.65	16.14	15.54	15.95	1744700	27711624.00
2021/03/04	15.91	16.44	15.85	15.94	1825400	29434604.00
2021/03/05	15.87	16.51	15.87	16.25	1938000	31544980.00
2021/03/08	16.08	16.44	15.98	15.99	1602700	25879702.00
2021/03/09	15.98	16.15	14.93	15.40	1853400	28886596.00
2021/03/10	15.55	15.84	14.88	15.20	1328600	20237516.00
2021/03/11	15.05	15.50	14.82	15.44	1167800	17752094.00
2021/03/12	15.40	15.47	15.01	15.30	941800	14285862.00
2021/03/15	15.10	15.28	14.81	14.93	746700	11210550.00
2021/03/16	14.95	15.33	14.89	15.25	818400	12385385.00
2021/03/17	15.34	15.37	15.15	15.30	748700	11448722.00
2021/03/18	15.20	15.44	15.00	15.16	856700	12969393.00
2021/03/19	14.95	15.48	14.93	15.18	1015503	15515196.00
2021/03/22	15.01	15.40	15.01	15.30	789700	12033365.00
2021/03/23	15.20	16.31	15.14	16.18	3014400	47420692.00
2021/03/24	17.00	17.00	15.57	15.61	3351200	54183344.00
2021/03/25	15.20	15.50	14.90	15.26	1738054	26405144.00
2021/03/26	15.25	15.41	15.01	15.26	1211354	18388694.00
2021/03/29	15.23	15.43	15.16	15.32	950654	14564724.00
2021/03/30	15.32	15.32	15.06	15.18	1019330	15428500.00
2021/03/31	15.10	15.25	15.05	15.10	542400	8199791.00
2021/04/01	15.10	15.41	15.05	15.30	979200	14947671.00
2021/04/02	15.40	15.85	15.16	15.65	1802900	27951248.00
2021/04/06	15.85	16.00	15.27	15.91	1503000	23794310.00
2021/04/07	15.99	16.20	15.86	16.05	2098300	33545820.00
2021/04/08	16.06	16.20	15.88	16.15	1958843	31400568.00
2021/04/09	16.31	16.91	15.90	16.80	5950830	98638328.00
2021/04/12	16.42	17.40	16.42	17.25	6056713	103597800.00
2021/04/13	17.39	17.42	16.91	17.30	4269000	73469024.00
2021/04/14	17.48	17.59	17.20	17.59	3641090	63390216.00
2021/04/15	17.80	18.16	17.41	18.00	4601890	82142208.00
2021/04/16	18.18	18.30	16.45	17.94	8876530	155994320.00
2021/04/19	18.10	18.35	17.34	17.89	5288900	94304416.00
2021/04/20	17.90	18.36	17.70	18.08	4279600	77355200.00
2021/04/21	18.15	18.50	17.85	18.48	5272594	96063368.00
2021/04/22	18.50	18.73	17.88	18.45	5759500	105403248.00
2021/04/23	18.69	18.88	18.11	18.67	5614600	104225424.00
2021/04/26	18.47	18.88	17.70	18.55	5107200	93528624.00
2021/04/27	18.56	18.60	17.94	18.35	4636900	84539264.00
2021/04/28	18.33	18.59	17.90	18.28	5075700	92385288.00
2021/04/29	18.23	18.23	17.52	17.63	4921700	88075520.00
2021/04/30	17.63	18.05	17.14	17.51	4447603	78461976.00
2021/05/06	17.64	17.64	16.73	16.85	3397500	57549976.00
2021/05/07	17.00	17.20	15.99	16.50	3923000	64067008.00
2021/05/10	16.65	16.95	15.91	16.76	4456600	74141904.00
2021/05/11	16.79	16.79	16.16	16.22	1701800	27800370.00
2021/05/12	16.13	16.65	16.12	16.56	919000	15086593.00
2021/05/13	16.57	16.82	16.36	16.36	1275300	21182324.00
2021/05/14	16.21	16.60	16.15	16.38	1462600	23874112.00
2021/05/17	16.14	16.58	15.90	16.25	2272200	36794616.00
2021/05/18	16.24	16.59	16.13	16.57	1530700	25015320.00
2021/05/19	16.56	16.88	16.44	16.58	1040400	17328124.00
2021/05/20	16.59	17.22	16.51	17.10	1898600	32191856.00
2021/05/21	17.28	17.28	16.80	16.93	1349900	22969704.00
2021/05/24	16.96	17.11	16.79	16.84	995700	16874398.00
2021/05/25	16.80	16.96	16.70	16.83	932000	15673094.00
2021/05/26	17.11	19.00	17.06	18.52	6470200	118371552.00
2021/05/27	18.18	19.50	18.18	18.87	4516100	85557080.00
2021/05/28	18.88	19.27	18.71	18.99	2757200	52233336.00
2021/05/31	18.36	19.77	18.36	19.55	4120400	79410088.00
2021/06/01	19.55	21.50	19.30	21.16	5035200	103508280.00
2021/06/02	21.28	21.83	20.52	21.03	4903900	103806088.00
2021/06/03	21.03	21.35	20.73	20.87	2725400	57294424.00
2021/06/04	20.78	22.33	20.78	22.14	4573300	99514288.00
2021/06/07	22.07	22.72	21.60	21.85	3813000	83834640.00
2021/06/08	22.16	22.60	21.20	22.20	4218833	92681648.00
2021/06/09	22.20	22.50	21.40	21.54	2678433	58222940.00
2021/06/10	21.70	22.22	21.34	21.42	4251100	91935696.00
2021/06/11	21.63	21.89	20.24	20.35	4458000	92903976.00
2021/06/15	20.61	21.43	20.26	20.85	4043200	84294328.00
2021/06/16	20.66	21.77	20.66	20.98	3057300	65019800.00
2021/06/17	21.20	21.45	20.39	21.10	2699900	56670544.00
2021/06/18	21.10	21.20	20.58	20.72	1640400	34085504.00
2021/06/21	20.61	21.45	20.61	21.04	1740500	36705032.00
2021/06/22	21.04	21.50	20.01	20.22	2845200	58846128.00
2021/06/23	20.19	21.17	19.87	20.71	2401700	49423192.00
2021/06/24	21.28	21.28	19.95	19.99	2120100	42955768.00
2021/06/25	20.03	20.24	19.26	19.38	2399500	46802752.00
2021/06/28	19.26	19.48	18.81	19.41	2556600	49058912.00
2021/06/29	19.41	19.62	18.80	18.98	1791300	34111200.00
2021/06/30	19.25	19.42	18.83	19.32	1993200	38333328.00
2021/07/01	19.12	19.16	18.56	18.66	2037100	38310112.00
2021/07/02	18.55	19.07	18.13	18.24	1755100	32221530.00
2021/07/05	18.26	19.37	18.14	19.26	2927700	55117536.00
2021/07/06	19.26	20.06	19.00	19.74	2738000	53699480.00
2021/07/07	19.83	20.14	19.58	19.84	1383700	27420858.00
2021/07/08	19.84	20.24	19.58	19.75	1755000	34743984.00
2021/07/09	19.60	19.91	18.95	19.07	2475700	47769368.00
2021/07/12	19.16	20.68	18.85	20.56	4387830	87147040.00
2021/07/13	20.55	21.45	20.14	20.65	3318400	68652136.00
2021/07/14	20.33	21.20	20.00	20.29	2559700	52358832.00
2021/07/15	20.15	20.29	19.30	19.50	2432600	47910676.00
2021/07/16	19.50	19.61	18.60	18.71	2774400	52782024.00
2021/07/19	18.69	18.81	18.25	18.46	2193902	40543676.00
2021/07/20	18.60	18.75	17.92	18.39	1316900	24101526.00
2021/07/21	18.45	19.05	18.45	18.63	1596000	29791314.00
2021/07/22	18.63	18.70	18.38	18.54	1108000	20531698.00
2021/07/23	18.55	18.77	17.48	17.64	2597200	46301976.00
2021/07/26	17.64	17.80	16.96	17.41	1976100	34314912.00
2021/07/27	17.48	18.10	17.12	17.32	1640600	29029420.00
2021/07/28	17.34	17.61	16.59	17.26	1593233	27385942.00
2021/07/29	17.45	18.19	17.45	17.91	1572700	28200552.00
2021/07/30	17.91	18.38	17.91	18.04	1621233	29437774.00
2021/08/02	18.01	18.73	17.81	18.67	2134630	39305608.00
2021/08/03	18.67	19.97	18.65	19.86	4036500	79042208.00
2021/08/04	19.69	20.28	19.35	19.93	3701200	73334680.00
2021/08/05	20.00	20.19	19.61	19.86	2200130	43810320.00
2021/08/06	19.87	20.15	19.30	19.83	1754600	34503904.00
2021/08/09	19.79	19.87	19.20	19.25	1454700	28252766.00
2021/08/10	19.13	20.11	19.13	19.80	1817002	35898512.00
2021/08/11	19.81	19.99	19.15	19.27	1592400	30796644.00
2021/08/12	19.50	19.59	19.03	19.46	1137318	22036380.00
2021/08/13	19.55	19.55	18.85	19.06	1934300	36887548.00
2021/08/16	18.91	19.28	18.46	18.55	2089571	39428360.00
2021/08/17	18.55	19.03	18.15	18.33	2059600	38303512.00
2021/08/18	18.27	18.52	17.98	18.47	1490500	27179040.00
2021/08/19	18.30	18.68	18.20	18.35	1217000	22422004.00
2021/08/20	17.97	18.22	17.55	17.72	2361800	42060696.00
2021/08/23	17.72	19.04	17.72	18.78	2382400	44294960.00
2021/08/24	18.90	19.05	18.52	18.83	1501200	28260908.00
2021/08/25	18.70	19.00	18.50	18.60	1162101	21748126.00
2021/08/26	18.60	18.77	18.18	18.22	1245601	22934002.00
2021/08/27	18.25	18.39	17.73	17.83	1522200	27437832.00
2021/08/30	18.66	21.40	17.85	21.40	8034909	165953568.00
2021/08/31	21.40	21.49	20.41	20.88	7900310	164000464.00
2021/09/01	20.90	20.90	20.05	20.33	4358867	89038232.00
2021/09/02	20.40	20.40	19.70	20.21	3627800	72593864.00
2021/09/03	19.88	20.79	19.75	19.88	3657591	73222512.00
2021/09/06	19.88	20.34	19.50	20.04	3412732	68370664.00
2021/09/07	19.99	20.63	19.82	20.06	3355691	67774952.00
2021/09/08	19.90	20.98	19.90	20.60	4914638	101186144.00
2021/09/09	20.60	20.64	19.50	19.84	4039367	80750808.00
2021/09/10	19.96	19.99	19.23	19.29	2390600	46438716.00
2021/09/13	19.07	19.45	18.90	19.12	1786200	34342500.00
2021/09/14	19.05	22.94	19.05	22.94	10383780	229310080.00
2021/09/15	23.07	24.90	22.18	23.94	17806836	419278912.00
2021/09/16	23.34	23.64	21.87	22.23	10860330	245461200.00
2021/09/17	22.35	26.28	22.35	24.62	14614950	345645664.00
2021/09/22	23.90	24.88	23.35	23.68	10054770	240194304.00
2021/09/23	23.60	24.00	22.82	22.92	7077926	164201088.00
2021/09/24	23.15	24.00	22.40	23.13	7676867	176833472.00
2021/09/27	22.65	26.48	22.60	24.92	12237810	298849856.00
2021/09/28	24.40	24.40	22.63	23.29	6970200	163470784.00
2021/09/29	23.41	23.98	21.90	22.70	5644561	128929152.00
2021/09/30	22.86	23.93	22.61	23.23	4598516	106556416.00
2021/10/08	23.58	24.80	23.45	24.78	7531800	182549248.00
2021/10/11	24.40	24.47	23.00	24.13	5429530	128978992.00
2021/10/12	23.82	25.80	23.82	24.76	7839502	196057472.00
2021/10/13	24.51	29.47	24.21	27.45	12404002	335073856.00
2021/10/14	26.49	27.08	25.71	26.97	8791600	230289008.00
2021/10/15	26.40	26.56	24.88	25.00	7735300	196420512.00
2021/10/18	24.26	25.58	24.26	25.03	5068000	126259040.00
2021/10/19	24.70	26.23	24.50	25.98	5270884	134821920.00
2021/10/20	25.51	25.89	24.71	25.58	4497360	113456176.00
2021/10/21	25.50	25.50	24.53	25.36	4058500	101641800.00
2021/10/22	25.17	27.50	24.55	26.28	7162400	186402208.00
2021/10/25	26.31	26.80	25.26	26.10	5219600	134624048.00
2021/10/26	25.66	27.67	25.61	27.45	7304234	197334672.00
2021/10/27	26.80	27.37	26.36	26.94	5244984	140908192.00
2021/10/28	26.53	28.15	21.60	22.98	10952300	275909664.00
2021/10/29	22.80	23.88	22.30	23.25	5573300	128349440.00
2021/11/01	23.20	23.46	21.73	22.69	5369100	119993592.00
2021/11/02	22.52	23.09	21.88	22.21	4241400	95039816.00
2021/11/03	22.19	23.88	22.19	23.60	5414800	125806832.00
2021/11/04	24.30	24.43	23.00	23.34	4389700	103563504.00
2021/11/05	23.07	24.04	23.07	23.41	2913441	68586568.00
2021/11/08	23.27	23.54	23.00	23.48	1883102	43784700.00
2021/11/09	23.82	23.97	23.00	23.43	2114900	49601544.00
2021/11/10	23.24	23.76	23.06	23.20	1989600	46381584.00
2021/11/11	23.23	25.90	23.23	24.64	7445800	185838160.00
2021/11/12	24.31	26.66	24.31	25.39	4914689	125230856.00
2021/11/15	25.10	26.38	25.10	25.84	4412980	113644600.00
2021/11/16	26.06	26.58	25.25	25.62	3079530	79404408.00
2021/11/17	25.13	27.30	25.13	27.28	5556198	147788384.00
2021/11/18	27.20	27.21	26.50	26.68	3268400	87586536.00
2021/11/19	26.69	27.76	26.30	26.67	3913817	105165144.00
2021/11/22	26.80	28.92	26.51	28.20	6115530	171560336.00
2021/11/23	28.06	29.44	28.06	29.00	5599400	162004832.00
2021/11/24	28.82	29.37	28.21	28.40	3065600	87985040.00
2021/11/25	28.65	29.99	27.30	27.69	4643200	131156832.00
2021/11/26	27.90	28.08	26.60	27.70	3507600	95495144.00
2021/11/29	27.28	28.10	26.88	27.50	2328600	64297164.00
2021/11/30	27.82	27.82	26.90	27.16	2807200	76530552.00
2021/12/01	27.44	27.49	26.42	26.82	2859200	76800080.00
2021/12/02	26.96	26.96	25.96	25.99	2064500	54255292.00
2021/12/03	25.88	26.35	25.76	26.05	1619800	42209320.00
2021/12/06	26.05	26.39	24.97	25.18	3417400	86614800.00
2021/12/07	25.52	25.59	24.74	25.35	2553430	64084692.00
2021/12/08	25.30	27.50	25.30	26.48	3985430	106307096.00
2021/12/09	26.26	28.30	26.26	27.55	4387600	120875320.00
2021/12/10	27.74	28.47	26.85	28.01	3869400	108015536.00
2021/12/13	28.22	29.75	27.35	29.59	5198500	149637392.00
2021/12/14	28.79	29.97	28.79	29.34	3892910	114435400.00
2021/12/15	28.93	30.00	28.80	29.50	3025800	88911104.00
2021/12/16	29.13	29.98	28.66	29.75	3827200	112569376.00
2021/12/17	29.85	29.90	28.65	28.65	2103000	61165748.00
2021/12/20	28.68	29.07	28.12	28.20	2189100	62502512.00
2021/12/21	28.15	28.15	26.27	27.15	3990700	107455152.00
2021/12/22	27.51	27.59	26.66	26.76	2677500	72077752.00
2021/12/23	26.97	28.50	26.40	27.94	3807000	105186232.00
2021/12/24	28.05	28.47	26.47	26.73	3502800	95362784.00
2021/12/27	26.92	27.81	26.08	27.22	2496200	67821384.00
2021/12/28	26.99	28.66	26.99	28.20	3152100	88629816.00
2021/12/29	28.36	28.36	27.13	27.31	2222000	61677624.00
2021/12/30	27.48	27.93	26.65	27.23	3845200	105166472.00
2021/12/31	27.23	27.70	26.83	27.22	2412600	65573876.00
2022/01/04	27.20	28.10	26.50	27.49	2444291	66590380.00
2022/01/05	27.44	27.48	25.65	25.65	2923400	76834392.00
2022/01/06	25.65	26.63	25.54	26.13	2271800	59462652.00
2022/01/07	26.60	26.60	24.17	24.40	2855529	71644848.00
2022/01/10	24.20	25.19	24.20	24.88	1608300	39614932.00
2022/01/11	25.01	25.15	23.20	24.05	2600668	62277156.00
2022/01/12	24.20	25.36	23.77	24.81	3273091	80255128.00
2022/01/13	24.85	25.12	24.24	24.82	1612102	39688692.00
2022/01/14	24.60	25.08	23.91	24.75	1557400	38453920.00
2022/01/17	24.60	25.95	24.60	25.65	1843271	46965348.00
2022/01/18	25.65	25.91	25.05	25.14	1615771	40947568.00
2022/01/19	25.01	25.45	24.73	25.19	1241100	31166180.00
2022/01/20	25.18	25.41	24.33	24.42	1508900	37121128.00
2022/01/21	24.69	24.86	24.15	24.29	806100	19650962.00
2022/01/24	24.30	24.43	23.60	24.13	1368800	33064850.00
2022/01/25	23.90	24.15	22.50	22.63	2309600	53499172.00
2022/01/26	22.97	23.58	22.88	23.32	1323659	30826352.00
2022/01/27	23.90	23.90	21.61	21.67	2002330	44754488.00
2022/01/28	21.80	22.74	21.77	22.43	1393400	31197706.00
2022/02/07	23.33	23.47	22.38	22.48	1409900	32044364.00
2022/02/08	22.63	23.10	22.03	22.67	1038956	23595718.00
2022/02/09	22.59	23.57	22.59	23.40	1402955	32592828.00
2022/02/10	23.50	23.50	22.22	22.43	2032759	45835320.00
2022/02/11	22.22	22.48	20.77	21.01	2756957	58989284.00
2022/02/14	21.01	21.38	20.70	21.06	1445400	30373306.00
2022/02/15	21.13	21.80	20.35	21.66	1859799	39432324.00
2022/02/16	21.66	23.88	21.31	22.80	3916000	88803416.00
2022/02/17	22.81	23.11	22.20	22.78	1799110	41045144.00
2022/02/18	23.09	24.15	22.95	23.25	3458200	81199208.00
2022/02/21	24.00	24.93	23.43	24.74	5818468	141736048.00
2022/02/22	24.30	25.29	24.30	24.61	3750800	92734008.00
2022/02/23	24.73	25.88	24.21	25.29	3277100	82095328.00
2022/02/24	24.86	26.50	24.25	24.78	3751200	94870528.00
2022/02/25	24.91	25.99	24.67	25.31	3012400	76604528.00
2022/02/28	25.21	25.47	24.30	24.58	2511300	61863196.00
2022/03/01	24.65	24.98	23.80	24.20	2520000	60609720.00
2022/03/02	23.99	24.13	23.41	24.00	1533730	36466644.00
2022/03/03	24.14	24.17	23.45	23.63	1969000	46679000.00
2022/03/04	23.65	23.65	22.40	22.76	2110100	48398288.00
2022/03/07	22.76	22.87	21.53	21.87	2347100	51427240.00
2022/03/08	21.88	22.19	21.19	21.50	2411200	52289756.00
2022/03/09	21.48	21.83	20.11	21.05	2872358	60163368.00
2022/03/10	21.29	21.66	21.11	21.50	2158730	46215244.00
2022/03/11	21.45	21.45	20.00	20.84	3055658	62915752.00
2022/03/14	20.88	20.88	19.55	19.55	3333100	66381236.00
2022/03/15	19.69	20.67	19.28	19.29	3425000	68248560.00
2022/03/16	19.39	20.20	19.04	20.02	2287000	45046284.00
2022/03/17	20.24	20.54	19.88	20.06	1963700	39559040.00
2022/03/18	20.00	20.33	19.80	20.18	1877800	37802544.00
2022/03/21	20.24	20.84	20.01	20.37	1567800	31972248.00
2022/03/22	20.39	20.88	19.63	19.93	1971600	39231232.00
2022/03/23	19.83	20.67	19.73	20.30	2136300	43393088.00
2022/03/24	20.87	20.87	19.60	19.70	2681200	53666632.00
2022/03/25	19.56	19.92	19.20	19.20	1746500	34120864.00
2022/03/28	18.94	19.44	18.48	19.19	1849400	35027732.00
2022/03/29	19.28	19.36	18.40	18.61	1969500	37048016.00
2022/03/30	18.68	19.10	18.51	18.98	2367200	44416864.00
2022/03/31	18.98	18.98	18.30	18.49	1849000	34285992.00
2022/04/01	18.49	18.49	17.81	17.95	1844300	33303506.00
2022/04/06	17.95	18.56	17.62	17.98	1504400	27343994.00
2022/04/07	18.03	18.03	16.99	17.03	2808984	48650672.00
2022/04/08	17.08	17.33	16.45	16.58	2616200	43782840.00
2022/04/11	16.58	16.80	15.87	16.11	2647800	42924140.00
2022/04/12	16.08	16.38	15.61	16.25	2795500	44772272.00
2022/04/13	16.19	16.20	15.42	15.50	2397200	37499300.00
2022/04/14	15.59	15.92	15.47	15.70	1377300	21625864.00
2022/04/15	15.76	15.79	14.93	15.26	2275500	34415240.00
2022/04/18	15.15	15.53	14.69	15.48	1615200	24594160.00
2022/04/19	15.62	15.72	15.08	15.25	1328800	20332770.00
2022/04/20	15.30	15.60	14.90	15.05	1667077	25456930.00
2022/04/21	15.05	15.08	14.08	14.19	2328100	33742976.00
2022/04/22	14.19	14.38	13.95	14.15	2080900	29454126.00
2022/04/25	14.15	14.15	12.41	12.50	3652800	47856456.00
2022/04/26	12.65	12.73	11.50	11.83	3636677	44158432.00
2022/04/27	11.83	12.19	11.29	12.14	2723200	31972828.00
2022/04/28	12.06	12.40	11.75	12.00	2054300	24719836.00
2022/04/29	12.12	12.75	12.12	12.70	2129000	26644996.00
2022/05/05	12.70	12.94	12.35	12.45	2028400	25505580.00
2022/05/06	12.20	13.26	12.02	12.72	3699500	46956512.00
2022/05/09	12.55	13.33	12.55	13.04	2989300	38890952.00
2022/05/10	13.01	13.38	12.70	13.27	2176600	28689702.00
2022/05/11	13.39	13.70	13.08	13.11	1770600	23767900.00
2022/05/12	13.14	15.73	13.05	15.73	5796053	85962552.00
2022/05/13	16.34	18.50	16.15	17.75	15121553	262484992.00
2022/05/16	17.51	17.69	15.98	16.69	10352271	171251936.00
2022/05/17	16.70	16.79	16.00	16.30	7312516	119082464.00
2022/05/18	16.00	17.38	16.00	16.49	7032271	117332680.00
2022/05/19	16.08	16.69	16.08	16.51	4825648	79330808.00
2022/05/20	17.20	17.20	16.10	16.17	5291700	86690928.00
2022/05/23	16.40	16.58	16.10	16.48	3719600	60712596.00
2022/05/24	16.27	16.42	15.01	15.03	5374900	83882880.00
2022/05/25	15.09	15.56	15.00	15.49	2767700	42582468.00
2022/05/26	15.90	15.90	15.03	15.35	2213800	33888128.00
2022/05/27	15.50	16.38	14.95	15.62	5179900	80766368.00
2022/05/30	15.28	15.45	14.84	15.04	3764002	56527672.00
2022/05/31	15.06	15.22	14.71	15.02	2381600	35626648.00
2022/06/01	15.00	15.59	14.81	15.22	2732400	41660268.00
2022/06/02	15.22	15.41	14.85	15.38	2495330	37867748.00
2022/06/06	15.23	15.95	15.23	15.83	4144755	65240860.00
2022/06/07	15.74	16.11	15.03	15.17	3306000	50802432.00
2022/06/08	15.29	15.34	14.66	14.96	2598000	38900160.00
2022/06/09	14.91	14.92	14.40	14.52	1816900	26565034.00
2022/06/10	14.52	15.14	14.28	15.00	1909830	28541014.00
2022/06/13	14.92	15.32	14.90	15.28	2219800	33594596.00
2022/06/14	15.27	15.27	14.68	14.99	2167800	32285508.00
2022/06/15	15.00	15.25	14.76	14.80	1844900	27648682.00
2022/06/16	14.93	15.11	14.69	15.00	1756158	26304810.00
2022/06/17	14.90	15.18	14.69	14.92	2062400	30790896.00
2022/06/20	14.96	15.39	14.81	15.16	2159100	32643258.00
2022/06/21	15.10	15.49	14.92	15.28	2413248	36746936.00
2022/06/22	15.25	16.65	15.07	16.14	8839648	141708656.00
2022/06/23	16.00	16.00	15.19	15.69	6291855	97842704.00
2022/06/24	15.70	17.62	15.31	16.71	8600892	140503552.00
2022/06/27	17.10	17.28	16.57	16.86	6804801	114669856.00
2022/06/28	16.70	17.27	16.48	17.16	6140500	104076456.00
2022/06/29	17.15	17.29	16.56	16.68	4555900	76875832.00
2022/06/30	16.68	16.90	16.35	16.38	3554254	58791076.00
2022/07/01	16.38	16.66	16.16	16.26	2247696	36716040.00
2022/07/04	16.25	16.25	15.88	15.89	2466496	39460424.00
2022/07/05	15.88	16.28	15.58	15.98	2925892	46408116.00
2022/07/06	15.81	16.21	15.66	16.10	2084686	33345388.00
2022/07/07	16.10	16.28	15.85	16.03	1809870	29032222.00
2022/07/08	16.07	16.78	16.03	16.38	3389443	55768236.00
2022/07/11	16.34	16.60	15.81	16.00	2408830	38951040.00
2022/07/12	15.98	15.99	15.14	15.15	2314600	35660396.00
2022/07/13	15.28	16.09	15.28	16.04	2747600	43417168.00
2022/07/14	16.10	16.55	15.92	16.24	2427296	39563748.00
2022/07/15	16.23	16.32	15.40	15.43	2346234	36863856.00
2022/07/18	15.42	16.18	15.31	16.10	2415530	38660260.00
2022/07/19	16.10	16.70	16.08	16.53	2808800	46272620.00
2022/07/20	16.69	16.75	16.26	16.57	2251220	37160004.00
2022/07/21	16.67	16.95	16.42	16.72	2518579	42122628.00
2022/07/22	16.97	17.15	16.44	16.67	2587879	43355112.00
2022/07/25	16.59	16.78	16.05	16.15	2014000	32794052.00
2022/07/26	17.10	17.22	16.00	17.01	4872100	81573672.00
2022/07/27	17.01	17.27	16.80	17.16	2803467	47860492.00
2022/07/28	17.00	17.56	17.00	17.40	2396700	41705600.00
2022/07/29	17.49	17.62	17.22	17.28	2172800	37697848.00
2022/08/01	17.38	17.68	17.13	17.41	1913200	33353504.00
2022/08/02	17.40	17.40	16.47	16.50	2946900	49281672.00
2022/08/03	17.10	17.39	16.25	16.36	2564800	43213356.00
2022/08/04	16.46	17.09	16.46	16.95	2291363	38520156.00
2022/08/05	17.05	17.22	16.90	17.14	2322900	39643428.00
2022/08/08	17.18	18.10	16.81	18.08	3291200	58383224.00
2022/08/09	18.07	18.78	17.89	18.26	3188600	58198340.00
2022/08/10	18.27	18.48	18.01	18.48	2039430	37289052.00
2022/08/11	18.68	22.18	18.40	22.18	13620276	281979584.00
2022/08/12	22.76	23.24	21.01	22.20	16243528	359762368.00
2022/08/15	22.38	25.28	22.25	23.82	13567150	325658304.00
2022/08/16	23.85	25.30	23.30	24.51	10077289	244653776.00
2022/08/17	24.63	24.88	23.79	24.56	7546947	183920688.00
2022/08/18	24.60	27.50	23.91	26.34	8315145	212332992.00
2022/08/19	26.49	26.98	25.23	25.95	5465800	142113008.00
2022/08/22	25.85	26.38	24.80	25.60	5999733	152472240.00
2022/08/23	24.92	26.14	24.92	25.83	3850300	98654280.00
2022/08/24	25.82	26.00	24.00	24.30	3626589	90771264.00
2022/08/25	24.80	24.80	22.40	23.08	6686989	154915680.00
2022/08/26	23.50	23.70	22.23	22.54	4417550	100745640.00
2022/08/29	22.27	25.13	22.27	24.10	6447600	154745088.00
2022/08/30	24.47	24.99	23.29	23.36	4391510	105763744.00
2022/08/31	23.43	23.43	21.60	21.68	5599530	124517032.00
2022/09/01	21.80	22.32	21.40	21.75	3014800	66006004.00
2022/09/02	21.97	24.68	21.75	24.10	5889200	137391760.00
2022/09/05	24.42	24.51	23.51	24.34	4446200	107151048.00
2022/09/06	24.40	25.46	23.95	25.10	4394900	109140168.00
2022/09/07	24.95	26.25	24.50	25.84	4874990	124715072.00
2022/09/08	25.45	25.98	24.61	25.00	3368900	84878808.00
2022/09/09	24.86	25.13	24.31	24.69	2050100	50371280.00
2022/09/13	24.70	25.60	24.01	25.57	3247510	80968360.00
2022/09/14	25.57	26.27	24.65	25.00	3849900	97907208.00
2022/09/15	25.36	25.36	23.80	24.11	3234610	78584184.00
2022/09/16	24.39	25.18	24.08	24.17	3311400	81532008.00
2022/09/19	24.64	25.15	23.71	24.50	2946490	71982112.00
2022/09/20	24.57	26.48	24.57	25.98	5695498	147394048.00
2022/09/21	26.00	28.00	25.47	27.45	8336521	225510608.00
2022/09/22	27.09	28.10	26.45	27.00	5413300	147725392.00
2022/09/23	27.11	27.62	26.00	27.20	5025900	135206432.00
2022/09/26	26.91	28.05	26.20	27.65	6231825	170014400.00
2022/09/27	27.30	27.30	22.66	26.34	8821017	226229536.00
2022/09/28	26.40	26.56	24.55	25.44	4942234	126098456.00
2022/09/29	25.87	26.00	24.88	24.92	2669390	67490424.00
2022/09/30	25.15	25.15	23.24	23.62	4224745	101222544.00
2022/10/10	23.45	24.46	22.55	22.69	3192800	73944864.00
2022/10/11	22.85	23.44	22.50	23.18	1635400	37621168.00
2022/10/12	23.22	23.80	22.49	23.78	2126900	49164544.00
2022/10/13	23.76	24.20	23.30	23.46	2359100	55928656.00
2022/10/14	23.20	23.84	23.10	23.43	2320006	54448932.00
2022/10/17	23.14	27.25	23.14	27.08	6558550	169104352.00
2022/10/18	26.68	27.25	26.21	26.50	4031500	107982368.00
2022/10/19	26.37	26.37	25.37	26.03	2811000	72689760.00
2022/10/20	25.75	26.68	25.40	25.49	2327375	59955896.00
2022/10/21	26.00	27.29	25.41	26.45	3890619	102597168.00
2022/10/24	26.34	27.95	26.00	26.10	4504177	120680232.00
2022/10/25	25.96	26.41	24.90	25.68	4478214	115162864.00
2022/10/26	25.40	26.80	25.30	26.48	2883600	75363568.00
2022/10/27	26.93	27.94	25.98	26.02	4318919	116572848.00
2022/10/28	25.65	26.46	25.00	25.23	2688519	68668112.00
2022/10/31	25.09	25.70	23.91	25.20	1968662	49885116.00
2022/11/01	25.20	27.17	25.18	26.24	3190277	83588680.00
2022/11/02	26.30	27.15	26.30	26.99	3834877	102818512.00
2022/11/03	26.61	27.20	26.61	26.87	2143540	57568608.00
2022/11/04	26.87	27.68	26.66	27.46	3351361	91371480.00
2022/11/07	27.54	32.40	27.45	32.07	10088209	306752000.00
2022/11/08	32.21	32.21	30.51	31.85	6677741	209747056.00
2022/11/09	31.41	31.80	29.80	29.95	4669084	143255840.00
2022/11/10	30.07	30.49	28.76	29.10	4055737	119528464.00
2022/11/11	29.48	30.04	28.31	29.08	5213400	152529856.00
2022/11/14	28.21	28.94	27.63	27.74	3983760	112229856.00
2022/11/15	27.75	28.77	27.50	28.52	3153842	89337712.00
2022/11/16	28.52	28.52	27.65	27.72	2453885	68554024.00
2022/11/17	27.64	28.20	27.10	28.19	2330885	64854128.00
2022/11/18	28.09	28.39	26.70	26.71	3975984	109388736.00
2022/11/21	26.54	27.48	26.20	27.16	2113000	57080132.00
2022/11/22	27.18	27.53	26.40	26.54	1949741	52213300.00
2022/11/23	26.53	26.53	25.24	26.31	2760600	71295904.00
2022/11/24	26.33	27.00	26.30	26.57	1918400	51122184.00
2022/11/25	26.57	26.60	25.51	25.77	1908100	49462712.00
2022/11/28	25.70	25.73	24.72	24.87	2686820	67589720.00
2022/11/29	24.99	25.43	24.44	24.45	2735975	68295944.00
2022/11/30	24.64	24.70	24.00	24.43	2627500	63934096.00
2022/12/01	24.61	25.89	24.50	24.99	2957170	74873944.00
2022/12/02	24.60	25.96	24.60	25.56	3016130	77163496.00
2022/12/05	25.57	25.69	24.60	24.77	2639127	65838176.00
2022/12/06	24.83	24.95	24.14	24.27	1848487	45003716.00
2022/12/07	24.27	24.78	24.13	24.49	1866087	45520716.00
2022/12/08	24.39	24.39	23.68	23.91	1828798	43720924.00
2022/12/09	24.01	24.09	23.51	23.51	1542480	36618496.00
2022/12/12	23.60	24.50	23.44	24.34	2538380	60861832.00
2022/12/13	24.34	26.60	24.26	25.55	4916104	126489696.00
2022/12/14	25.23	25.93	24.00	24.06	3651746	90550920.00
2022/12/15	24.05	24.66	23.80	24.26	1701800	41403712.00
2022/12/16	24.04	24.60	23.50	23.65	1440950	34187104.00
2022/12/19	23.86	24.40	23.00	23.14	1430886	33340282.00
2022/12/20	23.00	23.40	22.70	22.87	1411582	32414282.00
2022/12/21	23.08	23.08	22.61	22.72	1294950	29544268.00
2022/12/22	23.41	23.51	22.23	22.35	1409800	31957740.00
2022/12/23	22.16	22.70	22.00	22.40	1688700	37644132.00
2022/12/26	22.59	23.30	22.33	23.19	1641500	37632736.00
2022/12/27	23.33	24.28	23.08	24.17	2269300	54079492.00
2022/12/28	24.09	24.17	23.11	23.20	1537300	35989088.00
2022/12/29	23.02	23.46	22.92	23.01	877501	20360260.00
2022/12/30	23.34	23.68	22.89	23.68	906750	20946892.00
2023/01/03	23.66	24.00	23.01	23.95	1610300	38012064.00
2023/01/04	23.92	24.20	23.78	23.99	1044482	25028900.00
2023/01/05	23.97	24.25	23.65	24.10	1301182	31203970.00
2023/01/06	24.09	24.73	23.87	24.65	1879080	45936096.00
2023/01/09	25.16	25.16	23.72	23.81	2220100	53758772.00
2023/01/10	23.51	24.05	23.50	24.00	1360200	32488610.00
2023/01/11	23.80	23.98	23.61	23.67	959500	22759324.00
2023/01/12	23.70	23.95	23.53	23.58	849375	20129744.00
2023/01/13	23.23	23.68	22.93	23.13	1221210	28289644.00
2023/01/16	23.13	23.85	23.03	23.66	1126803	26617076.00
2023/01/17	23.83	23.88	23.12	23.25	1157700	27047328.00
2023/01/18	23.24	23.64	23.10	23.50	1041800	24475198.00
2023/01/19	23.65	23.79	23.38	23.65	1068400	25243564.00
2023/01/20	23.82	24.38	23.67	24.16	1164686	28057196.00
2023/01/30	25.10	25.10	24.30	24.49	2095300	51366856.00
2023/01/31	24.60	25.45	24.45	25.41	2974140	74410816.00
2023/02/01	25.31	25.87	25.22	25.81	2582300	66233008.00
2023/02/02	25.80	26.88	25.70	26.52	3174467	83455024.00
2023/02/03	26.56	26.83	26.00	26.51	2309100	60855768.00
2023/02/06	26.20	27.19	26.19	26.82	2641137	71026632.00
2023/02/07	26.45	27.08	26.38	26.57	2180317	58147960.00
2023/02/08	26.75	26.79	26.20	26.34	1651100	43679132.00
2023/02/09	26.42	26.88	26.04	26.72	1779897	47392728.00
2023/02/10	26.83	27.08	26.36	26.52	1754500	46777744.00
数据来源:通达信
