301327 华宝新能 日线 不复权
      日期	    开盘	    最高	    最低	    收盘	    成交量	    成交额
2022/09/19	235.11	248.00	208.99	210.50	8425291	1905895552.00
2022/09/20	209.10	237.51	209.10	231.58	6205522	1396197376.00
2022/09/21	225.00	227.35	204.00	207.00	4271690	916261888.00
2022/09/22	199.98	227.50	197.90	222.00	5052736	1088748928.00
2022/09/23	219.95	235.18	218.44	230.67	3707522	847037184.00
2022/09/26	234.95	242.05	230.77	232.22	3587087	848459456.00
2022/09/27	229.00	248.08	228.99	237.30	3825626	921304768.00
2022/09/28	237.00	241.18	231.21	233.00	2722135	643707776.00
2022/09/29	236.00	241.00	212.16	220.29	3952121	885935296.00
2022/09/30	220.30	237.05	220.30	235.00	3379808	781232640.00
2022/10/10	229.00	240.39	225.00	236.30	2438895	574583232.00
2022/10/11	236.61	244.21	232.60	236.64	2111695	503331456.00
2022/10/12	234.80	242.78	223.91	240.85	2785001	658749888.00
2022/10/13	242.00	279.90	242.00	279.00	4164112	1111472640.00
2022/10/14	280.05	284.99	268.41	275.51	2122126	587793792.00
2022/10/17	279.22	279.58	258.86	272.00	2297450	616234048.00
2022/10/18	270.00	286.50	266.00	276.67	2023234	560562176.00
2022/10/19	273.01	278.88	266.38	268.50	1302022	353673920.00
2022/10/20	267.50	272.00	257.00	262.60	1740592	455610144.00
2022/10/21	260.32	265.83	254.39	263.30	984611	256421536.00
2022/10/24	260.00	270.94	253.38	265.70	1375875	361946624.00
2022/10/25	262.50	286.10	257.80	277.91	2039897	555762624.00
2022/10/26	274.00	283.50	268.48	273.00	1231027	338335712.00
2022/10/27	271.00	276.00	243.33	245.27	1676442	432338848.00
2022/10/28	235.02	246.60	228.02	240.06	1963680	465199680.00
2022/10/31	239.43	253.35	230.07	245.50	1441930	349824896.00
2022/11/01	244.44	249.98	239.80	246.09	850591	207684272.00
2022/11/02	245.57	246.80	228.00	235.69	2506833	587291200.00
2022/11/03	230.00	245.30	225.88	243.50	1854255	441866912.00
2022/11/04	241.51	249.50	240.22	243.34	1254396	306870656.00
2022/11/07	240.00	253.12	239.50	248.50	1115206	276920480.00
2022/11/08	251.62	251.62	235.68	240.05	1086536	261343936.00
2022/11/09	238.05	243.19	231.74	232.10	1055100	248486384.00
2022/11/10	231.98	234.00	224.28	225.42	910891	208124496.00
2022/11/11	230.03	235.50	223.00	223.20	1079843	247553136.00
2022/11/14	221.00	224.98	209.98	215.97	2020426	433683584.00
2022/11/15	215.00	222.78	214.65	222.68	1040589	228136896.00
2022/11/16	222.00	222.98	213.27	217.81	1103394	240207536.00
2022/11/17	218.21	218.65	210.50	214.71	949922	202380160.00
2022/11/18	213.50	223.78	212.39	214.05	1244010	270599712.00
2022/11/21	212.00	215.00	208.00	213.23	1029493	217843952.00
2022/11/22	212.01	216.00	207.52	209.13	771315	162125376.00
2022/11/23	207.99	225.03	201.50	224.12	2443931	527077664.00
2022/11/24	225.00	240.90	224.50	235.04	1844463	433315648.00
2022/11/25	232.69	235.70	225.00	226.48	824513	189561136.00
2022/11/28	218.18	232.22	218.00	226.98	703385	159845808.00
2022/11/29	226.99	227.70	211.90	213.27	1750832	379134688.00
2022/11/30	212.97	215.88	210.10	214.53	861506	184191536.00
2022/12/01	214.70	221.16	214.70	216.42	793040	172168496.00
2022/12/02	215.50	226.26	215.01	222.48	966339	215056048.00
2022/12/05	221.01	225.97	213.28	222.50	884954	194694704.00
2022/12/06	220.01	230.50	220.01	228.58	712968	161763504.00
2022/12/07	229.00	235.74	225.19	227.14	843751	194296864.00
2022/12/08	228.00	232.59	224.00	227.70	366962	83779640.00
2022/12/09	225.60	230.00	220.00	226.36	492281	110962664.00
2022/12/12	225.60	225.88	215.77	216.80	792207	172893216.00
2022/12/13	216.80	217.88	210.51	211.51	587896	125211992.00
2022/12/14	210.30	212.77	205.98	208.09	733900	153135472.00
2022/12/15	207.97	209.50	205.20	209.05	749983	155297008.00
2022/12/16	206.08	207.58	201.88	202.58	491150	100083360.00
2022/12/19	201.00	205.11	199.01	200.00	556503	112136944.00
2022/12/20	200.66	203.87	196.62	197.05	610402	121658184.00
2022/12/21	196.89	199.29	194.00	198.01	620519	121987168.00
2022/12/22	197.80	198.96	188.00	188.04	1116599	213357984.00
2022/12/23	187.99	191.28	184.52	185.61	432759	80996856.00
2022/12/26	187.10	196.55	186.18	195.89	588310	113575344.00
2022/12/27	195.90	199.48	194.00	198.98	560681	110414968.00
2022/12/28	197.30	197.30	189.25	190.05	814209	156753472.00
2022/12/29	190.04	192.66	187.70	188.01	682817	129524280.00
2022/12/30	188.90	191.88	187.30	188.25	647120	122473808.00
2023/01/03	186.48	198.87	186.48	198.71	785214	152118976.00
2023/01/04	198.71	198.71	193.00	193.87	553775	107982360.00
2023/01/05	193.86	200.98	193.01	197.98	638237	125950416.00
2023/01/06	198.97	206.35	198.88	203.09	961349	195879952.00
2023/01/09	204.00	207.67	199.06	202.65	690642	141496240.00
2023/01/10	202.71	204.00	199.65	201.50	438929	88464296.00
2023/01/11	200.56	201.76	196.02	196.18	412262	81885488.00
2023/01/12	196.31	199.81	193.31	193.60	371820	72830456.00
2023/01/13	193.88	194.97	186.60	187.59	688923	130058688.00
2023/01/16	187.59	189.49	185.61	188.50	1061209	199051600.00
2023/01/17	189.00	192.50	186.50	191.25	1259801	238728320.00
2023/01/18	191.99	195.55	189.22	194.20	863407	165709488.00
2023/01/19	192.97	192.97	188.32	189.30	1098245	208209856.00
2023/01/20	189.03	190.60	188.15	189.11	659204	124592720.00
2023/01/30	192.00	195.56	190.89	193.78	1339004	258440496.00
2023/01/31	193.00	193.09	186.50	188.78	1349472	254287840.00
2023/02/01	188.59	193.50	188.30	192.88	985881	188928880.00
2023/02/02	192.48	192.95	190.85	192.04	656221	125814048.00
2023/02/03	192.50	193.98	186.62	191.87	1028819	195747840.00
2023/02/06	191.70	191.70	187.00	188.10	725786	136656896.00
2023/02/07	187.20	188.89	186.70	188.25	423474	79447440.00
2023/02/08	188.40	189.32	186.36	186.76	724857	136281200.00
2023/02/09	186.02	186.40	180.00	182.00	1970118	357648800.00
2023/02/10	182.00	182.00	178.35	178.59	1369992	246474592.00
数据来源:通达信
