300847 中船汉光 日线 不复权
      日期	    开盘	    最高	    最低	    收盘	    成交量	    成交额
2020/07/09	8.33	9.99	8.33	9.99	38958	387447.41
2020/07/10	10.99	10.99	10.99	10.99	13719	150771.81
2020/07/13	12.09	12.09	12.09	12.09	25073	303132.56
2020/07/14	13.30	13.30	13.30	13.30	24027	319559.09
2020/07/15	14.63	14.63	14.63	14.63	55439	811072.56
2020/07/16	16.09	16.09	16.09	16.09	102641	1651493.75
2020/07/17	17.70	17.70	17.70	17.70	143144	2533648.75
2020/07/20	19.47	19.47	19.47	19.47	88025	1713846.75
2020/07/21	21.42	21.42	21.42	21.42	2275128	48733240.00
2020/07/22	23.56	23.56	23.56	23.56	2217720	52249484.00
2020/07/23	25.92	25.92	25.15	25.92	7993192	207030944.00
2020/07/24	28.51	28.51	28.12	28.51	11065254	315417440.00
2020/07/27	26.02	28.00	25.66	26.50	29787549	783488640.00
2020/07/28	25.51	29.15	24.17	29.15	30712353	818156736.00
2020/07/29	28.50	32.07	27.88	32.07	30362561	933484864.00
2020/07/30	32.10	34.50	30.00	30.50	34196702	1113876096.00
2020/07/31	29.23	31.88	29.23	30.05	25905196	788075456.00
2020/08/03	30.09	33.06	29.50	33.06	26783011	844670912.00
2020/08/04	32.96	36.29	31.15	34.00	31186565	1034141696.00
2020/08/05	32.50	34.96	31.66	33.02	23234311	775808576.00
2020/08/06	32.13	34.38	32.13	32.98	19741455	658328576.00
2020/08/07	32.50	32.79	29.70	30.05	19008090	583327936.00
2020/08/10	28.90	30.34	27.66	27.87	13681225	391341184.00
2020/08/11	27.45	30.57	27.32	29.08	16437283	477535776.00
2020/08/12	28.55	28.80	26.60	27.28	11718134	321004992.00
2020/08/13	27.37	27.85	26.66	26.74	8194978	222671792.00
2020/08/14	26.75	27.30	26.58	27.09	6697847	180610640.00
2020/08/17	26.95	28.70	26.63	28.36	10369334	288987552.00
2020/08/18	28.03	28.79	27.73	28.05	8419426	236976320.00
2020/08/19	28.04	28.04	26.12	26.19	9175262	247677312.00
2020/08/20	25.75	27.50	25.16	26.49	9119963	238373984.00
2020/08/21	26.25	27.73	26.20	27.71	10832970	296233824.00
2020/08/24	27.10	28.06	26.25	27.21	9138722	247191504.00
2020/08/25	27.36	30.05	26.70	29.30	15573581	444644000.00
2020/08/26	29.00	32.00	28.80	29.85	18905310	578067264.00
2020/08/27	28.02	29.22	25.78	28.25	13562479	375115232.00
2020/08/28	28.30	33.50	28.25	32.36	23151856	727190336.00
2020/08/31	31.02	35.29	30.36	33.96	23711343	776010176.00
2020/09/01	33.51	36.48	33.13	35.51	24128322	843038016.00
2020/09/02	34.50	35.24	33.10	33.56	18621244	635936512.00
2020/09/03	32.57	32.57	29.61	30.50	17417698	540276416.00
2020/09/04	29.15	31.05	28.67	30.52	9780134	294400992.00
2020/09/07	29.90	32.09	29.70	30.85	11623395	360239392.00
2020/09/08	30.62	31.05	28.61	29.31	10553442	314571840.00
2020/09/09	28.71	32.87	28.30	31.62	18527342	579290176.00
2020/09/10	30.49	33.70	29.50	31.86	17828160	568880704.00
2020/09/11	31.22	32.89	29.50	32.37	14081917	441333280.00
2020/09/14	32.05	35.50	31.72	34.80	22272693	749962752.00
2020/09/15	33.70	35.86	32.72	32.79	19084463	648187136.00
2020/09/16	31.51	35.55	31.15	35.55	20718860	699510976.00
2020/09/17	35.46	36.33	33.00	34.17	19598584	678338048.00
2020/09/18	33.66	35.65	32.86	33.50	13358605	453590784.00
2020/09/21	33.40	36.30	33.19	35.42	19786884	695109888.00
2020/09/22	33.99	38.19	33.71	36.12	22344371	810634176.00
2020/09/23	35.10	37.30	34.84	34.90	17201893	616392768.00
2020/09/24	34.31	35.12	32.03	32.45	14083051	470558208.00
2020/09/25	32.57	33.50	31.45	32.21	9312576	301321056.00
2020/09/28	32.00	32.38	30.10	30.45	7926253	246759536.00
2020/09/29	30.67	33.40	30.32	32.98	13418618	432994336.00
2020/09/30	32.71	33.89	32.12	32.20	10954257	359431232.00
2020/10/09	32.69	34.20	32.18	33.76	11388478	380464512.00
2020/10/12	33.97	40.00	33.50	37.38	20030409	722116224.00
2020/10/13	37.11	41.30	37.10	38.59	22694969	882921408.00
2020/10/14	39.20	39.59	35.77	37.00	17013067	629846720.00
2020/10/15	35.80	37.06	35.60	35.86	9104831	328938272.00
2020/10/16	35.50	36.30	34.80	35.03	7014037	249211840.00
2020/10/19	35.38	36.30	35.06	35.15	7207740	256824304.00
2020/10/20	34.34	35.80	33.80	35.69	8076710	279990912.00
2020/10/21	35.79	35.79	34.00	34.13	6635253	229402128.00
2020/10/22	34.02	35.60	33.39	34.80	7095220	247464160.00
2020/10/23	34.96	37.33	34.74	36.60	13922886	504381248.00
2020/10/26	35.80	36.99	34.80	35.30	9442675	337910464.00
2020/10/27	35.06	37.32	35.02	36.32	9583495	349025504.00
2020/10/28	36.30	36.60	34.50	36.60	8943729	318156352.00
2020/10/29	35.82	36.20	34.96	35.00	7107738	252544176.00
2020/10/30	35.20	35.89	31.08	31.12	10846493	362897024.00
2020/11/02	30.56	30.60	29.00	30.11	7295155	218642704.00
2020/11/03	30.15	32.28	30.15	31.57	6185482	193734032.00
2020/11/04	31.63	32.72	30.95	31.89	6595086	209208000.00
2020/11/05	32.01	32.54	31.69	32.00	5777475	185907104.00
2020/11/06	32.25	32.30	31.16	31.58	4277855	135651264.00
2020/11/09	31.61	32.38	31.40	32.03	4479282	143237312.00
2020/11/10	32.04	32.62	30.70	30.80	5948246	187679520.00
2020/11/11	30.90	31.43	30.20	30.29	3909421	120071408.00
2020/11/12	30.40	30.68	29.47	29.54	4076292	121924536.00
2020/11/13	30.43	30.86	29.20	30.19	4422565	132698768.00
2020/11/16	29.95	30.15	29.13	29.29	3701135	109405880.00
2020/11/17	29.30	29.41	27.48	28.24	5284517	149199568.00
2020/11/18	28.20	28.80	28.11	28.41	2807800	79828216.00
2020/11/19	28.20	29.80	27.70	29.27	5461820	158261536.00
2020/11/20	29.29	29.80	28.51	28.65	4474100	129324232.00
2020/11/23	28.80	29.07	27.92	28.45	3239366	92293624.00
2020/11/24	28.30	28.98	28.22	28.36	2978966	85389464.00
2020/11/25	28.42	28.47	27.80	27.84	2939300	82398768.00
2020/11/26	27.88	30.50	27.88	29.69	8968276	262947840.00
2020/11/27	29.20	30.45	28.42	28.78	7726100	225003728.00
2020/11/30	28.75	29.35	28.30	28.34	3868928	111308856.00
2020/12/01	28.43	28.80	28.13	28.54	3140461	89309784.00
2020/12/02	28.44	28.58	28.12	28.16	3234247	91341272.00
2020/12/03	28.18	28.39	27.60	27.75	3051510	85259016.00
2020/12/04	27.93	28.15	27.58	27.80	2158092	60027692.00
2020/12/07	27.86	28.09	27.46	27.54	2493900	69063088.00
2020/12/08	27.50	27.78	26.80	26.94	3170265	86406248.00
2020/12/09	26.80	28.00	26.01	27.04	5032402	135805568.00
2020/12/10	26.61	26.80	26.08	26.21	3015428	79473880.00
2020/12/11	26.22	26.56	25.62	25.62	2950775	76798080.00
2020/12/14	25.73	25.94	25.25	25.72	1931155	49506452.00
2020/12/15	25.68	26.28	25.56	26.12	2362146	61468904.00
2020/12/16	25.85	27.10	25.56	26.35	3763300	98910320.00
2020/12/17	26.19	27.24	26.19	26.75	3658791	98088736.00
2020/12/18	26.84	26.84	25.78	25.80	3155631	82570872.00
2020/12/21	25.78	26.34	25.43	25.87	1982355	51277580.00
2020/12/22	25.87	25.98	24.30	24.32	3858555	96502624.00
2020/12/23	24.24	24.50	23.35	23.99	3718930	88928808.00
2020/12/24	23.96	25.37	23.78	24.38	4140055	102347144.00
2020/12/25	24.14	24.59	23.65	23.67	3012600	72125024.00
2020/12/28	23.65	23.65	22.42	22.67	3410216	77809384.00
2020/12/29	22.67	24.28	22.57	23.05	4029576	93949560.00
2020/12/30	22.85	23.78	22.84	23.21	2447955	56934388.00
2020/12/31	23.30	24.59	23.30	24.50	4704865	113649592.00
2021/01/04	24.17	25.80	24.15	25.28	5118981	127971832.00
2021/01/05	25.13	25.51	24.80	25.23	3946031	98996840.00
2021/01/06	25.20	26.65	24.80	26.13	7189610	186248032.00
2021/01/07	25.58	25.61	24.41	24.70	5781276	144727760.00
2021/01/08	24.32	24.96	23.17	23.19	3809249	90321504.00
2021/01/11	23.19	23.46	22.01	22.01	3475061	79003992.00
2021/01/12	22.11	23.91	21.66	23.83	5537998	128447392.00
2021/01/13	23.73	23.87	22.70	22.80	3494013	80604096.00
2021/01/14	22.66	22.89	21.51	22.30	3234020	71480912.00
2021/01/15	21.90	23.30	21.90	22.89	2759955	63112496.00
2021/01/18	23.02	23.58	22.80	22.99	2539300	58963472.00
2021/01/19	22.87	23.39	22.82	23.02	2262300	52258960.00
2021/01/20	22.91	23.94	22.80	23.40	3239599	75889272.00
2021/01/21	23.11	23.66	22.95	23.05	2816541	65571008.00
2021/01/22	22.96	23.00	22.26	22.30	2570610	57671688.00
2021/01/25	22.53	22.84	21.72	21.74	2316520	51250812.00
2021/01/26	21.52	22.17	21.28	21.45	2043244	44297944.00
2021/01/27	21.35	22.05	21.21	21.66	1706155	36918204.00
2021/01/28	21.31	22.30	21.25	21.75	2205671	48134588.00
2021/01/29	21.85	21.95	20.30	20.75	2641700	55659872.00
2021/02/01	20.75	21.80	20.61	21.49	1962397	41733200.00
2021/02/02	21.20	21.65	21.07	21.17	1400900	29780780.00
2021/02/03	21.20	21.28	20.10	20.22	1999976	40904116.00
2021/02/04	20.38	21.16	19.63	20.38	2185581	44406432.00
2021/02/05	20.20	20.55	19.53	19.63	1500200	29993088.00
2021/02/08	19.82	19.85	18.50	18.57	2248010	42529392.00
2021/02/09	18.56	18.95	18.36	18.69	1824492	34093992.00
2021/02/10	18.58	18.93	18.57	18.75	1188776	22264704.00
2021/02/18	18.99	19.62	18.99	19.32	1870736	36251700.00
2021/02/19	19.37	20.02	19.21	20.02	2293701	45312316.00
2021/02/22	20.21	20.59	20.00	20.00	2516007	51038116.00
2021/02/23	19.81	21.59	19.61	21.00	5305189	110625368.00
2021/02/24	20.63	21.10	20.25	20.66	3283969	67858168.00
2021/02/25	20.48	21.56	20.15	21.05	4130107	86240424.00
2021/02/26	20.48	21.16	20.28	20.43	2672366	55141848.00
2021/03/01	20.04	21.26	20.04	21.05	2701520	56399480.00
2021/03/02	20.74	21.40	20.74	21.34	2439955	51479408.00
2021/03/03	21.38	21.43	20.92	21.03	2123200	44839312.00
2021/03/04	21.29	21.50	20.66	20.75	2974700	62893844.00
2021/03/05	20.60	21.80	20.45	21.49	3854451	81998528.00
2021/03/08	21.27	21.65	20.68	20.70	2885000	61152812.00
2021/03/09	20.70	20.97	19.40	19.45	2344755	46826116.00
2021/03/10	19.77	19.77	18.89	19.01	1753601	33555944.00
2021/03/11	19.15	19.36	18.78	19.29	1051767	20161208.00
2021/03/12	19.32	19.42	18.90	18.96	1303422	24863004.00
2021/03/15	18.89	19.40	18.68	18.90	1024600	19439454.00
2021/03/16	18.96	19.34	18.90	19.28	1233800	23641836.00
2021/03/17	19.27	23.00	19.13	21.37	6492110	136116992.00
2021/03/18	21.00	21.50	20.71	20.91	4820411	101415808.00
2021/03/19	21.00	22.97	20.62	22.75	8990231	198716400.00
2021/03/22	22.23	22.80	22.23	22.77	6403555	143942064.00
2021/03/23	22.54	22.65	21.57	21.70	4715465	103358856.00
2021/03/24	21.36	22.52	21.36	21.52	3534185	77650336.00
2021/03/25	21.45	23.27	21.45	23.20	8262782	188012528.00
2021/03/26	22.90	23.11	22.50	22.92	5693855	129636160.00
2021/03/29	22.99	24.30	22.31	23.95	9310192	219190032.00
2021/03/30	23.50	25.07	23.00	23.31	8928601	214070528.00
2021/03/31	22.66	22.70	21.90	22.00	5574955	123365312.00
2021/04/01	22.11	22.25	21.56	22.15	3372174	73822360.00
2021/04/02	21.98	22.41	21.65	21.96	3121015	68873176.00
2021/04/06	22.25	23.80	22.09	23.10	6166000	141907280.00
2021/04/07	22.80	23.90	22.80	23.40	5522334	129513168.00
2021/04/08	23.35	23.86	22.89	22.89	4508630	104985128.00
2021/04/09	22.72	23.20	22.30	22.70	3314555	75450616.00
2021/04/12	22.52	22.93	21.50	21.70	3314500	73224936.00
2021/04/13	21.45	21.73	20.71	20.80	2803100	59046064.00
2021/04/14	20.61	21.15	20.57	20.96	1626200	33981224.00
2021/04/15	20.86	22.33	20.35	21.62	3665275	78494824.00
2021/04/16	21.74	22.24	21.50	21.92	3246018	70792576.00
2021/04/19	21.99	22.57	21.71	22.34	3144475	69834248.00
2021/04/20	22.17	23.50	22.12	23.08	5119536	117697144.00
2021/04/21	23.11	23.28	22.66	22.85	3092037	70953056.00
2021/04/22	23.01	23.33	22.31	22.77	4303799	98276952.00
2021/04/23	22.54	22.75	22.25	22.37	2284000	51225464.00
2021/04/26	22.50	22.72	21.81	21.87	2291400	51178872.00
2021/04/27	21.78	21.80	21.22	21.39	1792855	38393788.00
2021/04/28	21.89	21.90	21.12	21.19	1735000	36960680.00
2021/04/29	21.10	21.39	20.88	20.88	1534700	32391524.00
2021/04/30	20.91	20.99	20.07	20.08	1969500	40113668.00
2021/05/06	20.00	20.90	20.00	20.48	1659421	34155464.00
2021/05/07	20.46	20.60	20.05	20.12	1276800	25784364.00
2021/05/10	20.20	20.55	20.10	20.38	1421500	28909086.00
2021/05/11	20.38	21.09	20.38	20.93	2278000	47493280.00
2021/05/12	20.90	20.90	20.28	20.51	1736655	35540768.00
2021/05/13	20.52	20.97	20.38	20.39	1712510	35348988.00
2021/05/14	20.55	20.75	20.20	20.58	1652055	33891424.00
2021/05/17	20.69	20.73	20.18	20.18	1789347	36339600.00
2021/05/18	20.12	20.58	19.73	20.30	1467300	29691952.00
2021/05/19	19.99	20.32	19.96	20.10	1291110	25944340.00
2021/05/20	20.15	20.25	19.87	20.04	1223400	24542202.00
2021/05/21	20.39	20.86	20.36	20.63	2345831	48276208.00
2021/05/24	20.54	20.98	20.42	20.87	1581178	32857230.00
2021/05/25	20.82	21.10	20.59	21.02	1850076	38638168.00
2021/05/26	20.96	21.52	20.90	21.20	2335032	49663708.00
2021/05/27	21.22	21.50	21.13	21.39	2324700	49544480.00
2021/05/28	14.30	14.64	14.13	14.40	4467381	63944580.00
2021/05/31	14.20	15.18	13.87	14.92	6674058	96905976.00
2021/06/01	14.89	14.89	14.54	14.62	3958629	57933348.00
2021/06/02	14.46	14.88	14.38	14.48	3236326	47080572.00
2021/06/03	14.40	14.68	14.27	14.27	2912895	42139400.00
2021/06/04	14.20	14.46	14.16	14.18	2071156	29500338.00
2021/06/07	14.20	14.44	14.09	14.25	2127132	30373964.00
2021/06/08	14.21	15.64	13.98	15.16	9096306	134665056.00
2021/06/09	15.00	15.38	14.81	14.85	6339190	95175048.00
2021/06/10	14.69	15.28	14.66	15.10	5539112	82788552.00
2021/06/11	15.00	16.20	14.80	15.40	8715813	135444032.00
2021/06/15	15.15	16.18	14.95	15.94	10443715	163810320.00
2021/06/16	15.78	15.78	15.00	15.03	6793498	104517296.00
2021/06/17	15.08	15.48	14.64	14.95	5155162	77114848.00
2021/06/18	14.12	14.60	13.58	13.89	7974333	110754496.00
2021/06/21	13.75	14.48	13.66	14.28	6043356	85523784.00
2021/06/22	14.39	17.14	14.02	17.14	18689062	296732064.00
2021/06/23	17.82	18.67	16.53	17.44	27818520	491126080.00
2021/06/24	17.48	19.65	17.20	18.39	23570146	431575392.00
2021/06/25	17.77	17.88	17.01	17.09	17557517	304292768.00
2021/06/28	16.76	17.28	16.60	16.73	11420508	192156784.00
2021/06/29	16.60	16.98	16.21	16.73	9673011	160026800.00
2021/06/30	16.81	16.81	15.96	16.26	9439764	153301264.00
2021/07/01	16.26	16.27	14.80	14.99	9870130	152439792.00
2021/07/02	15.48	16.29	15.02	15.12	10170501	159356800.00
2021/07/05	14.60	15.39	14.60	15.15	7046338	105947848.00
2021/07/06	15.04	15.86	14.60	15.62	10723280	164181024.00
2021/07/07	15.04	15.45	15.04	15.18	7736805	117830912.00
2021/07/08	15.17	16.58	14.80	15.77	12886605	203370992.00
2021/07/09	15.51	16.35	15.46	16.07	10389040	165802800.00
2021/07/12	15.70	17.07	15.70	16.49	11160500	181878544.00
2021/07/13	16.33	16.48	15.95	16.29	8132450	131638352.00
2021/07/14	16.41	16.41	15.60	15.99	7515210	120506488.00
2021/07/15	15.70	16.60	15.70	16.39	9514577	155458224.00
2021/07/16	16.20	17.29	15.76	16.95	15091616	249744336.00
2021/07/19	17.01	17.26	16.67	16.75	10854161	184000000.00
2021/07/20	16.37	17.20	16.02	16.95	12191434	203924608.00
2021/07/21	17.00	17.71	16.81	17.16	13984556	240299008.00
2021/07/22	17.16	17.16	16.42	16.70	10268692	171561264.00
2021/07/23	16.58	17.26	16.15	16.87	12289050	205071696.00
2021/07/26	16.64	17.47	16.31	16.34	11513527	194217984.00
2021/07/27	16.10	16.24	15.20	15.32	9970751	156374240.00
2021/07/28	15.25	15.32	14.21	14.30	5905378	86170224.00
2021/07/29	14.35	14.96	14.35	14.79	4862793	71591824.00
2021/07/30	14.79	15.30	14.68	15.03	5089350	76319240.00
2021/08/02	14.98	15.62	14.90	15.38	5313500	81460840.00
2021/08/03	15.38	15.54	14.93	15.06	5130182	78066432.00
2021/08/04	15.05	15.29	14.94	15.27	4299150	65291248.00
2021/08/05	15.22	17.39	15.18	16.61	18533398	304003712.00
2021/08/06	16.16	16.44	15.66	16.12	12174160	194845280.00
2021/08/09	15.99	16.48	15.80	16.23	8474897	137215296.00
2021/08/10	16.15	16.80	16.08	16.61	12976832	215133376.00
2021/08/11	16.50	16.90	16.43	16.75	9819948	163568592.00
2021/08/12	16.60	16.72	16.20	16.45	7720599	126909784.00
2021/08/13	16.65	17.19	16.42	16.53	11203600	187591120.00
2021/08/16	16.31	16.62	16.13	16.17	7249767	118224512.00
2021/08/17	16.11	16.60	15.70	15.87	8884882	142557552.00
2021/08/18	15.74	16.18	15.43	15.77	5876108	92981032.00
2021/08/19	15.79	16.47	15.50	16.32	8913300	143582256.00
2021/08/20	16.33	17.10	15.80	16.79	14897856	247206464.00
2021/08/23	16.64	17.22	16.50	17.06	13687072	231857584.00
2021/08/24	16.78	16.93	16.48	16.81	9967553	166891760.00
2021/08/25	16.88	18.30	16.53	17.83	24021227	423967424.00
2021/08/26	17.52	17.78	17.05	17.14	15939190	277020480.00
2021/08/27	17.00	17.30	16.71	16.87	8977928	151745616.00
2021/08/30	17.00	17.52	16.72	17.06	10670254	182895552.00
2021/08/31	16.88	17.81	16.60	17.69	16133468	281953440.00
2021/09/01	17.53	18.50	17.18	18.09	20109606	360776192.00
2021/09/02	17.75	18.17	17.13	18.00	14305134	252526432.00
2021/09/03	17.50	17.96	17.03	17.04	11059780	192315216.00
2021/09/06	16.80	17.42	16.70	17.35	6661700	114184856.00
2021/09/07	17.18	17.55	17.01	17.20	5757812	98941616.00
2021/09/08	17.20	17.53	16.90	16.98	7655261	131347512.00
2021/09/09	16.80	17.77	16.52	17.76	14360524	248223024.00
2021/09/10	18.13	18.16	17.08	17.10	12387054	216297120.00
2021/09/13	16.70	17.17	16.68	16.95	5547350	93724432.00
2021/09/14	16.86	17.15	16.21	16.26	6366253	106302712.00
2021/09/15	16.26	16.35	15.75	15.86	6146700	98114080.00
2021/09/16	15.96	16.15	15.61	15.92	4750212	75605576.00
2021/09/17	16.00	16.18	15.53	15.67	4280883	67642800.00
2021/09/22	15.40	16.08	15.23	15.78	3436022	54374088.00
2021/09/23	15.78	16.31	15.75	16.15	4513144	72430480.00
2021/09/24	16.16	16.31	15.25	15.34	4949384	77896720.00
2021/09/27	15.40	15.47	14.04	14.38	5809716	84702256.00
2021/09/28	14.35	14.64	14.35	14.40	2184684	31598948.00
2021/09/29	14.38	14.40	13.74	13.75	2721524	38073780.00
2021/09/30	13.77	14.10	13.77	13.99	1477452	20644856.00
2021/10/08	14.20	14.33	14.10	14.22	1602100	22778524.00
2021/10/11	14.27	14.50	14.12	14.41	1825041	26213002.00
2021/10/12	14.16	14.32	14.02	14.09	1596382	22612720.00
2021/10/13	14.07	14.35	14.07	14.32	1180800	16802244.00
2021/10/14	14.35	14.66	14.23	14.51	1907050	27720718.00
2021/10/15	14.51	14.65	14.33	14.45	1342300	19468680.00
2021/10/18	14.45	14.69	14.38	14.51	1227550	17836216.00
2021/10/19	14.48	14.58	14.16	14.22	1938650	27695180.00
2021/10/20	14.28	14.28	14.02	14.04	1601133	22571776.00
2021/10/21	14.08	14.08	13.75	13.77	1869150	25883442.00
2021/10/22	13.77	13.95	13.77	13.80	1279900	17705612.00
2021/10/25	13.80	13.80	13.38	13.41	2379470	32121906.00
2021/10/26	13.42	13.54	13.28	13.47	1863100	25012182.00
2021/10/27	13.51	13.89	13.51	13.54	2406850	32910112.00
2021/10/28	13.30	13.37	12.85	12.89	2649244	34516288.00
2021/10/29	12.89	13.22	12.83	13.16	1834150	24018164.00
2021/11/01	13.13	13.68	13.12	13.49	2226250	29897150.00
2021/11/02	13.56	15.65	13.50	15.25	15413641	229274544.00
2021/11/03	14.74	15.02	14.32	14.58	9235624	134770240.00
2021/11/04	14.39	14.75	14.35	14.59	6275897	91137576.00
2021/11/05	14.38	15.14	14.34	14.69	8118620	120164312.00
2021/11/08	14.59	14.71	14.30	14.55	3289985	47598544.00
2021/11/09	14.45	14.92	14.45	14.75	3757150	55248620.00
2021/11/10	14.65	15.06	14.54	14.93	4078300	60429592.00
2021/11/11	14.86	15.07	14.77	14.92	3182100	47483140.00
2021/11/12	15.01	15.30	14.83	15.22	4812850	72881512.00
2021/11/15	15.02	15.55	15.02	15.29	4654401	71213176.00
2021/11/16	15.22	15.26	14.70	14.74	4317900	64484728.00
2021/11/17	14.75	15.06	14.75	14.96	2301600	34381456.00
2021/11/18	14.93	15.58	14.81	15.31	7465448	113852112.00
2021/11/19	15.23	15.28	14.86	15.08	4149400	62324236.00
2021/11/22	15.12	15.13	14.83	14.89	3331300	49783452.00
2021/11/23	14.91	15.85	14.82	15.56	8314380	127934160.00
2021/11/24	15.56	15.59	15.13	15.25	4437285	67998032.00
2021/11/25	15.45	15.49	15.13	15.25	3161885	48341860.00
2021/11/26	15.24	15.50	15.17	15.27	3142800	48160404.00
2021/11/29	15.10	15.38	14.82	15.14	2803817	42478556.00
2021/11/30	15.15	15.78	15.15	15.48	6955726	108410600.00
2021/12/01	15.83	16.88	15.63	16.14	13469421	217622864.00
2021/12/02	16.00	16.82	15.86	16.28	10313496	169317392.00
2021/12/03	16.25	16.73	15.95	16.23	7945867	129590824.00
2021/12/06	16.09	16.24	15.70	15.73	5833300	92808176.00
2021/12/07	15.73	15.88	15.17	15.40	4229396	65210132.00
2021/12/08	15.31	18.48	15.31	17.00	18030821	307136864.00
2021/12/09	17.01	17.30	16.43	16.75	11772034	197430032.00
2021/12/10	16.53	16.72	16.33	16.33	6239106	102597544.00
2021/12/13	16.25	16.50	16.10	16.45	5362570	87440824.00
2021/12/14	16.35	16.39	16.10	16.19	4435820	71948808.00
2021/12/15	16.25	16.40	16.02	16.07	3628223	58764836.00
2021/12/16	16.15	16.30	16.02	16.29	2975050	48146496.00
2021/12/17	16.28	16.85	16.05	16.05	4200450	68532032.00
2021/12/20	15.95	16.25	15.53	15.59	3097538	49338528.00
2021/12/21	15.58	15.91	15.55	15.81	2493569	39214672.00
2021/12/22	15.97	16.11	15.72	15.73	2085400	33067060.00
2021/12/23	15.70	16.19	15.37	16.00	3769400	59754712.00
2021/12/24	16.10	16.10	15.60	15.86	2938300	46387608.00
2021/12/27	15.85	16.03	15.63	15.94	1701188	26920460.00
2021/12/28	15.94	16.50	15.82	16.33	3966528	64445056.00
2021/12/29	17.50	19.60	17.50	18.29	30280798	574048256.00
2021/12/30	17.35	18.16	16.78	17.65	24197921	420715200.00
2021/12/31	17.46	17.53	17.00	17.22	13781460	237472544.00
2022/01/04	17.39	17.81	17.19	17.49	12197405	212498112.00
2022/01/05	17.20	17.43	16.80	17.09	8536086	145819536.00
2022/01/06	16.88	17.45	16.77	17.20	7294200	125182632.00
2022/01/07	17.11	18.26	17.02	17.84	13606010	240621104.00
2022/01/10	17.50	18.19	17.44	18.00	9985251	178064032.00
2022/01/11	17.66	19.27	17.64	18.46	14815530	271378176.00
2022/01/12	18.13	18.65	17.91	18.46	9303295	170227840.00
2022/01/13	18.60	18.96	16.90	17.19	13197450	231085056.00
2022/01/14	17.00	17.60	16.59	16.80	9078173	155765312.00
2022/01/17	16.80	17.34	16.38	17.27	9531602	160423760.00
2022/01/18	17.11	17.20	16.20	16.46	8837639	146775264.00
2022/01/19	16.35	16.66	16.25	16.58	4239500	69699224.00
2022/01/20	16.48	16.55	15.57	15.63	5773850	92160144.00
2022/01/21	15.59	15.79	15.38	15.48	2941582	45791308.00
2022/01/24	15.60	15.60	15.00	15.20	3300850	50383632.00
2022/01/25	15.26	15.65	14.61	14.70	4799682	72794632.00
2022/01/26	14.57	14.89	14.40	14.59	3517700	51513880.00
2022/01/27	14.59	14.72	14.00	14.00	2820085	40326572.00
2022/01/28	14.22	14.44	13.99	14.22	3036835	43235076.00
2022/02/07	14.30	14.82	14.30	14.51	3097778	45079612.00
2022/02/08	14.51	14.83	14.51	14.77	2752695	40432440.00
2022/02/09	14.75	14.97	14.65	14.90	3434550	50964600.00
2022/02/10	14.81	14.95	14.61	14.77	2758550	40659764.00
2022/02/11	14.73	14.73	14.20	14.24	2801850	40311532.00
2022/02/14	14.33	14.95	14.15	14.60	4566450	66795632.00
2022/02/15	14.50	14.62	14.25	14.45	2529845	36479836.00
2022/02/16	14.46	14.76	14.40	14.65	2307650	33653264.00
2022/02/17	14.58	14.87	14.52	14.75	3003950	44158608.00
2022/02/18	14.70	14.70	14.36	14.66	2134750	31022138.00
2022/02/21	14.66	14.93	14.53	14.90	3043700	45155048.00
2022/02/22	14.98	15.26	14.72	14.90	3949919	59112296.00
2022/02/23	14.80	15.12	14.74	15.09	3733700	55998412.00
2022/02/24	15.08	15.76	14.94	15.39	9436450	144659760.00
2022/02/25	15.19	15.24	14.90	15.07	5205502	78447520.00
2022/02/28	15.22	15.40	14.91	15.09	3229150	48933544.00
2022/03/01	15.07	15.50	14.98	15.27	3756350	57166696.00
2022/03/02	15.20	15.29	15.08	15.14	2805000	42512536.00
2022/03/03	15.20	15.20	14.90	14.92	3037900	45583108.00
2022/03/04	14.85	15.04	14.63	14.73	2575550	38208040.00
2022/03/07	14.78	14.93	14.40	14.48	2377612	34839880.00
2022/03/08	14.54	14.62	13.98	14.05	2747747	39082564.00
2022/03/09	14.05	14.18	13.03	13.53	3209593	43698488.00
2022/03/10	13.75	14.08	13.71	13.81	2370900	32917572.00
2022/03/11	13.70	13.99	13.39	13.95	1706750	23509786.00
2022/03/14	13.87	14.16	13.57	13.58	2736850	37846956.00
2022/03/15	13.55	13.56	12.78	12.79	2720447	35838828.00
2022/03/16	12.93	13.18	12.41	13.11	2572450	33059540.00
2022/03/17	13.15	13.52	13.11	13.33	2262050	30251860.00
2022/03/18	13.33	13.53	13.14	13.45	1745750	23446904.00
2022/03/21	13.46	13.70	13.40	13.67	1616200	21943572.00
2022/03/22	13.60	13.85	13.52	13.66	1802300	24656132.00
2022/03/23	13.70	13.86	13.65	13.82	1870197	25766328.00
2022/03/24	13.78	13.78	13.49	13.62	1422050	19359354.00
2022/03/25	13.65	13.85	13.45	13.55	1468658	20053002.00
2022/03/28	13.50	13.66	13.20	13.51	1254882	16869248.00
2022/03/29	13.47	13.64	13.18	13.24	1433450	19158684.00
2022/03/30	13.29	13.63	13.29	13.49	1631700	22027208.00
2022/03/31	13.58	13.60	13.33	13.38	1249850	16803002.00
2022/04/01	13.37	13.42	13.21	13.27	1322350	17551990.00
2022/04/06	13.14	13.45	13.14	13.31	1580450	21006616.00
2022/04/07	13.33	13.45	12.99	13.04	1803547	23906640.00
2022/04/08	13.12	13.14	12.73	12.88	1321833	17022882.00
2022/04/11	12.80	12.90	12.32	12.35	1407350	17648328.00
2022/04/12	12.36	13.07	12.25	12.85	3285300	41750992.00
2022/04/13	12.83	12.83	12.41	12.52	2191350	27439272.00
2022/04/14	12.52	12.93	12.43	12.71	1958150	24898674.00
2022/04/15	12.54	14.45	12.43	13.46	6826268	91628848.00
2022/04/18	13.10	13.38	12.91	13.31	5647145	74045160.00
2022/04/19	13.26	13.47	13.03	13.30	3808543	50314024.00
2022/04/20	13.30	13.43	13.05	13.12	3142040	41626652.00
2022/04/21	13.00	13.02	12.32	12.37	3471836	43939172.00
2022/04/22	12.37	12.83	12.08	12.49	2907047	36143164.00
2022/04/25	12.10	12.15	11.00	11.02	3586388	41208480.00
2022/04/26	11.48	11.48	10.58	10.66	3269688	35979908.00
2022/04/27	10.44	11.20	10.33	11.05	2956388	31870644.00
2022/04/28	11.08	11.23	10.74	11.08	2568493	28255726.00
2022/04/29	11.19	11.58	11.19	11.45	2622150	29906752.00
2022/05/05	11.42	11.84	11.32	11.73	2288900	26744274.00
2022/05/06	11.43	12.13	11.34	11.83	2646091	31404966.00
2022/05/09	12.08	12.40	11.70	12.16	1871700	22679938.00
2022/05/10	11.99	12.27	11.99	12.11	1851400	22466262.00
2022/05/11	12.06	12.36	11.90	11.94	3055240	37149340.00
2022/05/12	11.90	12.15	11.70	11.90	3067150	36396996.00
2022/05/13	12.08	12.08	11.67	11.73	2673950	31472118.00
2022/05/16	11.81	11.95	11.55	11.62	2871300	33674148.00
2022/05/17	11.55	11.65	11.31	11.48	2761500	31606440.00
2022/05/18	11.42	12.39	11.42	12.20	7618300	91686696.00
2022/05/19	11.89	12.32	11.85	12.24	5413900	65394220.00
2022/05/20	12.31	12.34	11.94	12.04	4791850	57813560.00
2022/05/23	12.07	12.50	11.93	12.49	7729300	94451880.00
2022/05/24	12.32	12.72	11.57	11.65	9960778	121309792.00
2022/05/25	11.53	11.95	11.53	11.84	4741150	55765020.00
2022/05/26	12.00	12.26	11.64	12.08	5361250	64509936.00
2022/05/27	12.31	12.49	12.05	12.26	5972900	73217000.00
2022/05/30	12.62	13.07	12.30	13.04	11401118	145636768.00
2022/05/31	12.79	12.93	12.60	12.90	7362100	94099656.00
2022/06/01	12.80	13.58	12.74	13.23	11670812	154507680.00
2022/06/02	13.18	13.35	12.90	13.08	7565700	98844120.00
2022/06/06	13.00	13.19	12.71	13.14	6162550	80287136.00
2022/06/07	13.14	13.15	12.75	12.95	5038550	65037840.00
2022/06/08	12.96	13.13	12.62	12.93	4821793	62068876.00
2022/06/09	12.97	12.97	12.55	12.68	3851300	48993112.00
2022/06/10	12.68	12.95	12.58	12.83	3134550	40254068.00
2022/06/13	12.69	13.20	12.69	13.07	5030000	65396660.00
2022/06/14	12.97	13.07	12.60	12.95	3499900	44825724.00
2022/06/15	12.95	13.68	12.92	13.10	8083648	107949424.00
2022/06/16	13.02	13.28	12.91	13.13	4662650	61067604.00
2022/06/17	12.97	13.20	12.80	13.00	4288950	55778524.00
2022/06/20	12.93	13.11	12.88	12.90	2978350	38626176.00
2022/06/21	12.83	12.97	12.57	12.67	3190250	40738608.00
2022/06/22	12.67	12.99	12.45	12.50	4067485	51608092.00
2022/06/23	12.52	12.80	12.45	12.80	2854548	36156612.00
2022/06/24	12.79	13.04	12.77	12.90	2943739	38018708.00
2022/06/27	12.94	13.06	12.85	12.92	2734607	35393540.00
2022/06/28	12.86	13.10	12.80	13.06	3831050	49829664.00
2022/06/29	12.99	13.13	12.72	12.73	3498400	45230652.00
2022/06/30	12.83	12.97	12.70	12.75	2813241	36127924.00
2022/07/01	12.75	12.90	12.59	12.63	2586883	32965956.00
2022/07/04	12.63	12.80	12.54	12.76	1995100	25331576.00
2022/07/05	12.75	12.82	12.26	12.48	3574100	44747728.00
2022/07/06	12.46	12.54	12.15	12.24	1957400	24129436.00
2022/07/07	12.29	12.44	12.19	12.35	1701650	21018994.00
2022/07/08	12.36	12.58	12.31	12.36	2049850	25475612.00
2022/07/11	12.29	12.31	12.00	12.18	1998082	24288642.00
2022/07/12	12.10	12.20	11.92	11.99	1969600	23751060.00
2022/07/13	11.99	12.17	11.90	12.12	2159200	26000372.00
2022/07/14	12.03	12.73	11.96	12.37	3552900	44013884.00
2022/07/15	12.32	12.38	12.00	12.00	2207150	26821218.00
2022/07/18	12.04	12.38	12.04	12.36	1999850	24543476.00
2022/07/19	12.39	12.66	12.30	12.61	2809850	35275240.00
2022/07/20	12.66	13.59	12.60	13.14	9711388	127744992.00
2022/07/21	12.95	13.16	12.78	12.82	5862988	75795272.00
2022/07/22	12.83	13.02	12.67	12.83	2843493	36495176.00
2022/07/25	12.67	12.94	12.60	12.70	2171395	27656416.00
2022/07/26	12.70	12.80	12.49	12.72	2182369	27638732.00
2022/07/27	12.77	13.20	12.63	13.03	5039731	65710352.00
2022/07/28	13.00	13.30	12.97	13.25	5816282	76533504.00
2022/07/29	13.25	13.28	13.03	13.07	3462372	45368352.00
2022/08/01	13.08	13.26	12.99	13.19	3669760	48171952.00
2022/08/02	13.50	14.20	13.04	13.54	20086612	272895360.00
2022/08/03	13.00	14.02	12.80	13.47	17571655	238377792.00
2022/08/04	13.40	13.49	13.08	13.28	8326519	110324080.00
2022/08/05	13.25	13.39	13.04	13.17	6012155	79352296.00
2022/08/08	13.14	13.35	13.00	13.32	4535950	60005608.00
2022/08/09	13.23	13.41	13.09	13.40	5027707	66672036.00
2022/08/10	13.26	13.58	13.16	13.47	5744338	77011848.00
2022/08/11	13.60	13.83	13.48	13.67	8261581	112941760.00
2022/08/12	13.61	13.84	13.41	13.42	5067269	68765736.00
2022/08/15	13.43	13.50	13.21	13.31	3642558	48569024.00
2022/08/16	13.31	13.62	13.26	13.58	3883652	52480768.00
2022/08/17	13.51	13.74	13.31	13.48	4799250	64706272.00
2022/08/18	13.44	13.62	13.30	13.52	4285088	57835284.00
2022/08/19	13.46	13.63	13.03	13.05	4596100	60967904.00
2022/08/22	13.05	13.49	13.00	13.37	4090858	54371764.00
2022/08/23	13.41	13.42	13.14	13.26	2434900	32208782.00
2022/08/24	13.32	13.36	12.66	12.70	3812758	49294524.00
2022/08/25	12.70	12.85	12.58	12.68	2870167	36396208.00
2022/08/26	12.69	12.80	12.40	12.45	2020950	25477834.00
2022/08/29	12.30	12.84	12.22	12.69	2234774	28261576.00
2022/08/30	12.80	12.85	12.47	12.60	1693500	21337764.00
2022/08/31	12.56	12.59	12.22	12.22	2271469	27992228.00
2022/09/01	12.20	12.33	12.07	12.10	1557438	18974594.00
2022/09/02	12.11	12.40	12.07	12.31	1682378	20638166.00
2022/09/05	12.35	12.44	12.26	12.40	1207782	14929580.00
2022/09/06	12.41	12.56	12.33	12.47	1283482	16001652.00
2022/09/07	12.45	12.54	12.37	12.43	1586400	19745014.00
2022/09/08	12.38	12.52	12.32	12.36	1664650	20689308.00
2022/09/09	12.43	12.46	12.15	12.30	1289583	15804143.00
2022/09/13	12.42	12.45	12.25	12.39	1196163	14794260.00
2022/09/14	12.26	12.41	12.18	12.22	1338350	16412220.00
2022/09/15	12.30	12.30	11.65	11.82	2239907	26723086.00
2022/09/16	11.75	11.89	11.51	11.52	1353400	15840255.00
2022/09/19	11.58	11.58	11.16	11.35	1319739	14998761.00
2022/09/20	11.38	11.56	11.38	11.49	855391	9831092.00
2022/09/21	11.49	11.66	11.27	11.66	960000	11004484.00
2022/09/22	11.51	11.84	11.49	11.70	1366711	16007143.00
2022/09/23	11.62	11.81	11.32	11.36	1409300	16217808.00
2022/09/26	11.20	11.29	10.89	10.90	1416764	15676211.00
2022/09/27	10.99	11.31	10.90	11.27	1439050	16070056.00
2022/09/28	11.29	11.40	11.02	11.02	1141900	12743312.00
2022/09/29	11.21	11.23	10.93	10.94	957500	10558127.00
2022/09/30	11.00	11.07	10.68	10.68	1162657	12589291.00
2022/10/10	10.72	10.87	10.41	10.47	1070030	11397477.00
2022/10/11	10.59	10.59	10.28	10.46	1076250	11204248.00
2022/10/12	10.41	10.88	10.37	10.83	1355465	14395078.00
2022/10/13	10.77	11.17	10.74	11.04	1822900	20089644.00
2022/10/14	11.06	11.29	11.06	11.22	1157850	12955558.00
2022/10/17	11.14	11.45	11.14	11.38	2157850	24496726.00
2022/10/18	11.42	11.45	11.33	11.37	1242230	14152934.00
2022/10/19	11.44	11.46	11.25	11.34	1277050	14517158.00
2022/10/20	11.30	11.47	11.23	11.32	1224900	13889053.00
2022/10/21	11.28	11.46	11.23	11.37	1159900	13196930.00
2022/10/24	11.47	11.87	11.23	11.39	1789400	20551174.00
2022/10/25	11.30	11.30	10.92	11.13	2172950	24169596.00
2022/10/26	11.19	11.49	11.13	11.44	1911600	21724174.00
2022/10/27	11.54	12.05	11.41	11.72	3969512	46782084.00
2022/10/28	11.55	11.75	11.11	11.11	3491800	39597584.00
2022/10/31	11.08	11.87	11.06	11.71	3041581	34998708.00
2022/11/01	11.62	11.80	11.52	11.74	2914281	33981892.00
2022/11/02	11.74	11.90	11.63	11.71	2945400	34650320.00
2022/11/03	11.51	11.80	11.51	11.71	2262060	26439556.00
2022/11/04	11.71	11.87	11.67	11.76	2518450	29636002.00
2022/11/07	11.79	11.83	11.67	11.70	2024550	23757902.00
2022/11/08	11.69	11.75	11.50	11.74	1804200	21009034.00
2022/11/09	11.73	12.14	11.69	12.09	4998812	59836864.00
2022/11/10	11.98	12.00	11.76	11.84	2605238	30867858.00
2022/11/11	12.00	12.08	11.80	11.83	2885950	34430544.00
2022/11/14	11.70	12.68	11.70	12.29	7601652	93459872.00
2022/11/15	12.44	13.43	12.25	13.30	12330454	159016768.00
2022/11/16	13.38	15.50	13.38	14.94	29183975	433259168.00
2022/11/17	14.76	16.61	14.60	16.39	25670331	395621184.00
2022/11/18	16.40	19.44	16.40	19.00	31668118	586698496.00
2022/11/21	19.31	19.70	18.05	19.04	26600900	504417376.00
2022/11/22	18.33	21.95	18.33	20.10	28638133	580432064.00
2022/11/23	20.47	20.60	19.24	20.18	21091447	421112448.00
2022/11/24	20.08	20.10	17.67	19.80	17516161	339453280.00
2022/11/25	19.50	19.93	18.40	18.67	15915116	301590656.00
2022/11/28	17.85	19.39	17.85	18.89	12847753	241739904.00
2022/11/29	18.36	18.98	17.56	17.70	17269310	311034848.00
2022/11/30	17.75	18.25	17.07	18.07	14404757	256285648.00
2022/12/01	17.90	19.74	17.81	19.50	20048832	381848992.00
2022/12/02	19.30	20.28	18.36	18.50	16708686	321554592.00
2022/12/05	18.82	19.50	17.79	18.91	20028600	372592256.00
2022/12/06	18.56	18.78	17.95	18.13	13104030	239870064.00
2022/12/07	18.29	18.61	17.86	18.05	9419441	171802912.00
2022/12/08	18.00	18.88	17.85	18.38	10239959	188320064.00
2022/12/09	18.30	18.85	17.69	18.70	8454908	154264784.00
2022/12/12	18.66	19.11	17.95	18.91	12128504	226133792.00
2022/12/13	18.91	20.30	16.83	17.39	24058421	451893216.00
2022/12/14	17.18	18.00	17.18	17.38	14230223	250710112.00
2022/12/15	17.24	18.75	17.16	18.21	11972212	218249856.00
2022/12/16	17.90	18.10	17.28	17.62	7534700	133381960.00
2022/12/19	17.64	17.81	17.00	17.03	5517238	94972464.00
2022/12/20	17.10	17.44	16.80	17.17	5252808	89945184.00
2022/12/21	16.94	17.11	16.39	16.51	7658250	127487728.00
2022/12/22	16.51	16.67	15.75	15.89	4529050	72921808.00
2022/12/23	16.00	16.16	15.59	15.65	3307100	52232644.00
2022/12/26	16.02	16.28	15.53	16.20	3592109	57487316.00
2022/12/27	16.20	16.40	15.64	15.96	3691950	58640968.00
2022/12/28	15.80	16.25	15.46	15.59	2856938	44951860.00
2022/12/29	15.59	17.10	15.42	16.50	9160502	151293680.00
2022/12/30	16.34	16.50	15.72	15.80	6678238	107320456.00
2023/01/03	15.80	18.26	15.71	17.54	10466738	179479680.00
2023/01/04	18.09	18.09	16.70	17.17	9108750	155124624.00
2023/01/05	17.00	17.19	16.75	17.07	6422982	109242360.00
2023/01/06	17.00	17.29	16.50	16.58	6577000	110362096.00
2023/01/09	16.60	16.80	16.18	16.40	6182962	101348592.00
2023/01/10	16.40	17.29	15.89	16.60	10903850	180403792.00
2023/01/11	16.66	16.69	16.02	16.09	5220700	84895000.00
2023/01/12	16.39	16.79	15.89	16.44	6882140	112278352.00
2023/01/13	16.35	16.93	15.71	15.86	7440495	120128848.00
2023/01/16	15.76	17.24	15.76	16.83	11960231	199448192.00
2023/01/17	16.73	17.43	16.63	17.12	8210950	139541616.00
2023/01/18	17.20	18.23	16.86	17.85	10434228	184648880.00
2023/01/19	17.90	19.40	17.63	19.20	13322688	249297936.00
2023/01/20	19.01	19.43	18.41	19.00	11455109	216759376.00
2023/01/30	19.12	19.20	18.43	18.56	8157816	152626576.00
2023/01/31	18.38	18.56	17.96	18.03	7607100	138667856.00
2023/02/01	18.04	18.99	17.82	18.80	10356762	191041872.00
2023/02/02	18.46	19.10	18.35	18.45	6984213	129519336.00
2023/02/03	18.46	21.88	18.32	21.05	17192600	340054080.00
2023/02/06	20.41	23.36	20.41	22.30	19777735	435512352.00
2023/02/07	22.33	22.70	20.51	20.96	15085793	323803008.00
2023/02/08	20.61	20.90	20.00	20.34	9428850	191737344.00
2023/02/09	20.39	22.33	20.11	22.33	14173386	303657216.00
2023/02/10	21.75	21.85	20.64	21.06	10406824	220946240.00
数据来源:通达信
