300983 尤安设计 日线 不复权
      日期	    开盘	    最高	    最低	    收盘	    成交量	    成交额
2021/04/20	145.05	166.00	130.01	130.06	8755770	1245238528.00
2021/04/21	123.00	126.00	117.00	117.03	5071473	612831488.00
2021/04/22	117.14	121.65	117.11	117.59	2701876	321870336.00
2021/04/23	117.56	117.56	110.08	111.69	3367323	378105248.00
2021/04/26	110.71	110.80	103.69	104.10	3274923	350200832.00
2021/04/27	103.60	107.98	102.00	104.20	2136520	225557872.00
2021/04/28	103.46	105.75	102.66	105.40	1474059	154090848.00
2021/04/29	105.95	107.71	102.89	103.00	1757595	184242768.00
2021/04/30	102.14	103.00	98.96	99.00	1847397	185046640.00
2021/05/06	98.90	99.97	98.45	98.85	802960	79475064.00
2021/05/07	98.98	99.42	95.75	95.77	1571800	152662512.00
2021/05/10	95.45	95.85	92.05	92.40	1415543	131907424.00
2021/05/11	92.30	94.49	91.40	93.90	1107914	103682288.00
2021/05/12	93.78	94.00	92.04	93.33	846652	78593336.00
2021/05/13	92.57	94.41	92.40	93.63	757690	71034720.00
2021/05/14	93.88	94.28	93.00	93.66	814177	76203776.00
2021/05/17	93.58	94.27	93.40	93.85	734332	68937424.00
2021/05/18	93.85	99.50	93.31	98.68	1795565	174399280.00
2021/05/19	98.35	98.38	96.03	96.23	1107860	107476184.00
2021/05/20	96.29	98.41	95.82	96.07	797800	77421400.00
2021/05/21	96.15	96.59	93.90	93.90	866498	82041552.00
2021/05/24	93.03	94.44	93.03	93.63	495368	46472784.00
2021/05/25	93.63	94.66	93.41	93.98	622768	58511016.00
2021/05/26	94.27	95.47	93.72	94.90	760607	71942712.00
2021/05/27	94.99	95.46	94.51	94.94	670665	63732664.00
2021/05/28	95.03	96.13	94.57	94.64	820865	78240752.00
2021/05/31	94.64	94.93	93.70	94.04	646478	60768040.00
2021/06/01	93.93	94.44	93.79	94.10	562950	52938888.00
2021/06/02	94.11	94.49	93.51	93.85	656204	61662276.00
2021/06/03	93.85	96.16	93.51	95.36	1180711	112144784.00
2021/06/04	95.00	95.18	93.85	93.86	835120	78742976.00
2021/06/07	93.72	94.22	93.11	93.22	573120	53588864.00
2021/06/08	93.23	93.60	92.81	92.90	539733	50238060.00
2021/06/09	92.92	93.55	92.58	93.06	582775	54147688.00
2021/06/10	92.84	93.20	92.50	92.71	515300	47783336.00
2021/06/11	92.60	92.99	92.05	92.09	547577	50602620.00
2021/06/15	92.09	92.36	90.30	90.35	769700	70017560.00
2021/06/16	90.08	90.75	89.74	89.78	541318	48712424.00
2021/06/17	90.00	90.11	89.54	89.70	360710	32395554.00
2021/06/18	89.58	93.97	89.58	92.34	1223434	112999480.00
2021/06/21	92.34	94.95	92.19	93.96	1072420	100911224.00
2021/06/22	94.14	94.45	92.61	92.99	724079	67374136.00
2021/06/23	92.95	94.95	92.88	93.36	751109	70553320.00
2021/06/24	93.18	94.41	92.68	93.45	651861	61050732.00
2021/06/25	93.90	94.87	92.96	94.38	889075	83623696.00
2021/06/28	94.51	94.85	93.30	93.88	641150	60175016.00
2021/06/29	93.41	94.00	93.00	93.01	511707	47764744.00
2021/06/30	92.82	93.46	92.31	92.60	478820	44359308.00
2021/07/01	92.78	93.40	92.00	92.03	464017	43023168.00
2021/07/02	92.03	92.48	90.48	90.48	548200	49932420.00
2021/07/05	90.11	91.23	90.11	90.61	290758	26346234.00
2021/07/06	90.61	91.00	90.30	90.77	392400	35559184.00
2021/07/07	91.06	95.50	91.06	94.61	1575406	148823136.00
2021/07/08	93.98	94.50	92.81	92.86	838776	78225704.00
2021/07/09	92.19	92.70	91.60	92.02	510217	46930508.00
2021/07/12	92.55	92.60	91.60	92.14	404004	37228708.00
2021/07/13	92.16	92.49	91.68	91.88	391600	35968752.00
2021/07/14	92.25	93.72	92.25	92.70	553335	51446896.00
2021/07/15	92.70	93.10	90.15	90.82	652973	59442512.00
2021/07/16	91.10	91.37	90.44	90.62	441062	40015580.00
2021/07/19	90.66	90.95	89.88	90.29	338319	30522410.00
2021/07/20	90.29	90.89	90.03	90.89	306709	27755614.00
2021/07/21	90.91	91.21	90.57	90.64	362632	32908700.00
2021/07/22	90.25	90.95	90.25	90.36	340105	30769190.00
2021/07/23	90.38	91.98	90.38	90.79	575251	52425184.00
2021/07/26	90.80	90.93	88.88	89.29	689600	61922104.00
2021/07/27	89.25	90.29	88.23	88.26	555600	49423240.00
2021/07/28	88.01	88.88	85.51	85.53	770700	66611628.00
2021/07/29	85.86	86.49	85.86	86.28	359446	30962272.00
2021/07/30	86.26	86.26	85.12	85.51	463487	39638240.00
2021/08/02	85.20	86.40	84.18	86.18	493041	42023484.00
2021/08/03	85.96	87.38	85.69	86.73	432114	37474832.00
2021/08/04	86.70	87.19	86.10	86.75	332306	28830232.00
2021/08/05	87.00	87.36	86.02	86.06	339000	29251248.00
2021/08/06	86.06	86.98	86.05	86.25	305500	26410450.00
2021/08/09	86.14	88.02	86.00	87.64	505200	44121232.00
2021/08/10	87.64	88.14	87.00	87.66	371907	32529548.00
2021/08/11	87.58	88.29	87.20	88.00	470385	41274556.00
2021/08/12	88.00	88.85	88.00	88.45	403907	35739388.00
2021/08/13	88.00	94.38	88.00	91.57	1464800	135147216.00
2021/08/16	90.90	93.50	89.56	92.33	949900	86978152.00
2021/08/17	92.27	92.28	90.08	90.11	752470	68561472.00
2021/08/18	89.98	91.70	89.68	90.48	494957	44851976.00
2021/08/19	90.00	90.60	89.38	89.61	417900	37535748.00
2021/08/20	89.50	89.86	87.58	88.03	491372	43459996.00
2021/08/23	88.35	91.97	88.08	91.67	818244	74333928.00
2021/08/24	90.55	90.55	88.42	89.12	1164061	103681544.00
2021/08/25	89.96	89.96	89.00	89.18	441700	39470428.00
2021/08/26	89.80	92.97	89.60	90.75	986225	90531432.00
2021/08/27	90.68	91.80	89.26	89.95	603136	54405916.00
2021/08/30	89.89	90.11	88.53	88.56	530425	47247200.00
2021/08/31	88.56	89.40	87.56	88.05	359226	31675970.00
2021/09/01	87.87	91.80	87.34	89.75	639600	57029608.00
2021/09/02	89.75	90.90	88.55	90.16	502618	45142868.00
2021/09/03	89.71	90.74	89.66	89.81	436794	39346552.00
2021/09/06	90.00	90.69	89.68	90.47	425000	38341020.00
2021/09/07	90.47	91.32	90.23	90.82	499432	45314108.00
2021/09/08	91.20	91.20	90.33	90.88	552700	50191376.00
2021/09/09	90.90	92.35	90.61	91.90	885400	81250496.00
2021/09/10	91.91	92.30	90.51	90.52	657714	59964920.00
2021/09/13	90.40	91.14	90.40	90.53	371800	33733040.00
2021/09/14	90.40	91.00	88.90	88.91	528500	47485556.00
2021/09/15	88.96	89.51	88.74	89.06	302100	26899870.00
2021/09/16	88.88	89.48	87.81	87.81	441025	39014740.00
2021/09/17	88.00	88.42	87.60	88.05	250410	22023230.00
2021/09/22	87.14	87.77	86.50	86.88	324600	28213960.00
2021/09/23	87.13	87.50	87.05	87.43	235710	20568344.00
2021/09/24	87.43	87.78	86.50	86.71	249498	21691978.00
2021/09/27	86.72	87.20	85.09	85.28	377898	32342224.00
2021/09/28	84.56	84.69	84.11	84.29	133200	11233370.00
2021/09/29	84.19	84.19	82.52	82.52	308900	25689570.00
2021/09/30	82.59	83.64	82.59	82.91	176500	14644711.00
2021/10/08	83.30	83.88	83.30	83.68	149500	12497946.00
2021/10/11	83.50	83.85	83.35	83.70	135304	11316916.00
2021/10/12	83.67	83.69	82.01	82.38	321806	26576814.00
2021/10/13	82.38	82.88	81.83	82.82	187151	15410297.00
2021/10/14	82.79	83.00	82.29	82.62	167546	13833844.00
2021/10/15	82.68	82.99	82.43	82.63	135046	11162591.00
2021/10/18	82.90	83.28	82.00	82.20	190400	15644903.00
2021/10/19	82.20	82.60	82.20	82.37	194294	15997118.00
2021/10/20	82.60	82.63	81.85	81.90	197100	16152832.00
2021/10/21	81.89	82.15	81.60	82.05	242236	19825196.00
2021/10/22	81.95	83.20	81.29	82.39	297436	24454904.00
2021/10/25	81.86	82.08	81.40	81.60	216236	17651550.00
2021/10/26	81.90	81.96	81.30	81.44	213100	17386276.00
2021/10/27	81.63	81.63	78.60	78.79	510000	40536000.00
2021/10/28	78.20	78.63	75.51	75.68	471302	36057484.00
2021/10/29	75.81	77.12	75.68	76.52	202500	15444341.00
2021/11/01	75.41	77.15	75.41	77.00	234800	17940380.00
2021/11/02	76.68	77.60	75.32	75.45	333200	25411556.00
2021/11/03	75.97	79.45	75.81	78.10	413634	32126910.00
2021/11/04	77.72	78.18	77.12	77.41	253500	19629736.00
2021/11/05	76.97	77.77	76.97	77.22	205800	15919268.00
2021/11/08	77.10	77.77	77.01	77.38	135300	10460776.00
2021/11/09	77.68	78.48	77.42	78.27	216151	16873188.00
2021/11/10	78.27	78.32	77.50	78.09	196600	15304345.00
2021/11/11	78.09	79.50	78.09	79.22	369700	29239744.00
2021/11/12	79.55	80.06	78.59	79.82	393500	31219828.00
2021/11/15	81.27	81.30	79.89	80.55	373800	30132040.00
2021/11/16	81.00	81.19	79.58	79.58	330400	26512372.00
2021/11/17	79.18	80.33	79.02	80.00	202100	16147067.00
2021/11/18	80.11	80.26	78.81	78.86	292600	23181664.00
2021/11/19	79.00	79.49	78.60	79.27	178500	14122567.00
2021/11/22	79.51	79.62	79.10	79.39	175749	13939312.00
2021/11/23	79.70	79.70	79.16	79.48	243900	19358374.00
2021/11/24	79.48	81.41	79.32	81.12	604003	48737448.00
2021/11/25	81.81	81.81	80.51	80.93	306600	24803572.00
2021/11/26	80.81	80.92	80.35	80.40	273600	22024276.00
2021/11/29	79.50	80.39	79.02	79.99	233005	18570594.00
2021/11/30	80.26	81.28	80.02	81.10	401799	32440860.00
2021/12/01	80.89	81.67	80.49	81.23	280900	22778924.00
2021/12/02	81.28	81.97	80.01	80.06	324200	26192558.00
2021/12/03	80.08	80.94	79.80	80.61	239398	19237658.00
2021/12/06	80.49	80.60	79.80	79.99	228200	18280712.00
2021/12/07	80.00	80.35	79.40	79.80	230500	18404220.00
2021/12/08	79.95	79.95	79.33	79.78	206647	16460108.00
2021/12/09	79.74	80.30	79.54	80.03	255451	20440472.00
2021/12/10	79.97	81.59	79.80	81.12	500600	40544360.00
2021/12/13	80.97	83.26	80.97	83.00	913748	75495072.00
2021/12/14	82.68	83.30	82.00	82.73	416999	34448668.00
2021/12/15	82.99	83.83	82.52	83.20	410512	34170736.00
2021/12/16	83.20	83.45	82.70	83.00	334908	27800410.00
2021/12/17	82.77	83.50	81.63	81.67	343100	28198672.00
2021/12/20	81.49	83.00	81.09	82.54	316608	25885246.00
2021/12/21	81.34	83.28	80.95	82.90	350295	28820944.00
2021/12/22	82.90	84.19	82.42	83.33	480951	40042712.00
2021/12/23	83.17	83.69	82.08	82.15	309200	25528938.00
2021/12/24	82.14	82.62	80.84	80.85	320600	26043824.00
2021/12/27	80.85	81.60	80.56	81.21	209100	16981292.00
2021/12/28	81.05	81.45	81.00	81.28	136300	11071871.00
2021/12/29	81.28	81.49	80.95	80.96	144580	11717310.00
2021/12/30	82.28	82.28	81.01	81.13	194100	15795506.00
2021/12/31	81.14	81.47	81.04	81.29	174200	14148633.00
2022/01/04	81.28	81.92	81.10	81.75	227210	18533690.00
2022/01/05	81.70	81.81	80.54	80.94	284100	23028254.00
2022/01/06	80.71	81.72	80.60	81.22	221120	17962466.00
2022/01/07	81.40	82.60	81.13	81.65	352100	28895620.00
2022/01/10	82.00	83.42	80.89	82.82	433292	35632072.00
2022/01/11	82.62	83.58	82.00	82.02	341379	28214012.00
2022/01/12	81.90	82.54	81.90	82.28	225751	18566298.00
2022/01/13	82.28	82.91	81.98	82.07	253600	20887842.00
2022/01/14	82.03	82.07	80.87	80.99	308600	25119808.00
2022/01/17	80.90	82.50	80.90	82.00	295360	24087758.00
2022/01/18	81.98	82.91	81.26	82.28	382940	31418980.00
2022/01/19	81.95	83.25	81.80	82.84	538976	44512700.00
2022/01/20	82.73	82.75	80.90	80.90	498651	40707480.00
2022/01/21	80.89	81.43	78.50	78.50	530953	42102124.00
2022/01/24	78.44	78.86	78.12	78.30	163010	12785859.00
2022/01/25	78.44	78.66	76.29	76.35	337400	26004372.00
2022/01/26	76.00	77.45	76.00	76.80	149800	11509782.00
2022/01/27	76.79	76.94	75.49	75.52	273000	20762030.00
2022/01/28	76.02	76.70	75.35	75.87	172781	13120161.00
2022/02/07	76.50	79.35	76.45	78.88	563500	44155960.00
2022/02/08	79.02	79.67	77.70	79.03	459381	36139616.00
2022/02/09	79.05	79.34	78.52	78.78	325800	25685614.00
2022/02/10	78.64	79.80	78.58	78.88	304600	24098610.00
2022/02/11	78.55	78.87	77.17	77.21	274800	21406448.00
2022/02/14	77.21	77.49	76.35	76.63	238400	18314264.00
2022/02/15	76.90	77.71	76.29	76.74	194600	14964712.00
2022/02/16	77.03	79.99	76.76	79.93	738704	58326492.00
2022/02/17	79.56	79.93	78.31	78.58	461852	36492400.00
2022/02/18	78.00	80.23	77.81	79.98	446133	35413840.00
2022/02/21	79.87	80.00	79.07	79.68	263519	20917324.00
2022/02/22	79.08	79.44	78.00	78.40	331457	26010246.00
2022/02/23	78.35	78.72	78.15	78.59	248886	19550004.00
2022/02/24	78.21	79.20	76.06	76.40	443567	34302900.00
2022/02/25	77.36	77.96	77.00	77.01	214515	16611551.00
2022/02/28	76.81	76.81	75.85	76.41	218400	16649071.00
2022/03/01	76.23	77.21	76.23	77.04	183200	14082319.00
2022/03/02	76.67	77.70	76.31	77.42	153267	11813455.00
2022/03/03	77.80	77.86	77.26	77.54	200467	15533476.00
2022/03/04	77.36	77.75	77.03	77.27	178022	13769410.00
2022/03/07	77.20	77.44	76.54	76.79	146567	11281448.00
2022/03/08	76.70	77.05	75.01	75.03	242100	18351288.00
2022/03/09	75.00	75.90	70.42	72.77	303909	22237872.00
2022/03/10	73.88	74.15	73.00	73.00	179047	13175718.00
2022/03/11	71.41	72.70	70.52	72.55	203708	14593671.00
2022/03/14	72.04	72.48	71.11	71.18	175969	12621900.00
2022/03/15	71.17	71.90	68.80	68.80	270900	19010650.00
2022/03/16	69.60	69.99	67.99	69.73	267267	18513576.00
2022/03/17	70.32	71.26	70.32	70.35	223200	15785586.00
2022/03/18	70.01	72.70	69.77	72.33	383261	27619928.00
2022/03/21	72.15	72.55	71.62	72.14	240700	17330264.00
2022/03/22	71.69	72.58	71.35	72.03	171700	12352142.00
2022/03/23	72.12	72.47	71.40	71.65	154500	11082544.00
2022/03/24	71.08	71.10	70.32	70.38	193500	13676566.00
2022/03/25	71.00	71.00	69.83	69.83	196172	13771650.00
2022/03/28	70.07	70.23	68.68	69.80	128400	8921776.00
2022/03/29	69.73	70.07	69.03	69.08	158100	10967682.00
2022/03/30	69.49	69.92	69.20	69.82	133979	9337946.00
2022/03/31	69.79	71.80	69.51	70.58	288900	20536034.00
2022/04/01	70.10	70.68	69.86	70.53	165201	11616212.00
2022/04/06	70.03	71.46	70.00	70.85	166108	11746185.00
2022/04/07	68.98	68.98	67.18	67.21	702650	47649348.00
2022/04/08	66.68	69.00	66.53	67.52	339101	23003776.00
2022/04/11	66.71	67.00	63.44	63.66	459700	29897664.00
2022/04/12	63.17	64.48	63.00	64.36	170133	10853203.00
2022/04/13	63.96	63.96	62.44	62.54	233300	14731439.00
2022/04/14	63.34	63.34	62.55	62.62	132100	8300006.00
2022/04/15	62.03	62.59	61.03	61.03	240549	14802865.00
2022/04/18	60.50	61.40	59.60	61.05	142724	8637724.00
2022/04/19	60.40	61.44	60.40	61.13	119400	7274414.00
2022/04/20	61.27	61.89	60.36	60.73	172600	10566703.00
2022/04/21	60.60	60.82	58.59	58.69	249700	14912157.00
2022/04/22	58.68	59.19	57.59	58.49	200472	11694479.00
2022/04/25	58.34	58.34	54.50	54.80	312600	17532656.00
2022/04/26	55.45	56.98	53.50	53.54	269900	14873674.00
2022/04/27	53.74	54.80	52.00	54.48	307701	16530400.00
2022/04/28	53.96	54.29	52.41	52.65	237609	12620240.00
2022/04/29	52.96	55.40	52.95	54.92	299400	16284179.00
2022/05/05	54.70	56.90	54.39	55.82	229500	12813205.00
2022/05/06	54.91	55.47	54.39	55.14	165100	9087918.00
2022/05/09	55.38	56.99	55.30	56.18	200500	11311944.00
2022/05/10	55.51	58.90	55.32	58.85	609874	35438764.00
2022/05/11	58.89	59.55	58.30	58.37	468460	27568804.00
2022/05/12	57.58	58.98	57.58	58.74	264400	15473535.00
2022/05/13	58.88	59.09	58.30	58.65	176639	10369619.00
2022/05/16	59.11	59.46	58.61	59.10	183300	10796899.00
2022/05/17	59.11	59.11	57.58	58.33	182900	10628512.00
2022/05/18	58.04	59.00	57.75	58.30	123200	7206599.00
2022/05/19	57.20	58.77	57.19	58.75	114839	6702755.50
2022/05/20	58.76	59.33	58.22	59.20	155400	9173822.00
2022/05/23	59.30	59.38	58.90	59.15	138600	8188702.00
2022/05/24	59.15	59.33	55.60	55.60	349498	20042574.00
2022/05/25	55.50	57.00	55.50	56.74	135600	7667794.00
2022/05/26	56.75	57.50	56.10	56.92	112308	6390513.00
2022/05/27	56.93	57.42	56.53	57.05	118300	6741166.50
2022/05/30	57.61	57.61	56.60	57.11	144800	8252563.00
2022/05/31	57.77	57.99	56.39	57.77	199900	11469953.00
2022/06/01	57.45	58.68	57.31	58.20	185075	10779130.00
2022/06/02	57.51	59.33	57.51	59.09	203166	11897634.00
2022/06/06	59.03	60.28	58.90	60.16	287575	17230928.00
2022/06/07	60.15	60.30	59.21	59.55	242300	14434253.00
2022/06/08	59.21	59.90	58.38	58.95	188700	11136623.00
2022/06/09	58.88	58.88	57.88	57.94	236900	13771028.00
2022/06/10	57.54	59.64	57.30	59.48	375100	22056884.00
2022/06/13	58.90	59.50	58.62	59.40	353792	20863102.00
2022/06/14	59.79	61.14	57.68	59.36	740402	43970208.00
2022/06/15	60.29	60.29	59.00	59.41	343749	20475556.00
2022/06/16	59.40	59.78	59.07	59.49	220218	13112898.00
2022/06/17	59.00	59.53	58.55	59.35	258300	15282612.00
2022/06/20	58.90	60.20	58.90	60.04	359569	21540062.00
2022/06/21	36.79	36.79	36.11	36.35	426560	15521887.00
2022/06/22	36.44	36.44	35.60	35.62	371101	13353521.00
2022/06/23	35.88	36.01	35.51	35.98	216105	7742298.00
2022/06/24	35.78	36.50	35.78	36.38	267920	9686290.00
2022/06/27	36.58	36.66	36.20	36.43	223660	8142329.00
2022/06/28	36.38	36.64	36.32	36.62	348320	12718595.00
2022/06/29	36.51	37.48	36.50	36.97	722580	26829086.00
2022/06/30	36.81	38.75	36.73	38.14	1177900	44618956.00
2022/07/01	38.36	38.66	37.25	37.40	478320	18037678.00
2022/07/04	37.52	37.52	36.68	37.18	271260	10049221.00
2022/07/05	37.02	37.48	36.70	36.92	316580	11708036.00
2022/07/06	36.74	37.07	36.24	36.45	260840	9529759.00
2022/07/07	36.20	36.69	36.10	36.25	233240	8492296.00
2022/07/08	36.27	36.87	36.17	36.34	200744	7335452.00
2022/07/11	36.30	36.31	35.66	36.00	214680	7711769.00
2022/07/12	36.00	36.20	35.34	35.34	338500	12076630.00
2022/07/13	35.27	35.83	35.27	35.64	152320	5422519.00
2022/07/14	35.60	35.66	35.35	35.38	192880	6839207.00
2022/07/15	35.06	35.46	34.44	34.46	331700	11542262.00
2022/07/18	34.33	35.47	34.33	35.45	279840	9862979.00
2022/07/19	35.00	35.69	34.81	35.50	374820	13231419.00
2022/07/20	35.55	35.68	35.42	35.60	253420	9005930.00
2022/07/21	35.57	35.73	35.24	35.31	251040	8897362.00
2022/07/22	35.31	35.58	34.54	34.91	227460	7970546.00
2022/07/25	35.07	35.20	34.40	34.52	157820	5480825.50
2022/07/26	34.55	34.86	34.18	34.77	232680	8032218.50
2022/07/27	34.78	34.93	34.55	34.90	182960	6371208.00
2022/07/28	34.70	35.27	34.70	35.11	252630	8881244.00
2022/07/29	35.18	35.34	34.55	34.61	195140	6803140.00
2022/08/01	34.42	34.69	34.02	34.46	168420	5801951.00
2022/08/02	34.30	34.30	32.55	32.89	618280	20397746.00
2022/08/03	32.89	33.42	32.47	32.58	402240	13254454.00
2022/08/04	32.76	32.82	32.50	32.72	197360	6448233.00
2022/08/05	32.72	33.27	32.71	33.22	247627	8163746.50
2022/08/08	33.25	33.38	33.02	33.33	183920	6119543.00
2022/08/09	33.32	33.49	33.14	33.27	184350	6135955.50
2022/08/10	33.27	33.45	33.06	33.36	172760	5756978.00
2022/08/11	33.37	33.88	33.37	33.80	278480	9396176.00
2022/08/12	33.93	33.93	33.41	33.59	376920	12663737.00
2022/08/15	33.61	33.80	33.06	33.31	293018	9748886.00
2022/08/16	33.22	33.66	33.15	33.38	156240	5223433.00
2022/08/17	33.31	33.59	33.13	33.45	189500	6311960.50
2022/08/18	33.22	33.49	33.14	33.21	214920	7142177.50
2022/08/19	33.14	33.53	32.93	32.97	262828	8719806.00
2022/08/22	32.91	33.08	32.65	33.01	150960	4966551.00
2022/08/23	33.02	33.02	32.67	32.78	217588	7135539.00
2022/08/24	32.86	32.90	32.13	32.16	344176	11155034.00
2022/08/25	32.10	32.19	31.67	31.90	245530	7823038.00
2022/08/26	31.90	32.06	31.68	31.74	141866	4514993.00
2022/08/29	31.15	31.97	31.15	31.95	177300	5602487.00
2022/08/30	31.88	32.19	31.71	31.85	162736	5193441.50
2022/08/31	31.72	32.10	31.18	31.18	319020	10038071.00
2022/09/01	31.19	31.60	31.19	31.21	202500	6358827.00
2022/09/02	33.55	33.55	31.39	32.32	692442	22680978.00
2022/09/05	31.81	34.55	31.62	33.72	1070584	35484012.00
2022/09/06	33.17	33.51	33.00	33.03	594768	19737676.00
2022/09/07	32.82	33.02	32.60	32.71	334535	10967176.00
2022/09/08	32.73	32.80	32.41	32.44	218900	7120369.00
2022/09/09	33.60	33.60	32.45	32.92	267168	8791926.00
2022/09/13	33.22	33.22	32.56	32.58	226929	7432573.00
2022/09/14	32.42	32.42	32.00	32.27	199205	6413149.00
2022/09/15	32.41	33.64	31.85	33.01	777073	25568676.00
2022/09/16	32.65	33.18	31.53	31.53	602693	19347434.00
2022/09/19	31.40	31.50	30.34	30.62	326200	10004115.00
2022/09/20	30.62	31.25	30.50	30.61	203499	6242443.00
2022/09/21	30.55	30.84	30.05	30.65	132319	4029053.75
2022/09/22	30.63	30.80	30.45	30.50	145480	4452198.00
2022/09/23	30.90	31.78	30.68	30.95	402679	12561828.00
2022/09/26	30.71	30.72	29.72	29.74	311600	9385726.00
2022/09/27	29.74	30.19	29.58	30.13	209899	6276892.00
2022/09/28	30.13	30.13	29.52	29.55	200218	5958325.50
2022/09/29	30.11	30.20	29.02	29.02	194936	5740960.00
2022/09/30	29.06	29.29	28.83	28.83	131780	3826381.50
2022/10/10	28.79	29.48	28.44	28.54	147640	4239159.50
2022/10/11	28.58	28.73	28.06	28.43	115511	3276359.75
2022/10/12	28.49	28.86	28.06	28.83	147933	4206125.50
2022/10/13	28.79	29.28	28.70	29.02	194673	5654037.50
2022/10/14	29.15	29.81	29.15	29.44	219720	6494608.00
2022/10/17	29.44	29.94	29.40	29.84	203980	6050275.00
2022/10/18	29.95	30.05	29.64	29.71	208220	6210657.00
2022/10/19	29.71	29.83	29.20	29.33	177922	5231245.00
2022/10/20	29.15	29.57	29.08	29.43	135511	3976522.00
2022/10/21	29.41	29.66	29.31	29.37	116442	3436157.00
2022/10/24	29.60	29.80	28.61	28.67	169900	4951443.50
2022/10/25	28.54	28.62	27.95	28.03	260100	7320414.00
2022/10/26	27.95	28.81	27.95	28.46	204406	5824896.50
2022/10/27	28.48	29.06	28.48	28.63	234585	6749365.50
2022/10/28	28.56	28.56	27.92	27.99	295900	8318456.00
2022/10/31	27.90	28.33	27.60	28.24	172166	4839083.00
2022/11/01	28.44	28.80	28.27	28.80	203666	5810938.00
2022/11/02	31.56	31.56	28.90	29.74	476238	14181975.00
2022/11/03	29.53	29.75	29.46	29.50	206800	6115307.00
2022/11/04	29.75	29.94	29.53	29.63	332940	9890888.00
2022/11/07	29.84	29.89	29.65	29.89	255306	7605655.00
2022/11/08	29.89	30.10	29.62	29.98	230420	6889711.00
2022/11/09	29.95	30.60	29.90	30.37	345652	10480244.00
2022/11/10	30.13	30.29	29.83	30.12	201000	6054981.50
2022/11/11	30.58	30.66	30.31	30.52	406800	12400977.00
2022/11/14	30.52	30.88	30.36	30.45	239180	7316290.50
2022/11/15	30.36	30.70	30.27	30.68	287480	8797442.00
2022/11/16	30.69	30.78	30.44	30.49	265920	8145732.50
2022/11/17	30.34	30.84	30.32	30.70	268920	8208095.00
2022/11/18	30.69	30.88	30.40	30.40	267580	8185870.00
2022/11/21	30.40	30.40	29.92	30.15	182120	5472565.00
2022/11/22	30.13	31.25	30.13	30.32	297840	9089304.00
2022/11/23	30.11	30.32	29.86	29.95	232620	6985274.00
2022/11/24	30.10	30.37	29.86	29.96	181840	5466034.00
2022/11/25	29.97	30.16	29.89	29.92	191040	5737516.50
2022/11/28	29.90	29.98	29.50	29.50	271940	8041535.00
2022/11/29	29.79	30.90	29.76	30.66	526554	16024686.00
2022/11/30	30.50	30.72	30.34	30.40	238940	7283973.00
2022/12/01	30.51	30.65	30.41	30.42	260180	7939842.00
2022/12/02	30.33	30.58	30.31	30.51	194834	5938522.00
2022/12/05	30.51	30.87	30.51	30.84	313234	9638982.00
2022/12/06	30.83	30.83	30.55	30.57	230700	7072391.50
2022/12/07	30.73	30.75	30.43	30.60	190000	5810666.00
2022/12/08	30.43	30.61	30.41	30.58	178520	5442436.50
2022/12/09	30.51	30.72	30.42	30.45	219214	6684796.50
2022/12/12	30.56	30.56	30.01	30.21	224392	6778289.00
2022/12/13	30.20	30.20	29.90	30.19	188709	5678569.50
2022/12/14	30.01	30.20	30.01	30.03	125760	3782999.00
2022/12/15	29.95	30.18	29.90	29.91	147743	4426836.00
2022/12/16	29.90	30.03	29.55	29.66	172543	5132423.50
2022/12/19	29.78	29.78	28.65	28.65	254091	7363999.00
2022/12/20	28.65	28.77	28.20	28.60	196860	5598200.00
2022/12/21	28.60	28.66	28.07	28.25	129001	3649753.75
2022/12/22	28.52	28.52	27.86	28.06	201300	5660194.50
2022/12/23	27.79	28.15	27.73	27.86	156054	4353076.50
2022/12/26	27.90	28.15	27.80	28.15	106620	2992657.25
2022/12/27	28.04	28.31	28.03	28.27	177503	4997375.00
2022/12/28	28.27	28.27	27.83	27.86	152200	4252999.00
2022/12/29	27.61	28.00	27.61	27.70	132000	3668711.75
2022/12/30	27.70	28.07	27.70	27.85	132720	3696482.50
2023/01/03	27.66	28.30	27.66	28.20	207260	5824761.00
2023/01/04	28.16	28.44	28.12	28.36	184540	5228739.00
2023/01/05	28.31	28.39	28.24	28.37	132973	3768958.75
2023/01/06	28.41	28.55	28.31	28.35	148220	4213157.00
2023/01/09	28.32	28.52	28.26	28.26	121920	3458476.50
2023/01/10	28.35	28.39	28.18	28.32	144102	4074872.00
2023/01/11	28.37	28.98	28.32	28.48	370240	10618790.00
2023/01/12	28.40	28.69	28.01	28.04	211220	5970989.00
2023/01/13	28.04	28.23	27.97	28.18	106920	3009598.25
2023/01/16	28.18	28.47	28.10	28.42	162320	4600071.50
2023/01/17	28.30	28.53	28.24	28.32	120500	3416949.50
2023/01/18	28.45	28.63	28.26	28.49	157960	4495003.00
2023/01/19	28.67	28.67	28.48	28.58	141820	4051606.25
2023/01/20	28.59	28.79	28.59	28.78	209960	6025195.50
2023/01/30	29.00	29.12	28.91	28.93	240780	6977634.00
2023/01/31	29.00	29.09	28.89	29.09	188120	5455681.50
2023/02/01	29.13	29.70	29.08	29.66	359960	10624582.00
2023/02/02	29.66	30.81	29.60	30.53	988966	30066838.00
2023/02/03	30.42	30.80	30.27	30.60	838680	25591394.00
2023/02/06	30.58	30.70	30.30	30.49	280300	8537795.00
2023/02/07	30.57	31.18	30.33	31.15	472020	14529290.00
2023/02/08	31.08	31.37	30.91	31.32	515676	16058967.00
2023/02/09	31.30	31.30	31.03	31.20	276940	8619181.00
2023/02/10	31.20	31.23	30.93	31.13	337220	10481311.00
数据来源:通达信
