301321 翰博高新 日线 不复权
      日期	    开盘	    最高	    最低	    收盘	    成交量	    成交额
2022/08/18	32.70	36.88	31.36	34.00	15328709	520453760.00
2022/08/19	32.74	34.10	30.38	30.43	10862843	348407968.00
2022/08/22	28.88	30.87	28.86	29.02	7921461	232848864.00
2022/08/23	29.04	29.15	27.34	28.53	8235012	231674544.00
2022/08/24	28.10	28.48	27.06	27.13	5785094	159871648.00
2022/08/25	26.07	26.20	24.21	24.23	8010747	200539488.00
2022/08/26	23.75	24.45	23.21	23.21	4879846	115640160.00
2022/08/29	22.72	23.63	22.60	23.25	2984654	69051208.00
2022/08/30	23.25	23.43	22.96	23.33	2439738	56661876.00
2022/08/31	23.29	23.29	22.07	22.25	3165146	71355968.00
2022/09/01	22.22	22.90	22.03	22.45	2384311	53898940.00
2022/09/02	22.47	24.33	22.47	23.64	4216854	99164240.00
2022/09/05	24.85	27.21	24.50	25.53	7832601	203145776.00
2022/09/06	25.10	27.00	24.82	25.70	5907732	152013248.00
2022/09/07	25.20	25.98	24.59	24.59	3584152	90041376.00
2022/09/08	24.69	25.45	24.58	24.90	2726940	67970864.00
2022/09/09	24.72	25.20	24.30	24.77	2206834	54555280.00
2022/09/13	24.80	26.77	24.80	26.71	5138111	133236656.00
2022/09/14	26.00	26.46	25.71	26.31	2610106	68045424.00
2022/09/15	26.11	26.81	25.30	25.32	2800497	72577384.00
2022/09/16	25.12	26.08	24.48	25.29	2789372	70707152.00
2022/09/19	25.78	26.87	25.50	26.87	4103209	107525376.00
2022/09/20	26.51	26.55	25.55	25.61	3566129	92575464.00
2022/09/21	25.08	25.50	24.60	24.67	2745734	68560232.00
2022/09/22	24.64	25.15	24.14	25.02	2151248	53142432.00
2022/09/23	24.87	25.15	23.46	23.52	2894874	69701640.00
2022/09/26	23.17	23.54	22.71	23.02	1319728	30432098.00
2022/09/27	22.82	23.65	22.82	23.37	1147283	26693478.00
2022/09/28	23.66	23.66	21.95	22.09	1627329	36782192.00
2022/09/29	22.19	22.50	21.18	21.25	1538050	33386314.00
2022/09/30	21.49	21.49	20.88	21.01	1068700	22592516.00
2022/10/10	21.01	21.64	20.01	20.08	1503464	31013682.00
2022/10/11	20.30	20.30	19.46	19.92	1229102	24398002.00
2022/10/12	19.95	21.08	19.67	20.96	1617370	32959812.00
2022/10/13	20.78	21.15	20.62	20.76	944083	19713152.00
2022/10/14	20.80	21.23	20.80	21.05	1215163	25606460.00
2022/10/17	20.88	22.90	20.81	22.70	2662657	58680904.00
2022/10/18	22.58	22.69	21.93	22.01	1872599	41426100.00
2022/10/19	22.10	22.19	21.52	21.56	1161980	25425212.00
2022/10/20	21.74	22.38	21.25	21.98	1794986	39496528.00
2022/10/21	21.98	22.05	21.25	21.29	1154719	24905800.00
2022/10/24	21.48	21.65	20.47	20.61	1652495	34778560.00
2022/10/25	20.41	20.60	19.53	19.85	1686139	33589664.00
2022/10/26	20.04	20.39	19.79	20.24	1079382	21747054.00
2022/10/27	20.29	20.39	19.86	19.89	1167876	23508136.00
2022/10/28	19.93	19.94	18.61	18.62	1549116	29692584.00
2022/10/31	18.66	19.26	18.50	19.03	1329878	25267064.00
2022/11/01	19.18	19.48	19.03	19.48	1039216	20067720.00
2022/11/02	20.68	21.25	20.02	20.14	2272517	46261784.00
2022/11/03	19.99	20.39	19.78	20.16	1685889	33786072.00
2022/11/04	20.36	20.72	20.05	20.38	1457270	29763458.00
2022/11/07	20.39	22.27	20.39	22.05	3204471	68928528.00
2022/11/08	22.50	22.58	21.20	21.40	2496062	53711884.00
2022/11/09	21.61	21.78	21.16	21.48	1402831	30107596.00
2022/11/10	21.40	23.25	21.27	22.99	4606062	103546784.00
2022/11/11	23.10	23.44	22.24	22.39	2606240	59574696.00
2022/11/14	22.30	23.70	22.11	22.79	2783034	63863880.00
2022/11/15	23.10	24.13	22.31	23.80	3738669	88477712.00
2022/11/16	23.80	24.74	23.36	23.51	1896187	45248116.00
2022/11/17	23.34	23.88	23.12	23.87	1493750	35198600.00
2022/11/18	23.86	23.90	22.86	22.92	2406412	55807900.00
2022/11/21	23.10	23.10	22.53	22.99	1265054	28874718.00
2022/11/22	22.99	23.35	22.56	22.67	1136309	26014392.00
2022/11/23	23.02	23.02	22.00	22.39	1024654	22820054.00
2022/11/24	22.37	22.88	22.21	22.31	712007	15986469.00
2022/11/25	22.49	22.49	22.00	22.03	878323	19454998.00
2022/11/28	21.96	22.15	21.26	21.50	1062299	22984752.00
2022/11/29	21.83	22.69	21.51	22.44	1188720	26384964.00
2022/11/30	22.59	22.59	21.86	21.88	904081	20040516.00
2022/12/01	22.36	22.36	21.40	21.70	1055863	22954536.00
2022/12/02	21.74	21.94	21.30	21.42	1010131	21742848.00
2022/12/05	21.49	21.64	21.16	21.35	860530	18351690.00
2022/12/06	21.21	21.57	20.90	21.57	1416363	30031194.00
2022/12/07	21.49	21.77	21.18	21.39	870860	18622358.00
2022/12/08	21.35	22.08	21.30	21.65	1132338	24566280.00
2022/12/09	21.65	21.65	20.95	20.97	991880	21019440.00
2022/12/12	20.97	21.19	20.58	20.87	560645	11690310.00
2022/12/13	20.82	20.93	20.39	20.40	603308	12389313.00
2022/12/14	20.60	20.73	20.15	20.25	546714	11184877.00
2022/12/15	20.10	21.77	20.10	21.30	1880362	39862156.00
2022/12/16	20.97	21.27	20.26	20.29	1248531	25692850.00
2022/12/19	20.08	20.83	19.30	19.89	1652526	32896656.00
2022/12/20	19.70	20.04	19.56	19.77	486082	9612450.00
2022/12/21	19.78	20.34	19.60	20.16	764900	15244611.00
2022/12/22	20.17	20.23	19.19	19.26	856109	16754391.00
2022/12/23	19.12	19.28	18.60	18.83	783810	14820637.00
2022/12/26	19.11	19.38	18.83	19.32	568160	10902303.00
2022/12/27	19.37	19.48	19.02	19.35	480960	9273218.00
2022/12/28	19.58	19.58	18.90	19.01	413312	7889592.50
2022/12/29	19.03	19.27	18.84	18.85	315290	6009061.00
2022/12/30	18.82	19.10	18.66	18.70	354478	6666393.50
2023/01/03	18.80	19.56	18.39	19.30	973221	18429418.00
2023/01/04	19.23	19.38	18.85	19.24	739508	14124043.00
2023/01/05	19.20	19.62	18.93	19.33	1004823	19399052.00
2023/01/06	19.33	19.87	19.19	19.69	1007079	19769624.00
2023/01/09	19.70	22.48	19.70	21.36	3212872	68649072.00
2023/01/10	21.51	21.98	21.05	21.14	1510966	32439070.00
2023/01/11	21.19	21.36	20.50	20.57	1250672	26066608.00
2023/01/12	20.47	20.77	20.33	20.50	569400	11705684.00
2023/01/13	20.45	21.12	20.29	20.47	803468	16591333.00
2023/01/16	20.47	21.14	20.34	20.80	1042160	21689542.00
2023/01/17	20.73	21.39	20.73	21.05	813563	17155488.00
2023/01/18	21.26	21.26	20.71	20.74	464196	9680539.00
2023/01/19	20.87	20.99	20.61	20.90	515480	10735227.00
2023/01/20	20.90	21.03	20.63	20.86	601340	12535239.00
2023/01/30	21.13	21.84	21.06	21.46	1294615	27747752.00
2023/01/31	21.01	21.36	20.70	20.93	1411641	29576564.00
2023/02/01	20.94	21.48	20.94	21.48	1040609	22119266.00
2023/02/02	21.53	21.60	21.25	21.34	813691	17389368.00
2023/02/03	21.30	21.84	21.10	21.62	1124211	24099328.00
2023/02/06	21.65	21.67	21.16	21.19	810236	17282306.00
2023/02/07	21.40	21.92	21.20	21.86	1342012	28967992.00
2023/02/08	21.80	22.27	21.47	21.48	1343240	29257156.00
2023/02/09	21.41	22.93	21.41	22.69	3523068	78971080.00
2023/02/10	22.61	23.86	22.61	23.25	3134294	73164560.00
数据来源:通达信
