301317 鑫磊股份 日线 不复权
      日期	    开盘	    最高	    最低	    收盘	    成交量	    成交额
2023/01/19	23.00	28.66	23.00	27.45	21883402	558684992.00
2023/01/20	25.31	26.26	24.20	24.33	14544670	365251328.00
2023/01/30	24.33	25.49	24.03	24.10	12467246	306599648.00
2023/01/31	23.71	26.48	23.00	26.41	18257358	451252736.00
2023/02/01	25.53	30.80	25.53	27.91	20272614	556979008.00
2023/02/02	27.00	28.99	26.41	26.83	17658565	483856448.00
2023/02/03	27.67	28.40	27.21	27.79	14377066	400731168.00
2023/02/06	27.30	28.38	26.36	26.49	11505403	311730272.00
2023/02/07	26.02	26.25	25.50	25.60	8459988	217629040.00
2023/02/08	25.60	25.82	25.03	25.05	6235255	157959168.00
2023/02/09	24.89	25.68	24.81	25.65	6263955	158301920.00
2023/02/10	25.73	25.73	25.03	25.17	5704413	144351504.00
数据来源:通达信
