301282 金禄电子 日线 不复权
      日期	    开盘	    最高	    最低	    收盘	    成交量	    成交额
2022/08/26	42.10	49.90	38.83	39.80	22627173	968328384.00
2022/08/29	35.00	37.88	33.40	34.38	14924234	528814720.00
2022/08/30	33.80	37.77	33.50	36.65	12702811	455886848.00
2022/08/31	35.28	36.20	33.30	33.33	10260791	353754784.00
2022/09/01	33.00	35.30	32.99	33.88	8271068	282043968.00
2022/09/02	33.35	37.24	33.21	35.77	11008216	389540576.00
2022/09/05	37.00	42.83	36.71	40.12	15612587	613974976.00
2022/09/06	38.06	40.96	37.45	38.42	13509976	521497184.00
2022/09/07	38.86	40.06	37.43	38.74	10741903	416295712.00
2022/09/08	38.06	38.07	35.50	35.65	9262072	335975360.00
2022/09/09	35.35	36.25	34.45	34.66	5919043	206783632.00
2022/09/13	34.75	35.56	34.50	34.82	4320530	150988624.00
2022/09/14	33.96	35.63	33.81	35.60	5662961	198780000.00
2022/09/15	35.58	35.85	33.13	33.87	5924025	202305408.00
2022/09/16	33.87	34.37	32.80	32.86	3972375	133833032.00
2022/09/19	32.52	32.98	31.00	31.01	4736168	148981216.00
2022/09/20	31.31	31.62	30.75	31.29	3464957	108245424.00
2022/09/21	30.99	31.43	30.29	31.14	2894992	89959696.00
2022/09/22	31.00	32.27	30.77	32.19	4658777	147432544.00
2022/09/23	32.00	32.24	30.50	30.50	4228403	131688144.00
2022/09/26	30.42	30.42	28.35	28.35	4486454	131064240.00
2022/09/27	28.62	29.82	28.62	29.34	3938075	115389056.00
2022/09/28	29.33	29.33	27.80	27.90	3597210	102289936.00
2022/09/29	28.44	28.87	27.60	27.67	3062588	86299592.00
2022/09/30	27.39	27.72	26.05	26.05	3733717	99895776.00
2022/10/10	26.27	26.48	25.19	25.42	2474979	63860728.00
2022/10/11	25.46	25.77	25.20	25.48	1899385	48387064.00
2022/10/12	25.51	26.44	25.31	26.43	3345873	86406584.00
2022/10/13	26.13	26.95	26.12	26.33	3357936	89226616.00
2022/10/14	26.51	26.95	26.51	26.75	2739967	73265520.00
2022/10/17	26.40	27.75	26.28	27.68	3483734	94964480.00
2022/10/18	27.99	27.99	27.00	27.29	2892532	79061448.00
2022/10/19	27.34	27.36	26.52	26.62	2938417	78704176.00
2022/10/20	26.41	27.88	26.12	27.45	4087036	110909968.00
2022/10/21	27.21	27.86	26.60	27.30	3133168	85363320.00
2022/10/24	27.50	27.89	26.73	27.00	2637676	72142816.00
2022/10/25	26.80	26.98	25.89	26.52	2190088	57914752.00
2022/10/26	27.26	28.62	27.19	28.61	5688447	159800720.00
2022/10/27	28.68	28.68	27.78	27.79	3585630	100955456.00
2022/10/28	27.58	28.52	27.43	27.53	4100299	114892744.00
2022/10/31	27.03	28.36	27.03	27.91	3429419	96111136.00
2022/11/01	27.88	28.39	27.40	28.36	3499414	98213176.00
2022/11/02	28.36	28.83	28.10	28.67	4350313	124286616.00
2022/11/03	28.33	30.88	28.27	29.92	6289877	185639120.00
2022/11/04	29.72	31.48	29.51	31.16	6794978	208857008.00
2022/11/07	31.30	31.46	30.29	31.30	5650594	174214896.00
2022/11/08	31.50	34.09	31.21	32.88	8420477	275447328.00
2022/11/09	32.38	32.93	31.89	32.65	4731990	153211168.00
2022/11/10	32.26	32.50	30.54	30.64	5435433	169457264.00
2022/11/11	31.52	31.71	30.05	30.30	4480862	138390704.00
2022/11/14	30.50	31.05	29.90	30.77	2643782	80752744.00
2022/11/15	30.97	32.23	30.82	32.23	5170295	164480992.00
2022/11/16	32.23	32.23	30.85	30.96	4089184	128360280.00
2022/11/17	30.52	31.41	30.20	31.31	2818478	86895200.00
2022/11/18	31.07	31.22	30.24	30.26	3076544	94300704.00
2022/11/21	30.50	30.99	30.01	30.86	2173285	66366092.00
2022/11/22	30.70	31.86	30.52	31.08	3335634	104295640.00
2022/11/23	31.12	31.39	29.55	29.88	2948690	88594200.00
2022/11/24	29.86	30.22	29.59	29.72	1752233	52418160.00
2022/11/25	29.82	30.00	28.74	28.77	2240272	65545120.00
2022/11/28	28.30	29.05	28.30	28.61	1229990	35230724.00
2022/11/29	28.64	29.10	28.64	28.95	1312600	37962404.00
2022/11/30	28.91	29.18	28.43	28.80	1516465	43691476.00
2022/12/01	29.20	29.57	28.93	29.30	1835566	53741380.00
2022/12/02	29.21	29.68	29.00	29.41	1587917	46740376.00
2022/12/05	29.30	29.50	29.02	29.11	1514403	44144592.00
2022/12/06	29.12	31.32	29.11	31.18	6151766	188669296.00
2022/12/07	30.61	31.13	30.52	30.70	3492453	107426704.00
2022/12/08	30.41	30.86	30.22	30.76	1850754	56498600.00
2022/12/09	30.70	31.18	30.51	30.74	2297600	70880624.00
2022/12/12	30.71	31.29	30.03	31.18	3336178	102948544.00
2022/12/13	30.86	31.04	30.20	30.22	2139725	65404356.00
2022/12/14	31.00	31.48	30.30	30.31	2936926	90762696.00
2022/12/15	29.50	30.80	29.18	29.81	2820306	84479232.00
2022/12/16	29.74	29.78	28.34	28.34	2991279	85927200.00
2022/12/19	28.75	28.75	27.46	27.70	1619836	45302168.00
2022/12/20	27.75	27.98	27.31	27.32	1283660	35433340.00
2022/12/21	27.34	27.42	26.80	27.26	1073900	29063614.00
2022/12/22	27.41	27.65	26.34	26.42	1178600	31751796.00
2022/12/23	26.37	26.70	26.12	26.32	794695	20990730.00
2022/12/26	26.26	27.20	26.25	27.08	1053981	28369280.00
2022/12/27	27.18	27.38	26.61	27.10	1143805	30778298.00
2022/12/28	26.85	26.98	26.40	26.48	875293	23273106.00
2022/12/29	26.38	26.72	26.38	26.46	764784	20273110.00
2022/12/30	26.68	26.86	26.22	26.27	816294	21561438.00
2023/01/03	26.30	27.09	26.15	26.94	1778544	47547328.00
2023/01/04	26.95	27.46	26.80	27.46	1807650	49201248.00
2023/01/05	27.45	27.51	27.08	27.45	1356411	37069168.00
2023/01/06	27.50	28.01	27.21	27.66	1793191	49695596.00
2023/01/09	27.78	28.06	27.45	27.57	1084898	30069960.00
2023/01/10	27.78	27.99	27.40	27.61	1251154	34605292.00
2023/01/11	27.61	28.09	26.98	27.05	1329424	36601836.00
2023/01/12	27.05	28.19	26.80	27.83	1990341	54987456.00
2023/01/13	27.83	27.97	27.41	27.64	1106726	30559204.00
2023/01/16	27.81	28.08	27.64	27.92	1403470	39214500.00
2023/01/17	27.87	28.43	27.87	28.05	1503368	42396368.00
2023/01/18	28.16	28.22	27.89	28.12	839046	23545564.00
2023/01/19	28.00	28.63	27.96	28.43	1331986	37797196.00
2023/01/20	28.69	28.72	28.27	28.44	1188817	33811520.00
2023/01/30	28.88	29.15	28.60	28.85	1734810	50182584.00
2023/01/31	29.28	30.79	29.13	30.37	4803849	143626192.00
2023/02/01	30.25	31.69	30.03	31.31	5405781	168132960.00
2023/02/02	31.06	31.45	30.78	30.94	3073637	95527320.00
2023/02/03	30.78	31.92	30.72	31.59	3594088	112643984.00
2023/02/06	31.30	32.10	31.10	31.89	2603716	82165296.00
2023/02/07	31.61	31.80	31.05	31.08	2322222	72563672.00
2023/02/08	31.07	31.42	30.63	30.66	1674327	51790820.00
2023/02/09	30.64	31.88	30.55	31.85	3043151	95849536.00
2023/02/10	31.84	32.09	31.60	32.08	2498019	79620512.00
数据来源:通达信
