301312 智立方 日线 不复权
      日期	    开盘	    最高	    最低	    收盘	    成交量	    成交额
2022/07/11	100.00	105.00	86.84	86.99	5323824	498521504.00
2022/07/12	80.80	85.43	78.00	83.33	4006655	324207008.00
2022/07/13	80.15	81.98	79.00	79.43	2255221	180647344.00
2022/07/14	78.50	83.31	78.13	81.29	2454027	200422608.00
2022/07/15	81.58	88.85	81.00	83.30	3125710	264435392.00
2022/07/18	81.70	81.70	78.80	80.85	2186137	175612512.00
2022/07/19	80.00	80.77	78.69	79.70	1825042	145229392.00
2022/07/20	79.84	84.28	79.70	84.18	2426020	198482848.00
2022/07/21	83.74	88.85	82.71	84.92	3109290	266717408.00
2022/07/22	84.02	92.00	83.00	89.80	3216052	283517664.00
2022/07/25	89.09	92.51	87.01	87.33	2456543	219719904.00
2022/07/26	86.60	88.48	83.66	85.75	2125467	180309920.00
2022/07/27	84.51	86.60	84.43	85.80	1396721	119369472.00
2022/07/28	85.83	90.89	85.83	89.72	2477316	220714192.00
2022/07/29	88.20	104.99	88.20	100.96	4192936	410686752.00
2022/08/01	105.12	118.88	105.11	116.00	3666245	409388064.00
2022/08/02	111.01	116.54	106.12	112.80	2603509	291897440.00
2022/08/03	115.20	121.00	106.10	110.90	3314276	382437856.00
2022/08/04	113.34	122.00	113.33	122.00	3134893	367377568.00
2022/08/05	123.30	146.40	118.88	138.15	3235874	432182176.00
2022/08/08	139.00	143.30	130.06	140.87	2201855	301086176.00
2022/08/09	138.00	151.98	137.33	147.65	1859756	266340672.00
2022/08/10	143.57	145.80	137.00	144.00	1641388	232139488.00
2022/08/11	145.00	160.00	143.02	154.93	2075453	315950624.00
2022/08/12	155.80	159.95	147.35	157.31	1770661	272613312.00
2022/08/15	153.88	156.00	148.10	149.00	1142940	172096704.00
2022/08/16	147.81	154.00	144.17	145.20	1779161	264454800.00
2022/08/17	146.97	173.77	146.56	173.77	2432030	388523840.00
2022/08/18	167.00	176.77	158.88	174.56	2123104	353341504.00
2022/08/19	170.82	176.98	162.15	162.50	1376435	230216848.00
2022/08/22	157.89	168.20	157.84	160.00	1035259	168621616.00
2022/08/23	161.00	169.94	157.69	162.85	1232942	201317200.00
2022/08/24	159.00	162.00	146.07	146.69	1600781	242907488.00
2022/08/25	148.21	156.28	143.51	145.40	1352196	201259808.00
2022/08/26	147.00	148.36	130.00	134.21	2036925	279849184.00
2022/08/29	131.00	142.68	130.96	137.68	1153312	157931344.00
2022/08/30	137.68	140.88	131.91	133.35	1095500	148506048.00
2022/08/31	131.60	133.56	123.00	124.04	1014140	128124640.00
2022/09/01	124.01	132.94	122.68	128.82	1125535	144251840.00
2022/09/02	130.00	141.99	129.64	137.52	1106886	151515728.00
2022/09/05	141.00	141.00	132.10	137.46	818900	111441672.00
2022/09/06	139.25	147.00	137.08	143.10	1092331	154587568.00
2022/09/07	143.15	147.04	140.10	141.79	917900	131480920.00
2022/09/08	140.80	145.00	132.05	132.91	1149833	157237552.00
2022/09/09	131.00	134.06	127.00	130.80	659320	85859008.00
2022/09/13	130.61	133.70	128.50	130.47	532053	69797712.00
2022/09/14	125.80	134.08	125.80	129.52	738103	96294448.00
2022/09/15	130.01	132.66	122.60	123.12	697608	87244512.00
2022/09/16	122.01	129.97	122.01	126.50	768400	97715160.00
2022/09/19	126.50	128.99	119.10	119.99	813250	99937328.00
2022/09/20	120.36	126.00	119.19	123.45	533014	65544960.00
2022/09/21	122.25	124.33	118.12	121.25	557440	67547280.00
2022/09/22	120.38	124.88	119.37	123.78	475099	58226008.00
2022/09/23	125.01	125.12	111.07	112.35	1266726	145319776.00
2022/09/26	110.99	114.88	110.00	112.65	547740	61929764.00
2022/09/27	113.90	118.30	111.81	115.63	605560	69359968.00
2022/09/28	114.60	114.60	104.73	105.97	837710	90685184.00
2022/09/29	107.98	108.85	104.60	105.73	468237	49590600.00
2022/09/30	106.00	106.80	100.04	100.30	386700	39553640.00
2022/10/10	101.00	102.52	91.00	92.58	861831	81817344.00
2022/10/11	94.62	95.40	92.05	93.31	498465	46831092.00
2022/10/12	94.00	102.50	93.08	102.11	1124094	110099288.00
2022/10/13	101.23	102.98	96.78	98.01	948400	94652336.00
2022/10/14	99.90	99.98	96.26	98.54	1020994	99853224.00
2022/10/17	98.55	101.38	96.25	100.03	893322	88129480.00
2022/10/18	99.91	100.30	95.40	97.10	1024560	100066376.00
2022/10/19	96.96	96.97	93.88	94.00	870300	82851664.00
2022/10/20	93.00	98.45	91.76	96.50	814440	77498304.00
2022/10/21	95.36	99.17	94.30	97.39	965339	93542040.00
2022/10/24	97.00	100.88	95.42	95.49	803259	78891832.00
2022/10/25	95.50	104.92	95.50	101.96	1727525	174005456.00
2022/10/26	101.97	102.35	98.01	99.93	1466299	146198656.00
2022/10/27	100.00	108.23	98.33	104.00	2030959	209712544.00
2022/10/28	102.79	105.56	99.50	100.12	1465103	150226640.00
2022/10/31	100.00	101.00	93.80	94.61	1558621	152287216.00
2022/11/01	93.95	98.49	93.30	97.60	1130030	108823760.00
2022/11/02	111.07	117.12	111.07	117.12	1563133	181086064.00
2022/11/03	118.00	119.59	109.86	113.71	2614666	295035328.00
2022/11/04	113.08	116.50	110.50	114.19	1869382	212818112.00
2022/11/07	115.57	119.47	113.20	114.81	1659561	192170832.00
2022/11/08	113.95	114.88	110.51	110.82	1087000	121487328.00
2022/11/09	110.00	111.88	108.50	111.28	746900	82451144.00
2022/11/10	109.61	111.10	103.62	104.70	1351900	143612992.00
2022/11/11	107.37	108.35	101.99	101.99	1194200	125531992.00
2022/11/14	100.42	101.96	98.72	100.50	822800	82382296.00
2022/11/15	101.00	106.53	99.01	105.76	1131720	117397984.00
2022/11/16	105.08	107.20	104.40	106.00	749700	79128520.00
2022/11/17	104.80	106.00	102.66	104.80	686550	71433448.00
2022/11/18	104.49	108.88	103.42	103.42	1114823	117947432.00
2022/11/21	102.42	106.37	102.00	105.60	806700	84293104.00
2022/11/22	105.16	110.78	104.40	107.70	1759055	190804192.00
2022/11/23	107.66	107.68	98.53	101.21	1412513	142855552.00
2022/11/24	100.21	102.35	97.20	99.99	1031635	103050400.00
2022/11/25	100.02	100.46	94.80	95.05	905476	87333056.00
2022/11/28	93.80	95.73	92.80	95.17	504133	47653388.00
2022/11/29	95.19	97.00	94.70	95.80	637500	61170344.00
2022/11/30	95.70	95.71	92.60	93.00	894930	83883072.00
2022/12/01	94.49	96.55	94.03	95.54	789764	75339968.00
2022/12/02	95.55	97.44	95.44	96.49	741464	71396752.00
2022/12/05	96.79	96.79	93.88	94.63	670300	63441344.00
2022/12/06	94.50	97.99	93.12	96.60	1055095	100960840.00
2022/12/07	96.35	96.96	94.05	96.80	700500	67093084.00
2022/12/08	96.84	97.44	95.30	96.36	560849	53957700.00
2022/12/09	98.88	99.30	96.36	97.80	1076870	105420520.00
2022/12/12	96.51	98.88	94.91	97.49	716770	69424784.00
2022/12/13	97.00	97.33	93.91	93.98	580752	55282688.00
2022/12/14	94.99	97.45	94.58	94.75	646562	62063352.00
2022/12/15	94.11	95.80	92.52	95.15	373252	35380708.00
2022/12/16	94.65	94.65	88.88	89.08	1116998	101251240.00
2022/12/19	89.06	89.80	87.80	88.13	420600	37358908.00
2022/12/20	88.15	90.50	88.00	89.05	409605	36628316.00
2022/12/21	88.63	88.97	86.42	87.11	432688	37812368.00
2022/12/22	87.18	88.16	84.06	84.52	421867	36201760.00
2022/12/23	84.11	85.17	83.60	84.56	317400	26802540.00
2022/12/26	84.80	88.66	84.00	88.25	532700	46484688.00
2022/12/27	88.25	88.90	86.74	88.74	379395	33319452.00
2022/12/28	88.41	88.70	86.36	86.56	282789	24634604.00
2022/12/29	85.90	88.38	85.90	86.11	296300	25816062.00
2022/12/30	86.84	87.18	85.10	85.33	326099	28035796.00
2023/01/03	85.33	89.80	84.53	89.74	817943	71711512.00
2023/01/04	89.73	90.20	87.80	89.06	525900	46811916.00
2023/01/05	89.00	98.01	89.00	93.95	1718344	162198736.00
2023/01/06	94.95	98.47	93.31	96.20	1572333	151922016.00
2023/01/09	96.53	100.87	95.04	99.29	1132766	111501480.00
2023/01/10	99.84	99.98	98.15	99.55	856003	84871424.00
2023/01/11	99.53	102.51	98.45	98.50	874020	87568200.00
2023/01/12	98.88	103.93	98.03	102.32	1147947	116570672.00
2023/01/13	102.00	102.10	99.51	100.40	650800	65351288.00
2023/01/16	101.10	102.00	99.29	100.49	626885	63044752.00
2023/01/17	100.49	104.22	100.30	103.74	1111723	113662288.00
2023/01/18	103.67	103.75	102.00	103.10	504395	51866824.00
2023/01/19	102.52	105.15	102.36	104.23	504300	52458896.00
2023/01/20	106.31	107.33	102.68	103.04	540229	56135352.00
2023/01/30	104.35	106.53	103.56	105.89	730029	76800344.00
2023/01/31	105.60	108.23	104.70	108.03	850200	90576208.00
2023/02/01	107.55	111.00	106.81	109.02	736100	80346528.00
2023/02/02	110.96	122.00	109.11	116.88	1683695	194812368.00
2023/02/03	117.12	126.05	116.00	125.97	1778839	215860800.00
2023/02/06	126.00	126.00	120.08	122.58	1383288	169910800.00
2023/02/07	124.01	131.88	122.63	128.28	1313720	168239056.00
2023/02/08	127.26	127.94	117.51	117.54	1795599	216462272.00
2023/02/09	118.84	119.80	116.13	118.85	1184012	139732160.00
2023/02/10	118.85	122.88	118.00	119.72	879100	106153880.00
数据来源:通达信
