300964 本川智能 日线 不复权
      日期	    开盘	    最高	    最低	    收盘	    成交量	    成交额
2021/08/05	69.00	75.00	67.67	68.60	9672651	680235328.00
2021/08/06	62.00	63.86	57.00	57.01	8036731	476303968.00
2021/08/09	53.55	57.28	53.33	55.79	4787968	264329312.00
2021/08/10	55.21	59.24	54.68	57.84	5254989	301581376.00
2021/08/11	56.78	56.79	54.20	54.36	4671210	258123616.00
2021/08/12	53.89	55.27	53.04	53.04	3733455	201283280.00
2021/08/13	52.20	52.83	50.37	50.77	3937495	202281440.00
2021/08/16	50.32	51.58	50.20	51.40	2453597	125236984.00
2021/08/17	51.60	53.55	50.90	50.93	3107749	162304240.00
2021/08/18	50.06	50.38	49.00	50.25	2252250	111816296.00
2021/08/19	50.00	51.85	49.88	50.77	2150240	109655280.00
2021/08/20	50.59	50.59	47.51	47.88	2797851	135678672.00
2021/08/23	48.09	49.82	47.59	49.32	1997739	97934528.00
2021/08/24	49.00	50.48	48.60	49.51	2108590	104264432.00
2021/08/25	49.40	50.49	49.12	49.72	1752218	87331504.00
2021/08/26	49.90	50.28	48.09	48.16	1856993	90319760.00
2021/08/27	47.70	48.00	46.70	47.02	1722325	81100960.00
2021/08/30	46.80	51.35	46.70	49.99	3343300	166100384.00
2021/08/31	49.30	49.36	47.23	47.56	2371603	113529648.00
2021/09/01	46.88	47.72	46.46	47.32	1450364	68282776.00
2021/09/02	47.00	49.90	46.93	49.06	2401428	117676336.00
2021/09/03	48.32	52.00	48.32	49.94	2854759	142340784.00
2021/09/06	49.30	51.38	48.81	50.33	2274357	113934360.00
2021/09/07	49.80	50.94	49.12	49.48	2003704	99902912.00
2021/09/08	49.68	49.85	48.05	48.30	1899758	92564480.00
2021/09/09	48.09	48.56	47.81	48.20	1134500	54549660.00
2021/09/10	48.43	49.14	48.05	48.58	1390100	67655120.00
2021/09/13	49.41	49.43	47.59	47.69	1139900	54766284.00
2021/09/14	47.01	48.08	47.00	47.31	939190	44559272.00
2021/09/15	47.22	47.76	46.81	47.66	939607	44404252.00
2021/09/16	47.84	48.50	46.08	46.08	1346400	62933396.00
2021/09/17	46.09	46.77	45.02	45.29	940600	42996880.00
2021/09/22	44.66	45.42	44.21	44.96	529641	23826216.00
2021/09/23	45.19	45.92	45.13	45.17	693747	31496012.00
2021/09/24	45.38	45.57	44.20	44.20	794843	35592560.00
2021/09/27	44.23	44.99	42.78	42.85	987669	43144528.00
2021/09/28	42.50	43.24	42.50	42.84	535600	22951524.00
2021/09/29	42.52	42.52	40.04	40.04	1213365	49637476.00
2021/09/30	40.57	40.89	40.07	40.61	547673	22243688.00
2021/10/08	41.58	41.60	40.83	41.00	581726	23963322.00
2021/10/11	41.00	41.86	40.80	41.35	518457	21458634.00
2021/10/12	41.39	41.39	40.08	40.72	588562	23901184.00
2021/10/13	40.38	44.44	40.38	44.08	2230281	96228032.00
2021/10/14	43.10	43.45	42.56	42.97	1290119	55411136.00
2021/10/15	42.81	43.87	42.64	43.20	974400	42230964.00
2021/10/18	43.77	43.77	42.38	42.60	718999	30797328.00
2021/10/19	42.75	43.38	42.11	42.15	754999	32117614.00
2021/10/20	41.60	42.57	41.60	41.81	505419	21163874.00
2021/10/21	41.40	44.18	40.78	42.98	1699552	72240704.00
2021/10/22	42.70	42.85	42.11	42.21	797753	33769292.00
2021/10/25	42.03	42.18	41.03	41.57	695553	28781980.00
2021/10/26	41.39	42.86	41.30	42.37	876300	36973136.00
2021/10/27	42.39	43.16	40.61	40.70	977200	40518216.00
2021/10/28	39.37	39.40	37.40	37.41	1364200	51987764.00
2021/10/29	37.68	38.08	37.35	37.92	517295	19604098.00
2021/11/01	37.69	39.43	37.65	39.28	881000	34217040.00
2021/11/02	39.28	40.55	38.90	39.13	1146398	45689344.00
2021/11/03	39.01	40.38	38.81	39.67	757610	29921740.00
2021/11/04	39.80	40.55	39.51	40.31	753526	30292398.00
2021/11/05	40.66	44.08	40.00	43.07	3305925	141935392.00
2021/11/08	42.07	43.06	42.05	42.49	1500105	63616840.00
2021/11/09	42.87	43.47	42.10	43.30	1492800	64083608.00
2021/11/10	42.89	44.30	42.87	44.14	1699005	74065656.00
2021/11/11	44.21	45.00	43.52	43.92	2137244	94582128.00
2021/11/12	43.60	47.49	43.49	45.36	2900811	132085400.00
2021/11/15	44.66	47.50	44.66	46.87	3028333	140788864.00
2021/11/16	47.12	49.00	44.66	44.66	2942860	137354016.00
2021/11/17	44.68	47.98	44.68	47.97	3293318	154188208.00
2021/11/18	47.72	47.72	45.17	45.44	2385400	109774256.00
2021/11/19	45.98	46.57	44.79	45.54	1652700	75652744.00
2021/11/22	45.38	47.32	45.38	46.71	1997400	93360264.00
2021/11/23	46.51	48.08	46.29	48.03	2445998	115793856.00
2021/11/24	48.06	48.80	46.85	48.60	3091385	148103968.00
2021/11/25	48.35	48.48	47.22	47.31	2358851	112634296.00
2021/11/26	47.30	49.32	46.83	47.85	2429107	116880376.00
2021/11/29	47.00	49.99	46.51	49.53	3670920	179741744.00
2021/11/30	49.29	49.49	46.61	46.70	3326922	159547264.00
2021/12/01	46.69	48.87	46.53	47.49	2631157	126022480.00
2021/12/02	47.57	47.76	45.06	45.06	2213142	101848624.00
2021/12/03	45.00	46.24	44.56	45.51	1876500	85110632.00
2021/12/06	45.50	45.53	41.98	42.21	2065032	88784016.00
2021/12/07	42.24	42.95	40.82	41.10	1117150	46137248.00
2021/12/08	41.27	41.88	41.10	41.58	857700	35594072.00
2021/12/09	41.55	41.90	41.35	41.75	881800	36786788.00
2021/12/10	41.50	42.35	41.18	42.14	938500	39284444.00
2021/12/13	42.14	42.20	41.42	41.76	678171	28315720.00
2021/12/14	41.94	42.73	41.45	42.33	1103900	46360520.00
2021/12/15	42.05	42.60	41.95	42.33	958200	40550784.00
2021/12/16	42.97	44.42	42.74	43.70	2567976	111787984.00
2021/12/17	43.44	43.57	42.03	42.07	1562577	66640100.00
2021/12/20	42.00	42.20	40.70	40.79	1003602	41611364.00
2021/12/21	40.96	41.64	40.91	41.31	569125	23479540.00
2021/12/22	41.28	41.85	41.00	41.66	600614	24966168.00
2021/12/23	41.50	42.01	41.02	41.88	752514	31292944.00
2021/12/24	42.09	42.28	39.91	39.95	1275000	51890668.00
2021/12/27	39.74	40.38	39.55	40.23	396700	15857667.00
2021/12/28	40.00	40.75	40.00	40.63	448659	18167006.00
2021/12/29	40.40	40.55	39.92	40.23	537257	21584074.00
2021/12/30	40.25	41.00	40.25	40.66	563098	22942688.00
2021/12/31	40.65	41.00	40.26	40.79	444159	18054848.00
2022/01/04	40.80	41.27	40.62	41.18	668442	27407130.00
2022/01/05	41.18	41.18	39.70	40.12	964000	38688968.00
2022/01/06	40.00	40.59	39.85	40.40	568942	22912776.00
2022/01/07	40.80	40.80	39.94	40.12	605400	24337858.00
2022/01/10	40.08	40.62	39.56	40.48	490700	19749654.00
2022/01/11	40.49	40.80	40.21	40.66	537593	21801234.00
2022/01/12	40.66	41.09	40.50	41.02	640730	26222030.00
2022/01/13	42.69	42.98	41.25	41.42	1387937	58305644.00
2022/01/14	40.60	41.48	40.30	40.65	849370	34774608.00
2022/01/17	40.58	41.58	40.40	41.57	802100	33125458.00
2022/01/18	41.58	41.85	40.97	41.26	802200	33198000.00
2022/01/19	41.21	41.78	41.06	41.42	498642	20650880.00
2022/01/20	41.41	41.49	39.82	39.83	791200	31957236.00
2022/01/21	39.83	40.03	38.66	39.01	512851	20115364.00
2022/01/24	38.63	39.15	38.63	39.01	215400	8406589.00
2022/01/25	39.02	39.19	37.74	37.75	440100	16806616.00
2022/01/26	37.75	38.31	37.71	37.95	265400	10083988.00
2022/01/27	38.01	38.01	36.65	36.65	447500	16638083.00
2022/01/28	37.00	37.35	36.60	37.17	287100	10637249.00
2022/02/07	37.77	37.91	37.46	37.53	254200	9547820.00
2022/02/08	37.64	38.15	37.50	37.96	358600	13557518.00
2022/02/09	37.96	38.96	37.85	38.63	435400	16746400.00
2022/02/10	38.60	38.74	38.05	38.19	409800	15672174.00
2022/02/11	38.00	38.43	37.38	37.49	371100	13963110.00
2022/02/14	37.08	37.65	37.07	37.49	205300	7672797.00
2022/02/15	37.58	37.66	37.07	37.48	266264	9956072.00
2022/02/16	37.71	38.19	37.71	38.08	344200	13078744.00
2022/02/17	38.08	38.49	37.83	38.01	478600	18269864.00
2022/02/18	37.97	38.00	37.42	38.00	353300	13312778.00
2022/02/21	38.00	38.46	38.00	38.44	409130	15677642.00
2022/02/22	38.01	39.40	37.60	38.83	706300	27148984.00
2022/02/23	38.65	39.55	38.61	39.42	831803	32666008.00
2022/02/24	39.23	39.38	37.66	38.20	940833	36275656.00
2022/02/25	38.56	38.99	38.24	38.26	481700	18587738.00
2022/02/28	38.08	38.24	37.34	37.91	381600	14413991.00
2022/03/01	37.91	38.34	37.91	38.20	310130	11812591.00
2022/03/02	38.01	38.40	37.76	38.30	304330	11609929.00
2022/03/03	38.37	38.48	37.73	37.90	337430	12834986.00
2022/03/04	37.70	38.28	37.41	37.65	317900	12039771.00
2022/03/07	37.51	37.51	36.88	36.91	334419	12434199.00
2022/03/08	36.90	37.48	36.00	36.01	378500	13800797.00
2022/03/09	36.01	36.99	33.51	34.83	556871	19557786.00
2022/03/10	35.82	35.82	34.90	34.90	323023	11406298.00
2022/03/11	34.51	35.17	33.99	34.97	313877	10796935.00
2022/03/14	34.62	34.80	33.85	33.88	283200	9696480.00
2022/03/15	33.87	34.09	32.48	32.48	404800	13429739.00
2022/03/16	32.58	33.41	31.80	33.23	376577	12309890.00
2022/03/17	33.79	34.45	33.38	33.69	428123	14519052.00
2022/03/18	33.59	34.15	33.30	34.03	250900	8507969.00
2022/03/21	34.03	39.44	33.88	37.28	1827255	68867848.00
2022/03/22	36.20	36.76	35.91	36.23	1093648	39652272.00
2022/03/23	35.85	39.96	35.59	38.79	2075952	79206832.00
2022/03/24	38.25	39.37	37.69	37.85	1678084	64340120.00
2022/03/25	37.87	37.87	36.38	36.38	1014992	37510076.00
2022/03/28	36.30	36.82	35.50	36.00	523600	18813936.00
2022/03/29	35.99	36.50	34.51	34.55	613400	21726988.00
2022/03/30	34.98	35.12	34.58	35.10	347200	12125096.00
2022/03/31	35.00	36.40	34.70	36.15	654500	23352782.00
2022/04/01	36.00	37.62	36.00	36.56	709400	26049208.00
2022/04/06	36.00	36.80	36.00	36.55	542800	19790414.00
2022/04/07	36.54	37.22	35.38	36.95	812700	29514704.00
2022/04/08	36.90	37.90	36.26	37.90	1035700	38634912.00
2022/04/11	37.45	38.57	36.72	36.90	970164	36633792.00
2022/04/12	36.36	36.59	34.91	36.27	783400	27830420.00
2022/04/13	36.28	39.20	36.20	38.79	1956399	75193056.00
2022/04/14	38.30	39.01	37.70	38.81	1448499	55431228.00
2022/04/15	35.95	35.97	33.33	33.50	1972574	67544984.00
2022/04/18	32.68	33.16	31.69	32.77	819600	26622084.00
2022/04/19	32.60	33.17	32.60	33.05	499700	16435939.00
2022/04/20	32.93	33.55	32.16	32.16	556946	18220294.00
2022/04/21	32.14	32.36	30.15	30.20	725807	22570054.00
2022/04/22	29.76	30.49	29.45	29.58	467784	13951758.00
2022/04/25	29.00	29.48	26.73	26.74	628700	17547540.00
2022/04/26	27.07	27.21	25.06	25.37	567108	14864991.00
2022/04/27	24.71	26.24	24.37	26.00	633900	16090837.00
2022/04/28	25.98	25.98	24.66	24.96	502764	12635605.00
2022/04/29	25.22	26.34	25.18	26.20	568364	14742933.00
2022/05/05	26.19	27.27	26.19	26.95	479000	12864184.00
2022/05/06	26.78	27.26	26.08	27.10	522807	14067116.00
2022/05/09	27.12	27.89	27.12	27.75	344700	9513760.00
2022/05/10	27.31	28.39	27.20	28.22	446500	12565792.00
2022/05/11	28.15	29.37	28.15	28.27	648700	18681484.00
2022/05/12	28.18	28.79	28.00	28.59	430800	12254815.00
2022/05/13	29.00	29.27	28.32	28.79	414500	11909020.00
2022/05/16	28.79	29.41	28.64	28.71	420982	12197834.00
2022/05/17	28.09	29.30	28.09	28.68	340700	9744167.00
2022/05/18	28.68	29.32	28.68	28.84	269900	7828962.00
2022/05/19	28.49	29.14	28.45	29.00	280408	8102132.00
2022/05/20	29.08	29.47	28.83	28.89	296900	8609881.00
2022/05/23	29.29	29.44	28.72	29.05	301700	8740992.00
2022/05/24	29.43	29.43	27.30	27.36	510500	14450770.00
2022/05/25	27.54	28.16	27.51	27.91	315100	8755699.00
2022/05/26	27.96	28.11	27.04	27.73	405100	11195594.00
2022/05/27	27.83	28.46	27.80	28.20	435400	12277750.00
2022/05/30	28.20	28.38	27.68	28.05	295300	8263800.00
2022/05/31	27.80	28.48	27.46	28.44	447193	12561144.00
2022/06/01	28.32	29.24	28.07	29.03	519400	15047141.00
2022/06/02	29.03	29.79	28.79	29.62	704493	20708462.00
2022/06/06	29.50	30.50	29.49	30.14	572600	17232884.00
2022/06/07	30.15	30.30	29.31	29.80	488224	14525539.00
2022/06/08	29.81	29.99	29.01	29.49	455953	13471696.00
2022/06/09	29.51	29.68	28.53	28.69	338353	9757241.00
2022/06/10	28.68	29.39	28.17	29.23	316442	9219296.00
2022/06/13	29.28	29.85	29.21	29.58	328753	9733184.00
2022/06/14	29.50	29.59	28.20	29.08	407269	11803739.00
2022/06/15	29.27	29.69	29.08	29.23	437980	12871128.00
2022/06/16	29.16	30.13	28.99	29.99	614080	18295366.00
2022/06/17	29.80	30.03	29.20	29.70	458080	13546222.00
2022/06/20	30.10	30.15	29.60	29.79	287885	8579080.00
2022/06/21	29.79	30.27	29.40	30.20	670785	20123958.00
2022/06/22	29.97	30.51	29.43	30.13	680000	20416438.00
2022/06/23	29.88	32.29	29.81	31.13	1279100	39994936.00
2022/06/24	31.15	31.49	30.50	31.45	988200	30717662.00
2022/06/27	31.48	32.77	30.88	32.30	1355442	43282264.00
2022/06/28	32.30	33.79	31.84	33.55	1719472	56969764.00
2022/06/29	33.46	33.61	31.69	32.03	1251100	40751488.00
2022/06/30	31.80	32.09	31.17	31.19	835500	26416938.00
2022/07/01	31.30	32.19	31.12	31.23	595200	18779630.00
2022/07/04	31.46	32.95	30.48	32.20	1180185	37630156.00
2022/07/05	32.00	32.10	30.53	31.07	969300	30236576.00
2022/07/06	30.70	32.57	30.52	31.65	793785	25095054.00
2022/07/07	31.82	32.19	30.83	30.98	606000	18877638.00
2022/07/08	31.30	31.42	30.73	30.86	499400	15522904.00
2022/07/11	30.80	30.80	29.89	30.06	532600	16060576.00
2022/07/12	30.49	30.49	28.96	29.00	450000	13247613.00
2022/07/13	29.38	29.38	28.87	28.93	248897	7220036.00
2022/07/14	28.93	29.68	28.78	29.42	348089	10222768.00
2022/07/15	29.59	30.35	29.00	29.93	611415	18294380.00
2022/07/18	29.71	31.13	29.53	30.85	622519	19150784.00
2022/07/19	31.28	31.28	30.47	30.92	497868	15374658.00
2022/07/20	30.88	31.23	30.82	30.99	434100	13461463.00
2022/07/21	31.18	32.74	30.81	31.67	1034897	33244430.00
2022/07/22	31.58	32.43	30.79	30.96	768980	24066552.00
2022/07/25	31.30	31.34	30.43	30.58	358815	11037224.00
2022/07/26	31.27	31.27	30.00	30.56	314000	9535720.00
2022/07/27	30.30	31.46	30.24	31.34	479700	14925814.00
2022/07/28	31.35	32.49	31.35	32.00	906000	29078244.00
2022/07/29	31.99	32.77	31.72	31.99	890700	28782352.00
2022/08/01	31.66	35.50	31.45	34.88	2722860	93117048.00
2022/08/02	33.98	34.00	32.15	32.39	2120400	69523304.00
2022/08/03	32.38	33.28	31.86	32.09	1475700	48405064.00
2022/08/04	32.19	33.20	32.04	32.65	1118300	36536376.00
2022/08/05	32.87	33.65	32.40	33.60	1670300	55559852.00
2022/08/08	33.23	33.50	32.43	33.45	1219000	40153528.00
2022/08/09	33.49	33.82	32.71	33.37	1168818	38657840.00
2022/08/10	33.14	33.34	32.80	32.96	814113	26888298.00
2022/08/11	33.00	33.69	32.98	33.34	1293695	43200616.00
2022/08/12	32.35	33.11	32.00	32.02	1480995	48198524.00
2022/08/15	31.87	32.30	31.46	31.62	744400	23570712.00
2022/08/16	31.63	32.97	31.49	32.15	1059500	34272124.00
2022/08/17	32.00	32.33	31.46	31.67	800363	25368478.00
2022/08/18	31.48	32.91	31.20	32.91	1469100	47715580.00
2022/08/19	33.07	33.11	31.71	31.75	1142437	36854940.00
2022/08/22	31.30	31.60	30.53	30.62	969800	29973180.00
2022/08/23	30.78	31.00	30.18	30.64	487237	14885457.00
2022/08/24	30.60	30.60	28.95	28.97	989200	29145394.00
2022/08/25	29.40	29.40	28.09	28.33	611213	17391468.00
2022/08/26	28.33	28.56	27.76	27.83	551083	15516245.00
2022/08/29	27.33	28.09	27.17	27.95	304139	8465940.00
2022/08/30	28.10	28.35	27.72	28.11	325900	9144522.00
2022/08/31	28.00	28.06	27.13	27.42	466300	12813655.00
2022/09/01	27.50	27.87	27.32	27.53	360305	9935826.00
2022/09/02	27.62	28.28	27.62	28.03	360188	10071303.00
2022/09/05	28.03	28.27	27.54	27.75	411500	11477738.00
2022/09/06	27.83	27.97	27.56	27.94	296588	8241354.50
2022/09/07	27.81	28.46	27.80	28.30	476700	13478504.00
2022/09/08	28.16	28.30	27.53	27.68	388600	10817217.00
2022/09/09	27.37	27.79	27.12	27.44	309974	8466808.00
2022/09/13	27.48	27.98	27.46	27.66	187100	5187737.00
2022/09/14	27.14	27.99	27.00	27.86	285300	7849195.00
2022/09/15	27.89	27.98	26.93	27.10	356000	9701339.00
2022/09/16	27.16	27.21	26.06	26.12	405300	10763621.00
2022/09/19	26.20	26.43	25.70	26.18	328800	8565581.00
2022/09/20	26.20	26.43	25.93	26.30	277700	7282672.00
2022/09/21	26.12	26.44	25.60	26.43	196200	5131713.00
2022/09/22	26.43	26.93	26.21	26.71	311200	8304746.00
2022/09/23	26.55	26.59	25.30	25.33	468600	12110459.00
2022/09/26	25.33	25.57	25.02	25.34	291900	7385016.00
2022/09/27	25.40	25.76	25.05	25.56	379500	9620329.00
2022/09/28	25.56	25.56	24.80	24.80	361400	9048952.00
2022/09/29	24.85	25.12	24.70	24.83	217418	5418372.50
2022/09/30	24.85	24.98	24.51	24.55	142897	3527476.75
2022/10/10	24.61	24.61	23.53	23.74	221000	5327688.00
2022/10/11	23.85	24.25	23.53	24.15	180900	4335546.00
2022/10/12	24.78	24.80	23.82	24.75	193031	4712492.50
2022/10/13	25.14	25.30	24.77	24.99	230708	5773017.00
2022/10/14	25.00	25.54	24.99	25.39	261100	6620988.00
2022/10/17	25.27	26.00	25.23	25.97	366900	9448898.00
2022/10/18	25.87	30.29	25.87	28.08	2747599	79538192.00
2022/10/19	27.28	27.44	26.63	26.85	1780145	47919436.00
2022/10/20	26.74	27.38	26.28	27.22	1214446	32736370.00
2022/10/21	27.63	27.63	26.48	26.95	667988	17883870.00
2022/10/24	27.49	27.49	26.62	26.76	623200	16855276.00
2022/10/25	26.77	26.79	26.05	26.16	462628	12188923.00
2022/10/26	26.28	26.98	26.16	26.70	411100	10933070.00
2022/10/27	26.62	26.95	26.52	26.53	483600	12920847.00
2022/10/28	26.42	26.71	25.60	25.60	485612	12672254.00
2022/10/31	25.35	26.64	25.35	26.38	460512	12083550.00
2022/11/01	26.98	27.69	26.92	27.43	826699	22576272.00
2022/11/02	27.42	27.79	27.25	27.29	611900	16812250.00
2022/11/03	27.08	27.51	26.85	27.44	411700	11247913.00
2022/11/04	27.29	27.73	27.15	27.32	699672	19184754.00
2022/11/07	27.39	27.79	27.19	27.32	444700	12205538.00
2022/11/08	27.18	27.45	26.92	27.39	342700	9338812.00
2022/11/09	27.54	27.54	27.10	27.22	275000	7490825.00
2022/11/10	27.35	27.35	26.96	27.20	387400	10528008.00
2022/11/11	27.45	27.76	27.11	27.17	514100	14095090.00
2022/11/14	27.30	28.86	26.94	28.35	1762885	49530332.00
2022/11/15	28.13	29.30	27.65	29.16	2067200	59095996.00
2022/11/16	28.89	29.00	28.25	28.29	1104805	31537548.00
2022/11/17	28.15	28.48	27.96	28.42	601589	16989652.00
2022/11/18	28.42	28.55	27.73	27.76	759794	21348442.00
2022/11/21	27.77	28.05	27.35	28.04	382505	10635877.00
2022/11/22	28.00	28.43	27.53	27.64	634391	17773238.00
2022/11/23	27.80	27.80	26.70	26.98	539086	14577554.00
2022/11/24	27.10	27.46	27.00	27.25	267280	7294857.00
2022/11/25	27.54	27.54	26.70	26.80	303900	8197287.00
2022/11/28	26.80	26.85	26.39	26.40	320000	8483412.00
2022/11/29	26.45	26.88	26.45	26.85	268717	7190031.50
2022/11/30	26.84	27.07	26.63	26.78	241200	6466259.00
2022/12/01	27.00	27.44	26.79	27.42	510800	13920465.00
2022/12/02	27.18	27.58	27.18	27.43	275237	7548595.00
2022/12/05	27.43	27.80	27.31	27.73	348700	9607388.00
2022/12/06	27.70	28.16	27.55	27.90	486400	13586056.00
2022/12/07	27.83	27.98	27.53	27.58	313900	8692991.00
2022/12/08	27.72	27.72	27.30	27.30	206000	5639867.00
2022/12/09	27.50	27.50	27.21	27.25	188700	5156334.00
2022/12/12	27.32	27.94	27.00	27.81	383833	10619923.00
2022/12/13	27.82	27.82	27.34	27.40	247133	6799675.00
2022/12/14	27.81	29.98	27.74	28.70	2116829	61396788.00
2022/12/15	28.02	29.34	28.02	29.00	1685253	48569756.00
2022/12/16	28.89	28.89	28.13	28.19	897000	25431888.00
2022/12/19	28.48	28.48	27.09	27.20	595000	16392612.00
2022/12/20	27.30	27.70	27.13	27.46	437300	11993503.00
2022/12/21	27.46	27.68	26.62	26.77	463800	12548605.00
2022/12/22	26.98	27.18	26.44	26.64	373033	10003681.00
2022/12/23	26.40	26.67	25.87	26.04	521833	13633037.00
2022/12/26	26.10	27.88	25.90	27.68	810190	22145064.00
2022/12/27	27.85	27.85	27.33	27.59	370689	10203262.00
2022/12/28	27.40	27.56	26.76	26.90	410990	11129250.00
2022/12/29	26.70	26.99	26.51	26.66	332600	8879478.00
2022/12/30	27.00	27.03	26.50	26.79	264089	7064954.50
2023/01/03	26.87	28.11	26.86	27.94	754306	20867724.00
2023/01/04	27.94	28.25	27.62	27.98	442000	12382774.00
2023/01/05	28.09	28.14	27.77	27.97	372700	10416546.00
2023/01/06	27.97	28.20	27.80	27.99	386700	10831666.00
2023/01/09	28.28	29.04	28.01	28.77	1236300	35604396.00
2023/01/10	28.67	28.91	28.43	28.58	627700	17957908.00
2023/01/11	28.88	28.98	27.99	28.05	559895	15878994.00
2023/01/12	28.14	28.64	28.05	28.36	560100	15859713.00
2023/01/13	28.17	28.46	27.90	27.97	371999	10450791.00
2023/01/16	28.29	28.42	27.98	28.26	378600	10717604.00
2023/01/17	28.10	28.88	28.10	28.63	629995	18023230.00
2023/01/18	28.61	28.66	28.40	28.59	327800	9339141.00
2023/01/19	28.48	28.77	28.41	28.77	428200	12281996.00
2023/01/20	28.79	28.94	28.62	28.73	418000	12023504.00
2023/01/30	29.01	29.23	28.88	29.00	756700	21961282.00
2023/01/31	28.88	29.29	28.81	29.25	556200	16167733.00
2023/02/01	29.39	30.19	29.39	29.87	1475149	44080068.00
2023/02/02	29.61	30.43	29.57	30.10	1215400	36470448.00
2023/02/03	29.81	30.26	29.45	29.99	827700	24684268.00
2023/02/06	29.88	30.10	29.69	30.10	663400	19871032.00
2023/02/07	30.30	30.81	29.91	30.81	1111266	33745448.00
2023/02/08	30.99	30.99	29.71	29.88	1277766	38483216.00
2023/02/09	29.70	30.75	29.54	30.56	1178000	35624220.00
2023/02/10	30.56	31.13	30.27	30.72	1081900	33343840.00
数据来源:通达信
