300558 贝达药业 日线 不复权
      日期	    开盘	    最高	    最低	    收盘	    成交量	    成交额
2016/11/07	23.19	25.30	23.19	25.30	4764	120318.20
2016/11/08	27.83	27.83	27.83	27.83	3100	86273.00
2016/11/09	30.61	30.61	30.61	30.61	6300	192843.00
2016/11/10	33.67	33.67	33.67	33.67	1600	53872.00
2016/11/11	37.04	37.04	37.04	37.04	4300	159272.00
2016/11/14	40.74	40.74	40.74	40.74	4988	203211.13
2016/11/15	44.81	44.81	44.81	44.81	5808	260256.48
2016/11/16	49.29	49.29	49.29	49.29	7168	353310.72
2016/11/17	54.22	54.22	54.22	54.22	17474	947440.25
2016/11/18	59.64	59.64	59.64	59.64	41897	2498737.00
2016/11/21	65.60	65.60	65.60	65.60	51699	3391454.50
2016/11/22	72.16	72.16	72.16	72.16	86503	6242056.50
2016/11/23	79.38	79.38	79.38	79.38	92891	7373687.50
2016/11/24	87.32	87.32	87.32	87.32	110312	9632444.00
2016/11/25	96.05	96.05	92.50	96.05	22226354	2097046016.00
2016/11/28	98.00	99.83	90.50	90.66	14518992	1374302976.00
2016/11/29	89.25	89.78	82.94	83.07	10823177	928901248.00
2016/11/30	83.98	87.98	83.80	85.00	6453861	554845568.00
2016/12/01	83.30	86.80	83.30	85.35	4869532	413518464.00
2016/12/02	85.00	85.20	81.08	81.15	5465294	452174720.00
2016/12/05	80.06	84.00	79.15	81.86	3478030	286153344.00
2016/12/06	81.55	84.84	81.55	83.79	3790063	316018944.00
2016/12/07	83.10	83.78	81.80	83.07	2704984	223533856.00
2016/12/08	83.00	83.77	82.11	82.19	2243568	185621312.00
2016/12/09	82.00	82.00	79.80	79.94	3074977	248363264.00
2016/12/12	81.62	81.99	76.80	77.08	3426439	272577280.00
2016/12/13	77.50	78.00	76.28	76.98	2195248	169016336.00
2016/12/14	76.91	76.98	74.00	74.00	2689524	201872432.00
2016/12/15	74.29	76.32	73.20	74.70	2163214	162404736.00
2016/12/16	74.59	75.00	73.76	74.30	1752108	130072512.00
2016/12/19	74.10	74.99	72.21	72.93	1905499	139293552.00
2016/12/20	72.49	75.80	72.39	74.22	2383632	177469600.00
2016/12/21	74.25	75.20	73.30	74.05	1543097	114154928.00
2016/12/22	74.20	74.97	73.42	74.89	1771620	131749616.00
2016/12/23	74.89	77.58	74.89	76.28	4309811	329897088.00
2016/12/26	75.51	75.54	72.22	74.90	2389752	176279584.00
2016/12/27	74.70	75.99	74.11	75.12	1601710	120567128.00
2016/12/28	74.60	74.80	73.50	73.77	1559327	115451024.00
2016/12/29	73.50	74.25	73.24	73.38	1331964	98209304.00
2016/12/30	73.13	73.88	73.10	73.80	1067786	78443032.00
2017/01/03	74.00	74.25	73.45	73.70	1102256	81285648.00
2017/01/04	73.80	75.24	73.37	74.93	1934529	144088352.00
2017/01/05	75.00	75.00	74.37	74.50	1375093	102716088.00
2017/01/06	75.88	81.10	75.50	77.20	4673275	365221088.00
2017/01/09	77.47	79.90	76.20	78.14	2477695	193460784.00
2017/01/10	77.70	78.90	76.50	76.78	2003264	156113920.00
2017/01/11	76.30	76.33	73.31	73.34	2318099	173334016.00
2017/01/12	73.34	74.30	70.80	70.91	2350703	170406480.00
2017/01/13	70.81	71.25	67.85	68.40	2348591	162064976.00
2017/01/16	68.00	68.00	63.88	64.92	2179578	144252784.00
2017/01/17	64.83	68.28	64.50	67.69	2155946	143637728.00
2017/01/18	67.61	67.61	64.92	64.99	1449647	95777880.00
2017/01/19	64.54	67.00	63.58	65.66	1753527	115565632.00
2017/01/20	65.00	66.98	64.51	66.50	1456903	96616680.00
2017/01/23	66.01	67.45	66.00	66.71	1000259	66980728.00
2017/01/24	66.78	67.18	65.01	65.18	954893	62883040.00
2017/01/25	65.45	67.80	65.31	67.15	1458053	97775824.00
2017/01/26	67.72	69.58	67.22	68.67	1658305	113649280.00
2017/02/03	68.00	68.52	66.60	67.41	1059799	71317032.00
2017/02/06	67.60	68.20	66.72	68.00	1405148	94996768.00
2017/02/07	67.70	67.70	65.09	65.55	2528867	166964048.00
2017/02/08	64.88	65.43	63.90	65.31	2200228	142042736.00
2017/02/09	64.90	66.84	64.71	66.41	1929059	127056768.00
2017/02/10	66.62	68.34	66.40	66.40	2696931	182222096.00
2017/02/13	66.05	67.38	64.75	67.14	1737054	114942440.00
2017/02/14	67.00	67.85	66.45	66.88	1166982	78305856.00
2017/02/15	66.93	67.99	66.60	67.47	1770535	119143832.00
2017/02/16	67.02	67.38	66.25	66.69	958324	63872820.00
2017/02/17	66.55	66.65	64.05	64.68	1526927	99799912.00
2017/02/20	64.71	65.65	64.31	65.10	991376	64316924.00
2017/02/21	65.11	66.15	64.85	65.39	886100	58080556.00
2017/02/22	65.40	65.98	64.87	65.14	896328	58389628.00
2017/02/23	65.02	69.20	64.61	68.76	3718386	252108832.00
2017/02/24	69.69	72.00	68.51	69.90	4095507	287894304.00
2017/02/27	70.70	74.79	70.00	73.48	4560353	331289824.00
2017/02/28	73.07	73.20	70.80	71.55	2860846	204936368.00
2017/03/01	71.05	72.49	70.50	70.50	2006488	143178464.00
2017/03/02	70.55	70.89	69.30	70.60	1472159	103262216.00
2017/03/03	70.19	70.93	69.60	70.35	1056661	74273600.00
2017/03/06	70.60	72.15	70.15	71.87	1317055	93828464.00
2017/03/07	71.77	72.46	70.80	71.71	1386935	98966208.00
2017/03/08	71.88	71.93	70.21	70.50	980377	69589576.00
2017/03/09	70.20	70.39	69.28	69.51	1016327	70707760.00
2017/03/10	69.22	69.98	68.88	69.51	926357	64322092.00
2017/03/13	69.08	70.58	68.88	70.44	1157470	80958752.00
2017/03/14	70.30	71.45	69.66	69.80	1497313	105537200.00
2017/03/15	69.60	70.45	68.93	70.24	1175171	81937608.00
2017/03/16	70.24	72.50	70.18	71.90	2412613	173024000.00
2017/03/17	71.70	72.00	70.11	70.12	1957887	139187936.00
2017/03/20	69.90	70.12	69.19	70.11	1117813	77783168.00
2017/03/21	70.33	70.33	69.46	69.85	966504	67452800.00
2017/03/22	69.50	69.98	68.98	69.70	1216990	84530408.00
2017/03/23	69.56	72.33	69.56	72.23	3918879	279672192.00
2017/03/24	72.23	72.35	70.85	71.44	1780459	127188360.00
2017/03/27	71.40	71.40	70.33	70.91	1021636	72363304.00
2017/03/28	71.13	73.44	71.13	71.65	2316019	167583984.00
2017/03/29	71.00	71.00	68.27	68.31	2348761	163518640.00
2017/03/30	68.29	68.29	65.48	65.75	1970309	130777032.00
2017/03/31	66.65	66.65	65.50	66.34	1011525	66714948.00
2017/04/05	66.29	66.81	65.68	66.71	1146648	75935896.00
2017/04/06	66.15	67.52	65.78	66.73	1221620	81216856.00
2017/04/07	66.71	66.71	65.88	65.88	961219	63533160.00
2017/04/10	64.98	64.98	60.90	61.00	2676117	166633520.00
2017/04/11	61.66	61.77	59.80	61.10	1280395	77760712.00
2017/04/12	60.73	60.78	60.09	60.11	779570	47020468.00
2017/04/13	60.11	60.69	60.00	60.13	640314	38583784.00
2017/04/14	60.20	60.45	58.77	59.01	768798	45596308.00
2017/04/17	58.42	58.51	55.88	57.29	1101637	63002612.00
2017/04/18	57.50	58.28	57.02	57.27	582534	33653516.00
2017/04/19	57.28	58.38	57.28	57.71	787193	45600584.00
2017/04/20	57.85	58.25	57.20	57.62	716287	41388840.00
2017/04/21	57.50	59.37	57.50	58.58	882854	51685928.00
2017/04/24	58.15	58.58	56.00	56.89	699432	39999436.00
2017/04/25	57.07	57.87	57.07	57.30	470171	27014706.00
2017/04/26	57.30	58.35	57.15	57.62	517994	29902808.00
2017/04/27	58.80	62.92	58.80	60.84	2661073	161576192.00
2017/04/28	61.00	61.23	59.81	59.95	1153467	69658776.00
2017/05/02	60.90	61.00	59.89	59.89	776954	46889884.00
2017/05/03	59.90	60.87	59.70	60.77	816181	49248316.00
2017/05/04	60.75	60.75	59.84	60.01	658610	39716852.00
2017/05/05	59.95	60.79	59.77	59.77	723294	43632612.00
2017/05/08	59.50	60.29	59.26	59.40	707028	42225968.00
2017/05/09	59.40	60.60	59.40	60.20	734209	44139160.00
2017/05/10	60.20	60.33	57.50	57.57	1187000	69785712.00
2017/05/11	57.16	57.45	55.56	57.10	1120427	63143904.00
2017/05/12	56.99	57.24	56.38	56.55	396000	22479786.00
2017/05/15	57.05	57.34	56.01	56.26	519593	29402172.00
2017/05/16	55.85	57.50	55.71	57.49	870185	49416176.00
2017/05/17	57.48	58.39	57.01	57.49	684300	39540284.00
2017/05/18	57.31	58.14	57.03	57.35	597931	34465584.00
2017/05/19	57.79	57.83	57.04	57.10	385600	22099092.00
2017/05/22	57.11	57.45	55.85	55.90	636428	35804552.00
2017/05/23	55.66	56.20	53.83	53.90	1081600	59299540.00
2017/05/24	53.83	53.95	52.50	53.62	560044	29789576.00
2017/05/25	53.94	54.50	52.50	53.64	693367	37022708.00
2017/05/26	53.69	54.08	53.46	53.60	334200	17955762.00
2017/05/31	54.70	54.99	53.00	53.00	633727	34339040.00
2017/06/01	52.80	53.00	51.70	51.90	711463	37146556.00
2017/06/02	52.00	55.10	51.98	54.98	1541239	83120984.00
2017/06/05	54.58	58.93	54.58	57.99	1841262	105504232.00
2017/06/06	57.61	58.55	57.11	57.90	916324	53033080.00
2017/06/07	57.89	58.55	57.59	58.51	1265412	73658888.00
2017/06/08	58.56	58.74	56.90	57.58	1405866	81200448.00
2017/06/09	57.29	58.24	57.29	58.00	733707	42516236.00
2017/06/12	57.37	57.90	57.04	57.25	570421	32761934.00
2017/06/13	57.30	60.38	57.23	59.29	1310438	77933600.00
2017/06/14	59.00	59.79	58.82	59.47	699106	41469348.00
2017/06/15	59.30	59.97	59.21	59.25	655646	39084520.00
2017/06/16	59.38	59.80	58.83	59.02	593125	35086144.00
2017/06/19	59.50	59.80	59.08	59.39	365700	21734396.00
2017/06/20	59.70	59.72	58.19	58.35	660700	38907596.00
2017/06/21	58.68	58.68	57.50	57.67	694860	40256440.00
2017/06/22	57.78	58.30	57.50	57.52	476900	27559916.00
2017/06/23	57.58	57.58	56.03	56.97	675186	38357192.00
2017/06/26	56.88	58.50	56.88	58.19	596574	34493628.00
2017/06/27	58.43	58.88	58.02	58.45	499147	29162656.00
2017/06/28	58.37	58.38	57.35	57.51	444947	25635464.00
2017/06/29	57.26	58.13	57.25	57.77	402071	23236358.00
2017/06/30	57.80	59.75	57.43	59.64	1427315	84441448.00
2017/07/03	60.00	60.19	59.00	59.73	589832	35130076.00
2017/07/04	59.89	59.97	58.61	59.02	615795	36459036.00
2017/07/05	59.16	59.59	58.80	59.26	523930	31001568.00
2017/07/06	59.26	59.35	58.33	58.67	712900	41945812.00
2017/07/07	58.71	59.80	58.45	59.22	578625	34283684.00
2017/07/10	58.86	59.22	57.62	57.71	665574	38728240.00
2017/07/11	57.60	57.96	56.53	56.65	526235	30199354.00
2017/07/12	56.60	57.45	56.02	56.87	534352	30198800.00
2017/07/13	57.00	57.54	57.00	57.26	342400	19603086.00
2017/07/14	54.80	55.46	54.41	55.00	1040575	57209204.00
2017/07/17	54.48	54.50	51.92	51.98	1082300	57134640.00
2017/07/18	51.73	53.15	51.71	52.82	549952	28815236.00
2017/07/19	52.84	53.15	52.43	53.00	374441	19734912.00
2017/07/20	53.19	53.79	52.59	52.70	440904	23441636.00
2017/07/21	52.63	53.28	52.11	52.30	377461	19768072.00
2017/07/24	52.55	52.55	51.72	52.24	480260	25029008.00
2017/07/25	52.20	52.40	51.80	51.91	376241	19538652.00
2017/07/26	51.92	52.32	51.91	51.97	303000	15777971.00
2017/07/27	52.01	54.40	51.70	53.73	1067243	56889256.00
2017/07/28	53.74	54.15	53.21	53.33	498198	26715568.00
2017/07/31	53.00	53.56	53.00	53.08	330110	17557770.00
2017/08/01	53.10	53.10	52.60	52.88	378028	19965286.00
2017/08/02	53.03	53.03	51.92	51.92	567563	29815320.00
2017/08/03	51.92	53.00	51.52	52.28	560296	29326438.00
2017/08/04	52.09	52.38	51.80	51.97	413791	21509136.00
2017/08/07	52.21	52.55	51.98	52.43	243362	12754677.00
2017/08/08	52.21	52.50	51.96	52.20	317600	16554956.00
2017/08/09	52.37	52.37	51.75	52.00	309600	16090578.00
2017/08/10	52.00	52.36	51.81	52.04	354500	18469740.00
2017/08/11	51.83	52.20	51.50	51.80	318300	16498234.00
2017/08/14	51.80	52.68	51.56	52.49	528288	27587108.00
2017/08/15	52.55	52.59	52.08	52.19	285261	14902351.00
2017/08/16	52.20	53.40	52.00	53.10	626353	33126618.00
2017/08/17	52.62	53.25	52.48	53.00	448957	23752230.00
2017/08/18	53.03	56.45	53.03	54.95	2112931	116385104.00
2017/08/21	54.02	54.90	54.02	54.45	752115	40885016.00
2017/08/22	54.29	54.65	53.31	53.38	799306	43109144.00
2017/08/23	53.11	53.90	53.05	53.45	619964	33087722.00
2017/08/24	53.20	53.45	52.80	52.84	526284	27888106.00
2017/08/25	52.83	53.75	52.41	53.36	488250	25980294.00
2017/08/28	53.52	54.94	53.52	54.46	936109	50977288.00
2017/08/29	54.21	54.99	54.21	54.40	687131	37485648.00
2017/08/30	54.43	54.71	53.79	54.11	541099	29259650.00
2017/08/31	54.48	56.31	54.20	55.70	1537205	85600480.00
2017/09/01	55.52	55.73	54.86	55.30	905155	49997364.00
2017/09/04	55.88	56.27	55.43	55.58	864400	48269164.00
2017/09/05	55.11	55.86	54.78	54.86	724069	39871256.00
2017/09/06	54.75	55.47	54.52	55.35	653566	35997840.00
2017/09/07	55.30	56.77	55.03	55.72	1168485	65471620.00
2017/09/08	55.56	58.77	55.12	57.02	1903394	109074096.00
2017/09/11	57.15	57.15	56.05	56.55	890490	50323588.00
2017/09/12	56.60	56.93	55.93	55.96	997500	56131152.00
2017/09/13	56.01	56.15	55.30	55.75	559500	31141236.00
2017/09/14	55.75	56.90	55.40	56.10	783300	44179744.00
2017/09/15	56.00	56.16	55.03	55.06	641729	35539832.00
2017/09/18	54.87	55.24	54.76	54.93	422792	23238736.00
2017/09/19	54.98	55.45	54.71	54.97	476250	26201730.00
2017/09/20	55.00	55.29	54.58	55.04	544700	29903998.00
2017/09/21	55.36	55.36	54.62	54.67	468822	25752732.00
2017/09/22	54.72	54.72	53.77	54.10	473536	25647122.00
2017/09/25	54.29	56.17	54.19	55.29	1105564	61396288.00
2017/09/26	55.30	55.63	53.80	54.19	575864	31260604.00
2017/09/27	54.68	54.68	54.07	54.55	315310	17142620.00
2017/09/28	54.55	55.79	54.29	54.59	622441	34320876.00
2017/09/29	54.53	55.18	54.53	55.05	332800	18282868.00
2017/10/09	55.48	56.72	55.25	56.29	1011149	56903268.00
2017/10/10	56.66	61.92	56.36	60.83	3460386	208342816.00
2017/10/11	61.82	64.45	60.06	60.35	3002918	186854272.00
2017/10/12	61.25	61.50	59.08	61.09	1310870	79590664.00
2017/10/13	60.06	60.80	59.49	59.80	1335924	80163432.00
2017/10/16	60.20	61.00	59.51	59.75	1206961	72444144.00
2017/10/17	60.00	61.50	59.55	61.32	1423267	86331720.00
2017/10/18	61.50	64.19	61.33	63.80	2817903	179236256.00
2017/10/19	63.62	66.24	62.60	65.90	2780450	180871008.00
2017/10/20	65.61	66.50	64.10	66.20	1354438	88426712.00
2017/10/23	65.91	70.23	65.52	69.72	2621273	180717120.00
2017/10/24	69.69	70.26	68.01	69.68	1491718	102962480.00
2017/10/25	69.08	69.48	68.08	68.61	1240778	85265568.00
2017/10/26	68.36	68.80	66.68	67.20	1361090	92216840.00
2017/10/27	67.01	71.56	67.01	70.36	2461373	172840848.00
2017/10/30	71.00	71.55	68.70	69.49	1958041	136314560.00
2017/10/31	69.03	70.71	68.05	69.15	1339969	92622352.00
2017/11/01	68.86	69.54	67.70	68.48	938829	64367256.00
2017/11/02	68.21	70.85	68.16	70.57	1635058	114456800.00
2017/11/03	70.40	70.40	68.23	70.01	1392566	96753944.00
2017/11/06	69.36	76.82	67.76	74.45	3184176	233018336.00
2017/11/07	74.30	74.97	69.22	69.94	6013182	431027168.00
2017/11/08	67.00	69.70	66.95	67.17	4070829	278291520.00
2017/11/09	67.18	67.30	65.08	66.02	2142182	141331440.00
2017/11/10	66.00	66.15	63.88	63.97	4095705	263937600.00
2017/11/13	64.20	67.99	63.82	67.40	3303168	218192912.00
2017/11/14	67.40	68.44	65.42	65.60	1667105	111619376.00
2017/11/15	65.18	68.15	65.10	66.18	1923018	128246728.00
2017/11/16	66.21	68.17	65.99	67.00	1902192	128290648.00
2017/11/17	67.10	67.48	64.00	64.08	1499962	98659664.00
2017/11/20	63.80	66.26	61.38	64.20	1711698	109889664.00
2017/11/21	65.58	65.68	63.80	64.19	1277144	82608776.00
2017/11/22	64.21	64.59	61.71	62.20	1898953	119520064.00
2017/11/23	62.97	63.23	62.02	62.14	1325277	83063632.00
2017/11/24	61.88	62.74	61.77	62.00	1390837	86765440.00
2017/11/27	61.50	62.09	59.91	60.19	1182240	71713792.00
2017/11/28	60.00	60.00	58.35	59.26	1514964	89829184.00
2017/11/29	59.29	59.29	56.20	56.45	2293244	130915648.00
2017/11/30	56.60	57.57	56.00	57.51	2618828	149404880.00
2017/12/01	57.69	58.28	57.07	57.84	1358000	78783232.00
2017/12/04	57.20	57.35	56.02	56.80	1948227	110713248.00
2017/12/05	56.70	59.23	56.42	57.82	2801400	163425360.00
2017/12/06	57.60	58.99	56.00	57.12	1451645	83246432.00
2017/12/07	57.05	57.85	56.51	57.25	1257409	71919360.00
2017/12/08	57.16	57.96	56.85	57.86	1660280	95607152.00
2017/12/11	58.00	61.20	57.47	61.00	3252528	193230496.00
2017/12/12	60.90	60.99	59.35	59.35	1716380	103450712.00
2017/12/13	60.19	63.43	60.19	63.25	3630744	225222480.00
2017/12/14	62.70	64.66	62.69	63.80	2026330	129193664.00
2017/12/15	64.50	64.50	62.77	63.40	1041466	66097972.00
2017/12/18	63.35	65.74	61.70	62.00	2444636	156516128.00
2017/12/19	62.01	62.98	61.75	62.40	1136772	70990240.00
2017/12/20	62.20	64.33	62.08	62.29	1178129	74182464.00
2017/12/21	62.50	64.70	62.24	64.30	2567580	164076448.00
2017/12/22	64.01	66.10	63.90	64.76	1819002	118378760.00
2017/12/25	64.42	67.74	64.42	66.40	2324529	154222592.00
2017/12/26	66.11	66.90	63.20	64.10	2819050	181803776.00
2017/12/27	63.12	65.08	63.12	63.30	1186615	75956464.00
2017/12/28	63.36	63.82	61.61	62.47	1750088	110001216.00
2017/12/29	62.47	63.90	62.28	63.29	1597800	100909576.00
2018/01/02	63.29	65.23	63.29	63.78	2217652	142183984.00
2018/01/03	63.78	64.48	63.01	63.48	1630193	103605048.00
2018/01/04	63.32	64.98	63.32	64.54	1726432	111026288.00
2018/01/05	64.79	64.89	61.11	61.59	2094164	131843984.00
2018/01/08	61.40	61.40	58.00	60.33	2697746	160482912.00
2018/01/09	60.00	63.40	59.63	63.00	2593764	161831808.00
2018/01/10	62.61	63.30	62.23	63.01	1436300	90306680.00
2018/01/11	63.01	64.30	62.78	63.00	1224907	77892520.00
2018/01/12	63.71	63.75	61.50	62.00	1363700	85485760.00
2018/01/15	61.79	62.00	59.09	59.40	2222016	132853312.00
2018/01/16	59.48	60.23	59.14	59.85	849961	50757496.00
2018/01/17	59.67	60.28	57.61	59.70	1955470	114601392.00
2018/01/18	59.39	59.98	58.51	59.01	711371	42128040.00
2018/01/19	58.95	61.94	58.50	61.35	1540201	93104416.00
2018/01/22	61.35	61.65	60.11	61.49	763071	46511264.00
2018/01/23	61.50	63.05	61.50	62.34	1604867	100170192.00
2018/01/24	62.08	63.06	61.36	62.95	1041326	64916872.00
2018/01/25	62.95	63.13	61.81	61.89	1092588	68238648.00
2018/01/26	61.57	63.56	61.31	62.91	1280845	80581464.00
2018/01/29	62.80	62.80	60.83	60.92	1030864	63513504.00
2018/01/30	60.02	60.65	59.02	59.61	1135510	67706736.00
2018/01/31	59.35	59.98	58.65	58.76	904767	53592936.00
2018/02/01	58.76	60.00	57.00	59.60	1201128	70388408.00
2018/02/02	59.50	60.19	57.72	58.58	773671	45574840.00
2018/02/05	58.62	58.79	57.41	57.45	639947	37132040.00
2018/02/06	57.00	57.00	53.30	53.35	2054339	112360208.00
2018/02/07	54.00	54.33	50.31	51.00	2333398	121263400.00
2018/02/08	50.18	53.83	49.88	53.83	2261398	116255832.00
2018/02/09	52.40	54.68	51.62	53.40	1762841	94158800.00
2018/02/12	53.90	56.19	53.65	55.77	1151261	63692476.00
2018/02/13	55.60	56.24	54.78	55.10	761200	42332248.00
2018/02/14	55.10	55.10	54.39	54.75	363200	19856316.00
2018/02/22	55.13	55.55	54.75	55.01	714823	39331236.00
2018/02/23	55.01	55.32	51.65	52.29	1667305	88106904.00
2018/02/26	52.30	54.30	51.40	54.03	3700151	194505824.00
2018/02/27	54.30	57.46	53.90	57.00	3310584	184580080.00
2018/02/28	56.10	56.30	55.10	55.36	1930202	107592832.00
2018/03/01	55.30	57.00	54.59	55.96	1795571	99992440.00
2018/03/02	55.50	55.95	53.81	54.80	1771447	96927776.00
2018/03/05	54.72	57.20	54.72	56.52	1975085	111443904.00
2018/03/06	56.41	58.36	56.30	57.81	2370698	136716992.00
2018/03/07	57.30	59.00	57.12	57.53	1863785	108358488.00
2018/03/08	57.98	60.35	57.71	59.90	2482028	147620288.00
2018/03/09	60.28	60.98	59.31	59.98	1800709	107969240.00
2018/03/12	62.10	63.18	59.90	60.15	3177215	194180992.00
2018/03/13	60.16	61.28	58.77	59.21	2287598	136669280.00
2018/03/14	59.10	60.28	58.81	59.45	2032143	121428360.00
2018/03/15	59.02	60.44	58.09	58.63	1889556	111857256.00
2018/03/16	58.78	60.39	58.71	59.30	2328528	138778048.00
2018/03/19	59.25	61.74	59.00	61.68	3229030	194672960.00
2018/03/20	61.18	64.50	61.18	64.29	5994432	381082688.00
2018/03/21	64.28	64.90	62.60	63.09	2588031	165156816.00
2018/03/22	63.20	64.82	63.00	63.71	1793777	114718736.00
2018/03/23	62.20	66.60	61.20	62.98	4156435	264568832.00
2018/03/26	62.80	67.17	62.72	66.40	3815330	249988704.00
2018/03/27	66.89	70.27	65.60	68.19	5328433	364669184.00
2018/03/28	66.99	69.56	65.78	65.85	5113088	342916640.00
2018/03/29	65.33	66.15	64.05	65.47	3778203	246833136.00
2018/03/30	65.69	67.33	65.69	66.60	4385197	293177120.00
2018/04/02	66.71	69.23	66.70	68.99	4165226	284544896.00
2018/04/03	68.01	69.80	67.38	68.05	3128826	214969600.00
2018/04/04	68.54	70.79	65.50	65.50	5300005	362826944.00
2018/04/09	65.69	67.18	63.88	64.80	3315716	217281920.00
2018/04/10	64.00	65.99	63.60	64.87	2933102	190466144.00
2018/04/11	64.71	67.99	63.77	67.00	3738819	246208880.00
2018/04/12	66.62	67.66	65.91	66.40	2709536	180899664.00
2018/04/13	67.29	69.70	65.68	66.40	2715113	183924720.00
2018/04/16	66.00	70.14	65.65	70.03	5236693	358713952.00
2018/04/17	70.00	70.02	67.75	68.42	3237101	222705216.00
2018/04/18	68.31	69.50	65.60	68.54	2772604	187616784.00
2018/04/19	68.33	68.89	66.90	67.23	2217851	150789600.00
2018/04/20	67.10	67.67	64.10	64.28	2210458	145167968.00
2018/04/23	63.60	63.75	61.25	62.08	3123378	194507552.00
2018/04/24	61.99	65.25	61.99	65.00	2451352	156578688.00
2018/04/25	64.48	69.78	64.00	68.56	4198339	285221856.00
2018/04/26	68.70	69.34	67.81	68.59	2219107	152366048.00
2018/04/27	68.95	70.68	67.68	68.71	2737864	190454816.00
2018/05/02	70.88	72.30	67.61	68.70	3108506	219028112.00
2018/05/03	68.30	69.88	65.50	67.65	2632452	177503504.00
2018/05/04	67.65	70.89	67.29	70.21	3558555	248589200.00
2018/05/07	70.21	72.65	69.00	71.46	3153464	225400816.00
2018/05/08	71.40	72.62	70.00	70.48	2415523	173084848.00
2018/05/09	70.95	71.88	69.79	70.20	1337114	93970200.00
2018/05/10	70.22	70.98	68.60	70.60	3062937	213042080.00
2018/05/11	70.48	70.48	65.06	65.19	4809776	323001120.00
2018/05/14	65.19	65.74	63.80	65.54	2447112	157765312.00
2018/05/15	65.04	68.00	65.04	66.81	2024135	134732800.00
2018/05/16	66.82	69.28	66.10	68.09	2536053	172391200.00
2018/05/17	67.70	67.70	64.89	65.42	1990079	131608456.00
2018/05/18	65.40	65.40	62.40	63.95	4090579	260734448.00
2018/05/21	63.81	64.38	62.17	63.57	3117985	196637760.00
2018/05/22	63.20	65.48	63.03	64.52	3538433	229146640.00
2018/05/23	64.29	66.65	64.15	64.55	3516908	230208112.00
2018/05/24	65.30	65.41	63.71	63.80	2029000	130597504.00
2018/05/25	63.60	63.75	62.54	63.25	3584034	226312576.00
2018/05/28	62.93	64.88	62.93	63.83	3141809	201007872.00
2018/05/29	63.66	66.55	63.62	64.06	4274971	280884512.00
2018/05/30	63.05	64.73	61.12	63.24	3192304	202254656.00
2018/05/31	63.40	66.30	63.40	66.00	4403045	289296128.00
2018/06/01	65.96	67.50	62.62	62.91	3220368	208277632.00
2018/06/04	63.50	63.71	62.01	63.11	1461881	92119456.00
2018/06/05	63.11	65.20	62.94	64.83	2113004	136641168.00
2018/06/06	64.77	66.21	64.66	65.83	2030928	133101528.00
2018/06/07	66.66	67.68	64.35	65.90	2717268	178995424.00
2018/06/08	65.35	68.47	64.99	68.24	4094381	276636864.00
2018/06/11	67.63	68.80	65.66	65.70	3071417	205113184.00
2018/06/12	63.50	63.80	61.22	62.77	5015094	313075424.00
2018/06/13	62.47	63.00	61.81	62.25	1349275	84312752.00
2018/06/14	62.18	63.15	61.93	62.71	2764372	173458480.00
2018/06/15	62.20	63.34	62.02	62.70	1797414	112949704.00
2018/06/19	62.20	63.78	57.68	57.95	2699802	166200256.00
2018/06/20	58.30	60.02	57.90	59.41	2067830	121482832.00
2018/06/21	59.72	62.50	59.58	59.89	2617749	159859792.00
2018/06/22	59.80	61.99	59.01	61.80	1466540	89305480.00
2018/06/25	62.90	62.90	59.86	60.50	1226904	75352752.00
2018/06/26	59.90	60.50	57.85	58.30	2703690	159188848.00
2018/06/27	58.01	58.64	53.03	54.80	3970210	219640864.00
2018/06/28	54.01	54.88	52.02	52.22	2788473	148266480.00
2018/06/29	52.41	55.94	52.31	55.67	2388299	130376496.00
2018/07/02	55.85	58.10	55.49	56.27	2922669	167319872.00
2018/07/03	56.90	57.72	55.70	57.71	2296528	130402528.00
2018/07/04	57.27	57.80	55.31	56.36	1841213	103967744.00
2018/07/05	55.70	56.94	52.98	53.35	2146386	116624104.00
2018/07/06	53.65	54.65	52.00	54.05	2805110	149500816.00
2018/07/09	54.20	57.78	53.81	56.95	2276833	128115048.00
2018/07/10	57.00	57.99	56.50	57.00	1631344	93134760.00
2018/07/11	56.10	58.58	55.05	57.66	2327765	133218112.00
2018/07/12	57.21	59.80	57.00	59.80	3199374	186963920.00
2018/07/13	59.41	59.52	56.80	57.66	2849673	165459824.00
2018/07/16	57.55	58.36	56.77	56.92	2705293	155352976.00
2018/07/17	57.33	57.49	54.50	55.09	3012608	168242704.00
2018/07/18	55.33	57.44	55.17	57.10	3310929	186858528.00
2018/07/19	57.15	59.18	55.65	56.61	3060102	176008192.00
2018/07/20	56.50	56.98	55.30	56.54	1130000	63576232.00
2018/07/23	54.05	55.00	51.88	53.08	5230382	278688256.00
2018/07/24	53.08	53.49	51.48	53.01	2869673	151306352.00
2018/07/25	52.89	52.89	51.73	52.30	2975487	155358000.00
2018/07/26	52.31	52.80	51.83	52.40	1957616	102529712.00
2018/07/27	52.38	52.38	51.53	51.80	1296031	67270440.00
2018/07/30	51.90	51.99	48.58	49.75	3837863	190284864.00
2018/07/31	49.20	50.00	48.80	49.41	1230820	60854212.00
2018/08/01	49.58	50.00	49.13	49.50	1143093	56709836.00
2018/08/02	49.35	49.80	48.00	49.24	1316053	64225040.00
2018/08/03	49.10	49.60	48.85	49.11	789050	38825416.00
2018/08/06	48.95	49.46	44.38	44.50	2484278	114920624.00
2018/08/07	44.51	45.18	41.60	43.79	3266003	140778704.00
2018/08/08	43.58	44.10	42.00	42.20	1440301	61760352.00
2018/08/09	42.20	45.86	41.81	45.07	2611010	115615416.00
2018/08/10	45.00	46.68	44.55	46.19	1778933	81844648.00
2018/08/13	45.52	46.69	45.17	46.42	1356951	62595940.00
2018/08/14	46.25	47.00	45.12	45.50	958308	43945996.00
2018/08/15	45.45	45.60	43.58	44.40	1566300	69401616.00
2018/08/16	44.08	44.18	42.50	42.91	1267157	54965600.00
2018/08/17	42.91	43.58	38.75	39.00	4361434	176224432.00
2018/08/20	38.55	39.48	37.85	38.97	1634082	63233128.00
2018/08/21	39.20	41.00	39.05	40.64	2677133	107672088.00
2018/08/22	40.88	42.36	40.68	41.01	1606781	66543464.00
2018/08/23	40.59	42.35	40.59	41.64	1530601	63829616.00
2018/08/24	41.38	42.98	41.38	42.45	1656915	70418584.00
2018/08/27	42.31	44.20	41.60	43.50	2474486	106036448.00
2018/08/28	43.43	43.51	42.40	42.71	1510567	64740204.00
2018/08/29	42.85	43.19	42.40	42.70	707700	30254652.00
2018/08/30	42.22	42.70	41.41	41.67	984431	41261144.00
2018/08/31	41.49	42.00	41.13	41.20	914687	38012020.00
2018/09/03	41.46	42.15	41.33	41.91	851690	35488960.00
2018/09/04	41.72	42.15	41.15	41.85	1155282	48098016.00
2018/09/05	41.68	41.98	41.06	41.30	681053	28263374.00
2018/09/06	41.20	41.38	39.77	40.06	951100	38525656.00
2018/09/07	40.12	41.20	40.00	40.06	1128746	45801308.00
2018/09/10	40.30	40.91	39.11	39.50	929196	37073708.00
2018/09/11	39.30	40.15	38.52	39.73	1055112	41596224.00
2018/09/12	39.55	40.15	39.01	39.20	1210790	47920436.00
2018/09/13	39.53	39.94	36.84	37.88	2689086	102284504.00
2018/09/14	37.65	38.63	37.40	38.11	1482680	56578176.00
2018/09/17	37.81	37.97	36.94	36.98	1062275	39786956.00
2018/09/18	37.00	37.94	36.95	37.85	1458169	54685496.00
2018/09/19	37.90	39.65	37.65	38.99	1615306	62572600.00
2018/09/20	38.90	39.47	38.40	38.46	739100	28694700.00
2018/09/21	38.60	39.49	38.01	39.29	897564	34872732.00
2018/09/25	39.20	39.55	39.00	39.40	883400	34723388.00
2018/09/26	39.40	40.38	38.91	40.19	1907244	75627904.00
2018/09/27	40.11	41.40	39.70	39.71	1560811	63023748.00
2018/09/28	39.78	40.28	39.40	40.08	971705	38745756.00
2018/10/08	39.00	39.27	36.07	36.07	2143254	79470440.00
2018/10/09	35.98	36.07	32.52	33.03	4147069	139858416.00
2018/10/10	32.95	33.89	32.53	33.00	1776886	58997840.00
2018/10/11	31.50	31.70	30.18	30.45	3260693	100568800.00
2018/10/12	30.76	31.87	30.55	31.56	2212630	68931984.00
2018/10/15	32.09	33.32	31.60	31.70	1705609	55227204.00
2018/10/16	31.70	32.45	30.95	31.12	1250218	39627856.00
2018/10/17	31.59	32.28	31.10	31.95	1389526	44150880.00
2018/10/18	32.00	32.55	31.27	31.41	1458780	46597564.00
2018/10/19	31.03	32.37	31.00	32.24	1603895	51368136.00
2018/10/22	33.02	34.90	32.44	34.87	4503121	152156752.00
2018/10/23	34.61	34.61	32.88	33.10	2484895	84203416.00
2018/10/24	33.12	33.12	32.25	32.71	1737384	57014656.00
2018/10/25	31.20	32.27	30.83	31.70	2060909	64857416.00
2018/10/26	32.02	32.47	31.51	31.77	1236200	39499016.00
2018/10/29	31.88	33.88	31.86	32.82	2739900	90549104.00
2018/10/30	33.07	35.45	33.00	35.00	3458897	119351480.00
2018/10/31	35.11	35.99	34.65	35.90	2258840	79980456.00
2018/11/01	35.86	36.50	35.30	35.30	2283500	81802552.00
2018/11/02	36.95	36.95	35.70	36.40	2396816	86734120.00
2018/11/05	36.01	37.19	35.61	36.44	2143053	78135696.00
2018/11/06	36.01	36.44	34.80	36.40	1687901	59893048.00
2018/11/07	36.10	36.53	35.50	35.65	1279824	45977984.00
2018/11/08	36.27	36.27	35.11	35.16	1208357	43037396.00
2018/11/09	35.05	35.66	34.70	34.70	1124600	39465456.00
2018/11/12	34.66	36.12	34.66	36.05	1552985	55171712.00
2018/11/13	35.71	36.85	35.61	36.40	1768990	64339024.00
2018/11/14	36.80	36.94	35.71	36.60	1993144	72467320.00
2018/11/15	36.41	37.14	35.91	37.09	1829122	66803780.00
2018/11/16	37.55	37.59	36.69	36.81	1841484	68262280.00
2018/11/19	36.36	36.90	36.23	36.55	1371216	50073096.00
2018/11/20	36.66	36.83	34.84	34.90	2047417	73245344.00
2018/11/21	34.49	35.46	34.31	35.05	1731274	60763632.00
2018/11/22	35.12	35.42	34.80	34.90	1618400	56889588.00
2018/11/23	35.12	35.29	33.52	34.91	2368512	81391584.00
2018/11/26	34.80	35.48	34.23	35.39	2178013	76305272.00
2018/11/27	35.60	38.20	34.86	38.13	3585927	130257384.00
2018/11/28	37.28	40.88	37.11	39.56	5048895	198154704.00
2018/11/29	39.55	40.50	38.90	39.33	2860980	113574160.00
2018/11/30	39.09	39.58	38.38	39.00	2309650	89677824.00
2018/12/03	39.91	40.61	39.20	39.96	3257774	130376320.00
2018/12/04	39.63	41.71	39.52	41.43	2851073	116872792.00
2018/12/05	40.91	43.89	40.78	42.50	3927501	167428496.00
2018/12/06	42.59	43.47	38.25	38.26	7446333	298842016.00
2018/12/07	38.17	38.70	36.12	37.54	6571920	243509264.00
2018/12/10	37.35	37.68	35.24	35.40	4712119	169318192.00
2018/12/11	35.90	36.00	33.80	35.18	3655311	127741216.00
2018/12/12	35.18	35.57	34.54	34.70	2647390	92562160.00
2018/12/13	34.86	35.30	34.22	34.50	2982850	103700568.00
2018/12/14	34.45	34.59	32.35	32.40	4202002	139884656.00
2018/12/17	32.00	32.40	31.18	32.22	2545756	81063080.00
2018/12/18	32.46	32.79	31.66	32.60	2281580	73572608.00
2018/12/19	32.45	32.69	31.83	32.14	1769100	57115304.00
2018/12/20	32.05	32.49	31.40	31.61	2103623	67233656.00
2018/12/21	31.51	31.77	30.23	30.63	2673633	82239136.00
2018/12/24	30.87	31.82	30.70	31.40	2726161	85398688.00
2018/12/25	31.15	31.62	30.70	31.37	2272667	71061824.00
2018/12/26	31.30	31.72	30.78	30.89	1865519	58059224.00
2018/12/27	31.87	32.25	31.16	31.22	3807212	120659392.00
2018/12/28	31.30	31.97	30.82	31.97	2301577	72146568.00
2019/01/02	31.89	31.90	30.22	30.36	2423330	75048632.00
2019/01/03	29.98	29.98	27.32	27.36	5769539	163138048.00
2019/01/04	27.02	30.10	27.02	30.10	8140210	238555504.00
2019/01/07	30.79	31.46	30.02	30.99	5150192	158402800.00
2019/01/08	31.14	33.31	30.82	31.90	4337109	139543408.00
2019/01/09	32.00	32.38	31.51	31.76	3098414	99123136.00
2019/01/10	31.73	32.30	31.41	31.77	2526188	80583288.00
2019/01/11	31.81	32.10	31.58	31.66	1846835	58693016.00
2019/01/14	31.66	32.90	31.49	31.91	2092243	67384600.00
2019/01/15	31.60	32.26	30.91	32.06	2128000	67576200.00
2019/01/16	32.25	32.31	31.45	31.67	2164800	68780784.00
2019/01/17	31.78	31.99	30.78	30.80	1845317	57926296.00
2019/01/18	31.14	33.88	31.02	33.88	5453571	178207440.00
2019/01/21	34.26	34.27	32.68	33.10	4783986	159049280.00
2019/01/22	33.15	33.30	32.28	32.61	3019188	98351984.00
2019/01/23	32.21	33.22	32.13	32.82	3827604	125644736.00
2019/01/24	32.78	33.16	32.00	32.65	2375749	77376600.00
2019/01/25	32.64	32.64	31.65	32.16	2682478	85991856.00
2019/01/28	31.95	32.28	31.01	31.45	2306454	72370784.00
2019/01/29	31.45	31.45	28.91	30.51	3950965	118465904.00
2019/01/30	30.33	30.96	30.03	30.11	1320250	40210888.00
2019/01/31	30.10	30.76	30.06	30.10	1492513	45357428.00
2019/02/01	30.37	31.86	30.30	31.80	1775443	55621412.00
2019/02/11	31.78	32.80	31.50	32.68	2058197	66506384.00
2019/02/12	32.70	34.46	32.68	33.80	4648169	157188416.00
2019/02/13	33.65	34.05	33.10	34.00	3346807	112698184.00
2019/02/14	33.80	33.94	33.42	33.51	2296899	77248392.00
2019/02/15	33.54	33.82	33.10	33.31	1993789	66626272.00
2019/02/18	33.55	35.23	33.54	35.19	4425941	153634224.00
2019/02/19	35.19	36.50	34.96	35.30	4092830	145774112.00
2019/02/20	35.65	35.65	34.75	35.16	2009856	70487360.00
2019/02/21	35.19	36.65	34.90	35.34	3830824	136446416.00
2019/02/22	34.85	35.56	33.82	35.40	4459040	154075120.00
2019/02/25	35.66	37.93	35.66	37.87	5894646	218233744.00
2019/02/26	38.00	40.30	37.33	39.32	5534892	217446144.00
2019/02/27	38.95	39.96	38.42	39.00	3872704	152153760.00
2019/02/28	39.20	41.25	39.00	41.18	4857197	198223488.00
2019/03/01	41.00	42.80	41.00	42.43	3819890	159879088.00
2019/03/04	42.49	46.67	42.26	44.82	8474141	383753280.00
2019/03/05	44.99	46.40	43.90	46.40	4334220	195106800.00
2019/03/06	46.68	47.86	44.28	45.15	5827022	264731744.00
2019/03/07	44.83	44.89	43.20	43.82	5538872	243839136.00
2019/03/08	43.09	45.50	42.50	43.65	4755042	209931728.00
2019/03/11	43.80	46.70	43.80	46.70	5043036	231024464.00
2019/03/12	46.90	49.33	45.66	47.36	7188114	342365984.00
2019/03/13	46.40	48.19	45.26	45.90	4385091	204003824.00
2019/03/14	45.32	46.95	43.81	44.90	4778234	216317984.00
2019/03/15	45.22	45.96	43.76	44.45	4361766	194159552.00
2019/03/18	44.80	47.00	44.10	46.99	4778127	219324896.00
2019/03/19	46.90	48.00	46.03	47.18	5093209	239995696.00
2019/03/20	45.51	47.00	44.59	45.98	6782396	310107776.00
2019/03/21	45.81	46.86	45.60	46.26	3359128	155539888.00
2019/03/22	46.00	48.13	45.28	47.97	4000476	187354336.00
2019/03/25	47.57	49.10	45.81	45.95	4039007	190919264.00
2019/03/26	45.76	46.27	43.94	44.04	3823939	171135408.00
2019/03/27	44.48	45.10	43.88	44.20	2371022	105089712.00
2019/03/28	44.00	44.42	42.60	43.09	2942470	127637776.00
2019/03/29	42.94	44.96	42.71	44.96	3331318	145988384.00
2019/04/01	45.24	45.66	44.70	45.44	4456588	201551280.00
2019/04/02	45.43	45.80	44.70	44.82	3256370	146868976.00
2019/04/03	44.83	45.39	44.10	44.46	2605818	116330512.00
2019/04/04	44.73	45.50	44.19	44.65	2706155	121391192.00
2019/04/08	44.95	44.98	42.13	42.52	3754198	162348000.00
2019/04/09	42.02	43.76	42.02	43.57	3330557	143678400.00
2019/04/10	44.56	45.55	42.91	43.40	5737838	252715120.00
2019/04/11	42.99	43.46	41.90	42.28	2682282	113876144.00
2019/04/12	42.01	42.49	41.15	41.33	1991100	82975944.00
2019/04/15	41.69	42.86	41.68	42.32	3286115	139706160.00
2019/04/16	42.37	42.98	41.53	42.95	2202144	93450728.00
2019/04/17	42.87	42.89	41.67	41.69	3113035	131130088.00
2019/04/18	41.69	42.60	41.69	42.26	2247189	94852192.00
2019/04/19	42.30	42.38	41.27	42.00	1644632	68591344.00
2019/04/22	41.80	42.49	40.80	41.09	2137847	88593632.00
2019/04/23	41.00	41.85	40.90	41.08	1674355	69006880.00
2019/04/24	41.21	43.58	40.85	43.40	3580045	152115328.00
2019/04/25	43.12	44.18	42.59	42.80	3599128	156159888.00
2019/04/26	42.79	42.79	40.88	40.97	2041400	85256656.00
2019/04/29	40.70	41.30	39.30	39.42	2378275	95502528.00
2019/04/30	39.52	40.36	39.48	40.12	1300060	51946480.00
2019/05/06	39.00	40.15	37.68	38.08	3171560	122636672.00
2019/05/07	38.10	39.80	38.10	39.33	2045145	79982768.00
2019/05/08	38.56	41.60	38.38	40.40	2731051	110183768.00
2019/05/09	39.60	39.89	38.80	38.90	2306357	90683648.00
2019/05/10	39.40	40.40	38.08	40.20	2488740	98117216.00
2019/05/13	39.65	40.28	39.50	39.64	1581254	62878832.00
2019/05/14	39.01	40.05	39.01	39.50	969838	38388552.00
2019/05/15	39.80	40.31	39.44	40.26	1164364	46453172.00
2019/05/16	40.34	40.37	39.90	40.27	990100	39767400.00
2019/05/17	40.11	40.40	38.91	39.15	1218571	48149392.00
2019/05/20	39.15	39.87	38.85	39.86	1263700	49783512.00
2019/05/21	39.53	41.38	39.41	41.22	1969403	80398536.00
2019/05/22	41.42	41.80	41.02	41.34	1349400	55897768.00
2019/05/23	41.34	41.95	40.80	41.28	1224460	50539976.00
2019/05/24	41.30	41.70	40.90	41.45	1147983	47351348.00
2019/05/27	41.46	42.08	40.95	41.91	1841560	76668032.00
2019/05/28	41.90	41.90	40.82	40.97	1470030	60596484.00
2019/05/29	40.85	41.25	40.59	40.73	848343	34656972.00
2019/05/30	40.60	40.72	39.15	39.55	1410915	55958748.00
2019/05/31	39.55	39.85	39.22	39.60	927299	36746668.00
2019/06/03	39.40	40.50	39.11	39.35	972551	38761188.00
2019/06/04	39.70	39.70	37.98	38.29	1328035	51160348.00
2019/06/05	38.79	38.87	37.04	37.18	2042409	76894144.00
2019/06/06	37.72	37.72	36.52	37.10	846417	31428220.00
2019/06/10	36.64	37.48	36.30	36.49	1314857	48432776.00
2019/06/11	36.50	37.65	36.41	37.50	1946517	72560856.00
2019/06/12	37.48	37.67	36.90	37.18	970600	36171336.00
2019/06/13	37.22	37.22	36.50	36.90	1324942	48792448.00
2019/06/14	36.86	37.47	35.88	35.91	1581442	57913868.00
2019/06/17	36.10	36.84	35.90	36.30	1258053	45743968.00
2019/06/18	36.50	37.57	35.93	37.53	2213997	81756312.00
2019/06/19	38.30	39.67	38.23	38.50	2708316	105501512.00
2019/06/20	38.85	40.08	38.30	39.90	2139000	84269120.00
2019/06/21	40.19	40.77	39.62	39.96	2391796	95966728.00
2019/06/24	39.90	41.11	39.82	40.64	1863837	75759056.00
2019/06/25	40.92	41.35	39.91	40.70	2006582	81311208.00
2019/06/26	40.33	41.73	40.12	41.26	1930113	79493048.00
2019/06/27	41.26	41.76	41.05	41.48	1592200	65989924.00
2019/06/28	41.60	41.80	41.06	41.50	1143900	47385544.00
2019/07/01	41.99	43.03	41.70	42.92	1950339	83178136.00
2019/07/02	42.79	43.88	42.56	43.50	1923789	83339320.00
2019/07/03	43.50	44.00	42.92	43.28	2013690	87743032.00
2019/07/04	43.80	43.80	41.80	42.45	3045346	129642904.00
2019/07/05	42.81	43.15	41.95	42.28	2276254	96586880.00
2019/07/08	42.43	42.72	40.85	41.80	2219071	92858360.00
2019/07/09	41.47	42.18	41.00	41.38	1262110	52406032.00
2019/07/10	41.96	42.61	41.50	42.03	1848144	77851104.00
2019/07/11	42.40	43.55	41.51	42.86	2945741	125762768.00
2019/07/12	42.70	42.97	40.65	41.24	3321425	138349904.00
2019/07/15	40.30	44.98	40.18	44.48	6936821	301830528.00
2019/07/16	44.45	45.38	43.80	44.39	4323349	192616048.00
2019/07/17	44.45	47.15	44.21	46.20	5595916	257306192.00
2019/07/18	46.18	47.13	45.50	46.55	4447455	205674288.00
2019/07/19	46.55	46.89	45.65	46.53	3335587	154518576.00
2019/07/22	46.40	46.40	44.35	44.62	3418360	154071344.00
2019/07/23	45.11	48.05	44.62	47.52	4367325	204280080.00
2019/07/24	47.51	47.85	46.67	47.00	3201905	151346384.00
2019/07/25	47.12	47.77	46.40	47.25	2367244	111401072.00
2019/07/26	47.00	47.14	45.93	46.80	3375198	156673840.00
2019/07/29	46.78	47.33	46.37	47.09	2343443	109781288.00
2019/07/30	47.20	47.60	46.26	46.78	2339452	109413344.00
2019/07/31	46.98	46.99	46.02	46.62	1494400	69567792.00
2019/08/01	46.60	46.79	45.44	46.58	2940984	135341776.00
2019/08/02	45.80	46.86	45.52	46.50	2033927	94054048.00
2019/08/05	46.48	47.15	44.88	44.90	3112340	143246048.00
2019/08/06	43.80	45.00	42.80	44.53	3760972	165329248.00
2019/08/07	44.63	45.33	44.25	45.03	2038976	91774816.00
2019/08/08	45.11	45.77	44.66	45.23	1689437	76269688.00
2019/08/09	45.26	46.49	45.25	45.94	2625060	120408968.00
2019/08/12	46.68	47.48	43.38	44.53	4540633	201570368.00
2019/08/13	43.90	44.77	43.50	44.28	1762204	77551416.00
2019/08/14	44.79	44.80	44.00	44.40	1600856	71031272.00
2019/08/15	43.45	46.36	43.10	45.95	2831608	128233680.00
2019/08/16	45.54	46.30	44.97	45.95	2239100	102309456.00
2019/08/19	46.60	48.80	46.00	48.76	4262501	203925648.00
2019/08/20	48.49	49.36	48.20	48.98	2832618	137871296.00
2019/08/21	49.90	50.96	49.00	49.88	3623986	181649968.00
2019/08/22	49.70	49.90	48.73	49.30	2206677	108795928.00
2019/08/23	49.41	50.50	49.11	49.22	2954868	146881376.00
2019/08/26	48.21	49.33	48.06	48.55	3780923	183853456.00
2019/08/27	49.00	49.01	46.95	47.30	6527676	313314144.00
2019/08/28	47.31	47.75	45.50	46.06	5029395	232739920.00
2019/08/29	46.33	46.56	45.31	45.34	3272856	149903360.00
2019/08/30	45.70	46.54	45.10	45.68	3590223	164695040.00
2019/09/02	45.91	48.13	45.80	47.86	4909068	232027120.00
2019/09/03	47.63	49.00	47.63	49.00	3303605	160213376.00
2019/09/04	48.90	49.98	48.67	49.54	2881816	142054400.00
2019/09/05	49.75	50.15	48.52	48.77	3730662	183956480.00
2019/09/06	49.22	49.22	48.08	48.50	2488475	120730728.00
2019/09/09	48.60	49.20	48.04	48.59	3096363	150094368.00
2019/09/10	48.30	48.60	47.76	48.49	2354715	113711520.00
2019/09/11	48.69	48.78	47.05	47.34	2506453	120071456.00
2019/09/12	47.50	47.67	46.67	47.43	2459885	115933824.00
2019/09/16	47.55	47.78	46.52	46.95	2414506	113429336.00
2019/09/17	47.10	47.10	45.76	46.19	2475790	114413096.00
2019/09/18	46.26	46.26	44.50	45.10	3606467	162715840.00
2019/09/19	45.28	47.38	45.16	46.68	4351450	202167536.00
2019/09/20	46.68	47.44	46.45	47.05	3716844	174741040.00
2019/09/23	46.95	47.30	45.43	46.13	2457570	113828896.00
2019/09/24	46.38	48.30	46.20	47.82	4820882	229542192.00
2019/09/25	47.61	48.27	45.80	45.84	3300005	154526288.00
2019/09/26	45.77	47.30	45.01	45.28	3382167	156315344.00
2019/09/27	45.50	46.35	44.50	46.05	2210031	101022232.00
2019/09/30	46.06	46.93	45.35	46.13	1779183	81979528.00
2019/10/08	44.08	45.48	43.63	43.82	3030285	134220560.00
2019/10/09	43.61	44.81	42.55	44.59	2275535	99636720.00
2019/10/10	44.69	45.95	44.29	45.65	1925904	87283128.00
2019/10/11	45.66	46.50	45.65	46.00	2059333	95053648.00
2019/10/14	47.20	50.60	47.20	50.60	7393212	367812000.00
2019/10/15	50.71	50.96	49.90	50.60	6833519	344819584.00
2019/10/16	51.15	51.58	50.20	50.70	4871682	247395856.00
2019/10/17	51.20	54.88	50.71	53.00	7643027	403869824.00
2019/10/18	53.60	58.00	53.20	55.04	9099220	503272032.00
2019/10/21	55.31	56.98	54.00	55.75	7019473	389526048.00
2019/10/22	54.98	55.87	54.10	55.40	4749196	261719232.00
2019/10/23	55.78	56.55	54.52	55.34	3624928	201199936.00
2019/10/24	55.00	55.00	53.22	54.14	4625819	249965504.00
2019/10/25	54.50	55.81	52.70	53.74	5281739	284293760.00
2019/10/28	53.94	55.50	53.30	53.85	3777819	204607328.00
2019/10/29	53.86	56.29	53.51	53.92	5282909	289945312.00
2019/10/30	53.50	54.21	52.28	53.65	3657665	195105152.00
2019/10/31	53.64	54.68	53.13	53.70	4844202	261759248.00
2019/11/01	53.38	57.88	52.82	56.80	6827241	381130464.00
2019/11/04	58.00	61.85	57.50	61.13	9489105	568309696.00
2019/11/05	60.31	60.50	59.01	59.78	4710452	281649984.00
2019/11/06	59.48	60.93	58.63	59.23	4412406	263841072.00
2019/11/07	59.70	63.64	59.55	62.22	5966680	370091776.00
2019/11/08	62.67	64.88	61.33	62.84	4845406	305722240.00
2019/11/11	62.52	63.74	61.45	62.50	3993379	250256800.00
2019/11/12	60.65	62.78	59.98	61.95	4094954	251832704.00
2019/11/13	62.12	68.15	61.98	65.85	9060070	597204352.00
2019/11/14	65.86	67.77	65.51	66.55	4828859	321338304.00
2019/11/15	67.00	71.64	66.83	70.88	7387378	511795968.00
2019/11/18	71.10	73.97	68.50	69.57	9525699	675506432.00
2019/11/19	69.78	74.41	68.90	74.41	7655835	551722240.00
2019/11/20	74.31	75.69	73.02	73.77	6436317	477075840.00
2019/11/21	73.35	75.18	71.00	73.19	6605385	484474144.00
2019/11/22	72.94	73.67	66.18	67.35	11422045	793647616.00
2019/11/25	67.39	68.90	65.56	67.14	7543193	506118176.00
2019/11/26	67.03	73.85	66.01	73.11	10551179	744505088.00
2019/11/27	72.30	73.90	71.00	72.04	6683121	484040896.00
2019/11/28	72.38	75.23	71.66	74.25	5521391	406699680.00
2019/11/29	74.30	75.20	66.83	66.83	10251021	711992192.00
2019/12/02	65.20	66.75	63.71	65.66	6402110	418489568.00
2019/12/03	65.45	65.50	62.45	64.49	6038637	385219904.00
2019/12/04	64.21	67.40	64.00	65.92	4879666	321787552.00
2019/12/05	67.19	71.80	66.70	69.95	7232940	501690432.00
2019/12/06	71.94	72.43	69.30	71.30	5762783	407895712.00
2019/12/09	71.00	71.00	66.71	67.01	6892210	471378944.00
2019/12/10	67.40	70.75	67.06	69.60	5077160	351561088.00
2019/12/11	68.26	69.68	66.77	68.84	4120698	282191232.00
2019/12/12	69.00	72.15	68.28	70.96	6287693	443331936.00
2019/12/13	71.05	72.38	69.86	71.65	5571826	397321056.00
2019/12/16	71.75	71.98	68.87	70.58	5874588	411951616.00
2019/12/17	70.10	71.95	69.20	70.00	5453741	385098816.00
2019/12/18	69.99	69.99	67.51	67.80	5263143	359665856.00
2019/12/19	68.18	68.45	67.05	67.50	3343473	226203376.00
2019/12/20	67.44	67.88	66.49	66.71	2882164	193155824.00
2019/12/23	66.73	67.73	66.35	66.36	2606870	174653824.00
2019/12/24	66.76	67.29	66.05	66.90	1974728	131567992.00
2019/12/25	66.66	67.18	65.58	66.20	2982995	197800128.00
2019/12/26	66.37	69.07	65.81	67.75	4666481	316795904.00
2019/12/27	67.30	68.26	66.39	66.40	2917676	196072640.00
2019/12/30	64.91	65.77	63.20	65.45	3921120	254773696.00
2019/12/31	65.75	66.66	65.00	65.70	2621382	172839472.00
2020/01/02	66.01	67.00	65.50	66.01	3893849	258169184.00
2020/01/03	66.71	68.26	66.11	66.90	4825495	323565856.00
2020/01/06	66.16	67.18	65.36	65.76	4079338	269962656.00
2020/01/07	65.59	68.99	64.94	68.55	5848984	391082912.00
2020/01/08	68.00	68.34	66.00	66.26	3967523	266060320.00
2020/01/09	66.65	68.95	66.32	68.85	4769735	324906848.00
2020/01/10	68.85	70.99	68.20	69.92	5234477	365234624.00
2020/01/13	69.96	70.56	68.66	70.22	3066089	213674432.00
2020/01/14	69.80	70.60	68.10	68.70	4078280	280930528.00
2020/01/15	68.99	69.86	68.70	69.24	3002126	207843568.00
2020/01/16	69.32	70.00	68.51	69.50	2602330	180083776.00
2020/01/17	69.90	74.60	69.50	73.80	7651809	550773760.00
2020/01/20	74.63	78.78	73.67	78.11	6745009	517773088.00
2020/01/21	76.59	78.60	76.00	76.48	6004040	461846240.00
2020/01/22	76.45	76.98	74.71	76.05	4931400	374183232.00
2020/01/23	75.50	77.87	71.00	73.29	5702427	424093312.00
2020/02/03	65.96	68.85	65.96	65.96	5740745	382067904.00
2020/02/04	66.11	69.63	66.11	68.22	5450455	371514656.00
2020/02/05	69.31	70.50	67.35	69.02	6408652	442157600.00
2020/02/06	68.97	73.29	68.50	71.94	6007243	428461472.00
2020/02/07	71.30	71.90	68.88	69.28	5769605	403668544.00
2020/02/10	68.17	69.50	67.63	69.40	3569353	244947744.00
2020/02/11	69.40	72.14	69.01	71.03	4010344	284481664.00
2020/02/12	70.79	71.84	69.90	71.40	4486411	318328960.00
2020/02/13	71.41	73.10	70.70	71.46	4440350	318734624.00
2020/02/14	71.34	72.38	70.41	70.99	3506053	250141424.00
2020/02/17	72.00	75.89	71.20	75.60	5963706	441713376.00
2020/02/18	75.76	76.35	74.10	74.66	4872644	364263968.00
2020/02/19	74.29	75.27	73.35	75.00	4807578	357180352.00
2020/02/20	76.47	82.50	76.21	82.50	9112754	732017792.00
2020/02/21	82.00	84.50	80.50	83.07	7434003	618932800.00
2020/02/24	81.40	84.41	81.08	82.88	6039350	500308352.00
2020/02/25	81.60	84.56	80.25	83.27	6034036	497636192.00
2020/02/26	83.90	84.90	76.00	78.89	6485147	525698784.00
2020/02/27	80.22	86.18	79.00	84.09	7390464	612992832.00
2020/02/28	82.80	84.50	79.18	80.70	7299076	595024960.00
2020/03/02	82.11	83.38	78.98	80.50	6828630	550992064.00
2020/03/03	81.50	86.20	81.13	82.95	6590030	552216832.00
2020/03/04	81.50	82.45	79.06	80.15	6232716	502129120.00
2020/03/05	81.69	82.90	80.00	82.30	4452031	362694944.00
2020/03/06	82.00	86.78	81.71	86.12	7161088	609941440.00
2020/03/09	85.00	86.68	81.48	81.50	6667437	558704512.00
2020/03/10	80.02	81.97	77.66	81.13	6843149	546643200.00
2020/03/11	81.20	81.39	77.19	77.43	5126296	404957632.00
2020/03/12	76.10	76.50	73.09	73.95	6001369	448101056.00
2020/03/13	69.00	71.88	68.00	70.50	7106426	495226400.00
2020/03/16	71.00	71.49	64.90	65.18	6341383	432894400.00
2020/03/17	65.74	67.85	63.50	66.29	5903797	388393312.00
2020/03/18	67.45	71.30	66.29	67.56	7038889	485380480.00
2020/03/19	68.80	69.22	64.80	66.76	6033649	404136544.00
2020/03/20	67.80	68.66	65.10	66.30	4098038	273319936.00
2020/03/23	64.00	65.99	61.50	62.79	5759089	367176832.00
2020/03/24	64.35	64.84	62.68	64.63	3819482	244674832.00
2020/03/25	66.63	68.60	66.63	68.01	5818882	394295616.00
2020/03/26	67.70	70.15	67.06	68.65	4321640	298648544.00
2020/03/27	69.50	71.00	69.00	70.28	4558533	319885248.00
2020/03/30	69.68	70.70	67.70	68.95	3298551	227921408.00
2020/03/31	69.67	71.28	69.50	70.20	2453904	172623520.00
2020/04/01	70.08	72.50	69.08	71.10	3491432	248587104.00
2020/04/02	70.95	72.30	70.32	72.25	2707313	193984592.00
2020/04/03	72.18	75.62	71.62	74.70	4801583	356522848.00
2020/04/07	75.50	77.50	75.01	76.97	3308527	253712400.00
2020/04/08	77.48	79.80	76.71	78.56	3834196	301299232.00
2020/04/09	78.98	81.80	77.55	81.51	4208111	337414624.00
2020/04/10	89.50	89.66	86.54	88.97	13464741	1198600576.00
2020/04/13	87.68	89.42	86.80	88.35	7243484	638635072.00
2020/04/14	87.36	89.08	85.56	89.04	6535514	571827840.00
2020/04/15	87.70	91.10	85.90	86.96	6919010	609052672.00
2020/04/16	86.18	88.39	85.70	87.67	4496054	391982816.00
2020/04/17	88.91	89.50	85.98	87.89	4068994	356548224.00
2020/04/20	87.95	90.30	86.19	88.58	4811455	426702848.00
2020/04/21	88.10	89.45	86.61	89.10	4500624	396594368.00
2020/04/22	89.00	90.98	87.88	90.43	5013343	450079360.00
2020/04/23	91.99	95.57	87.86	89.91	8828678	817546880.00
2020/04/24	90.34	93.44	89.92	92.32	6341238	581777088.00
2020/04/27	91.57	99.29	90.80	98.06	7507356	718638912.00
2020/04/28	97.99	98.70	94.54	97.00	5469299	529920384.00
2020/04/29	96.90	103.98	96.60	98.98	7798433	785212416.00
2020/04/30	99.50	100.30	94.10	94.40	8126876	778389312.00
2020/05/06	94.05	103.00	94.05	101.85	5885594	580026496.00
2020/05/07	102.80	103.50	100.42	102.10	3685722	375746592.00
2020/05/08	101.99	104.41	100.39	101.36	4778914	487397120.00
2020/05/11	101.36	101.36	98.10	99.11	4844442	480337888.00
2020/05/12	99.50	104.75	99.00	102.66	5084050	521910272.00
2020/05/13	102.50	106.00	101.83	104.96	4060475	424017120.00
2020/05/14	104.01	105.39	103.02	104.19	2394706	249068736.00
2020/05/15	104.86	105.16	98.66	101.40	5972741	602229376.00
2020/05/18	100.01	104.98	100.00	103.75	4767711	492321632.00
2020/05/19	105.00	106.60	102.85	105.33	3394024	355844224.00
2020/05/20	105.99	106.27	100.52	101.00	4336583	446758304.00
2020/05/21	102.01	106.49	101.80	102.44	7429779	774769664.00
2020/05/22	103.39	104.02	99.13	99.30	4668637	472509728.00
2020/05/25	99.39	104.00	98.50	103.30	4323681	440099712.00
2020/05/26	104.00	105.31	102.31	104.20	3499904	364113856.00
2020/05/27	104.00	104.60	100.28	100.87	3445433	350691008.00
2020/05/28	100.70	101.72	97.58	100.62	4451271	444408480.00
2020/05/29	100.00	106.36	100.00	105.11	6915312	723209792.00
2020/06/01	105.55	106.68	104.44	105.10	4832324	509016864.00
2020/06/02	105.50	105.91	101.28	102.41	4430161	455911584.00
2020/06/03	102.80	107.34	102.37	107.28	5642446	592595072.00
2020/06/04	106.90	107.98	105.53	106.70	3362917	358374944.00
2020/06/05	106.70	113.24	106.60	112.70	5419644	598368576.00
2020/06/08	114.00	115.38	111.33	111.98	5170906	584158144.00
2020/06/09	111.91	114.20	110.52	112.14	4218684	472524672.00
2020/06/10	111.80	115.00	111.70	113.70	3561361	403893696.00
2020/06/11	113.60	115.00	110.80	112.07	4113609	464824384.00
2020/06/12	109.60	117.37	109.06	115.10	6617669	759986176.00
2020/06/15	117.21	120.17	116.51	116.51	5137671	607056192.00
2020/06/16	117.04	120.17	116.20	118.88	4301742	509586592.00
2020/06/17	118.88	122.88	118.51	121.36	5368915	648938880.00
2020/06/18	121.82	121.85	113.50	114.25	8742111	1012538560.00
2020/06/19	115.00	120.14	114.60	119.91	6688382	793040576.00
2020/06/22	120.70	122.00	118.02	119.34	3840987	460797248.00
2020/06/23	125.00	131.27	123.18	131.27	6337820	811212032.00
2020/06/24	134.30	136.58	132.06	135.71	6988888	939199296.00
2020/06/29	135.99	137.77	134.62	136.29	5555551	755384384.00
2020/06/30	136.40	143.82	135.71	139.98	5041577	708161984.00
2020/07/01	139.95	140.50	133.00	137.02	6954586	951604160.00
2020/07/02	140.50	141.60	133.56	134.90	7692823	1050641088.00
2020/07/03	136.13	140.48	134.36	139.62	7915393	1095009664.00
2020/07/06	138.00	138.00	133.00	135.89	8485862	1150683776.00
2020/07/07	136.40	146.77	133.45	143.42	8714825	1231295744.00
2020/07/08	143.00	145.82	141.50	144.69	4772042	686729536.00
2020/07/09	144.00	150.89	142.53	149.50	5450422	802684480.00
2020/07/10	149.10	159.30	149.00	156.20	6464093	1002129984.00
2020/07/13	156.00	160.66	154.00	156.30	5764262	905007424.00
2020/07/14	155.79	158.60	150.02	156.30	6597086	1018467456.00
2020/07/15	140.67	155.46	140.67	148.28	14114435	2085302144.00
2020/07/16	149.51	151.00	137.94	138.01	8588863	1239915136.00
2020/07/17	139.01	151.81	139.01	149.77	9555953	1409638016.00
2020/07/20	150.38	153.00	134.79	134.82	13739611	1905926912.00
2020/07/21	136.58	140.88	133.60	139.68	7920067	1100021504.00
2020/07/22	139.20	151.66	139.00	148.50	7217410	1067203712.00
2020/07/23	147.99	149.80	142.05	148.01	6056380	887130688.00
2020/07/24	149.48	149.48	133.21	135.16	10820758	1495506688.00
2020/07/27	136.37	142.00	133.00	135.50	6484988	887758912.00
2020/07/28	136.56	137.59	131.33	135.53	4850334	652553792.00
2020/07/29	135.00	140.38	134.69	138.37	6688591	923630784.00
2020/07/30	138.70	140.98	134.00	135.50	6984886	960170944.00
2020/07/31	135.52	138.77	134.80	138.19	6460094	887056128.00
2020/08/03	139.29	140.25	131.76	139.61	7429045	1018658112.00
2020/08/04	139.61	149.33	138.44	141.78	8265014	1187415808.00
2020/08/05	140.65	144.82	139.01	142.88	5026683	717223296.00
2020/08/06	142.00	143.88	135.20	142.87	7718196	1075483904.00
2020/08/07	143.73	146.39	137.02	140.69	5764899	814661248.00
2020/08/10	146.94	149.27	142.56	144.34	7671335	1118570112.00
2020/08/11	142.35	145.39	139.39	140.52	4662321	662596544.00
2020/08/12	140.52	141.59	131.02	133.75	6835818	918725120.00
2020/08/13	133.80	133.96	129.03	130.55	4150380	545957760.00
2020/08/14	130.55	132.00	126.00	131.20	4996855	643733824.00
2020/08/17	132.01	132.01	128.18	130.37	3678862	478686816.00
2020/08/18	131.20	132.80	129.15	132.00	5182602	680710528.00
2020/08/19	131.00	132.00	125.80	126.34	5605524	719868416.00
2020/08/20	125.50	127.47	124.00	124.89	3964329	497826336.00
2020/08/21	126.00	128.30	124.51	125.29	3352806	422828320.00
2020/08/24	126.12	127.74	122.00	126.50	4342577	543547520.00
2020/08/25	126.89	129.58	125.69	127.27	3532096	450770368.00
2020/08/26	127.00	131.45	125.30	126.04	4898339	625822656.00
2020/08/27	126.30	130.15	126.25	128.95	4514177	580671808.00
2020/08/28	128.13	133.00	127.50	132.27	4947447	646848064.00
2020/08/31	133.00	133.40	130.39	130.84	4166053	549113856.00
2020/09/01	130.16	131.88	128.29	129.50	3338991	433909120.00
2020/09/02	130.00	130.50	127.44	129.69	3565992	460017792.00
2020/09/03	129.82	132.80	129.11	131.70	7035540	927057664.00
2020/09/04	131.80	131.80	121.62	124.31	6747693	844950208.00
2020/09/07	123.00	123.40	112.88	114.17	9167935	1068676288.00
2020/09/08	114.17	116.11	111.80	113.62	3460675	393106752.00
2020/09/09	112.46	115.58	108.00	110.33	3530674	393802176.00
2020/09/10	112.15	115.13	110.56	111.29	3630209	410074400.00
2020/09/11	111.29	113.49	110.60	112.66	2739994	307427488.00
2020/09/14	113.80	113.80	106.49	108.16	5446682	593878656.00
2020/09/15	108.09	116.02	107.71	114.45	5490681	619674880.00
2020/09/16	114.83	116.99	112.68	113.69	3431491	393749568.00
2020/09/17	112.96	113.80	109.25	112.30	3684540	410526784.00
2020/09/18	112.00	115.39	111.75	115.03	2398771	273494976.00
2020/09/21	114.73	116.22	110.00	111.00	3905522	438081600.00
2020/09/22	109.51	112.66	108.90	109.33	3500850	387932160.00
2020/09/23	110.00	117.14	108.74	115.89	5973599	681375488.00
2020/09/24	115.97	118.65	114.27	114.84	3364596	391873344.00
2020/09/25	115.20	116.72	112.66	114.80	2160468	247817088.00
2020/09/28	116.05	116.44	110.30	110.60	3197640	357824256.00
2020/09/29	110.63	115.09	109.00	114.21	3168180	358715872.00
2020/09/30	114.49	116.58	112.66	113.76	2705234	310375360.00
2020/10/09	115.10	116.44	113.47	114.06	2877232	329895872.00
2020/10/12	114.91	119.29	114.26	117.70	4741237	556811328.00
2020/10/13	122.08	122.09	116.60	120.20	6185861	738317184.00
2020/10/14	122.60	122.60	115.74	116.69	4950245	585463744.00
2020/10/15	115.10	117.30	114.30	115.70	3520766	407328608.00
2020/10/16	115.16	118.45	114.82	116.69	3822997	445595648.00
2020/10/19	117.00	117.50	107.06	107.50	6946557	767771072.00
2020/10/20	106.02	108.21	104.51	107.49	4238933	451979968.00
2020/10/21	107.49	108.94	105.89	106.81	2866458	306420800.00
2020/10/22	106.19	108.83	104.51	107.73	3464978	371404096.00
2020/10/23	107.73	109.00	103.50	104.00	2633142	280685600.00
2020/10/26	102.50	105.50	101.80	104.80	1988081	206658208.00
2020/10/27	104.79	109.61	103.59	109.10	3130677	336063264.00
2020/10/28	109.97	111.00	108.22	108.42	4410777	484794784.00
2020/10/29	107.00	111.86	106.18	111.50	3761400	414824960.00
2020/10/30	111.47	111.47	106.50	107.07	3956669	427613248.00
2020/11/02	107.01	112.88	107.01	111.63	4441531	492082432.00
2020/11/03	112.00	114.45	110.00	113.51	4336403	489456000.00
2020/11/04	113.51	117.15	113.00	114.57	3740886	430248032.00
2020/11/05	115.15	115.73	112.94	113.80	2837709	323868768.00
2020/11/06	113.80	113.97	108.16	110.44	4081809	448511136.00
2020/11/09	110.25	113.39	109.80	110.35	3754066	418753152.00
2020/11/10	111.77	111.77	106.66	107.60	3745154	403847552.00
2020/11/11	108.00	110.48	105.50	107.23	3103524	333031616.00
2020/11/12	107.20	112.85	107.00	112.30	4753357	528250624.00
2020/11/13	112.55	115.86	112.06	113.10	3834201	435503648.00
2020/11/16	113.00	113.58	108.86	109.40	3442483	379365888.00
2020/11/17	108.01	108.71	104.88	107.42	3546710	378248640.00
2020/11/18	107.48	108.50	106.36	106.66	2582007	277054144.00
2020/11/19	106.57	114.48	104.80	114.00	6749223	752397568.00
2020/11/20	117.09	118.80	108.70	108.87	7450262	835025024.00
2020/11/23	108.56	108.80	99.02	99.80	11253541	1139191680.00
2020/11/24	99.50	100.18	96.80	97.48	5615842	549955328.00
2020/11/25	97.36	97.38	90.50	91.10	9604757	886530816.00
2020/11/26	91.47	92.13	88.62	91.68	4827313	437999744.00
2020/11/27	91.65	92.30	89.03	90.70	3528085	318987968.00
2020/11/30	90.54	92.00	89.03	91.29	3409118	310995424.00
2020/12/01	91.10	93.93	91.00	92.29	3802176	352297760.00
2020/12/02	92.30	93.85	91.60	92.38	3298917	305824704.00
2020/12/03	95.00	99.00	95.00	97.17	7583152	735240448.00
2020/12/04	96.13	98.48	95.95	98.05	3160787	307796992.00
2020/12/07	98.00	101.14	97.15	100.28	4411779	440101184.00
2020/12/08	100.00	101.06	97.58	97.90	3225740	318174592.00
2020/12/09	97.89	98.60	96.36	97.59	3064851	298568544.00
2020/12/10	96.90	98.00	95.60	96.96	3516419	341336864.00
2020/12/11	96.61	98.49	95.90	96.47	4310207	419046656.00
2020/12/14	95.01	98.50	92.37	98.25	4868885	469327264.00
2020/12/15	98.50	100.64	97.20	99.58	4792051	477380000.00
2020/12/16	99.99	103.33	99.55	102.25	5092118	515501440.00
2020/12/17	104.18	110.59	104.18	109.90	10194874	1101638784.00
2020/12/18	110.90	110.90	104.70	105.41	5986706	643908544.00
2020/12/21	104.49	106.40	100.49	105.00	7780449	803089856.00
2020/12/22	104.00	106.98	101.00	101.03	4813778	500915008.00
2020/12/23	101.88	104.80	100.55	104.36	5306896	547884096.00
2020/12/24	104.56	104.56	101.13	101.70	3311056	338654688.00
2020/12/25	103.00	103.42	101.04	102.09	3222029	329790400.00
2020/12/28	102.69	103.14	99.20	99.20	4880797	492896000.00
2020/12/29	99.00	102.50	98.11	100.64	3460868	348704128.00
2020/12/30	101.00	106.48	99.26	105.55	5212614	540643840.00
2020/12/31	105.02	108.77	104.62	107.37	4867027	519786656.00
2021/01/04	107.21	108.76	101.58	103.06	10119100	1058431936.00
2021/01/05	101.61	103.77	101.01	102.65	4328224	442641568.00
2021/01/06	102.79	104.60	101.18	102.25	4372509	448039680.00
2021/01/07	102.20	103.24	100.10	102.68	5859902	595009600.00
2021/01/08	102.69	107.50	101.77	106.39	7253093	767767104.00
2021/01/11	107.00	109.66	105.53	108.69	7145293	773946432.00
2021/01/12	109.00	113.00	105.50	112.62	7506988	823667584.00
2021/01/13	112.58	120.60	109.53	119.71	10161917	1167603072.00
2021/01/14	118.84	122.75	116.02	120.69	6668470	795930112.00
2021/01/15	119.20	123.60	118.10	121.05	5728571	693576512.00
2021/01/18	121.00	127.01	118.46	126.83	5051680	619879808.00
2021/01/19	126.70	131.70	124.85	125.70	5887408	755579584.00
2021/01/20	125.90	135.39	125.80	134.03	5374421	708443520.00
2021/01/21	134.25	139.65	131.00	137.80	5715962	769194176.00
2021/01/22	139.00	143.59	136.16	143.10	4968837	694263552.00
2021/01/25	138.99	143.56	136.02	141.90	5813634	814711552.00
2021/01/26	139.50	140.80	134.61	138.55	6662404	913607424.00
2021/01/27	137.65	139.70	132.73	133.19	5576659	753543104.00
2021/01/28	132.80	136.21	129.38	130.24	5330301	705088000.00
2021/01/29	133.91	136.28	127.01	129.01	4952594	651491776.00
2021/02/01	129.69	135.97	129.69	132.37	4427770	593055808.00
2021/02/02	133.99	135.78	131.00	134.62	4430311	594159040.00
2021/02/03	133.40	136.00	131.63	133.76	4948675	662303808.00
2021/02/04	132.21	134.56	128.37	131.80	4008501	525560256.00
2021/02/05	131.40	137.01	130.28	132.55	5659340	761335488.00
2021/02/08	132.00	142.00	131.20	140.32	5487584	753236160.00
2021/02/09	141.00	143.00	138.58	139.98	5475879	771140352.00
2021/02/10	139.98	141.90	136.40	141.45	4569330	637964224.00
2021/02/18	142.50	142.80	132.00	135.00	5511648	749905728.00
2021/02/19	135.00	137.45	132.12	133.90	3238322	434749088.00
2021/02/22	132.77	132.77	124.25	127.97	7410931	946104448.00
2021/02/23	126.20	128.77	125.07	125.80	3755095	474751040.00
2021/02/24	125.01	127.44	118.68	121.00	5379810	656186048.00
2021/02/25	121.88	122.66	116.88	118.59	2949961	353479360.00
2021/02/26	117.84	119.49	115.50	118.17	2950323	347331584.00
2021/03/01	119.12	121.37	116.97	119.73	3295315	393127648.00
2021/03/02	120.00	121.17	115.58	116.66	3010695	354848768.00
2021/03/03	116.47	122.60	115.84	121.50	3661739	437818624.00
2021/03/04	121.50	121.58	116.70	117.62	2973128	355068864.00
2021/03/05	115.59	117.49	112.00	115.09	4488488	517186112.00
2021/03/08	115.23	116.88	103.72	104.00	6276697	684860544.00
2021/03/09	104.23	105.30	100.17	100.32	4269639	436909376.00
2021/03/10	103.00	105.00	99.60	99.85	4002890	404002208.00
2021/03/11	100.21	102.36	99.30	100.22	4513653	453875584.00
2021/03/12	101.00	101.29	97.60	99.69	4020985	399055648.00
2021/03/15	97.48	99.40	94.00	95.46	4601216	443733600.00
2021/03/16	96.36	98.89	95.05	98.50	3641596	354247872.00
2021/03/17	98.00	101.30	97.01	100.58	3143232	314002240.00
2021/03/18	102.43	105.86	101.35	105.50	4792626	500226976.00
2021/03/19	103.62	106.20	103.62	105.00	3081462	323042912.00
2021/03/22	104.61	107.12	103.07	106.72	3504000	369927904.00
2021/03/23	106.80	108.48	104.77	105.50	2182753	232574592.00
2021/03/24	106.50	106.69	103.21	105.70	2278030	239484944.00
2021/03/25	104.12	106.70	102.77	104.29	2603877	272442464.00
2021/03/26	103.00	108.18	102.78	106.78	3633851	386780160.00
2021/03/29	106.48	107.98	104.55	105.12	3075042	326071360.00
2021/03/30	104.50	109.83	104.50	108.00	3674900	397021216.00
2021/03/31	107.78	108.18	105.92	106.16	2381720	253995840.00
2021/04/01	106.18	106.88	104.02	105.79	3004883	316490976.00
2021/04/02	105.62	106.62	101.88	102.25	3371045	349475392.00
2021/04/06	103.24	106.75	103.23	106.63	2943286	310596096.00
2021/04/07	106.99	106.99	103.00	103.53	2775769	289149024.00
2021/04/08	102.31	104.44	102.20	103.53	1995582	206407232.00
2021/04/09	103.88	104.06	101.07	102.31	2175620	222583680.00
2021/04/12	101.60	103.68	98.85	99.10	2119987	213966336.00
2021/04/13	99.52	100.39	97.50	97.87	2086274	205871328.00
2021/04/14	98.21	100.70	97.53	100.00	1571264	156531408.00
2021/04/15	99.98	100.00	97.70	98.17	1384966	136060800.00
2021/04/16	98.18	98.77	95.08	97.95	1908360	185198992.00
2021/04/19	97.76	99.75	96.54	99.46	1816672	179509264.00
2021/04/20	99.80	101.39	98.20	100.02	2693008	268128160.00
2021/04/21	99.10	100.00	98.50	99.40	1921007	190762752.00
2021/04/22	100.16	101.46	97.36	100.00	3004520	299241248.00
2021/04/23	99.76	103.50	99.49	101.90	2938237	298622752.00
2021/04/26	102.20	103.32	99.20	99.20	3016613	305316864.00
2021/04/27	98.71	100.68	97.60	100.29	2231015	222791376.00
2021/04/28	99.59	108.11	99.00	107.62	5721911	598728832.00
2021/04/29	107.01	112.08	105.68	110.00	6808507	743276032.00
2021/04/30	109.00	110.48	106.50	107.00	4134044	447350944.00
2021/05/06	107.00	107.48	99.18	101.10	5678631	578113088.00
2021/05/07	101.31	102.85	98.68	98.82	3095450	310223872.00
2021/05/10	98.60	99.28	93.85	95.22	3967719	379583648.00
2021/05/11	94.15	95.00	91.00	94.54	3013258	282185056.00
2021/05/12	94.56	97.17	94.17	96.60	2643063	253167440.00
2021/05/13	95.72	98.77	93.46	98.00	3230357	311560192.00
2021/05/14	97.48	104.18	96.60	102.23	4288946	434433856.00
2021/05/17	102.60	104.58	102.00	103.11	3049226	315802720.00
2021/05/18	103.24	103.78	101.00	101.88	2160299	219695408.00
2021/05/19	103.01	105.75	103.00	105.03	2795481	293345440.00
2021/05/20	105.20	111.56	105.20	109.65	4936581	540778112.00
2021/05/21	111.53	111.90	106.15	107.30	2986407	322329568.00
2021/05/24	105.79	106.17	102.15	104.95	3440567	358070560.00
2021/05/25	104.89	106.96	104.46	105.15	2440536	258320928.00
2021/05/26	105.15	108.00	103.31	107.68	2764658	292314912.00
2021/05/27	107.36	107.36	105.44	107.00	2145933	228532896.00
2021/05/28	107.68	109.00	106.41	108.00	2702747	290694976.00
2021/05/31	107.65	114.97	107.65	112.99	3667908	414511328.00
2021/06/01	112.79	114.31	111.21	113.02	2456912	277315520.00
2021/06/02	113.01	113.84	111.19	112.86	2402628	269935872.00
2021/06/03	111.70	119.50	111.70	118.42	4399474	513033952.00
2021/06/04	117.52	119.78	117.20	117.58	2723342	321733056.00
2021/06/07	117.98	120.00	116.20	119.65	3267362	387443712.00
2021/06/08	120.00	122.00	110.53	112.34	5186644	599873088.00
2021/06/09	111.78	113.78	110.41	112.71	2529000	283211936.00
2021/06/10	111.50	113.40	110.21	112.68	2490650	278813344.00
2021/06/11	112.68	113.00	105.63	106.95	5810212	626736448.00
2021/06/15	107.22	107.38	102.68	103.58	3200355	333555616.00
2021/06/16	103.38	104.20	99.98	100.61	3490802	353904960.00
2021/06/17	101.99	101.99	98.55	99.08	4080544	405603488.00
2021/06/18	100.60	102.50	99.09	101.49	3389684	343208928.00
2021/06/21	101.29	104.60	99.71	102.99	2568602	264143008.00
2021/06/22	102.60	105.75	102.20	105.47	2888400	301238240.00
2021/06/23	106.00	107.07	104.50	104.96	2806456	296670368.00
2021/06/24	104.00	104.89	100.89	102.19	3322665	339375648.00
2021/06/25	102.50	105.63	101.63	104.20	2238096	232957408.00
2021/06/28	104.20	108.50	103.27	108.40	3732620	396979392.00
2021/06/29	108.00	108.02	104.01	106.50	3404557	359362912.00
2021/06/30	106.47	110.15	105.11	108.24	3405483	368707744.00
2021/07/01	108.23	108.90	105.89	106.82	2146643	230252784.00
2021/07/02	106.20	106.82	101.82	103.65	3455067	358047168.00
2021/07/05	103.83	105.14	102.00	103.70	3024912	313236480.00
2021/07/06	105.00	105.00	99.18	100.29	3607172	363172768.00
2021/07/07	99.51	101.07	98.75	98.78	2983424	296571872.00
2021/07/08	98.85	99.42	94.02	94.27	4020191	385351424.00
2021/07/09	94.43	95.83	92.33	93.29	3056323	286289664.00
2021/07/12	93.98	96.10	91.68	95.15	3977165	375574176.00
2021/07/13	94.74	96.12	93.52	94.51	2987441	282463008.00
2021/07/14	95.00	97.45	93.71	96.30	3894773	372978784.00
2021/07/15	96.55	96.80	93.64	95.28	2764536	262506176.00
2021/07/16	95.26	97.65	95.14	96.22	2551094	245722720.00
2021/07/19	95.70	97.67	93.51	95.89	2166349	207730736.00
2021/07/20	96.00	96.50	94.19	94.95	1674242	159079456.00
2021/07/21	95.48	95.48	92.80	94.73	2714498	255266640.00
2021/07/22	94.00	94.65	92.85	93.01	1996300	186227584.00
2021/07/23	92.92	98.50	92.28	95.96	3393372	324885728.00
2021/07/26	95.50	95.50	90.74	90.87	3228002	298197728.00
2021/07/27	90.00	91.50	89.18	89.89	2209577	199900416.00
2021/07/28	89.89	90.98	86.00	87.11	3298818	290362112.00
2021/07/29	88.09	90.20	87.70	88.38	2294573	203881520.00
2021/07/30	88.38	88.39	82.01	82.41	5286866	442172640.00
2021/08/02	82.05	90.13	81.86	89.51	4661188	405547520.00
2021/08/03	89.54	92.90	89.10	92.30	3493783	319994048.00
2021/08/04	92.38	92.38	89.70	91.10	2228239	202184720.00
2021/08/05	91.27	92.41	89.90	90.01	1812022	164667056.00
2021/08/06	90.11	91.26	85.12	85.98	2932525	254103296.00
2021/08/09	85.88	93.13	85.01	92.00	3681045	334718176.00
2021/08/10	92.64	93.10	88.97	92.37	3509434	319128256.00
2021/08/11	93.23	93.58	90.06	90.10	2259783	206041232.00
2021/08/12	90.05	91.74	89.00	91.40	1899114	172130560.00
2021/08/13	90.50	92.60	88.68	92.47	3121187	283786144.00
2021/08/16	91.82	95.59	91.21	92.18	2782226	259862928.00
2021/08/17	92.18	93.32	88.05	88.30	2873337	259613488.00
2021/08/18	88.41	89.30	85.14	86.00	2625862	227984384.00
2021/08/19	85.19	86.60	83.49	84.30	2659514	225027728.00
2021/08/20	83.44	84.00	79.17	81.61	3516828	286516000.00
2021/08/23	82.02	82.80	79.62	81.51	3631937	294888736.00
2021/08/24	81.71	83.88	78.91	82.80	4355011	353332000.00
2021/08/25	82.50	84.23	81.00	82.53	3753873	309006624.00
2021/08/26	81.87	81.87	78.00	78.66	4038452	321341952.00
2021/08/27	78.70	79.68	75.80	76.45	4334462	335593184.00
2021/08/30	76.52	79.23	75.88	76.41	3597405	277715360.00
2021/08/31	76.44	76.79	72.96	73.59	6572660	486350080.00
2021/09/01	74.00	76.13	72.41	75.14	5495847	411572480.00
2021/09/02	75.04	75.19	72.73	73.15	2955894	217664176.00
2021/09/03	75.58	85.58	75.30	83.01	11307257	907946112.00
2021/09/06	83.01	86.68	81.61	84.96	7093744	601144128.00
2021/09/07	84.96	86.88	83.61	86.10	5225103	445336992.00
2021/09/08	86.10	87.00	84.80	85.31	2137786	182754080.00
2021/09/09	85.32	87.54	84.67	86.22	2677816	231301712.00
2021/09/10	85.60	86.75	84.51	85.33	2588315	221129072.00
2021/09/13	85.18	86.89	83.71	83.97	2816878	239285184.00
2021/09/14	85.00	88.40	84.02	87.00	3855213	335721664.00
2021/09/15	87.00	87.66	83.83	85.23	3332639	284896864.00
2021/09/16	86.00	87.65	83.89	86.90	3063412	264656144.00
2021/09/17	86.90	95.86	86.36	93.99	5510205	509650336.00
2021/09/22	93.00	97.21	92.00	94.02	3113921	294381152.00
2021/09/23	94.24	95.73	92.24	93.99	3001638	282783424.00
2021/09/24	94.95	96.66	93.70	94.10	2293732	217691616.00
2021/09/27	94.43	96.50	92.66	94.40	2436374	230923104.00
2021/09/28	93.24	95.94	92.71	93.14	2697350	253919776.00
2021/09/29	92.01	95.54	91.58	95.10	3525782	330400832.00
2021/09/30	94.08	94.92	92.90	93.61	2673280	251075968.00
2021/10/08	93.61	97.32	90.90	97.02	3599201	343432512.00
2021/10/11	96.90	99.87	96.65	97.51	2588677	253013056.00
2021/10/12	96.10	98.88	95.41	95.79	2050424	198373984.00
2021/10/13	95.50	97.38	94.89	95.69	1323029	127286736.00
2021/10/14	95.81	96.17	88.41	88.83	4518173	409701504.00
2021/10/15	88.83	91.28	87.61	90.60	3657995	327097312.00
2021/10/18	90.00	90.56	83.40	86.48	4084034	351887840.00
2021/10/19	86.34	87.88	84.81	86.52	3568053	308196768.00
2021/10/20	86.50	87.12	82.76	85.27	2980972	252077152.00
2021/10/21	85.70	85.80	82.00	83.04	2885237	241070800.00
2021/10/22	83.05	84.27	82.15	83.80	1713763	143313776.00
2021/10/25	82.68	85.68	82.00	84.60	2178375	183193088.00
2021/10/26	84.60	85.51	83.03	84.13	1526167	129124280.00
2021/10/27	84.00	84.85	82.35	83.20	1575720	131473880.00
2021/10/28	80.01	84.17	80.01	81.15	2628933	215647824.00
2021/10/29	81.15	81.96	78.88	79.20	4081159	326350464.00
2021/11/01	79.80	79.80	77.21	78.45	3143835	245629856.00
2021/11/02	78.44	79.24	74.98	75.69	3211394	245821632.00
2021/11/03	76.01	77.10	75.33	75.83	2374564	180523872.00
2021/11/04	75.90	79.46	75.88	77.89	4063656	316526240.00
2021/11/05	77.90	79.48	76.24	76.40	3073811	238511648.00
2021/11/08	75.87	76.62	74.75	75.42	2255808	170721520.00
2021/11/09	75.50	81.55	75.50	80.13	4800932	380605216.00
2021/11/10	81.45	87.70	78.50	87.00	7815773	653742784.00
2021/11/11	86.00	92.20	86.00	86.44	7285850	647502336.00
2021/11/12	87.66	89.90	85.25	88.00	3722385	328446432.00
2021/11/15	88.10	92.15	87.00	91.59	4009162	360990528.00
2021/11/16	91.63	92.86	89.75	89.90	3198717	290703776.00
2021/11/17	89.60	90.69	88.50	89.66	2856465	255047376.00
2021/11/18	88.90	91.00	87.80	88.91	2627939	234930912.00
2021/11/19	88.92	89.82	88.20	89.13	1273846	113605888.00
2021/11/22	88.59	89.34	85.86	86.48	4350072	378735232.00
2021/11/23	86.94	87.77	86.14	87.38	2240498	194775424.00
2021/11/24	88.05	88.20	86.30	87.42	1516030	132707136.00
2021/11/25	87.42	88.42	87.00	87.37	1625280	142503392.00
2021/11/26	87.26	88.05	86.00	87.37	1401947	121786688.00
2021/11/29	88.11	88.60	83.30	83.73	4416264	374723008.00
2021/11/30	83.73	84.89	83.04	83.23	1904546	159494736.00
2021/12/01	83.00	83.89	81.51	81.88	2209507	182212656.00
2021/12/02	81.70	82.29	79.42	79.55	2355541	190047600.00
2021/12/03	80.00	82.91	79.70	80.41	3013181	243419184.00
2021/12/06	81.69	82.98	79.69	79.83	2200778	177394720.00
2021/12/07	79.83	82.50	79.83	81.40	3093216	252246224.00
2021/12/08	81.43	82.24	80.41	80.97	2282040	184776912.00
2021/12/09	80.99	83.18	80.48	82.40	2972908	244133856.00
2021/12/10	82.00	82.30	80.70	82.11	2637865	215087392.00
2021/12/13	81.40	83.36	81.05	82.19	2413895	199308992.00
2021/12/14	82.17	83.30	82.04	83.19	1913739	158707808.00
2021/12/15	82.90	83.39	80.70	80.86	1899113	155082368.00
2021/12/16	80.58	81.49	79.03	79.44	2318964	185081360.00
2021/12/17	79.82	80.70	78.71	78.83	1469057	116600192.00
2021/12/20	78.82	79.40	77.52	77.72	2148831	168134416.00
2021/12/21	77.50	78.71	77.18	78.17	1334733	104111976.00
2021/12/22	78.41	79.15	77.61	78.64	1511953	118762352.00
2021/12/23	78.88	78.98	77.61	78.10	1432795	111819168.00
2021/12/24	78.50	78.87	77.80	78.17	1323652	103744864.00
2021/12/27	78.18	83.00	78.18	82.26	3457335	281857664.00
2021/12/28	81.40	82.80	79.52	79.68	2885738	232919168.00
2021/12/29	79.88	81.19	79.10	79.60	1799807	143968128.00
2021/12/30	79.21	80.17	78.23	79.80	2138951	169529392.00
2021/12/31	79.43	80.48	79.05	79.83	1463317	116747600.00
2022/01/04	80.10	81.37	79.50	80.28	1915353	154320672.00
2022/01/05	80.26	80.60	77.81	78.42	1798147	141871216.00
2022/01/06	78.41	79.48	77.88	78.91	1795064	141603056.00
2022/01/07	78.90	80.29	77.52	77.80	2822711	222046448.00
2022/01/10	77.80	78.24	74.65	76.86	2699436	205144704.00
2022/01/11	76.82	77.73	75.97	77.05	2182780	168241200.00
2022/01/12	77.83	79.48	76.24	78.74	2472201	193571184.00
2022/01/13	78.71	79.47	76.40	76.60	1982465	153537664.00
2022/01/14	76.02	77.20	75.37	76.55	2011213	153716928.00
2022/01/17	77.03	79.39	76.79	78.68	2388412	187042480.00
2022/01/18	78.69	79.20	76.36	76.60	2176402	168716592.00
2022/01/19	76.49	76.60	74.69	74.75	2908295	219625200.00
2022/01/20	74.50	74.86	70.00	71.10	5691322	410908896.00
2022/01/21	71.10	71.81	68.62	69.80	4165244	290545600.00
2022/01/24	70.00	71.18	68.79	70.50	2749554	192799440.00
2022/01/25	70.01	71.29	67.30	67.54	2258444	155566720.00
2022/01/26	67.53	68.63	65.82	66.45	4164720	277985312.00
2022/01/27	66.63	66.63	63.00	63.46	4975226	320007296.00
2022/01/28	64.00	64.50	62.20	62.30	2935850	185808704.00
2022/02/07	63.13	64.00	61.28	62.04	2349739	146440160.00
2022/02/08	61.53	62.47	61.31	62.37	1790660	110859640.00
2022/02/09	62.00	63.16	61.36	62.70	2514988	156832432.00
2022/02/10	62.81	62.90	61.31	62.00	2530263	156979856.00
2022/02/11	62.29	62.29	58.25	58.78	5590664	333218784.00
2022/02/14	58.00	59.70	57.70	58.50	2649037	154910592.00
2022/02/15	59.91	61.58	58.03	61.00	4513941	272825696.00
2022/02/16	61.00	61.66	60.36	61.11	1643667	100326200.00
2022/02/17	61.11	61.58	60.49	60.72	1696441	103297064.00
2022/02/18	60.11	61.30	59.81	60.99	1512664	91784456.00
2022/02/21	61.50	61.85	60.51	61.13	1668451	102141720.00
2022/02/22	61.30	61.35	58.50	58.82	3189309	188375968.00
2022/02/23	59.12	60.56	58.88	60.33	3163617	189666048.00
2022/02/24	60.00	60.68	57.81	58.72	2975795	176108928.00
2022/02/25	59.51	61.79	59.08	60.60	4782075	291169984.00
2022/02/28	60.56	60.96	59.38	60.25	2690028	161585824.00
2022/03/01	60.39	61.23	59.70	60.34	3026016	182535456.00
2022/03/02	60.00	60.18	58.53	58.97	2690887	158852224.00
2022/03/03	59.78	59.78	58.44	58.62	1903100	112001960.00
2022/03/04	58.28	61.42	58.20	59.37	3869400	232378048.00
2022/03/07	59.38	59.89	56.05	56.36	3550387	203017872.00
2022/03/08	56.32	56.76	53.42	53.95	3831441	210420832.00
2022/03/09	54.48	55.44	51.18	52.89	4634008	247229616.00
2022/03/10	54.16	55.45	53.49	53.84	3990591	216187216.00
2022/03/11	53.25	57.41	53.09	57.00	5576397	311226304.00
2022/03/14	56.60	57.07	55.41	55.61	3437897	192952000.00
2022/03/15	55.23	55.65	51.68	51.78	3694368	197553968.00
2022/03/16	53.00	53.16	49.40	52.14	3960282	202614288.00
2022/03/17	52.80	56.38	52.40	54.75	4188384	230247648.00
2022/03/18	54.50	55.50	53.88	54.96	2276601	124528760.00
2022/03/21	55.01	56.88	54.30	55.18	3140074	173746464.00
2022/03/22	56.70	56.75	53.68	54.41	3193054	174733984.00
2022/03/23	54.47	56.83	53.82	55.74	3252622	180836816.00
2022/03/24	55.40	56.58	54.72	55.85	2461481	137278400.00
2022/03/25	55.81	57.11	54.27	54.32	2698320	149680480.00
2022/03/28	53.55	54.80	53.43	54.01	2956780	160223632.00
2022/03/29	54.08	54.78	53.23	53.50	1757927	94589584.00
2022/03/30	53.74	56.23	52.96	56.22	3692127	203587552.00
2022/03/31	55.58	57.85	55.50	55.91	3239329	183471504.00
2022/04/01	55.87	55.87	54.55	54.99	2380096	130889840.00
2022/04/06	54.58	55.37	54.08	54.09	2164328	118038536.00
2022/04/07	54.00	55.44	53.80	53.94	2845667	155572544.00
2022/04/08	54.05	54.30	50.24	50.43	4199744	215300880.00
2022/04/11	49.60	50.14	46.70	47.09	5503188	264614256.00
2022/04/12	46.88	49.60	46.77	49.57	3831317	184830896.00
2022/04/13	48.83	49.19	46.80	47.00	3424760	163615056.00
2022/04/14	47.83	48.18	46.17	46.58	2677605	126288792.00
2022/04/15	46.40	47.38	45.58	47.00	4383526	204303584.00
2022/04/18	46.65	46.79	44.63	46.39	4333666	197194032.00
2022/04/19	46.49	47.29	45.71	46.16	3091809	143418944.00
2022/04/20	45.98	47.88	45.97	46.67	4326643	203689280.00
2022/04/21	46.67	47.15	44.71	45.05	2999035	137873088.00
2022/04/22	44.96	44.96	43.58	44.00	2417204	106714368.00
2022/04/25	43.00	43.85	40.45	40.49	4308323	182176784.00
2022/04/26	40.59	42.59	40.34	41.58	4963754	206912880.00
2022/04/27	41.00	42.10	39.53	41.73	4901992	200943552.00
2022/04/28	41.88	42.18	40.05	40.59	4030472	165107520.00
2022/04/29	40.65	43.35	40.30	43.11	3308133	139941136.00
2022/05/05	43.11	44.50	42.40	43.93	2354182	103081864.00
2022/05/06	42.76	43.98	42.52	43.75	1736283	75524792.00
2022/05/09	43.80	44.01	43.03	43.32	1806154	78640344.00
2022/05/10	43.07	44.65	42.76	44.53	2253730	99251208.00
2022/05/11	44.53	46.58	44.22	45.34	2766101	126705968.00
2022/05/12	44.87	46.09	44.59	45.17	2043417	92411752.00
2022/05/13	45.17	46.24	44.40	45.00	1551431	69862216.00
2022/05/16	45.37	45.60	43.44	43.91	2991102	131625712.00
2022/05/17	44.20	44.20	42.01	42.97	2934084	125181576.00
2022/05/18	42.75	43.84	42.55	43.15	2095923	90899456.00
2022/05/19	42.60	43.69	42.45	43.58	2008157	86513704.00
2022/05/20	43.97	45.37	43.67	45.25	2608213	117137104.00
2022/05/23	45.88	47.35	45.36	47.28	3371775	156972256.00
2022/05/24	47.09	47.25	44.36	44.61	3586811	164705424.00
2022/05/25	44.51	45.40	44.33	45.00	2217759	99817752.00
2022/05/26	44.93	45.49	43.68	44.94	2040470	91186544.00
2022/05/27	44.99	45.35	44.03	44.18	2932074	131071832.00
2022/05/30	43.94	44.66	42.82	44.47	2699226	118269592.00
2022/05/31	44.50	47.01	43.46	46.89	3991411	182936528.00
2022/06/01	47.18	47.27	45.66	46.05	2779495	129028960.00
2022/06/02	45.79	47.00	45.53	46.19	2344671	108084392.00
2022/06/06	46.19	49.87	45.86	49.11	4988371	243641120.00
2022/06/07	49.49	55.59	48.73	53.22	8164171	416751296.00
2022/06/08	54.00	56.80	52.40	54.67	9902240	541375808.00
2022/06/09	53.01	53.49	48.97	49.29	8587265	434417952.00
2022/06/10	49.56	50.68	48.46	50.68	8644360	428340256.00
2022/06/13	49.51	50.18	48.05	50.10	5590754	274300800.00
2022/06/14	49.66	54.37	48.82	54.15	9088650	474428992.00
2022/06/15	53.42	56.24	53.35	54.16	5547475	303572352.00
2022/06/16	53.81	56.36	53.80	54.77	3971259	219060784.00
2022/06/17	54.78	56.32	53.33	56.10	4120468	226753392.00
2022/06/20	56.09	60.30	55.00	58.97	6714780	387695008.00
2022/06/21	58.60	58.97	56.58	57.66	5040995	289784736.00
2022/06/22	56.99	57.65	55.90	56.05	3046925	172447024.00
2022/06/23	55.98	59.18	55.81	58.83	3878390	224409936.00
2022/06/24	58.57	63.99	58.38	61.65	5916607	365254944.00
2022/06/27	61.81	64.64	61.50	62.27	4303402	270416896.00
2022/06/28	61.57	63.35	60.55	61.50	4161604	257743776.00
2022/06/29	61.75	62.20	60.70	60.90	4162506	255429824.00
2022/06/30	60.79	61.50	59.59	60.80	4139874	251029360.00
2022/07/01	60.46	60.50	54.80	55.69	10770609	611532608.00
2022/07/04	55.40	59.57	53.87	58.39	8993875	514795392.00
2022/07/05	58.90	59.15	57.00	58.17	4976354	288674016.00
2022/07/06	58.60	61.60	57.88	59.05	5612000	336139328.00
2022/07/07	59.38	60.00	57.00	57.95	3018902	175055440.00
2022/07/08	57.94	59.38	57.87	58.40	2623880	153933088.00
2022/07/11	57.78	59.01	56.38	56.78	2866210	164104848.00
2022/07/12	57.15	57.33	54.65	54.81	3040427	168620000.00
2022/07/13	55.07	55.86	53.50	53.87	2784377	151431552.00
2022/07/14	54.13	55.98	53.68	55.55	2876537	159060912.00
2022/07/15	55.07	56.36	54.20	54.20	2897409	159620464.00
2022/07/18	54.00	54.76	53.10	53.59	2954365	158363760.00
2022/07/19	53.63	54.08	51.89	52.32	3604316	189267216.00
2022/07/20	52.57	53.20	51.40	52.00	4801538	250887472.00
2022/07/21	52.19	53.20	51.53	52.50	3286000	172611792.00
2022/07/22	52.86	53.62	50.67	51.30	3260039	168591728.00
2022/07/25	51.98	52.45	50.76	51.21	2670560	137837984.00
2022/07/26	51.26	51.72	49.90	50.79	2111955	106725856.00
2022/07/27	50.70	51.34	50.20	50.60	2780704	140845376.00
2022/07/28	50.85	51.94	50.41	50.61	2761460	140993184.00
2022/07/29	50.73	50.96	49.85	49.97	3031424	152769488.00
2022/08/01	49.70	50.97	48.37	50.40	2622092	131502640.00
2022/08/02	49.85	50.33	47.05	48.15	4622705	223448304.00
2022/08/03	48.51	50.95	48.17	50.01	3602161	179994032.00
2022/08/04	50.30	52.37	50.10	51.51	3233671	166814896.00
2022/08/05	51.76	54.09	51.76	53.38	3587333	191461376.00
2022/08/08	53.80	54.07	52.50	53.71	2765691	147695184.00
2022/08/09	54.08	54.08	52.45	52.83	1864816	98886944.00
2022/08/10	52.75	52.92	51.75	51.89	1967735	102524256.00
2022/08/11	52.16	52.82	52.00	52.63	2080106	109116416.00
2022/08/12	52.56	52.60	51.81	51.93	1752444	91262640.00
2022/08/15	51.95	51.95	50.70	51.16	2360759	120854872.00
2022/08/16	51.16	51.57	49.64	49.91	2953316	148311840.00
2022/08/17	49.91	50.19	49.21	49.58	2186006	108372264.00
2022/08/18	49.75	49.75	48.40	48.73	2182705	106548872.00
2022/08/19	48.58	49.10	47.50	47.85	2739098	131399032.00
2022/08/22	47.51	48.97	46.67	48.79	2496882	120414976.00
2022/08/23	48.57	49.55	48.10	48.50	2407679	117193384.00
2022/08/24	48.45	48.59	46.41	46.48	2195087	103618768.00
2022/08/25	46.42	46.50	44.51	45.97	3931065	179183696.00
2022/08/26	45.97	46.90	45.19	45.39	2323685	106399272.00
2022/08/29	44.91	45.60	43.77	44.20	3182749	141291456.00
2022/08/30	44.37	45.04	43.83	44.80	2067176	91975056.00
2022/08/31	44.80	45.87	44.29	45.39	2993203	135548576.00
2022/09/01	45.06	46.60	45.06	45.30	2626120	120541376.00
2022/09/02	46.30	46.30	44.83	45.28	1675856	76058608.00
2022/09/05	45.20	45.57	44.01	44.59	1595254	71129152.00
2022/09/06	44.51	44.93	44.11	44.54	1488145	66181836.00
2022/09/07	44.61	44.67	43.53	43.90	1747997	76796320.00
2022/09/08	43.85	44.55	43.67	44.30	1674378	73903416.00
2022/09/09	44.49	45.60	44.04	44.75	2700410	121418016.00
2022/09/13	44.75	45.65	44.10	45.26	2209353	100126920.00
2022/09/14	44.71	45.37	44.25	44.99	2559336	114583024.00
2022/09/15	45.50	45.77	44.25	44.43	2317474	104244528.00
2022/09/16	44.44	44.65	42.40	42.40	2107787	91227304.00
2022/09/19	42.26	42.69	41.64	42.00	1351668	56876916.00
2022/09/20	42.00	42.59	41.22	41.37	1696070	70493360.00
2022/09/21	41.46	41.69	40.36	40.62	2011103	81932608.00
2022/09/22	40.46	40.95	39.67	39.85	1742100	69925984.00
2022/09/23	39.75	40.63	39.54	40.22	2205442	88724640.00
2022/09/26	40.34	41.15	39.61	39.98	2373441	95856384.00
2022/09/27	40.06	43.80	40.00	43.80	4095613	171404256.00
2022/09/28	43.80	43.90	42.11	42.36	3018824	129630624.00
2022/09/29	42.55	45.76	42.42	44.90	6341813	283527200.00
2022/09/30	44.42	46.07	44.42	44.80	4028002	182860240.00
2022/10/10	44.99	45.45	44.14	44.30	2631322	117547912.00
2022/10/11	44.42	44.92	42.50	42.77	2040536	87889648.00
2022/10/12	42.53	43.46	40.50	43.24	2875455	120667376.00
2022/10/13	42.92	45.44	42.80	43.97	2688035	118957776.00
2022/10/14	44.38	49.85	44.38	49.78	9831011	470629856.00
2022/10/17	50.97	53.70	50.00	51.46	7675934	399332640.00
2022/10/18	51.67	54.11	50.00	52.90	5961393	312634112.00
2022/10/19	52.90	53.99	52.09	53.37	5514946	292792416.00
2022/10/20	53.00	56.60	52.00	54.70	6922294	377272544.00
2022/10/21	54.00	55.69	53.40	55.00	6004812	326294208.00
2022/10/24	54.22	54.95	52.17	53.15	6654788	354020928.00
2022/10/25	52.53	53.41	50.58	52.50	5643471	292092000.00
2022/10/26	52.50	56.45	52.25	55.80	6704425	366180064.00
2022/10/27	55.79	55.98	49.55	49.99	12948222	668234880.00
2022/10/28	49.70	51.47	47.42	47.94	7886610	388346816.00
2022/10/31	45.01	47.22	44.06	45.71	11189006	508437056.00
2022/11/01	45.54	47.30	43.71	46.20	7568389	344245504.00
2022/11/02	46.06	48.96	45.65	47.49	8297347	391237920.00
2022/11/03	47.09	48.65	46.48	47.50	6428470	304290208.00
2022/11/04	47.30	49.70	47.30	49.01	6239706	303901984.00
2022/11/07	49.12	49.75	48.38	49.23	4502437	221200864.00
2022/11/08	49.73	49.99	48.55	49.83	3515860	173410672.00
2022/11/09	49.65	50.37	48.98	49.31	2702774	133899144.00
2022/11/10	49.28	53.60	49.28	50.38	7205403	373355712.00
2022/11/11	52.04	53.00	49.68	49.95	6697128	343264064.00
2022/11/14	49.36	51.20	48.89	50.38	4739167	238133392.00
2022/11/15	50.51	52.37	49.10	51.80	5464782	280373888.00
2022/11/16	52.43	54.52	51.21	53.59	6909722	368798624.00
2022/11/17	53.02	54.37	51.87	53.50	3909617	207275472.00
2022/11/18	53.01	54.20	52.36	53.24	3464118	185372256.00
2022/11/21	52.53	53.35	52.01	52.65	3516053	185164496.00
2022/11/22	52.30	52.99	51.08	51.50	4424393	230089648.00
2022/11/23	51.84	51.84	48.92	49.70	3949778	196743152.00
2022/11/24	49.70	50.71	49.13	50.15	3128308	156212000.00
2022/11/25	49.99	51.30	49.29	50.61	2207067	110863336.00
2022/11/28	50.40	51.12	49.44	50.30	1784289	89196120.00
2022/11/29	50.30	53.24	50.11	51.70	4176177	218178080.00
2022/11/30	51.70	51.90	50.48	50.58	2414094	122798360.00
2022/12/01	50.59	51.20	50.15	50.28	2761693	139668640.00
2022/12/02	50.08	51.05	49.84	50.10	1865896	94021496.00
2022/12/05	50.22	51.79	49.70	50.01	4096920	207258000.00
2022/12/06	49.61	50.14	48.50	49.00	3571699	175837504.00
2022/12/07	49.52	51.08	48.40	50.10	3099310	155203856.00
2022/12/08	50.03	50.73	49.21	50.49	2576795	129246824.00
2022/12/09	50.50	50.52	49.50	49.99	3195311	159061456.00
2022/12/12	49.92	50.88	49.71	50.88	2477673	125070312.00
2022/12/13	50.80	51.45	49.47	51.19	3038542	153131584.00
2022/12/14	50.91	51.39	49.98	50.03	2221321	112413296.00
2022/12/15	49.90	50.86	49.80	49.96	1491844	75017296.00
2022/12/16	49.69	51.16	49.66	50.85	2622163	132888952.00
2022/12/19	50.85	51.09	48.70	49.34	3464602	171247584.00
2022/12/20	49.34	49.34	48.21	48.60	1639066	79926312.00
2022/12/21	48.54	48.94	47.84	48.54	1643204	79435096.00
2022/12/22	48.00	49.86	47.92	48.30	2084106	101773896.00
2022/12/23	48.58	48.91	48.00	48.49	1586765	76753560.00
2022/12/26	48.47	49.35	48.44	49.02	1451417	71080160.00
2022/12/27	49.57	49.59	47.11	47.48	2390357	115287856.00
2022/12/28	47.50	49.16	46.80	48.54	2025008	97604456.00
2022/12/29	48.30	50.40	48.14	49.56	2901252	143833328.00
2022/12/30	49.81	50.00	49.10	49.27	1132011	55911304.00
2023/01/03	49.28	50.16	48.97	49.94	1376019	68478232.00
2023/01/04	49.95	51.55	49.60	49.72	3085021	155448064.00
2023/01/05	49.60	53.00	49.60	52.38	4986691	258350048.00
2023/01/06	52.65	53.70	52.01	53.43	3696904	195941088.00
2023/01/09	53.77	54.17	52.90	53.82	3030043	162386448.00
2023/01/10	53.61	58.29	53.58	57.95	6725197	379751808.00
2023/01/11	57.00	60.87	57.00	59.20	9695718	575093952.00
2023/01/12	58.94	59.36	57.24	57.77	4488013	261004352.00
2023/01/13	57.51	60.78	57.15	60.66	5777279	343653856.00
2023/01/16	61.03	64.25	60.67	63.09	8291582	520444736.00
2023/01/17	62.50	64.10	62.02	62.67	4761203	299588416.00
2023/01/18	61.61	62.00	59.00	60.42	7771290	467118464.00
2023/01/19	60.35	63.04	59.88	62.36	4302584	266340736.00
2023/01/20	61.99	62.50	61.07	61.40	1969004	121771328.00
2023/01/30	63.10	63.70	60.69	61.11	2760457	170064672.00
2023/01/31	62.20	62.21	59.10	60.00	2601484	156859616.00
2023/02/01	60.10	60.68	59.42	60.23	3270078	196082160.00
2023/02/02	60.53	65.41	59.79	63.84	6505027	415812224.00
2023/02/03	63.67	65.20	62.72	63.87	2864248	183009568.00
2023/02/06	63.37	65.15	62.80	63.20	3555999	226182720.00
2023/02/07	63.99	64.83	62.60	62.85	2296851	145854896.00
2023/02/08	62.85	65.75	62.62	64.80	4030526	261222784.00
2023/02/09	64.55	65.50	64.18	64.70	2604777	168731248.00
2023/02/10	64.81	65.28	63.40	63.98	3428720	220682048.00
数据来源:通达信
