300699 光威复材 日线 不复权
      日期	    开盘	    最高	    最低	    收盘	    成交量	    成交额
2017/09/01	13.51	16.21	13.51	16.21	20000	319705.00
2017/09/04	17.83	17.83	17.83	17.83	10002	178335.66
2017/09/05	19.61	19.61	19.61	19.61	20984	411496.25
2017/09/06	21.57	21.57	21.57	21.57	19761	426244.78
2017/09/07	23.73	23.73	23.73	23.73	21501	510218.72
2017/09/08	26.10	26.10	26.10	26.10	35792	934171.19
2017/09/11	28.71	28.71	28.71	28.71	39669	1138897.00
2017/09/12	31.58	31.58	31.58	31.58	122092	3855665.25
2017/09/13	34.74	34.74	34.74	34.74	143422	4982480.50
2017/09/14	38.21	38.21	38.21	38.21	163077	6231172.00
2017/09/15	42.03	42.03	42.03	42.03	399792	16803258.00
2017/09/18	46.23	46.23	46.23	46.23	396036	18308744.00
2017/09/19	50.85	50.85	50.85	50.85	1204953	61271860.00
2017/09/20	55.94	55.94	55.94	55.94	1045737	58498528.00
2017/09/21	61.53	61.53	61.53	61.53	462793	28475654.00
2017/09/22	67.68	67.68	67.68	67.68	1611649	109076408.00
2017/09/25	74.45	74.45	74.45	74.45	3158199	235127920.00
2017/09/26	77.98	78.00	69.09	69.98	60636671	4503394304.00
2017/09/27	69.95	73.26	68.02	71.90	31876410	2275140096.00
2017/09/28	71.00	79.09	70.50	79.09	40201710	3101553408.00
2017/09/29	78.73	80.00	71.18	71.59	36876710	2771710208.00
2017/10/09	73.09	76.50	71.08	73.70	25526778	1898047232.00
2017/10/10	72.01	75.95	71.01	73.03	20126173	1481160448.00
2017/10/11	74.65	79.60	71.99	72.65	28945913	2191757824.00
2017/10/12	71.00	71.00	67.01	67.20	22735908	1557473280.00
2017/10/13	68.50	70.01	68.08	68.65	13146950	906789888.00
2017/10/16	69.00	73.54	67.30	71.83	19725417	1412045696.00
2017/10/17	71.50	74.74	70.70	73.22	17941797	1309371392.00
2017/10/18	72.94	74.47	71.51	72.66	13781945	1005918400.00
2017/10/19	73.31	79.89	73.00	77.88	24646106	1885862528.00
2017/10/20	76.88	80.80	76.50	79.50	20051356	1575382400.00
2017/10/23	80.75	81.50	76.88	78.05	15012350	1179469952.00
2017/10/24	77.57	78.26	72.58	74.66	18200179	1363475840.00
2017/10/25	74.00	75.86	73.25	75.40	10955191	819859776.00
2017/10/26	74.93	76.60	72.59	76.35	12740393	951540800.00
2017/10/27	75.83	77.39	74.68	74.90	8998510	681961536.00
2017/10/30	73.00	73.50	70.60	70.74	12507461	900771776.00
2017/10/31	70.57	77.80	70.57	77.00	17751302	1323576192.00
2017/11/01	77.60	84.70	77.60	83.70	29023335	2407498752.00
2017/11/02	83.01	85.80	81.91	83.70	21013034	1766864128.00
2017/11/03	85.30	87.50	83.71	87.50	18847747	1620546432.00
2017/11/06	88.33	90.40	86.00	87.86	14914139	1313995776.00
2017/11/07	87.50	95.61	87.15	93.59	19214655	1753886208.00
2017/11/08	92.95	94.88	86.50	87.01	20841143	1904000512.00
2017/11/09	88.00	88.75	86.21	87.75	15064823	1318292608.00
2017/11/10	88.07	93.45	87.30	92.33	15592241	1422744064.00
2017/11/13	91.80	97.67	90.50	97.52	15429382	1442314240.00
2017/11/14	96.00	99.77	90.77	92.14	18618233	1780760832.00
2017/11/15	91.00	93.14	87.10	88.85	13852529	1242154368.00
2017/11/16	88.17	91.95	87.31	89.06	9731524	876029184.00
2017/11/17	87.00	87.96	80.15	80.19	19255613	1612591872.00
2017/11/20	79.00	82.30	76.55	81.56	9995107	799465408.00
2017/11/21	80.36	82.76	74.50	77.90	14960709	1168702592.00
2017/11/22	77.23	81.49	76.50	81.03	11771094	930174336.00
2017/11/23	80.46	82.19	76.54	76.54	10345219	825280576.00
2017/11/24	76.05	76.54	70.70	70.87	11763009	866414208.00
2017/11/27	69.06	72.27	67.87	68.36	8580519	600184256.00
2017/11/28	69.55	72.39	69.40	71.90	8430985	600592192.00
2017/11/29	71.90	71.90	68.71	71.15	8669250	609754496.00
2017/11/30	71.49	72.44	70.12	71.31	6859894	489583488.00
2017/12/01	70.84	74.65	70.23	73.38	8755553	636083456.00
2017/12/04	72.96	72.99	66.04	66.10	13271739	906809856.00
2017/12/05	65.10	67.47	61.53	63.15	9957821	642195520.00
2017/12/06	63.14	66.69	62.45	66.25	8498254	549093184.00
2017/12/07	65.37	67.17	64.70	65.67	6673059	439860512.00
2017/12/08	66.70	69.84	66.67	68.02	9892003	676932096.00
2017/12/11	67.11	68.95	66.78	68.20	6205873	421232800.00
2017/12/12	68.20	69.40	67.20	67.38	6018168	410488992.00
2017/12/13	66.57	67.87	65.19	67.65	5832063	387937920.00
2017/12/14	68.80	70.94	68.58	70.29	9764373	684835008.00
2017/12/15	69.18	69.97	67.61	67.94	7578269	520978752.00
2017/12/18	67.50	67.92	64.05	65.19	6403089	421122176.00
2017/12/19	65.00	66.35	64.92	65.40	3707888	243613376.00
2017/12/20	65.49	65.70	63.30	63.50	5207145	333284576.00
2017/12/21	63.11	64.98	61.76	64.61	6367473	406319360.00
2017/12/22	64.05	65.58	64.05	64.21	4566290	295867616.00
2017/12/25	63.79	67.19	62.50	66.25	8239798	536372800.00
2017/12/26	65.71	69.36	65.61	69.05	9448869	643101696.00
2017/12/27	68.98	69.69	67.55	67.80	6853493	469673728.00
2017/12/28	67.00	69.55	66.50	67.97	5799344	396424352.00
2017/12/29	66.98	67.81	64.40	65.54	7107313	468617632.00
2018/01/02	66.01	66.49	64.37	65.98	3919749	256817056.00
2018/01/03	65.83	68.06	64.64	67.93	7091739	472278304.00
2018/01/04	67.30	68.79	67.12	68.27	5887608	399858752.00
2018/01/05	68.27	69.32	66.88	66.88	5178500	353000928.00
2018/01/08	66.60	66.60	64.08	65.00	6867277	445913568.00
2018/01/09	65.10	65.53	63.80	64.40	5391833	348419424.00
2018/01/10	63.98	64.40	63.01	63.72	4929033	313339392.00
2018/01/11	64.30	65.48	63.52	64.71	5331359	345378272.00
2018/01/12	64.69	64.69	62.68	62.69	5977226	378090528.00
2018/01/15	62.32	62.36	56.42	56.42	11481209	664810176.00
2018/01/16	55.00	56.77	54.70	55.57	5957419	331644064.00
2018/01/17	53.11	55.46	51.21	54.82	8455730	450135648.00
2018/01/18	54.20	54.98	53.28	53.36	4797901	259296768.00
2018/01/19	53.68	56.37	53.41	54.17	6184249	340798048.00
2018/01/22	53.65	53.70	50.70	52.60	6115860	318316352.00
2018/01/23	53.39	54.25	52.58	53.08	4279161	228893424.00
2018/01/24	52.53	54.58	52.21	54.27	5340973	286831200.00
2018/01/25	54.26	56.94	53.80	54.95	7577596	422761024.00
2018/01/26	55.00	55.35	53.21	53.40	4222982	229025936.00
2018/01/29	52.99	54.50	52.36	52.70	3355231	178527312.00
2018/01/30	52.76	53.50	52.42	53.00	2599598	137598688.00
2018/01/31	52.99	52.99	48.60	48.60	6655248	334908448.00
2018/02/01	48.70	49.38	46.97	47.19	4160104	199968560.00
2018/02/02	46.61	47.17	44.11	45.77	4244441	195286720.00
2018/02/05	44.53	45.60	44.16	44.27	3493914	156906400.00
2018/02/06	42.70	43.69	39.84	39.84	6988572	290014368.00
2018/02/07	40.95	41.42	38.65	40.59	5675813	229203376.00
2018/02/08	40.45	42.50	40.45	41.76	4990942	208347328.00
2018/02/09	40.00	41.26	39.50	41.05	4358536	176726480.00
2018/02/12	41.89	42.88	41.68	42.19	3420026	144670016.00
2018/02/13	42.19	42.75	41.80	41.82	2823358	119146880.00
2018/02/14	42.00	42.18	40.81	40.99	2211115	91149704.00
2018/02/22	41.31	44.50	40.90	43.85	5145554	222271040.00
2018/02/23	43.33	44.58	43.13	44.25	3990372	175091232.00
2018/02/26	45.30	46.48	45.00	46.00	5861392	268499168.00
2018/02/27	46.99	49.65	46.99	47.11	8139639	392165728.00
2018/02/28	47.09	48.09	45.70	46.83	5870846	276943840.00
2018/03/01	46.21	49.09	46.00	49.09	6649656	318236704.00
2018/03/02	48.50	49.30	47.58	48.06	5350010	259140096.00
2018/03/05	48.50	49.47	47.26	49.47	6025878	292104640.00
2018/03/06	49.73	52.47	48.88	50.85	9629420	490144448.00
2018/03/07	50.75	51.27	49.63	50.11	4676997	235167168.00
2018/03/08	49.80	50.94	49.75	50.28	3584460	180348256.00
2018/03/09	50.28	52.40	49.93	52.23	7181568	371429792.00
2018/03/12	54.20	54.54	52.38	53.80	6381850	339961728.00
2018/03/13	53.75	58.97	53.44	55.84	9618335	541928512.00
2018/03/14	55.12	56.66	54.66	55.11	5580300	310061888.00
2018/03/15	54.60	54.61	50.50	52.20	8417884	440589920.00
2018/03/16	52.15	53.35	51.81	51.94	3764087	197546160.00
2018/03/19	52.00	53.65	50.99	53.01	4310497	227223584.00
2018/03/20	52.37	55.39	52.02	55.03	5671437	307732480.00
2018/03/21	55.50	56.95	53.68	53.76	7336749	405520928.00
2018/03/22	54.00	55.38	53.80	54.32	4809180	262431408.00
2018/03/23	51.50	55.55	51.02	52.81	8933667	477816480.00
2018/03/26	54.00	57.65	53.00	57.23	11017667	612502464.00
2018/03/27	56.94	58.68	56.01	58.26	12244768	704259264.00
2018/03/28	57.27	58.96	56.88	56.89	6893365	398130080.00
2018/03/29	57.31	59.00	56.88	59.00	7845681	457049088.00
2018/03/30	59.95	60.94	59.22	60.28	7836687	471844672.00
2018/04/02	60.50	60.80	58.60	59.20	6926277	414496512.00
2018/04/03	58.40	58.40	56.20	57.13	6850963	392027520.00
2018/04/04	57.60	59.78	57.00	57.44	6099712	356128224.00
2018/04/09	56.72	58.85	56.60	57.90	5227143	302792288.00
2018/04/10	57.50	57.87	54.22	55.42	6942696	388483392.00
2018/04/11	55.68	55.90	54.82	55.10	3794286	209708160.00
2018/04/12	55.20	56.20	54.42	54.42	3892503	215834640.00
2018/04/13	54.90	57.38	54.70	57.10	6717042	377273664.00
2018/04/16	60.10	60.88	58.19	58.59	9882672	587030400.00
2018/04/17	58.20	59.35	56.20	56.28	5654981	325729088.00
2018/04/18	56.93	59.80	56.35	59.46	7283251	425422880.00
2018/04/19	58.80	60.47	58.41	58.50	6275907	372723872.00
2018/04/20	57.98	59.58	57.51	57.72	4493565	262409584.00
2018/04/23	57.81	59.78	57.47	58.49	5134479	301303456.00
2018/04/24	58.17	60.64	57.56	60.50	7413370	440593984.00
2018/04/25	60.06	60.46	59.15	59.60	4714084	281501760.00
2018/04/26	59.82	60.18	57.01	57.30	4864562	284258272.00
2018/04/27	58.02	58.78	56.70	56.71	3692299	213075968.00
2018/05/02	56.62	57.58	53.60	53.64	5648413	311572832.00
2018/05/03	53.95	54.95	52.87	54.70	3356295	181180048.00
2018/05/04	54.68	54.87	53.85	54.03	2250152	122327952.00
2018/05/07	54.50	55.45	54.15	55.17	2407728	132440416.00
2018/05/08	55.13	56.55	55.08	55.65	2843721	159003344.00
2018/05/09	55.66	55.95	55.25	55.50	1816229	100888592.00
2018/05/10	55.88	56.60	54.42	55.22	2792623	155089008.00
2018/05/11	55.28	55.35	53.50	53.81	2994291	161837600.00
2018/05/14	53.50	54.20	53.38	53.78	1601578	86154880.00
2018/05/15	53.78	56.12	52.80	56.09	5067338	278959808.00
2018/05/16	55.70	55.88	54.45	54.83	2685638	148421616.00
2018/05/17	54.80	55.55	54.02	55.43	2110915	115914984.00
2018/05/18	55.21	55.40	54.00	54.80	2214954	121126488.00
2018/05/21	54.94	56.78	54.94	56.30	3753072	210340704.00
2018/05/22	56.40	57.52	55.70	57.52	4408487	250570544.00
2018/05/23	57.37	58.16	56.68	56.80	3756853	215494208.00
2018/05/24	56.73	57.18	55.81	56.00	2284377	129050624.00
2018/05/25	55.93	56.98	55.68	56.18	2358663	132904648.00
2018/05/28	56.00	56.58	50.56	50.56	7696996	401813024.00
2018/05/29	50.01	50.34	47.75	48.41	5244864	255123584.00
2018/05/30	47.58	48.32	46.93	47.15	2729947	130213152.00
2018/05/31	47.93	48.10	47.16	47.86	2107788	100750296.00
2018/06/01	47.86	48.34	46.50	47.02	2226547	105550216.00
2018/06/04	47.16	47.69	46.83	46.98	1342207	63396328.00
2018/06/05	47.41	48.59	47.41	48.48	2512745	120646824.00
2018/06/06	48.25	49.39	48.15	49.13	2249044	109488280.00
2018/06/07	49.29	49.47	48.07	48.25	1709000	82965984.00
2018/06/08	48.26	48.30	47.00	47.20	1710569	81394624.00
2018/06/11	47.20	47.20	45.21	45.51	2402769	110698736.00
2018/06/12	45.73	46.90	45.73	46.65	1851560	85940952.00
2018/06/13	46.83	48.43	46.51	47.35	2660000	126518736.00
2018/06/14	47.35	47.94	46.46	47.09	1448400	68431872.00
2018/06/15	47.49	47.78	46.41	46.80	1618747	76015136.00
2018/06/19	45.80	45.85	41.85	42.43	3589874	156490000.00
2018/06/20	42.00	44.44	42.00	43.68	2205011	95543776.00
2018/06/21	43.52	44.03	41.72	41.83	2211901	94337496.00
2018/06/22	41.80	42.97	41.73	42.58	1917943	81528456.00
2018/06/25	43.21	43.47	42.62	43.06	1442107	62087452.00
2018/06/26	42.95	44.68	42.40	44.04	2203610	96490384.00
2018/06/27	44.07	45.00	43.60	43.72	1757977	77499104.00
2018/06/28	43.72	44.51	43.28	43.28	1435900	63104980.00
2018/06/29	43.69	45.20	43.58	45.20	3059237	136907152.00
2018/07/02	45.15	45.85	43.70	44.08	2679663	119782128.00
2018/07/03	44.22	46.46	43.75	46.30	3674670	166390464.00
2018/07/04	46.28	46.28	44.60	45.27	3004302	136389872.00
2018/07/05	45.44	45.44	44.37	44.79	2030378	91133816.00
2018/07/06	44.90	46.66	44.81	45.99	3133213	143684576.00
2018/07/09	46.88	50.59	46.88	48.81	6234128	306808992.00
2018/07/10	48.60	49.50	48.32	49.05	3587368	175188240.00
2018/07/11	48.20	48.20	46.62	47.30	3557860	168825776.00
2018/07/12	47.62	49.44	47.62	48.92	3565134	173689072.00
2018/07/13	48.91	50.66	48.86	49.60	3980394	198453536.00
2018/07/16	49.78	50.38	49.11	49.95	2248350	112058168.00
2018/07/17	50.01	50.05	48.04	49.08	2803538	136704176.00
2018/07/18	49.52	49.96	48.25	48.27	2401700	117574520.00
2018/07/19	47.98	48.90	47.38	47.62	2026980	97075432.00
2018/07/20	47.74	48.69	47.01	48.51	1815745	87328944.00
2018/07/23	48.24	50.23	48.18	49.65	2911945	144194608.00
2018/07/24	49.93	50.00	49.18	49.60	2622346	130013360.00
2018/07/25	49.96	50.95	49.58	49.71	3344095	168192304.00
2018/07/26	49.58	49.90	46.78	46.90	4224900	202301760.00
2018/07/27	46.81	47.16	45.77	45.77	2212951	102688376.00
2018/07/30	45.70	46.22	44.80	44.96	1875500	84978056.00
2018/07/31	45.01	45.42	44.83	45.26	1153300	52060584.00
2018/08/01	45.36	45.67	43.51	43.95	1643643	73528536.00
2018/08/02	43.84	43.94	42.00	42.82	2410330	103168360.00
2018/08/03	42.84	43.45	42.50	42.80	1600700	68749896.00
2018/08/06	42.99	43.49	42.62	42.97	1703614	73396144.00
2018/08/07	43.00	44.26	42.97	44.18	2039147	89357744.00
2018/08/08	44.00	44.00	41.60	41.60	2397577	102611344.00
2018/08/09	41.18	43.35	41.00	43.00	2726037	115722984.00
2018/08/10	42.80	43.44	42.39	42.81	1592192	68160648.00
2018/08/13	42.10	44.00	41.79	43.73	2285024	98403576.00
2018/08/14	43.72	43.81	42.99	43.08	1252000	54213380.00
2018/08/15	43.06	43.33	42.00	42.20	1563192	66532604.00
2018/08/16	41.49	42.42	41.41	41.50	1430177	59812320.00
2018/08/17	42.13	42.43	40.60	40.72	1421954	58737480.00
2018/08/20	40.71	41.17	39.70	40.87	1505487	60893200.00
2018/08/21	41.18	41.36	40.62	41.02	1635628	67219848.00
2018/08/22	41.30	41.39	40.91	41.33	1113714	45873388.00
2018/08/23	41.33	41.70	40.85	41.70	1550477	64113892.00
2018/08/24	41.63	41.63	40.69	40.69	1120177	46038380.00
2018/08/27	40.66	42.80	40.66	42.56	2818650	118459552.00
2018/08/28	42.37	42.50	41.73	42.25	1654779	69697632.00
2018/08/29	41.70	41.80	40.85	40.93	1735414	71318960.00
2018/08/30	40.90	41.00	39.82	40.13	1734417	69790984.00
2018/08/31	39.91	40.12	38.67	38.68	2062392	81270216.00
2018/09/03	38.51	39.92	38.51	39.70	1479200	58026304.00
2018/09/04	39.88	41.40	39.20	41.21	2491149	101440200.00
2018/09/05	40.91	42.00	40.56	40.56	1657446	68409856.00
2018/09/06	40.96	41.72	40.60	41.01	1355562	55799756.00
2018/09/07	41.35	41.59	39.50	40.28	1560602	63553964.00
2018/09/10	40.08	40.51	39.39	39.54	916026	36594444.00
2018/09/11	39.65	40.80	39.48	40.49	1280444	51529836.00
2018/09/12	40.36	41.38	40.10	41.10	1443523	59080204.00
2018/09/13	41.35	41.83	40.95	41.68	1647302	68157240.00
2018/09/14	41.71	41.87	40.00	40.01	1716217	70640072.00
2018/09/17	39.96	41.35	39.53	40.43	1524046	62026916.00
2018/09/18	40.46	41.02	39.90	41.02	1575416	63799352.00
2018/09/19	38.90	39.25	37.20	38.62	6353199	244344304.00
2018/09/20	37.62	38.49	37.57	38.00	2898392	110065120.00
2018/09/21	37.94	38.15	37.81	38.09	1748528	66473616.00
2018/09/25	37.90	38.78	37.66	38.20	1595299	61182988.00
2018/09/26	38.37	38.37	37.80	38.24	1938079	73906472.00
2018/09/27	38.27	38.33	37.54	37.57	1351900	51449560.00
2018/09/28	37.61	38.22	37.61	37.90	923472	35011464.00
2018/10/08	37.41	38.27	37.10	37.92	1455000	54997808.00
2018/10/09	38.39	38.50	37.37	37.61	1168258	44130568.00
2018/10/10	37.61	38.52	37.61	38.32	1562765	59724268.00
2018/10/11	37.37	40.55	37.11	37.95	5482601	212628816.00
2018/10/12	38.17	38.97	34.23	37.30	4639764	168458400.00
2018/10/15	36.88	36.92	35.81	36.45	2166176	78826648.00
2018/10/16	36.98	37.30	35.74	35.89	2038413	74690384.00
2018/10/17	36.20	36.56	35.65	36.09	1828900	66081472.00
2018/10/18	35.95	36.00	34.70	35.47	1477690	52143472.00
2018/10/19	35.46	37.90	35.05	36.68	2211405	80776912.00
2018/10/22	37.07	38.82	36.84	38.82	3695222	140719824.00
2018/10/23	38.68	39.27	38.42	38.66	2797436	108400704.00
2018/10/24	38.57	40.12	38.43	39.05	2851461	112264792.00
2018/10/25	37.70	39.93	37.70	39.61	2638895	102980224.00
2018/10/26	41.14	41.33	38.78	39.23	3004777	119884568.00
2018/10/29	39.00	41.12	38.78	39.59	3517910	141055584.00
2018/10/30	39.19	40.25	39.12	39.27	2906841	115654360.00
2018/10/31	39.26	40.30	38.88	39.18	3790198	149713168.00
2018/11/01	39.23	39.72	38.51	39.60	3765441	147658768.00
2018/11/02	40.28	41.12	40.00	41.06	4030590	163820736.00
2018/11/05	41.20	42.10	40.55	42.03	4628980	191765504.00
2018/11/06	41.70	41.70	40.80	41.38	1955845	80579680.00
2018/11/07	41.54	42.01	40.65	40.74	2776696	114824752.00
2018/11/08	41.10	41.32	40.00	40.00	2335333	94562896.00
2018/11/09	39.79	40.24	39.42	39.95	1721758	68637320.00
2018/11/12	39.55	41.13	39.55	40.91	2525692	102488352.00
2018/11/13	40.70	41.39	40.50	41.08	2777944	113846248.00
2018/11/14	40.88	42.38	40.68	41.53	3522054	147064416.00
2018/11/15	41.59	42.75	41.17	42.75	3525606	148224592.00
2018/11/16	42.90	43.05	42.00	42.08	4241644	179498144.00
2018/11/19	42.15	42.15	40.65	41.35	3763891	154783888.00
2018/11/20	38.50	38.87	37.66	37.66	7008216	269249024.00
2018/11/21	37.16	38.38	37.15	38.15	2395013	90845328.00
2018/11/22	38.15	38.32	37.22	37.38	2207103	83034632.00
2018/11/23	37.45	37.50	36.28	36.56	2143776	78718288.00
2018/11/26	36.62	36.62	35.76	36.02	1532589	55354652.00
2018/11/27	36.27	36.59	36.15	36.40	1014377	36861068.00
2018/11/28	36.47	36.80	36.06	36.72	1578937	57592464.00
2018/11/29	36.91	37.22	36.03	36.03	1509496	55446656.00
2018/11/30	35.99	36.97	35.70	36.70	1633151	59234600.00
2018/12/03	37.73	38.27	37.40	38.00	2463350	93438064.00
2018/12/04	37.81	38.00	37.49	37.78	1359888	51292052.00
2018/12/05	37.28	38.16	37.20	37.86	1445006	54701580.00
2018/12/06	37.80	38.05	37.52	37.60	1116900	42189244.00
2018/12/07	37.40	37.98	37.40	37.90	899100	34003264.00
2018/12/10	37.76	38.11	37.43	37.83	980300	36969144.00
2018/12/11	37.83	38.28	37.68	38.16	1833713	69872480.00
2018/12/12	38.16	38.62	38.08	38.20	1221040	46789332.00
2018/12/13	38.48	38.53	38.15	38.17	1270900	48741540.00
2018/12/14	38.28	38.28	37.23	37.30	1976690	74513904.00
2018/12/17	37.01	37.58	36.68	36.70	1763800	65332460.00
2018/12/18	37.00	37.10	36.61	36.83	1379300	50812676.00
2018/12/19	36.80	37.02	36.36	36.70	1532286	56300836.00
2018/12/20	36.50	36.73	35.78	36.01	1676232	60528008.00
2018/12/21	35.95	36.10	35.52	35.76	1242943	44459636.00
2018/12/24	35.88	36.37	35.65	36.25	1918688	69038808.00
2018/12/25	35.80	35.83	35.26	35.51	1888986	67151216.00
2018/12/26	35.46	35.90	35.00	35.28	1384600	48988844.00
2018/12/27	35.85	35.98	35.01	35.01	1682700	59710052.00
2018/12/28	35.20	35.86	35.00	35.80	1684969	59921524.00
2019/01/02	35.75	36.56	35.57	35.98	1234474	44555004.00
2019/01/03	36.06	37.15	35.61	36.14	1731562	63253268.00
2019/01/04	35.98	36.41	35.11	36.18	1805277	64848680.00
2019/01/07	36.49	37.48	36.20	37.36	2716292	100369624.00
2019/01/08	37.25	37.37	36.69	36.87	1511230	55748336.00
2019/01/09	36.88	37.30	36.70	36.74	1419677	52567252.00
2019/01/10	36.60	36.80	36.16	36.18	1110353	40423912.00
2019/01/11	36.41	37.93	36.41	37.68	3172141	118545104.00
2019/01/14	37.86	37.90	37.08	37.28	1526695	57042692.00
2019/01/15	37.02	37.65	37.02	37.53	1396400	52222560.00
2019/01/16	37.61	37.63	37.14	37.27	1169207	43679248.00
2019/01/17	37.47	37.78	37.18	37.24	1154576	43172156.00
2019/01/18	37.36	37.64	37.18	37.47	929886	34739784.00
2019/01/21	37.52	38.23	37.25	38.15	1682611	63647272.00
2019/01/22	38.18	38.18	37.45	37.51	996339	37600212.00
2019/01/23	37.79	40.14	37.47	39.75	4529044	177004160.00
2019/01/24	39.57	39.98	38.98	39.30	2594373	102357144.00
2019/01/25	39.33	40.72	39.01	40.08	3272187	131265304.00
2019/01/28	40.23	40.35	38.60	38.60	3073158	120961128.00
2019/01/29	38.98	39.49	38.13	38.13	2566715	99852712.00
2019/01/30	38.22	39.64	38.15	38.38	3075709	120118152.00
2019/01/31	39.42	39.42	38.47	39.01	2925290	114271992.00
2019/02/01	39.01	40.04	38.79	39.70	2313781	91672704.00
2019/02/11	39.80	42.10	39.52	41.61	3716941	153018672.00
2019/02/12	41.50	42.00	41.05	41.76	2396641	99619528.00
2019/02/13	41.50	42.50	41.35	42.05	2607076	109450416.00
2019/02/14	42.00	42.33	41.48	42.11	2020978	84601376.00
2019/02/15	42.06	42.06	41.00	41.29	2044592	84624544.00
2019/02/18	41.20	42.68	41.20	42.65	3132356	132085672.00
2019/02/19	43.00	43.00	41.60	41.98	2948226	124216992.00
2019/02/20	41.98	42.22	41.43	41.97	1774365	74257808.00
2019/02/21	41.97	42.19	41.12	41.35	3425933	143431568.00
2019/02/22	41.18	41.77	40.58	41.65	3572244	146993696.00
2019/02/25	42.52	45.60	41.85	44.89	6944305	302891168.00
2019/02/26	44.53	46.39	43.93	45.01	6314212	286109632.00
2019/02/27	45.02	47.30	44.65	45.78	5763062	265234976.00
2019/02/28	46.16	47.14	44.88	45.32	3531698	161892560.00
2019/03/01	45.90	46.58	45.40	46.16	2837033	130626200.00
2019/03/04	46.41	47.71	46.04	47.19	5741303	270132576.00
2019/03/05	46.81	47.45	46.47	47.38	3881288	182435904.00
2019/03/06	47.40	47.88	46.64	47.20	3309813	156350336.00
2019/03/07	47.10	47.20	45.80	46.80	4488654	208408496.00
2019/03/08	46.01	47.50	45.18	45.49	4084230	189004400.00
2019/03/11	46.02	48.49	46.02	48.46	5335680	253058352.00
2019/03/12	48.80	50.10	47.55	48.50	6031071	295597056.00
2019/03/13	49.00	49.05	46.18	46.48	3988471	189845856.00
2019/03/14	46.35	47.50	45.12	45.37	3455143	159184096.00
2019/03/15	45.98	47.10	45.60	46.10	2901474	134151616.00
2019/03/18	46.16	47.28	46.10	47.10	2348389	109937504.00
2019/03/19	47.18	47.74	46.33	47.20	2654606	125001704.00
2019/03/20	51.00	51.00	48.80	49.82	8832342	439650784.00
2019/03/21	49.80	53.61	49.36	52.58	7997956	414509824.00
2019/03/22	52.11	52.97	51.35	52.50	4304686	224194544.00
2019/03/25	51.61	55.35	51.61	54.12	6338785	343421472.00
2019/03/26	58.98	58.99	55.11	55.31	12762878	727995072.00
2019/03/27	56.19	60.65	55.87	59.86	9084398	528017792.00
2019/03/28	58.90	58.90	55.60	55.76	8724477	500367520.00
2019/03/29	55.99	57.53	55.88	57.32	5728755	326158464.00
2019/04/01	57.45	60.96	57.45	59.99	5595930	331289088.00
2019/04/02	60.50	65.00	60.00	63.28	5509055	348828096.00
2019/04/03	62.67	64.95	61.61	64.20	3450599	217478096.00
2019/04/04	64.60	64.87	62.01	63.11	3470186	219423776.00
2019/04/08	63.58	64.18	59.76	61.10	4854433	298219040.00
2019/04/09	61.35	61.40	59.20	60.62	3221665	194030288.00
2019/04/10	60.63	61.86	59.20	60.83	3369707	203913696.00
2019/04/11	60.68	60.85	58.21	58.93	4161297	246706192.00
2019/04/12	59.30	60.39	58.87	59.34	2172716	129243000.00
2019/04/15	60.75	61.35	58.47	58.51	2559586	153404272.00
2019/04/16	58.31	59.90	57.71	59.77	3064007	180481120.00
2019/04/17	59.60	60.50	58.89	59.40	2844293	169718128.00
2019/04/18	59.26	60.50	59.26	59.40	1781773	106456744.00
2019/04/19	59.59	62.48	59.30	62.47	3573139	218444224.00
2019/04/22	62.30	63.38	60.80	62.00	3439784	212472928.00
2019/04/23	62.68	63.60	59.07	59.58	5132820	312966752.00
2019/04/24	59.00	62.25	58.81	61.89	4420549	270172128.00
2019/04/25	61.90	61.90	59.02	59.28	2939354	177654608.00
2019/04/26	59.27	64.70	58.95	62.18	5255771	324984288.00
2019/04/29	62.21	63.48	60.33	60.59	4386804	269692576.00
2019/04/30	60.99	61.48	57.76	58.02	4415008	262277408.00
2019/05/06	55.85	55.95	52.28	52.58	6080261	329566624.00
2019/05/07	53.56	53.96	52.11	53.25	3445855	183267136.00
2019/05/08	52.00	55.55	51.65	54.02	4016289	218518496.00
2019/05/09	53.26	55.28	53.14	54.24	2869708	156641248.00
2019/05/10	55.00	56.40	53.00	55.49	5089257	281040576.00
2019/05/13	54.90	55.99	54.20	54.70	3288556	180338496.00
2019/05/14	54.15	56.27	54.10	55.82	3401360	188211008.00
2019/05/15	55.97	56.60	55.20	56.12	3478997	194584112.00
2019/05/16	39.60	40.74	38.31	40.25	4756336	189039040.00
2019/05/17	40.15	40.15	38.25	38.60	4504665	176869440.00
2019/05/20	38.05	38.60	36.87	37.90	3297159	124094480.00
2019/05/21	37.95	39.66	37.95	39.31	3559966	139076096.00
2019/05/22	39.59	39.59	38.00	38.66	3398873	131806824.00
2019/05/23	38.97	38.97	37.28	37.39	3424630	130135096.00
2019/05/24	37.25	37.69	36.82	37.21	2232010	83110568.00
2019/05/27	37.50	39.37	37.12	38.92	5600405	215756176.00
2019/05/28	39.00	39.09	38.06	38.15	4138920	159589696.00
2019/05/29	38.00	38.29	37.61	37.75	2865646	108406512.00
2019/05/30	37.58	37.58	35.24	35.97	7888566	284603584.00
2019/05/31	36.05	36.49	35.52	35.72	4394199	158364368.00
2019/06/03	36.01	36.30	33.45	33.99	8849261	304139712.00
2019/06/04	34.02	34.59	33.78	34.18	4309431	147261088.00
2019/06/05	34.56	34.70	33.40	33.56	3970534	134503168.00
2019/06/06	33.61	34.09	33.40	33.54	2924620	98726400.00
2019/06/10	33.43	34.50	31.70	34.10	6810532	225897456.00
2019/06/11	33.96	35.08	33.68	34.98	5541220	190989488.00
2019/06/12	34.80	34.93	33.48	33.79	7453029	253965104.00
2019/06/13	31.50	31.95	30.80	31.49	18952186	596336896.00
2019/06/14	31.71	32.62	31.40	31.40	8308554	265572368.00
2019/06/17	31.09	31.96	30.99	31.39	7557471	238199440.00
2019/06/18	31.36	32.29	31.36	31.58	5301028	168965216.00
2019/06/19	32.36	33.15	32.02	32.48	7361233	239408016.00
2019/06/20	32.75	33.90	31.85	33.26	6852987	225279712.00
2019/06/21	33.35	34.34	33.35	33.68	6380195	216153744.00
2019/06/24	33.71	34.09	32.92	33.52	3881704	130007560.00
2019/06/25	33.26	33.39	32.20	32.72	4292874	140106608.00
2019/06/26	32.68	33.50	32.56	32.98	4076580	135277616.00
2019/06/27	33.58	34.05	33.23	33.46	4215980	141636352.00
2019/06/28	33.61	33.65	32.42	32.70	3696500	121871152.00
2019/07/01	33.50	35.16	33.10	34.98	10262225	350772288.00
2019/07/02	34.70	35.30	34.26	34.45	5202649	180412336.00
2019/07/03	34.50	35.18	33.91	34.57	5273180	182089328.00
2019/07/04	34.40	35.45	34.25	35.21	5418744	188978336.00
2019/07/05	35.24	35.96	34.78	35.73	4755863	168528112.00
2019/07/08	35.41	35.70	33.91	34.16	4778393	165436800.00
2019/07/09	34.00	34.78	34.00	34.47	2701855	93102872.00
2019/07/10	35.12	35.69	34.41	34.42	5515646	193626960.00
2019/07/11	34.79	35.19	34.13	34.48	3952089	136942240.00
2019/07/12	34.59	34.63	33.81	34.20	3742326	127887248.00
2019/07/15	34.32	35.95	33.81	35.53	6031706	212332688.00
2019/07/16	35.45	35.87	35.13	35.44	3363853	119318136.00
2019/07/17	35.70	36.50	35.53	35.95	5237655	189022288.00
2019/07/18	35.70	36.36	35.16	35.94	4273523	153217264.00
2019/07/19	35.97	36.49	35.60	36.12	3293628	118599536.00
2019/07/22	36.39	37.12	35.31	36.61	6414467	233549696.00
2019/07/23	36.53	36.96	36.16	36.86	3705983	135654560.00
2019/07/24	36.86	38.44	36.60	37.60	7242743	273507520.00
2019/07/25	37.60	39.09	37.41	38.60	9611746	368307744.00
2019/07/26	38.50	39.36	38.00	38.10	6921278	266490720.00
2019/07/29	38.10	38.70	37.77	37.95	4476972	170575648.00
2019/07/30	38.04	38.48	37.79	37.88	4062331	154614784.00
2019/07/31	37.75	38.16	37.48	37.66	3779751	142828208.00
2019/08/01	37.52	38.30	37.40	37.83	4564765	173048832.00
2019/08/02	36.98	38.02	36.61	37.50	5574374	208464192.00
2019/08/05	37.43	38.27	36.86	36.95	4761516	179497920.00
2019/08/06	36.09	36.59	35.11	36.14	7150390	257093104.00
2019/08/07	36.51	36.54	34.50	34.72	6506811	229554144.00
2019/08/08	35.00	35.32	34.40	34.58	4641466	161594896.00
2019/08/09	34.72	35.10	34.00	34.10	3162935	109140848.00
2019/08/12	34.38	35.26	34.11	35.20	3250356	112860640.00
2019/08/13	34.80	35.49	34.60	34.95	3173507	110697744.00
2019/08/14	35.45	35.66	34.85	35.00	3032079	107104168.00
2019/08/15	33.99	35.37	33.68	35.30	2989928	104305984.00
2019/08/16	35.30	37.06	35.16	36.71	5301210	192304864.00
2019/08/19	37.08	38.42	36.71	38.00	6554247	247364480.00
2019/08/20	38.98	39.63	37.97	38.20	9075783	349564256.00
2019/08/21	38.20	39.10	37.93	38.66	6440830	248742288.00
2019/08/22	38.66	39.24	38.58	38.76	4746629	184380736.00
2019/08/23	38.80	40.15	38.80	39.56	7924039	313712928.00
2019/08/26	38.90	39.90	38.66	39.00	5628785	220276928.00
2019/08/27	39.39	39.58	38.60	38.82	6579980	256796992.00
2019/08/28	38.80	39.33	38.26	38.69	6015417	233198288.00
2019/08/29	38.88	39.10	38.40	38.70	4303738	166759216.00
2019/08/30	38.88	41.28	38.88	41.09	12466814	503732192.00
2019/09/02	41.37	42.55	40.73	42.20	10918601	457681088.00
2019/09/03	41.30	41.50	40.31	40.80	11766304	481718560.00
2019/09/04	40.65	41.20	40.20	40.66	5643547	229239280.00
2019/09/05	41.00	41.77	40.66	40.66	8396888	346228032.00
2019/09/06	40.51	41.89	40.48	41.10	6495616	268372080.00
2019/09/09	41.62	41.87	40.76	41.73	5629701	233004320.00
2019/09/10	41.99	43.17	41.69	42.67	8037339	341828096.00
2019/09/11	42.50	42.80	41.49	41.49	6592293	277495296.00
2019/09/12	41.52	42.08	41.18	41.91	4034111	168457776.00
2019/09/16	42.09	42.25	41.41	41.68	4827650	202444352.00
2019/09/17	41.42	41.64	39.42	40.10	6815104	275177920.00
2019/09/18	40.31	40.47	39.45	39.71	4290236	170718656.00
2019/09/19	39.72	40.27	39.54	40.22	4319399	172707680.00
2019/09/20	40.13	40.84	39.76	39.80	4552707	182895248.00
2019/09/23	39.99	40.25	38.82	39.29	5039475	197760144.00
2019/09/24	39.60	39.67	39.10	39.33	4174610	164544544.00
2019/09/25	39.16	39.41	38.62	38.90	3856473	150317888.00
2019/09/26	38.82	39.37	37.64	37.68	4729161	181217328.00
2019/09/27	37.91	39.56	37.80	38.74	5701934	221310992.00
2019/09/30	39.05	39.65	38.71	39.50	4269627	167592528.00
2019/10/08	39.29	39.36	37.98	38.19	4792860	185050944.00
2019/10/09	38.18	39.65	37.51	39.51	4843804	188998000.00
2019/10/10	39.52	41.10	39.41	40.80	6634630	268788608.00
2019/10/11	41.50	41.78	40.69	41.19	6710227	277005088.00
2019/10/14	41.55	42.09	40.88	40.95	5802726	240234816.00
2019/10/15	40.93	41.89	40.75	41.22	5421730	224598240.00
2019/10/16	41.20	41.50	40.61	40.91	3679878	150855472.00
2019/10/17	40.68	42.14	40.68	41.44	6025434	250733008.00
2019/10/18	41.47	41.50	40.20	40.63	4669385	190356016.00
2019/10/21	40.75	40.78	39.00	39.70	4021842	159751488.00
2019/10/22	39.88	40.50	39.74	40.21	3297366	132568720.00
2019/10/23	40.10	40.68	39.48	39.60	3171371	126512824.00
2019/10/24	39.51	39.88	39.08	39.28	2299269	90681080.00
2019/10/25	39.22	40.16	39.22	40.00	2848158	113196552.00
2019/10/28	40.09	41.43	39.72	41.43	5635895	230165456.00
2019/10/29	41.43	41.46	40.62	40.92	4238163	173971280.00
2019/10/30	40.80	41.76	40.70	41.17	4979953	205429600.00
2019/10/31	41.31	41.55	40.48	40.77	3481474	142122016.00
2019/11/01	40.53	40.65	39.14	39.61	6589797	260429680.00
2019/11/04	39.45	40.00	38.86	39.50	4543982	179122432.00
2019/11/05	39.51	39.74	38.93	39.65	3705091	145804128.00
2019/11/06	39.68	40.15	39.01	39.05	3401380	134549760.00
2019/11/07	38.81	39.36	38.51	38.88	4301564	167282512.00
2019/11/08	39.13	39.80	38.90	39.15	3267479	128687128.00
2019/11/11	39.00	39.00	38.00	38.01	4312191	165241488.00
2019/11/12	38.10	38.70	37.88	38.29	2321964	88802168.00
2019/11/13	38.34	39.11	38.29	38.88	2625020	101588384.00
2019/11/14	38.90	39.19	38.65	38.93	2346227	91324384.00
2019/11/15	38.99	39.16	38.01	38.12	2470349	95129192.00
2019/11/18	38.14	38.50	37.90	38.20	1766517	67503752.00
2019/11/19	38.34	39.20	38.17	39.16	3121953	121387880.00
2019/11/20	39.00	39.66	38.57	38.61	3196577	124773040.00
2019/11/21	38.60	38.84	38.20	38.80	2097589	81050496.00
2019/11/22	38.90	39.10	38.20	38.20	2623572	101192360.00
2019/11/25	38.30	39.16	37.18	39.06	4303770	165315840.00
2019/11/26	38.86	39.15	38.61	38.97	3595166	139867024.00
2019/11/27	38.99	39.02	37.91	38.06	2825599	108050080.00
2019/11/28	38.04	38.04	37.26	37.28	2617174	98372568.00
2019/11/29	37.01	37.67	37.01	37.56	2530867	94646640.00
2019/12/02	37.58	38.20	37.56	37.92	1889620	71540104.00
2019/12/03	37.86	38.85	37.65	38.74	2996094	114902288.00
2019/12/04	38.60	40.40	38.60	40.20	8145976	324400640.00
2019/12/05	40.45	40.89	40.02	40.60	8138841	329918240.00
2019/12/06	40.72	41.60	40.72	41.59	7551636	311147008.00
2019/12/09	42.00	42.25	41.23	41.68	4819468	200818832.00
2019/12/10	41.89	41.95	41.38	41.75	3932716	163916368.00
2019/12/11	41.67	42.24	41.55	41.77	3585256	150155872.00
2019/12/12	42.30	42.70	41.38	41.80	6552665	275824256.00
2019/12/13	42.17	42.60	41.75	42.11	5913510	249962576.00
2019/12/16	42.13	42.60	41.46	42.39	7337450	309059712.00
2019/12/17	42.42	43.15	41.80	42.56	7935440	336855648.00
2019/12/18	42.31	42.50	41.75	41.99	4825996	203323056.00
2019/12/19	41.87	42.26	41.22	42.00	4711781	196561120.00
2019/12/20	42.00	42.98	41.59	42.29	5365046	227209728.00
2019/12/23	42.25	42.25	41.05	41.50	5061784	210302976.00
2019/12/24	41.36	43.16	41.28	43.12	7483772	319012384.00
2019/12/25	43.15	43.56	42.72	43.20	6077468	261787440.00
2019/12/26	43.42	46.46	43.42	46.00	10548024	478633568.00
2019/12/27	45.76	46.35	45.40	45.65	7123829	326301344.00
2019/12/30	45.75	45.97	44.60	45.77	5870832	266343904.00
2019/12/31	46.00	46.99	45.10	45.50	6517169	300037088.00
2020/01/02	45.60	47.27	45.08	47.10	9599323	444339264.00
2020/01/03	46.80	47.17	45.50	46.00	8516860	393896928.00
2020/01/06	45.79	47.60	45.48	47.50	10131438	474192224.00
2020/01/07	47.15	48.39	46.80	47.22	7661595	363945376.00
2020/01/08	45.50	46.18	44.77	44.93	12366312	560957248.00
2020/01/09	45.29	46.46	45.23	45.89	6817735	312852640.00
2020/01/10	45.89	46.28	45.55	45.90	3359210	154277136.00
2020/01/13	45.82	50.48	45.68	50.30	12959318	630781760.00
2020/01/14	50.50	50.50	49.09	49.39	5721487	284022240.00
2020/01/15	49.45	49.96	48.52	49.31	5685077	278437760.00
2020/01/16	49.48	50.09	48.85	49.15	5809289	286862112.00
2020/01/17	49.00	49.98	48.90	49.60	4982843	247122064.00
2020/01/20	49.51	50.50	49.18	50.32	5384519	269828160.00
2020/01/21	50.23	50.23	49.07	49.11	5037757	248780160.00
2020/01/22	48.49	49.58	48.20	49.40	4737226	231960208.00
2020/01/23	48.98	49.53	46.30	46.90	6365590	303686176.00
2020/02/03	42.21	44.38	42.21	42.27	11674902	501567904.00
2020/02/04	43.10	46.26	43.10	45.80	9859360	446353024.00
2020/02/05	45.89	47.65	45.05	45.38	10579694	490055232.00
2020/02/06	45.55	46.90	44.78	46.41	7002646	323560160.00
2020/02/07	46.41	48.23	45.40	47.88	8895508	417840096.00
2020/02/10	47.60	49.04	47.26	48.53	6214811	300035552.00
2020/02/11	48.54	48.96	48.12	48.31	4736965	229763888.00
2020/02/12	48.00	49.90	47.83	49.55	6101462	299702464.00
2020/02/13	49.48	50.38	48.72	49.52	5227489	258630512.00
2020/02/14	49.34	50.46	48.80	49.14	4807028	238500592.00
2020/02/17	49.50	54.00	49.48	53.20	10047892	526997952.00
2020/02/18	53.56	54.66	52.51	54.00	7252720	388704096.00
2020/02/19	53.57	56.50	53.54	54.72	9462563	522465440.00
2020/02/20	54.72	55.78	53.78	55.43	6419047	352902912.00
2020/02/21	55.60	57.50	55.01	56.10	6821134	383204000.00
2020/02/24	56.10	56.97	55.38	56.35	6732531	378864096.00
2020/02/25	55.38	57.49	53.50	56.75	11581074	644365376.00
2020/02/26	55.62	56.50	53.58	53.93	9050513	494378944.00
2020/02/27	54.04	54.79	52.10	53.38	5894500	315355072.00
2020/02/28	51.77	52.77	50.11	50.38	7772782	398677408.00
2020/03/02	51.48	52.67	51.20	52.09	6624113	345038976.00
2020/03/03	52.98	54.48	51.66	52.38	9044486	481567744.00
2020/03/04	52.03	53.33	51.32	52.16	5093629	266121920.00
2020/03/05	53.00	53.40	51.00	52.00	5886695	306039712.00
2020/03/06	51.63	52.58	51.36	51.54	3109978	161346288.00
2020/03/09	51.00	51.51	49.00	49.14	6501459	325866496.00
2020/03/10	49.01	51.46	48.82	51.35	6493104	327011840.00
2020/03/11	51.51	51.98	49.80	49.80	5382561	273936864.00
2020/03/12	49.39	50.25	48.66	48.77	4389755	215655264.00
2020/03/13	46.82	49.05	46.08	48.80	7596190	363745504.00
2020/03/16	49.10	49.13	44.87	45.26	8502550	396416576.00
2020/03/17	45.88	47.84	44.64	46.72	8322983	386369472.00
2020/03/18	47.48	49.14	46.20	46.24	6247426	298000128.00
2020/03/19	47.10	48.14	45.88	47.64	6078974	285354528.00
2020/03/20	48.14	48.58	46.89	47.88	3931483	187613120.00
2020/03/23	46.55	48.87	46.10	47.40	6097542	290693376.00
2020/03/24	48.71	49.44	47.73	49.35	5624831	274079744.00
2020/03/25	50.35	50.64	49.72	50.33	5081761	255169584.00
2020/03/26	50.00	50.76	49.50	49.94	3043035	152483760.00
2020/03/27	50.00	50.45	49.00	49.51	3655783	181963968.00
2020/03/30	49.37	50.25	48.45	49.73	4240085	209075824.00
2020/03/31	49.65	50.80	49.25	49.57	3700913	184918480.00
2020/04/01	49.37	50.87	49.37	49.90	4873787	245127104.00
2020/04/02	50.01	51.28	49.51	51.20	4178730	210933008.00
2020/04/03	51.18	51.65	49.40	50.08	5751738	289013536.00
2020/04/07	51.90	51.98	50.61	51.29	7520691	384978592.00
2020/04/08	50.80	51.51	50.68	50.80	3177744	161960752.00
2020/04/09	51.00	51.30	50.08	50.70	3634663	184228912.00
2020/04/10	50.85	51.34	50.20	50.51	3514561	178676112.00
2020/04/13	50.03	50.51	48.11	48.45	4629605	226612928.00
2020/04/14	48.90	50.00	48.26	49.97	4136638	203796288.00
2020/04/15	50.55	51.22	50.01	50.51	3798792	192297040.00
2020/04/16	50.09	50.96	49.89	50.64	2423888	122391336.00
2020/04/17	50.81	52.36	50.81	51.71	5148213	265648832.00
2020/04/20	52.10	52.63	51.33	52.30	3232705	168407136.00
2020/04/21	52.02	52.18	50.93	51.61	2615153	134669728.00
2020/04/22	51.24	52.82	51.24	52.66	3329949	174238560.00
2020/04/23	52.71	53.10	51.93	52.03	3059306	160451168.00
2020/04/24	51.64	52.30	51.32	52.14	2272650	117871352.00
2020/04/27	52.00	52.78	51.52	51.82	2380251	123930040.00
2020/04/28	52.00	52.88	50.40	52.69	3959948	205564496.00
2020/04/29	52.41	55.10	52.41	54.23	4835484	261528048.00
2020/04/30	54.10	55.13	53.96	54.72	4936509	269620352.00
2020/05/06	54.90	56.52	54.38	56.35	5233089	291878400.00
2020/05/07	56.35	56.84	55.35	56.30	4526566	254348560.00
2020/05/08	56.32	56.57	55.18	55.74	4920120	274344736.00
2020/05/11	55.98	56.34	55.26	55.52	3601428	200533952.00
2020/05/12	56.06	58.50	55.53	58.30	5985309	341974912.00
2020/05/13	57.99	59.19	57.20	58.20	4247112	247812624.00
2020/05/14	57.70	59.06	57.32	58.10	3632667	211174704.00
2020/05/15	58.58	58.97	56.94	57.00	4348661	249671200.00
2020/05/18	57.61	59.50	57.20	58.73	4791267	280855456.00
2020/05/19	58.74	60.64	58.20	60.30	4266806	255047696.00
2020/05/20	60.40	60.80	59.09	59.46	3715659	222513056.00
2020/05/21	59.59	60.46	58.68	59.35	3608414	214745856.00
2020/05/22	59.07	60.08	58.25	58.89	3928400	232343600.00
2020/05/25	59.17	59.48	57.60	58.37	3019487	176293872.00
2020/05/26	59.18	60.60	58.75	60.57	3789165	226854960.00
2020/05/27	60.63	61.10	59.80	59.94	3150180	190262096.00
2020/05/28	60.11	60.44	58.00	59.90	3458877	205157664.00
2020/05/29	59.55	60.10	58.35	59.00	4895278	288489024.00
2020/06/01	59.59	61.33	58.80	60.97	4149253	250149920.00
2020/06/02	60.84	61.26	60.08	60.09	2582747	156405664.00
2020/06/03	60.14	60.43	58.10	58.25	4922210	291106784.00
2020/06/04	58.90	59.30	57.79	57.97	3778149	220321280.00
2020/06/05	58.48	58.72	57.51	57.92	2955119	171686912.00
2020/06/08	58.36	59.16	57.68	57.81	3238266	188719376.00
2020/06/09	57.88	59.47	57.76	58.74	3551518	209029072.00
2020/06/10	58.98	59.58	58.00	58.70	2565435	150265136.00
2020/06/11	58.63	59.96	58.62	59.55	3762574	223278384.00
2020/06/12	58.88	60.48	58.63	60.20	4798486	286327040.00
2020/06/15	59.68	59.94	55.41	55.86	11675449	671243776.00
2020/06/16	56.50	58.80	56.42	57.86	6397227	369468512.00
2020/06/17	58.42	58.42	55.18	55.71	7593744	425780704.00
2020/06/18	55.98	56.48	55.10	55.82	3986673	221891968.00
2020/06/19	56.15	58.30	56.12	58.20	6415533	369632352.00
2020/06/22	58.50	59.70	58.08	58.25	5267975	309861728.00
2020/06/23	58.48	60.88	57.88	60.65	6159991	368164896.00
2020/06/24	60.50	63.59	60.33	62.00	7189164	446945248.00
2020/06/29	62.43	63.35	61.61	62.70	5683475	355036608.00
2020/06/30	62.76	63.99	62.31	62.73	4761055	300953056.00
2020/07/01	63.34	63.98	61.86	62.99	5389507	338560384.00
2020/07/02	63.14	63.88	60.37	60.90	10690774	660204736.00
2020/07/03	60.58	61.35	59.83	60.37	7512548	454646144.00
2020/07/06	60.61	62.10	60.61	61.52	8640145	530931200.00
2020/07/07	62.00	63.96	61.50	62.85	8385596	528535456.00
2020/07/08	62.68	66.39	62.30	66.09	13018207	842751424.00
2020/07/09	66.40	68.33	65.21	66.05	12162711	808493568.00
2020/07/10	65.30	67.55	65.05	66.97	7871093	523390944.00
2020/07/13	66.90	70.13	66.90	69.13	9044449	624723968.00
2020/07/14	69.29	70.50	67.68	69.09	8174640	562618560.00
2020/07/15	68.42	70.85	67.99	69.78	8219417	573007488.00
2020/07/16	70.35	70.56	66.18	67.20	8695265	590989760.00
2020/07/17	67.11	72.50	66.68	71.95	10555206	743692352.00
2020/07/20	74.01	76.50	73.80	75.40	14119334	1062166464.00
2020/07/21	75.00	75.50	72.66	73.25	8611839	633178496.00
2020/07/22	72.87	74.70	72.87	73.80	6148282	454211520.00
2020/07/23	73.80	75.50	72.30	74.69	7868256	584126464.00
2020/07/24	75.54	77.20	72.30	73.32	8676281	649418368.00
2020/07/27	72.00	75.41	72.00	73.19	6222449	460875136.00
2020/07/28	73.56	79.18	73.50	76.65	8871634	682913280.00
2020/07/29	77.00	78.95	74.87	78.06	6734883	518813216.00
2020/07/30	78.63	79.48	77.23	78.40	5093694	398940160.00
2020/07/31	77.88	79.37	75.74	77.55	5865062	453665088.00
2020/08/03	78.09	82.88	78.00	81.30	7275783	585819200.00
2020/08/04	80.70	81.84	80.18	81.38	4641665	376058720.00
2020/08/05	78.35	82.07	77.81	81.40	9021168	721094720.00
2020/08/06	81.42	85.89	81.42	83.05	7606444	638130880.00
2020/08/07	83.11	90.13	81.88	89.13	10006321	865235840.00
2020/08/10	88.40	93.00	80.50	81.85	15208947	1311499136.00
2020/08/11	82.25	85.56	81.48	83.00	8019440	669501632.00
2020/08/12	81.35	81.77	75.70	78.37	10061973	785470848.00
2020/08/13	79.15	80.98	77.00	78.26	5342115	423551648.00
2020/08/14	79.00	83.56	78.70	82.31	6841087	559111872.00
2020/08/17	83.80	86.96	82.00	85.55	7367394	619569280.00
2020/08/18	85.00	86.51	83.52	84.91	4923607	418008832.00
2020/08/19	84.92	85.70	83.28	83.49	4207947	355891520.00
2020/08/20	82.29	83.55	79.21	79.60	6869180	555305216.00
2020/08/21	80.51	82.33	80.50	80.77	4026876	327136800.00
2020/08/24	80.68	81.80	78.28	80.38	5192098	415686784.00
2020/08/25	80.56	81.39	78.38	78.95	4409818	350655008.00
2020/08/26	78.95	80.12	75.70	75.95	5694334	440774528.00
2020/08/27	76.27	77.50	74.98	77.22	3140137	240663248.00
2020/08/28	77.59	77.76	75.20	77.51	4908673	375673472.00
2020/08/31	77.44	79.65	77.00	78.00	5318733	417799872.00
2020/09/01	78.07	81.53	77.55	81.45	6096717	486861248.00
2020/09/02	81.70	81.84	79.69	80.75	3705721	298873184.00
2020/09/03	80.75	81.18	78.81	78.90	4362206	348636928.00
2020/09/04	78.40	79.49	77.78	79.00	2866310	225404816.00
2020/09/07	78.78	79.88	75.59	76.60	3706561	287090784.00
2020/09/08	78.00	78.00	73.16	73.60	5864008	435762848.00
2020/09/09	73.41	73.60	70.39	72.20	5833243	420082880.00
2020/09/10	72.23	74.88	72.23	73.00	5201099	384220640.00
2020/09/11	72.53	73.94	72.01	73.43	2878129	210064432.00
2020/09/14	73.47	74.88	72.01	72.71	4059489	297954080.00
2020/09/15	73.40	73.86	71.50	71.98	4705633	339491712.00
2020/09/16	72.28	72.48	69.58	70.28	5337207	377104896.00
2020/09/17	70.54	71.19	69.67	70.52	3214960	226460528.00
2020/09/18	70.21	71.78	70.02	71.49	4098597	291466368.00
2020/09/21	72.64	75.15	71.42	71.83	8950030	654918272.00
2020/09/22	71.20	72.60	70.30	70.81	3401404	243331696.00
2020/09/23	71.38	72.07	70.80	71.70	2898350	207076960.00
2020/09/24	71.55	72.18	70.66	70.75	2695255	192257456.00
2020/09/25	70.81	72.29	69.91	70.50	3220058	228310928.00
2020/09/28	70.50	70.75	67.85	68.33	3691947	253700576.00
2020/09/29	69.01	71.51	68.15	71.24	4486540	315329024.00
2020/09/30	71.01	72.77	70.51	71.33	3635196	260839968.00
2020/10/09	73.00	73.00	70.52	71.53	5771678	412542208.00
2020/10/12	71.97	75.60	71.95	75.42	6294154	469944928.00
2020/10/13	75.30	76.00	74.55	75.60	3230036	243174640.00
2020/10/14	75.66	77.42	74.67	74.90	4721195	358262816.00
2020/10/15	75.50	78.50	75.30	75.93	6303808	484170112.00
2020/10/16	75.86	76.48	74.47	75.01	3162852	237814528.00
2020/10/19	75.06	75.65	72.80	72.86	3541277	262355008.00
2020/10/20	72.86	73.59	72.37	73.11	3109693	226739552.00
2020/10/21	73.20	73.70	70.33	70.91	3247247	232730416.00
2020/10/22	71.00	71.00	69.30	70.15	3416983	239418032.00
2020/10/23	70.14	70.73	68.60	68.72	2844723	197971312.00
2020/10/26	68.44	70.90	67.80	70.83	3382978	236901504.00
2020/10/27	70.18	70.85	68.48	69.04	6775632	468999968.00
2020/10/28	69.75	71.30	69.08	70.91	4185870	294988832.00
2020/10/29	70.02	70.85	69.59	69.95	3649929	255683088.00
2020/10/30	70.00	70.37	65.86	66.07	9457240	639317568.00
2020/11/02	66.15	69.09	65.50	68.45	5337257	361380224.00
2020/11/03	68.60	69.88	67.52	68.53	4319284	296433568.00
2020/11/04	68.54	72.42	68.54	72.20	8814756	626016128.00
2020/11/05	72.66	73.38	71.60	72.77	4508768	327514080.00
2020/11/06	73.01	73.78	72.28	72.48	4540958	331072640.00
2020/11/09	72.65	74.19	72.00	73.82	4345177	318929600.00
2020/11/10	74.10	74.28	72.30	73.06	3754909	275529632.00
2020/11/11	73.07	73.77	70.65	70.78	3426719	246596048.00
2020/11/12	70.70	71.76	69.12	70.32	3990983	280235968.00
2020/11/13	70.59	73.40	70.13	72.82	4218870	304900384.00
2020/11/16	73.42	73.42	71.00	71.78	2391343	171782496.00
2020/11/17	71.60	72.38	70.15	71.39	2339459	166665520.00
2020/11/18	71.02	71.75	68.90	69.45	3503459	244599920.00
2020/11/19	69.00	72.68	67.58	72.19	6146540	436092064.00
2020/11/20	73.00	74.36	72.31	72.93	4135048	302981664.00
2020/11/23	73.10	73.50	70.74	71.06	4377941	314069312.00
2020/11/24	71.06	72.04	70.25	70.55	3296879	234342944.00
2020/11/25	70.00	70.53	67.88	68.19	5254467	362665312.00
2020/11/26	68.30	68.97	67.10	68.69	3794389	258321968.00
2020/11/27	68.75	70.39	67.85	69.47	3174940	219629376.00
2020/11/30	69.40	73.75	68.50	71.60	6474618	464843872.00
2020/12/01	71.60	74.66	71.10	74.54	6720742	496496256.00
2020/12/02	74.98	79.26	74.96	78.52	10271057	796929664.00
2020/12/03	78.48	79.25	77.97	78.64	4732755	371609088.00
2020/12/04	78.30	80.60	78.26	79.25	5458919	433338240.00
2020/12/07	78.98	80.21	78.32	80.07	4836465	383756480.00
2020/12/08	79.76	80.01	78.39	79.25	5377384	425267552.00
2020/12/09	79.88	80.85	77.66	78.48	4402208	347128160.00
2020/12/10	77.86	80.30	76.86	79.90	4780280	378407232.00
2020/12/11	79.74	80.38	77.06	78.40	6150550	482824256.00
2020/12/14	78.55	81.33	78.20	80.20	5801529	463065984.00
2020/12/15	80.50	82.55	79.65	80.66	5567885	450597664.00
2020/12/16	80.38	83.89	80.38	81.28	8599426	705081408.00
2020/12/17	80.98	82.32	78.37	79.25	5476616	436773696.00
2020/12/18	79.62	80.30	77.22	77.42	6766643	530449280.00
2020/12/21	77.20	82.30	77.20	82.30	8123380	657176192.00
2020/12/22	82.00	82.76	79.81	80.00	6254042	507027136.00
2020/12/23	80.41	83.28	78.58	83.28	8581233	699669248.00
2020/12/24	83.97	89.05	83.88	86.16	10530957	913761536.00
2020/12/25	85.68	89.60	84.03	89.09	8309614	724394176.00
2020/12/28	89.89	90.20	86.19	87.19	7477633	654588352.00
2020/12/29	87.17	87.78	84.00	85.10	6000556	514294976.00
2020/12/30	85.60	88.08	84.46	87.32	6820850	589479104.00
2020/12/31	86.72	89.10	86.20	89.05	7635326	668944384.00
2021/01/04	91.46	95.88	89.52	94.90	9452178	881444736.00
2021/01/05	94.92	98.09	93.59	95.11	8465764	809891712.00
2021/01/06	95.11	101.50	94.17	98.15	9694136	955276096.00
2021/01/07	97.01	105.34	96.50	104.10	10437385	1065849216.00
2021/01/08	102.50	105.34	98.68	105.00	9988777	1019393344.00
2021/01/11	105.50	106.60	95.73	96.81	10566388	1056356160.00
2021/01/12	96.39	100.60	96.39	98.95	10109045	998374912.00
2021/01/13	99.15	100.48	92.30	93.26	13968020	1334204928.00
2021/01/14	93.00	93.26	89.30	90.50	8068901	737352448.00
2021/01/15	91.55	93.05	89.83	91.60	6903875	632983232.00
2021/01/18	91.61	94.75	89.43	92.68	8671810	804491328.00
2021/01/19	92.10	93.99	88.41	89.09	9781529	883767296.00
2021/01/20	89.34	92.71	88.34	92.00	6014964	548619520.00
2021/01/21	91.57	93.95	91.00	92.58	5774405	535661664.00
2021/01/22	92.59	96.95	92.05	96.07	8302159	792801984.00
2021/01/25	95.25	99.18	94.38	94.80	9177987	886351360.00
2021/01/26	94.88	95.00	89.20	92.05	9120902	831890112.00
2021/01/27	91.11	92.87	89.15	92.50	5122664	468136640.00
2021/01/28	90.41	92.05	87.00	88.50	5682174	508966336.00
2021/01/29	89.78	91.73	86.26	88.72	6056915	539551680.00
2021/02/01	88.76	90.45	87.21	88.60	5691747	504176704.00
2021/02/02	89.94	91.45	87.25	91.31	6110727	548971072.00
2021/02/03	90.80	91.20	85.65	88.29	8162357	718040576.00
2021/02/04	88.30	88.88	86.12	87.90	5454910	476888928.00
2021/02/05	88.04	90.45	85.00	85.02	5902078	514084160.00
2021/02/08	85.77	88.33	85.08	86.91	4579687	396929344.00
2021/02/09	87.95	90.80	87.09	89.72	7907759	707383296.00
2021/02/10	89.54	91.20	88.88	90.51	4686724	423220832.00
2021/02/18	92.33	93.12	86.60	87.79	7129766	634882560.00
2021/02/19	87.70	87.70	75.17	79.73	21046977	1663926912.00
2021/02/22	78.87	79.42	74.35	74.59	17851423	1372315776.00
2021/02/23	73.78	76.18	73.08	75.00	7687310	576523328.00
2021/02/24	75.50	76.15	73.40	74.28	6306701	470751776.00
2021/02/25	74.50	75.58	72.49	75.00	8142929	604706240.00
2021/02/26	73.50	74.70	72.36	72.78	6798978	497273408.00
2021/03/01	73.40	74.58	72.81	74.56	6240879	461474016.00
2021/03/02	75.10	75.45	72.96	74.06	5248243	386943552.00
2021/03/03	73.10	73.77	72.07	73.55	5059744	370464512.00
2021/03/04	73.40	73.94	71.46	71.80	5516578	400072704.00
2021/03/05	71.00	72.46	70.70	72.05	4396759	316055360.00
2021/03/08	72.45	72.69	67.11	67.23	7594890	527745120.00
2021/03/09	67.20	67.20	63.00	63.70	8860965	575906048.00
2021/03/10	66.03	67.76	65.59	65.86	8359024	556999616.00
2021/03/11	66.00	67.55	65.18	67.33	4620677	308533920.00
2021/03/12	68.34	68.40	65.04	66.92	5872445	389614048.00
2021/03/15	67.26	67.55	65.09	65.84	4189776	277082656.00
2021/03/16	65.91	68.85	65.90	66.48	7305343	491924192.00
2021/03/17	66.49	69.69	66.20	68.65	7145919	488755296.00
2021/03/18	68.76	71.14	68.49	70.50	7062344	494807232.00
2021/03/19	69.58	70.35	68.00	68.54	6158680	425048032.00
2021/03/22	68.31	71.29	68.31	71.25	5786760	406579200.00
2021/03/23	71.29	72.07	70.62	71.80	5162483	368497568.00
2021/03/24	71.02	71.94	69.73	70.40	4173596	294608960.00
2021/03/25	70.30	73.92	70.11	73.60	5835387	425306432.00
2021/03/26	73.70	74.55	72.51	73.64	4303553	316154784.00
2021/03/29	73.28	73.88	71.70	72.80	5635386	410397632.00
2021/03/30	72.98	74.30	72.59	73.73	4720473	347487296.00
2021/03/31	73.64	74.01	69.21	69.32	8897245	625874368.00
2021/04/01	69.99	70.49	68.41	69.32	5134699	354773824.00
2021/04/02	69.30	69.90	67.42	68.18	7881385	537566720.00
2021/04/06	68.68	69.15	67.27	67.70	5886055	400228000.00
2021/04/07	67.55	68.21	67.08	68.01	4351272	294905312.00
2021/04/08	67.66	70.18	67.30	69.42	4992907	345513952.00
2021/04/09	69.01	69.80	68.19	68.28	3654217	251363616.00
2021/04/12	68.39	68.51	65.36	65.60	4622095	307139264.00
2021/04/13	65.59	66.40	65.22	65.52	2379089	156531408.00
2021/04/14	65.59	66.79	65.22	65.72	2310670	152526336.00
2021/04/15	65.61	65.80	64.22	65.50	2863049	186010032.00
2021/04/16	65.52	66.45	64.90	66.32	2501427	164631152.00
2021/04/19	66.19	67.94	65.05	67.77	4486262	300709216.00
2021/04/20	67.31	68.28	66.73	66.75	4975578	335573440.00
2021/04/21	66.74	68.45	66.37	67.85	4272460	289103712.00
2021/04/22	68.50	68.78	66.91	67.60	3410751	230001536.00
2021/04/23	67.85	67.95	67.01	67.75	3265837	220668480.00
2021/04/26	68.45	69.96	67.38	67.63	6265689	430778560.00
2021/04/27	67.20	68.09	65.50	65.99	4935753	327525312.00
2021/04/28	65.51	66.84	65.51	66.55	3510081	232306240.00
2021/04/29	64.00	64.20	60.50	62.40	13447826	830132864.00
2021/04/30	62.11	63.69	62.01	63.15	5848465	368030720.00
2021/05/06	63.15	63.66	62.31	63.05	3855124	242950544.00
2021/05/07	63.05	63.67	60.96	61.09	5622316	349797056.00
2021/05/10	61.00	61.66	59.00	59.72	5490895	330824608.00
2021/05/11	59.80	60.06	58.00	59.06	6213569	366395552.00
2021/05/12	59.49	60.10	58.16	59.80	3982491	235656080.00
2021/05/13	59.05	59.60	57.67	58.00	5300606	309801952.00
2021/05/14	58.12	61.50	58.12	61.23	6541519	392667744.00
2021/05/17	61.39	63.77	61.19	62.59	6259137	393487328.00
2021/05/18	62.59	63.63	61.84	63.10	4694343	295918176.00
2021/05/19	62.72	65.48	62.61	65.21	6176006	398898464.00
2021/05/20	64.64	65.50	64.20	64.40	4604367	297816416.00
2021/05/21	64.98	65.13	62.80	63.17	4442651	281896128.00
2021/05/24	63.12	64.91	62.05	64.27	5951014	381001952.00
2021/05/25	64.05	66.09	63.77	65.40	6357306	414588544.00
2021/05/26	65.31	65.95	64.60	65.50	5437445	355115680.00
2021/05/27	65.20	70.58	64.71	68.70	10615433	723926976.00
2021/05/28	68.70	70.35	68.00	68.80	7971257	549577920.00
2021/05/31	68.92	71.09	68.60	71.00	7914406	556692992.00
2021/06/01	70.61	72.29	69.46	71.78	7389427	528025088.00
2021/06/02	71.88	72.42	69.74	70.30	6003202	424774560.00
2021/06/03	70.30	70.99	69.02	69.10	5677383	397161408.00
2021/06/04	69.15	70.68	69.00	69.52	4541574	317196896.00
2021/06/07	70.00	70.60	68.92	70.14	4132066	288346304.00
2021/06/08	70.20	71.23	68.43	69.34	4203004	292908576.00
2021/06/09	69.56	71.30	69.54	70.00	4534425	318493504.00
2021/06/10	70.49	71.97	69.90	71.12	6113236	434808064.00
2021/06/11	71.20	72.40	69.28	69.28	8006877	566324736.00
2021/06/15	69.86	73.78	69.10	73.43	9614920	693095936.00
2021/06/16	72.90	73.29	68.35	69.17	7594621	532569472.00
2021/06/17	69.05	71.00	68.93	70.55	4620003	324533248.00
2021/06/18	70.81	73.49	70.56	72.25	5983663	433206624.00
2021/06/21	72.24	75.22	72.00	74.44	10741254	797674176.00
2021/06/22	74.99	75.59	73.00	73.39	8073371	597938432.00
2021/06/23	71.72	74.47	69.71	73.77	9609375	699208128.00
2021/06/24	73.83	76.20	73.50	74.09	6321870	471694656.00
2021/06/25	73.51	75.20	71.92	74.11	5232950	385654816.00
2021/06/28	74.02	75.39	72.51	74.80	6486627	479939328.00
2021/06/29	74.59	76.17	72.80	73.42	7811866	582989248.00
2021/06/30	73.40	75.96	72.11	75.95	7851325	588394560.00
2021/07/01	75.50	76.60	73.00	73.02	6538860	486648928.00
2021/07/02	72.50	72.80	68.90	69.00	8037309	562471872.00
2021/07/05	68.68	70.50	67.48	69.05	5903602	407129184.00
2021/07/06	68.97	69.67	67.55	68.64	4348047	297611744.00
2021/07/07	68.16	70.35	68.01	69.67	5150492	357600832.00
2021/07/08	69.70	75.87	69.70	75.10	12350929	912749568.00
2021/07/09	74.57	76.10	73.67	76.06	9818866	735822592.00
2021/07/12	76.80	77.52	75.35	75.66	6845875	521005920.00
2021/07/13	74.14	76.09	72.63	73.50	7956683	587986688.00
2021/07/14	73.58	73.87	69.35	69.41	9179066	651094080.00
2021/07/15	70.20	71.93	68.10	69.45	7745586	538837440.00
2021/07/16	69.06	71.15	67.30	70.27	9263237	645298368.00
2021/07/19	70.49	71.87	66.62	66.79	11780512	805964032.00
2021/07/20	66.09	67.85	65.48	67.68	5808107	388415840.00
2021/07/21	67.66	70.14	67.66	69.51	5727425	396604064.00
2021/07/22	69.40	70.18	68.66	69.64	4139124	286512928.00
2021/07/23	69.64	69.90	66.67	68.34	8014471	544735104.00
2021/07/26	68.60	74.03	68.58	71.92	14551988	1046274688.00
2021/07/27	71.56	74.30	70.00	70.64	13281374	960862464.00
2021/07/28	70.21	70.21	65.65	66.06	10174659	680666496.00
2021/07/29	67.17	69.87	66.25	69.18	7766815	530503296.00
2021/07/30	69.13	69.75	67.03	68.22	5908029	402489184.00
2021/08/02	69.01	81.50	68.99	79.10	22765972	1760543488.00
2021/08/03	78.61	81.68	77.27	79.91	15083527	1206021632.00
2021/08/04	79.68	81.48	78.95	80.36	10482375	840941120.00
2021/08/05	82.00	83.77	79.02	80.33	17761629	1444176000.00
2021/08/06	78.90	82.50	78.72	81.49	13236436	1072603392.00
2021/08/09	82.00	83.99	79.58	80.08	12040014	977330816.00
2021/08/10	79.50	83.93	79.50	82.65	14500678	1198158464.00
2021/08/11	81.79	84.84	81.25	82.65	11886528	986569728.00
2021/08/12	81.80	85.81	80.52	82.28	13635678	1134092288.00
2021/08/13	82.70	85.47	81.42	82.60	11409287	949770944.00
2021/08/16	83.12	84.85	79.23	80.68	10219894	833488128.00
2021/08/17	80.84	82.57	78.03	79.01	8801387	705349696.00
2021/08/18	79.11	84.30	77.81	82.68	11879565	973169024.00
2021/08/19	82.00	83.60	80.12	82.43	8677314	710150976.00
2021/08/20	82.45	82.50	78.51	80.00	9233212	737404352.00
2021/08/23	80.53	86.95	80.53	85.30	15112795	1281584256.00
2021/08/24	83.32	83.47	79.50	82.72	17497688	1422096512.00
2021/08/25	82.80	84.71	80.81	81.73	9023451	741657152.00
2021/08/26	81.99	83.50	79.00	79.43	9229714	746331264.00
2021/08/27	78.96	79.01	73.95	74.78	15311065	1160656384.00
2021/08/30	75.15	78.20	74.41	74.61	12706666	967676864.00
2021/08/31	74.59	75.22	71.78	73.04	10340988	754631808.00
2021/09/01	72.80	73.96	71.89	73.28	7286458	531714848.00
2021/09/02	73.25	73.25	70.92	71.48	7365750	527046528.00
2021/09/03	71.30	72.72	69.65	71.66	8036206	572189440.00
2021/09/06	72.00	73.61	70.40	73.09	7988219	578900288.00
2021/09/07	73.48	74.04	72.18	72.39	7035595	511701088.00
2021/09/08	72.35	73.37	70.85	71.66	6077287	436524224.00
2021/09/09	71.10	72.60	71.10	72.59	5264916	378975872.00
2021/09/10	72.94	72.98	70.90	71.76	5641104	403624128.00
2021/09/13	71.67	71.89	69.81	70.05	6607381	464789248.00
2021/09/14	70.68	72.59	70.02	70.36	8010174	570313024.00
2021/09/15	70.38	71.92	69.00	71.56	7086587	503241504.00
2021/09/16	71.57	72.14	70.44	71.40	5056654	360374848.00
2021/09/17	71.21	71.39	69.42	70.04	4288391	301099808.00
2021/09/22	69.01	70.60	67.68	70.05	5007619	345417536.00
2021/09/23	70.46	70.86	69.29	70.08	4781035	333445920.00
2021/09/24	69.66	70.10	68.48	68.57	4482269	310937184.00
2021/09/27	68.20	69.27	66.54	66.64	6111032	413298816.00
2021/09/28	66.70	67.32	66.03	66.08	4040127	268913696.00
2021/09/29	65.98	66.61	65.56	66.44	3940787	260849088.00
2021/09/30	66.48	66.86	65.06	65.52	4220727	277172448.00
2021/10/08	65.61	66.30	64.30	64.80	3549339	231943392.00
2021/10/11	64.80	67.86	64.44	67.28	6318422	422752128.00
2021/10/12	66.85	66.85	64.53	64.64	4444343	289643712.00
2021/10/13	64.10	64.18	59.00	61.57	9650791	590484608.00
2021/10/14	61.64	62.11	60.52	61.47	5323108	327260448.00
2021/10/15	61.80	62.89	61.20	62.66	5614920	350460896.00
2021/10/18	62.80	64.30	62.58	63.15	4081850	258109312.00
2021/10/19	62.98	63.50	62.60	63.21	3893601	245470032.00
2021/10/20	62.80	63.43	61.87	61.98	5545681	346193536.00
2021/10/21	62.08	62.67	61.26	61.74	3900916	240864720.00
2021/10/22	61.40	63.84	61.40	63.03	5462843	344777600.00
2021/10/25	63.05	64.16	61.30	63.98	7663809	480293568.00
2021/10/26	64.46	66.26	64.02	64.99	7463657	483122496.00
2021/10/27	65.77	67.23	64.82	66.60	11302009	750202560.00
2021/10/28	66.44	67.17	65.30	66.30	5744590	380844448.00
2021/10/29	66.29	68.07	65.66	67.89	6298766	423940096.00
2021/11/01	67.89	72.27	67.63	71.74	11448520	809944192.00
2021/11/02	71.68	73.56	71.21	72.25	9482466	688802432.00
2021/11/03	72.00	74.20	71.20	73.47	9063129	661889152.00
2021/11/04	73.34	78.27	73.34	77.66	14124357	1085413120.00
2021/11/05	77.65	78.30	74.37	74.43	9825157	744677248.00
2021/11/08	74.60	76.26	73.29	74.48	5882696	437210112.00
2021/11/09	74.57	78.28	74.57	76.73	10206812	787878144.00
2021/11/10	78.25	78.27	75.98	77.11	8050067	619865088.00
2021/11/11	76.49	77.15	75.05	76.51	7282494	553837888.00
2021/11/12	76.51	79.20	76.51	79.05	8635281	679064064.00
2021/11/15	79.05	80.96	76.50	77.10	7430171	579031808.00
2021/11/16	76.87	80.00	76.51	76.61	8486386	661705152.00
2021/11/17	77.18	79.99	75.50	79.33	10095818	788932672.00
2021/11/18	79.33	82.72	78.82	81.39	10814481	879000256.00
2021/11/19	81.65	83.11	80.81	81.30	7365137	604191104.00
2021/11/22	82.96	88.28	82.52	86.33	13231390	1133776000.00
2021/11/23	86.35	87.78	85.09	85.52	7528489	649619392.00
2021/11/24	85.27	86.86	83.53	84.72	7659511	649073600.00
2021/11/25	84.73	87.35	84.60	84.90	5874237	502712224.00
2021/11/26	81.55	84.79	80.88	81.83	17744004	1461522048.00
2021/11/29	82.00	84.73	81.75	83.99	8798762	734078656.00
2021/11/30	83.99	86.58	83.67	84.30	8015702	679301952.00
2021/12/01	83.52	85.78	83.08	83.96	5632165	472904032.00
2021/12/02	82.98	83.01	80.86	81.10	7793097	636824128.00
2021/12/03	81.50	82.19	80.25	81.66	5624418	457055616.00
2021/12/06	81.12	83.68	80.99	81.79	6491244	534445760.00
2021/12/07	82.19	82.19	79.00	80.33	6064176	485443264.00
2021/12/08	80.59	83.77	80.59	82.62	5845902	483333952.00
2021/12/09	82.60	82.61	80.46	82.10	5252493	429005344.00
2021/12/10	83.89	86.26	82.06	85.85	12772698	1083978880.00
2021/12/13	85.43	85.77	83.30	83.76	7263660	611680064.00
2021/12/14	83.36	85.43	83.35	84.58	4414722	372966272.00
2021/12/15	84.56	85.83	83.83	85.00	4153365	352928640.00
2021/12/16	85.40	85.40	83.60	83.93	4144958	349439072.00
2021/12/17	84.43	84.43	82.23	82.96	3501893	290573824.00
2021/12/20	83.00	83.80	81.05	81.35	4176912	342839840.00
2021/12/21	81.97	83.28	81.40	82.58	2884749	238790416.00
2021/12/22	82.94	83.26	81.41	81.69	2611514	214495664.00
2021/12/23	81.69	82.31	80.00	80.98	4900144	396277856.00
2021/12/24	81.10	82.78	80.98	81.25	4379825	358560192.00
2021/12/27	82.02	83.07	79.70	79.80	3825485	310288800.00
2021/12/28	80.00	81.47	78.56	80.77	3893329	312265792.00
2021/12/29	82.01	82.50	80.10	81.54	5356078	436387424.00
2021/12/30	81.55	83.28	80.52	82.62	4837997	398995936.00
2021/12/31	86.50	87.28	83.30	84.48	10160898	861051200.00
2022/01/04	83.88	86.20	83.16	84.75	6894425	584259968.00
2022/01/05	84.67	85.48	78.58	80.10	10260992	829507136.00
2022/01/06	79.99	80.67	76.58	77.80	7036280	547487872.00
2022/01/07	77.90	78.20	75.80	76.70	4970704	382447136.00
2022/01/10	76.55	77.79	75.89	76.10	3592005	275688576.00
2022/01/11	76.10	77.22	74.30	76.54	5452968	412965344.00
2022/01/12	76.18	77.37	75.81	76.92	5315897	407829440.00
2022/01/13	77.00	77.28	74.50	74.50	4805601	361697024.00
2022/01/14	74.10	74.70	71.31	72.91	14183282	1029206080.00
2022/01/17	72.19	73.38	70.71	72.76	10603354	765430080.00
2022/01/18	72.90	73.08	70.80	71.65	7769287	556914880.00
2022/01/19	71.73	72.46	69.80	70.68	6268153	444020992.00
2022/01/20	71.28	71.89	69.50	70.09	6135841	433110752.00
2022/01/21	69.81	70.35	68.75	69.11	5313937	369000608.00
2022/01/24	69.00	71.29	68.24	70.57	5814054	407532448.00
2022/01/25	70.38	73.30	70.38	70.51	7689301	556434816.00
2022/01/26	71.49	73.83	70.78	71.84	5742647	416746784.00
2022/01/27	72.22	72.40	69.80	70.10	3849080	273160768.00
2022/01/28	70.96	73.19	69.40	71.92	6162745	443252000.00
2022/02/07	72.99	73.19	70.40	70.99	4519864	322520896.00
2022/02/08	71.00	71.38	68.47	70.40	4147226	289151680.00
2022/02/09	70.36	71.57	69.49	70.72	4494394	316103232.00
2022/02/10	70.90	70.95	69.70	69.99	2551630	179405056.00
2022/02/11	70.06	70.06	66.03	66.49	7408084	499630624.00
2022/02/14	66.49	70.87	66.08	68.98	6177883	426403328.00
2022/02/15	69.50	72.59	68.90	71.26	5529247	391877088.00
2022/02/16	71.15	71.77	70.26	70.68	4448054	315293280.00
2022/02/17	70.50	71.42	70.38	71.24	3560976	252360912.00
2022/02/18	70.68	71.02	70.00	70.90	2112600	149006672.00
2022/02/21	70.62	71.35	70.31	70.50	2140636	151410816.00
2022/02/22	70.70	71.50	69.25	70.64	3537063	248969216.00
2022/02/23	70.49	73.95	70.24	73.29	6112729	447062176.00
2022/02/24	73.10	73.58	70.83	72.16	6413774	464187200.00
2022/02/25	72.20	74.12	72.20	72.61	4754798	347576096.00
2022/02/28	73.05	75.39	72.60	73.33	5752700	424748704.00
2022/03/01	73.53	74.84	73.52	73.95	4508329	334463296.00
2022/03/02	74.15	74.15	72.52	73.40	3820231	279403360.00
2022/03/03	73.66	73.69	71.25	71.45	4318927	310455840.00
2022/03/04	71.04	72.96	70.76	71.20	3384079	243132464.00
2022/03/07	71.23	71.50	67.77	68.21	5840297	402390784.00
2022/03/08	68.57	69.56	66.52	66.67	4217058	285899776.00
2022/03/09	67.06	67.59	62.50	65.18	5344179	347969792.00
2022/03/10	67.01	69.52	67.01	68.12	5094050	347538944.00
2022/03/11	67.58	67.77	65.88	67.65	3245620	217393904.00
2022/03/14	67.51	68.65	66.86	67.05	3496007	236979632.00
2022/03/15	67.60	68.28	64.21	64.30	5341752	352910112.00
2022/03/16	63.96	65.00	59.59	63.09	15639653	969940160.00
2022/03/17	64.02	64.39	60.89	61.57	13296622	827458048.00
2022/03/18	61.20	61.86	60.52	61.34	5597930	342577952.00
2022/03/21	61.38	64.98	61.38	63.56	9019908	573237952.00
2022/03/22	63.50	64.10	62.70	62.98	3972193	251435648.00
2022/03/23	63.24	64.60	62.43	63.00	5491500	347402912.00
2022/03/24	62.63	62.85	61.36	61.56	4131773	255171072.00
2022/03/25	62.13	63.48	61.30	61.36	5236122	326763936.00
2022/03/28	61.02	61.24	58.30	59.28	8403209	498508128.00
2022/03/29	59.68	60.70	58.20	58.57	4311579	255561136.00
2022/03/30	59.01	60.98	58.86	60.65	4437768	266388736.00
2022/03/31	60.65	60.66	58.75	58.96	3529496	209276128.00
2022/04/01	58.70	58.90	57.90	58.44	3625512	211779408.00
2022/04/06	58.40	58.40	55.78	56.55	6164521	347959872.00
2022/04/07	56.56	56.98	54.66	54.80	5390454	298411264.00
2022/04/08	54.90	55.18	53.56	54.00	5029402	272666368.00
2022/04/11	54.00	54.07	51.91	52.08	4868502	256407808.00
2022/04/12	50.00	51.97	49.70	51.48	7937812	404943200.00
2022/04/13	51.50	51.60	49.08	49.41	6379471	318147904.00
2022/04/14	50.00	50.32	49.43	49.62	3296805	164196976.00
2022/04/15	49.50	49.92	48.10	48.67	3429335	167169264.00
2022/04/18	48.49	50.36	47.55	50.10	5436237	268260176.00
2022/04/19	50.11	51.62	49.06	49.43	4964333	249204784.00
2022/04/20	50.16	50.19	48.60	49.01	3696047	182340976.00
2022/04/21	49.01	49.45	47.21	47.32	4468887	214634992.00
2022/04/22	47.10	47.99	46.00	46.64	3694264	173453600.00
2022/04/25	46.00	46.03	42.30	42.48	6227992	276277440.00
2022/04/26	42.99	44.70	42.68	42.87	8267081	362090336.00
2022/04/27	43.13	47.46	42.77	47.18	9869366	446881824.00
2022/04/28	46.58	47.37	45.89	46.99	6294192	293903520.00
2022/04/29	47.18	50.07	46.50	49.81	9503948	463708512.00
2022/05/05	49.99	51.77	49.56	50.77	6552206	333680576.00
2022/05/06	49.58	50.20	49.00	49.69	4397540	218076880.00
2022/05/09	49.66	51.48	49.40	50.97	3353903	169851296.00
2022/05/10	50.02	51.68	49.80	51.33	3716505	189558496.00
2022/05/11	51.55	53.81	51.55	51.99	5304048	280849568.00
2022/05/12	51.52	52.38	51.08	51.46	2867400	148009232.00
2022/05/13	52.11	53.01	51.74	52.80	3665672	192423008.00
2022/05/16	53.15	54.00	52.61	53.20	3552980	188790016.00
2022/05/17	53.60	54.40	52.22	53.98	3735841	199980432.00
2022/05/18	54.10	54.40	52.95	53.23	2327490	124197368.00
2022/05/19	52.55	55.52	52.23	55.28	4240098	230187968.00
2022/05/20	55.80	56.88	54.03	54.82	4749014	262093840.00
2022/05/23	54.15	54.45	52.15	54.36	5321522	283624224.00
2022/05/24	54.24	55.29	52.40	52.48	3799312	203901840.00
2022/05/25	53.00	53.15	52.01	53.02	2380909	125414808.00
2022/05/26	53.10	54.56	52.43	53.68	3407379	183030016.00
2022/05/27	53.80	54.78	52.70	53.35	2929971	157209936.00
2022/05/30	53.56	54.52	52.56	54.48	2857774	153881840.00
2022/05/31	54.23	55.43	53.80	55.03	3971707	217498112.00
2022/06/01	55.32	56.33	54.68	56.14	3722306	207406624.00
2022/06/02	56.45	57.21	55.87	56.59	3265374	184935920.00
2022/06/06	56.05	58.33	56.05	57.69	4248274	244783616.00
2022/06/07	57.78	58.30	56.81	57.25	3148276	180703888.00
2022/06/08	57.49	57.74	55.90	56.79	4098802	231564880.00
2022/06/09	56.50	56.63	54.50	54.91	3637669	201052656.00
2022/06/10	54.91	56.20	54.70	55.66	6585475	365967712.00
2022/06/13	55.30	56.97	55.00	56.79	4389233	246827856.00
2022/06/14	56.46	56.46	53.71	55.07	6203959	338645088.00
2022/06/15	55.13	56.66	54.68	54.69	4266021	236954224.00
2022/06/16	54.69	57.55	54.69	55.91	6039812	340255904.00
2022/06/17	55.01	55.87	52.60	54.68	8625622	468155744.00
2022/06/20	54.71	56.68	54.70	55.63	6762318	377899104.00
2022/06/21	55.72	55.95	53.93	54.40	3823359	208980832.00
2022/06/22	54.40	54.79	52.35	52.45	5472372	291029376.00
2022/06/23	52.61	55.75	52.35	55.56	7188767	390166464.00
2022/06/24	55.60	59.00	55.60	57.45	7552057	435538912.00
2022/06/27	57.84	58.11	56.67	57.10	5280942	302647360.00
2022/06/28	57.44	59.68	57.00	59.29	7758603	455983488.00
2022/06/29	58.66	59.17	57.69	57.90	6803275	396486400.00
2022/06/30	57.82	59.86	57.70	58.87	5714951	338732576.00
2022/07/01	59.22	60.20	57.76	57.94	6230614	366898976.00
2022/07/04	57.50	61.00	56.90	60.83	7354049	441022144.00
2022/07/05	60.40	60.90	59.20	60.78	5414965	325538624.00
2022/07/06	60.50	61.62	59.60	60.13	4526375	274296992.00
2022/07/07	60.69	61.47	59.91	60.70	3756887	228304768.00
2022/07/08	61.19	62.16	60.20	60.27	4010639	244773456.00
2022/07/11	60.08	60.08	57.78	59.30	6043042	353795392.00
2022/07/12	60.65	67.10	60.65	63.59	17069178	1098551552.00
2022/07/13	64.58	65.31	63.00	64.58	7476467	480243040.00
2022/07/14	65.00	67.10	63.56	66.37	9080222	601704896.00
2022/07/15	66.65	70.73	66.20	68.39	8614743	595110912.00
2022/07/18	68.42	68.95	66.66	68.88	5794004	393389376.00
2022/07/19	68.49	73.00	66.98	70.70	12330388	866129664.00
2022/07/20	71.07	73.00	69.45	72.28	9547678	685802368.00
2022/07/21	72.40	73.13	69.41	71.20	7079074	503399072.00
2022/07/22	71.00	71.93	69.18	70.21	5867315	410588128.00
2022/07/25	70.51	72.22	70.11	70.28	5791873	411502944.00
2022/07/26	70.50	70.76	68.25	68.88	4667338	321768384.00
2022/07/27	68.81	69.47	68.19	68.60	3604622	247740896.00
2022/07/28	68.86	70.48	68.70	70.02	5308310	369407936.00
2022/07/29	69.51	70.88	67.99	70.05	5095782	355184416.00
2022/08/01	69.67	74.30	69.66	72.35	9861557	709978112.00
2022/08/02	71.02	72.77	68.83	69.52	5475461	384362784.00
2022/08/03	69.50	71.88	69.50	70.58	5563287	395087552.00
2022/08/04	70.61	71.19	68.62	69.19	4524555	314922016.00
2022/08/05	69.40	69.58	67.52	68.29	5026034	342741280.00
2022/08/08	68.80	72.99	68.10	72.34	7814503	559003136.00
2022/08/09	72.20	74.86	71.80	74.30	6255954	459830560.00
2022/08/10	73.99	78.23	73.81	75.55	7627528	578836032.00
2022/08/11	75.97	76.65	74.31	75.17	5151188	386649376.00
2022/08/12	75.17	75.17	73.26	73.70	3543963	262154144.00
2022/08/15	73.14	76.29	73.01	74.95	4846666	363688800.00
2022/08/16	74.48	78.25	74.48	78.04	7408201	572421760.00
2022/08/17	77.94	78.05	75.33	76.11	4525304	344541632.00
2022/08/18	75.80	77.40	74.79	76.46	4197036	320568256.00
2022/08/19	76.51	76.66	72.70	72.84	5237094	388877664.00
2022/08/22	73.20	75.98	73.06	75.15	5878940	440541120.00
2022/08/23	75.50	75.50	72.80	73.00	5251506	385453248.00
2022/08/24	73.02	73.60	70.30	71.18	5646299	404299264.00
2022/08/25	71.48	71.93	68.95	70.19	3992042	279816320.00
2022/08/26	70.27	70.68	68.07	68.45	4334425	299797088.00
2022/08/29	70.00	79.58	68.90	78.40	14932466	1137905152.00
2022/08/30	77.97	78.69	75.50	77.58	9914000	768993792.00
2022/08/31	77.39	78.13	75.20	75.94	5409662	412291040.00
2022/09/01	75.28	77.45	74.36	74.48	4132584	312035968.00
2022/09/02	74.45	78.50	72.90	78.10	7215937	553829312.00
2022/09/05	77.18	81.30	76.69	79.80	9005941	717277312.00
2022/09/06	79.80	81.10	78.50	80.89	8177222	654438976.00
2022/09/07	80.51	82.69	79.30	82.31	6296915	512349088.00
2022/09/08	82.10	87.70	81.61	86.02	10421747	888575872.00
2022/09/09	85.50	86.77	83.45	84.54	6989477	593560832.00
2022/09/13	84.61	86.76	83.91	85.81	5231834	446395328.00
2022/09/14	85.00	90.79	84.53	90.00	7591750	674386304.00
2022/09/15	89.20	89.58	85.07	87.21	7483125	650910784.00
2022/09/16	86.20	88.80	85.35	85.76	6848437	596140352.00
2022/09/19	85.30	86.43	83.00	83.81	6944749	587291328.00
2022/09/20	84.50	84.70	81.67	83.23	5514831	458985600.00
2022/09/21	82.69	83.16	80.36	82.59	6531852	535676576.00
2022/09/22	82.38	87.52	82.10	85.30	9276594	797659072.00
2022/09/23	84.90	86.99	84.70	85.21	5992214	513117056.00
2022/09/26	84.99	86.19	82.13	85.04	5911248	501967040.00
2022/09/27	84.40	89.61	84.00	87.96	7022502	615810688.00
2022/09/28	87.69	88.60	84.73	85.40	6090459	525532480.00
2022/09/29	85.25	89.27	85.25	86.45	6567016	575063936.00
2022/09/30	86.03	86.40	82.00	82.91	6439769	537253632.00
2022/10/10	81.98	83.60	78.83	79.32	7649934	615408576.00
2022/10/11	79.71	79.71	77.89	78.52	5036508	396185824.00
2022/10/12	77.50	77.60	67.30	70.61	19723277	1375731840.00
2022/10/13	70.00	75.56	69.07	74.30	11914075	869764224.00
2022/10/14	74.40	80.90	74.02	78.80	9291432	725741056.00
2022/10/17	79.01	81.16	78.01	79.93	5181002	413518624.00
2022/10/18	80.05	80.70	77.60	79.32	6100423	480863744.00
2022/10/19	79.94	80.00	77.70	78.06	2481486	194595712.00
2022/10/20	77.68	78.98	76.53	77.60	3876250	301499968.00
2022/10/21	77.60	79.00	76.66	78.31	3117038	243757776.00
2022/10/24	77.89	83.35	77.89	81.72	7393297	604118464.00
2022/10/25	80.80	82.34	79.50	80.20	6021051	485428320.00
2022/10/26	80.64	81.23	77.40	78.50	6178324	486105664.00
2022/10/27	78.00	79.33	74.96	76.52	5685896	436216896.00
2022/10/28	76.36	79.50	75.80	76.30	4982577	384731584.00
2022/10/31	76.50	78.68	74.61	77.60	4955597	380625152.00
2022/11/01	78.01	78.45	73.99	76.20	6301080	475931872.00
2022/11/02	75.59	77.30	74.54	74.99	5093276	384008544.00
2022/11/03	74.60	78.27	74.19	76.68	4760580	364968960.00
2022/11/04	76.73	77.58	75.42	76.47	6056743	462929952.00
2022/11/07	76.80	78.60	72.87	73.40	8426247	628610240.00
2022/11/08	73.00	73.88	72.77	73.64	3383311	248174432.00
2022/11/09	74.57	76.88	73.88	74.01	6463857	487127904.00
2022/11/10	73.70	74.26	72.42	73.46	2858901	209845824.00
2022/11/11	74.93	75.17	72.38	72.68	4461375	327716640.00
2022/11/14	72.20	73.77	71.30	72.46	3370209	244564848.00
2022/11/15	72.15	74.00	71.80	73.41	5397250	395585280.00
2022/11/16	73.59	75.37	72.00	72.56	4797216	353242720.00
2022/11/17	71.98	73.49	68.92	73.10	6206425	442425088.00
2022/11/18	73.52	75.18	72.80	73.62	3499783	259148544.00
2022/11/21	73.38	76.44	73.22	74.66	4238351	317835168.00
2022/11/22	74.68	75.57	73.71	74.05	3436103	256432400.00
2022/11/23	73.69	74.38	72.27	74.00	3040175	222608768.00
2022/11/24	74.29	74.90	73.50	73.50	2201470	162924080.00
2022/11/25	73.11	73.35	72.11	72.28	1914150	139084272.00
2022/11/28	72.08	72.29	70.63	72.26	1683976	120825776.00
2022/11/29	72.60	73.16	70.50	70.75	4170209	297932576.00
2022/11/30	71.03	71.49	69.45	71.09	5854975	410450432.00
2022/12/01	70.98	74.21	70.20	72.70	6720069	488732064.00
2022/12/02	72.88	74.50	72.20	72.55	3409661	249813424.00
2022/12/05	72.55	73.39	70.30	70.40	4357740	311158912.00
2022/12/06	70.49	71.50	69.11	71.50	4738264	334300640.00
2022/12/07	71.20	73.93	70.80	71.94	5601047	406544640.00
2022/12/08	71.85	71.85	70.00	70.63	5156175	363550400.00
2022/12/09	70.80	71.74	69.90	71.19	5007457	354666784.00
2022/12/12	71.19	75.50	71.00	75.18	7522656	556777600.00
2022/12/13	75.46	75.46	72.91	73.65	4552000	334764992.00
2022/12/14	73.65	74.52	72.74	72.75	2153527	158120800.00
2022/12/15	72.01	73.44	71.91	73.07	1711193	124584512.00
2022/12/16	72.55	72.94	71.06	71.37	2705247	193954576.00
2022/12/19	71.43	72.55	70.78	71.39	2044145	146196000.00
2022/12/20	71.57	72.11	70.30	70.41	1604917	113625240.00
2022/12/21	70.70	70.77	69.70	70.15	1671218	117170440.00
2022/12/22	70.27	70.56	68.00	68.26	3149261	217076992.00
2022/12/23	68.73	68.73	67.04	67.44	1971035	133758872.00
2022/12/26	67.23	70.16	67.23	69.80	2491795	173476480.00
2022/12/27	69.80	71.20	69.50	70.87	2088190	147026496.00
2022/12/28	71.49	72.45	70.25	70.56	1603381	113968792.00
2022/12/29	70.25	73.23	70.25	72.65	3004228	216875408.00
2022/12/30	72.55	74.36	71.92	72.25	2354478	171707344.00
2023/01/03	72.55	76.30	72.32	75.58	4877045	365272416.00
2023/01/04	76.33	76.33	73.49	74.39	3321506	248617200.00
2023/01/05	74.85	74.85	72.61	73.38	4127020	303192608.00
2023/01/06	73.24	73.48	72.66	72.90	2982665	217649744.00
2023/01/09	72.91	73.30	69.70	69.98	7906134	559007232.00
2023/01/10	69.22	69.22	64.64	66.00	12973896	855861888.00
2023/01/11	66.00	66.88	63.99	64.20	10741264	702844416.00
2023/01/12	64.98	68.00	64.98	67.50	11848603	792646400.00
2023/01/13	67.28	67.50	65.11	65.73	6413791	422938304.00
2023/01/16	66.05	66.45	65.30	65.95	6660583	438734144.00
2023/01/17	66.05	67.59	65.52	66.25	7177547	477314336.00
2023/01/18	66.27	66.89	65.88	66.12	3722152	246626928.00
2023/01/19	66.13	69.21	65.80	68.70	5816182	394083136.00
2023/01/20	69.18	69.30	67.98	68.80	4336647	297590688.00
2023/01/30	69.50	72.35	69.35	71.50	7429739	526765504.00
2023/01/31	71.48	73.26	71.04	72.19	5623719	406947072.00
2023/02/01	72.19	72.78	71.35	71.90	4216599	303340096.00
2023/02/02	71.90	72.20	70.60	70.70	4488688	320187744.00
2023/02/03	70.60	71.50	70.33	71.46	3226699	229104464.00
2023/02/06	70.90	71.65	69.45	69.50	4574923	320925600.00
2023/02/07	69.55	69.91	68.00	68.75	4400785	302193120.00
2023/02/08	68.60	68.89	67.30	67.50	3936637	266950928.00
2023/02/09	67.58	69.49	67.02	69.17	4850249	333198688.00
2023/02/10	69.01	69.19	65.97	66.40	8507669	569624128.00
数据来源:通达信
