688289 圣湘生物 日线 不复权
      日期	    开盘	    最高	    最低	    收盘	    成交量	    成交额
2020/08/28	151.00	155.55	113.56	116.06	22572440	2919828992.00
2020/08/31	116.80	118.00	105.86	106.21	9412926	1027886592.00
2020/09/01	107.99	112.41	106.22	106.88	5728773	623597632.00
2020/09/02	106.88	107.47	101.55	103.01	5500620	566573824.00
2020/09/03	102.99	115.26	102.00	111.88	7300397	799614336.00
2020/09/04	108.27	114.87	108.20	110.30	4251912	473821600.00
2020/09/07	110.20	110.48	101.80	102.19	4859256	507072896.00
2020/09/08	103.00	103.49	97.50	97.66	3867937	383584288.00
2020/09/09	97.47	99.72	95.70	95.86	3084225	300774048.00
2020/09/10	97.00	100.98	95.22	96.81	2853728	280269504.00
2020/09/11	96.18	99.65	95.52	98.76	2422331	237075648.00
2020/09/14	99.60	102.48	98.60	99.43	2345452	235172880.00
2020/09/15	100.30	101.52	98.30	100.87	2043083	204654400.00
2020/09/16	101.70	101.70	97.58	97.79	2201961	218620128.00
2020/09/17	97.00	106.70	95.00	104.50	5213878	527652224.00
2020/09/18	103.91	108.25	102.58	104.97	3930689	414095424.00
2020/09/21	104.00	106.87	102.25	105.46	2651321	278256512.00
2020/09/22	107.00	114.02	106.53	111.28	4585579	507866816.00
2020/09/23	110.94	116.00	108.55	113.29	4494756	507050656.00
2020/09/24	112.00	118.00	110.94	111.12	4630934	531786112.00
2020/09/25	111.60	115.29	106.75	107.91	3862397	427674112.00
2020/09/28	109.89	110.68	106.52	108.78	2056966	222903328.00
2020/09/29	109.65	110.25	106.31	108.70	2050485	222913280.00
2020/09/30	107.50	112.41	107.49	110.79	2462290	271570656.00
2020/10/09	112.50	114.88	110.91	114.18	3433377	386849120.00
2020/10/12	125.00	130.00	123.17	124.73	5867158	739973504.00
2020/10/13	124.50	133.44	123.01	129.88	5188546	666486336.00
2020/10/14	129.00	134.99	128.00	129.96	4203550	552412224.00
2020/10/15	130.25	131.98	126.05	126.96	3011387	386396064.00
2020/10/16	126.96	129.77	126.11	128.06	2143436	274545024.00
2020/10/19	128.18	128.99	119.01	119.28	4012589	492297952.00
2020/10/20	119.80	120.79	116.40	120.39	2536724	302343168.00
2020/10/21	120.00	125.87	119.50	120.40	2465621	302636224.00
2020/10/22	120.00	121.96	116.66	120.18	1877268	224755136.00
2020/10/23	121.33	124.39	117.60	118.36	2464701	296438848.00
2020/10/26	118.32	121.53	117.70	120.00	1848797	221158624.00
2020/10/27	119.12	122.19	117.76	121.38	2181589	262511392.00
2020/10/28	120.50	122.28	115.32	117.01	2764323	326938432.00
2020/10/29	115.20	125.10	115.10	124.94	4262971	519570112.00
2020/10/30	129.00	129.00	120.73	121.52	3601225	444850560.00
2020/11/02	122.09	123.18	116.30	117.46	2095159	247244144.00
2020/11/03	118.45	119.20	116.49	118.96	1557118	184248816.00
2020/11/04	121.70	121.70	117.50	118.14	1351390	161013792.00
2020/11/05	118.90	119.90	115.00	115.99	2290121	266688080.00
2020/11/06	115.56	115.99	109.00	109.57	2969616	330434112.00
2020/11/09	110.89	116.49	110.50	115.75	2496151	284806112.00
2020/11/10	113.66	113.66	107.15	108.44	2882615	317393760.00
2020/11/11	107.64	109.40	105.00	105.14	1959723	207613840.00
2020/11/12	106.00	106.99	104.01	106.99	1076255	113781040.00
2020/11/13	107.00	110.19	106.11	108.99	1311179	142705008.00
2020/11/16	109.90	109.92	106.90	107.74	825248	89025024.00
2020/11/17	109.70	110.50	108.12	108.61	1382314	150908592.00
2020/11/18	108.50	109.30	108.18	108.72	786857	85537960.00
2020/11/19	108.72	109.24	105.70	106.62	1268841	135609952.00
2020/11/20	106.86	108.97	106.02	108.93	1074399	115529728.00
2020/11/23	110.99	113.18	110.08	112.00	2209741	247037664.00
2020/11/24	111.30	111.88	108.00	108.62	1307875	142649712.00
2020/11/25	108.26	108.77	104.92	105.61	1281884	136414368.00
2020/11/26	105.01	106.88	105.01	105.95	720718	76266472.00
2020/11/27	105.90	106.74	105.05	106.19	666097	70467320.00
2020/11/30	106.20	106.88	104.46	104.93	806556	84690056.00
2020/12/01	104.25	105.74	104.00	105.22	734510	77331760.00
2020/12/02	105.15	105.66	104.68	105.19	804058	84538944.00
2020/12/03	104.50	106.27	102.50	104.62	1157554	121016480.00
2020/12/04	104.64	104.95	102.18	102.36	1108740	114000616.00
2020/12/07	101.00	101.00	98.25	98.72	1546073	153232128.00
2020/12/08	99.86	101.76	98.75	100.28	988508	99110232.00
2020/12/09	100.44	102.96	100.44	100.69	1146515	116835376.00
2020/12/10	101.00	104.70	100.07	104.18	1343709	138529856.00
2020/12/11	105.00	110.30	105.00	107.72	2755460	298018496.00
2020/12/14	109.00	110.58	106.66	107.79	1525923	165343584.00
2020/12/15	107.51	108.98	107.05	108.00	1174090	126962912.00
2020/12/16	108.99	109.96	108.01	108.94	1279383	139496496.00
2020/12/17	109.11	110.56	108.11	108.91	1428600	156654944.00
2020/12/18	109.00	109.13	105.92	105.95	1502655	160641456.00
2020/12/21	105.50	111.18	105.49	110.20	1839039	201262896.00
2020/12/22	111.00	116.50	110.52	113.74	3036365	347989024.00
2020/12/23	113.74	113.75	109.41	113.30	1876602	209118192.00
2020/12/24	112.34	112.38	109.40	109.80	1115702	122869624.00
2020/12/25	109.70	112.29	108.00	111.35	1055033	116983040.00
2020/12/28	112.50	115.28	112.50	112.81	1598718	182412320.00
2020/12/29	112.70	112.81	108.58	110.01	1386694	152846096.00
2020/12/30	111.01	112.59	109.50	112.24	1094331	121720280.00
2020/12/31	112.18	114.22	110.23	113.95	1555266	175570416.00
2021/01/04	115.00	115.85	113.00	114.27	1454846	165954704.00
2021/01/05	114.26	121.36	114.26	121.00	2986636	354324384.00
2021/01/06	124.86	129.19	121.50	123.90	3370539	423446656.00
2021/01/07	123.00	124.00	116.95	119.36	2482105	297259040.00
2021/01/08	118.65	123.33	116.20	122.70	1826891	220264272.00
2021/01/11	124.28	129.30	124.00	124.94	2335893	296421344.00
2021/01/12	125.35	127.00	120.75	123.52	1804584	221154944.00
2021/01/13	123.52	123.52	117.38	117.51	1621894	194478176.00
2021/01/14	117.88	121.20	116.82	118.32	1379909	163957120.00
2021/01/15	118.31	120.49	114.98	120.24	1871134	218816512.00
2021/01/18	120.50	120.50	117.95	118.61	856802	102038888.00
2021/01/19	122.50	125.55	119.00	119.45	2900788	356272992.00
2021/01/20	122.32	122.40	117.45	117.61	1609532	190445520.00
2021/01/21	122.98	126.73	121.52	123.28	2876593	355998048.00
2021/01/22	124.30	140.90	124.25	136.80	5595596	731430336.00
2021/01/25	143.62	143.63	135.47	136.85	4544946	635568192.00
2021/01/26	136.84	137.99	128.55	130.10	2979430	391353888.00
2021/01/27	130.78	133.99	130.20	133.20	2051423	271701664.00
2021/01/28	133.20	134.96	129.80	133.90	2645070	351750752.00
2021/01/29	134.66	135.49	130.12	132.96	1859049	247238288.00
2021/02/01	133.67	134.92	130.50	132.45	1193333	158723280.00
2021/02/02	132.35	132.35	124.05	124.05	2235690	284181152.00
2021/02/03	123.47	124.58	116.83	117.70	2072218	249048016.00
2021/02/04	115.98	120.16	115.50	117.81	1179888	139414832.00
2021/02/05	118.61	121.86	117.50	118.67	916584	109419880.00
2021/02/08	118.67	119.74	114.02	117.00	1041398	120924592.00
2021/02/09	116.00	117.94	115.60	116.68	822473	96190880.00
2021/02/10	116.98	123.33	116.81	121.98	1524567	185301920.00
2021/02/18	124.01	124.01	115.11	116.04	2073640	243246768.00
2021/02/19	116.04	116.04	109.07	112.35	1542334	172443120.00
2021/02/22	111.20	113.80	110.07	113.04	1400284	155812464.00
2021/02/23	112.20	113.18	110.20	110.47	772824	85989200.00
2021/02/24	110.07	111.27	109.36	110.79	1169265	129175808.00
2021/02/25	110.31	113.58	110.00	112.49	1013528	113397800.00
2021/02/26	115.00	118.98	113.75	114.01	2111936	246089008.00
2021/03/01	112.05	113.50	107.15	111.41	2241346	245002176.00
2021/03/02	112.30	112.30	107.66	108.29	1117219	122040840.00
2021/03/03	108.64	109.50	107.03	108.51	949191	102945520.00
2021/03/04	108.54	108.55	103.67	104.08	1180982	124761912.00
2021/03/05	103.90	106.68	103.68	105.86	741995	78530344.00
2021/03/08	106.65	107.18	103.01	103.13	837271	87656272.00
2021/03/09	103.30	103.30	97.50	98.66	926531	92444976.00
2021/03/10	99.40	100.59	98.07	99.11	665140	66052964.00
2021/03/11	99.99	101.49	99.33	100.28	645323	64791636.00
2021/03/12	101.47	101.47	98.30	98.86	501367	49708720.00
2021/03/15	98.24	98.99	95.01	95.51	769675	74051080.00
2021/03/16	95.90	96.47	94.25	95.43	471385	44751720.00
2021/03/17	95.57	96.56	94.40	95.76	546092	52121332.00
2021/03/18	95.70	100.96	95.06	97.95	1216996	119484384.00
2021/03/19	97.00	99.68	95.36	96.91	874970	85479888.00
2021/03/22	97.42	98.62	97.03	97.89	562970	55112112.00
2021/03/23	98.98	101.79	98.18	100.10	1126562	112346424.00
2021/03/24	100.10	100.10	97.55	97.90	507583	49981300.00
2021/03/25	98.32	98.32	96.51	96.80	337108	32716514.00
2021/03/26	97.97	97.97	96.11	97.70	433866	42141196.00
2021/03/29	97.63	100.29	97.20	100.25	754752	75018824.00
2021/03/30	98.00	98.00	95.01	95.26	1337993	128225920.00
2021/03/31	95.95	97.53	95.08	95.75	515923	49558448.00
2021/04/01	96.00	96.06	88.88	91.20	1605315	146039296.00
2021/04/02	91.21	92.33	90.00	91.50	697930	63696888.00
2021/04/06	92.50	92.80	90.33	90.82	704724	64117032.00
2021/04/07	90.82	90.82	89.57	90.20	530310	47734496.00
2021/04/08	90.94	92.98	90.20	91.97	817982	75070064.00
2021/04/09	92.06	92.42	90.55	90.82	443240	40332692.00
2021/04/12	90.80	90.80	86.30	86.30	910266	80117304.00
2021/04/13	88.28	90.65	87.83	89.67	1148288	102866272.00
2021/04/14	91.00	91.00	87.99	89.10	737582	65509628.00
2021/04/15	89.59	99.87	89.12	97.30	2385881	225987408.00
2021/04/16	97.02	102.99	95.21	100.20	2569941	255985888.00
2021/04/19	100.00	100.19	97.00	98.78	1775225	175451968.00
2021/04/20	99.00	103.30	97.71	99.59	1716690	172103968.00
2021/04/21	98.22	101.60	97.20	99.00	1235625	122839568.00
2021/04/22	98.91	98.91	96.40	97.21	1002199	97735264.00
2021/04/23	96.82	101.57	96.82	99.66	1635105	163228608.00
2021/04/26	102.00	111.65	101.90	107.80	4390464	471602272.00
2021/04/27	107.99	107.99	102.11	103.22	2984823	309937344.00
2021/04/28	103.30	103.50	100.03	102.65	1606736	164039088.00
2021/04/29	102.90	102.90	96.90	97.60	1949533	191901872.00
2021/04/30	99.36	102.09	97.62	99.36	1525582	152602288.00
2021/05/06	100.04	102.93	98.71	101.60	1665838	167391360.00
2021/05/07	101.15	101.15	95.17	95.20	1451511	142125152.00
2021/05/10	94.70	97.68	94.00	95.28	889411	84994384.00
2021/05/11	95.20	96.40	92.00	95.91	846168	79560920.00
2021/05/12	95.05	98.80	94.03	98.30	798344	77358080.00
2021/05/13	99.91	104.79	99.91	100.53	1661292	170565296.00
2021/05/14	102.18	102.18	98.91	100.46	982518	98720296.00
2021/05/17	100.53	102.80	99.60	100.03	1096141	111067816.00
2021/05/18	100.55	101.12	95.80	96.50	1042617	100803752.00
2021/05/19	96.47	97.60	95.38	96.62	570150	55020148.00
2021/05/20	96.60	98.35	95.04	97.51	819807	79115480.00
2021/05/21	97.30	98.05	95.80	96.01	586900	56549932.00
2021/05/24	95.80	95.80	92.00	92.87	882286	82267792.00
2021/05/25	93.52	95.85	93.52	93.70	643168	60579228.00
2021/05/26	94.98	95.08	92.51	93.75	784855	73680960.00
2021/05/27	93.99	95.88	93.18	95.63	1062472	100842696.00
2021/05/28	95.80	95.80	94.11	94.35	771496	73120272.00
2021/05/31	95.85	100.48	95.81	99.99	1873253	185571056.00
2021/06/01	101.00	101.84	98.84	99.54	1125104	112250328.00
2021/06/02	99.70	99.70	97.65	98.80	965294	95070344.00
2021/06/03	98.70	98.70	96.81	97.13	719901	70116640.00
2021/06/04	96.66	99.50	96.66	97.95	758419	74439152.00
2021/06/07	98.79	100.88	98.00	100.55	1033389	103417904.00
2021/06/08	100.73	101.25	99.23	99.53	801614	80233432.00
2021/06/09	99.64	99.86	98.01	99.29	584335	58009064.00
2021/06/10	99.60	99.70	98.38	99.58	601431	59745732.00
2021/06/11	99.44	100.49	98.00	98.22	913601	90723520.00
2021/06/15	98.50	99.30	96.95	98.82	686442	67362600.00
2021/06/16	99.26	99.57	97.11	97.61	491527	48143384.00
2021/06/17	97.60	97.60	94.42	96.00	826641	78995928.00
2021/06/18	95.84	97.90	94.89	96.95	603801	58224892.00
2021/06/21	96.61	100.50	95.83	99.88	965511	95670616.00
2021/06/22	100.64	103.84	99.66	99.97	1146230	115920304.00
2021/06/23	99.97	99.97	97.40	98.80	904589	89105768.00
2021/06/24	98.80	99.80	96.80	98.10	684805	67161776.00
2021/06/25	100.00	102.54	98.52	101.96	1597957	162359696.00
2021/06/28	102.58	103.73	100.41	100.90	829030	83901600.00
2021/06/29	101.50	103.00	99.38	101.48	935793	94569544.00
2021/06/30	101.40	101.40	99.29	99.45	830263	82987384.00
2021/07/01	95.42	99.98	95.42	97.19	834432	81678416.00
2021/07/02	96.86	97.01	93.58	94.00	834807	79139328.00
2021/07/05	93.06	95.19	93.06	94.39	458039	43138252.00
2021/07/06	94.27	95.18	92.92	93.66	550016	51521868.00
2021/07/07	93.37	95.11	93.37	94.50	431645	40764212.00
2021/07/08	94.88	95.43	93.10	93.50	679716	63634972.00
2021/07/09	93.26	94.60	93.00	93.31	519763	48663392.00
2021/07/12	93.76	94.82	93.08	93.36	468514	43767084.00
2021/07/13	93.36	93.58	90.81	91.53	1007655	92182992.00
2021/07/14	90.88	92.45	89.51	91.30	759633	69081488.00
2021/07/15	91.00	91.00	88.88	89.21	745219	66678692.00
2021/07/16	88.00	89.58	86.98	87.00	794028	69734496.00
2021/07/19	86.90	87.00	84.27	84.45	627671	53449764.00
2021/07/20	83.83	86.57	83.83	86.30	487615	41842692.00
2021/07/21	86.02	87.35	85.81	86.51	406847	35164392.00
2021/07/22	86.52	87.33	84.51	85.00	591061	50371980.00
2021/07/23	85.20	85.20	81.38	81.62	844693	69430272.00
2021/07/26	81.65	82.68	78.86	80.17	636227	50675152.00
2021/07/27	80.10	80.81	77.13	78.49	669510	52664160.00
2021/07/28	77.99	84.52	75.33	84.39	1357077	110285496.00
2021/07/29	83.82	84.98	83.80	84.38	845306	71218512.00
2021/07/30	83.51	91.17	81.94	88.40	2070896	181825888.00
2021/08/02	91.00	94.30	88.40	89.00	1981780	179316144.00
2021/08/03	89.46	93.22	87.00	92.30	2228164	203156928.00
2021/08/04	93.70	93.70	90.09	91.28	1270297	115762112.00
2021/08/05	91.84	92.94	88.00	88.47	1150371	103135248.00
2021/08/06	88.00	88.87	85.13	85.84	894071	77276480.00
2021/08/09	85.90	88.57	85.85	87.38	530971	46526576.00
2021/08/10	87.40	87.40	85.15	85.66	686525	58914508.00
2021/08/11	86.31	87.00	83.95	84.30	578640	48941516.00
2021/08/12	85.66	85.66	82.43	82.75	668975	55783728.00
2021/08/13	83.43	83.48	81.21	81.38	559797	45858104.00
2021/08/16	81.90	82.70	80.25	81.50	427993	34909468.00
2021/08/17	81.50	81.50	79.44	79.54	718554	57403756.00
2021/08/18	79.02	80.38	78.84	80.02	313751	24985598.00
2021/08/19	80.06	84.18	80.06	82.67	841032	69740264.00
2021/08/20	82.11	82.12	80.21	81.88	458904	37221920.00
2021/08/23	81.88	81.88	79.18	80.51	576058	46094044.00
2021/08/24	80.52	80.97	79.17	79.50	560300	44588872.00
2021/08/25	78.94	81.53	78.94	81.10	592415	47834576.00
2021/08/26	81.92	82.21	78.58	78.67	669017	53124720.00
2021/08/27	79.13	79.18	75.30	75.46	1081710	82496104.00
2021/08/30	75.43	75.44	70.40	71.14	1895125	135822768.00
2021/08/31	71.02	71.50	68.70	69.70	1438467	100232536.00
2021/09/01	69.88	70.80	68.30	69.63	1101772	76609032.00
2021/09/02	69.24	69.36	67.16	68.40	1351167	91824792.00
2021/09/03	69.40	69.40	67.87	68.38	1185827	81457904.00
2021/09/06	67.97	68.97	67.38	68.68	907919	62166432.00
2021/09/07	68.68	68.68	67.40	67.68	1404979	95135864.00
2021/09/08	67.68	67.70	66.90	66.90	1232464	82889856.00
2021/09/09	66.83	66.83	65.31	65.44	1420377	93571640.00
2021/09/10	65.10	65.68	65.00	65.40	1707092	111633816.00
2021/09/13	64.45	64.45	60.89	60.96	3505143	218290864.00
2021/09/14	60.20	61.00	59.00	59.60	2298259	137730000.00
2021/09/15	59.50	59.50	57.93	58.27	1708685	99754520.00
2021/09/16	59.28	59.70	57.97	57.98	2031419	118892352.00
2021/09/17	58.00	58.50	56.82	57.69	1661748	95838736.00
2021/09/22	57.57	58.15	57.01	57.11	1164296	66834348.00
2021/09/23	57.27	57.61	57.03	57.30	1294918	74230936.00
2021/09/24	57.55	57.55	57.00	57.06	1060738	60737912.00
2021/09/27	57.12	57.40	56.60	56.60	1075740	61257576.00
2021/09/28	56.88	56.88	55.63	55.76	1098533	61650112.00
2021/09/29	55.60	55.79	54.82	54.88	1139691	62825884.00
2021/09/30	54.97	56.65	54.97	55.78	1305632	73087720.00
2021/10/08	55.59	55.84	54.65	54.84	1401619	77461512.00
2021/10/11	54.90	57.15	54.90	56.42	1802379	101563976.00
2021/10/12	56.85	57.09	55.27	55.89	1148554	64506044.00
2021/10/13	55.88	57.33	55.88	56.51	1268774	71987760.00
2021/10/14	56.52	56.52	55.69	55.90	676616	37866888.00
2021/10/15	56.10	56.10	55.28	55.35	726433	40291436.00
2021/10/18	55.22	55.60	54.01	54.08	803440	43589072.00
2021/10/19	54.25	56.10	54.01	55.36	1311785	72288928.00
2021/10/20	55.21	55.40	54.36	54.45	676424	36933220.00
2021/10/21	54.56	55.77	54.20	55.19	1235698	67868456.00
2021/10/22	56.45	57.93	56.19	56.19	2108008	120105728.00
2021/10/25	56.19	56.69	55.19	56.41	1009834	56457680.00
2021/10/26	56.40	57.96	56.02	57.25	1804794	103515280.00
2021/10/27	57.90	58.50	54.32	54.42	2095428	117761328.00
2021/10/28	54.42	55.42	54.00	54.00	1161658	63238088.00
2021/10/29	54.35	54.35	51.82	53.45	1498028	79537648.00
2021/11/01	53.88	54.69	52.71	54.38	1497318	80915984.00
2021/11/02	54.48	55.20	53.81	54.51	2033528	110816920.00
2021/11/03	55.20	58.00	54.59	57.95	4538797	259928272.00
2021/11/04	57.10	57.79	56.00	57.19	2219617	126346968.00
2021/11/05	56.88	58.54	56.87	57.36	2017358	116266120.00
2021/11/08	56.15	56.15	52.82	54.04	2862685	154938400.00
2021/11/09	53.97	54.50	53.81	54.24	957427	51823040.00
2021/11/10	53.90	54.77	53.21	54.14	1432925	77422320.00
2021/11/11	53.91	56.00	53.91	54.86	1643952	90230680.00
2021/11/12	54.80	55.12	54.41	54.95	1073214	58800280.00
2021/11/15	55.03	58.30	54.96	57.16	3138839	179759136.00
2021/11/16	56.88	57.75	56.21	56.29	1910908	108302448.00
2021/11/17	56.29	56.43	55.65	56.25	1261557	70594144.00
2021/11/18	56.25	56.50	54.69	54.69	1761763	97568496.00
2021/11/19	54.70	55.68	54.70	55.25	1038229	57378048.00
2021/11/22	55.78	55.98	55.00	55.44	956502	53019496.00
2021/11/23	55.69	56.93	55.21	56.55	2270531	127769536.00
2021/11/24	56.60	56.98	55.93	56.70	1900683	107578232.00
2021/11/25	56.55	58.27	56.54	57.45	4999350	288325568.00
2021/11/26	57.80	58.58	56.12	56.19	4212529	240008640.00
2021/11/29	58.36	59.89	56.50	56.99	11193541	649106368.00
2021/11/30	56.59	57.50	55.64	57.28	5777706	325799040.00
2021/12/01	57.20	57.20	55.78	55.95	3491236	195658720.00
2021/12/02	56.18	56.44	55.10	55.39	2680474	149569088.00
2021/12/03	55.03	55.30	54.69	54.77	1928581	105899856.00
2021/12/06	54.40	54.99	53.13	53.75	3022926	162816656.00
2021/12/07	53.70	54.08	53.09	53.21	1974912	105274072.00
2021/12/08	53.27	54.25	52.93	53.90	2323552	124977248.00
2021/12/09	53.90	55.15	53.65	55.10	4092280	224132944.00
2021/12/10	54.90	57.53	54.83	56.40	8078853	455718944.00
2021/12/13	56.90	57.51	56.27	57.08	4732263	269259040.00
2021/12/14	56.93	61.60	56.82	60.05	10523740	629331520.00
2021/12/15	60.00	60.05	57.69	57.76	5253470	307806976.00
2021/12/16	57.61	58.80	56.81	58.39	4701461	272127360.00
2021/12/17	58.52	59.20	57.61	58.40	3162855	184646432.00
2021/12/20	59.00	60.75	58.39	58.53	6214602	371314272.00
2021/12/21	58.60	59.28	57.00	57.45	4074868	234994016.00
2021/12/22	57.59	57.88	56.90	57.42	2297432	131750152.00
2021/12/23	58.20	59.19	56.67	56.88	3009907	173151536.00
2021/12/24	56.97	58.40	56.40	57.12	2640648	151628736.00
2021/12/27	57.20	58.97	57.13	57.80	3913502	227403488.00
2021/12/28	57.85	58.70	57.23	58.23	2750016	159701760.00
2021/12/29	58.65	58.90	57.81	58.22	2777212	162260080.00
2021/12/30	58.00	59.50	58.00	58.71	3311459	195272448.00
2021/12/31	58.38	59.57	57.88	59.00	4057047	238342800.00
2022/01/04	59.47	59.75	58.24	58.29	3834954	225864608.00
2022/01/05	59.75	61.47	58.76	60.25	8048689	484671936.00
2022/01/06	60.08	60.08	58.41	59.47	4415311	260920400.00
2022/01/07	61.54	64.50	60.50	62.08	11171464	702198272.00
2022/01/10	64.25	66.28	62.07	62.38	13918547	889890880.00
2022/01/11	62.39	68.28	61.58	66.10	16263251	1059051008.00
2022/01/12	65.51	71.60	63.81	69.63	16745705	1131650432.00
2022/01/13	69.66	72.88	66.38	68.00	13658781	951422400.00
2022/01/14	67.00	78.49	67.00	75.08	18205696	1321075968.00
2022/01/17	74.85	74.90	69.70	70.55	14708075	1056351936.00
2022/01/18	69.00	69.00	61.60	61.83	14234971	907148800.00
2022/01/19	61.09	63.39	60.18	62.00	7355426	452711680.00
2022/01/20	62.03	63.17	59.18	59.28	6990852	427631392.00
2022/01/21	58.40	58.40	55.33	55.40	8155851	458521568.00
2022/01/24	55.50	56.28	54.89	55.58	3529499	196266032.00
2022/01/25	55.65	55.74	52.31	52.31	4719102	252819360.00
2022/01/26	52.39	53.44	52.30	52.97	2679153	141737440.00
2022/01/27	53.19	54.09	52.33	52.33	3136191	166451056.00
2022/01/28	53.47	53.47	51.37	52.33	2620287	137304720.00
2022/02/07	52.31	52.92	49.44	49.94	4231005	213367984.00
2022/02/08	49.92	51.50	49.10	51.31	3649100	184982560.00
2022/02/09	50.90	52.48	50.65	52.09	2680029	138722304.00
2022/02/10	51.90	52.60	51.02	51.15	2284540	117908408.00
2022/02/11	50.32	51.34	48.57	48.59	4254119	210252704.00
2022/02/14	48.28	49.39	48.08	48.84	1905193	92911784.00
2022/02/15	48.94	49.30	48.11	48.82	2073119	101152264.00
2022/02/16	48.94	50.85	48.72	50.09	3334160	166126640.00
2022/02/17	49.81	50.09	49.20	49.23	2347280	116061144.00
2022/02/18	49.06	50.63	49.02	50.01	2770275	138365792.00
2022/02/21	50.15	51.30	50.11	50.99	2571525	130408144.00
2022/02/22	50.58	50.58	49.37	49.79	2395669	119358416.00
2022/02/23	49.62	50.80	49.62	50.30	2098806	105673984.00
2022/02/24	50.36	50.83	47.80	48.47	4289983	211151056.00
2022/02/25	49.13	50.70	48.88	49.57	4346964	216635424.00
2022/02/28	50.12	50.60	49.00	49.98	4455800	222364448.00
2022/03/01	49.62	50.10	48.60	48.95	3369346	165394272.00
2022/03/02	48.50	49.44	47.88	48.69	3597608	174319504.00
2022/03/03	48.56	48.97	47.70	47.92	3987830	192246816.00
2022/03/04	47.89	48.69	47.50	47.91	3815688	183700032.00
2022/03/07	48.18	48.18	46.39	46.41	3409519	160253696.00
2022/03/08	46.61	46.61	43.46	43.64	4421383	197625024.00
2022/03/09	43.85	44.47	41.35	42.90	3625050	155845776.00
2022/03/10	43.90	46.04	43.43	45.18	4539387	203520704.00
2022/03/11	45.28	49.35	44.91	48.50	11580773	546954688.00
2022/03/14	52.20	52.20	48.41	48.55	11148308	557658368.00
2022/03/15	46.95	48.30	45.52	45.62	6299619	296122144.00
2022/03/16	46.80	46.95	42.51	44.32	5987008	262865024.00
2022/03/17	44.40	46.46	44.10	44.95	5504023	250068704.00
2022/03/18	46.00	46.78	45.20	46.56	4802698	221902960.00
2022/03/21	46.90	47.45	45.89	46.74	5380837	251011328.00
2022/03/22	46.09	46.30	44.55	44.77	4795145	216035328.00
2022/03/23	45.24	45.98	44.78	45.28	3322079	150851792.00
2022/03/24	45.28	45.50	44.29	44.79	3572100	160445184.00
2022/03/25	44.79	44.79	43.19	43.30	3653370	160912816.00
2022/03/28	43.40	44.06	43.11	43.36	2834087	123173520.00
2022/03/29	43.72	46.47	43.72	44.96	5708728	257843744.00
2022/03/30	45.00	45.36	44.02	45.19	3702348	166045632.00
2022/03/31	45.30	46.29	44.60	44.68	3659089	166437632.00
2022/04/01	44.88	44.88	43.88	44.29	2383666	105783600.00
2022/04/06	45.44	46.35	44.99	45.53	4162120	190456384.00
2022/04/07	45.50	45.50	44.15	44.37	2495141	111497632.00
2022/04/08	44.27	44.49	42.21	42.66	4106436	175936656.00
2022/04/11	42.80	43.00	41.33	41.60	2889169	121182992.00
2022/04/12	42.06	42.77	41.00	42.63	2749025	115293544.00
2022/04/13	42.39	42.70	41.48	41.84	1746769	73317344.00
2022/04/14	42.83	45.47	42.33	44.63	6004914	265110336.00
2022/04/15	44.58	45.09	43.01	43.18	3547410	155887904.00
2022/04/18	42.80	45.00	42.10	44.89	3141459	137762752.00
2022/04/19	43.56	43.78	42.56	42.80	3943729	169609744.00
2022/04/20	42.45	43.39	42.12	42.22	2678421	114475536.00
2022/04/21	42.20	43.68	41.50	42.34	5184052	220844656.00
2022/04/22	42.27	43.35	41.04	43.24	3523432	149259584.00
2022/04/25	42.75	43.24	41.40	41.45	3779985	159245568.00
2022/04/26	42.00	42.76	41.12	41.62	2951398	124026112.00
2022/04/27	41.70	43.15	41.20	43.01	3462817	146654592.00
2022/04/28	42.67	42.98	38.66	39.02	5320680	216026688.00
2022/04/29	39.99	42.26	39.69	41.59	4012849	165306784.00
2022/05/05	42.85	45.40	41.64	44.30	5040507	221486160.00
2022/05/06	42.80	45.90	42.70	45.50	6555425	295129376.00
2022/05/09	45.01	45.75	44.93	45.16	2488379	112387256.00
2022/05/10	45.16	45.16	43.82	44.69	2911604	129019568.00
2022/05/11	44.89	45.39	44.13	44.22	3449455	155074496.00
2022/05/12	43.99	45.49	43.61	44.71	2478336	111121488.00
2022/05/13	45.42	45.70	44.35	44.95	2400397	108034616.00
2022/05/16	45.60	45.79	44.14	44.20	2459354	110438576.00
2022/05/17	44.04	44.28	42.79	43.45	1954301	84789752.00
2022/05/18	43.45	43.80	43.07	43.08	1340126	58008716.00
2022/05/19	42.50	42.74	41.76	42.65	1683827	71128376.00
2022/05/20	42.73	44.32	42.72	44.20	2922403	127418384.00
2022/05/23	52.76	52.77	48.68	51.20	15289080	775802752.00
2022/05/24	50.50	52.34	47.96	47.98	11309650	567168896.00
2022/05/25	48.00	48.64	46.50	47.65	5340071	254240784.00
2022/05/26	48.58	49.58	48.10	48.69	4937877	241120688.00
2022/05/27	49.45	49.46	46.94	47.59	4052964	194810096.00
2022/05/30	48.18	48.28	46.98	47.41	3410054	162633344.00
2022/05/31	47.73	48.48	45.90	48.36	4461401	210941280.00
2022/06/01	32.51	33.28	32.10	32.85	2923890	96342032.00
2022/06/02	32.83	32.83	31.42	32.65	5170132	165844080.00
2022/06/06	32.50	33.83	32.44	33.18	6638990	221634400.00
2022/06/07	32.89	33.31	32.25	32.53	4413563	143983440.00
2022/06/08	32.50	32.91	31.90	32.73	4438448	144293648.00
2022/06/09	32.71	33.13	31.71	31.79	4287674	138519312.00
2022/06/10	32.29	33.26	31.90	32.34	11070433	360577696.00
2022/06/13	31.90	31.90	30.81	31.39	6986249	218495520.00
2022/06/14	31.01	31.49	30.42	31.40	4455868	137637952.00
2022/06/15	31.47	32.07	31.01	31.19	5094623	160307168.00
2022/06/16	31.25	31.62	30.91	31.02	4211898	131646032.00
2022/06/17	30.76	31.21	30.10	31.02	5058134	155358368.00
2022/06/20	31.19	31.62	30.78	30.85	4708929	146459472.00
2022/06/21	31.06	31.06	30.07	30.33	3929636	119716824.00
2022/06/22	30.24	31.06	30.05	30.17	4453260	136326848.00
2022/06/23	30.25	30.65	29.95	30.56	2944665	89201480.00
2022/06/24	30.60	31.10	30.37	30.60	3493353	107325024.00
2022/06/27	30.46	31.17	30.28	30.35	3765364	115160776.00
2022/06/28	30.35	30.35	29.68	30.04	4806590	143501808.00
2022/06/29	29.90	30.28	29.62	29.63	3777167	113173736.00
2022/06/30	29.63	30.03	29.60	29.61	3313405	98745128.00
2022/07/01	29.62	29.97	29.21	29.40	3035924	89709424.00
2022/07/04	29.58	31.18	29.58	30.66	9166655	280372544.00
2022/07/05	30.65	30.82	29.99	30.23	4004177	121439736.00
2022/07/06	30.44	30.96	30.00	30.31	4226846	128795072.00
2022/07/07	30.44	30.50	29.58	29.77	3835300	114466080.00
2022/07/08	29.78	30.10	29.55	29.65	3237326	96148080.00
2022/07/11	29.72	30.06	29.30	29.37	3150955	93356200.00
2022/07/12	29.38	29.68	28.57	28.60	4198488	121092544.00
2022/07/13	28.50	28.80	28.30	28.61	1706819	48828652.00
2022/07/14	28.56	29.71	28.50	29.03	4696905	137385904.00
2022/07/15	29.01	29.28	28.33	28.33	3170848	91165064.00
2022/07/18	28.34	28.68	28.17	28.66	3965032	112925704.00
2022/07/19	28.66	28.96	28.45	28.68	2841009	81405024.00
2022/07/20	28.72	29.24	28.68	29.01	4431391	128423776.00
2022/07/21	29.03	29.16	28.72	28.74	2829715	81819520.00
2022/07/22	28.60	28.85	27.93	28.05	4277109	121029296.00
2022/07/25	29.00	29.77	28.83	29.27	8105709	237632256.00
2022/07/26	29.30	29.38	28.51	28.62	4722335	135746272.00
2022/07/27	28.54	30.44	28.45	29.61	7319890	215767392.00
2022/07/28	29.50	29.98	29.39	29.91	4978171	148219936.00
2022/07/29	30.00	30.06	29.07	29.16	4608548	135890368.00
2022/08/01	29.20	29.69	28.82	29.21	3267027	95825800.00
2022/08/02	29.00	29.00	27.20	27.57	5811311	161746640.00
2022/08/03	27.55	28.20	27.08	27.30	4632028	128156688.00
2022/08/04	27.50	27.65	27.11	27.40	2807870	76836896.00
2022/08/05	27.59	28.83	27.59	28.82	5219149	147525232.00
2022/08/08	29.33	29.91	28.90	29.15	5098179	149247344.00
2022/08/09	29.18	29.22	28.52	28.76	3269223	93854960.00
2022/08/10	28.69	28.88	28.23	28.50	2424520	69375384.00
2022/08/11	28.65	29.27	28.65	29.12	3796235	110147328.00
2022/08/12	29.02	29.47	29.02	29.45	4063435	119097880.00
2022/08/15	29.36	29.36	28.88	28.94	2567780	74518192.00
2022/08/16	29.10	29.18	28.75	28.80	2603365	75275240.00
2022/08/17	28.55	28.75	27.78	28.21	4878896	137175488.00
2022/08/18	28.38	28.38	27.83	28.06	2634666	73748584.00
2022/08/19	28.35	28.98	28.11	28.20	4117546	117390000.00
2022/08/22	28.28	28.31	27.73	27.97	3085058	86342064.00
2022/08/23	27.94	27.94	27.62	27.73	3051360	84547136.00
2022/08/24	27.80	27.93	27.27	27.29	3444820	94575384.00
2022/08/25	27.33	27.71	26.91	27.69	3579438	97875048.00
2022/08/26	27.82	27.98	27.52	27.69	2366917	65648112.00
2022/08/29	27.43	28.45	27.28	27.95	3849035	107947648.00
2022/08/30	28.00	28.35	27.43	27.74	3120998	86451856.00
2022/08/31	27.60	27.85	27.03	27.05	3663223	100249056.00
2022/09/01	26.90	27.96	26.90	27.39	4006151	110757904.00
2022/09/02	27.28	28.18	27.23	27.38	3504855	96628432.00
2022/09/05	27.32	27.75	27.00	27.11	3659862	99636856.00
2022/09/06	27.01	27.23	26.38	26.60	5255797	139776304.00
2022/09/07	26.48	26.49	26.23	26.27	4203080	110630664.00
2022/09/08	26.37	26.38	25.70	25.78	4894391	126986848.00
2022/09/09	26.04	26.38	25.63	26.38	7778572	201258304.00
2022/09/13	26.05	26.21	25.63	25.77	7230048	187002640.00
2022/09/14	25.52	25.54	25.03	25.24	5629244	142046512.00
2022/09/15	25.20	25.35	24.55	24.87	5537135	138008592.00
2022/09/16	24.96	24.96	24.12	24.14	4267965	104691440.00
2022/09/19	24.29	24.49	23.65	23.79	4258869	102216768.00
2022/09/20	23.80	24.06	23.77	23.89	3557051	84950808.00
2022/09/21	23.70	23.75	23.21	23.62	4302662	100828376.00
2022/09/22	23.46	23.79	23.40	23.46	2655478	62677320.00
2022/09/23	23.60	23.63	22.81	22.95	3686344	85502000.00
2022/09/26	22.50	22.87	22.14	22.20	4056736	91060104.00
2022/09/27	22.26	23.09	22.26	22.97	5454585	124009568.00
2022/09/28	23.03	23.35	22.55	22.59	4030912	92384272.00
2022/09/29	22.88	23.32	22.50	22.78	4834769	110983856.00
2022/09/30	22.75	23.20	22.68	22.79	3531397	80883784.00
2022/10/10	23.00	23.50	22.40	22.45	4663546	107230352.00
2022/10/11	22.50	22.75	22.03	22.64	3144052	70369504.00
2022/10/12	22.54	23.37	22.34	23.36	5246940	120090928.00
2022/10/13	23.08	23.84	23.08	23.60	4248048	100183328.00
2022/10/14	23.81	25.64	23.81	25.14	12353314	308379456.00
2022/10/17	25.16	25.62	24.94	25.31	6989504	176615168.00
2022/10/18	25.29	25.57	24.80	25.36	5623725	142368992.00
2022/10/19	25.11	25.27	24.80	25.08	4481499	112304512.00
2022/10/20	24.91	25.68	24.82	25.41	6746705	171719104.00
2022/10/21	25.50	25.62	24.69	25.31	5989224	150903504.00
2022/10/24	25.40	25.87	24.54	24.80	5035535	126672032.00
2022/10/25	24.49	24.95	24.12	24.40	4510335	110282944.00
2022/10/26	24.48	25.67	24.46	25.56	7402475	187910992.00
2022/10/27	25.56	25.87	25.20	25.70	4606185	117643000.00
2022/10/28	25.43	25.95	24.70	24.81	4901811	123987624.00
2022/10/31	24.86	25.66	24.80	25.56	4444791	112861256.00
2022/11/01	25.59	25.95	25.14	25.90	6958174	177464592.00
2022/11/02	25.86	26.97	25.66	26.55	9325705	248514368.00
2022/11/03	26.31	26.68	26.04	26.28	4457155	116827160.00
2022/11/04	26.28	26.87	26.22	26.42	6030600	159587952.00
2022/11/07	26.48	26.75	26.15	26.21	4351994	114891976.00
2022/11/08	26.20	26.34	25.84	26.19	3810395	99453600.00
2022/11/09	26.33	26.54	26.10	26.37	2971556	78340680.00
2022/11/10	26.55	26.85	26.33	26.38	5352743	142422976.00
2022/11/11	26.79	27.10	25.93	25.95	8742169	232798576.00
2022/11/14	25.75	26.52	25.42	26.28	5573482	145744512.00
2022/11/15	26.27	26.78	26.02	26.77	5481605	145181360.00
2022/11/16	26.75	27.17	26.48	26.52	4281625	114428048.00
2022/11/17	26.50	26.74	26.31	26.56	2894549	76719168.00
2022/11/18	26.49	27.20	26.42	26.91	7374976	199219744.00
2022/11/21	26.71	27.74	26.41	27.55	8571482	233812928.00
2022/11/22	27.55	27.75	26.37	26.43	6808392	183378736.00
2022/11/23	26.68	26.72	25.60	25.95	4629481	120590480.00
2022/11/24	26.07	26.35	25.95	26.23	3024228	79090376.00
2022/11/25	26.28	26.28	25.52	25.55	4130127	106173472.00
2022/11/28	25.43	25.82	24.78	24.98	5978453	150347312.00
2022/11/29	24.40	26.26	24.26	25.72	11503471	293016896.00
2022/11/30	25.60	25.98	25.22	25.32	5629959	144024624.00
2022/12/01	25.66	25.68	24.46	24.57	8029717	199110560.00
2022/12/02	24.50	25.56	24.50	25.14	6121805	153654784.00
2022/12/05	25.29	25.40	24.30	24.41	8295824	203309344.00
2022/12/06	24.38	24.44	23.82	24.00	6178132	148894016.00
2022/12/07	24.00	24.18	23.78	23.91	3777705	90525944.00
2022/12/08	23.90	23.99	23.33	23.57	5791093	136354192.00
2022/12/09	23.62	25.17	23.57	24.48	15038105	369018656.00
2022/12/12	24.84	26.38	24.84	25.43	15060961	386490720.00
2022/12/13	25.50	25.75	24.51	24.78	8071426	199765776.00
2022/12/14	24.80	24.80	24.17	24.22	5925447	144262624.00
2022/12/15	24.24	24.72	24.18	24.35	4261749	104101864.00
2022/12/16	24.21	24.45	24.09	24.34	4174700	101353840.00
2022/12/19	24.50	24.55	22.96	23.05	6511353	152496704.00
2022/12/20	23.04	23.22	22.60	22.71	3666514	83537744.00
2022/12/21	22.83	22.86	22.38	22.50	3521187	79471736.00
2022/12/22	22.57	22.75	22.08	22.19	3358163	75242488.00
2022/12/23	22.06	22.62	21.95	22.45	2821425	62982136.00
2022/12/26	22.60	22.75	22.40	22.62	2353419	53148228.00
2022/12/27	22.67	22.75	22.23	22.66	2905715	65517180.00
2022/12/28	22.66	22.67	22.20	22.22	2393920	53492128.00
2022/12/29	22.22	22.46	22.04	22.04	2898785	64315520.00
2022/12/30	22.11	22.18	21.91	21.95	2732901	60196680.00
2023/01/03	21.93	22.32	21.93	22.27	2720732	60309768.00
2023/01/04	22.25	22.40	22.05	22.27	3116501	69266296.00
2023/01/05	22.27	22.56	22.17	22.54	2849250	63951820.00
2023/01/06	22.45	22.63	22.34	22.39	2342258	52654536.00
2023/01/09	22.37	22.59	22.31	22.32	2323181	52046792.00
2023/01/10	22.33	22.36	22.16	22.28	1705268	37972744.00
2023/01/11	22.29	22.52	22.13	22.18	2269843	50753516.00
2023/01/12	22.15	22.29	22.08	22.15	1703117	37769184.00
2023/01/13	22.13	22.52	22.10	22.50	2788838	62434408.00
2023/01/16	22.50	23.00	22.50	22.81	3729457	85245752.00
2023/01/17	23.48	23.55	22.65	22.84	5746279	132537760.00
2023/01/18	22.83	23.18	22.68	22.69	4002296	91662912.00
2023/01/19	22.69	23.00	22.65	22.97	3547111	81050272.00
2023/01/20	23.00	23.29	22.98	23.13	3261779	75533184.00
2023/01/30	23.34	23.47	23.12	23.18	3552191	82651416.00
2023/01/31	23.09	23.26	22.84	22.92	2793241	64112580.00
2023/02/01	22.94	23.24	22.85	23.19	3182440	73468208.00
2023/02/02	23.26	23.55	23.15	23.51	4060662	95091056.00
2023/02/03	23.51	23.57	23.18	23.40	3245243	75797856.00
2023/02/06	23.39	23.72	23.19	23.57	3019100	71042376.00
2023/02/07	23.58	23.79	23.48	23.63	3210597	75888840.00
2023/02/08	23.63	23.83	23.54	23.60	2903344	68806064.00
2023/02/09	23.66	23.90	23.56	23.86	3602010	85410784.00
2023/02/10	23.86	24.28	23.75	24.04	4941853	118604624.00
2023/02/13	23.97	24.18	23.91	23.99	3760116	90338936.00
2023/02/14	24.01	24.10	23.63	23.79	4679967	111402672.00
2023/02/15	23.75	23.83	23.44	23.49	5151659	121357160.00
2023/02/16	23.49	23.65	22.74	23.00	6227133	144928544.00
2023/02/17	23.00	23.40	22.92	23.22	3941605	91655880.00
2023/02/20	23.21	23.34	22.78	23.25	3653268	84229312.00
2023/02/21	23.29	23.53	23.21	23.48	2763196	64697196.00
2023/02/22	23.47	23.47	23.26	23.34	2973742	69373072.00
2023/02/23	23.34	23.48	23.07	23.13	3207507	74621992.00
2023/02/24	23.15	23.48	23.12	23.20	2455805	57141988.00
2023/02/27	23.26	23.35	22.95	22.95	2218495	51221984.00
2023/02/28	23.11	23.75	23.09	23.72	5145638	120950480.00
2023/03/01	23.72	23.85	23.53	23.71	2971057	70317312.00
2023/03/02	23.60	23.71	23.45	23.51	3038412	71556840.00
2023/03/03	23.50	23.68	23.34	23.52	2953583	69366824.00
2023/03/06	23.51	23.92	23.41	23.75	4179590	99363256.00
2023/03/07	23.80	23.86	22.97	23.03	4283465	100261640.00
2023/03/08	23.05	23.38	23.05	23.31	3083131	71731136.00
2023/03/09	23.47	23.86	23.32	23.50	4535399	106931008.00
2023/03/10	23.56	23.56	23.11	23.28	3516578	81724712.00
2023/03/13	23.25	23.34	22.51	22.64	6092608	138535616.00
2023/03/14	22.72	22.81	22.15	22.20	6269857	140231408.00
2023/03/15	22.31	22.72	22.31	22.43	4572606	103049712.00
2023/03/16	22.43	22.59	22.16	22.21	3189034	71339560.00
2023/03/17	22.80	22.80	22.28	22.29	4105512	92017544.00
2023/03/20	22.33	22.38	21.95	22.02	4004550	88373720.00
2023/03/21	22.16	22.50	22.04	22.47	3122014	69693608.00
2023/03/22	22.54	22.67	22.41	22.52	2298947	51800868.00
2023/03/23	22.48	22.67	22.42	22.61	2488075	56068700.00
2023/03/24	22.60	22.92	22.58	22.70	3160906	71904160.00
2023/03/27	22.75	23.97	22.59	23.63	9462052	222018928.00
2023/03/28	23.63	24.65	23.63	23.98	11660016	282483808.00
2023/03/29	24.01	24.36	23.67	23.91	6935345	166252032.00
2023/03/30	23.92	24.00	23.53	23.69	4170318	99051632.00
2023/03/31	23.88	23.88	23.41	23.72	3893602	92159176.00
2023/04/03	23.83	23.94	23.45	23.61	5294554	125040176.00
2023/04/04	23.68	23.71	23.30	23.42	4942236	116032536.00
2023/04/06	23.47	23.79	23.38	23.75	4381348	103787696.00
2023/04/07	23.75	24.23	23.68	24.15	4948309	119134448.00
2023/04/10	24.25	24.56	23.96	23.97	5514085	133205552.00
2023/04/11	24.06	24.27	23.95	24.08	3981368	95929560.00
2023/04/12	24.16	24.24	23.77	23.88	3897203	93113776.00
2023/04/13	23.84	24.42	23.60	24.34	6174264	149272896.00
2023/04/14	24.50	24.50	24.05	24.30	4546243	110323112.00
2023/04/17	24.32	24.39	23.87	24.00	4273338	102738768.00
2023/04/18	24.08	24.25	23.81	23.85	3905926	93811720.00
2023/04/19	24.12	24.39	23.51	23.54	5925412	141122608.00
2023/04/20	23.78	23.78	23.31	23.53	4015072	94281216.00
2023/04/21	23.54	23.68	22.96	22.99	5260411	122492840.00
2023/04/24	22.99	23.35	22.63	22.75	4591200	105439880.00
2023/04/25	22.59	22.93	21.68	22.06	6657314	147058144.00
2023/04/26	20.08	20.22	17.98	19.11	20867126	393430816.00
2023/04/27	18.83	19.04	18.43	18.58	9849977	183815008.00
2023/04/28	18.55	18.81	18.47	18.73	6104161	114001904.00
2023/05/05	18.50	18.50	18.50	18.50	0	0.00
数据来源:通达信
