688386 泛亚微透 日线 不复权
      日期	    开盘	    最高	    最低	    收盘	    成交量	    成交额
2020/10/16	37.77	60.42	35.60	46.17	12619334	539145088.00
2020/10/19	41.17	41.96	37.21	37.70	8239791	325406976.00
2020/10/20	38.00	43.26	37.00	41.20	7378654	298998048.00
2020/10/21	40.02	44.87	39.00	43.30	6557131	272948480.00
2020/10/22	42.51	48.80	42.51	44.20	6961488	317548224.00
2020/10/23	43.03	46.19	41.27	41.90	4853585	211065712.00
2020/10/26	42.60	45.99	41.70	45.99	4896661	216655808.00
2020/10/27	45.01	51.51	45.00	49.75	5832139	282451968.00
2020/10/28	50.00	53.82	47.20	51.00	5402235	270215776.00
2020/10/29	51.39	58.47	49.20	55.98	4842333	259849808.00
2020/10/30	55.98	59.91	53.70	54.79	3848238	217288656.00
2020/11/02	55.00	56.00	51.50	55.02	3345556	179341600.00
2020/11/03	54.50	55.50	52.00	54.72	2701693	144674112.00
2020/11/04	54.08	58.30	53.88	57.45	2591612	146226144.00
2020/11/05	58.49	61.85	57.80	61.30	2748189	164271776.00
2020/11/06	61.29	62.10	59.00	61.62	1512523	91432784.00
2020/11/09	62.22	67.82	60.92	64.41	2404882	155615408.00
2020/11/10	64.22	66.47	62.01	63.04	1085478	68936992.00
2020/11/11	63.05	64.75	57.39	59.60	2211478	132120760.00
2020/11/12	59.65	68.00	57.11	65.95	1713642	105324248.00
2020/11/13	66.00	69.75	65.49	69.40	1778727	120786768.00
2020/11/16	70.48	74.00	67.00	72.60	1539547	108418408.00
2020/11/17	72.60	73.97	68.30	69.70	1176468	83530880.00
2020/11/18	70.00	83.64	69.50	83.64	2616852	204750528.00
2020/11/19	81.05	83.00	73.70	77.20	2670580	205469648.00
2020/11/20	76.00	82.49	76.00	80.50	1982562	158066240.00
2020/11/23	81.00	83.37	77.00	77.50	1793783	142309568.00
2020/11/24	77.00	81.05	75.01	78.90	1179434	92726784.00
2020/11/25	81.00	84.86	79.00	80.38	1437058	118457416.00
2020/11/26	79.89	87.45	76.00	78.67	2172279	179995904.00
2020/11/27	78.41	80.73	71.28	74.02	2437968	180166416.00
2020/11/30	74.01	82.34	73.00	73.90	2188568	168564832.00
2020/12/01	75.29	76.49	73.19	75.99	1552322	115454408.00
2020/12/02	76.50	76.50	73.56	73.78	858106	63689652.00
2020/12/03	73.58	75.00	70.28	75.00	1173431	85510736.00
2020/12/04	73.53	76.45	73.53	74.99	721357	54508688.00
2020/12/07	75.76	75.76	73.77	75.00	573486	42950080.00
2020/12/08	74.83	77.90	74.02	76.73	773066	59000916.00
2020/12/09	75.75	81.50	75.73	77.78	1162970	91745008.00
2020/12/10	77.78	77.78	68.50	68.67	1808574	131821856.00
2020/12/11	68.00	72.76	68.00	69.95	1362280	96479416.00
2020/12/14	69.92	70.92	65.00	68.40	1035156	70073376.00
2020/12/15	68.20	68.58	63.63	64.50	1990306	129531864.00
2020/12/16	64.20	66.99	62.35	65.34	1088750	70284264.00
2020/12/17	65.20	66.87	64.00	66.19	690642	45277268.00
2020/12/18	65.24	67.30	63.20	64.03	1034316	67111120.00
2020/12/21	63.99	67.25	62.80	66.98	1270427	82868664.00
2020/12/22	66.60	67.33	62.93	63.16	1115926	71930880.00
2020/12/23	63.16	63.65	60.00	61.68	1170791	72496312.00
2020/12/24	61.88	62.30	57.00	57.70	1304967	76924952.00
2020/12/25	58.30	61.22	56.55	61.20	864930	51116016.00
2020/12/28	60.84	61.95	59.51	60.12	635784	38610424.00
2020/12/29	59.61	61.94	57.30	60.90	654370	39013228.00
2020/12/30	60.90	61.77	57.31	59.72	1191359	70344712.00
2020/12/31	58.01	61.99	58.01	61.54	824919	49048316.00
2021/01/04	60.98	61.33	59.28	60.73	866423	52292692.00
2021/01/05	61.99	63.44	59.60	61.38	1271744	77513344.00
2021/01/06	61.30	62.10	59.94	61.40	1054210	64551068.00
2021/01/07	61.58	62.38	59.70	61.70	1361684	83641464.00
2021/01/08	62.00	63.41	61.05	61.91	1134520	70367008.00
2021/01/11	61.95	63.13	57.11	57.51	1043672	62205088.00
2021/01/12	57.51	57.51	51.51	54.90	1373086	73367808.00
2021/01/13	53.22	54.87	50.51	51.15	833638	43309544.00
2021/01/14	50.51	53.93	50.06	51.95	636375	32841638.00
2021/01/15	51.78	54.77	51.31	54.21	1127700	60388436.00
2021/01/18	53.99	54.86	52.02	52.55	753329	40027172.00
2021/01/19	42.42	55.60	42.42	53.96	900285	48877308.00
2021/01/20	55.90	57.50	54.80	56.97	862636	48912556.00
2021/01/21	55.55	58.44	54.36	55.50	865055	47677772.00
2021/01/22	55.46	56.44	53.91	55.89	379943	20895602.00
2021/01/25	55.60	55.60	53.50	54.18	501809	27352628.00
2021/01/26	53.99	53.99	50.30	50.30	394127	20323008.00
2021/01/27	50.41	52.79	49.00	51.50	708451	36023564.00
2021/01/28	50.99	52.88	50.88	51.75	410524	21305356.00
2021/01/29	50.80	55.59	50.80	53.60	622760	33189318.00
2021/02/01	52.62	52.80	49.69	50.99	656442	33359898.00
2021/02/02	50.56	51.38	48.03	48.59	648664	32031082.00
2021/02/03	47.58	49.94	45.72	47.60	485266	23236220.00
2021/02/04	46.89	48.18	45.88	46.81	469715	21926264.00
2021/02/05	46.04	47.27	43.12	45.70	841810	37584360.00
2021/02/08	44.02	44.49	42.03	42.99	609812	26238532.00
2021/02/09	42.95	44.97	42.95	44.39	400694	17655000.00
2021/02/10	43.64	47.28	43.64	46.67	495991	22674244.00
2021/02/18	47.01	48.69	46.35	47.04	290926	13704940.00
2021/02/19	46.80	49.47	46.05	48.75	299108	14427332.00
2021/02/22	48.80	48.80	47.01	47.39	442257	21176422.00
2021/02/23	47.09	48.17	46.17	46.55	282234	13366742.00
2021/02/24	45.12	46.79	45.05	46.32	247476	11332379.00
2021/02/25	46.76	46.76	45.04	45.30	266546	12127817.00
2021/02/26	45.00	47.31	44.14	47.03	309701	14265914.00
2021/03/01	47.71	48.80	47.22	48.55	314945	15153883.00
2021/03/02	47.56	50.86	47.56	50.11	554872	27571016.00
2021/03/03	50.97	51.50	49.19	51.40	382719	19359140.00
2021/03/04	51.00	52.44	49.65	49.95	280779	14323460.00
2021/03/05	49.99	50.68	49.58	50.16	220544	11038465.00
2021/03/08	49.88	51.29	47.80	47.90	202330	9962920.00
2021/03/09	46.99	48.69	46.07	46.07	207263	9744814.00
2021/03/10	46.86	47.10	45.81	45.95	105848	4902389.00
2021/03/11	45.77	47.38	45.20	46.59	216672	9965774.00
2021/03/12	45.02	47.47	45.02	47.47	157675	7226781.50
2021/03/15	47.00	47.01	42.50	44.00	433132	19212618.00
2021/03/16	43.43	44.03	42.54	42.68	291858	12615824.00
2021/03/17	42.68	43.41	42.50	42.94	441898	18976498.00
2021/03/18	42.90	43.38	42.55	42.96	151663	6515172.50
2021/03/19	42.38	43.80	42.38	43.80	172602	7465214.00
2021/03/22	43.86	44.76	43.75	44.50	140869	6226986.50
2021/03/23	45.00	46.30	42.20	42.89	372011	16360336.00
2021/03/24	42.88	47.25	42.80	46.60	969174	43994780.00
2021/03/25	46.60	48.50	43.85	45.18	1131954	51870620.00
2021/03/26	46.11	46.16	44.05	44.83	865622	38802332.00
2021/03/29	45.38	45.65	43.12	43.53	553175	24322888.00
2021/03/30	43.70	43.70	41.85	42.00	654332	27826642.00
2021/03/31	42.00	42.00	40.13	40.52	784695	31810738.00
2021/04/01	40.34	42.59	40.34	42.18	514031	21221936.00
2021/04/02	41.77	43.99	41.64	43.99	513777	22162500.00
2021/04/06	44.12	44.30	42.81	43.26	317232	13791575.00
2021/04/07	43.50	43.65	42.70	43.19	249079	10737111.00
2021/04/08	42.79	43.90	42.30	42.60	315312	13608655.00
2021/04/09	42.00	43.28	41.85	42.53	436510	18420232.00
2021/04/12	42.55	42.55	40.03	40.67	439608	17997300.00
2021/04/13	40.70	40.88	39.95	40.33	291455	11772428.00
2021/04/14	40.38	40.80	39.68	40.77	226185	9113066.00
2021/04/15	40.98	41.25	39.07	40.10	337359	13485285.00
2021/04/16	39.50	42.00	39.20	41.00	643876	26129370.00
2021/04/19	41.10	44.31	40.51	43.40	832719	35578444.00
2021/04/20	43.43	45.37	42.90	44.20	879874	38717744.00
2021/04/21	44.30	44.30	42.42	42.70	637680	27451262.00
2021/04/22	43.54	43.64	42.19	42.60	452466	19338296.00
2021/04/23	42.02	43.89	42.02	43.03	441140	18984650.00
2021/04/26	42.99	45.44	42.69	44.88	882275	39206368.00
2021/04/27	44.86	46.89	44.00	45.02	807139	36635208.00
2021/04/28	44.30	48.45	44.00	47.27	968511	45192584.00
2021/04/29	46.46	46.79	45.10	45.40	715498	32720642.00
2021/04/30	45.87	45.87	43.80	44.90	449562	20013682.00
2021/05/06	45.20	46.00	43.61	45.87	441639	20021314.00
2021/05/07	45.05	47.00	42.20	42.26	617671	27085552.00
2021/05/10	42.26	47.60	41.26	45.87	1004054	45061496.00
2021/05/11	45.67	46.50	44.20	46.49	498570	22669084.00
2021/05/12	46.40	51.80	45.56	51.48	1785777	88730352.00
2021/05/13	51.50	52.77	49.88	50.01	1073253	54759548.00
2021/05/14	50.10	51.63	49.41	50.72	558608	28179018.00
2021/05/17	51.80	51.80	48.90	49.20	770870	38348548.00
2021/05/18	48.89	54.48	48.30	54.48	1306454	68978656.00
2021/05/19	54.28	55.00	53.01	53.34	579468	31079450.00
2021/05/20	53.34	56.95	52.60	53.20	690110	37127620.00
2021/05/21	54.54	54.64	51.05	51.83	746463	38834220.00
2021/05/24	52.00	53.97	51.03	53.48	983671	52237216.00
2021/05/25	54.14	54.47	52.80	53.29	483280	25780502.00
2021/05/26	53.01	54.47	52.16	52.81	441361	23376002.00
2021/05/27	52.88	53.59	52.33	52.57	385853	20320592.00
2021/05/28	53.00	55.53	52.32	52.75	681161	36620256.00
2021/05/31	52.66	56.78	52.25	55.40	926374	50922900.00
2021/06/01	55.33	60.28	54.55	59.25	1128090	65680924.00
2021/06/02	59.28	62.29	57.88	58.23	1109331	66722364.00
2021/06/03	57.74	61.00	57.73	58.65	711375	42237872.00
2021/06/04	58.05	62.80	57.90	61.87	673108	41238960.00
2021/06/07	62.57	68.00	62.15	62.60	1195374	77336624.00
2021/06/08	63.04	66.70	62.00	66.68	1216096	79560424.00
2021/06/09	65.48	68.59	64.59	67.53	1071090	70641208.00
2021/06/10	66.38	68.03	66.16	67.65	518547	34990236.00
2021/06/11	67.47	67.47	61.49	62.12	1131731	72001152.00
2021/06/15	62.72	64.53	59.71	60.03	932346	57648344.00
2021/06/16	59.71	61.68	58.36	59.80	579228	34551700.00
2021/06/17	59.80	61.32	58.89	61.15	531788	32172702.00
2021/06/18	61.15	65.00	61.15	63.64	586986	37050988.00
2021/06/21	62.66	65.42	61.62	62.61	421981	26478550.00
2021/06/22	62.22	63.15	61.02	63.11	513769	31968440.00
2021/06/23	62.95	62.95	60.63	61.61	375957	23108852.00
2021/06/24	61.79	61.79	56.07	58.53	843405	49115640.00
2021/06/25	57.98	60.55	56.88	57.77	476500	27763178.00
2021/06/28	57.10	61.50	57.10	59.21	650209	38784684.00
2021/06/29	60.15	60.15	54.00	55.00	1176523	66080036.00
2021/06/30	54.70	58.77	54.70	58.75	953735	54609312.00
2021/07/01	58.00	58.05	56.12	56.50	329802	18719642.00
2021/07/02	56.01	58.63	55.15	57.76	471954	26824132.00
2021/07/05	59.52	61.20	57.00	58.14	668952	39518968.00
2021/07/06	59.13	60.60	56.50	58.46	534567	31254322.00
2021/07/07	60.08	60.49	57.61	59.70	549721	32632512.00
2021/07/08	60.10	68.20	60.00	63.00	1713198	110630392.00
2021/07/09	63.43	64.89	62.07	62.55	673311	42467248.00
2021/07/12	63.50	72.05	63.50	69.85	1480672	100860424.00
2021/07/13	69.69	74.47	68.30	69.69	1057105	74639928.00
2021/07/14	68.02	69.59	65.00	65.65	890195	59167760.00
2021/07/15	66.00	66.38	63.10	63.41	515842	33049364.00
2021/07/16	64.97	69.81	64.44	67.95	1015357	69002920.00
2021/07/19	67.15	70.22	66.51	67.43	663215	45154304.00
2021/07/20	67.19	67.79	61.47	64.00	1164391	74333328.00
2021/07/21	65.09	67.77	64.38	64.66	599977	39531328.00
2021/07/22	64.48	66.92	63.52	65.42	676289	44175012.00
2021/07/23	65.50	67.88	63.65	64.73	449482	29296120.00
2021/07/26	67.00	67.50	62.13	63.40	613114	39494384.00
2021/07/27	63.63	65.29	61.66	61.67	639854	40545536.00
2021/07/28	61.67	61.67	57.60	58.91	646577	38425148.00
2021/07/29	60.25	61.10	59.50	60.50	472459	28555730.00
2021/07/30	60.03	62.16	58.21	60.50	654088	39158112.00
2021/08/02	60.20	63.48	60.03	63.00	752062	47130284.00
2021/08/03	62.50	64.00	59.60	59.90	660274	40620480.00
2021/08/04	60.38	63.31	60.38	62.20	589798	36670848.00
2021/08/05	62.10	63.40	60.57	62.30	498796	30806744.00
2021/08/06	62.32	65.65	61.50	62.38	540750	34292640.00
2021/08/09	62.26	65.30	60.85	63.47	752834	48040860.00
2021/08/10	63.58	70.00	63.58	68.00	1172480	78750576.00
2021/08/11	68.00	69.44	64.85	65.88	706644	46618588.00
2021/08/12	65.37	66.00	64.01	64.59	408615	26473532.00
2021/08/13	64.02	65.76	63.85	64.70	381735	24708120.00
2021/08/16	64.80	65.30	61.62	61.80	540264	33793024.00
2021/08/17	61.75	62.21	56.31	56.78	885346	51957440.00
2021/08/18	56.36	59.58	56.36	59.30	434323	25459864.00
2021/08/19	59.89	63.38	59.32	61.64	693671	42579464.00
2021/08/20	61.64	62.66	60.19	61.91	357578	22065158.00
2021/08/23	62.20	64.73	61.66	64.20	432295	27502684.00
2021/08/24	63.38	67.20	63.38	66.77	1156528	75814104.00
2021/08/25	67.20	67.90	65.57	66.25	413959	27437170.00
2021/08/26	66.40	69.00	66.22	68.88	882113	59823512.00
2021/08/27	71.00	71.00	63.43	65.16	1075096	70310816.00
2021/08/30	65.00	66.00	61.28	62.50	876630	55183680.00
2021/08/31	61.50	63.95	61.50	63.78	490596	30948052.00
2021/09/01	66.26	75.44	66.03	73.56	2454106	174069088.00
2021/09/02	72.01	76.37	70.37	76.25	1842848	135926224.00
2021/09/03	76.28	82.65	74.01	79.29	2084821	166038032.00
2021/09/06	81.08	82.19	76.28	81.55	1250314	98954568.00
2021/09/07	80.00	84.80	78.78	80.15	1076516	87776200.00
2021/09/08	81.19	82.24	76.88	79.47	1016574	80040976.00
2021/09/09	76.13	79.02	76.13	77.55	465637	36257760.00
2021/09/10	78.30	81.01	75.50	80.00	667629	52497756.00
2021/09/13	80.50	81.83	77.16	80.23	769555	61097708.00
2021/09/14	80.00	81.50	78.30	78.75	425582	33978200.00
2021/09/15	79.30	79.64	74.28	78.88	869619	66972400.00
2021/09/16	77.50	78.60	73.74	74.22	491135	37361728.00
2021/09/17	77.29	77.29	73.21	74.23	384485	28741798.00
2021/09/22	73.05	74.40	70.35	71.44	355755	25471376.00
2021/09/23	72.20	72.20	68.92	69.05	282925	19753092.00
2021/09/24	67.99	70.02	67.00	67.30	284530	19425452.00
2021/09/27	67.20	67.64	58.97	61.38	1080736	66662992.00
2021/09/28	60.18	65.00	59.65	60.55	645736	40147856.00
2021/09/29	60.21	60.91	57.18	58.30	469762	27682280.00
2021/09/30	58.89	59.99	58.00	59.59	324678	19162208.00
2021/10/08	60.78	60.78	57.30	57.44	208668	12200324.00
2021/10/11	57.37	58.46	55.22	56.62	209823	11904691.00
2021/10/12	56.54	57.40	55.99	56.63	207900	11787984.00
2021/10/13	57.11	58.80	56.26	57.31	386553	22079804.00
2021/10/14	57.31	57.52	55.81	56.52	204483	11567419.00
2021/10/15	57.30	57.55	55.80	57.04	237264	13411328.00
2021/10/18	58.07	59.27	56.39	56.83	761779	44121084.00
2021/10/19	56.95	61.85	56.83	60.73	614816	36471776.00
2021/10/20	60.73	63.78	60.00	63.40	703294	43638536.00
2021/10/21	63.00	66.51	61.05	61.82	631815	40065952.00
2021/10/22	63.00	63.00	60.80	61.78	411579	25388980.00
2021/10/25	62.99	66.98	61.69	65.65	950517	61112520.00
2021/10/26	65.65	71.97	65.65	67.70	1898051	130032984.00
2021/10/27	66.90	67.70	64.54	65.90	1104542	72501264.00
2021/10/28	64.50	65.34	60.02	61.53	882608	54965384.00
2021/10/29	61.76	62.58	60.08	61.85	380021	23376062.00
2021/11/01	58.00	58.00	54.25	57.37	1285878	71985584.00
2021/11/02	57.38	58.39	55.50	55.79	606053	34224228.00
2021/11/03	55.78	56.78	54.55	56.31	241628	13487919.00
2021/11/04	56.99	58.29	55.31	57.00	390740	22362002.00
2021/11/05	56.50	57.50	56.18	57.03	400564	22792238.00
2021/11/08	55.66	56.95	50.18	52.72	1053754	55377768.00
2021/11/09	52.15	55.46	51.39	54.89	741164	39765200.00
2021/11/10	55.50	57.20	54.05	57.00	544044	30137544.00
2021/11/11	57.00	58.88	56.50	57.42	581327	33648512.00
2021/11/12	56.88	57.82	56.00	56.97	331708	18839776.00
2021/11/15	58.19	59.77	57.35	59.15	451686	26655264.00
2021/11/16	59.15	60.33	55.70	56.24	678956	38699120.00
2021/11/17	56.24	60.99	55.23	60.99	901357	52363072.00
2021/11/18	62.00	62.71	59.31	59.53	597685	36493224.00
2021/11/19	59.53	61.46	59.17	59.25	302785	18112936.00
2021/11/22	59.54	60.98	59.12	59.60	302312	18088884.00
2021/11/23	59.60	60.55	57.39	58.64	382645	22578304.00
2021/11/24	58.55	67.89	57.76	67.04	1844459	118947600.00
2021/11/25	69.34	70.00	67.04	67.57	1390491	94999872.00
2021/11/26	67.50	68.35	65.76	67.48	1228775	82108872.00
2021/11/29	65.80	68.59	65.80	67.18	1110196	74701048.00
2021/11/30	67.35	76.00	67.35	72.60	3297901	239902144.00
2021/12/01	72.40	73.00	70.50	71.98	2497401	179736960.00
2021/12/02	71.98	74.90	69.62	71.14	1813037	129394008.00
2021/12/03	69.71	71.95	68.12	69.79	874139	60824144.00
2021/12/06	72.98	76.84	70.72	72.16	2300538	168789648.00
2021/12/07	73.90	76.71	70.76	72.40	2759145	202470944.00
2021/12/08	72.55	79.00	69.50	79.00	2405056	180716976.00
2021/12/09	79.99	82.97	76.20	77.40	2272804	178384272.00
2021/12/10	75.18	76.99	72.76	73.81	1765236	130635944.00
2021/12/13	73.70	75.20	71.38	74.19	1292358	95044704.00
2021/12/14	75.71	75.71	72.11	74.86	975076	71878960.00
2021/12/15	72.80	74.50	69.50	69.73	1844486	130584688.00
2021/12/16	69.00	72.20	67.10	71.50	2094103	145677792.00
2021/12/17	70.80	76.84	70.09	76.30	3708186	276370624.00
2021/12/20	80.13	87.00	78.00	80.00	3485489	283157952.00
2021/12/21	80.00	82.25	77.12	80.00	1750150	139984560.00
2021/12/22	81.60	82.39	78.23	81.70	1057245	85232856.00
2021/12/23	81.63	82.82	78.80	81.00	1044987	83938160.00
2021/12/24	80.20	81.45	79.07	81.00	473261	38050204.00
2021/12/27	81.50	81.89	76.79	79.60	844369	66268836.00
2021/12/28	79.98	79.98	75.69	76.28	1330280	101776896.00
2021/12/29	75.72	75.99	73.30	74.99	885043	65981160.00
2021/12/30	75.53	76.60	73.30	76.09	889079	66680236.00
2021/12/31	74.90	81.30	74.77	80.68	1414482	112252840.00
2022/01/04	80.50	81.60	77.00	79.80	1030941	81625840.00
2022/01/05	80.38	80.99	74.04	74.90	1381834	106176760.00
2022/01/06	76.01	76.01	70.93	74.14	1328971	96701080.00
2022/01/07	73.24	75.47	68.50	70.00	1415956	100124784.00
2022/01/10	69.00	70.43	68.00	69.50	971804	66957124.00
2022/01/11	69.30	69.98	64.00	64.98	1161497	77216328.00
2022/01/12	64.98	68.88	64.20	68.09	951696	64072092.00
2022/01/13	68.09	68.32	65.18	65.80	913280	60567596.00
2022/01/14	66.00	68.75	64.69	68.33	1038442	69956664.00
2022/01/17	68.90	70.13	65.57	69.52	717378	49293560.00
2022/01/18	68.69	70.86	67.96	70.86	410083	28287758.00
2022/01/19	70.53	71.50	65.57	67.38	958163	64785464.00
2022/01/20	68.00	68.00	64.94	65.87	601439	39309584.00
2022/01/21	64.80	65.75	64.18	64.78	270150	17479528.00
2022/01/24	64.72	66.00	63.36	63.78	369822	23894208.00
2022/01/25	63.05	63.60	61.55	62.12	572720	35634824.00
2022/01/26	62.50	63.50	61.55	63.50	225003	14059994.00
2022/01/27	63.00	63.85	58.00	59.65	782674	47099796.00
2022/01/28	59.30	61.99	58.28	59.99	948054	57178256.00
2022/02/07	61.00	61.14	58.58	59.40	370161	21977532.00
2022/02/08	59.00	59.89	56.91	58.70	462775	26923452.00
2022/02/09	58.88	59.67	57.56	57.84	515873	29988388.00
2022/02/10	58.02	58.50	54.58	55.11	769413	42740632.00
2022/02/11	55.11	55.11	52.47	54.67	921146	49396064.00
2022/02/14	54.02	54.10	52.67	53.85	403192	21553092.00
2022/02/15	54.17	54.99	52.40	53.20	707044	37649752.00
2022/02/16	53.25	54.00	52.52	53.29	585467	31057366.00
2022/02/17	53.30	55.31	53.01	54.19	766568	41502128.00
2022/02/18	54.19	54.19	51.75	52.40	819490	42786048.00
2022/02/21	51.97	54.21	51.97	52.70	721829	38206600.00
2022/02/22	52.41	52.42	50.80	52.00	545731	28154124.00
2022/02/23	52.00	54.78	51.99	54.50	706738	38083696.00
2022/02/24	54.00	55.29	51.68	53.39	1045896	55896516.00
2022/02/25	52.61	54.77	52.52	53.76	753597	40512676.00
2022/02/28	53.12	54.50	52.25	53.32	431603	22952852.00
2022/03/01	53.00	57.51	53.00	55.39	1932975	107590952.00
2022/03/02	55.39	55.39	53.30	54.66	917251	49490408.00
2022/03/03	54.00	54.66	50.31	51.10	1696219	87841840.00
2022/03/04	51.29	52.38	50.34	51.22	662797	34100152.00
2022/03/07	50.51	51.19	48.81	49.41	663802	32862716.00
2022/03/08	49.41	50.19	46.91	48.49	687953	33082540.00
2022/03/09	48.78	48.78	44.22	48.00	1008092	46608432.00
2022/03/10	48.72	48.72	45.30	46.29	1059841	49107912.00
2022/03/11	45.57	46.18	44.25	45.75	578917	26019376.00
2022/03/14	45.76	46.28	44.38	45.00	523093	23670736.00
2022/03/15	45.08	45.64	42.53	42.53	393991	17297844.00
2022/03/16	42.95	44.00	41.29	43.91	542292	23174608.00
2022/03/17	44.00	46.71	43.98	45.42	748625	34156976.00
2022/03/18	44.87	45.79	44.35	45.20	459235	20687208.00
2022/03/21	45.87	48.00	44.60	47.51	726911	34254816.00
2022/03/22	47.89	47.89	45.90	46.86	389816	18172938.00
2022/03/23	48.08	51.21	47.81	48.00	1220607	60513756.00
2022/03/24	48.00	49.18	46.00	46.42	972318	45976468.00
2022/03/25	46.70	47.24	45.01	45.80	538719	24846766.00
2022/03/28	46.80	46.80	44.85	45.84	583437	26665336.00
2022/03/29	46.39	46.39	44.00	44.67	456925	20537376.00
2022/03/30	44.68	46.40	43.86	45.77	349047	15896229.00
2022/03/31	46.00	46.30	44.61	44.83	422335	19191760.00
2022/04/01	44.40	45.20	44.10	44.89	273972	12252520.00
2022/04/06	44.89	45.45	43.57	44.67	441931	19572044.00
2022/04/07	44.58	44.77	43.15	43.45	370082	16133160.00
2022/04/08	43.00	43.78	42.22	42.57	385416	16509556.00
2022/04/11	43.20	43.20	40.40	42.17	628682	26186400.00
2022/04/12	42.18	42.41	40.28	41.49	488472	20074142.00
2022/04/13	41.80	41.81	39.99	41.08	377253	15378602.00
2022/04/14	41.06	41.88	39.57	40.80	530254	21413100.00
2022/04/15	40.02	40.57	39.18	39.67	317340	12619761.00
2022/04/18	39.77	42.66	38.61	41.59	846233	34173124.00
2022/04/19	41.00	42.08	40.57	41.31	651138	26819452.00
2022/04/20	41.29	41.64	40.15	41.09	224989	9214746.00
2022/04/21	41.07	41.49	38.00	39.35	697603	27749738.00
2022/04/22	38.37	39.41	37.02	37.43	640915	24500828.00
2022/04/25	37.01	37.01	33.10	33.25	1663642	58389056.00
2022/04/26	33.24	35.00	29.81	29.99	1198905	38038340.00
2022/04/27	29.98	31.05	28.59	30.24	1097602	32826868.00
2022/04/28	30.20	32.27	30.20	31.60	1054238	33095052.00
2022/04/29	32.90	34.13	31.65	33.94	741564	24537588.00
2022/05/05	34.08	35.48	33.79	34.60	475184	16411913.00
2022/05/06	33.70	35.49	33.70	34.07	471541	16138080.00
2022/05/09	34.07	35.65	33.51	35.25	326197	11459484.00
2022/05/10	35.00	35.97	34.77	35.47	343580	12181867.00
2022/05/11	36.42	38.57	34.78	37.93	888011	33084454.00
2022/05/12	37.57	37.57	36.05	36.21	490329	17929978.00
2022/05/13	36.70	38.10	35.53	35.78	403077	14592172.00
2022/05/16	35.60	37.14	35.48	35.62	423695	15306603.00
2022/05/17	35.26	36.49	34.71	35.25	246882	8711743.00
2022/05/18	35.52	36.76	35.23	35.56	420924	15088043.00
2022/05/19	35.01	36.67	35.01	36.50	335744	12055043.00
2022/05/20	36.60	37.37	36.12	37.12	655240	24060704.00
2022/05/23	37.10	38.15	36.65	38.00	571924	21451312.00
2022/05/24	36.48	38.87	36.15	36.15	575260	21651948.00
2022/05/25	36.15	36.55	35.08	36.18	556191	19910748.00
2022/05/26	36.23	36.40	35.06	35.30	486644	17257708.00
2022/05/27	35.15	36.58	34.22	34.85	586156	20711284.00
2022/05/30	35.10	35.88	34.03	35.85	548778	19227540.00
2022/05/31	35.85	37.16	34.56	37.00	729186	26180088.00
2022/06/01	37.36	42.05	36.68	39.12	1465387	57533064.00
2022/06/02	40.00	44.00	38.06	43.26	3492267	147511280.00
2022/06/06	45.20	46.44	42.30	45.31	3508634	157241936.00
2022/06/07	44.68	45.02	41.88	42.02	2888188	124041632.00
2022/06/08	42.50	43.16	40.66	41.99	1330251	55654724.00
2022/06/09	42.28	42.45	40.58	40.70	577278	23908912.00
2022/06/10	41.30	42.80	40.23	42.00	1094644	45872176.00
2022/06/13	41.32	43.39	41.32	42.50	1024307	43299520.00
2022/06/14	43.01	43.01	40.50	41.40	923887	38184604.00
2022/06/15	41.25	44.79	41.20	43.13	1847686	79401784.00
2022/06/16	43.13	44.80	43.00	43.33	1415426	61990832.00
2022/06/17	42.51	46.37	42.51	45.91	1764556	79174960.00
2022/06/20	46.00	47.11	44.76	45.20	1745552	79966480.00
2022/06/21	45.59	46.46	43.00	43.90	1434890	63261600.00
2022/06/22	44.04	48.20	43.02	47.80	2717132	127428144.00
2022/06/23	47.02	49.35	45.92	49.35	2666571	127494136.00
2022/06/24	50.60	58.99	50.50	52.91	4737898	260003344.00
2022/06/27	54.50	54.50	50.80	51.75	2637104	136903376.00
2022/06/28	51.40	52.37	49.50	52.10	3129441	159308112.00
2022/06/29	51.80	52.23	49.66	52.23	1894195	96600936.00
2022/06/30	52.00	55.47	51.99	54.29	1630765	87682376.00
2022/07/01	52.65	55.45	52.65	54.30	980579	53011104.00
2022/07/04	54.58	54.58	51.20	53.30	1485933	78670864.00
2022/07/05	52.07	53.60	50.88	51.63	1425492	74167312.00
2022/07/06	52.66	52.80	50.20	50.20	660388	33903668.00
2022/07/07	50.20	54.57	50.20	53.96	1541938	82244872.00
2022/07/08	53.27	54.00	51.51	52.00	821583	43135108.00
2022/07/11	52.06	52.06	50.20	50.25	1007727	51088596.00
2022/07/12	51.01	51.01	47.81	47.85	917698	45008164.00
2022/07/13	47.83	49.10	47.50	48.63	543183	26335990.00
2022/07/14	48.07	52.88	47.85	52.68	1001970	51482552.00
2022/07/15	53.24	54.68	51.15	53.98	1326078	70731344.00
2022/07/18	53.44	54.41	52.02	52.95	757167	40153280.00
2022/07/19	52.77	55.00	52.28	54.95	1258014	67575360.00
2022/07/20	55.37	55.37	52.82	53.85	1360174	72723008.00
2022/07/21	53.48	61.60	53.48	60.49	3430644	200933616.00
2022/07/22	59.11	60.86	59.00	60.55	1125454	67281840.00
2022/07/25	61.00	62.00	58.02	58.15	922303	54490224.00
2022/07/26	58.99	58.99	56.71	57.98	765236	43996796.00
2022/07/27	57.99	62.44	57.12	62.00	1737856	105675728.00
2022/07/28	62.00	64.39	61.61	62.26	1346415	84568104.00
2022/07/29	62.38	63.80	61.42	61.98	895248	56050620.00
2022/08/01	61.63	63.63	60.00	61.99	699859	43270760.00
2022/08/02	60.60	62.00	59.91	60.17	756249	45789116.00
2022/08/03	60.71	61.66	58.22	58.58	899180	53666140.00
2022/08/04	59.49	60.49	56.11	57.79	968952	55873624.00
2022/08/05	57.78	60.61	57.02	59.24	1160954	68748976.00
2022/08/08	58.99	61.00	57.60	60.30	737798	44094136.00
2022/08/09	61.18	62.46	60.03	61.87	709101	43742444.00
2022/08/10	61.88	62.57	60.99	61.69	465197	28696932.00
2022/08/11	62.68	62.74	59.33	59.50	570372	34401436.00
2022/08/12	59.59	60.46	55.50	55.93	1343017	76993360.00
2022/08/15	56.34	58.06	54.50	57.49	2202203	124525992.00
2022/08/16	57.00	58.00	54.15	54.62	2262297	125331808.00
2022/08/17	54.30	54.30	51.80	51.80	2032505	106495168.00
2022/08/18	51.96	55.66	51.96	55.49	2443047	133053824.00
2022/08/19	55.67	55.67	52.48	53.00	1538995	82133288.00
2022/08/22	52.55	53.55	51.82	53.00	718101	37800092.00
2022/08/23	52.47	54.45	52.25	53.16	898756	48167832.00
2022/08/24	53.34	53.60	50.59	50.66	792572	40827536.00
2022/08/25	51.29	51.50	50.05	51.20	488531	24813224.00
2022/08/26	50.58	51.80	48.68	49.94	697227	34981656.00
2022/08/29	49.51	50.42	48.46	48.85	436828	21507460.00
2022/08/30	49.62	49.62	47.00	47.78	563022	26938324.00
2022/08/31	47.50	47.65	45.00	45.49	622391	28578056.00
2022/09/01	45.85	45.99	44.38	44.50	307314	13866733.00
2022/09/02	44.19	47.00	44.19	46.00	617061	28394680.00
2022/09/05	47.28	47.28	45.01	45.26	416309	19022964.00
2022/09/06	45.26	46.85	44.22	46.01	675911	30782984.00
2022/09/07	46.18	48.73	46.18	47.37	762151	36255656.00
2022/09/08	47.32	49.00	47.00	47.70	823289	39520752.00
2022/09/09	47.00	48.30	44.50	45.18	594704	27129650.00
2022/09/13	45.38	46.92	45.02	46.50	475718	21968990.00
2022/09/14	45.70	46.95	44.88	46.48	428377	19714876.00
2022/09/15	46.98	46.98	44.22	44.32	515467	23076388.00
2022/09/16	44.32	44.49	42.78	42.88	487670	21268332.00
2022/09/19	42.70	43.29	41.00	41.42	620185	25788812.00
2022/09/20	41.99	43.62	41.62	43.20	429876	18422716.00
2022/09/21	43.20	43.95	41.61	42.94	540548	23217518.00
2022/09/22	42.96	44.39	42.25	43.25	505400	22081424.00
2022/09/23	44.21	44.38	41.00	41.85	609433	25522416.00
2022/09/26	41.85	42.98	41.01	42.07	646850	27306512.00
2022/09/27	42.23	43.29	41.51	43.16	746827	31603892.00
2022/09/28	43.66	43.66	39.99	40.08	914213	37890464.00
2022/09/29	40.37	41.39	39.00	40.07	535856	21658210.00
2022/09/30	40.07	41.00	38.00	38.99	1122978	43704136.00
2022/10/10	38.50	39.03	37.30	37.57	387973	14757452.00
2022/10/11	37.44	37.78	36.31	36.76	347543	12822772.00
2022/10/12	36.76	39.32	35.76	38.50	610985	22786200.00
2022/10/13	38.55	42.11	38.01	41.32	910381	37299536.00
2022/10/14	42.90	43.00	40.73	43.00	1024995	42930732.00
2022/10/17	42.22	44.96	42.21	44.70	669487	29563034.00
2022/10/18	44.89	45.45	44.20	44.77	442162	19809712.00
2022/10/19	45.22	45.22	43.50	44.30	443045	19697840.00
2022/10/20	40.00	44.57	40.00	43.26	646359	28055436.00
2022/10/21	43.37	44.51	42.72	43.52	479733	20904976.00
2022/10/24	43.50	44.48	42.70	42.71	268558	11646970.00
2022/10/25	42.70	44.37	42.18	43.10	371786	16079961.00
2022/10/26	43.38	44.35	42.51	44.10	388618	17037824.00
2022/10/27	44.12	46.18	43.80	44.29	712199	32219880.00
2022/10/28	44.25	44.94	41.17	41.66	631447	26939716.00
2022/10/31	43.14	48.50	42.32	47.26	1685515	77517392.00
2022/11/01	48.06	48.06	45.25	47.56	1806229	84241824.00
2022/11/02	48.85	50.68	46.10	49.70	1198759	59331508.00
2022/11/03	50.05	51.80	49.26	50.78	742844	37718632.00
2022/11/04	51.01	51.50	50.00	51.15	850451	43059992.00
2022/11/07	57.99	60.98	54.17	56.98	3237238	184122848.00
2022/11/08	60.25	61.70	55.21	57.88	2625269	150659520.00
2022/11/09	58.06	59.36	53.90	54.72	2012496	111396832.00
2022/11/10	53.50	56.31	51.66	52.79	1614331	86221944.00
2022/11/11	53.63	54.60	50.04	50.66	1650455	85057024.00
2022/11/14	51.00	54.50	50.00	54.30	2699656	143475984.00
2022/11/15	54.30	58.50	53.40	57.75	3129412	174809440.00
2022/11/16	57.85	59.99	56.00	58.13	2096739	121748320.00
2022/11/17	58.24	59.19	56.38	57.36	1253991	72193728.00
2022/11/18	57.30	58.20	56.02	56.93	1341301	76531624.00
2022/11/21	57.78	61.50	56.00	60.95	2135253	127912424.00
2022/11/22	59.60	61.55	58.50	58.53	1151412	68550984.00
2022/11/23	59.57	59.68	56.82	57.95	1022342	59331452.00
2022/11/24	59.14	59.14	56.65	57.75	710751	41124036.00
2022/11/25	58.57	58.57	56.01	56.04	474816	27023340.00
2022/11/28	55.00	57.76	53.02	55.53	1732066	96556672.00
2022/11/29	56.33	59.70	55.00	57.62	1359411	79064608.00
2022/11/30	57.00	57.76	55.52	56.40	848956	47748688.00
2022/12/01	57.80	58.61	55.83	58.00	763616	43880076.00
2022/12/02	58.00	62.67	57.70	59.53	2730001	166779984.00
2022/12/05	60.63	61.69	58.35	61.61	1927646	116083888.00
2022/12/06	62.00	63.58	60.61	62.80	1265282	79228576.00
2022/12/07	63.06	66.45	62.09	64.13	1230752	79839248.00
2022/12/08	64.13	64.51	62.88	63.82	574106	36662032.00
2022/12/09	64.30	64.57	61.09	61.40	862098	54083912.00
2022/12/12	61.61	62.99	60.83	61.71	410142	25387598.00
2022/12/13	61.30	62.24	59.59	59.85	453222	27430562.00
2022/12/14	59.99	61.60	59.28	61.42	354363	21500552.00
2022/12/15	60.86	62.18	60.00	60.90	352931	21470214.00
2022/12/16	60.80	61.08	58.83	58.83	302476	18015312.00
2022/12/19	58.50	59.23	56.00	57.36	662734	38142528.00
2022/12/20	57.57	58.85	56.37	57.92	414389	23953308.00
2022/12/21	57.99	58.79	57.09	58.00	322671	18713942.00
2022/12/22	57.13	58.31	55.52	56.36	707950	40228456.00
2022/12/23	56.48	56.48	53.50	54.81	930628	50557416.00
2022/12/26	55.18	56.66	54.33	56.02	491730	27564552.00
2022/12/27	55.84	58.35	54.88	57.50	382322	21616732.00
2022/12/28	57.90	57.90	55.20	55.90	234069	13151671.00
2022/12/29	55.55	56.40	54.20	55.13	317545	17577988.00
2022/12/30	55.20	56.79	54.80	55.45	336264	18609196.00
2023/01/03	56.68	66.00	54.06	55.19	1388329	78176592.00
2023/01/04	56.00	58.80	53.59	57.99	1522919	85916080.00
2023/01/05	58.00	62.48	56.58	61.60	1448717	87656008.00
2023/01/06	61.67	65.21	60.10	65.00	1764105	111414384.00
2023/01/09	64.89	68.49	64.59	66.32	1552942	103333512.00
2023/01/10	66.30	67.00	64.35	66.30	800214	52609716.00
2023/01/11	65.65	67.09	64.45	66.39	1118334	73760120.00
2023/01/12	66.15	66.87	64.56	65.97	521755	34467056.00
2023/01/13	66.31	70.94	66.05	67.82	1438811	98656304.00
2023/01/16	67.48	69.29	65.88	66.84	1030342	69412496.00
2023/01/17	67.07	68.68	65.50	66.77	669067	44524748.00
2023/01/18	65.90	67.47	65.01	66.00	545820	36131796.00
2023/01/19	65.79	67.79	64.56	66.86	843013	55783332.00
2023/01/20	66.80	68.86	66.08	68.86	564347	38154256.00
2023/01/30	68.83	69.88	66.50	66.50	1070389	72610232.00
2023/01/31	58.83	65.50	58.83	63.95	3528888	225524288.00
2023/02/01	64.36	64.60	60.07	62.27	2664454	164601168.00
2023/02/02	62.86	64.58	61.08	61.56	1433886	89600864.00
2023/02/03	61.05	61.94	59.70	61.14	989516	60017136.00
2023/02/06	61.14	61.70	59.71	60.40	698192	42191664.00
2023/02/07	60.90	60.90	59.31	60.24	790522	47597736.00
2023/02/08	59.90	61.50	59.90	60.30	472069	28609802.00
2023/02/09	59.80	68.36	59.80	66.05	3248963	212665152.00
2023/02/10	66.71	66.71	64.41	65.12	1275972	83413520.00
2023/02/13	64.01	65.66	63.88	65.10	1240279	80272568.00
2023/02/14	65.99	67.80	64.01	66.30	1048126	69224816.00
2023/02/15	67.80	67.80	63.30	63.77	1469149	95482880.00
2023/02/16	63.99	63.99	60.80	61.29	1316720	82271344.00
2023/02/17	61.00	61.46	59.91	60.08	748008	45291164.00
2023/02/20	60.00	60.11	57.58	58.46	706348	41264956.00
2023/02/21	58.08	59.45	58.05	58.70	589397	34533208.00
2023/02/22	58.20	60.52	57.50	58.11	656228	38646956.00
2023/02/23	58.68	60.20	58.21	59.36	547838	32421362.00
2023/02/24	59.25	59.94	57.94	58.20	756938	44606768.00
2023/02/27	57.70	58.50	57.50	57.52	462696	26850600.00
2023/02/28	56.50	57.99	56.50	57.37	433226	24718340.00
2023/03/01	57.37	57.96	56.06	56.76	591993	33599552.00
2023/03/02	57.33	57.93	55.21	55.32	425279	23932356.00
2023/03/03	55.22	56.60	54.66	54.66	315522	17492256.00
2023/03/06	55.20	56.31	54.26	55.71	359537	20001800.00
2023/03/07	56.66	56.79	53.65	53.65	424688	23070590.00
2023/03/08	53.32	55.20	52.15	52.60	588369	31031362.00
2023/03/09	52.00	57.48	51.80	55.38	1318369	72399168.00
2023/03/10	55.38	55.38	52.30	52.84	1063416	56657104.00
2023/03/13	52.50	53.04	50.81	51.18	950116	48902972.00
2023/03/14	51.18	51.18	49.00	49.90	709571	35392952.00
2023/03/15	49.87	51.77	49.02	49.20	569352	28435708.00
2023/03/16	49.11	50.00	47.66	48.00	812686	39308320.00
2023/03/17	48.41	50.16	48.26	49.11	569038	27992392.00
2023/03/20	49.00	49.32	47.80	48.72	563510	27351040.00
2023/03/21	49.21	49.99	48.50	49.77	325589	16035353.00
2023/03/22	49.54	51.26	49.00	49.35	805000	40186728.00
2023/03/23	49.40	49.41	47.83	48.25	1111783	53817368.00
2023/03/24	46.86	50.26	46.00	50.22	1178857	58497684.00
2023/03/27	51.00	55.11	51.00	52.20	2055539	108924672.00
2023/03/28	53.77	53.77	49.65	49.97	1444416	73307272.00
2023/03/29	50.70	50.70	47.98	48.00	1144614	55655420.00
2023/03/30	48.70	48.70	46.85	47.05	621971	29469452.00
2023/03/31	47.05	47.73	45.69	46.05	1234744	57139008.00
2023/04/03	46.01	46.80	45.00	46.44	1336904	61566288.00
2023/04/04	46.55	47.15	45.45	46.18	903728	41891760.00
2023/04/06	45.81	47.46	45.67	46.69	706234	33024712.00
2023/04/07	46.92	47.40	46.09	47.25	637472	29902392.00
2023/04/10	47.01	47.60	45.85	46.20	727123	33884736.00
2023/04/11	46.53	47.11	45.60	45.94	635620	29320864.00
2023/04/12	45.95	46.50	45.05	45.85	642817	29300396.00
2023/04/13	45.02	45.57	44.50	45.20	686494	30949864.00
2023/04/14	45.83	45.85	44.80	45.18	437510	19844936.00
2023/04/17	45.04	46.46	45.04	45.46	563923	25821896.00
2023/04/18	45.15	46.17	44.67	44.72	426207	19191332.00
2023/04/19	45.33	45.33	43.88	44.76	472457	21033896.00
2023/04/20	44.10	44.98	43.10	43.48	665512	29033832.00
2023/04/21	43.69	44.16	43.08	43.16	617304	26903328.00
2023/04/24	43.16	43.81	42.55	43.13	589708	25389774.00
2023/04/25	43.82	43.88	41.18	41.80	640731	26824896.00
2023/04/26	42.18	43.18	41.65	42.40	745593	31750708.00
2023/04/27	42.18	43.27	41.55	41.68	898822	37935832.00
2023/04/28	41.53	44.69	41.53	44.00	1453714	63325016.00
2023/05/05	41.56	41.56	41.56	41.56	0	0.00
数据来源:通达信
