603823 百合花 日线 不复权
      日期	    开盘	    最高	    最低	    收盘	    成交量	    成交额
2016/12/20	12.72	15.26	12.72	15.26	13135	200186.00
2016/12/21	16.79	16.79	16.79	16.79	10100	169579.00
2016/12/22	18.47	18.47	18.47	18.47	3200	59104.00
2016/12/23	20.32	20.32	20.32	20.32	18300	371856.00
2016/12/26	22.35	22.35	22.35	22.35	38097	851468.00
2016/12/27	24.59	24.59	24.59	24.59	29227	718692.00
2016/12/28	27.05	27.05	27.05	27.05	25562	691452.00
2016/12/29	29.76	29.76	29.76	29.76	309280	9204173.00
2016/12/30	32.74	32.74	32.74	32.74	5006865	163924768.00
2017/01/03	33.00	36.01	31.26	36.01	26303546	871464448.00
2017/01/04	36.20	39.61	35.33	39.61	18403885	700646848.00
2017/01/05	41.25	42.50	37.11	37.77	31228032	1240239232.00
2017/01/06	37.20	38.77	34.00	34.42	20912460	754780544.00
2017/01/09	33.24	34.38	32.80	33.05	12828434	427538272.00
2017/01/10	32.62	33.54	31.53	32.23	13175459	429083200.00
2017/01/11	32.08	32.25	30.01	30.31	10026278	311625792.00
2017/01/12	30.16	30.60	28.67	29.00	9196609	271260512.00
2017/01/13	29.07	29.50	27.76	29.00	9156515	261688912.00
2017/01/16	28.60	29.68	26.36	28.55	10176721	292556288.00
2017/01/17	27.99	29.60	27.10	29.36	10235494	291727200.00
2017/01/18	28.86	29.35	28.02	28.49	6966598	199619424.00
2017/01/19	27.70	29.55	27.50	28.28	9505357	274917120.00
2017/01/20	27.99	29.40	27.56	28.88	9038225	257628112.00
2017/01/23	28.60	29.35	28.54	28.82	6130329	177085632.00
2017/01/24	28.61	28.87	26.41	26.45	9300264	255289744.00
2017/01/25	26.30	26.90	25.75	26.56	5470650	144291840.00
2017/01/26	26.60	26.98	26.45	26.71	3747070	100096880.00
2017/02/03	26.78	27.77	26.09	27.28	6395693	172920736.00
2017/02/06	27.59	30.01	27.51	30.01	11009542	319590048.00
2017/02/07	30.73	31.89	30.02	30.70	20402997	632708416.00
2017/02/08	29.94	31.88	29.56	31.49	15519478	479683840.00
2017/02/09	31.00	31.25	30.62	30.85	9308835	287343744.00
2017/02/10	30.85	30.88	29.60	29.63	7731653	232126320.00
2017/02/13	29.39	31.24	29.39	30.98	9897116	303194432.00
2017/02/14	30.98	31.59	30.51	30.90	9253854	286668032.00
2017/02/15	30.60	32.68	30.60	31.60	14392239	457625792.00
2017/02/16	31.10	31.39	30.41	31.17	8408622	258958160.00
2017/02/17	31.00	31.66	30.30	30.43	7781662	240967904.00
2017/02/20	29.92	30.19	28.02	28.79	7379057	213382224.00
2017/02/21	28.69	29.48	28.58	29.27	4733778	137857488.00
2017/02/22	29.24	29.68	28.92	29.11	3728136	108809680.00
2017/02/23	29.00	30.49	28.88	30.04	6805393	202599312.00
2017/02/24	29.89	33.04	29.71	33.04	13932131	448188960.00
2017/02/27	34.00	34.60	32.41	33.57	22202300	748552320.00
2017/02/28	32.80	33.43	32.50	33.20	10774091	354157824.00
2017/03/01	33.27	35.48	32.88	33.88	16573683	567558976.00
2017/03/02	33.16	36.50	32.53	35.56	19057900	662469312.00
2017/03/03	34.72	35.20	34.20	34.76	10440271	361901088.00
2017/03/06	34.61	35.22	33.66	35.19	8935563	308356416.00
2017/03/07	35.00	36.50	34.80	35.85	12379155	442773792.00
2017/03/08	35.58	36.37	34.82	35.20	9326565	329339040.00
2017/03/09	34.80	35.15	33.40	33.46	8268700	281471808.00
2017/03/10	33.31	34.26	33.25	33.45	6053125	204392240.00
2017/03/13	33.31	35.99	32.56	35.95	11290346	387447904.00
2017/03/14	35.60	37.20	35.30	36.55	16262877	588794048.00
2017/03/15	36.00	36.40	35.58	35.76	8179146	294020928.00
2017/03/16	35.80	37.69	35.80	36.59	14806818	548668352.00
2017/03/17	36.11	36.99	34.54	34.94	11844793	425092192.00
2017/03/20	34.46	35.96	34.38	35.93	5927760	209889040.00
2017/03/21	35.99	36.96	35.40	36.90	9326013	337679680.00
2017/03/22	36.49	37.60	36.25	37.01	11310164	418303008.00
2017/03/23	36.69	37.44	35.01	36.46	9311294	339829408.00
2017/03/24	36.00	37.47	35.62	37.13	11060856	408415840.00
2017/03/27	37.13	37.35	36.34	36.49	5928232	217223072.00
2017/03/28	36.60	36.89	34.77	34.93	7073135	252769408.00
2017/03/29	34.71	35.19	32.30	32.44	8355715	278086944.00
2017/03/30	31.56	32.12	30.10	30.50	6522529	201874192.00
2017/03/31	30.60	31.25	30.10	30.78	3926259	120740032.00
2017/04/05	30.58	31.39	30.18	31.28	3434344	106373424.00
2017/04/06	31.30	31.95	31.02	31.36	3674245	115698608.00
2017/04/07	31.15	31.53	30.32	30.42	3529919	108735896.00
2017/04/10	30.13	30.46	27.70	28.01	5414608	155596096.00
2017/04/11	28.01	28.80	27.80	28.68	3752917	106547816.00
2017/04/12	28.55	28.77	27.88	28.03	2960613	83584144.00
2017/04/13	28.00	28.68	27.90	28.25	1962579	55644688.00
2017/04/14	28.04	28.39	27.78	27.90	2034174	56785388.00
2017/04/17	27.02	27.60	26.04	26.22	3110479	82729552.00
2017/04/18	26.16	26.61	25.88	26.20	2099529	55154868.00
2017/04/19	26.10	27.09	25.96	27.00	3069199	81618472.00
2017/04/20	27.10	27.50	26.50	27.11	3081506	83300856.00
2017/04/21	27.11	27.40	26.52	26.61	1806900	48551296.00
2017/04/24	26.68	26.75	25.13	25.28	1953262	50053260.00
2017/04/25	25.47	25.75	25.18	25.31	1557900	39713896.00
2017/04/26	25.32	25.99	25.21	25.68	2044813	52513328.00
2017/04/27	25.71	26.98	24.88	26.72	3648239	95054464.00
2017/04/28	26.52	27.30	26.40	27.10	2791451	74932576.00
2017/05/02	26.86	26.88	26.40	26.66	2118860	56356132.00
2017/05/03	26.41	26.79	25.91	26.58	2352596	61887368.00
2017/05/04	26.45	26.49	25.90	25.94	1812800	47545436.00
2017/05/05	25.90	26.19	25.50	25.54	1504797	39013416.00
2017/05/08	25.35	25.66	24.25	24.28	1612200	40337472.00
2017/05/09	24.01	24.78	23.89	24.64	1973147	48066388.00
2017/05/10	24.30	24.93	23.73	23.77	2338047	57087520.00
2017/05/11	23.61	23.94	22.62	23.90	2962240	68958616.00
2017/05/12	23.72	23.90	23.24	23.60	1919240	45187752.00
2017/05/15	23.72	23.82	22.94	22.99	1479655	34581856.00
2017/05/16	22.89	23.61	22.18	23.60	2883067	65662528.00
2017/05/17	23.49	24.12	23.25	23.74	2358163	56076916.00
2017/05/18	23.45	23.92	23.18	23.29	1859083	43724940.00
2017/05/19	23.30	23.66	23.28	23.46	1684231	39585084.00
2017/05/22	23.46	24.01	22.52	22.62	2129731	49950284.00
2017/05/23	22.55	22.61	20.60	20.66	2375474	51461728.00
2017/05/24	20.65	21.23	20.61	21.11	1235691	25873178.00
2017/05/25	21.15	21.27	20.42	21.12	1448400	30305196.00
2017/05/26	21.20	21.80	20.83	21.28	1258500	26726448.00
2017/05/31	21.89	22.30	21.30	21.32	1951508	42644080.00
2017/06/01	21.21	21.40	20.03	20.07	1682292	34725312.00
2017/06/02	20.01	20.85	19.80	20.67	1580946	32185232.00
2017/06/05	20.89	21.25	20.74	20.92	1470178	30933540.00
2017/06/06	20.87	21.10	20.59	20.99	818500	17084134.00
2017/06/07	20.99	21.95	20.79	21.66	2411034	51885264.00
2017/06/08	21.74	21.75	21.25	21.37	1679700	36086212.00
2017/06/09	21.37	21.47	21.01	21.40	1308295	27776664.00
2017/06/12	21.19	21.19	20.42	20.47	1525269	31597436.00
2017/06/13	20.36	21.08	20.36	20.95	1131900	23629488.00
2017/06/14	20.86	21.24	20.85	21.20	1480329	31245840.00
2017/06/15	21.15	22.37	21.14	22.30	4131575	90879088.00
2017/06/16	22.21	22.22	21.78	21.88	2042462	44751756.00
2017/06/19	21.70	22.10	21.70	22.00	1170900	25674544.00
2017/06/20	22.22	22.43	21.60	21.74	1607789	35229964.00
2017/06/21	21.87	21.98	21.42	21.68	1069565	23151648.00
2017/06/22	21.70	21.98	20.90	21.00	1573500	34039944.00
2017/06/23	20.93	21.18	20.45	21.04	1545962	32178144.00
2017/06/26	21.22	21.26	20.86	21.17	1009994	21277858.00
2017/06/27	21.06	21.45	21.06	21.20	967759	20590734.00
2017/06/28	21.21	21.21	20.65	20.79	1022662	21341842.00
2017/06/29	20.86	21.15	20.84	20.93	899062	18853962.00
2017/06/30	20.80	21.28	20.80	21.18	1069036	22548884.00
2017/07/03	21.19	21.97	21.10	21.81	2160686	46823184.00
2017/07/04	21.72	21.89	21.58	21.64	1394462	30275494.00
2017/07/05	21.57	22.13	21.56	22.08	2422291	53153788.00
2017/07/06	22.08	22.10	21.60	21.97	1891280	41345556.00
2017/07/07	21.93	22.77	21.82	22.48	3114406	69798320.00
2017/07/10	22.13	22.23	21.64	21.69	2230300	48849828.00
2017/07/11	21.69	21.94	21.40	21.45	1352700	29381828.00
2017/07/12	21.32	21.48	20.75	21.35	1539242	32470748.00
2017/07/13	21.33	21.40	20.91	21.05	1012042	21329080.00
2017/07/14	21.10	21.15	20.60	20.77	928246	19332338.00
2017/07/17	20.55	20.75	18.71	18.74	2516476	48441520.00
2017/07/18	18.30	19.03	18.30	18.86	1218477	22791304.00
2017/07/19	18.82	19.09	18.60	19.07	1051658	19853752.00
2017/07/20	19.09	19.45	18.91	18.93	1033842	19843570.00
2017/07/21	19.19	19.19	18.71	18.81	766406	14475003.00
2017/07/24	20.18	20.69	19.85	20.69	5902413	120161880.00
2017/07/25	20.52	21.69	20.03	21.50	7718963	163355744.00
2017/07/26	21.25	21.45	20.61	21.12	4633621	97128784.00
2017/07/27	20.69	21.30	20.60	20.93	3439421	72029464.00
2017/07/28	21.09	21.09	20.25	20.40	2570533	52934136.00
2017/07/31	20.32	20.65	20.15	20.38	1856500	37773556.00
2017/08/01	20.38	20.53	20.20	20.44	1440134	29257388.00
2017/08/02	20.44	20.52	19.75	19.79	1715104	34387452.00
2017/08/03	19.99	20.48	19.81	20.29	1739501	35121112.00
2017/08/04	20.30	20.38	19.80	19.82	1511201	30088792.00
2017/08/07	19.70	20.00	19.70	19.89	865100	17186224.00
2017/08/08	19.97	20.00	19.61	19.72	838300	16542080.00
2017/08/09	19.62	19.78	19.56	19.62	873500	17184548.00
2017/08/10	19.70	19.73	19.22	19.30	1156900	22432170.00
2017/08/11	19.03	19.25	18.95	18.99	1011672	19295884.00
2017/08/14	18.98	19.40	18.83	19.34	694862	13404199.00
2017/08/15	19.31	19.54	19.28	19.41	1000800	19397622.00
2017/08/16	19.40	19.68	19.25	19.60	1313301	25581802.00
2017/08/17	19.43	19.88	19.43	19.70	1312040	25802246.00
2017/08/18	19.65	19.83	19.37	19.49	950324	18640494.00
2017/08/21	19.49	19.78	19.38	19.71	1063299	20817464.00
2017/08/22	19.72	19.86	19.30	19.70	1104199	21740268.00
2017/08/23	19.60	19.76	19.36	19.70	977300	19110404.00
2017/08/24	19.70	19.85	19.49	19.60	1249599	24552536.00
2017/08/25	19.68	20.20	19.56	20.09	2632769	52638200.00
2017/08/28	20.15	20.81	19.90	20.78	3972324	81269328.00
2017/08/29	20.70	20.99	20.33	20.60	3759987	77332536.00
2017/08/30	20.41	20.49	20.21	20.24	1765428	35907624.00
2017/08/31	20.27	20.64	20.20	20.57	1842757	37689228.00
2017/09/01	20.68	21.66	20.60	21.39	5959367	126949296.00
2017/09/04	21.13	21.27	20.83	21.04	3003970	63028404.00
2017/09/05	21.03	21.06	20.70	20.88	1489700	31044012.00
2017/09/06	20.77	21.10	20.61	21.03	1875568	38985248.00
2017/09/07	21.04	21.22	20.60	20.70	2048055	42933632.00
2017/09/08	20.60	20.87	20.47	20.57	1370199	28352160.00
2017/09/11	20.50	20.95	20.50	20.90	1494843	31117720.00
2017/09/12	20.81	21.00	20.56	20.61	1588024	32860628.00
2017/09/13	20.74	20.99	20.51	20.93	1693868	35168272.00
2017/09/14	20.92	21.12	20.53	20.68	1713048	35642200.00
2017/09/15	20.55	20.68	20.50	20.51	921100	18933152.00
2017/09/18	20.69	20.69	20.33	20.46	846997	17295076.00
2017/09/19	20.46	20.80	20.40	20.63	1153120	23716428.00
2017/09/20	20.54	20.73	20.38	20.72	986001	20286614.00
2017/09/21	20.75	21.39	20.73	21.00	4087181	86312576.00
2017/09/22	20.93	21.46	20.86	21.38	3532870	74959240.00
2017/09/25	21.25	21.35	20.51	20.57	2250055	47114392.00
2017/09/26	20.63	20.70	19.51	19.80	2689046	53406228.00
2017/09/27	19.88	19.94	19.57	19.78	1111814	21990684.00
2017/09/28	19.70	19.87	19.60	19.60	1131637	22277944.00
2017/09/29	19.62	20.13	19.62	19.98	1110157	22152712.00
2017/10/09	20.35	20.48	20.01	20.06	847200	17053928.00
2017/10/10	20.06	20.51	19.90	20.46	1293406	26257828.00
2017/10/11	20.46	20.88	20.35	20.50	1709195	35264808.00
2017/10/12	20.28	20.59	20.25	20.37	1040000	21206008.00
2017/10/13	20.35	20.84	20.31	20.70	1604119	33163364.00
2017/10/16	20.75	20.78	19.61	19.85	1662000	33683104.00
2017/10/17	19.90	20.20	19.70	20.04	789100	15764808.00
2017/10/18	20.03	20.44	19.90	20.06	1252468	25304412.00
2017/10/19	20.12	20.12	19.17	19.20	1597358	31102176.00
2017/10/20	19.25	19.40	19.18	19.37	704824	13602591.00
2017/10/23	19.38	20.13	19.25	20.08	1513300	29916774.00
2017/10/24	20.50	20.98	19.88	20.73	2973300	60655116.00
2017/10/25	20.73	21.98	20.51	21.68	6715095	144148592.00
2017/10/26	21.33	21.93	21.24	21.73	3732435	79951736.00
2017/10/27	21.60	21.85	21.21	21.53	2527626	54332592.00
2017/10/30	21.25	23.57	20.82	23.05	12015230	268704192.00
2017/10/31	22.80	24.87	22.45	24.40	13140704	312384000.00
2017/11/01	24.10	25.18	23.73	24.22	11717312	283946240.00
2017/11/02	23.99	25.69	23.68	25.26	12719165	314599104.00
2017/11/03	24.78	25.52	24.65	25.06	9397283	235484176.00
2017/11/06	25.36	25.94	24.20	24.51	9642479	237810112.00
2017/11/07	24.30	24.45	23.74	24.11	7025635	168625680.00
2017/11/08	23.85	24.48	22.75	22.90	12226317	287431040.00
2017/11/09	22.75	22.78	22.22	22.54	7250501	162334544.00
2017/11/10	22.41	22.85	22.40	22.54	5450201	123083712.00
2017/11/13	22.58	22.96	22.47	22.74	5295001	120519840.00
2017/11/14	22.70	22.70	21.68	21.83	5765901	126468920.00
2017/11/15	21.80	22.15	21.66	22.02	3518767	77238256.00
2017/11/16	22.10	22.10	21.40	21.43	3180300	69042520.00
2017/11/17	21.30	21.56	19.30	19.32	5637401	113461048.00
2017/11/20	19.19	19.41	18.30	19.35	2671400	50466076.00
2017/11/21	19.32	19.61	18.56	19.03	2413530	46244520.00
2017/11/22	19.14	19.19	18.75	18.93	1668201	31582396.00
2017/11/23	18.90	19.00	18.00	18.02	2319700	42811468.00
2017/11/24	17.68	18.50	17.68	18.18	1724100	31147770.00
2017/11/27	18.00	18.16	17.70	17.86	1237300	22127744.00
2017/11/28	17.72	18.35	17.56	18.31	1489000	27003112.00
2017/11/29	18.37	18.37	17.80	18.22	1042700	18880220.00
2017/11/30	18.18	18.49	18.01	18.17	940300	17134916.00
2017/12/01	18.24	18.30	18.09	18.25	860900	15669713.00
2017/12/04	18.13	18.36	17.72	17.88	1273200	22973484.00
2017/12/05	17.64	17.95	16.80	16.89	2023300	35005584.00
2017/12/06	16.92	17.08	16.41	17.08	1473392	24807386.00
2017/12/07	16.88	17.05	16.86	16.91	773500	13092997.00
2017/12/08	16.81	17.26	16.81	17.19	980100	16810660.00
2017/12/11	17.00	17.40	16.95	17.28	883300	15220172.00
2017/12/12	17.28	17.43	17.14	17.19	1064800	18419576.00
2017/12/13	16.63	17.35	16.63	17.32	665700	11437628.00
2017/12/14	17.20	17.34	17.06	17.13	642300	11004221.00
2017/12/15	17.00	17.26	16.74	16.84	924059	15579130.00
2017/12/18	16.75	16.95	16.30	16.57	1349000	22483960.00
2017/12/19	16.53	16.78	16.43	16.62	695500	11581286.00
2017/12/20	16.00	16.27	15.35	15.55	6344692	99429976.00
2017/12/21	15.41	15.86	15.06	15.53	4693395	72518112.00
2017/12/22	15.50	16.20	15.40	15.61	3326368	52391824.00
2017/12/25	15.64	16.37	15.43	16.29	4273612	67961152.00
2017/12/26	16.68	17.01	16.32	17.00	5979279	100250736.00
2017/12/27	16.32	16.68	16.32	16.45	3855447	63683872.00
2017/12/28	16.31	17.80	16.05	17.04	5400631	90920592.00
2017/12/29	16.80	17.50	16.71	17.12	4570342	78507704.00
2018/01/02	17.20	17.25	16.71	17.17	3228023	54740272.00
2018/01/03	17.01	17.15	16.85	16.95	2515838	42668996.00
2018/01/04	16.83	17.06	16.75	16.85	2092103	35363552.00
2018/01/05	16.86	16.93	16.38	16.41	2618334	43632640.00
2018/01/08	16.37	16.61	16.15	16.44	1973027	32155696.00
2018/01/09	16.44	16.58	16.30	16.37	1483333	24321060.00
2018/01/10	16.55	16.55	15.81	15.91	1899780	30556094.00
2018/01/11	15.96	16.29	15.84	16.23	1575236	25477260.00
2018/01/12	16.14	16.30	15.91	15.99	1381420	22298398.00
2018/01/15	16.04	16.04	15.25	15.31	1638667	25491924.00
2018/01/16	15.34	15.65	15.22	15.56	1093545	16949992.00
2018/01/17	15.56	15.93	15.20	15.86	1599466	24921284.00
2018/01/18	15.87	16.39	15.81	16.31	2200697	35595332.00
2018/01/19	16.31	16.36	15.95	15.99	1563913	25241888.00
2018/01/22	16.06	16.14	15.69	15.96	1322784	21027734.00
2018/01/23	15.83	16.03	15.80	15.92	1006927	16014131.00
2018/01/24	15.81	16.16	15.68	16.09	1870743	29841800.00
2018/01/25	15.88	17.60	15.88	16.70	4424499	73816904.00
2018/01/26	16.50	17.99	16.33	17.31	6997990	121326536.00
2018/01/29	17.06	17.06	16.65	16.79	3597827	60564664.00
2018/01/30	16.79	17.07	16.57	16.64	1964452	33046808.00
2018/01/31	16.43	16.89	16.35	16.72	2277771	37923868.00
2018/02/01	16.62	17.16	15.05	15.08	3299859	53906968.00
2018/02/02	15.18	15.35	14.50	15.03	2647072	39674824.00
2018/02/05	14.80	15.00	14.44	14.47	1676753	24636600.00
2018/02/06	14.00	14.46	13.30	13.33	2542219	35165484.00
2018/02/07	13.77	13.94	13.11	13.47	1311162	17667424.00
2018/02/08	13.46	13.91	13.40	13.78	995743	13665838.00
2018/02/09	13.35	13.58	12.98	13.21	1252950	16717224.00
2018/02/12	13.36	13.77	13.36	13.59	894506	12132061.00
2018/02/13	13.59	13.88	13.36	13.48	898370	12311203.00
2018/02/14	13.59	13.75	13.39	13.67	413680	5616695.00
2018/02/22	13.82	13.97	13.68	13.94	745705	10343304.00
2018/02/23	13.90	14.28	13.83	14.16	1202031	16950636.00
2018/02/26	14.28	14.50	14.16	14.48	1198127	17193552.00
2018/02/27	14.48	14.63	14.26	14.33	1026284	14786420.00
2018/02/28	14.17	14.70	14.00	14.40	1281240	18439012.00
2018/03/01	14.31	14.54	14.20	14.48	1167500	16860624.00
2018/03/02	14.48	14.48	14.20	14.24	1007933	14421212.00
2018/03/05	14.21	14.42	14.20	14.35	969726	13876938.00
2018/03/06	14.42	14.66	14.35	14.61	1394061	20238970.00
2018/03/07	14.68	14.68	14.33	14.40	1093938	15792425.00
2018/03/08	14.35	14.69	14.30	14.58	1283597	18620856.00
2018/03/09	14.49	14.94	14.49	14.89	1941392	28710046.00
2018/03/12	15.00	15.28	15.00	15.14	1556536	23516980.00
2018/03/13	15.14	15.14	14.81	14.90	1178777	17640130.00
2018/03/14	14.85	15.00	14.65	14.73	1212435	17977436.00
2018/03/15	14.74	14.74	13.99	14.35	1626582	23265660.00
2018/03/16	14.35	15.45	14.24	14.71	2320527	34403696.00
2018/03/19	14.72	14.96	14.60	14.75	1250764	18512852.00
2018/03/20	14.59	14.88	14.51	14.83	1313440	19344998.00
2018/03/21	14.76	15.28	14.76	15.04	2387136	36132384.00
2018/03/22	14.98	15.26	14.94	15.25	1795898	27153204.00
2018/03/23	14.95	15.02	14.00	14.07	2161562	31381484.00
2018/03/26	14.03	14.15	13.33	14.11	1050498	14517381.00
2018/03/27	14.21	14.69	14.20	14.50	1233167	17846624.00
2018/03/28	14.32	15.20	14.22	14.94	2209747	32666008.00
2018/03/29	14.90	15.95	14.82	15.56	4893803	75357160.00
2018/03/30	15.50	15.59	15.25	15.49	2506118	38644556.00
2018/04/02	15.36	15.66	15.35	15.50	2080117	32210800.00
2018/04/03	15.20	15.33	14.95	15.19	1751580	26493166.00
2018/04/04	15.20	15.43	15.05	15.38	1690824	25808672.00
2018/04/09	15.30	15.79	15.05	15.67	2854502	44313608.00
2018/04/10	15.39	15.66	15.08	15.51	2196109	33762920.00
2018/04/11	15.50	16.38	15.41	16.25	5503563	88017864.00
2018/04/12	16.02	16.23	15.80	15.81	3116980	49803040.00
2018/04/13	15.78	16.02	15.60	15.81	1849760	29246056.00
2018/04/16	15.70	15.80	15.25	15.32	1702884	26369568.00
2018/04/17	15.30	15.50	14.33	14.57	1830198	27438608.00
2018/04/18	14.79	14.90	14.30	14.83	1307718	19161252.00
2018/04/19	14.83	14.94	14.63	14.74	930800	13798779.00
2018/04/20	14.82	14.97	14.52	14.57	1132716	16673408.00
2018/04/23	14.58	14.69	14.06	14.28	1018766	14631495.00
2018/04/24	14.33	14.88	14.28	14.87	1589735	23283698.00
2018/04/25	14.79	15.13	14.66	15.06	1517475	22716266.00
2018/04/26	15.22	15.37	14.75	14.82	1470428	21993244.00
2018/04/27	14.96	15.00	14.74	14.92	982140	14613483.00
2018/05/02	14.90	15.06	14.43	14.62	803392	11840979.00
2018/05/03	14.70	15.02	14.50	14.95	1110140	16403992.00
2018/05/04	14.82	15.16	14.74	15.10	1619578	24379140.00
2018/05/07	15.09	15.84	15.09	15.83	3673648	57203272.00
2018/05/08	15.73	15.97	15.59	15.94	2795370	44135912.00
2018/05/09	15.99	16.66	15.98	16.17	5485218	89364408.00
2018/05/10	16.17	16.39	15.88	16.05	3436881	55250768.00
2018/05/11	16.20	16.60	16.04	16.42	5406908	88723928.00
2018/05/14	16.43	16.46	15.72	15.97	3249963	52284704.00
2018/05/15	15.98	16.85	15.76	16.78	4264395	69746144.00
2018/05/16	16.55	16.94	16.47	16.60	3762917	62850128.00
2018/05/17	16.60	17.70	16.52	16.98	5396280	92256768.00
2018/05/18	17.06	17.95	16.83	16.95	6958435	119631168.00
2018/05/21	16.64	17.17	16.52	16.98	5514036	93052280.00
2018/05/22	16.80	17.09	16.62	16.85	4039138	67893072.00
2018/05/23	16.76	16.88	16.16	16.27	3753881	62015140.00
2018/05/24	16.28	17.80	16.23	17.48	8273116	141775520.00
2018/05/25	17.29	17.63	17.03	17.28	5891581	101701200.00
2018/05/28	17.19	17.45	16.60	16.68	4419164	75403680.00
2018/05/29	16.60	17.10	16.59	16.72	3077459	51911696.00
2018/05/30	16.60	16.60	15.42	15.61	3920399	62333052.00
2018/05/31	15.83	16.19	15.70	16.07	2050122	32678046.00
2018/06/01	15.96	16.60	15.86	16.44	3289694	53645100.00
2018/06/04	16.61	16.65	16.03	16.33	1994663	32506988.00
2018/06/05	16.29	17.08	16.15	17.04	3442083	57718220.00
2018/06/06	16.95	17.22	16.81	17.19	3125183	53141492.00
2018/06/07	17.20	17.20	16.71	16.91	2485312	42004052.00
2018/06/08	16.73	16.85	16.24	16.45	2177816	35878464.00
2018/06/11	16.32	16.56	16.23	16.41	1147404	18838324.00
2018/06/12	16.47	16.49	15.86	16.42	1641204	26666632.00
2018/06/13	16.27	16.50	15.88	15.93	1891446	30575894.00
2018/06/14	15.95	16.26	15.90	16.02	1332430	21469752.00
2018/06/15	16.00	16.16	15.39	15.49	1966147	30666798.00
2018/06/19	15.29	15.29	13.94	14.13	2381788	34648320.00
2018/06/20	14.13	14.60	13.56	14.49	1582695	22766336.00
2018/06/21	14.33	14.85	14.22	14.32	1702131	24676724.00
2018/06/22	14.16	14.75	14.05	14.63	1345060	19480820.00
2018/06/25	14.74	14.87	14.43	14.53	1141029	16682441.00
2018/06/26	14.16	14.74	14.15	14.68	1308532	19059028.00
2018/06/27	14.80	14.80	14.52	14.71	1485212	21793412.00
2018/06/28	15.30	16.18	15.17	15.30	3701518	57696864.00
2018/06/29	15.00	15.63	15.00	15.57	2513838	38781264.00
2018/07/02	15.46	15.74	15.31	15.56	1756257	27217806.00
2018/07/03	15.58	15.79	15.00	15.71	2175471	33544544.00
2018/07/04	15.69	15.69	15.15	15.25	1216607	18627962.00
2018/07/05	15.33	15.34	14.66	14.70	1224700	18402850.00
2018/07/06	14.88	15.08	14.40	14.86	1149515	17051526.00
2018/07/09	14.87	15.28	14.87	15.25	1026357	15559440.00
2018/07/10	15.30	15.69	15.24	15.66	1999765	31069936.00
2018/07/11	15.37	15.52	15.11	15.40	2067972	31708260.00
2018/07/12	15.38	15.97	15.30	15.89	2270922	35840656.00
2018/07/13	15.96	16.32	15.75	16.27	2994104	48207264.00
2018/07/16	16.14	16.25	16.02	16.19	1333894	21519100.00
2018/07/17	16.20	16.48	16.10	16.32	1983902	32343820.00
2018/07/18	16.45	16.45	15.86	15.91	1732992	27982072.00
2018/07/19	15.91	16.15	15.85	16.01	1364968	21884082.00
2018/07/20	16.00	16.61	15.95	16.56	2305602	37715876.00
2018/07/23	16.42	16.69	16.36	16.64	2038808	33739620.00
2018/07/24	16.66	16.69	16.46	16.65	2242630	37231636.00
2018/07/25	16.64	16.75	16.42	16.43	1410700	23391904.00
2018/07/26	16.36	16.57	16.08	16.15	1512835	24521238.00
2018/07/27	16.04	16.27	16.04	16.18	734422	11883654.00
2018/07/30	16.24	16.24	15.76	16.05	949126	15177097.00
2018/07/31	16.04	16.15	15.93	16.11	719155	11551541.00
2018/08/01	16.07	16.57	16.04	16.14	1650890	26942226.00
2018/08/02	16.12	16.12	14.96	15.20	2249162	34289784.00
2018/08/03	15.19	15.46	15.07	15.21	993600	15174643.00
2018/08/06	14.96	15.50	14.82	15.21	1193493	18218264.00
2018/08/07	15.35	15.64	15.22	15.35	1718829	26489560.00
2018/08/08	15.35	15.64	15.30	15.49	1253551	19445066.00
2018/08/09	15.41	15.79	15.15	15.60	1383744	21498018.00
2018/08/10	15.51	15.62	15.32	15.53	822951	12723334.00
2018/08/13	15.39	15.45	15.06	15.34	986245	15036794.00
2018/08/14	15.33	15.48	15.18	15.43	910277	13947455.00
2018/08/15	15.48	15.48	15.09	15.19	879218	13396300.00
2018/08/16	15.22	15.25	14.80	15.10	704290	10611154.00
2018/08/17	15.15	15.30	14.06	14.35	1624402	23869312.00
2018/08/20	14.34	14.55	14.06	14.29	614093	8748505.00
2018/08/21	14.30	14.57	14.30	14.50	823628	11916832.00
2018/08/22	14.55	14.69	14.30	14.34	519885	7536560.00
2018/08/23	14.42	14.63	14.34	14.52	490600	7123353.00
2018/08/24	14.65	14.90	14.42	14.80	717094	10534694.00
2018/08/27	15.00	15.09	14.71	14.97	752173	11231288.00
2018/08/28	14.98	15.31	14.94	15.25	1085279	16440949.00
2018/08/29	15.25	15.37	15.05	15.25	668290	10196095.00
2018/08/30	15.15	15.50	15.15	15.40	1342755	20672018.00
2018/08/31	15.36	15.58	15.22	15.49	1098452	16953548.00
2018/09/03	15.13	15.45	14.95	15.20	895727	13529317.00
2018/09/04	15.03	15.41	15.03	15.18	639224	9757546.00
2018/09/05	15.08	15.68	15.03	15.32	886969	13694271.00
2018/09/06	15.26	15.38	15.07	15.12	571600	8678267.00
2018/09/07	15.12	15.39	14.91	15.01	776198	11745515.00
2018/09/10	14.91	15.18	14.78	15.00	693868	10369758.00
2018/09/11	15.07	15.07	14.68	14.93	750454	11153911.00
2018/09/12	14.84	15.00	14.83	14.84	317199	4726121.00
2018/09/13	14.94	15.08	14.81	15.05	438190	6553210.00
2018/09/14	14.96	15.03	14.64	14.80	707870	10490401.00
2018/09/17	14.70	14.85	14.52	14.67	649600	9489647.00
2018/09/18	14.52	14.85	14.38	14.79	718290	10466873.00
2018/09/19	14.75	14.95	14.60	14.84	578600	8542442.00
2018/09/20	14.73	14.84	14.66	14.71	425033	6268523.00
2018/09/21	14.72	14.90	14.60	14.84	517100	7638087.00
2018/09/25	14.82	15.00	14.79	14.93	487806	7263447.00
2018/09/26	14.98	15.08	14.85	15.05	752355	11295221.00
2018/09/27	15.07	15.08	14.79	14.83	596216	8879276.00
2018/09/28	14.95	15.30	14.94	15.13	816519	12380451.00
2018/10/08	14.80	15.14	14.68	14.87	732700	10873706.00
2018/10/09	14.90	15.40	14.88	15.39	1306962	19873258.00
2018/10/10	15.41	15.48	15.18	15.29	897867	13737194.00
2018/10/11	14.92	15.12	13.98	14.09	1454219	21173304.00
2018/10/12	14.09	14.25	13.42	14.17	1012492	14098628.00
2018/10/15	14.13	14.32	13.70	13.80	891861	12438397.00
2018/10/16	13.90	13.97	13.62	13.72	442400	6111488.00
2018/10/17	13.98	14.06	13.31	13.37	918932	12429415.00
2018/10/18	13.45	13.45	12.09	12.15	1747979	21826162.00
2018/10/19	11.80	12.35	11.68	12.24	1080100	12982293.00
2018/10/22	12.26	12.95	12.26	12.78	1238808	15740348.00
2018/10/23	13.05	13.52	13.05	13.14	2034447	26991144.00
2018/10/24	12.98	13.43	12.91	13.36	1358893	17969758.00
2018/10/25	12.97	13.90	12.88	13.70	1605358	21680080.00
2018/10/26	13.72	13.88	13.49	13.75	1046927	14343286.00
2018/10/29	13.72	13.93	13.50	13.71	862442	11845442.00
2018/10/30	13.61	13.85	13.60	13.71	603706	8301655.00
2018/10/31	13.72	14.70	13.72	14.33	1545934	22161832.00
2018/11/01	14.34	14.75	14.34	14.48	1213187	17688328.00
2018/11/02	14.80	14.80	14.51	14.68	832313	12217154.00
2018/11/05	14.80	14.93	14.46	14.62	937324	13760377.00
2018/11/06	14.81	14.95	14.57	14.77	788986	11670926.00
2018/11/07	14.77	15.00	14.72	14.84	742648	11055241.00
2018/11/08	14.82	15.00	14.61	14.61	560100	8329725.00
2018/11/09	14.68	14.97	14.55	14.85	723985	10720514.00
2018/11/12	14.67	14.99	14.62	14.96	1094982	16237231.00
2018/11/13	14.77	15.36	14.74	15.18	1133591	17243014.00
2018/11/14	15.18	15.34	14.86	14.90	1447256	21679396.00
2018/11/15	14.90	15.37	14.89	15.33	1379805	20952980.00
2018/11/16	15.50	15.50	15.16	15.32	1337174	20543588.00
2018/11/19	15.54	15.58	15.16	15.35	1627327	25038780.00
2018/11/20	15.38	15.54	15.20	15.29	1226001	18859518.00
2018/11/21	15.20	15.27	14.88	15.12	1138649	17145652.00
2018/11/22	15.18	15.50	15.11	15.16	1034800	15827652.00
2018/11/23	15.13	15.31	14.67	15.13	1307944	19652716.00
2018/11/26	15.06	15.17	14.55	14.64	1210017	17950684.00
2018/11/27	14.84	14.92	14.65	14.80	709158	10516764.00
2018/11/28	14.82	15.09	14.58	15.08	798288	11888762.00
2018/11/29	15.14	15.40	14.61	14.99	980479	14798439.00
2018/11/30	14.81	14.99	14.62	14.86	768100	11362627.00
2018/12/03	15.08	15.47	15.08	15.38	1240300	19009332.00
2018/12/04	15.40	15.57	15.27	15.56	1163384	18021764.00
2018/12/05	15.45	15.79	15.31	15.54	1166300	18138920.00
2018/12/06	15.38	15.62	15.35	15.52	793377	12289302.00
2018/12/07	15.54	15.72	15.28	15.40	744900	11507718.00
2018/12/10	15.39	15.45	15.25	15.41	555202	8544107.00
2018/12/11	15.55	15.55	15.34	15.47	489260	7549065.00
2018/12/12	15.49	15.49	15.34	15.41	430200	6640715.00
2018/12/13	15.47	15.66	15.09	15.58	1530067	23565560.00
2018/12/14	15.61	15.62	15.36	15.45	694271	10748629.00
2018/12/17	15.67	15.67	15.02	15.13	849100	12916174.00
2018/12/18	15.04	15.15	14.77	14.98	746894	11146494.00
2018/12/19	14.97	15.00	14.68	14.99	458817	6806244.00
2018/12/20	14.98	15.06	14.75	14.95	597948	8903327.00
2018/12/21	14.90	15.08	14.70	14.80	500880	7442944.00
2018/12/24	14.72	14.91	14.70	14.91	419900	6217864.00
2018/12/25	14.85	14.85	14.50	14.81	714735	10479104.00
2018/12/26	14.80	14.91	14.74	14.87	536193	7958427.00
2018/12/27	14.98	15.16	14.79	14.89	747200	11145307.00
2018/12/28	14.89	15.38	14.70	15.30	941600	14106558.00
2019/01/02	15.29	16.83	15.27	15.55	1770038	27438644.00
2019/01/03	15.25	16.48	15.22	16.15	2752316	43483176.00
2019/01/04	16.02	16.62	15.92	16.40	3065931	49622432.00
2019/01/07	16.29	17.75	16.29	17.18	4344430	74128544.00
2019/01/08	17.18	17.18	16.74	16.96	1889474	31969110.00
2019/01/09	16.96	17.25	16.69	17.00	2280319	38640256.00
2019/01/10	17.53	17.53	16.81	17.00	1678327	28677482.00
2019/01/11	17.00	17.10	16.70	17.02	1981132	33466994.00
2019/01/14	17.02	17.36	16.84	17.07	1985759	33908940.00
2019/01/15	17.10	17.20	16.97	17.16	1559366	26688046.00
2019/01/16	17.00	18.54	16.98	17.31	2759138	47610304.00
2019/01/17	17.31	17.55	16.90	16.99	1735806	29721752.00
2019/01/18	17.00	17.31	16.66	16.69	1954700	32933030.00
2019/01/21	16.80	16.90	16.70	16.78	1447500	24282174.00
2019/01/22	16.87	16.87	16.56	16.70	1471300	24587664.00
2019/01/23	16.87	16.87	16.50	16.67	1197900	19963622.00
2019/01/24	16.80	17.88	16.71	16.85	2648936	45240640.00
2019/01/25	16.75	16.97	16.61	16.67	1573300	26327552.00
2019/01/28	16.85	16.90	16.48	16.54	1707419	28411912.00
2019/01/29	16.60	16.60	16.02	16.20	1394319	22576462.00
2019/01/30	16.19	16.20	16.01	16.19	974336	15696384.00
2019/01/31	15.98	16.19	15.87	16.17	1651500	26461520.00
2019/02/01	16.21	16.88	16.21	16.60	2019500	33286792.00
2019/02/11	16.65	16.88	16.51	16.88	1814193	30292268.00
2019/02/12	16.88	17.38	16.84	17.02	1389160	23626116.00
2019/02/13	17.02	17.20	16.76	16.88	2909695	49024856.00
2019/02/14	16.90	16.90	16.60	16.73	2337995	39074044.00
2019/02/15	16.73	17.35	16.72	16.91	2216900	37438520.00
2019/02/18	16.91	17.28	16.83	17.26	3284022	55971064.00
2019/02/19	17.30	18.15	17.21	17.48	3940042	69087680.00
2019/02/20	17.51	17.51	17.05	17.22	2064114	35543716.00
2019/02/21	17.21	17.34	17.06	17.32	2425693	41693032.00
2019/02/22	17.32	17.72	17.23	17.46	2325400	40430024.00
2019/02/25	17.46	18.10	17.35	18.06	5749196	101876904.00
2019/02/26	18.50	18.58	17.80	17.95	5097560	91938560.00
2019/02/27	18.11	18.11	17.66	17.99	4699620	83790744.00
2019/02/28	18.35	18.35	17.18	17.34	4968400	88095040.00
2019/03/01	17.10	17.14	16.67	16.78	3472159	58462444.00
2019/03/04	16.65	17.25	16.65	17.06	3645760	62099808.00
2019/03/05	17.01	17.17	16.90	17.07	2819539	48159320.00
2019/03/06	17.33	17.38	16.91	17.33	3337054	57505984.00
2019/03/07	17.44	18.32	17.28	18.15	6749139	120110032.00
2019/03/08	17.70	18.19	17.51	17.87	5564475	99462112.00
2019/03/11	17.85	19.18	17.84	19.14	8145820	151714960.00
2019/03/12	19.08	19.16	18.60	18.94	6251784	117972320.00
2019/03/13	18.92	18.92	18.15	18.44	3839598	71199544.00
2019/03/14	18.40	18.44	17.51	17.66	2906403	52126944.00
2019/03/15	17.68	17.95	17.65	17.83	1986298	35337728.00
2019/03/18	17.31	17.80	17.30	17.70	3943532	69014792.00
2019/03/19	17.77	17.98	17.71	17.92	2405600	42949496.00
2019/03/20	17.84	17.97	17.45	17.77	2341364	41537108.00
2019/03/21	17.83	17.98	17.55	17.85	2622657	46602528.00
2019/03/22	18.00	18.50	17.85	18.40	4251966	77310464.00
2019/03/25	18.03	18.64	18.00	18.46	2906567	53299012.00
2019/03/26	18.39	18.66	17.70	17.75	3304515	59683352.00
2019/03/27	17.75	18.36	17.66	18.36	3146158	56621084.00
2019/03/28	18.37	19.16	18.25	18.80	5815338	109419688.00
2019/03/29	18.85	20.24	18.58	19.87	7562780	146874096.00
2019/04/01	20.00	20.57	19.90	20.40	7057928	142751168.00
2019/04/02	20.42	22.21	20.20	21.40	8381448	177291280.00
2019/04/03	21.40	23.54	21.25	23.54	9238218	208460160.00
2019/04/04	25.01	25.89	24.86	25.89	15070995	386301280.00
2019/04/08	28.48	28.48	28.48	28.48	4040463	115072384.00
2019/04/09	28.48	31.33	27.48	31.33	22365127	669109504.00
2019/04/10	30.21	33.70	29.60	31.13	22235509	697764032.00
2019/04/11	29.40	29.80	28.02	28.02	12179361	348300128.00
2019/04/12	27.16	28.01	25.22	25.22	13628809	357765920.00
2019/04/15	25.25	25.53	24.43	24.74	12352206	307823776.00
2019/04/16	24.63	25.04	24.28	24.98	8429969	208680320.00
2019/04/17	25.01	26.32	24.69	25.28	15646761	397249536.00
2019/04/18	24.68	25.87	24.25	25.00	11279826	282340736.00
2019/04/19	24.80	24.80	23.58	24.23	10428067	250601488.00
2019/04/22	24.33	24.50	23.60	23.62	7255208	174267072.00
2019/04/23	23.62	23.74	22.64	22.89	7644761	175936608.00
2019/04/24	22.97	23.28	22.77	23.19	5493000	126495576.00
2019/04/25	23.08	23.10	21.85	21.93	6312165	141580160.00
2019/04/26	21.92	22.34	21.80	21.95	4482118	98927064.00
2019/04/29	22.06	22.60	21.68	21.93	6364321	141190608.00
2019/04/30	21.97	22.11	20.52	21.25	7668251	162105792.00
2019/05/06	20.55	20.55	19.13	19.13	7295228	142977312.00
2019/05/07	19.19	19.53	19.05	19.40	4400070	84921064.00
2019/05/08	18.86	19.96	18.63	19.52	4800681	93377664.00
2019/05/09	19.48	19.74	19.15	19.31	3459182	67363176.00
2019/05/10	19.63	19.89	18.97	19.89	7150943	140204992.00
2019/05/13	19.80	19.80	19.12	19.34	5451859	105902768.00
2019/05/14	18.87	19.52	18.77	19.20	5610931	108013232.00
2019/05/15	19.55	20.34	19.17	19.98	9675289	190868992.00
2019/05/16	19.65	19.65	18.82	19.11	7341327	140813184.00
2019/05/17	19.20	19.22	17.61	18.03	8493826	155907360.00
2019/05/20	17.87	18.33	17.02	18.31	5940830	105255168.00
2019/05/21	18.01	18.66	18.01	18.46	4424594	81597440.00
2019/05/22	18.50	18.71	17.99	18.20	3707957	67916848.00
2019/05/23	18.30	18.30	17.75	17.89	2781000	50058264.00
2019/05/24	17.75	18.19	17.73	18.01	2956430	53092056.00
2019/05/27	18.12	18.95	17.85	18.66	4169662	76868472.00
2019/05/28	18.66	18.83	18.39	18.55	3782362	70505408.00
2019/05/29	18.46	18.80	18.38	18.51	3210366	59831456.00
2019/05/30	18.45	18.58	17.90	18.18	2967963	53923592.00
2019/05/31	18.30	18.59	17.86	17.90	3507500	63747824.00
2019/06/03	17.97	17.97	17.00	17.05	4340100	75213688.00
2019/06/04	17.09	17.36	16.85	17.06	3146300	53690448.00
2019/06/05	17.25	17.33	16.85	17.28	3588100	61446944.00
2019/06/06	17.29	17.29	16.69	16.97	2504800	42505960.00
2019/06/10	17.08	17.16	16.81	17.16	2650700	45166176.00
2019/06/11	17.19	17.77	17.07	17.73	4733113	82809984.00
2019/06/12	17.54	17.73	17.20	17.41	4617625	80437944.00
2019/06/13	17.42	17.68	17.28	17.55	2959700	51812868.00
2019/06/14	17.58	17.78	16.80	16.80	3419400	59067848.00
2019/06/17	16.98	17.06	16.71	16.85	1658600	28020912.00
2019/06/18	16.94	17.04	16.76	16.90	1362600	23038512.00
2019/06/19	17.33	17.54	17.05	17.15	3161812	54735592.00
2019/06/20	17.22	17.54	17.05	17.50	3500400	60761496.00
2019/06/21	17.70	17.85	17.41	17.72	3809919	67312552.00
2019/06/24	17.76	17.83	17.56	17.80	2404638	42527272.00
2019/06/25	17.76	17.77	17.18	17.33	2577953	44893904.00
2019/06/26	17.37	18.19	17.26	18.06	4886741	87050456.00
2019/06/27	18.04	18.77	17.84	18.76	7300157	133402472.00
2019/06/28	18.84	19.28	18.38	18.42	7585900	142527888.00
2019/07/01	18.77	19.26	18.43	19.16	7220200	136448432.00
2019/07/02	18.91	19.26	18.70	18.81	5359605	101536112.00
2019/07/03	18.71	18.71	18.27	18.38	3333926	61392536.00
2019/07/04	18.33	18.49	17.92	18.10	2719064	49427140.00
2019/07/05	18.04	18.38	17.96	18.22	2325237	42378480.00
2019/07/08	18.21	18.21	16.99	17.05	3966886	68682056.00
2019/07/09	16.96	17.19	16.90	17.08	1645666	28041860.00
2019/07/10	17.18	17.18	16.30	16.49	2866712	47892968.00
2019/07/11	16.70	17.09	16.60	16.83	3708500	62685980.00
2019/07/12	16.83	17.35	16.83	16.97	2554915	43608536.00
2019/07/15	16.96	17.29	16.50	17.20	2425815	41302584.00
2019/07/16	17.25	17.33	17.01	17.10	1742300	29821032.00
2019/07/17	17.11	17.68	16.95	17.48	3187216	55417324.00
2019/07/18	17.30	17.48	16.95	17.01	2447199	41754032.00
2019/07/19	17.00	17.24	17.00	17.05	1470600	25158448.00
2019/07/22	17.08	17.35	16.51	17.28	3253527	55283452.00
2019/07/23	17.31	18.86	17.18	18.39	6096396	110107392.00
2019/07/24	18.46	18.99	18.30	18.91	6860782	128191720.00
2019/07/25	18.95	19.37	18.72	19.13	6099322	116564704.00
2019/07/26	19.15	21.04	19.01	21.04	10152296	205830848.00
2019/07/29	21.20	22.43	20.62	20.75	14353643	309354528.00
2019/07/30	20.75	21.49	20.62	20.95	8250017	173489040.00
2019/07/31	20.90	21.24	20.67	20.85	5871166	122944144.00
2019/08/01	20.47	22.01	20.47	21.46	5982653	126830520.00
2019/08/02	20.83	21.95	20.75	21.53	5613001	120185344.00
2019/08/05	21.53	21.70	20.80	20.91	3625700	76469608.00
2019/08/06	20.50	21.50	19.50	21.05	4621428	95206896.00
2019/08/07	21.28	21.88	20.88	20.88	3910000	83039208.00
2019/08/08	20.77	21.11	20.40	20.68	3094471	63978852.00
2019/08/09	20.54	21.19	20.00	20.23	2936500	60157188.00
2019/08/12	20.41	20.59	20.18	20.39	1648743	33532196.00
2019/08/13	20.50	20.50	20.01	20.25	1530189	30855238.00
2019/08/14	20.47	21.49	20.19	21.38	4617754	96784592.00
2019/08/15	20.80	21.40	20.66	21.30	3339900	70432080.00
2019/08/16	21.14	22.22	21.11	22.10	5924108	129737584.00
2019/08/19	22.75	22.89	21.75	22.07	5455107	120923504.00
2019/08/20	21.92	22.08	21.25	21.31	5307039	114736480.00
2019/08/21	21.30	21.49	21.10	21.48	2220464	47365864.00
2019/08/22	21.40	21.60	21.11	21.40	1710464	36369592.00
2019/08/23	21.40	21.48	21.15	21.44	1625400	34670344.00
2019/08/26	20.60	21.05	20.49	20.60	2000964	41597732.00
2019/08/27	20.69	20.94	20.69	20.83	1246900	25958404.00
2019/08/28	20.86	21.22	20.48	20.65	1334629	27652614.00
2019/08/29	20.65	20.78	20.38	20.57	1016758	20915084.00
2019/08/30	20.57	20.83	19.85	19.90	2253472	45523128.00
2019/09/02	19.90	20.69	19.72	20.67	2043372	41692968.00
2019/09/03	20.64	20.69	20.38	20.59	1050625	21583542.00
2019/09/04	20.79	20.81	20.30	20.58	1415896	29025420.00
2019/09/05	20.60	20.95	20.45	20.62	1779872	36858372.00
2019/09/06	20.62	20.87	20.58	20.70	1496820	30996008.00
2019/09/09	21.20	21.20	20.80	21.10	1890300	39628288.00
2019/09/10	21.07	22.10	21.00	22.00	3481800	75882816.00
2019/09/11	22.10	22.50	21.80	22.01	3833796	84908224.00
2019/09/12	22.08	23.83	22.08	23.10	6687663	153401648.00
2019/09/16	23.02	23.78	22.61	22.83	3536329	81264408.00
2019/09/17	22.83	23.18	22.38	22.75	3094999	70511376.00
2019/09/18	22.86	22.98	22.38	22.76	2563200	58245708.00
2019/09/19	22.87	22.96	22.52	22.57	2831664	64179696.00
2019/09/20	22.73	22.90	22.51	22.65	2354799	53472048.00
2019/09/23	22.76	23.78	22.50	23.43	4753984	110379040.00
2019/09/24	23.24	24.40	23.22	23.35	4875964	115641704.00
2019/09/25	23.40	23.83	22.88	22.88	2587235	60018940.00
2019/09/26	22.85	23.55	22.00	22.73	3776804	86471288.00
2019/09/27	22.90	23.09	22.25	22.34	2114700	47760124.00
2019/09/30	22.51	22.98	21.86	21.86	2927700	65541496.00
2019/10/08	21.90	22.35	21.51	21.85	1885300	41277932.00
2019/10/09	21.63	21.98	21.34	21.86	1262910	27325236.00
2019/10/10	22.00	22.30	21.70	22.25	1385700	30480004.00
2019/10/11	22.21	22.40	21.80	22.00	1359046	29932288.00
2019/10/14	22.43	22.48	22.13	22.24	1696040	37832444.00
2019/10/15	22.04	22.42	22.04	22.28	1142300	25442192.00
2019/10/16	22.22	22.41	21.92	22.36	1177100	26078348.00
2019/10/17	22.30	23.96	22.22	23.95	3837504	89863664.00
2019/10/18	23.96	24.35	23.60	24.09	3028941	72514112.00
2019/10/21	24.20	24.20	23.06	23.18	1797300	42129144.00
2019/10/22	23.28	23.68	22.82	23.55	1775346	41337464.00
2019/10/23	23.88	23.89	23.21	23.51	1066100	24997986.00
2019/10/24	23.30	23.59	23.30	23.50	626164	14696786.00
2019/10/25	23.95	23.95	23.35	23.45	806200	18999142.00
2019/10/28	23.45	23.95	23.39	23.93	1577645	37345612.00
2019/10/29	24.18	24.18	23.63	23.90	1398800	33338158.00
2019/10/30	23.90	24.10	23.08	23.37	1252658	29333520.00
2019/10/31	23.06	23.48	22.61	22.64	1271135	29325174.00
2019/11/01	22.45	22.80	22.31	22.55	1318743	29732856.00
2019/11/04	22.55	23.36	22.44	23.08	1318200	30403382.00
2019/11/05	23.05	23.97	23.01	23.81	1847427	43765952.00
2019/11/06	24.00	24.14	23.30	23.40	1173705	27595220.00
2019/11/07	23.31	23.75	22.91	23.19	1193435	27783652.00
2019/11/08	23.20	23.39	22.70	22.73	1032635	23746294.00
2019/11/11	22.64	22.90	22.36	22.58	868600	19674640.00
2019/11/12	22.27	22.63	20.50	22.03	1673095	36677600.00
2019/11/13	22.39	22.39	21.51	21.80	659400	14394262.00
2019/11/14	21.98	21.98	20.90	21.31	1316000	28053384.00
2019/11/15	21.31	21.58	20.67	21.38	976898	20570390.00
2019/11/18	21.02	21.32	20.30	21.19	1681915	34931968.00
2019/11/19	21.18	21.40	20.60	21.15	1632064	34224580.00
2019/11/20	21.06	21.50	20.80	21.49	1133898	24143452.00
2019/11/21	21.50	22.41	21.26	22.26	1371733	29990306.00
2019/11/22	22.27	23.64	22.27	23.35	2739873	63258784.00
2019/11/25	23.35	23.88	23.35	23.68	2324915	54878112.00
2019/11/26	23.80	23.85	23.02	23.20	1810705	42295364.00
2019/11/27	23.32	23.37	22.95	23.19	1206100	27993020.00
2019/11/28	23.02	23.35	22.83	23.11	1106000	25562700.00
2019/11/29	22.77	23.25	22.40	22.57	1241500	28135046.00
2019/12/02	23.00	23.00	21.80	22.09	1182519	26382914.00
2019/12/03	22.08	22.29	21.38	21.41	1171250	25340832.00
2019/12/04	21.40	22.20	21.40	22.12	1162235	25373660.00
2019/12/05	22.13	22.88	21.71	22.70	1391400	31480106.00
2019/12/06	22.65	23.12	22.25	22.44	1765339	39898344.00
2019/12/09	22.40	22.87	22.40	22.62	1085900	24603358.00
2019/12/10	22.62	22.74	22.00	22.10	1420435	31578842.00
2019/12/11	22.12	22.32	21.72	21.92	697507	15328267.00
2019/12/12	21.92	21.92	21.48	21.50	887600	19201384.00
2019/12/13	21.50	21.80	21.48	21.66	1100436	23825200.00
2019/12/16	21.76	22.07	21.56	21.98	1554631	33978876.00
2019/12/17	22.20	23.13	22.00	23.00	2924266	66358564.00
2019/12/18	23.15	23.58	22.94	23.14	2693716	62575064.00
2019/12/19	23.18	23.58	23.10	23.23	1820984	42465256.00
2019/12/20	23.44	23.45	22.80	23.23	2126600	49261216.00
2019/12/23	23.01	23.71	22.95	23.65	2248875	52736312.00
2019/12/24	23.64	23.75	23.11	23.67	2535457	59424136.00
2019/12/25	23.70	23.85	23.50	23.65	1670900	39511368.00
2019/12/26	23.65	23.78	23.01	23.58	1435125	33749440.00
2019/12/27	23.56	23.90	23.42	23.55	1765900	41693608.00
2019/12/30	23.55	25.91	23.43	25.91	5563008	139621936.00
2019/12/31	26.32	28.47	26.06	26.50	8239174	222197088.00
2020/01/02	25.10	26.78	25.10	26.55	5972298	155216368.00
2020/01/03	26.28	27.75	26.01	26.86	4786736	127747304.00
2020/01/06	26.60	27.70	26.40	26.98	3838840	103630744.00
2020/01/07	26.85	27.28	26.40	26.61	2812679	75172680.00
2020/01/08	26.54	26.65	25.82	26.10	2419290	63456624.00
2020/01/09	26.23	26.65	26.12	26.36	1980038	52219096.00
2020/01/10	26.16	26.50	26.16	26.32	1250150	32908572.00
2020/01/13	26.23	26.71	26.19	26.37	1638904	43215984.00
2020/01/14	26.12	26.40	25.58	26.14	2558735	66474412.00
2020/01/15	25.92	26.01	25.60	25.81	1222900	31536068.00
2020/01/16	25.94	26.14	25.00	25.38	1618500	41512056.00
2020/01/17	25.60	25.60	25.02	25.06	1354800	34202792.00
2020/01/20	25.17	25.43	24.60	24.83	1463664	36320624.00
2020/01/21	24.91	25.30	24.55	24.60	2047890	51164336.00
2020/01/22	24.54	25.88	24.52	25.45	2380748	60425628.00
2020/01/23	25.50	25.55	24.43	24.61	1830300	45782052.00
2020/02/03	22.15	22.15	22.15	22.15	129000	2857350.00
2020/02/04	19.94	21.68	19.94	20.86	2804115	58071156.00
2020/02/05	21.34	21.90	20.73	21.60	1953436	41816464.00
2020/02/06	21.50	21.98	21.20	21.74	1814900	39211696.00
2020/02/07	21.83	21.83	21.31	21.76	1134700	24449396.00
2020/02/10	21.50	22.12	21.30	22.09	1212300	26463844.00
2020/02/11	22.13	22.77	21.85	22.41	1369050	30648296.00
2020/02/12	22.33	22.82	22.08	22.81	1196100	27064924.00
2020/02/13	22.89	23.42	22.61	22.84	1788000	41195796.00
2020/02/14	23.00	23.14	22.75	23.01	1235900	28335472.00
2020/02/17	23.00	24.19	23.00	23.99	2246679	53274360.00
2020/02/18	24.11	25.79	24.11	25.29	2599124	64833596.00
2020/02/19	25.27	25.58	25.05	25.10	1815200	45872184.00
2020/02/20	25.10	26.00	24.86	25.60	2836100	72322240.00
2020/02/21	25.61	26.16	25.50	26.00	2107500	54513576.00
2020/02/24	25.87	26.15	25.58	25.79	1924480	49723652.00
2020/02/25	25.20	25.77	24.69	25.69	2414919	60607068.00
2020/02/26	25.10	25.48	24.56	24.63	1833100	45464384.00
2020/02/27	24.62	24.92	24.45	24.67	1113100	27420248.00
2020/02/28	24.39	24.49	23.50	23.50	1532200	36558752.00
2020/03/02	23.76	25.44	23.75	25.12	2233130	55782268.00
2020/03/03	25.50	25.80	25.25	25.45	1684503	42925952.00
2020/03/04	25.18	27.82	25.18	27.76	4254380	114845056.00
2020/03/05	27.76	28.39	27.28	27.88	3500031	97622888.00
2020/03/06	27.99	27.99	27.20	27.55	1628150	44727244.00
2020/03/09	27.18	28.69	26.94	27.39	2520100	69747408.00
2020/03/10	26.90	27.27	26.00	27.06	2180310	58365116.00
2020/03/11	27.05	27.35	26.40	26.59	1235129	32977256.00
2020/03/12	26.15	26.68	25.82	26.38	1271750	33431928.00
2020/03/13	25.20	26.87	24.67	26.78	2022481	52430480.00
2020/03/16	26.96	28.28	26.94	28.04	3364864	92694416.00
2020/03/17	28.04	29.90	27.00	29.86	6464561	184651072.00
2020/03/18	29.76	29.76	28.30	28.50	4113736	120095800.00
2020/03/19	28.65	29.76	28.07	29.54	2861393	83065248.00
2020/03/20	30.00	30.70	28.82	29.17	2942893	86726280.00
2020/03/23	29.12	29.79	27.02	28.22	2083044	60230536.00
2020/03/24	28.85	28.90	27.45	28.72	1964400	55654588.00
2020/03/25	29.17	29.49	28.40	28.90	2434900	70600248.00
2020/03/26	28.90	28.95	27.90	28.56	1203500	34302492.00
2020/03/27	28.80	28.80	28.00	28.00	1102600	31118842.00
2020/03/30	27.96	28.80	26.90	28.50	1478709	41191004.00
2020/03/31	28.55	29.27	28.51	28.98	1383400	40141836.00
2020/04/01	29.27	31.84	29.18	31.48	6115654	187020352.00
2020/04/02	30.70	31.80	30.56	31.00	3011850	93584424.00
2020/04/03	31.03	31.25	30.34	30.78	1987200	60972216.00
2020/04/07	31.10	31.30	30.78	31.10	2628500	81779120.00
2020/04/08	31.21	32.52	31.13	31.94	2834500	90335088.00
2020/04/09	31.90	32.80	31.86	32.52	3571145	115902928.00
2020/04/10	32.52	32.79	31.15	31.85	2288627	72340896.00
2020/04/13	31.82	33.10	31.51	32.25	2764350	89336120.00
2020/04/14	32.57	32.90	32.13	32.90	2666715	87072456.00
2020/04/15	33.38	33.70	31.99	32.87	3032365	99232608.00
2020/04/16	32.50	33.80	30.81	31.12	5459595	176910672.00
2020/04/17	31.42	32.00	30.50	31.55	4413363	138945568.00
2020/04/20	31.90	33.90	31.80	33.90	6896846	228079456.00
2020/04/21	34.25	35.24	33.91	34.80	5593895	193547136.00
2020/04/22	34.79	34.99	33.35	34.38	6035987	206811520.00
2020/04/23	34.04	34.06	30.94	30.94	2332600	74165560.00
2020/04/24	27.85	27.85	27.85	27.85	1102900	30715764.00
2020/04/27	25.07	27.85	25.07	27.41	7190832	189467440.00
2020/04/28	26.35	28.07	26.32	27.94	4124100	112109464.00
2020/04/29	27.10	28.94	27.10	28.66	2334238	66739340.00
2020/04/30	28.95	28.95	27.80	28.40	3270763	92716464.00
2020/05/06	28.15	28.99	28.12	28.45	2328328	66077224.00
2020/05/07	28.58	29.64	28.55	29.58	1878300	54809900.00
2020/05/08	29.58	30.30	29.58	29.90	1463093	43813104.00
2020/05/11	29.90	30.35	28.40	29.41	2706500	79184544.00
2020/05/12	29.50	29.77	28.85	29.77	1358900	39839008.00
2020/05/13	29.77	29.93	29.46	29.78	1192300	35473912.00
2020/05/14	29.77	30.09	29.60	29.96	968800	28956298.00
2020/05/15	29.98	30.72	29.96	30.47	1730920	52663528.00
2020/05/18	30.40	31.09	30.11	30.97	1842273	56706752.00
2020/05/19	31.12	31.54	30.63	31.25	1827400	56705596.00
2020/05/20	31.31	31.48	30.92	31.41	1836127	57260912.00
2020/05/21	31.40	31.47	30.98	31.35	1782727	55658056.00
2020/05/22	31.37	33.50	28.22	28.22	7063400	215741440.00
2020/05/25	25.40	25.40	25.40	25.40	865200	21976080.00
2020/05/26	16.75	18.97	16.75	18.37	5924254	107386144.00
2020/05/27	18.09	18.27	17.10	17.30	7931908	139667488.00
2020/05/28	17.30	17.49	16.00	16.35	5275471	87121504.00
2020/05/29	16.48	17.20	14.72	17.05	5704680	94091968.00
2020/06/01	17.12	17.85	17.12	17.65	3831054	67396456.00
2020/06/02	17.71	18.45	17.44	17.53	5048520	90013680.00
2020/06/03	17.51	17.64	17.30	17.43	2147360	37542908.00
2020/06/04	17.50	17.77	17.38	17.50	1824600	31889882.00
2020/06/05	17.50	17.57	17.35	17.44	1276260	22272008.00
2020/06/08	17.44	17.65	17.21	17.44	1833599	31949824.00
2020/06/09	17.50	17.94	17.24	17.70	3007640	52933620.00
2020/06/10	17.67	17.70	17.36	17.40	1640460	28625796.00
2020/06/11	17.46	17.99	17.44	17.75	2857240	50641232.00
2020/06/12	17.49	17.72	17.39	17.51	1532520	26862478.00
2020/06/15	17.92	19.10	17.92	18.89	7275962	136209824.00
2020/06/16	18.80	20.15	18.71	19.96	6956661	137936064.00
2020/06/17	20.02	20.86	19.82	20.48	7801740	159078496.00
2020/06/18	20.45	20.92	19.46	20.31	7361740	148144912.00
2020/06/19	20.25	20.45	19.90	20.30	3977200	80162216.00
2020/06/22	20.20	20.54	18.57	18.64	10095935	195575296.00
2020/06/23	18.64	18.88	17.95	18.12	5898228	108670544.00
2020/06/24	18.59	18.63	17.45	17.51	4704939	83388000.00
2020/06/29	17.45	17.56	16.76	16.94	4868672	83001944.00
2020/06/30	17.05	17.26	16.76	16.80	3409260	57863192.00
2020/07/01	16.82	16.94	16.50	16.55	2975920	49444480.00
2020/07/02	16.52	16.72	16.51	16.57	4033640	66846592.00
2020/07/03	16.57	17.26	16.50	17.06	4695299	79233512.00
2020/07/06	17.15	17.93	17.10	17.86	5733139	101529632.00
2020/07/07	17.97	18.06	17.26	17.43	8525189	149738416.00
2020/07/08	17.44	17.67	17.18	17.61	4481796	78111472.00
2020/07/09	17.80	18.47	17.55	18.32	6947764	124684976.00
2020/07/10	18.35	18.62	18.02	18.34	6710531	123476160.00
2020/07/13	18.34	19.00	18.34	18.92	6012066	113030824.00
2020/07/14	19.10	19.11	18.40	18.52	5408880	100935832.00
2020/07/15	18.52	18.59	17.61	17.82	4772511	86059864.00
2020/07/16	17.80	17.94	17.03	17.12	3122980	54448876.00
2020/07/17	17.12	17.34	16.77	17.05	2614605	44544260.00
2020/07/20	17.13	18.19	17.13	18.15	3874461	68981552.00
2020/07/21	18.15	18.40	17.88	18.01	3071903	55448864.00
2020/07/22	18.02	18.09	17.65	17.72	3151891	56396712.00
2020/07/23	17.65	17.90	17.20	17.59	2368159	41452984.00
2020/07/24	17.66	18.20	17.01	17.16	4054376	71420344.00
2020/07/27	17.17	17.25	16.70	16.82	1932170	32612240.00
2020/07/28	16.83	17.26	16.80	16.93	1668035	28290158.00
2020/07/29	16.88	18.62	16.75	18.37	10704561	195042144.00
2020/07/30	19.13	19.49	18.14	18.20	18853961	353845280.00
2020/07/31	17.66	17.95	16.98	17.37	9968222	173049488.00
2020/08/03	17.56	18.85	17.51	18.60	11806057	215897280.00
2020/08/04	18.58	18.59	17.60	17.75	11275520	202028688.00
2020/08/05	17.72	17.99	17.56	17.85	4411985	78550656.00
2020/08/06	17.71	17.84	17.39	17.60	4326035	75991376.00
2020/08/07	17.58	18.05	17.34	17.50	6122510	108007200.00
2020/08/10	17.51	17.62	17.20	17.52	2692860	47024540.00
2020/08/11	17.46	17.61	17.10	17.16	3102180	53844716.00
2020/08/12	17.10	17.21	16.75	17.08	3417710	57781040.00
2020/08/13	17.16	17.25	17.00	17.25	1985020	33983392.00
2020/08/14	17.25	17.42	17.11	17.36	2133420	36882216.00
2020/08/17	17.30	17.62	17.24	17.49	2750940	48017488.00
2020/08/18	17.51	18.36	17.45	18.14	6832202	122616256.00
2020/08/19	18.00	18.14	17.76	17.89	3823762	68479592.00
2020/08/20	17.81	18.10	17.60	17.91	3020500	53984184.00
2020/08/21	17.91	18.07	17.87	18.00	2952700	53049496.00
2020/08/24	18.05	18.05	17.68	17.78	2604032	46335212.00
2020/08/25	17.93	17.93	17.46	17.50	2586980	45670116.00
2020/08/26	17.37	17.45	16.89	17.25	3439160	58823368.00
2020/08/27	17.28	17.35	17.10	17.24	1623940	27924694.00
2020/08/28	17.26	17.27	16.95	17.18	2467760	42086860.00
2020/08/31	17.28	17.53	17.16	17.24	2865360	49552672.00
2020/09/01	17.19	17.32	16.95	17.16	2085292	35600236.00
2020/09/02	17.19	17.37	17.13	17.25	1745263	30088500.00
2020/09/03	17.25	17.25	16.90	16.94	2054620	34982304.00
2020/09/04	16.78	16.94	16.57	16.88	1650157	27696260.00
2020/09/07	16.99	17.09	16.59	16.70	2260740	38045616.00
2020/09/08	16.63	16.74	16.16	16.58	2400041	39562824.00
2020/09/09	16.45	16.50	16.01	16.05	2551940	41410208.00
2020/09/10	16.09	16.23	14.80	15.24	2772700	43375240.00
2020/09/11	15.40	15.63	15.10	15.55	1257677	19348496.00
2020/09/14	15.88	15.88	15.33	15.55	1397720	21739472.00
2020/09/15	15.63	15.99	15.50	15.82	1602616	25356560.00
2020/09/16	15.81	15.98	15.55	15.65	972640	15269686.00
2020/09/17	15.61	15.78	15.35	15.52	968240	15016170.00
2020/09/18	15.56	15.72	15.48	15.69	1005366	15710587.00
2020/09/21	15.75	15.79	15.60	15.69	835940	13120748.00
2020/09/22	15.55	15.68	15.16	15.33	977500	15060531.00
2020/09/23	15.39	15.58	15.25	15.41	683300	10538413.00
2020/09/24	15.39	15.39	14.80	14.88	1829260	27459604.00
2020/09/25	14.83	15.08	14.47	14.49	1150400	16784824.00
2020/09/28	14.54	15.19	14.12	14.75	2424840	35408740.00
2020/09/29	14.75	14.90	14.55	14.59	1122820	16482269.00
2020/09/30	14.77	14.87	14.39	14.47	804600	11728666.00
2020/10/09	14.73	14.96	14.54	14.93	1091100	16189368.00
2020/10/12	15.07	15.29	14.78	15.22	1384182	21009442.00
2020/10/13	15.17	15.38	15.03	15.21	1371020	20777020.00
2020/10/14	15.21	15.45	15.04	15.27	1376100	20944668.00
2020/10/15	15.27	15.28	14.95	15.06	1078580	16315337.00
2020/10/16	15.10	15.13	14.89	14.97	909580	13626560.00
2020/10/19	14.98	15.42	14.98	15.03	1032320	15651702.00
2020/10/20	15.10	15.45	14.80	15.28	1147856	17469060.00
2020/10/21	15.29	15.30	15.05	15.11	644580	9751769.00
2020/10/22	15.18	15.18	14.90	15.04	887760	13357760.00
2020/10/23	15.01	15.20	14.72	14.80	1072751	15998293.00
2020/10/26	14.80	14.92	14.62	14.75	634780	9338408.00
2020/10/27	14.70	14.87	14.54	14.61	721920	10578860.00
2020/10/28	14.66	14.85	14.37	14.71	1121200	16370385.00
2020/10/29	14.54	14.73	14.54	14.62	659800	9666759.00
2020/10/30	14.69	14.71	14.00	14.15	1383900	19792020.00
2020/11/02	14.02	14.31	13.91	14.15	1225410	17314182.00
2020/11/03	14.10	14.35	14.08	14.29	782948	11161349.00
2020/11/04	14.35	14.46	14.07	14.16	709360	10092820.00
2020/11/05	14.24	14.42	14.08	14.39	1165043	16626866.00
2020/11/06	14.43	14.61	14.26	14.28	967061	13909481.00
2020/11/09	14.28	14.53	14.21	14.50	1218740	17625850.00
2020/11/10	14.59	14.59	14.42	14.50	887550	12853194.00
2020/11/11	14.50	14.58	14.33	14.45	820580	11860400.00
2020/11/12	14.41	15.69	14.41	15.30	2556907	38315152.00
2020/11/13	15.20	15.29	14.76	15.06	2668980	40048068.00
2020/11/16	15.20	16.10	15.11	15.86	4561046	71740368.00
2020/11/17	15.86	16.16	15.67	15.92	3022450	48162740.00
2020/11/18	15.84	16.33	15.81	16.25	3922660	63040992.00
2020/11/19	16.11	16.19	15.37	15.71	2943609	46243092.00
2020/11/20	15.78	15.79	15.42	15.62	1524585	23742528.00
2020/11/23	15.62	16.45	15.62	16.02	3792420	61141036.00
2020/11/24	15.80	16.12	15.67	15.78	2349850	37235852.00
2020/11/25	15.68	15.76	15.47	15.50	1690580	26404008.00
2020/11/26	15.40	15.62	15.28	15.40	1105325	17037730.00
2020/11/27	15.43	15.45	15.12	15.27	1078340	16435079.00
2020/11/30	15.27	15.54	15.26	15.33	902320	13881953.00
2020/12/01	15.23	15.40	15.11	15.33	1014885	15466968.00
2020/12/02	15.34	15.39	15.00	15.05	1414510	21373064.00
2020/12/03	15.20	15.20	14.86	14.88	1213720	18119030.00
2020/12/04	14.89	15.10	14.71	15.08	1210445	18072752.00
2020/12/07	15.08	15.10	14.78	14.79	860600	12815226.00
2020/12/08	14.78	14.82	14.63	14.66	872380	12807551.00
2020/12/09	14.70	14.70	14.53	14.54	658780	9599781.00
2020/12/10	14.75	14.96	14.51	14.82	1098005	16263729.00
2020/12/11	14.82	14.82	14.44	14.56	892400	13034753.00
2020/12/14	14.57	14.58	14.18	14.21	1333420	19034808.00
2020/12/15	14.14	14.43	14.14	14.26	550840	7879080.00
2020/12/16	14.25	14.25	13.83	13.90	965040	13495641.00
2020/12/17	13.91	14.44	13.83	14.44	1248040	17686538.00
2020/12/18	14.59	14.60	14.32	14.36	992410	14347180.00
2020/12/21	14.36	14.73	14.27	14.59	976900	14248401.00
2020/12/22	14.59	14.74	14.39	14.40	844460	12242725.00
2020/12/23	14.50	14.57	14.22	14.30	834680	11990198.00
2020/12/24	14.26	14.33	13.96	14.06	1163040	16431014.00
2020/12/25	14.04	15.44	14.04	14.77	3325950	48854460.00
2020/12/28	14.98	15.08	14.57	14.92	1479040	22045738.00
2020/12/29	14.92	15.24	14.88	14.96	1324120	19905076.00
2020/12/30	14.96	14.96	14.60	14.66	1020867	15022665.00
2020/12/31	14.66	14.81	14.58	14.69	951112	13989276.00
2021/01/04	14.69	14.71	14.46	14.58	1060726	15478968.00
2021/01/05	14.51	14.68	14.30	14.45	1022020	14739597.00
2021/01/06	14.30	14.44	14.11	14.19	990740	14060591.00
2021/01/07	14.14	15.20	14.14	14.56	2224532	32711408.00
2021/01/08	14.26	14.56	14.00	14.31	818785	11696454.00
2021/01/11	14.29	14.29	14.00	14.02	1371340	19296060.00
2021/01/12	14.02	14.25	14.02	14.08	703520	9943824.00
2021/01/13	14.18	14.20	13.95	14.18	930938	13086506.00
2021/01/14	14.18	14.30	14.06	14.09	701820	9948636.00
2021/01/15	14.09	14.17	14.00	14.12	541813	7633943.00
2021/01/18	14.12	14.40	14.10	14.29	929115	13292084.00
2021/01/19	14.33	14.45	14.25	14.36	654806	9398925.00
2021/01/20	14.37	14.52	14.30	14.40	576825	8293897.50
2021/01/21	14.29	14.41	14.20	14.35	900720	12894185.00
2021/01/22	14.35	14.36	14.10	14.19	679000	9634880.00
2021/01/25	14.17	14.29	14.02	14.07	1286080	18103924.00
2021/01/26	14.28	14.28	13.90	13.90	1200960	16877238.00
2021/01/27	13.90	14.04	13.83	13.86	737720	10254657.00
2021/01/28	13.84	13.96	13.22	13.40	1814107	24478092.00
2021/01/29	13.40	13.60	13.23	13.37	875607	11733368.00
2021/02/01	13.37	13.47	13.28	13.40	572281	7671189.50
2021/02/02	13.40	13.69	13.31	13.50	710500	9611604.00
2021/02/03	13.60	14.60	13.36	14.14	2151257	30204396.00
2021/02/04	14.18	14.40	13.51	14.01	1478325	20595832.00
2021/02/05	14.01	14.06	13.53	13.63	878240	12081073.00
2021/02/08	13.60	13.65	13.45	13.59	587000	7948362.00
2021/02/09	13.57	13.69	13.56	13.58	502640	6843180.00
2021/02/10	13.60	14.15	13.57	13.85	944480	13053907.00
2021/02/18	13.90	14.40	13.90	14.34	1673380	23764972.00
2021/02/19	14.43	15.20	14.37	15.14	3880407	57598416.00
2021/02/22	15.15	15.87	15.15	15.31	4484093	69367480.00
2021/02/23	15.34	15.78	14.91	14.95	2423201	36989444.00
2021/02/24	15.07	15.20	14.66	14.79	1818720	27083370.00
2021/02/25	14.86	14.94	14.58	14.62	1031720	15205791.00
2021/02/26	14.62	14.90	14.41	14.68	1208350	17702796.00
2021/03/01	14.80	14.87	14.58	14.76	971040	14275525.00
2021/03/02	14.76	14.76	14.32	14.44	1446280	20931284.00
2021/03/03	14.48	14.61	14.30	14.43	1546145	22332688.00
2021/03/04	14.43	14.73	14.34	14.70	1969660	28674546.00
2021/03/05	14.78	14.84	14.47	14.58	1337705	19605592.00
2021/03/08	14.54	14.73	14.31	14.35	1544765	22318288.00
2021/03/09	14.30	14.44	13.91	13.99	1338120	18823690.00
2021/03/10	14.00	14.17	13.89	14.07	736960	10325389.00
2021/03/11	14.07	14.37	14.07	14.34	1020165	14579216.00
2021/03/12	14.41	14.65	14.26	14.53	1000080	14447138.00
2021/03/15	14.65	14.90	14.42	14.68	1666800	24552262.00
2021/03/16	14.70	14.95	14.62	14.89	2033430	30155260.00
2021/03/17	14.76	15.22	14.76	14.96	1692670	25436452.00
2021/03/18	14.99	15.38	14.81	15.23	2356287	35802768.00
2021/03/19	15.25	15.39	14.93	15.02	2003280	30305628.00
2021/03/22	15.05	15.38	14.99	15.38	1581440	24016694.00
2021/03/23	15.40	15.82	15.40	15.58	3356000	52360368.00
2021/03/24	15.60	15.77	15.32	15.36	1674852	25927780.00
2021/03/25	15.36	15.54	15.19	15.36	1015140	15598195.00
2021/03/26	15.30	15.55	15.23	15.50	1177620	18218362.00
2021/03/29	15.50	16.45	15.37	16.29	3932164	63056560.00
2021/03/30	16.26	16.54	16.01	16.52	2958845	48388108.00
2021/03/31	16.43	16.68	16.30	16.48	1745520	28783382.00
2021/04/01	16.40	17.10	16.31	16.56	3046415	50543476.00
2021/04/02	16.47	16.67	16.33	16.37	1300320	21395816.00
2021/04/06	16.37	17.06	16.32	16.97	2370300	40056996.00
2021/04/07	17.13	17.29	16.87	17.15	2338715	40090356.00
2021/04/08	17.16	17.40	16.90	16.93	1816920	31144422.00
2021/04/09	17.06	17.15	16.76	16.80	1652235	27889448.00
2021/04/12	17.29	17.30	16.19	16.50	2939800	49092508.00
2021/04/13	16.63	16.63	16.00	16.11	1936800	31361140.00
2021/04/14	16.10	16.84	16.07	16.65	1999800	33170698.00
2021/04/15	16.64	16.81	16.52	16.76	1121881	18679900.00
2021/04/16	16.76	16.81	16.15	16.25	2260420	37117520.00
2021/04/19	16.32	17.03	16.18	16.63	2697214	45280436.00
2021/04/20	16.60	16.94	16.32	16.36	2374385	39518372.00
2021/04/21	16.40	16.57	16.22	16.35	1338862	21903954.00
2021/04/22	16.41	16.59	16.32	16.40	1247780	20526308.00
2021/04/23	16.39	16.75	16.21	16.41	1875532	30812670.00
2021/04/26	16.50	17.27	16.50	17.20	4432887	75659472.00
2021/04/27	17.40	17.67	16.94	17.30	3540525	61163472.00
2021/04/28	17.26	17.35	16.92	17.11	1830479	31370860.00
2021/04/29	17.01	17.13	16.50	16.73	1852341	31216790.00
2021/04/30	16.67	17.03	16.65	16.92	1174082	19775490.00
2021/05/06	16.88	17.05	16.66	16.70	947850	15912224.00
2021/05/07	16.71	17.78	16.71	16.84	2768730	47496040.00
2021/05/10	16.78	17.02	16.54	16.70	1398100	23385850.00
2021/05/11	16.70	16.88	16.61	16.85	835580	14012665.00
2021/05/12	16.80	16.80	16.02	16.08	2241091	36392840.00
2021/05/13	16.18	16.27	15.96	16.04	950180	15261197.00
2021/05/14	16.11	16.38	16.10	16.16	923237	14965219.00
2021/05/17	16.34	16.34	15.23	15.33	3113025	48490000.00
2021/05/18	15.48	15.67	15.30	15.52	862228	13376597.00
2021/05/19	15.63	15.63	15.31	15.47	870858	13417781.00
2021/05/20	15.60	15.60	15.12	15.46	1286118	19670746.00
2021/05/21	15.52	15.52	15.23	15.24	814720	12490390.00
2021/05/24	15.89	16.76	15.49	16.76	9762653	161929040.00
2021/05/25	16.12	16.12	15.41	15.71	8972066	140334256.00
2021/05/26	15.49	15.75	15.45	15.58	3144465	49027708.00
2021/05/27	15.59	15.67	15.28	15.32	2663073	41151660.00
2021/05/28	15.30	15.50	15.25	15.30	1840773	28265466.00
2021/05/31	15.37	15.39	15.15	15.33	1445830	22082560.00
2021/06/01	15.28	15.42	15.17	15.25	1398679	21312598.00
2021/06/02	15.29	15.43	15.18	15.38	1425297	21832026.00
2021/06/03	15.38	15.47	15.28	15.38	891237	13695478.00
2021/06/04	15.45	15.65	15.19	15.55	1640562	25434526.00
2021/06/07	15.56	15.81	15.31	15.37	1480699	23005354.00
2021/06/08	15.43	15.47	15.20	15.28	1155440	17696370.00
2021/06/09	15.20	15.42	15.20	15.28	1050443	16066220.00
2021/06/10	15.28	15.35	15.20	15.21	841484	12829350.00
2021/06/11	15.21	15.48	15.20	15.33	1392433	21410360.00
2021/06/15	15.33	15.64	15.21	15.58	1730127	26699800.00
2021/06/16	15.48	15.65	15.35	15.41	1246555	19254736.00
2021/06/17	15.32	15.60	15.27	15.28	1096982	16838096.00
2021/06/18	15.25	15.30	15.05	15.18	1368652	20738338.00
2021/06/21	15.06	15.20	15.06	15.10	686220	10384024.00
2021/06/22	15.07	15.19	15.02	15.09	828446	12512958.00
2021/06/23	15.23	15.23	15.05	15.09	765920	11561968.00
2021/06/24	15.14	15.14	15.00	15.02	866920	13040067.00
2021/06/25	15.02	15.08	14.81	14.94	1089760	16299817.00
2021/06/28	15.06	15.06	14.65	14.67	1379230	20322446.00
2021/06/29	14.69	14.99	14.51	14.90	1174138	17418702.00
2021/06/30	14.98	15.18	14.52	15.14	1364980	20460574.00
2021/07/01	15.07	15.14	14.89	14.93	805094	12072903.00
2021/07/02	14.89	15.03	14.66	14.99	1325693	19678674.00
2021/07/05	14.96	15.13	14.67	14.76	1357514	20256158.00
2021/07/06	14.95	14.99	14.57	14.70	1111494	16317213.00
2021/07/07	14.67	14.88	14.51	14.85	1156954	17061238.00
2021/07/08	14.85	14.99	14.55	14.66	1032574	15222003.00
2021/07/09	14.66	14.70	14.58	14.66	595058	8713770.00
2021/07/12	14.72	15.16	14.66	15.05	1955685	29238286.00
2021/07/13	15.04	15.80	14.94	15.70	3935118	60700360.00
2021/07/14	15.69	16.04	15.38	15.75	3878950	61071928.00
2021/07/15	15.68	15.83	15.47	15.58	1444490	22541530.00
2021/07/16	15.48	16.62	15.46	16.36	6090360	99590560.00
2021/07/19	16.20	17.14	16.06	16.21	4861440	80018568.00
2021/07/20	15.98	16.45	15.80	16.44	2374534	38150476.00
2021/07/21	16.44	16.60	16.21	16.27	1924800	31396454.00
2021/07/22	16.28	16.42	16.06	16.27	1933080	31360630.00
2021/07/23	16.26	16.98	16.21	16.83	4687540	78498736.00
2021/07/26	17.10	17.45	16.52	17.11	6102261	103767848.00
2021/07/27	16.93	16.93	15.92	16.03	4712251	77808832.00
2021/07/28	16.01	17.39	15.30	17.29	7493905	124532584.00
2021/07/29	17.28	17.80	16.89	17.75	8074148	140675504.00
2021/07/30	17.86	18.40	17.27	17.36	7970388	142148464.00
2021/08/02	17.13	17.65	16.85	17.02	5503140	94123288.00
2021/08/03	16.93	16.98	15.88	16.10	7624747	124501656.00
2021/08/04	16.20	16.44	15.99	16.30	4373865	71002912.00
2021/08/05	16.26	16.28	15.89	16.06	2357500	37824560.00
2021/08/06	16.07	16.29	15.90	16.23	2403301	38782924.00
2021/08/09	16.28	16.63	16.18	16.62	3138834	51710128.00
2021/08/10	16.68	16.72	16.32	16.45	2216880	36515876.00
2021/08/11	16.36	17.09	16.31	17.07	4857013	81786880.00
2021/08/12	17.07	17.08	16.78	16.90	3281160	55437248.00
2021/08/13	16.91	17.17	16.83	16.96	2940780	49865228.00
2021/08/16	16.99	17.33	16.34	16.41	4375328	73482480.00
2021/08/17	16.33	16.57	16.08	16.13	2664709	43432376.00
2021/08/18	16.07	16.30	15.96	16.16	1620025	26155248.00
2021/08/19	16.17	16.33	15.85	16.22	1853125	29770290.00
2021/08/20	16.07	16.39	16.02	16.34	1539572	24910168.00
2021/08/23	16.44	16.98	16.34	16.83	2322180	38848056.00
2021/08/24	16.93	16.93	16.71	16.83	1556289	26161148.00
2021/08/25	17.16	17.25	16.76	17.19	3502419	59649808.00
2021/08/26	17.92	18.91	17.52	17.70	15640768	283709696.00
2021/08/27	17.20	17.67	16.81	16.85	11321892	194043024.00
2021/08/30	17.06	18.08	16.80	17.82	9784040	172928816.00
2021/08/31	17.66	19.04	17.50	18.71	12279296	226115856.00
2021/09/01	18.55	18.64	17.50	17.79	8433020	151628016.00
2021/09/02	17.63	18.08	17.40	17.69	4304620	76143576.00
2021/09/03	17.56	18.23	17.45	17.80	4224536	75456440.00
2021/09/06	17.73	17.95	17.16	17.50	3391306	59098436.00
2021/09/07	17.50	18.16	17.37	17.84	4327820	77317528.00
2021/09/08	17.96	18.48	17.77	18.37	5795842	105177136.00
2021/09/09	18.33	18.49	18.07	18.30	3848840	70210376.00
2021/09/10	18.31	18.45	17.63	17.79	3961853	70872800.00
2021/09/13	17.82	18.36	17.60	18.32	4392400	79319216.00
2021/09/14	18.20	18.65	17.82	17.93	4498677	82053448.00
2021/09/15	17.79	18.19	17.62	18.10	3406595	61121504.00
2021/09/16	18.00	18.65	17.83	17.99	6274803	115111512.00
2021/09/17	17.96	18.77	17.72	18.66	7879107	144667056.00
2021/09/22	18.43	19.15	18.38	18.93	6371279	119582040.00
2021/09/23	19.46	19.50	18.60	18.68	6889559	130686640.00
2021/09/24	18.66	18.78	18.02	18.04	4026986	73361544.00
2021/09/27	18.04	18.04	16.24	16.24	7184969	120298336.00
2021/09/28	16.07	16.28	15.89	16.14	2105400	33893040.00
2021/09/29	16.08	16.21	15.26	15.44	3030111	47375840.00
2021/09/30	15.44	15.89	15.44	15.81	1508860	23716060.00
2021/10/08	15.88	16.13	15.50	15.71	1768580	27740350.00
2021/10/11	15.64	15.84	15.44	15.73	1388120	21757176.00
2021/10/12	15.73	15.76	15.21	15.47	1711003	26422796.00
2021/10/13	15.38	15.51	14.40	15.03	3304786	49106136.00
2021/10/14	15.00	15.25	14.82	15.20	1240346	18728908.00
2021/10/15	15.11	15.40	14.96	15.13	1715220	26034904.00
2021/10/18	15.22	15.31	14.88	15.28	1773320	26799776.00
2021/10/19	15.40	15.88	15.17	15.71	2091000	32739056.00
2021/10/20	15.76	15.84	15.50	15.65	1382456	21661156.00
2021/10/21	15.51	15.91	15.51	15.66	1441380	22700168.00
2021/10/22	15.67	15.73	15.10	15.15	1862540	28583302.00
2021/10/25	15.13	15.49	15.08	15.10	1491360	22687628.00
2021/10/26	15.22	15.26	14.93	15.07	1337576	20128426.00
2021/10/27	15.00	15.07	14.45	14.87	2081760	30703992.00
2021/10/28	14.75	14.96	14.56	14.58	1539127	22613188.00
2021/10/29	14.44	14.78	14.23	14.67	1623707	23569598.00
2021/11/01	14.52	14.91	14.47	14.69	1364566	20056550.00
2021/11/02	14.80	14.94	14.15	14.26	2515566	36371736.00
2021/11/03	14.26	14.58	14.12	14.56	1391400	19910538.00
2021/11/04	14.56	14.85	14.42	14.67	1464760	21465552.00
2021/11/05	14.75	14.75	14.24	14.30	1607480	23192528.00
2021/11/08	14.29	14.59	13.91	14.49	1636791	23326764.00
2021/11/09	14.44	14.73	14.44	14.62	1124351	16401880.00
2021/11/10	14.59	14.78	14.36	14.54	1222632	17811250.00
2021/11/11	14.54	14.78	14.54	14.72	1161500	17059140.00
2021/11/12	14.71	14.77	14.57	14.60	1287340	18853840.00
2021/11/15	14.65	14.84	14.53	14.76	1560180	22979428.00
2021/11/16	14.88	15.28	14.76	15.25	2488200	37534444.00
2021/11/17	15.24	15.39	15.07	15.31	1880317	28662444.00
2021/11/18	15.31	15.41	15.03	15.07	1777740	26982788.00
2021/11/19	15.06	15.35	14.95	15.24	1431287	21723756.00
2021/11/22	15.24	15.48	15.01	15.32	1293500	19789256.00
2021/11/23	15.30	15.38	15.20	15.30	1107200	16938216.00
2021/11/24	15.23	15.33	15.00	15.20	2194300	33222852.00
2021/11/25	15.31	15.31	15.05	15.25	1278357	19402980.00
2021/11/26	15.26	15.43	15.09	15.31	1265440	19327956.00
2021/11/29	15.19	15.19	14.89	14.92	1782406	26761314.00
2021/11/30	14.90	15.25	14.65	14.82	1941280	28952172.00
2021/12/01	14.83	15.10	14.80	15.10	1766029	26506720.00
2021/12/02	15.08	15.17	14.85	14.87	1200874	18002524.00
2021/12/03	15.05	15.05	14.70	14.86	1084296	16085392.00
2021/12/06	14.93	14.93	14.54	14.57	1445720	21218048.00
2021/12/07	14.58	14.68	14.34	14.43	1424116	20554866.00
2021/12/08	14.40	14.69	14.40	14.63	1136900	16540977.00
2021/12/09	14.66	14.77	14.57	14.71	973481	14304668.00
2021/12/10	14.76	14.87	14.62	14.82	1333880	19669394.00
2021/12/13	14.86	14.99	14.79	14.82	1285700	19125808.00
2021/12/14	14.89	14.91	14.78	14.88	898240	13358932.00
2021/12/15	14.91	14.91	14.55	14.63	1432720	21103382.00
2021/12/16	14.66	14.75	14.61	14.69	1023520	15036459.00
2021/12/17	14.74	14.86	14.51	14.51	1382180	20214442.00
2021/12/20	14.53	14.60	14.42	14.45	1007700	14604066.00
2021/12/21	14.45	14.57	14.36	14.55	1131372	16377183.00
2021/12/22	14.60	14.78	14.57	14.73	998392	14663549.00
2021/12/23	14.76	14.79	14.57	14.62	815680	11936521.00
2021/12/24	14.65	14.75	14.37	14.38	1278320	18449710.00
2021/12/27	14.37	14.58	14.31	14.42	734494	10602386.00
2021/12/28	14.47	14.78	14.40	14.75	1322649	19380284.00
2021/12/29	14.71	15.01	14.60	14.90	2117660	31473212.00
2021/12/30	14.94	15.00	14.74	14.75	1386494	20509268.00
2021/12/31	14.84	14.95	14.75	14.90	1355815	20153432.00
2022/01/04	14.96	15.16	14.76	15.05	1775941	26648556.00
2022/01/05	15.22	15.22	14.87	14.93	1439008	21505136.00
2022/01/06	15.06	15.06	14.72	14.93	1669454	24813380.00
2022/01/07	14.96	15.05	14.78	14.78	1120220	16695584.00
2022/01/10	14.80	14.93	14.75	14.89	1228861	18243868.00
2022/01/11	14.92	15.11	14.87	14.95	1549148	23254884.00
2022/01/12	14.95	15.21	14.93	15.19	2060381	31176944.00
2022/01/13	15.19	15.27	15.10	15.12	1608768	24411732.00
2022/01/14	15.13	15.14	14.83	14.83	1575556	23556536.00
2022/01/17	14.84	15.10	14.82	15.10	1189420	17845304.00
2022/01/18	15.10	15.15	14.83	15.00	1459040	21780136.00
2022/01/19	15.12	15.24	14.92	15.02	1329648	20019978.00
2022/01/20	15.02	15.08	14.54	14.58	1770660	26119404.00
2022/01/21	14.58	14.70	14.38	14.42	989180	14338319.00
2022/01/24	14.40	14.66	14.35	14.40	918541	13287093.00
2022/01/25	14.33	14.59	13.88	13.88	2149304	30519320.00
2022/01/26	13.89	14.25	13.84	14.04	913400	12765346.00
2022/01/27	13.95	14.18	13.80	13.91	1364280	18957732.00
2022/01/28	13.90	14.05	13.85	13.97	603780	8428373.00
2022/02/07	13.98	14.20	13.97	14.11	884700	12461015.00
2022/02/08	14.08	14.49	14.08	14.46	1461120	20997926.00
2022/02/09	14.46	14.55	14.40	14.46	667200	9644325.00
2022/02/10	14.42	14.50	14.34	14.35	625400	9003966.00
2022/02/11	14.44	14.45	14.13	14.16	720760	10286194.00
2022/02/14	14.10	14.28	14.07	14.12	711916	10068862.00
2022/02/15	14.17	14.30	14.09	14.20	654860	9302817.00
2022/02/16	14.24	14.37	14.24	14.32	625220	8945668.00
2022/02/17	14.32	14.39	14.25	14.27	622480	8904229.00
2022/02/18	14.21	14.80	14.21	14.67	1287523	18698616.00
2022/02/21	14.66	14.80	14.65	14.70	1092843	16090460.00
2022/02/22	14.66	14.95	14.52	14.81	1328923	19537200.00
2022/02/23	14.81	15.06	14.60	14.99	1488200	22171514.00
2022/02/24	14.90	14.99	14.49	14.66	1652978	24339926.00
2022/02/25	14.69	14.95	14.62	14.72	1227643	18163716.00
2022/02/28	14.72	14.90	14.64	14.82	1125242	16668104.00
2022/03/01	14.96	14.96	14.68	14.81	925903	13666401.00
2022/03/02	14.70	14.78	14.60	14.71	582783	8562709.00
2022/03/03	14.72	15.05	14.72	14.88	1644455	24522496.00
2022/03/04	14.81	14.93	14.59	14.71	959618	14187361.00
2022/03/07	14.78	14.78	14.43	14.47	944720	13722440.00
2022/03/08	14.53	14.53	13.97	13.99	1240229	17581188.00
2022/03/09	14.00	14.15	13.43	13.79	1285410	17747540.00
2022/03/10	13.99	14.25	13.96	14.01	951256	13381329.00
2022/03/11	13.90	14.08	13.65	13.98	701760	9706558.00
2022/03/14	13.98	14.20	13.61	13.62	814520	11218119.00
2022/03/15	13.62	13.63	12.75	12.78	1189500	15727597.00
2022/03/16	12.97	13.48	12.37	12.96	1319620	16845152.00
2022/03/17	13.10	13.30	13.00	13.02	1000909	13174814.00
2022/03/18	13.02	13.40	12.90	13.28	758200	10010320.00
2022/03/21	13.28	13.39	13.14	13.28	840220	11141710.00
2022/03/22	13.27	13.33	13.10	13.22	431400	5705780.00
2022/03/23	13.30	13.34	13.12	13.22	530096	7007174.00
2022/03/24	13.22	13.27	13.01	13.14	625900	8211686.00
2022/03/25	13.04	13.25	13.04	13.11	644684	8475687.00
2022/03/28	13.24	13.24	12.75	13.11	756200	9832455.00
2022/03/29	13.14	13.17	12.90	13.00	587400	7645759.00
2022/03/30	13.18	13.36	12.97	13.29	736885	9705437.00
2022/03/31	13.36	13.54	13.20	13.45	1007773	13501598.00
2022/04/01	13.45	13.53	13.33	13.44	431920	5799404.00
2022/04/06	13.43	13.60	13.32	13.58	364600	4906679.00
2022/04/07	13.58	13.62	13.37	13.43	686793	9273677.00
2022/04/08	13.41	13.51	13.20	13.50	526180	7044957.00
2022/04/11	13.46	13.51	13.20	13.37	530800	7091049.00
2022/04/12	13.24	13.78	12.98	13.21	825340	10921541.00
2022/04/13	13.14	13.26	12.83	13.02	734280	9588490.00
2022/04/14	13.75	13.75	13.01	13.15	716200	9498548.00
2022/04/15	13.13	13.21	12.40	13.04	585574	7598490.00
2022/04/18	13.53	13.65	12.94	13.05	770933	10080552.00
2022/04/19	12.78	13.43	12.78	13.40	929200	12286766.00
2022/04/20	13.65	13.65	13.14	13.14	598731	7961394.00
2022/04/21	12.85	13.28	12.68	12.71	840709	10847656.00
2022/04/22	13.15	13.15	12.63	12.85	732615	9418162.00
2022/04/25	12.48	12.85	11.57	11.60	1769600	21259284.00
2022/04/26	11.97	12.11	10.94	11.05	1350375	15399731.00
2022/04/27	10.06	11.39	10.06	11.24	1078760	11758086.00
2022/04/28	11.54	11.54	10.71	10.85	1010920	11134048.00
2022/04/29	10.61	11.40	10.61	11.35	1258240	14094440.00
2022/05/05	11.36	11.94	11.20	11.80	1130377	13267161.00
2022/05/06	11.55	11.79	11.39	11.50	781340	9028459.00
2022/05/09	11.66	11.74	11.32	11.61	378740	4392388.00
2022/05/10	11.50	11.81	11.41	11.80	548280	6420943.00
2022/05/11	11.80	12.21	11.75	11.82	822820	9896353.00
2022/05/12	11.74	12.06	11.66	11.96	543200	6483240.00
2022/05/13	12.10	12.17	11.90	12.09	485685	5868962.00
2022/05/16	12.29	12.32	12.02	12.15	541500	6589404.00
2022/05/17	12.20	12.21	12.00	12.10	315700	3817411.00
2022/05/18	12.13	12.38	12.02	12.16	842320	10315660.00
2022/05/19	12.15	12.18	12.02	12.07	557500	6737095.00
2022/05/20	12.09	12.32	12.08	12.12	627700	7636193.00
2022/05/23	12.17	12.36	12.07	12.28	692760	8498529.00
2022/05/24	12.33	12.44	11.77	11.77	795352	9576882.00
2022/05/25	11.78	12.07	11.78	12.01	706169	8437501.00
2022/05/26	12.01	12.21	11.92	12.13	656240	7936602.00
2022/05/27	12.19	12.30	12.05	12.18	525950	6414322.00
2022/05/30	12.27	12.50	12.15	12.46	633773	7823724.00
2022/05/31	12.55	12.59	12.29	12.50	656857	8170233.00
2022/06/01	12.30	12.40	12.11	12.27	640600	7870432.00
2022/06/02	12.38	12.84	12.20	12.47	1388080	17386962.00
2022/06/06	12.49	12.74	12.34	12.65	1541635	19389168.00
2022/06/07	12.65	12.80	12.56	12.69	966932	12258529.00
2022/06/08	12.77	12.77	12.40	12.62	1036900	13053056.00
2022/06/09	12.58	12.68	12.41	12.48	959988	12009126.00
2022/06/10	12.44	12.70	12.39	12.65	664348	8384555.00
2022/06/13	12.58	12.76	12.40	12.63	865207	10872032.00
2022/06/14	12.56	12.65	12.25	12.64	762079	9498863.00
2022/06/15	12.62	12.78	12.45	12.45	1027800	12969284.00
2022/06/16	12.64	12.64	12.37	12.39	850405	10598173.00
2022/06/17	12.39	12.57	12.36	12.47	787418	9817277.00
2022/06/20	12.55	12.90	12.47	12.76	1224800	15580360.00
2022/06/21	12.81	12.84	12.38	12.52	1190800	14984470.00
2022/06/22	12.50	12.51	12.23	12.24	1059380	13089804.00
2022/06/23	12.35	12.35	12.18	12.30	708980	8697216.00
2022/06/24	12.28	12.78	12.28	12.65	1654320	20771432.00
2022/06/27	12.66	13.47	12.51	13.13	3015459	39263964.00
2022/06/28	13.22	13.52	12.93	13.46	2410961	31942780.00
2022/06/29	13.37	13.69	13.30	13.32	2051405	27755470.00
2022/06/30	13.30	13.50	13.08	13.15	2253912	29741228.00
2022/07/01	13.25	13.65	13.10	13.49	2690898	36002704.00
2022/07/04	13.43	13.45	13.10	13.22	2089725	27645704.00
2022/07/05	13.23	13.82	13.11	13.13	2110496	28105716.00
2022/07/06	13.19	13.30	12.70	12.81	2133194	27489572.00
2022/07/07	12.96	13.02	12.81	12.87	946098	12209923.00
2022/07/08	12.88	13.18	12.84	13.08	1027704	13370097.00
2022/07/11	13.01	13.05	12.58	12.69	1284390	16327135.00
2022/07/12	12.68	12.80	12.37	12.42	1188340	14878985.00
2022/07/13	12.42	12.56	12.30	12.54	659700	8203202.00
2022/07/14	12.65	12.78	12.31	12.49	756300	9489706.00
2022/07/15	12.55	12.56	12.30	12.31	735039	9144062.00
2022/07/18	12.37	12.78	12.31	12.66	1326580	16745914.00
2022/07/19	12.65	12.96	12.65	12.93	1549780	19923572.00
2022/07/20	12.85	13.05	12.85	12.95	653980	8445874.00
2022/07/21	12.88	13.06	12.86	12.88	873000	11285548.00
2022/07/22	12.83	13.02	12.62	12.76	839480	10781304.00
2022/07/25	12.69	13.21	12.69	13.01	1470220	19178224.00
2022/07/26	12.96	13.10	12.86	13.01	655360	8512827.00
2022/07/27	13.01	13.15	12.80	13.01	638077	8262033.00
2022/07/28	13.01	13.22	12.93	13.20	1175816	15411285.00
2022/07/29	13.28	14.52	13.07	14.52	14874810	212703216.00
2022/08/01	14.22	15.89	14.13	15.41	20342267	308784896.00
2022/08/02	15.20	15.41	14.58	14.97	10532535	157239744.00
2022/08/03	14.88	16.45	14.88	16.03	12893215	205349376.00
2022/08/04	16.10	16.38	15.53	16.01	6967410	110805784.00
2022/08/05	16.53	17.61	16.16	17.61	16193377	281006144.00
2022/08/08	17.61	18.31	17.16	17.35	19035846	336868864.00
2022/08/09	17.26	17.49	16.78	17.38	8786343	150283296.00
2022/08/10	17.56	17.58	16.55	16.97	8599740	145333392.00
2022/08/11	17.01	18.25	17.01	17.91	11365669	202831760.00
2022/08/12	17.76	18.58	17.58	17.58	7330339	131654056.00
2022/08/15	17.71	17.85	17.10	17.71	4776680	83398144.00
2022/08/16	17.70	18.21	17.69	17.82	4728889	84629824.00
2022/08/17	17.83	18.00	17.52	17.59	3534400	62574912.00
2022/08/18	17.62	17.62	17.15	17.38	3606817	62577524.00
2022/08/19	17.58	17.58	15.64	15.67	12818772	209063440.00
2022/08/22	15.83	16.01	15.52	15.70	7449000	117229040.00
2022/08/23	15.89	16.58	15.64	16.55	5185744	84245016.00
2022/08/24	16.56	16.98	16.02	16.08	3266700	53293088.00
2022/08/25	16.27	16.50	15.58	15.79	3230880	51062176.00
2022/08/26	15.88	16.43	15.72	15.77	3406900	54517416.00
2022/08/29	15.70	16.77	15.53	16.61	5291842	86450080.00
2022/08/30	16.54	16.80	15.99	16.05	3605660	58604656.00
2022/08/31	16.19	16.20	14.96	15.20	4518340	69136592.00
2022/09/01	15.21	15.98	15.21	15.63	3477900	54399500.00
2022/09/02	15.59	16.65	15.42	16.36	6187200	98716032.00
2022/09/05	16.28	16.96	16.06	16.69	5498200	90606432.00
2022/09/06	16.90	17.56	16.30	17.46	8611620	146317184.00
2022/09/07	17.50	17.74	17.01	17.35	7120832	123948704.00
2022/09/08	17.35	18.24	17.07	17.77	6330265	112486864.00
2022/09/09	17.62	17.79	17.10	17.61	3987780	69735840.00
2022/09/13	17.56	17.95	17.27	17.56	3715344	65135740.00
2022/09/14	17.36	17.70	17.21	17.51	2870201	50079824.00
2022/09/15	17.55	17.62	15.77	16.06	6732021	110329840.00
2022/09/16	16.15	16.26	15.80	15.98	2776240	44522196.00
2022/09/19	16.00	16.62	15.84	15.97	2780140	45137120.00
2022/09/20	16.12	16.40	15.78	15.88	2511540	40450156.00
2022/09/21	15.95	16.63	15.38	16.20	4485460	72606224.00
2022/09/22	16.29	16.67	15.73	16.07	4691180	76126304.00
2022/09/23	16.07	16.32	15.50	15.89	3383420	53752144.00
2022/09/26	15.87	15.89	15.00	15.08	3898881	59864792.00
2022/09/27	15.08	15.62	14.91	15.21	2360720	35854988.00
2022/09/28	15.20	15.20	14.20	14.40	3693420	53755340.00
2022/09/29	14.60	14.70	14.25	14.42	1961640	28343168.00
2022/09/30	14.25	14.54	14.09	14.11	1557185	22195248.00
2022/10/10	14.13	14.38	13.86	14.14	1663485	23540820.00
2022/10/11	14.32	14.32	13.78	13.85	2021485	28138120.00
2022/10/12	13.94	14.30	13.70	14.21	2401980	33574472.00
2022/10/13	14.21	14.39	14.04	14.20	1950500	27738696.00
2022/10/14	14.20	14.60	14.17	14.40	2564840	36782396.00
2022/10/17	14.42	15.72	14.42	15.41	5854856	88850664.00
2022/10/18	15.19	16.20	15.06	16.16	5070065	79984336.00
2022/10/19	15.97	16.12	15.77	15.92	2633045	41872368.00
2022/10/20	15.98	16.10	15.46	15.92	2889885	45575476.00
2022/10/21	15.91	17.11	15.91	16.90	7497243	125236936.00
2022/10/24	18.21	18.21	16.02	16.25	10870951	183260720.00
2022/10/25	16.04	16.26	15.30	15.39	5257308	81956248.00
2022/10/26	15.33	15.85	15.18	15.47	3139740	48736936.00
2022/10/27	15.47	15.63	14.78	14.84	3509421	52800544.00
2022/10/28	15.05	15.05	14.11	14.12	3461500	49661180.00
2022/10/31	14.03	14.53	14.00	14.10	1806940	25753106.00
2022/11/01	14.11	14.63	14.07	14.59	2429640	34935496.00
2022/11/02	14.50	14.70	14.40	14.68	1771236	25775676.00
2022/11/03	14.59	16.15	14.44	16.15	4451436	69839480.00
2022/11/04	16.50	17.37	16.22	16.42	9148789	151835264.00
2022/11/07	16.53	17.03	16.37	16.86	6338820	105922664.00
2022/11/08	17.04	17.33	16.43	16.90	4721077	79434504.00
2022/11/09	17.03	17.03	16.50	16.56	2443600	40820596.00
2022/11/10	16.65	16.77	16.11	16.17	3255852	53298896.00
2022/11/11	16.46	16.46	15.90	16.00	3165284	51048172.00
2022/11/14	16.00	16.09	15.40	15.58	3170556	49652560.00
2022/11/15	15.57	16.15	15.36	16.07	3150920	50181160.00
2022/11/16	16.07	16.83	16.02	16.40	5316320	87490888.00
2022/11/17	16.40	16.67	15.81	16.65	2665740	43395680.00
2022/11/18	16.66	16.86	16.39	16.45	2417963	40164904.00
2022/11/21	16.44	16.98	16.13	16.71	2931606	48592428.00
2022/11/22	16.50	16.88	16.32	16.45	2074746	34601320.00
2022/11/23	16.47	16.76	16.07	16.61	2080440	34296300.00
2022/11/24	16.61	17.50	16.26	17.05	5363466	91825280.00
2022/11/25	16.93	17.00	16.33	16.40	2778800	46175252.00
2022/11/28	16.21	16.35	15.66	16.00	2748604	43821316.00
2022/11/29	16.10	16.20	15.69	15.84	2695600	42836520.00
2022/11/30	15.76	16.59	15.63	15.95	4487480	72033616.00
2022/12/01	15.99	16.98	15.95	16.60	4888715	80519872.00
2022/12/02	16.46	17.31	16.40	17.04	6352524	107937728.00
2022/12/05	17.09	17.50	16.65	17.36	8533300	147129216.00
2022/12/06	17.27	17.80	17.03	17.37	4986060	86596960.00
2022/12/07	17.28	17.80	17.14	17.28	4041800	70305288.00
2022/12/08	17.16	17.27	16.71	16.78	3509989	59495680.00
2022/12/09	16.90	16.99	16.51	16.51	1996940	33316848.00
2022/12/12	16.48	16.63	16.31	16.61	2109240	34847836.00
2022/12/13	16.53	16.78	16.11	16.19	2540000	41610584.00
2022/12/14	16.14	16.50	16.14	16.29	1786860	29099988.00
2022/12/15	16.31	16.40	16.03	16.22	1404040	22675504.00
2022/12/16	16.12	16.20	15.65	15.74	1832800	29005292.00
2022/12/19	15.67	15.77	15.25	15.33	1551720	23946798.00
2022/12/20	15.32	16.18	15.17	16.06	2596080	41128344.00
2022/12/21	16.06	16.26	15.72	16.03	1443560	23077522.00
2022/12/22	15.97	16.14	15.47	15.53	1769200	27832720.00
2022/12/23	15.51	15.79	15.35	15.51	1039600	16111321.00
2022/12/26	15.46	16.03	15.34	15.98	967620	15373581.00
2022/12/27	15.90	16.36	15.80	15.99	1193340	19116586.00
2022/12/28	15.85	16.01	15.48	15.99	936308	14809571.00
2022/12/29	15.90	16.18	15.85	16.02	908480	14564656.00
2022/12/30	16.07	16.35	15.89	16.02	774300	12374093.00
2023/01/03	15.99	16.13	15.89	16.10	964600	15459847.00
2023/01/04	16.10	16.76	16.03	16.46	1965080	32263400.00
2023/01/05	16.48	16.83	16.29	16.59	1911020	31686328.00
2023/01/06	16.60	16.92	16.45	16.67	1887785	31432250.00
2023/01/09	16.87	16.91	16.40	16.74	1728400	28877968.00
2023/01/10	16.73	17.43	16.50	17.01	3469242	59292024.00
2023/01/11	17.03	17.05	16.65	16.88	3085935	52034088.00
2023/01/12	16.99	17.08	16.80	16.98	1543900	26159668.00
2023/01/13	17.14	17.20	16.88	17.11	1900943	32503524.00
2023/01/16	17.11	17.25	16.85	17.01	2233580	37879728.00
2023/01/17	17.01	17.14	16.86	16.92	1211640	20596676.00
2023/01/18	16.90	17.25	16.81	17.18	1572280	26868304.00
2023/01/19	17.14	17.34	17.03	17.19	1160000	19954746.00
2023/01/20	17.48	18.06	17.23	17.61	4559268	80658984.00
2023/01/30	17.81	18.49	17.56	18.24	5925640	107642280.00
2023/01/31	18.24	19.25	18.09	19.01	6830860	128403984.00
2023/02/01	19.03	19.39	18.83	19.31	5313020	101824056.00
2023/02/02	19.22	19.99	19.05	19.73	5074740	100261360.00
2023/02/03	19.80	19.81	19.22	19.50	4241370	82613920.00
2023/02/06	19.52	19.96	19.20	19.41	4287000	83319176.00
2023/02/07	19.51	20.33	19.30	20.12	4664047	92948464.00
2023/02/08	20.10	20.92	19.90	20.61	3500646	71753624.00
2023/02/09	20.62	21.10	20.20	20.47	3140040	64394660.00
2023/02/10	20.55	20.67	20.19	20.46	2584080	52717304.00
2023/02/13	20.41	21.20	20.41	20.96	4127420	86248656.00
2023/02/14	20.95	21.34	20.73	21.13	3954160	83381896.00
2023/02/15	21.12	21.33	20.68	20.94	2861300	59895240.00
2023/02/16	20.77	20.98	19.40	19.57	8709992	174704656.00
2023/02/17	19.66	20.16	19.44	19.62	3418640	67405080.00
2023/02/20	19.66	20.20	19.41	20.06	3729369	73657856.00
2023/02/21	20.05	20.80	19.90	20.54	3498140	71840024.00
2023/02/22	20.55	20.75	20.12	20.43	2162780	44116296.00
2023/02/23	20.42	21.15	20.26	20.90	3622180	75429576.00
2023/02/24	20.75	21.07	20.55	20.66	2268460	47076648.00
2023/02/27	20.73	21.11	20.30	20.69	2692861	55905844.00
2023/02/28	20.93	21.10	20.60	20.99	2181568	45505880.00
2023/03/01	20.99	21.05	20.67	20.81	1663240	34660752.00
2023/03/02	21.03	21.37	20.63	20.74	2155400	45021916.00
2023/03/03	20.89	20.93	20.03	20.17	3733380	75823232.00
2023/03/06	20.17	20.24	19.58	19.99	3493509	69320152.00
2023/03/07	19.90	19.90	19.00	19.25	2616300	51182640.00
2023/03/08	19.25	19.80	19.21	19.71	1763089	34628784.00
2023/03/09	19.85	19.92	19.50	19.73	1808080	35578888.00
2023/03/10	19.46	19.59	19.16	19.33	2132600	41232888.00
2023/03/13	19.32	19.84	19.00	19.73	2394700	46836368.00
2023/03/14	19.61	19.85	19.00	19.38	2515883	48973536.00
2023/03/15	19.43	19.70	18.96	18.99	2409700	46382104.00
2023/03/16	19.01	19.02	18.38	18.46	2874460	53536388.00
2023/03/17	18.60	19.16	18.50	18.80	2445500	45860716.00
2023/03/20	18.83	18.83	17.00	18.63	2938320	54381120.00
2023/03/21	18.63	19.23	18.55	19.19	2889526	54888124.00
2023/03/22	19.19	19.40	18.80	18.97	1729046	32968252.00
2023/03/23	18.80	19.18	18.70	18.90	1803766	34150960.00
2023/03/24	19.09	19.55	18.87	19.27	2085060	40163252.00
2023/03/27	19.12	19.60	18.85	19.26	2946137	56752868.00
2023/03/28	19.09	19.32	18.89	18.96	2994228	57119848.00
2023/03/29	18.96	19.70	18.91	19.19	2350407	45542252.00
2023/03/30	19.18	20.07	19.09	19.70	3476720	68195776.00
2023/03/31	19.42	19.76	19.10	19.39	2667000	51811384.00
2023/04/03	19.38	19.58	18.39	18.60	4353920	82315432.00
2023/04/04	18.50	18.70	16.79	17.01	8897484	154285424.00
2023/04/06	16.97	17.16	16.61	17.05	3034240	51437408.00
2023/04/07	17.04	17.14	16.72	16.95	2707700	45812676.00
2023/04/10	16.85	16.93	16.49	16.60	2348028	39169636.00
2023/04/11	16.68	16.69	16.32	16.48	2466600	40579000.00
2023/04/12	16.30	16.67	16.26	16.36	1848500	30331436.00
2023/04/13	16.26	16.40	15.96	16.09	2711900	43685608.00
2023/04/14	16.14	16.55	16.05	16.26	2566520	41725708.00
2023/04/17	16.25	16.66	16.11	16.50	1977080	32447568.00
2023/04/18	16.50	16.78	16.19	16.68	2295700	37895192.00
2023/04/19	16.63	16.97	16.30	16.72	2535440	42294364.00
2023/04/20	16.77	16.77	16.11	16.35	3559940	58047680.00
2023/04/21	16.25	16.44	16.01	16.12	2002850	32422628.00
2023/04/24	16.25	16.25	15.65	15.97	2094277	33453616.00
2023/04/25	16.11	16.11	15.58	15.62	1712120	26921868.00
2023/04/26	15.74	16.16	15.50	15.99	1556094	24853416.00
2023/04/27	16.13	16.13	15.71	15.74	1547600	24558488.00
2023/04/28	15.74	16.06	15.72	15.95	1778000	28281916.00
2023/05/05	15.80	15.80	15.80	15.80	0	0.00
数据来源:通达信
