600908 无锡银行 日线 不复权
      日期	    开盘	    最高	    最低	    收盘	    成交量	    成交额
2016/09/23	5.36	6.44	5.36	6.44	69016	440035.00
2016/09/26	7.08	7.08	7.08	7.08	49916	353405.00
2016/09/27	7.79	7.79	7.79	7.79	50025	389695.00
2016/09/28	8.57	8.57	8.57	8.57	131117	1123673.00
2016/09/29	9.43	9.43	9.43	9.43	380725	3590237.00
2016/09/30	10.37	10.37	10.37	10.37	1400113	14519172.00
2016/10/10	11.41	11.41	11.41	11.41	1129604	12888782.00
2016/10/11	12.55	12.55	12.55	12.55	920282	11549539.00
2016/10/12	13.81	13.81	13.11	13.77	125745081	1690421504.00
2016/10/13	13.38	13.47	12.86	12.97	76309598	1006216896.00
2016/10/14	13.00	13.97	12.83	13.25	79164062	1061258880.00
2016/10/17	13.00	13.05	12.43	12.55	53289935	674576768.00
2016/10/18	12.45	12.47	12.02	12.45	44524741	546452288.00
2016/10/19	12.35	12.47	12.12	12.29	24012346	294383520.00
2016/10/20	12.33	12.34	11.85	11.87	29579040	356633088.00
2016/10/21	11.80	11.95	11.40	11.51	30312516	352609888.00
2016/10/24	11.50	12.39	11.43	12.01	51835826	620260992.00
2016/10/25	11.87	12.20	11.62	12.01	35894505	428391808.00
2016/10/26	11.96	11.98	11.69	11.78	18115692	214706688.00
2016/10/27	11.77	12.07	11.77	11.89	17568659	208944560.00
2016/10/28	11.92	13.08	11.80	13.07	100668241	1304221440.00
2016/10/31	13.00	13.95	12.17	13.59	110485040	1442102400.00
2016/11/01	13.19	13.25	12.88	13.15	57072060	746265408.00
2016/11/02	13.00	13.13	12.62	12.91	41195881	528187840.00
2016/11/03	12.75	13.26	12.58	12.90	41160707	534713600.00
2016/11/04	12.80	13.10	12.72	12.81	25862948	333400000.00
2016/11/07	12.73	13.03	12.66	12.85	18950035	243515360.00
2016/11/08	12.96	13.65	12.80	13.24	50136640	666370688.00
2016/11/09	13.11	13.13	12.61	12.78	35586630	457390944.00
2016/11/10	12.95	14.06	12.84	13.62	67410677	921483392.00
2016/11/11	13.69	14.80	13.40	14.13	65486438	916364672.00
2016/11/14	13.80	15.18	13.69	14.46	59811375	860297152.00
2016/11/15	14.26	14.46	14.05	14.12	29243076	415657184.00
2016/11/16	14.15	14.54	14.05	14.15	23415491	333102432.00
2016/11/17	14.03	14.04	13.62	13.93	23672953	326323520.00
2016/11/18	13.86	13.91	13.35	13.43	19811930	270314112.00
2016/11/21	13.40	13.98	13.32	13.68	21919931	301072480.00
2016/11/22	13.59	13.90	13.50	13.84	19130376	262344400.00
2016/11/23	13.82	14.20	13.60	13.69	27995414	389620736.00
2016/11/24	13.55	13.68	13.36	13.42	18144739	245220928.00
2016/11/25	13.43	13.65	13.26	13.53	13665968	183675456.00
2016/11/28	13.57	13.74	13.49	13.54	13764675	187160944.00
2016/11/29	13.48	13.50	12.80	12.84	22525567	295741408.00
2016/11/30	12.75	12.81	12.53	12.58	14063998	178188416.00
2016/12/01	12.65	12.76	12.57	12.70	9095619	115178688.00
2016/12/02	12.67	12.69	12.38	12.40	11107359	139063904.00
2016/12/05	12.27	12.48	12.20	12.45	6434846	79611896.00
2016/12/06	12.46	12.63	12.46	12.51	6296500	78999432.00
2016/12/07	12.50	12.67	12.47	12.65	6709668	84409096.00
2016/12/08	12.62	13.35	12.61	12.93	19570657	253333040.00
2016/12/09	12.89	13.15	12.68	12.76	16949375	218366064.00
2016/12/12	12.72	12.88	11.85	11.94	16058088	198882928.00
2016/12/13	11.88	11.97	11.60	11.85	9528359	112711080.00
2016/12/14	11.80	11.96	11.66	11.76	7501629	88726808.00
2016/12/15	11.68	11.91	11.64	11.80	6570502	77574104.00
2016/12/16	11.78	11.85	11.69	11.80	4682847	55199128.00
2016/12/19	11.80	11.80	11.60	11.62	5676527	66325900.00
2016/12/20	11.61	11.65	11.37	11.43	6789774	77902696.00
2016/12/21	11.48	11.63	11.46	11.58	5704133	65902240.00
2016/12/22	11.52	11.60	11.40	11.45	4814386	55163640.00
2016/12/23	11.44	11.46	11.06	11.08	7472100	83884584.00
2016/12/26	10.97	11.18	10.77	11.16	7343018	80456656.00
2016/12/27	11.10	11.16	11.00	11.02	4594671	50862436.00
2016/12/28	11.00	11.08	10.88	10.93	3180198	34912128.00
2016/12/29	10.95	11.11	10.92	10.96	4156186	45756296.00
2016/12/30	10.95	11.09	10.92	10.93	3147890	34561136.00
2017/01/03	11.01	11.14	10.97	11.07	4835267	53508432.00
2017/01/04	11.08	11.13	10.87	11.12	4681733	51778984.00
2017/01/05	11.11	11.16	11.08	11.09	5181943	57638604.00
2017/01/06	11.07	11.13	10.87	10.88	5886786	64509412.00
2017/01/09	10.87	10.88	10.72	10.80	4508607	48704188.00
2017/01/10	10.80	10.82	10.63	10.65	4784974	51366764.00
2017/01/11	10.64	10.76	10.46	10.62	9049652	96295272.00
2017/01/12	10.54	10.69	10.42	10.45	4512698	47591732.00
2017/01/13	10.44	10.46	10.19	10.22	6936301	71524568.00
2017/01/16	10.20	10.21	9.51	9.78	10599969	104556992.00
2017/01/17	9.66	9.84	9.41	9.76	8249612	79591312.00
2017/01/18	9.71	9.74	9.51	9.52	6160100	59169896.00
2017/01/19	9.52	9.59	9.30	9.46	6689833	63305536.00
2017/01/20	9.42	9.82	9.42	9.70	8353929	80677032.00
2017/01/23	9.71	9.81	9.67	9.75	5525129	53864776.00
2017/01/24	9.75	9.82	9.70	9.71	3232908	31508876.00
2017/01/25	9.70	9.76	9.68	9.73	3247097	31576852.00
2017/01/26	9.75	9.89	9.74	9.87	4575080	44974356.00
2017/02/03	9.86	9.87	9.67	9.68	3331448	32427302.00
2017/02/06	9.68	9.95	9.53	9.94	7273448	71343936.00
2017/02/07	9.87	10.09	9.83	9.88	7197208	71635152.00
2017/02/08	9.83	10.27	9.69	10.24	15851282	158830912.00
2017/02/09	10.10	10.26	10.08	10.18	9609717	97846688.00
2017/02/10	10.17	11.14	10.15	10.67	27144280	291555488.00
2017/02/13	10.85	11.74	10.85	11.48	45464325	522817984.00
2017/02/14	11.58	11.74	11.01	11.47	37583791	430814496.00
2017/02/15	11.35	12.62	11.35	12.18	52920428	640830848.00
2017/02/16	11.99	12.80	11.82	12.32	44716831	552799680.00
2017/02/17	12.20	12.60	11.71	11.74	32661307	396453280.00
2017/02/20	11.60	12.91	11.42	12.91	50754093	635317248.00
2017/02/21	13.77	14.10	12.73	13.00	64120544	854592320.00
2017/02/22	12.56	12.75	12.24	12.45	37549773	468090880.00
2017/02/23	12.43	12.59	12.20	12.29	22887691	282958784.00
2017/02/24	12.29	12.85	12.21	12.67	26546026	331435424.00
2017/02/27	12.50	12.87	12.15	12.55	29465967	369324288.00
2017/02/28	12.49	13.81	12.45	13.81	24960948	338071232.00
2017/03/01	14.40	14.88	13.67	13.86	78584814	1125070336.00
2017/03/02	13.91	14.85	13.85	14.47	66685366	954602304.00
2017/03/03	14.17	14.27	13.66	13.78	38175823	534604000.00
2017/03/06	13.60	15.16	13.41	14.41	42371384	608532032.00
2017/03/07	14.20	14.85	14.12	14.66	41496298	605148608.00
2017/03/08	14.45	14.99	14.30	14.52	36415464	530964672.00
2017/03/09	14.40	14.85	14.31	14.49	29261900	426424576.00
2017/03/10	14.35	14.50	13.83	13.93	27245417	383578784.00
2017/03/13	13.98	14.09	13.67	13.92	15320800	212666784.00
2017/03/14	13.92	14.05	13.71	13.81	15745267	217767104.00
2017/03/15	13.86	14.04	13.70	13.77	14386435	199074768.00
2017/03/16	13.75	14.90	13.75	14.47	41592501	600020544.00
2017/03/17	14.32	14.37	13.64	13.66	33934022	474922368.00
2017/03/20	13.56	13.89	13.35	13.58	18176769	246834736.00
2017/03/21	13.50	13.50	13.21	13.34	13678553	182566288.00
2017/03/22	13.28	13.32	12.92	13.11	14193584	186045184.00
2017/03/23	13.18	13.36	12.94	13.21	14255670	188016384.00
2017/03/24	13.19	13.19	12.92	13.07	10333356	134443136.00
2017/03/27	13.08	13.44	12.93	13.20	12241396	161446096.00
2017/03/28	13.16	13.35	13.10	13.27	9677802	127974408.00
2017/03/29	13.26	13.30	12.72	12.73	13017800	168521472.00
2017/03/30	12.65	12.95	12.25	12.74	16966864	212889920.00
2017/03/31	12.72	14.01	12.53	14.01	67076737	926206144.00
2017/04/05	13.39	13.66	12.93	13.33	53728115	711893888.00
2017/04/06	13.09	13.24	13.01	13.15	18938121	248459024.00
2017/04/07	13.10	13.38	13.04	13.07	18444062	243492592.00
2017/04/10	12.87	13.60	12.59	13.38	36644161	484280576.00
2017/04/11	13.31	14.72	13.15	14.50	77347954	1104145152.00
2017/04/12	14.49	14.89	14.35	14.71	36590199	536856480.00
2017/04/13	14.81	15.15	14.66	14.75	18567210	275646528.00
2017/04/14	14.63	14.87	14.61	14.77	16334560	240737488.00
2017/04/17	14.50	15.72	13.29	15.60	53915486	798321344.00
2017/04/18	15.35	16.22	15.30	16.19	40002097	633236864.00
2017/04/19	16.20	16.47	15.80	16.37	23379430	378798496.00
2017/04/20	16.08	16.29	15.71	15.89	16806394	267535904.00
2017/04/21	15.80	16.19	15.02	16.09	24291538	381914432.00
2017/04/24	16.10	17.70	15.60	17.70	34836972	593055808.00
2017/04/25	17.86	19.43	17.50	19.15	39010146	726949760.00
2017/04/26	18.41	18.93	17.43	18.50	32148544	578666048.00
2017/04/27	17.70	17.70	16.65	16.65	41146526	690657280.00
2017/04/28	16.06	16.71	16.02	16.29	20002553	327706752.00
2017/05/02	16.49	17.92	16.38	17.92	37937508	661061632.00
2017/05/03	18.49	19.71	18.45	19.71	51675320	1006634176.00
2017/05/05	19.90	21.68	18.62	21.67	45244235	954242560.00
2017/05/08	21.40	23.84	20.25	23.80	32670662	713783744.00
2017/05/15	21.42	21.90	21.42	21.42	21637600	463494272.00
2017/05/16	20.70	20.70	19.28	20.05	45180378	879847552.00
2017/05/17	19.32	19.32	18.05	18.05	65516560	1192400768.00
2017/05/18	16.91	17.08	16.25	16.25	85965852	1414161024.00
2017/05/19	15.59	16.12	15.11	15.58	71850048	1121923200.00
2017/05/22	15.45	15.62	14.81	14.90	51660665	785749952.00
2017/05/23	14.81	15.33	14.36	14.49	56630751	843301760.00
2017/05/24	14.33	14.45	13.81	14.29	41183042	582899776.00
2017/05/25	14.36	14.95	14.21	14.65	55565686	812035200.00
2017/05/26	14.37	14.46	13.80	13.83	46355286	651762880.00
2017/05/31	14.05	14.15	13.43	13.54	34710219	478384032.00
2017/06/01	13.43	13.68	12.58	12.67	37287127	492704000.00
2017/06/02	12.45	12.82	12.01	12.72	30247597	375677760.00
2017/06/05	12.63	12.90	12.56	12.74	18257263	232126528.00
2017/06/06	12.60	12.68	12.28	12.42	23446102	291439072.00
2017/06/07	12.39	13.59	12.38	13.41	52433746	684673344.00
2017/06/08	13.25	13.34	13.03	13.13	30927121	406339712.00
2017/06/09	13.05	13.21	12.83	13.05	20176734	262701824.00
2017/06/12	12.83	13.16	12.54	12.64	22604393	290251040.00
2017/06/13	12.60	12.88	12.51	12.80	19008435	241775936.00
2017/06/14	12.75	12.85	12.56	12.65	15890881	201516368.00
2017/06/15	12.60	13.39	12.60	13.15	40810017	535380576.00
2017/06/16	13.05	13.11	12.87	13.01	23679136	307129888.00
2017/06/19	13.04	13.25	12.97	13.10	19252612	252295296.00
2017/06/20	13.10	13.31	13.03	13.29	24557819	323532288.00
2017/06/21	13.42	13.55	13.02	13.16	22293103	293736000.00
2017/06/22	13.05	13.67	13.00	13.26	42711438	571343616.00
2017/06/23	13.13	13.18	12.61	12.88	26985757	347246272.00
2017/06/26	12.80	12.96	12.73	12.87	14049073	180207664.00
2017/06/27	12.86	13.15	12.80	12.94	17363340	225156112.00
2017/06/28	12.90	13.27	12.76	13.15	26916873	352096512.00
2017/06/29	13.15	13.30	13.03	13.07	21874219	287164896.00
2017/06/30	12.95	13.01	12.70	12.84	16309166	209487632.00
2017/07/03	12.80	12.99	12.73	12.98	14675477	188470784.00
2017/07/04	12.95	13.14	12.87	12.95	18589079	241361264.00
2017/07/05	12.90	12.97	12.76	12.89	15338919	196916528.00
2017/07/06	12.90	12.99	12.78	12.87	14221569	183208224.00
2017/07/07	12.96	13.10	12.78	12.84	19056167	245648512.00
2017/07/10	12.70	12.73	12.35	12.39	23456878	293031808.00
2017/07/11	12.34	12.49	12.29	12.34	11631199	144359808.00
2017/07/12	12.37	12.38	12.02	12.12	13968200	170062560.00
2017/07/13	12.12	12.32	11.94	12.22	17442769	211602064.00
2017/07/14	12.20	12.20	12.00	12.03	11151267	134461440.00
2017/07/17	12.03	12.32	11.25	11.53	24792700	294401600.00
2017/07/18	11.31	11.72	11.30	11.57	11693400	134660448.00
2017/07/19	11.61	11.74	11.46	11.66	14282369	165799872.00
2017/07/20	11.65	11.72	11.53	11.63	12125402	141098400.00
2017/07/21	11.58	11.58	11.25	11.29	14156802	161417104.00
2017/07/24	11.19	11.37	11.14	11.30	7868800	88629688.00
2017/07/25	11.30	11.39	11.18	11.24	8340000	94079360.00
2017/07/26	11.20	11.31	10.95	11.03	10846800	120557320.00
2017/07/27	11.03	11.13	10.71	11.10	14963012	163670304.00
2017/07/28	11.00	11.04	10.93	10.94	8516600	93488976.00
2017/07/31	10.94	10.97	10.80	10.87	7956600	86597472.00
2017/08/01	10.84	11.80	10.84	11.64	35197767	405967712.00
2017/08/02	11.43	12.49	11.39	12.22	47744821	566544256.00
2017/08/03	12.15	12.15	11.80	11.87	24262102	289562400.00
2017/08/04	11.81	12.04	11.73	11.74	14005550	165842432.00
2017/08/07	11.62	11.66	11.48	11.64	8975978	103979480.00
2017/08/08	11.56	11.74	11.50	11.63	9870302	114463152.00
2017/08/09	11.58	11.60	11.36	11.40	10634045	121819208.00
2017/08/10	11.40	11.86	11.37	11.64	18381152	214861328.00
2017/08/11	11.50	11.58	11.08	11.16	14881650	168398976.00
2017/08/14	11.19	11.32	11.14	11.27	6696100	75246232.00
2017/08/15	11.26	11.63	11.24	11.44	12307300	141385440.00
2017/08/16	11.33	11.45	11.20	11.40	9986100	112929752.00
2017/08/17	11.39	11.50	11.30	11.44	8085600	92214720.00
2017/08/18	11.39	11.44	11.30	11.32	7001500	79415888.00
2017/08/21	11.30	11.38	11.28	11.36	6510479	73681328.00
2017/08/22	11.36	11.58	11.31	11.44	11520900	131781840.00
2017/08/23	11.43	11.73	11.33	11.56	16779563	193338448.00
2017/08/24	11.50	11.68	11.33	11.36	12091230	139004608.00
2017/08/25	11.30	11.55	11.27	11.53	12757482	145958720.00
2017/08/28	11.50	12.34	11.50	11.97	35834095	426411904.00
2017/08/29	11.89	11.94	11.67	11.79	18445715	217206432.00
2017/08/30	11.71	11.85	11.60	11.66	12173202	142616032.00
2017/08/31	11.66	11.85	11.62	11.73	12079733	141732160.00
2017/09/01	11.68	11.72	11.57	11.67	11670200	135677728.00
2017/09/04	11.56	11.56	11.35	11.40	13683544	156146592.00
2017/09/05	11.35	11.45	11.31	11.35	9216800	104854560.00
2017/09/06	11.35	11.36	11.15	11.22	10493033	117879632.00
2017/09/07	11.22	11.32	11.18	11.29	7113931	80115232.00
2017/09/08	11.25	11.33	11.16	11.20	7262181	81603816.00
2017/09/11	11.15	11.22	11.12	11.19	7084616	79090960.00
2017/09/12	11.23	11.29	11.12	11.16	7672430	85831968.00
2017/09/13	11.13	11.67	11.12	11.42	18895306	215418048.00
2017/09/14	11.30	11.36	11.16	11.18	12239430	137763760.00
2017/09/15	11.12	11.25	11.12	11.20	7891506	88104184.00
2017/09/18	11.16	11.22	11.16	11.20	6236030	69741416.00
2017/09/19	11.18	11.52	11.16	11.40	21930299	250015504.00
2017/09/20	11.24	11.28	11.15	11.23	13716327	153509200.00
2017/09/21	11.18	11.31	11.15	11.16	10404177	116579048.00
2017/09/22	11.15	11.17	10.80	10.84	14757900	162078240.00
2017/09/25	9.81	10.04	9.76	9.76	60957035	601226560.00
2017/09/26	9.40	9.46	9.12	9.26	58041493	539440832.00
2017/09/27	9.20	9.38	9.14	9.30	25485804	236789216.00
2017/09/28	9.27	9.30	9.14	9.15	19316410	177999536.00
2017/09/29	9.15	9.28	9.14	9.19	18388949	169155072.00
2017/10/09	9.40	9.44	9.28	9.35	24200904	226248720.00
2017/10/10	9.29	9.38	9.28	9.38	18788746	175513552.00
2017/10/11	9.39	9.41	9.33	9.34	16114941	150902736.00
2017/10/12	9.32	9.36	9.20	9.25	13938344	129325864.00
2017/10/13	9.24	9.30	9.20	9.26	13109352	121184536.00
2017/10/16	9.26	9.28	9.13	9.17	15590743	143700576.00
2017/10/17	9.19	9.19	9.05	9.08	11543726	104995896.00
2017/10/18	9.08	9.18	9.05	9.07	14538964	132334224.00
2017/10/19	9.05	9.05	8.76	8.78	21200204	188034448.00
2017/10/20	8.75	8.83	8.68	8.83	15997308	139768096.00
2017/10/23	8.79	8.87	8.76	8.83	11168165	98390128.00
2017/10/24	8.84	8.85	8.67	8.74	13229741	115579136.00
2017/10/25	8.72	9.04	8.71	8.95	26386235	235068912.00
2017/10/26	8.90	8.97	8.85	8.94	14836100	132270848.00
2017/10/27	8.94	9.10	8.92	8.99	20710168	186953184.00
2017/10/30	8.96	8.96	8.53	8.58	24074955	208832704.00
2017/10/31	8.63	8.66	8.56	8.64	9031353	77754304.00
2017/11/01	8.60	8.69	8.60	8.65	8275476	71513632.00
2017/11/02	8.68	8.68	8.55	8.61	8806138	75664608.00
2017/11/03	8.59	8.59	8.35	8.39	13823325	116637536.00
2017/11/06	8.37	8.42	8.22	8.38	9840503	81770528.00
2017/11/07	8.38	8.55	8.29	8.50	13383203	113051760.00
2017/11/08	8.54	8.60	8.42	8.52	12960269	110373872.00
2017/11/09	8.46	8.57	8.45	8.50	7980320	67908664.00
2017/11/10	8.49	8.50	8.35	8.38	14051248	117904656.00
2017/11/13	8.38	9.10	8.37	8.79	44291414	389250976.00
2017/11/14	8.70	8.75	8.57	8.62	20100594	173441888.00
2017/11/15	8.57	8.73	8.56	8.63	15291259	132098776.00
2017/11/16	8.57	8.57	8.36	8.37	17274710	145702336.00
2017/11/17	8.34	8.56	8.25	8.28	16798987	141284528.00
2017/11/20	8.08	8.14	7.71	8.11	14622807	116661448.00
2017/11/21	8.07	8.24	8.01	8.11	11796480	95991392.00
2017/11/22	8.15	8.29	8.09	8.13	12441835	101839264.00
2017/11/23	8.10	8.16	7.86	7.88	12724438	101946352.00
2017/11/24	7.86	7.95	7.76	7.80	10398795	81417112.00
2017/11/27	7.77	7.80	7.61	7.64	11036867	84732424.00
2017/11/28	7.62	7.74	7.58	7.71	7763389	59710192.00
2017/11/29	7.71	8.20	7.69	7.94	22052927	174075232.00
2017/11/30	7.86	8.44	7.85	8.21	32896686	267380400.00
2017/12/01	8.13	8.20	8.06	8.09	19680594	159993376.00
2017/12/04	8.05	8.10	7.94	8.02	11209863	89820200.00
2017/12/05	7.99	8.06	7.86	7.86	11541200	91750760.00
2017/12/06	7.86	7.95	7.80	7.92	9058322	71315960.00
2017/12/07	7.91	8.01	7.82	7.87	8646842	68551216.00
2017/12/08	7.84	7.96	7.79	7.95	9953290	78544168.00
2017/12/11	7.95	8.04	7.90	8.02	9468993	75565208.00
2017/12/12	8.02	8.02	7.80	7.83	10333268	81543800.00
2017/12/13	7.80	7.90	7.80	7.87	4751705	37335372.00
2017/12/14	7.87	8.02	7.83	7.89	6645987	52656588.00
2017/12/15	7.85	7.89	7.77	7.82	6803957	53235396.00
2017/12/18	7.79	7.85	7.71	7.75	5443600	42348488.00
2017/12/19	7.75	8.10	7.75	8.00	19167618	152651520.00
2017/12/20	7.93	7.98	7.79	7.81	11010528	86684256.00
2017/12/21	7.76	7.92	7.74	7.81	9336805	73202936.00
2017/12/22	7.78	7.80	7.72	7.75	6679106	51809856.00
2017/12/25	7.75	7.79	7.69	7.72	6784147	52491716.00
2017/12/26	7.70	7.90	7.66	7.81	11739210	91427072.00
2017/12/27	7.79	7.82	7.70	7.73	9348271	72566528.00
2017/12/28	7.73	8.05	7.71	7.87	19096605	150911408.00
2017/12/29	7.84	7.91	7.80	7.87	10307333	80973888.00
2018/01/02	7.90	7.96	7.88	7.92	10775269	85344752.00
2018/01/03	7.92	8.08	7.86	8.07	22272460	177892432.00
2018/01/04	8.05	8.54	8.02	8.31	43332625	358797824.00
2018/01/05	8.24	8.27	8.14	8.17	20551464	168229232.00
2018/01/08	8.15	8.24	8.13	8.20	13047005	106752992.00
2018/01/09	8.18	8.27	8.14	8.16	11497470	94141616.00
2018/01/10	8.20	8.24	8.13	8.19	12707291	103959784.00
2018/01/11	8.16	8.22	8.06	8.12	11244514	91441456.00
2018/01/12	8.11	8.14	8.01	8.03	8858048	71487760.00
2018/01/15	8.03	8.09	7.90	7.91	13034099	104219112.00
2018/01/16	7.90	8.02	7.87	8.00	8383000	66614124.00
2018/01/17	8.01	8.54	8.01	8.26	37549606	311266080.00
2018/01/18	8.26	8.69	8.22	8.64	57147193	487552160.00
2018/01/19	8.66	9.50	8.55	9.50	126640348	1170809088.00
2018/01/22	9.30	9.30	8.90	8.92	79718425	723304320.00
2018/01/23	8.80	9.47	8.56	9.24	83043216	754726144.00
2018/01/24	9.19	9.34	8.92	9.13	55772184	508095776.00
2018/01/25	9.00	9.04	8.78	8.93	33066566	294246880.00
2018/01/26	8.90	9.13	8.88	9.00	34692664	313335296.00
2018/01/29	8.95	9.14	8.77	8.90	40177022	360219744.00
2018/01/30	8.80	8.90	8.57	8.73	31108129	271994336.00
2018/01/31	8.70	8.87	8.64	8.80	25701360	225251552.00
2018/02/01	8.75	8.84	8.05	8.07	37170047	311725120.00
2018/02/02	8.04	8.16	7.73	8.09	21221775	169766656.00
2018/02/05	7.90	8.36	7.87	8.31	22993133	189234928.00
2018/02/06	8.15	8.52	7.99	8.00	29894563	247279152.00
2018/02/07	8.15	8.47	8.11	8.24	32195494	265829824.00
2018/02/08	8.17	8.23	7.95	8.09	21476238	173365392.00
2018/02/09	7.92	7.94	7.47	7.64	25874764	199325296.00
2018/02/12	7.67	7.85	7.62	7.75	10957253	84657688.00
2018/02/13	7.78	7.87	7.67	7.70	10990291	85678976.00
2018/02/14	7.73	7.75	7.58	7.65	7895093	60377680.00
2018/02/22	7.72	7.82	7.72	7.81	9207555	71630816.00
2018/02/23	7.79	7.87	7.74	7.84	9400500	73387952.00
2018/02/26	7.87	8.02	7.79	8.01	14865050	117802232.00
2018/02/27	7.97	8.02	7.89	7.95	13080431	103895728.00
2018/02/28	7.87	7.91	7.78	7.86	13062012	102370400.00
2018/03/01	7.79	7.91	7.74	7.89	10021901	78712664.00
2018/03/02	7.81	7.99	7.79	7.90	15813212	124796784.00
2018/03/05	7.86	7.91	7.79	7.82	10594121	82880376.00
2018/03/06	7.84	7.93	7.78	7.93	13603288	106954848.00
2018/03/07	8.02	8.06	7.86	7.87	17294055	138141504.00
2018/03/08	7.83	7.88	7.82	7.87	9473433	74348720.00
2018/03/09	7.85	7.93	7.82	7.91	10197812	80245744.00
2018/03/12	7.95	8.02	7.88	8.01	16643618	132330200.00
2018/03/13	8.00	8.13	7.94	7.96	17022389	136674144.00
2018/03/14	7.91	7.94	7.81	7.82	12365194	97205600.00
2018/03/15	7.78	7.78	7.62	7.68	14937551	114610544.00
2018/03/16	7.66	7.70	7.62	7.63	6815133	52222800.00
2018/03/19	7.63	7.69	7.61	7.65	5508954	42104380.00
2018/03/20	7.61	7.65	7.56	7.62	8748088	66427100.00
2018/03/21	7.62	7.71	7.59	7.61	9013493	68955576.00
2018/03/22	7.60	7.62	7.51	7.53	8144657	61452336.00
2018/03/23	7.37	7.37	6.93	7.03	16381941	117606968.00
2018/03/26	6.90	7.07	6.75	7.06	9998461	69540896.00
2018/03/27	7.10	7.18	7.08	7.13	9532961	67906488.00
2018/03/28	7.06	7.48	7.03	7.22	14788142	107744880.00
2018/03/29	7.17	7.30	7.10	7.26	14166300	102053600.00
2018/03/30	7.24	7.26	7.17	7.18	9375435	67567648.00
2018/04/02	7.21	7.25	7.11	7.12	8254571	59281932.00
2018/04/03	7.01	7.08	6.96	7.03	7648221	53680440.00
2018/04/04	7.05	7.19	7.04	7.06	8318343	59140604.00
2018/04/09	7.02	7.09	6.97	7.05	6233829	43842600.00
2018/04/10	7.07	7.24	7.05	7.19	12919713	92136120.00
2018/04/11	7.19	7.26	7.14	7.20	12976936	93373928.00
2018/04/12	7.15	7.18	7.06	7.12	8702681	62010000.00
2018/04/13	7.15	7.17	7.06	7.07	5782404	41046520.00
2018/04/16	7.04	7.05	6.93	6.94	7731800	53977836.00
2018/04/17	6.95	7.01	6.86	6.87	7141372	49569300.00
2018/04/18	7.00	7.03	6.88	6.96	7294416	50698140.00
2018/04/19	6.95	7.01	6.90	6.95	5891546	40970452.00
2018/04/20	6.94	6.95	6.77	6.79	7550432	51694716.00
2018/04/23	6.79	6.83	6.71	6.78	5694059	38500340.00
2018/04/24	6.77	6.99	6.76	6.90	9913371	68340704.00
2018/04/25	6.86	6.87	6.81	6.85	6480441	44261468.00
2018/04/26	6.84	6.85	6.72	6.73	6038839	40871896.00
2018/04/27	6.74	6.82	6.74	6.79	4509138	30576740.00
2018/05/02	6.80	6.85	6.74	6.81	4917480	33387762.00
2018/05/03	6.80	6.83	6.72	6.82	7302168	49476592.00
2018/05/04	6.81	6.82	6.75	6.77	4860814	32956892.00
2018/05/07	6.77	6.84	6.77	6.83	6487581	44163744.00
2018/05/08	6.84	6.89	6.80	6.88	8646443	59341132.00
2018/05/09	6.87	6.87	6.80	6.85	6307964	43082256.00
2018/05/10	6.86	6.89	6.83	6.88	7066115	48491828.00
2018/05/11	6.88	6.93	6.85	6.86	6204927	42734844.00
2018/05/14	6.85	6.97	6.82	6.89	8858349	61028780.00
2018/05/15	6.90	6.91	6.83	6.89	6438500	44138252.00
2018/05/16	6.88	6.91	6.84	6.85	5193190	35637248.00
2018/05/17	6.86	6.87	6.82	6.84	3687100	25225628.00
2018/05/18	6.83	6.90	6.82	6.89	4973938	34122248.00
2018/05/21	6.90	6.98	6.88	6.95	9052320	62756752.00
2018/05/22	6.94	7.01	6.90	7.01	9569880	66540320.00
2018/05/23	7.00	7.01	6.87	6.87	5866230	40703456.00
2018/05/24	6.88	6.92	6.83	6.84	4075900	28001954.00
2018/05/25	6.84	6.86	6.80	6.81	3837504	26183816.00
2018/05/28	6.80	6.84	6.72	6.73	4578600	30924454.00
2018/05/29	6.73	6.76	6.65	6.70	5682336	38066524.00
2018/05/30	6.63	6.74	6.55	6.57	7784543	51481932.00
2018/05/31	6.61	6.68	6.58	6.64	4846084	32105596.00
2018/06/01	6.63	6.66	6.56	6.60	5333441	35224548.00
2018/06/04	6.64	6.66	6.59	6.62	5645379	37351820.00
2018/06/05	6.47	6.51	6.40	6.48	7023648	45289496.00
2018/06/06	6.46	6.48	6.41	6.47	4538877	29249600.00
2018/06/07	6.48	6.52	6.44	6.45	5018295	32543820.00
2018/06/08	6.45	6.45	6.25	6.27	6554800	41480448.00
2018/06/11	6.21	6.29	6.20	6.26	5963850	37221228.00
2018/06/12	6.26	6.31	6.19	6.27	4783862	29927068.00
2018/06/13	6.27	6.32	6.18	6.19	3793118	23724540.00
2018/06/14	6.17	6.25	6.17	6.18	3676392	22799140.00
2018/06/15	6.19	6.24	6.14	6.15	4523200	27958040.00
2018/06/19	6.09	6.09	5.59	5.67	9498009	55517028.00
2018/06/20	5.67	5.82	5.67	5.76	6779020	38978792.00
2018/06/21	5.78	5.85	5.68	5.69	7212164	41573800.00
2018/06/22	5.65	5.77	5.63	5.77	4991604	28570544.00
2018/06/25	5.86	5.91	5.76	5.78	5944509	34676292.00
2018/06/26	5.67	5.76	5.63	5.75	4863518	27780356.00
2018/06/27	5.75	5.98	5.75	5.80	10324056	60468352.00
2018/06/28	5.78	5.86	5.69	5.76	5011803	28934996.00
2018/06/29	5.75	5.92	5.73	5.89	6581147	38412712.00
2018/07/02	5.86	5.92	5.74	5.78	5439654	31699112.00
2018/07/03	5.77	5.86	5.74	5.85	5295297	30772644.00
2018/07/04	5.82	5.90	5.79	5.80	4776932	27827648.00
2018/07/05	5.77	5.81	5.61	5.64	5925409	33765680.00
2018/07/06	5.63	5.72	5.53	5.66	4822896	27199116.00
2018/07/09	5.66	5.79	5.65	5.78	5219400	29971332.00
2018/07/10	5.77	5.79	5.71	5.76	3901799	22422166.00
2018/07/11	5.70	5.70	5.55	5.59	5493929	30844820.00
2018/07/12	5.60	5.72	5.60	5.71	5837547	33206344.00
2018/07/13	5.75	5.75	5.67	5.70	4022900	22947324.00
2018/07/16	5.69	5.70	5.64	5.67	2717200	15383426.00
2018/07/17	5.67	5.69	5.63	5.68	2709100	15330015.00
2018/07/18	5.69	5.72	5.64	5.66	2704893	15375562.00
2018/07/19	5.65	5.68	5.58	5.59	3956900	22271656.00
2018/07/20	5.59	6.14	5.53	6.04	25860359	153539072.00
2018/07/23	5.91	6.15	5.86	6.04	26071386	156706688.00
2018/07/24	5.96	6.09	5.95	5.99	16040993	96404008.00
2018/07/25	5.97	6.04	5.94	5.99	7880255	47165108.00
2018/07/26	6.00	6.02	5.91	5.91	6710976	39923924.00
2018/07/27	5.90	5.95	5.85	5.88	5348553	31552122.00
2018/07/30	5.88	5.96	5.85	5.88	4549301	26835974.00
2018/07/31	5.89	6.22	5.86	6.04	14258730	85909600.00
2018/08/01	6.01	6.04	5.83	5.85	11018170	65377000.00
2018/08/02	5.83	5.84	5.60	5.70	8723538	49844280.00
2018/08/03	5.66	5.75	5.65	5.66	5211631	29698756.00
2018/08/06	5.62	5.76	5.62	5.64	5766998	32835444.00
2018/08/07	5.67	5.81	5.64	5.80	7312949	41933636.00
2018/08/08	5.79	5.79	5.68	5.69	5470530	31326716.00
2018/08/09	5.68	5.82	5.67	5.78	6901348	39799424.00
2018/08/10	5.77	5.80	5.73	5.77	3742398	21554632.00
2018/08/13	5.70	5.75	5.65	5.73	4692358	26707044.00
2018/08/14	5.71	5.75	5.69	5.73	3076030	17608808.00
2018/08/15	5.73	5.74	5.61	5.64	5142950	29079178.00
2018/08/16	5.61	5.70	5.56	5.64	5372922	30192592.00
2018/08/17	5.65	5.68	5.54	5.55	3750955	21026376.00
2018/08/20	5.56	5.61	5.54	5.61	3370763	18805056.00
2018/08/21	5.60	5.68	5.59	5.63	3769008	21249052.00
2018/08/22	5.62	5.63	5.57	5.59	2656992	14865977.00
2018/08/23	5.59	5.66	5.57	5.61	3135801	17616716.00
2018/08/24	5.60	5.92	5.59	5.73	13490511	77555184.00
2018/08/27	5.69	5.77	5.68	5.76	8794858	50345736.00
2018/08/28	5.76	5.77	5.71	5.74	4517875	25900740.00
2018/08/29	5.74	5.79	5.72	5.75	4002409	23044764.00
2018/08/30	5.75	5.81	5.70	5.78	6780039	39028184.00
2018/08/31	5.77	5.81	5.71	5.75	5505973	31744388.00
2018/09/03	5.72	5.76	5.68	5.74	3406357	19470924.00
2018/09/04	5.72	5.82	5.70	5.80	6783434	39203400.00
2018/09/05	5.79	5.80	5.68	5.68	5293060	30426216.00
2018/09/06	5.68	5.72	5.64	5.65	3343903	18963676.00
2018/09/07	5.68	5.77	5.66	5.69	4281797	24496440.00
2018/09/10	5.69	5.72	5.65	5.66	3169001	17983714.00
2018/09/11	5.66	5.74	5.64	5.68	4699557	26732438.00
2018/09/12	5.69	5.74	5.67	5.71	4751372	27116028.00
2018/09/13	5.74	5.77	5.67	5.75	5286749	30211296.00
2018/09/14	5.74	5.74	5.67	5.69	4504800	25712500.00
2018/09/17	5.66	5.66	5.59	5.61	4674682	26285556.00
2018/09/18	5.61	5.68	5.57	5.67	4836705	27254648.00
2018/09/19	5.65	5.73	5.63	5.70	5824989	33171000.00
2018/09/20	5.70	5.73	5.68	5.71	4084675	23316018.00
2018/09/21	5.73	5.90	5.68	5.85	14632847	84974736.00
2018/09/25	5.81	5.82	5.77	5.81	7161582	41538696.00
2018/09/26	5.81	5.88	5.80	5.82	7323223	42764432.00
2018/09/27	5.80	5.81	5.73	5.73	5010314	28896614.00
2018/09/28	5.75	5.92	5.73	5.88	13025335	76157704.00
2018/10/08	5.80	5.82	5.69	5.71	8303924	47857156.00
2018/10/09	5.74	5.74	5.66	5.68	5725627	32585828.00
2018/10/10	5.67	5.72	5.62	5.67	4543515	25756728.00
2018/10/11	5.56	5.57	5.16	5.20	14316313	76583808.00
2018/10/12	5.16	5.25	5.11	5.20	10052044	52125808.00
2018/10/15	5.20	5.20	5.05	5.08	8168941	41912928.00
2018/10/16	5.07	5.13	5.00	5.04	6208713	31385172.00
2018/10/17	5.07	5.09	5.00	5.07	4737515	23951868.00
2018/10/18	5.06	5.06	4.88	4.88	6110989	30231866.00
2018/10/19	4.84	4.99	4.82	4.97	5370391	26445654.00
2018/10/22	4.98	5.37	4.98	5.31	17540743	91773400.00
2018/10/23	5.28	5.31	5.16	5.18	9623495	50297144.00
2018/10/24	5.14	5.70	5.12	5.53	38418358	212695648.00
2018/10/25	5.34	5.90	5.30	5.82	34917820	195135616.00
2018/10/26	5.75	5.77	5.54	5.63	25742040	145314784.00
2018/10/29	5.60	5.67	5.43	5.46	12134092	67115504.00
2018/10/30	5.46	5.77	5.44	5.67	22378747	126063120.00
2018/10/31	5.64	5.71	5.56	5.61	14913783	84011344.00
2018/11/01	5.65	5.95	5.62	5.68	22349480	128895440.00
2018/11/02	5.75	6.03	5.69	5.91	30071448	176592832.00
2018/11/05	5.89	5.90	5.75	5.84	17548049	102092936.00
2018/11/06	5.82	5.82	5.70	5.77	9259642	53169500.00
2018/11/07	5.77	5.82	5.63	5.66	11948795	68365368.00
2018/11/08	5.73	5.75	5.63	5.67	9300290	52951308.00
2018/11/09	5.64	5.67	5.58	5.62	7008996	39380548.00
2018/11/12	5.59	5.72	5.59	5.72	6581516	37335656.00
2018/11/13	5.64	5.90	5.62	5.84	15840255	91380424.00
2018/11/14	5.82	5.85	5.72	5.72	11057802	63911316.00
2018/11/15	5.69	5.87	5.69	5.87	15668317	91066224.00
2018/11/16	5.88	6.05	5.77	5.94	25305407	149907600.00
2018/11/19	5.91	6.19	5.90	6.15	31154747	189222816.00
2018/11/20	6.05	6.10	5.83	5.84	20607263	122891168.00
2018/11/21	5.78	5.90	5.76	5.88	9938194	58086372.00
2018/11/22	5.88	5.88	5.77	5.78	7704321	44773500.00
2018/11/23	5.75	5.82	5.58	5.58	11851343	67252064.00
2018/11/26	5.58	5.74	5.56	5.65	8173011	46334960.00
2018/11/27	5.68	5.71	5.57	5.60	5609370	31651312.00
2018/11/28	5.60	5.76	5.59	5.74	10224320	58266712.00
2018/11/29	5.74	5.77	5.59	5.61	8280000	47026872.00
2018/11/30	5.60	5.65	5.51	5.60	6494877	36295116.00
2018/12/03	5.71	5.80	5.68	5.77	11470547	65930188.00
2018/12/04	5.73	5.80	5.73	5.80	7128627	41066504.00
2018/12/05	5.70	5.74	5.66	5.70	5748187	32781070.00
2018/12/06	5.66	5.68	5.60	5.62	5270200	29669908.00
2018/12/07	5.64	5.65	5.58	5.60	2971718	16686116.00
2018/12/10	5.58	5.59	5.53	5.55	3452615	19191842.00
2018/12/11	5.56	5.69	5.56	5.64	4506382	25371842.00
2018/12/12	5.65	5.72	5.64	5.67	5264334	29877248.00
2018/12/13	5.70	5.82	5.63	5.75	9999956	57450544.00
2018/12/14	5.74	5.77	5.60	5.61	7330449	41601284.00
2018/12/17	5.55	5.67	5.55	5.66	4557580	25608854.00
2018/12/18	5.65	5.70	5.55	5.61	3994826	22412774.00
2018/12/19	5.61	5.64	5.51	5.52	4527845	25191444.00
2018/12/20	5.52	5.55	5.37	5.40	7989695	43355808.00
2018/12/21	5.39	5.40	5.28	5.32	5962529	31776708.00
2018/12/24	5.32	5.37	5.28	5.36	3556128	19001520.00
2018/12/25	5.30	5.31	5.17	5.28	5949765	31157414.00
2018/12/26	5.28	5.32	5.23	5.24	3183333	16750979.00
2018/12/27	5.32	5.33	5.22	5.23	3374885	17861002.00
2018/12/28	5.22	5.32	5.22	5.24	3098796	16313070.00
2019/01/02	5.27	5.27	5.20	5.22	2688004	14053041.00
2019/01/03	5.21	5.37	5.21	5.29	6852359	36372528.00
2019/01/04	5.25	5.58	5.23	5.50	12913521	70352120.00
2019/01/07	5.52	5.56	5.44	5.50	7464866	40900180.00
2019/01/08	5.46	5.50	5.42	5.44	5124101	27959780.00
2019/01/09	5.47	5.55	5.45	5.46	8116431	44733948.00
2019/01/10	5.44	5.45	5.38	5.41	5770000	31202488.00
2019/01/11	5.39	5.46	5.39	5.44	4652991	25239500.00
2019/01/14	5.42	5.45	5.35	5.38	3639300	19613908.00
2019/01/15	5.38	5.47	5.36	5.46	5339055	28974914.00
2019/01/16	5.44	5.46	5.42	5.44	4087400	22229968.00
2019/01/17	5.46	5.47	5.39	5.40	3745000	20306562.00
2019/01/18	5.40	5.49	5.40	5.47	5076245	27690548.00
2019/01/21	5.49	5.51	5.43	5.44	5568576	30417224.00
2019/01/22	5.44	5.45	5.35	5.38	3998038	21575540.00
2019/01/23	5.36	5.42	5.36	5.38	2487565	13405688.00
2019/01/24	5.40	5.45	5.36	5.43	3943080	21364490.00
2019/01/25	5.49	5.50	5.44	5.45	7116374	39007076.00
2019/01/28	5.46	5.51	5.38	5.39	6264134	34154336.00
2019/01/29	5.40	5.41	5.27	5.39	5740332	30700128.00
2019/01/30	5.35	5.48	5.33	5.40	6725204	36442956.00
2019/01/31	5.40	5.54	5.37	5.45	9888367	54002740.00
2019/02/01	5.45	5.50	5.41	5.50	6851500	37421100.00
2019/02/11	5.49	5.58	5.46	5.58	8696228	47995896.00
2019/02/12	5.58	5.62	5.52	5.58	9794449	54568604.00
2019/02/13	5.58	5.70	5.52	5.66	16625972	93447440.00
2019/02/14	5.63	5.65	5.58	5.60	8309678	46659268.00
2019/02/15	5.60	5.62	5.54	5.55	9040203	50433632.00
2019/02/18	5.57	5.77	5.56	5.71	17838530	100921112.00
2019/02/19	5.70	5.89	5.67	5.76	25454577	146690480.00
2019/02/20	5.75	5.77	5.66	5.71	12111382	69086136.00
2019/02/21	5.71	5.80	5.63	5.65	13338068	76180496.00
2019/02/22	5.63	6.09	5.61	5.99	31637021	184994368.00
2019/02/25	6.08	6.59	6.07	6.59	68292274	433876032.00
2019/02/26	6.76	6.80	6.36	6.39	60169973	395919488.00
2019/02/27	6.36	7.01	6.30	6.78	65392665	436515584.00
2019/02/28	6.65	6.78	6.50	6.57	33452159	221487024.00
2019/03/01	6.58	6.68	6.40	6.66	30174715	197398368.00
2019/03/04	6.72	7.16	6.60	6.78	58619503	401165984.00
2019/03/05	6.70	6.82	6.65	6.79	24621218	165430736.00
2019/03/06	6.82	6.96	6.74	6.94	39149605	268649440.00
2019/03/07	6.93	7.28	6.84	7.10	58751230	416890592.00
2019/03/08	6.83	6.89	6.40	6.41	45459253	304477184.00
2019/03/11	6.44	6.65	6.36	6.59	26793679	174825312.00
2019/03/12	6.63	6.76	6.57	6.68	25381516	169337104.00
2019/03/13	6.67	6.67	6.47	6.52	20291535	132989384.00
2019/03/14	6.54	6.85	6.54	6.62	36189317	241442384.00
2019/03/15	6.70	6.75	6.58	6.67	21053835	140373904.00
2019/03/18	6.69	6.85	6.60	6.82	24808680	167211360.00
2019/03/19	6.82	6.83	6.72	6.77	18149244	122913280.00
2019/03/20	6.73	6.80	6.63	6.76	20259203	136093760.00
2019/03/21	6.77	6.84	6.71	6.75	20580559	139405744.00
2019/03/22	6.74	6.76	6.57	6.65	15298369	101864456.00
2019/03/25	6.49	6.60	6.44	6.45	19559926	127219496.00
2019/03/26	6.47	6.51	6.27	6.29	13891198	88770456.00
2019/03/27	6.34	6.37	6.26	6.33	9131953	57733372.00
2019/03/28	6.34	6.35	6.23	6.24	8499949	53490948.00
2019/03/29	6.27	6.59	6.26	6.52	20615158	133421176.00
2019/04/01	6.50	6.74	6.47	6.71	25857269	171863808.00
2019/04/02	6.74	6.78	6.63	6.66	20013165	133935688.00
2019/04/03	6.52	6.73	6.52	6.70	16507427	109289680.00
2019/04/04	6.70	6.93	6.70	6.82	35526073	242636224.00
2019/04/08	6.90	6.97	6.71	6.81	29848326	205139600.00
2019/04/09	6.84	6.95	6.81	6.88	20688446	142347648.00
2019/04/10	6.80	6.85	6.72	6.80	16022807	108483472.00
2019/04/11	6.82	6.91	6.73	6.74	14026661	95499664.00
2019/04/12	6.71	6.76	6.59	6.64	11579628	77162720.00
2019/04/15	6.72	6.85	6.63	6.63	18070880	122243136.00
2019/04/16	6.60	6.87	6.53	6.87	25835275	174784240.00
2019/04/17	6.87	6.91	6.80	6.86	18244540	125064720.00
2019/04/18	6.96	6.99	6.80	6.81	16280481	111927488.00
2019/04/19	6.78	6.87	6.71	6.85	11541511	78294168.00
2019/04/22	6.86	6.86	6.66	6.68	14113280	95119592.00
2019/04/23	6.70	6.73	6.60	6.63	8844741	58901584.00
2019/04/24	6.65	6.68	6.55	6.62	7911775	52296856.00
2019/04/25	6.60	6.68	6.41	6.44	11199929	73391184.00
2019/04/26	6.40	6.51	6.39	6.41	8106547	52285752.00
2019/04/29	6.40	6.50	6.31	6.37	10937498	70258888.00
2019/04/30	6.36	6.42	6.33	6.41	8757584	55852920.00
2019/05/06	6.29	6.41	6.02	6.14	18414238	114444352.00
2019/05/07	6.17	6.19	6.04	6.16	10365055	63526472.00
2019/05/08	6.08	6.15	6.03	6.11	7247659	44192140.00
2019/05/09	6.07	6.14	6.03	6.07	7663350	46535164.00
2019/05/10	6.10	6.21	6.03	6.18	13309186	81753560.00
2019/05/13	6.10	6.13	6.06	6.07	6425400	39160820.00
2019/05/14	6.00	6.09	5.98	6.03	5321700	32156808.00
2019/05/15	6.06	6.11	6.05	6.10	6361302	38671312.00
2019/05/16	6.09	6.12	6.07	6.10	5411189	32968100.00
2019/05/17	6.10	6.12	5.85	5.88	9514600	57032016.00
2019/05/20	5.75	5.86	5.68	5.75	8133532	46709204.00
2019/05/21	5.75	5.87	5.75	5.81	5974978	34727104.00
2019/05/22	5.82	5.84	5.69	5.71	5254705	30247636.00
2019/05/23	5.71	5.75	5.62	5.64	4871685	27721340.00
2019/05/24	5.65	5.73	5.62	5.70	6661377	37919924.00
2019/05/27	5.70	5.84	5.67	5.82	8108852	46835264.00
2019/05/28	5.80	5.88	5.78	5.80	5108986	29777708.00
2019/05/29	5.79	5.88	5.78	5.86	5051696	29505324.00
2019/05/30	5.80	5.87	5.75	5.81	6211079	36002424.00
2019/05/31	5.69	5.69	5.59	5.61	5711203	32095784.00
2019/06/03	5.60	5.64	5.46	5.53	7338987	40603188.00
2019/06/04	5.51	5.59	5.51	5.53	5221890	29032650.00
2019/06/05	5.58	5.61	5.55	5.55	5196102	28954188.00
2019/06/06	5.57	5.57	5.47	5.49	4525898	24921158.00
2019/06/10	5.50	5.57	5.49	5.55	5156034	28533360.00
2019/06/11	5.54	5.73	5.53	5.69	9640021	54298888.00
2019/06/12	5.66	5.68	5.59	5.62	7367101	41469816.00
2019/06/13	5.63	5.65	5.59	5.62	4900297	27521192.00
2019/06/14	5.64	5.64	5.55	5.56	4961208	27769362.00
2019/06/17	5.56	5.63	5.55	5.59	4781493	26699168.00
2019/06/18	5.57	5.62	5.57	5.59	4628084	25895412.00
2019/06/19	5.69	5.71	5.63	5.64	8408073	47612892.00
2019/06/20	5.62	5.85	5.62	5.78	14234722	81927624.00
2019/06/21	5.78	5.85	5.76	5.79	9887054	57414824.00
2019/06/24	5.80	5.81	5.73	5.77	6375764	36752772.00
2019/06/25	5.78	5.78	5.63	5.70	8498187	48297592.00
2019/06/26	5.68	5.71	5.66	5.68	3712000	21094324.00
2019/06/27	5.70	5.76	5.67	5.69	5942153	33928496.00
2019/06/28	5.68	5.69	5.61	5.64	4599515	25953002.00
2019/07/01	5.72	5.74	5.67	5.73	9127425	52133384.00
2019/07/02	5.72	5.73	5.68	5.73	5845204	33360268.00
2019/07/03	5.72	5.73	5.65	5.68	5547082	31450330.00
2019/07/04	5.67	5.71	5.66	5.69	5468454	31110852.00
2019/07/05	5.70	5.72	5.66	5.71	5214609	29662656.00
2019/07/08	5.69	5.70	5.52	5.53	8299150	46325808.00
2019/07/09	5.53	5.55	5.51	5.54	3153671	17450496.00
2019/07/10	5.54	5.56	5.52	5.53	2881598	15966558.00
2019/07/11	5.55	5.60	5.52	5.53	3273274	18177840.00
2019/07/12	5.53	5.63	5.53	5.62	5703236	31883856.00
2019/07/15	5.60	5.70	5.54	5.68	6893968	38861472.00
2019/07/16	5.65	5.71	5.64	5.68	5532290	31447316.00
2019/07/17	5.69	5.74	5.66	5.71	5732143	32727244.00
2019/07/18	5.67	5.69	5.61	5.62	4499882	25410906.00
2019/07/19	5.62	5.73	5.62	5.69	5023198	28593064.00
2019/07/22	5.68	5.72	5.60	5.61	4598127	25917212.00
2019/07/23	5.60	5.68	5.60	5.68	3454256	19505172.00
2019/07/24	5.69	5.72	5.66	5.68	4684367	26648472.00
2019/07/25	5.66	5.76	5.66	5.76	7872516	45059336.00
2019/07/26	5.74	5.75	5.71	5.74	4409041	25275868.00
2019/07/29	5.73	5.73	5.67	5.71	4661752	26542652.00
2019/07/30	5.71	5.78	5.70	5.74	7277380	41802848.00
2019/07/31	5.73	5.73	5.67	5.69	5024916	28603336.00
2019/08/01	5.65	5.70	5.59	5.60	6393256	35973596.00
2019/08/02	5.56	5.58	5.48	5.52	8397271	46381800.00
2019/08/05	5.50	5.53	5.45	5.47	4955516	27176886.00
2019/08/06	5.42	5.45	5.20	5.32	9482005	50560260.00
2019/08/07	5.33	5.37	5.27	5.29	4063506	21563424.00
2019/08/08	5.33	5.44	5.30	5.37	6997159	37500696.00
2019/08/09	5.38	5.40	5.26	5.29	6071059	32337776.00
2019/08/12	5.30	5.35	5.26	5.34	3695576	19644740.00
2019/08/13	5.30	5.32	5.27	5.30	2831200	14986822.00
2019/08/14	5.35	5.36	5.29	5.31	3399239	18083562.00
2019/08/15	5.22	5.27	5.20	5.25	6606900	34516312.00
2019/08/16	5.27	5.27	5.22	5.24	5312482	27891100.00
2019/08/19	5.25	5.36	5.22	5.36	8648595	45798496.00
2019/08/20	5.34	5.36	5.28	5.30	7509165	39947852.00
2019/08/21	5.29	5.31	5.27	5.29	3705200	19602616.00
2019/08/22	5.30	5.31	5.25	5.29	3647408	19228344.00
2019/08/23	5.29	5.33	5.27	5.29	5347908	28338634.00
2019/08/26	5.22	5.23	5.19	5.22	5098000	26583330.00
2019/08/27	5.22	5.32	5.22	5.28	7037680	37148936.00
2019/08/28	5.29	5.29	5.24	5.24	4123686	21680268.00
2019/08/29	5.27	5.28	5.24	5.27	3531598	18564682.00
2019/08/30	5.29	5.31	5.21	5.21	4609160	24223380.00
2019/09/02	5.20	5.29	5.20	5.28	6506289	34166832.00
2019/09/03	5.27	5.28	5.24	5.26	4486300	23583122.00
2019/09/04	5.26	5.37	5.25	5.35	11968132	63845668.00
2019/09/05	5.41	5.57	5.40	5.42	18871280	103299936.00
2019/09/06	5.46	5.47	5.41	5.46	10039792	54614088.00
2019/09/09	5.57	5.58	5.46	5.50	14062397	77435192.00
2019/09/10	5.51	5.54	5.45	5.53	10433837	57335192.00
2019/09/11	5.55	5.57	5.48	5.49	8063666	44476072.00
2019/09/12	5.51	5.52	5.47	5.51	6568100	36085080.00
2019/09/16	5.51	5.52	5.43	5.45	7955500	43538288.00
2019/09/17	5.45	5.46	5.34	5.36	8349794	44948412.00
2019/09/18	5.34	5.37	5.33	5.35	5911544	31622052.00
2019/09/19	5.34	5.35	5.29	5.34	7573437	40301336.00
2019/09/20	5.34	5.35	5.31	5.33	5311296	28314416.00
2019/09/23	5.29	5.31	5.20	5.22	17519884	91643840.00
2019/09/24	5.23	5.27	5.21	5.22	12808441	67041208.00
2019/09/25	5.20	5.26	5.19	5.22	8590537	44885648.00
2019/09/26	5.23	5.33	5.21	5.28	22741191	119969504.00
2019/09/27	5.28	5.42	5.27	5.35	27900374	149101552.00
2019/09/30	5.34	5.34	5.22	5.24	12822928	67619272.00
2019/10/08	5.23	5.36	5.22	5.27	10838436	57271496.00
2019/10/09	5.24	5.42	5.23	5.40	21370528	114638792.00
2019/10/10	5.42	5.43	5.34	5.38	11850210	63705688.00
2019/10/11	5.38	5.47	5.36	5.47	19139280	103947352.00
2019/10/14	5.49	5.72	5.46	5.62	38936592	218753504.00
2019/10/15	5.60	5.71	5.56	5.71	23581418	133210400.00
2019/10/16	5.72	5.76	5.54	5.57	27522738	155307120.00
2019/10/17	5.57	5.60	5.50	5.52	14460110	80171552.00
2019/10/18	5.55	5.56	5.40	5.42	18098114	98930736.00
2019/10/21	5.40	5.49	5.36	5.49	15312637	83201024.00
2019/10/22	5.47	5.48	5.42	5.46	10254019	55899328.00
2019/10/23	5.47	5.58	5.43	5.53	17880206	98596912.00
2019/10/24	5.51	5.79	5.51	5.68	32094599	181664736.00
2019/10/25	5.68	5.72	5.62	5.65	17383918	98451208.00
2019/10/28	5.63	5.66	5.53	5.58	23758425	132376928.00
2019/10/29	5.58	5.59	5.51	5.51	12905085	71538912.00
2019/10/30	5.51	5.57	5.48	5.55	13645391	75450224.00
2019/10/31	5.55	5.55	5.41	5.42	13426581	73125992.00
2019/11/01	5.42	5.57	5.39	5.54	17432238	95610208.00
2019/11/04	5.53	5.60	5.52	5.52	12129007	67334376.00
2019/11/05	5.53	5.64	5.51	5.58	19968946	111505352.00
2019/11/06	5.57	5.63	5.51	5.55	14790600	82405352.00
2019/11/07	5.55	5.60	5.52	5.56	14982750	83246464.00
2019/11/08	5.58	5.59	5.45	5.46	13109360	72188312.00
2019/11/11	5.43	5.44	5.34	5.35	13929593	75065144.00
2019/11/12	5.37	5.39	5.34	5.37	7367786	39539944.00
2019/11/13	5.37	5.37	5.30	5.32	6979700	37208492.00
2019/11/14	5.33	5.34	5.28	5.30	8938644	47416904.00
2019/11/15	5.29	5.33	5.26	5.27	6236480	33015100.00
2019/11/18	5.28	5.35	5.26	5.33	6344618	33722248.00
2019/11/19	5.29	5.35	5.28	5.34	6594432	35143480.00
2019/11/20	5.34	5.36	5.31	5.31	6502423	34670576.00
2019/11/21	5.30	5.34	5.30	5.32	4752125	25245056.00
2019/11/22	5.31	5.36	5.24	5.27	8082892	42808512.00
2019/11/25	5.28	5.33	5.24	5.32	8149879	43129684.00
2019/11/26	5.32	5.32	5.28	5.28	5543173	29348808.00
2019/11/27	5.28	5.29	5.23	5.24	5723100	30093228.00
2019/11/28	5.24	5.26	5.20	5.21	6899046	36016948.00
2019/11/29	5.22	5.24	5.19	5.23	5957472	31058392.00
2019/12/02	5.23	5.25	5.21	5.25	4711954	24636008.00
2019/12/03	5.24	5.24	5.20	5.24	5783142	30186812.00
2019/12/04	5.23	5.24	5.21	5.23	5240873	27365204.00
2019/12/05	5.23	5.27	5.23	5.27	6802234	35715368.00
2019/12/06	5.29	5.30	5.25	5.29	5422683	28615632.00
2019/12/09	5.28	5.30	5.26	5.27	4799205	25299544.00
2019/12/10	5.26	5.30	5.24	5.27	5338694	28084002.00
2019/12/11	5.26	5.31	5.25	5.30	7427954	39268696.00
2019/12/12	5.29	5.32	5.27	5.29	5739430	30414656.00
2019/12/13	5.32	5.39	5.31	5.38	13026141	69682016.00
2019/12/16	5.37	5.43	5.33	5.42	11323400	60855580.00
2019/12/17	5.41	5.62	5.38	5.53	26823609	147711088.00
2019/12/18	5.49	5.56	5.46	5.46	19163757	105273360.00
2019/12/19	5.46	5.52	5.46	5.49	15113442	82961896.00
2019/12/20	5.49	5.62	5.47	5.52	22028047	121878496.00
2019/12/23	5.53	5.56	5.34	5.36	18458676	100485056.00
2019/12/24	5.38	5.40	5.34	5.39	9317244	50039896.00
2019/12/25	5.38	5.41	5.34	5.37	9518283	51090600.00
2019/12/26	5.37	5.42	5.36	5.42	8062942	43447880.00
2019/12/27	5.41	5.54	5.40	5.42	15419075	84182272.00
2019/12/30	5.40	5.54	5.34	5.54	17919377	97910792.00
2019/12/31	5.50	5.56	5.48	5.55	13151589	72651216.00
2020/01/02	5.61	5.66	5.56	5.57	28933528	162517248.00
2020/01/03	5.56	5.57	5.51	5.55	14073086	77979072.00
2020/01/06	5.50	5.57	5.49	5.52	17294513	95577032.00
2020/01/07	5.53	5.58	5.51	5.56	11743260	65030408.00
2020/01/08	5.53	5.53	5.44	5.45	12379061	67866696.00
2020/01/09	5.48	5.49	5.46	5.48	10597309	58026788.00
2020/01/10	5.49	5.51	5.44	5.47	10683576	58499968.00
2020/01/13	5.46	5.52	5.43	5.52	10306079	56389040.00
2020/01/14	5.52	5.54	5.46	5.47	14046584	77073448.00
2020/01/15	5.47	5.48	5.42	5.44	7597416	41337736.00
2020/01/16	5.44	5.45	5.38	5.41	9544228	51634488.00
2020/01/17	5.41	5.44	5.35	5.37	10155606	54767680.00
2020/01/20	5.37	5.41	5.36	5.40	6194223	33371240.00
2020/01/21	5.41	5.41	5.35	5.36	8322123	44733608.00
2020/01/22	5.37	5.40	5.32	5.39	8819755	47244520.00
2020/01/23	5.36	5.42	5.27	5.29	14303827	76394288.00
2020/02/03	4.76	4.90	4.76	4.76	27150076	130256392.00
2020/02/04	4.80	4.92	4.80	4.89	24644894	119819616.00
2020/02/05	4.88	5.00	4.86	4.94	17057650	84144920.00
2020/02/06	4.94	5.03	4.90	4.99	16261050	80633816.00
2020/02/07	4.96	5.00	4.93	4.98	12950193	64255416.00
2020/02/10	4.94	5.01	4.94	5.00	11125864	55427616.00
2020/02/11	5.00	5.07	4.99	5.02	13244550	66636780.00
2020/02/12	5.01	5.10	5.00	5.06	12819860	64720176.00
2020/02/13	5.06	5.07	4.98	5.00	13643778	68545064.00
2020/02/14	4.99	5.05	4.98	5.04	8851050	44454072.00
2020/02/17	5.04	5.21	5.03	5.19	18616948	95159512.00
2020/02/18	5.17	5.18	5.12	5.15	12737198	65509312.00
2020/02/19	5.14	5.20	5.13	5.14	11963208	61862616.00
2020/02/20	5.15	5.28	5.12	5.25	18137393	94479688.00
2020/02/21	5.25	5.35	5.22	5.28	19829660	104512336.00
2020/02/24	5.29	5.32	5.20	5.26	17563522	92252416.00
2020/02/25	5.17	5.23	5.13	5.22	15269466	79066280.00
2020/02/26	5.18	5.35	5.16	5.27	19980093	105510504.00
2020/02/27	5.27	5.34	5.22	5.28	13439484	70836344.00
2020/02/28	5.19	5.26	5.13	5.13	16196573	83932624.00
2020/03/02	5.14	5.30	5.14	5.28	15891533	83415736.00
2020/03/03	5.29	5.41	5.29	5.37	25446858	136427328.00
2020/03/04	5.35	5.45	5.34	5.42	18154680	97890240.00
2020/03/05	5.45	5.73	5.40	5.62	47486894	265409840.00
2020/03/06	5.53	5.57	5.46	5.47	27032258	148620608.00
2020/03/09	5.35	5.38	5.27	5.27	20768954	110319336.00
2020/03/10	5.24	5.41	5.21	5.38	20487342	109283736.00
2020/03/11	5.37	5.39	5.29	5.29	14091900	75082200.00
2020/03/12	5.29	5.38	5.26	5.29	13806265	73264384.00
2020/03/13	5.09	5.36	5.04	5.36	19675664	102762368.00
2020/03/16	5.31	5.31	5.11	5.12	19248304	100429184.00
2020/03/17	5.13	5.21	5.08	5.14	11795990	60652156.00
2020/03/18	5.17	5.19	5.03	5.04	12775300	65489632.00
2020/03/19	5.02	5.09	4.96	5.06	10459079	52587556.00
2020/03/20	5.08	5.14	5.04	5.12	7074874	35971052.00
2020/03/23	5.04	5.06	4.99	5.01	7079842	35571704.00
2020/03/24	5.04	5.12	5.04	5.11	8354520	42468984.00
2020/03/25	5.18	5.20	5.12	5.16	7840661	40478120.00
2020/03/26	5.13	5.18	5.04	5.05	13663200	69763912.00
2020/03/27	5.10	5.11	5.02	5.03	16201871	81812144.00
2020/03/30	4.98	5.06	4.94	5.01	12118423	60744300.00
2020/03/31	5.04	5.06	4.97	4.98	9091640	45589736.00
2020/04/01	4.99	5.05	4.98	5.00	8127809	40811152.00
2020/04/02	4.98	5.04	4.97	5.04	5618012	28184842.00
2020/04/03	5.01	5.05	4.99	5.00	7152400	35840520.00
2020/04/07	5.07	5.09	5.05	5.06	7756164	39314228.00
2020/04/08	5.08	5.08	5.03	5.05	6724094	33952252.00
2020/04/09	5.06	5.07	5.04	5.04	5615371	28386520.00
2020/04/10	5.04	5.09	5.04	5.05	8094690	40988504.00
2020/04/13	5.04	5.04	4.98	4.99	5767670	28902894.00
2020/04/14	5.01	5.07	5.00	5.04	6871581	34683380.00
2020/04/15	5.05	5.06	5.02	5.02	5855200	29467460.00
2020/04/16	5.03	5.04	4.99	5.04	6215887	31189766.00
2020/04/17	5.05	5.05	5.00	5.01	8228927	41313000.00
2020/04/20	5.01	5.01	4.98	5.01	5808215	29016330.00
2020/04/21	4.98	5.03	4.97	5.03	7437380	37167952.00
2020/04/22	5.01	5.01	4.96	4.98	8111584	40354700.00
2020/04/23	4.98	4.99	4.96	4.96	5411994	26945200.00
2020/04/24	4.96	4.98	4.88	4.90	5999692	29554732.00
2020/04/27	4.87	4.99	4.87	4.95	10206462	50562192.00
2020/04/28	4.94	4.97	4.82	4.95	9011121	44236980.00
2020/04/29	4.93	5.02	4.93	5.02	8413850	42010436.00
2020/04/30	5.03	5.08	5.03	5.06	9456464	47818996.00
2020/05/06	5.01	5.09	5.00	5.08	6789713	34312332.00
2020/05/07	5.07	5.10	5.03	5.04	5130212	25922746.00
2020/05/08	5.06	5.11	5.04	5.09	7135742	36284216.00
2020/05/11	5.10	5.11	5.05	5.09	6744520	34241572.00
2020/05/12	5.09	5.10	5.04	5.07	5625300	28493704.00
2020/05/13	5.07	5.07	5.03	5.05	6088514	30705108.00
2020/05/14	5.02	5.04	5.00	5.01	4829200	24212696.00
2020/05/15	5.01	5.05	4.99	5.01	6429153	32269112.00
2020/05/18	5.01	5.08	4.98	5.06	6628779	33410812.00
2020/05/19	5.08	5.09	5.07	5.07	6661827	33828656.00
2020/05/20	5.07	5.08	5.01	5.05	7872638	39776936.00
2020/05/21	5.07	5.08	5.05	5.07	6493440	32912462.00
2020/05/22	5.06	5.08	4.99	5.01	5972740	29996982.00
2020/05/25	5.01	5.05	4.99	5.02	5499712	27594060.00
2020/05/26	5.02	5.07	5.00	5.04	5924704	29877358.00
2020/05/27	5.04	5.07	4.99	5.02	7160000	36073644.00
2020/05/28	5.04	5.10	5.02	5.08	9148923	46344632.00
2020/05/29	5.06	5.07	5.02	5.02	6151709	30982472.00
2020/06/01	5.04	5.14	5.03	5.13	11908138	60647224.00
2020/06/02	5.13	5.16	5.11	5.15	9817800	50419944.00
2020/06/03	5.16	5.21	5.13	5.15	9933315	51354888.00
2020/06/04	5.16	5.17	5.08	5.12	9541332	48784768.00
2020/06/05	4.96	4.97	4.89	4.92	8401248	41346472.00
2020/06/08	4.93	4.97	4.93	4.93	7482590	37018168.00
2020/06/09	4.95	4.96	4.92	4.93	5245414	25908002.00
2020/06/10	4.93	4.94	4.90	4.91	4591637	22587340.00
2020/06/11	4.92	4.93	4.85	4.86	8189704	40041456.00
2020/06/12	4.80	4.90	4.80	4.87	5559972	26966660.00
2020/06/15	4.86	4.88	4.82	4.85	5691390	27572448.00
2020/06/16	4.86	4.89	4.83	4.88	5899694	28683268.00
2020/06/17	4.88	4.89	4.83	4.87	5021100	24391050.00
2020/06/18	4.86	4.92	4.83	4.90	7022252	34272808.00
2020/06/19	4.89	4.95	4.88	4.95	7995315	39286208.00
2020/06/22	4.94	4.97	4.91	4.93	8684996	42930992.00
2020/06/23	4.93	4.93	4.86	4.88	7484545	36530336.00
2020/06/24	4.89	5.04	4.88	4.96	16247302	80501080.00
2020/06/29	5.00	5.03	4.88	4.90	12071750	59503136.00
2020/06/30	4.90	4.96	4.87	4.91	10196100	49985984.00
2020/07/01	4.90	4.97	4.87	4.97	14182905	69881736.00
2020/07/02	4.98	5.18	4.95	5.16	32132100	163063744.00
2020/07/03	5.16	5.36	5.14	5.28	40954009	214399648.00
2020/07/06	5.36	5.81	5.36	5.81	64927616	363535872.00
2020/07/07	6.03	6.15	5.65	5.66	75356294	443206912.00
2020/07/08	5.62	6.23	5.58	6.23	101886923	622516800.00
2020/07/09	6.50	6.85	6.35	6.85	123977657	833012352.00
2020/07/10	6.95	7.42	6.50	6.50	171819358	1173311488.00
2020/07/13	6.24	6.48	6.01	6.33	118664897	739425280.00
2020/07/14	6.22	6.26	6.05	6.11	71768719	441162016.00
2020/07/15	6.09	6.15	5.89	6.01	62707225	378177664.00
2020/07/16	5.94	6.48	5.94	6.11	96520458	596915328.00
2020/07/17	6.11	6.35	5.95	6.08	67718096	415936256.00
2020/07/20	6.08	6.24	5.97	6.21	62570100	383407776.00
2020/07/21	6.16	6.16	6.02	6.04	42200949	256598000.00
2020/07/22	6.01	6.13	5.95	6.00	41169384	248766112.00
2020/07/23	5.95	5.99	5.79	5.84	45966765	269240544.00
2020/07/24	5.83	5.87	5.53	5.55	38954495	221738640.00
2020/07/27	5.60	5.66	5.50	5.56	19288636	107323240.00
2020/07/28	5.58	5.65	5.52	5.58	17325968	96824144.00
2020/07/29	5.55	5.75	5.53	5.74	26384866	149692144.00
2020/07/30	5.74	5.74	5.62	5.64	22108448	125370056.00
2020/07/31	5.62	5.74	5.58	5.66	24080535	136358624.00
2020/08/03	5.73	5.75	5.66	5.74	29071350	165992112.00
2020/08/04	5.75	5.98	5.68	5.87	52173269	305041408.00
2020/08/05	5.80	5.81	5.69	5.75	26224237	150495136.00
2020/08/06	5.74	5.82	5.68	5.77	23687298	135825120.00
2020/08/07	5.73	5.77	5.60	5.62	22159600	125760624.00
2020/08/10	5.60	5.69	5.57	5.65	17940566	101223920.00
2020/08/11	5.66	5.81	5.63	5.64	33153115	190411952.00
2020/08/12	5.61	5.72	5.58	5.67	20821649	117526976.00
2020/08/13	5.67	5.71	5.64	5.68	14858033	84233688.00
2020/08/14	5.66	5.80	5.63	5.80	23446934	134107984.00
2020/08/17	5.84	6.38	5.84	6.19	90571171	556669632.00
2020/08/18	6.14	6.18	6.06	6.13	40240484	245805248.00
2020/08/19	6.11	6.27	6.03	6.04	40520623	249297584.00
2020/08/20	5.99	6.08	5.88	5.93	25243848	151172336.00
2020/08/21	5.97	6.00	5.88	5.95	15693029	93187984.00
2020/08/24	5.95	5.98	5.89	5.90	13353893	79057760.00
2020/08/25	5.90	5.95	5.84	5.86	16586216	97674928.00
2020/08/26	5.85	5.90	5.73	5.74	18515760	107440912.00
2020/08/27	5.75	5.79	5.70	5.76	12914492	74231856.00
2020/08/28	5.77	5.95	5.73	5.95	29860930	175499952.00
2020/08/31	5.96	6.07	5.86	5.86	26654350	158906688.00
2020/09/01	5.83	5.90	5.82	5.87	12029819	70373720.00
2020/09/02	5.88	5.89	5.78	5.81	15213502	88575648.00
2020/09/03	5.81	5.89	5.78	5.82	13707150	80040888.00
2020/09/04	5.76	5.80	5.73	5.79	13493826	77733072.00
2020/09/07	5.79	5.80	5.70	5.70	11923972	68533784.00
2020/09/08	5.72	5.82	5.71	5.77	13692072	79009136.00
2020/09/09	5.72	5.86	5.71	5.79	18035309	104457952.00
2020/09/10	5.84	5.85	5.71	5.75	14666615	84606216.00
2020/09/11	5.73	5.77	5.61	5.65	14649245	83054568.00
2020/09/14	5.68	5.70	5.60	5.66	11925500	67164216.00
2020/09/15	5.64	5.66	5.61	5.63	8687589	48965540.00
2020/09/16	5.63	5.72	5.61	5.65	8967711	50819012.00
2020/09/17	5.63	5.67	5.60	5.63	8466737	47687844.00
2020/09/18	5.63	5.89	5.61	5.87	31293510	180849136.00
2020/09/21	5.98	5.98	5.79	5.86	23045463	135452592.00
2020/09/22	5.77	5.97	5.73	5.76	23882800	139326624.00
2020/09/23	5.75	5.79	5.70	5.70	13185720	75443096.00
2020/09/24	5.68	5.72	5.62	5.63	12267838	69318264.00
2020/09/25	5.63	5.68	5.61	5.66	8290655	46786444.00
2020/09/28	5.64	5.68	5.62	5.64	5828097	32904972.00
2020/09/29	5.62	5.67	5.62	5.63	7131765	40240832.00
2020/09/30	5.62	5.65	5.52	5.53	10074267	56228364.00
2020/10/09	5.57	5.61	5.56	5.58	7325245	40891740.00
2020/10/12	5.59	5.84	5.58	5.77	21943034	125797984.00
2020/10/13	5.76	5.76	5.69	5.73	11581919	66173840.00
2020/10/14	5.75	5.81	5.70	5.74	11853021	68103000.00
2020/10/15	5.75	5.93	5.74	5.85	31419553	184356368.00
2020/10/16	5.83	6.04	5.83	6.00	35769082	213389440.00
2020/10/19	6.03	6.18	5.93	5.97	31867956	192696800.00
2020/10/20	5.94	5.96	5.83	5.91	15281442	89983712.00
2020/10/21	5.90	6.04	5.83	6.00	22390921	132987112.00
2020/10/22	5.94	6.05	5.87	5.91	16149236	95887304.00
2020/10/23	5.91	6.23	5.88	6.13	58702239	358278080.00
2020/10/26	6.11	6.28	5.94	5.97	42280584	255753232.00
2020/10/27	5.91	5.96	5.81	5.85	21057954	123524960.00
2020/10/28	5.86	5.86	5.66	5.70	25330659	145088848.00
2020/10/29	5.60	5.72	5.60	5.69	13118411	74356744.00
2020/10/30	5.67	5.78	5.55	5.55	19907911	112509312.00
2020/11/02	5.53	5.65	5.52	5.59	13286729	74189888.00
2020/11/03	5.58	5.72	5.58	5.68	14224301	80666792.00
2020/11/04	5.73	5.74	5.63	5.65	12767731	72532216.00
2020/11/05	5.69	5.71	5.60	5.64	18573539	104670088.00
2020/11/06	5.65	5.66	5.57	5.61	13549571	75932224.00
2020/11/09	5.63	5.82	5.60	5.72	27068248	154146688.00
2020/11/10	5.77	5.80	5.65	5.68	20720673	118707648.00
2020/11/11	5.65	5.73	5.64	5.69	19256900	109361144.00
2020/11/12	5.66	5.70	5.61	5.61	12877346	72568960.00
2020/11/13	5.59	5.61	5.54	5.58	11409344	63509840.00
2020/11/16	5.59	5.63	5.56	5.63	8167284	45705716.00
2020/11/17	5.63	5.69	5.58	5.66	13195885	74356552.00
2020/11/18	5.64	5.76	5.63	5.70	18310259	104481472.00
2020/11/19	5.69	5.76	5.66	5.73	15927946	90991576.00
2020/11/20	5.71	5.72	5.65	5.68	11008946	62451480.00
2020/11/23	5.67	5.80	5.65	5.75	23873325	136832752.00
2020/11/24	5.73	5.77	5.68	5.71	12849900	73523248.00
2020/11/25	5.75	5.87	5.72	5.72	26717305	154687056.00
2020/11/26	5.71	5.81	5.68	5.76	17649376	101421736.00
2020/11/27	5.76	6.06	5.74	6.05	46953196	276889920.00
2020/11/30	6.15	6.46	6.00	6.00	89540996	556952512.00
2020/12/01	5.93	6.38	5.88	6.33	86802082	531544128.00
2020/12/02	6.26	6.33	6.12	6.18	61582027	381492736.00
2020/12/03	6.14	6.44	6.04	6.28	70883645	441807968.00
2020/12/04	6.12	6.17	6.02	6.06	35367117	215186784.00
2020/12/07	6.03	6.08	5.91	5.91	24274186	145273504.00
2020/12/08	5.92	6.00	5.87	5.90	16864929	99955224.00
2020/12/09	5.91	6.05	5.88	5.88	24016122	143400384.00
2020/12/10	5.87	5.93	5.81	5.89	16622682	97491104.00
2020/12/11	5.90	5.94	5.81	5.84	16694194	97700744.00
2020/12/14	5.84	5.94	5.81	5.93	16954462	99774176.00
2020/12/15	5.89	5.94	5.78	5.85	15465536	90351680.00
2020/12/16	5.84	5.88	5.75	5.77	11965200	69512672.00
2020/12/17	5.76	5.87	5.67	5.84	17234216	99592312.00
2020/12/18	5.84	5.87	5.75	5.76	10688067	61989108.00
2020/12/21	5.78	5.82	5.72	5.80	10888116	62927280.00
2020/12/22	5.79	5.84	5.67	5.69	17671932	101667352.00
2020/12/23	5.69	5.74	5.64	5.68	11780677	66897240.00
2020/12/24	5.67	5.76	5.65	5.66	10303069	58591236.00
2020/12/25	5.63	5.77	5.61	5.70	13290297	75861264.00
2020/12/28	5.66	5.85	5.60	5.77	23819911	136178464.00
2020/12/29	5.78	5.91	5.75	5.78	15200267	88475600.00
2020/12/30	5.83	5.84	5.72	5.84	15075590	87220472.00
2020/12/31	5.86	6.14	5.84	6.08	45710202	276209120.00
2021/01/04	6.07	6.07	5.90	5.99	31281017	186169936.00
2021/01/05	5.91	5.95	5.81	5.95	25452882	149611552.00
2021/01/06	5.94	5.99	5.86	5.88	16713859	98947592.00
2021/01/07	5.88	5.94	5.68	5.74	22574327	130480960.00
2021/01/08	5.74	5.80	5.67	5.73	14362467	82375656.00
2021/01/11	5.70	5.83	5.68	5.69	15882027	91243392.00
2021/01/12	5.70	5.86	5.65	5.82	19374600	111044792.00
2021/01/13	5.78	5.85	5.69	5.72	15686837	90000192.00
2021/01/14	5.76	6.20	5.76	5.93	53033130	316560000.00
2021/01/15	6.04	6.28	5.98	6.07	69573275	426393408.00
2021/01/18	6.05	6.20	5.96	6.14	40716555	248272656.00
2021/01/19	6.09	6.22	6.01	6.20	40797868	249821472.00
2021/01/20	6.19	6.29	6.05	6.11	31171485	191263312.00
2021/01/21	6.21	6.36	6.09	6.21	53474858	333485120.00
2021/01/22	6.21	6.27	6.06	6.06	43666761	267262944.00
2021/01/25	6.03	6.09	5.88	6.04	29722113	178307728.00
2021/01/26	6.00	6.29	5.97	6.08	48710491	300212320.00
2021/01/27	6.07	6.69	6.05	6.43	124682937	809276800.00
2021/01/28	6.30	6.55	6.30	6.44	89354696	572402624.00
2021/01/29	6.52	6.68	6.30	6.62	99782895	650396608.00
2021/02/01	6.56	6.71	6.47	6.68	74543399	492442752.00
2021/02/02	6.60	6.61	6.32	6.37	70044644	449467968.00
2021/02/03	6.37	6.44	6.22	6.26	64590561	409409696.00
2021/02/04	6.20	6.89	6.16	6.68	123712958	823398720.00
2021/02/05	6.60	7.35	6.60	7.35	183359120	1314463232.00
2021/02/08	7.30	7.30	6.78	7.10	164329735	1162797696.00
2021/02/09	7.18	7.43	6.96	7.40	132326019	952702336.00
2021/02/10	7.30	7.96	7.06	7.18	136674386	1014972224.00
2021/02/18	7.10	7.61	7.04	7.59	118166702	873781504.00
2021/02/19	7.41	7.87	7.38	7.69	109361854	838842240.00
2021/02/22	7.60	7.73	7.25	7.28	100077014	744041728.00
2021/02/23	7.20	7.74	7.19	7.48	106524787	798878592.00
2021/02/24	7.40	7.46	7.19	7.34	62476396	457031872.00
2021/02/25	7.31	7.42	7.07	7.23	54918420	397851168.00
2021/02/26	7.10	7.26	6.95	7.01	49917834	352671200.00
2021/03/01	7.05	7.23	6.98	7.21	39240660	279684384.00
2021/03/02	7.17	7.22	7.00	7.05	28604532	203137184.00
2021/03/03	7.03	7.39	7.02	7.32	55743216	405714944.00
2021/03/04	7.24	7.38	7.15	7.19	43200768	313197728.00
2021/03/05	7.15	7.28	7.03	7.11	30467555	216913040.00
2021/03/08	7.13	7.22	7.03	7.05	28508280	203379600.00
2021/03/09	7.12	7.15	6.54	6.56	63172639	429281024.00
2021/03/10	6.57	6.64	6.42	6.59	26363114	171962224.00
2021/03/11	6.58	6.80	6.57	6.74	30269510	203218224.00
2021/03/12	6.72	6.80	6.62	6.74	24950849	167721024.00
2021/03/15	6.74	6.89	6.70	6.78	35478923	241167584.00
2021/03/16	6.80	6.86	6.65	6.77	34355554	231802912.00
2021/03/17	6.74	6.75	6.55	6.62	31781459	210108352.00
2021/03/18	6.60	6.69	6.57	6.65	20704188	137311312.00
2021/03/19	6.62	6.76	6.49	6.55	33688646	223699760.00
2021/03/22	6.50	6.63	6.48	6.59	26284300	172599104.00
2021/03/23	6.59	6.61	6.49	6.50	22335600	145872624.00
2021/03/24	6.46	6.48	6.28	6.37	31012006	197488208.00
2021/03/25	6.37	6.44	6.30	6.32	15732986	99851120.00
2021/03/26	6.33	6.38	6.28	6.36	16559941	104810696.00
2021/03/29	6.37	6.38	6.28	6.36	18629300	117678752.00
2021/03/30	6.34	6.37	6.22	6.30	21119072	132875400.00
2021/03/31	6.28	6.48	6.27	6.41	28891486	184380768.00
2021/04/01	6.40	6.44	6.34	6.38	17837018	113873144.00
2021/04/02	6.36	6.45	6.27	6.42	25093653	159173056.00
2021/04/06	6.40	6.46	6.36	6.39	15798665	101122264.00
2021/04/07	6.36	6.38	6.28	6.30	18057507	113905664.00
2021/04/08	6.25	6.29	6.22	6.23	21584882	134928192.00
2021/04/09	6.23	6.23	6.10	6.14	22107793	135919920.00
2021/04/12	6.10	6.16	6.04	6.06	16109158	98304712.00
2021/04/13	6.05	6.10	5.90	5.95	26125700	155971264.00
2021/04/14	5.94	5.98	5.89	5.97	12193159	72432144.00
2021/04/15	5.96	5.97	5.89	5.93	11166843	66061256.00
2021/04/16	5.95	6.04	5.92	6.03	16108024	96705208.00
2021/04/19	6.06	6.07	5.97	6.06	17761088	107198208.00
2021/04/20	6.05	6.11	5.98	6.01	17370797	105062864.00
2021/04/21	6.00	6.11	5.98	6.07	18076162	109656696.00
2021/04/22	6.06	6.08	5.96	5.97	17245571	103496816.00
2021/04/23	5.96	5.99	5.90	5.94	12098594	71836712.00
2021/04/26	5.92	6.00	5.83	5.84	17446879	103159232.00
2021/04/27	5.84	5.88	5.83	5.85	10142253	59326984.00
2021/04/28	5.85	5.87	5.78	5.85	12002592	69875352.00
2021/04/29	5.84	6.02	5.83	5.99	23454265	139720912.00
2021/04/30	5.95	5.95	5.82	5.86	22147393	130044440.00
2021/05/06	5.88	6.08	5.86	6.02	28671851	172107392.00
2021/05/07	6.02	6.13	6.00	6.05	22751924	137905072.00
2021/05/10	6.05	6.07	5.95	6.01	16342293	97805936.00
2021/05/11	6.01	6.06	5.98	6.05	12336628	74365592.00
2021/05/12	6.04	6.10	6.03	6.05	15507304	93878336.00
2021/05/13	6.04	6.08	6.01	6.06	17955745	108505880.00
2021/05/14	6.07	6.18	6.03	6.18	27822900	170261120.00
2021/05/17	6.16	6.18	6.10	6.13	20586332	126126816.00
2021/05/18	6.09	6.11	6.07	6.09	11105985	67599888.00
2021/05/19	6.08	6.08	6.00	6.01	14067982	84798208.00
2021/05/20	6.02	6.13	5.97	6.10	18353539	111262288.00
2021/05/21	6.09	6.09	6.00	6.01	12584677	75929624.00
2021/05/24	6.01	6.06	5.97	5.99	12472477	75023144.00
2021/05/25	6.01	6.15	5.96	6.12	35037663	213711088.00
2021/05/26	6.09	6.26	6.08	6.17	37578114	232178432.00
2021/05/27	6.14	6.20	6.11	6.15	21799674	133895320.00
2021/05/28	6.17	6.20	6.10	6.16	19596420	120434144.00
2021/05/31	6.16	6.17	6.08	6.11	15209621	92913592.00
2021/06/01	6.09	6.11	6.05	6.08	12010000	72918304.00
2021/06/02	6.08	6.10	6.04	6.10	13239246	80315624.00
2021/06/03	6.09	6.14	6.03	6.04	14309100	87047640.00
2021/06/04	6.05	6.10	6.02	6.04	13936324	84380888.00
2021/06/07	6.04	6.05	5.96	5.98	16160900	96849024.00
2021/06/08	5.98	6.00	5.95	5.98	10133200	60505892.00
2021/06/09	5.98	6.02	5.94	5.99	10217666	61066960.00
2021/06/10	5.99	6.03	5.97	5.99	9671642	58033160.00
2021/06/11	5.98	5.99	5.90	5.90	14588902	86594528.00
2021/06/15	5.89	5.90	5.81	5.82	12056474	70372712.00
2021/06/16	5.80	5.87	5.79	5.81	9339170	54347460.00
2021/06/17	5.81	5.86	5.76	5.76	10926276	63267816.00
2021/06/18	5.77	5.77	5.69	5.75	11349597	64902976.00
2021/06/21	5.75	5.83	5.71	5.81	10787052	62360880.00
2021/06/22	5.81	5.85	5.76	5.78	8761700	50857664.00
2021/06/23	5.78	5.80	5.73	5.78	8754333	50391052.00
2021/06/24	5.78	5.79	5.72	5.77	9017272	51870104.00
2021/06/25	5.77	5.89	5.77	5.88	14915393	87184808.00
2021/06/28	5.85	5.85	5.76	5.77	12107400	70173840.00
2021/06/29	5.79	5.82	5.77	5.80	6810068	39466220.00
2021/06/30	5.80	5.84	5.78	5.80	7751633	45035288.00
2021/07/01	5.80	5.84	5.78	5.80	10266437	59657324.00
2021/07/02	5.80	5.80	5.74	5.77	7758583	44712648.00
2021/07/05	5.77	5.77	5.70	5.72	9982678	57100216.00
2021/07/06	5.56	5.61	5.53	5.59	9002746	50213792.00
2021/07/07	5.57	5.61	5.55	5.57	6395946	35646348.00
2021/07/08	5.61	5.62	5.50	5.50	9660892	53475308.00
2021/07/09	5.50	5.54	5.42	5.44	11676637	63743940.00
2021/07/12	5.48	5.53	5.46	5.48	12845800	70528720.00
2021/07/13	5.48	5.50	5.41	5.48	10599408	57853860.00
2021/07/14	5.46	5.47	5.40	5.41	11456096	62105032.00
2021/07/15	5.41	5.52	5.41	5.50	16546331	90614792.00
2021/07/16	5.48	5.51	5.44	5.49	10229383	55984308.00
2021/07/19	5.64	5.65	5.54	5.62	24299378	136108832.00
2021/07/20	5.64	5.80	5.61	5.80	35446304	203049088.00
2021/07/21	5.81	5.86	5.77	5.84	27072280	157705296.00
2021/07/22	5.84	5.87	5.80	5.81	14063100	81941480.00
2021/07/23	5.80	5.83	5.73	5.79	16753296	96888560.00
2021/07/26	5.74	5.82	5.71	5.74	19754200	113947032.00
2021/07/27	5.79	5.92	5.75	5.83	35740266	209158192.00
2021/07/28	5.81	5.95	5.76	5.93	32750953	192300128.00
2021/07/29	5.93	5.93	5.82	5.88	14711032	86279184.00
2021/07/30	5.86	5.86	5.70	5.75	18427655	105656184.00
2021/08/02	5.70	5.85	5.63	5.78	18311656	105216344.00
2021/08/03	5.77	5.85	5.70	5.81	16279738	94378048.00
2021/08/04	5.79	5.81	5.72	5.75	12959041	74568264.00
2021/08/05	5.76	5.89	5.74	5.83	18797629	109803272.00
2021/08/06	5.81	5.89	5.72	5.83	16491496	95772064.00
2021/08/09	5.80	5.93	5.78	5.90	19147796	112771424.00
2021/08/10	5.87	5.91	5.80	5.90	20680881	120950312.00
2021/08/11	5.89	5.94	5.81	5.84	24408692	143248656.00
2021/08/12	5.81	5.88	5.76	5.76	19087170	110760608.00
2021/08/13	5.76	5.79	5.71	5.72	15640254	89745640.00
2021/08/16	5.73	5.78	5.68	5.76	14304004	82189720.00
2021/08/17	5.74	5.82	5.62	5.62	22790400	130131144.00
2021/08/18	5.62	5.81	5.60	5.80	25219464	144201856.00
2021/08/19	5.75	5.79	5.65	5.66	19653312	111951944.00
2021/08/20	5.66	5.69	5.60	5.65	13986936	78754144.00
2021/08/23	5.61	5.67	5.59	5.61	16938400	95246816.00
2021/08/24	5.62	5.64	5.56	5.59	14901112	83325064.00
2021/08/25	5.58	5.63	5.56	5.58	11062760	61838640.00
2021/08/26	5.58	5.60	5.53	5.54	15654263	86950248.00
2021/08/27	5.52	5.61	5.52	5.59	12263321	68380424.00
2021/08/30	5.60	5.67	5.59	5.65	26760272	150720848.00
2021/08/31	5.66	5.69	5.62	5.67	17342745	98149280.00
2021/09/01	5.68	5.84	5.64	5.81	33734895	194133888.00
2021/09/02	5.81	5.83	5.76	5.82	24745251	143400240.00
2021/09/03	5.78	5.88	5.78	5.80	21838043	127405920.00
2021/09/06	5.81	5.91	5.79	5.85	31953030	187350880.00
2021/09/07	5.84	5.93	5.82	5.91	24990999	147088192.00
2021/09/08	5.90	6.21	5.89	6.15	53493259	327841472.00
2021/09/09	6.13	6.20	6.09	6.14	24766692	152022512.00
2021/09/10	6.14	6.68	6.11	6.42	58846845	378947520.00
2021/09/13	6.35	6.41	6.27	6.40	34940196	221660896.00
2021/09/14	6.41	6.41	6.21	6.29	35876202	225306656.00
2021/09/15	6.23	6.30	6.14	6.20	23141346	143681376.00
2021/09/16	6.23	6.29	6.11	6.13	26080245	161818912.00
2021/09/17	6.11	6.16	6.05	6.10	18850000	114965416.00
2021/09/22	5.97	5.99	5.85	5.88	37578014	221602368.00
2021/09/23	5.94	6.17	5.92	6.05	28246226	170365408.00
2021/09/24	6.06	6.11	5.91	5.93	20761885	124338744.00
2021/09/27	5.90	5.94	5.81	5.91	21814825	128117296.00
2021/09/28	5.90	6.02	5.86	5.97	23578753	140342896.00
2021/09/29	5.91	6.00	5.89	5.97	19019543	113208824.00
2021/09/30	5.98	5.98	5.77	5.82	26321372	153500432.00
2021/10/08	5.86	6.04	5.84	5.97	26882198	159939872.00
2021/10/11	5.99	6.13	5.98	6.02	24674546	149096816.00
2021/10/12	5.98	6.15	5.94	6.06	28561767	172936480.00
2021/10/13	6.03	6.11	5.93	6.03	22827069	137494832.00
2021/10/14	6.01	6.02	5.93	5.96	19087664	113831048.00
2021/10/15	5.95	6.02	5.93	5.97	17238064	102996624.00
2021/10/18	5.95	6.08	5.95	6.05	20712082	124712472.00
2021/10/19	6.06	6.14	6.01	6.12	20631929	125655440.00
2021/10/20	6.11	6.17	6.04	6.08	18287432	111703368.00
2021/10/21	6.12	6.25	6.10	6.24	32597599	201866656.00
2021/10/22	6.27	6.32	6.13	6.15	31592092	196155600.00
2021/10/25	6.10	6.23	6.10	6.20	26608608	164728960.00
2021/10/26	6.21	6.31	6.18	6.27	27077141	169627728.00
2021/10/27	6.27	6.27	6.13	6.17	21773439	134695232.00
2021/10/28	6.14	6.19	6.05	6.06	21309198	129965256.00
2021/10/29	6.10	6.13	5.93	5.95	32915370	196711296.00
2021/11/01	5.89	5.91	5.70	5.84	41432339	240634304.00
2021/11/02	5.81	5.89	5.60	5.68	33726138	193423808.00
2021/11/03	5.66	5.76	5.64	5.73	19812879	113206496.00
2021/11/04	5.73	5.78	5.67	5.73	14752679	84107624.00
2021/11/05	5.72	5.72	5.61	5.63	20316593	115011368.00
2021/11/08	5.62	5.67	5.61	5.64	10746586	60638148.00
2021/11/09	5.65	5.68	5.60	5.67	16611408	93731720.00
2021/11/10	5.67	5.76	5.65	5.74	22107121	126107736.00
2021/11/11	5.74	5.82	5.72	5.79	17686325	102321424.00
2021/11/12	5.81	5.82	5.75	5.78	11805709	68308608.00
2021/11/15	5.76	5.84	5.73	5.76	15200760	87530568.00
2021/11/16	5.73	5.80	5.69	5.71	13796575	79189968.00
2021/11/17	5.71	5.73	5.66	5.67	14449889	82093728.00
2021/11/18	5.69	5.73	5.65	5.66	13081289	74409216.00
2021/11/19	5.67	5.73	5.63	5.72	14239545	80852560.00
2021/11/22	5.71	5.72	5.66	5.67	13715345	78024272.00
2021/11/23	5.67	5.72	5.66	5.68	11191127	63582328.00
2021/11/24	5.68	5.71	5.64	5.67	9860288	55875096.00
2021/11/25	5.68	5.69	5.64	5.66	8560139	48446668.00
2021/11/26	5.65	5.66	5.61	5.62	12471262	70202344.00
2021/11/29	5.60	5.60	5.54	5.55	16490593	91816864.00
2021/11/30	5.55	5.63	5.55	5.58	11142804	62282608.00
2021/12/01	5.58	5.61	5.55	5.60	12415932	69333240.00
2021/12/02	5.58	5.61	5.55	5.59	14134199	78910720.00
2021/12/03	5.59	5.61	5.55	5.61	12931642	72185992.00
2021/12/06	5.63	5.70	5.60	5.61	24281922	137377920.00
2021/12/07	5.65	5.67	5.60	5.66	17080850	96452080.00
2021/12/08	5.68	5.69	5.61	5.66	14637294	82589944.00
2021/12/09	5.63	5.74	5.62	5.72	27568949	156855072.00
2021/12/10	5.68	5.70	5.64	5.65	17850159	101224592.00
2021/12/13	5.65	5.75	5.64	5.70	25340045	144791568.00
2021/12/14	5.70	5.72	5.61	5.63	18175053	102577024.00
2021/12/15	5.61	5.65	5.61	5.62	9793838	55097028.00
2021/12/16	5.63	5.66	5.61	5.65	11137598	62812052.00
2021/12/17	5.65	5.68	5.62	5.64	12750145	71968464.00
2021/12/20	5.63	5.67	5.60	5.64	13195956	74397456.00
2021/12/21	5.64	5.77	5.62	5.74	28469817	162721344.00
2021/12/22	5.76	5.76	5.69	5.70	18584600	106328720.00
2021/12/23	5.70	5.72	5.64	5.65	18288735	103724728.00
2021/12/24	5.66	5.69	5.64	5.67	17881975	101286000.00
2021/12/27	5.66	5.70	5.63	5.65	16706762	94688312.00
2021/12/28	5.66	5.67	5.61	5.64	13470818	75880496.00
2021/12/29	5.64	5.65	5.61	5.62	12503498	70427616.00
2021/12/30	5.62	5.66	5.62	5.65	10607700	59874848.00
2021/12/31	5.65	5.68	5.62	5.67	10366161	58584188.00
2022/01/04	5.66	5.71	5.65	5.71	18760800	106594896.00
2022/01/05	5.74	5.77	5.71	5.74	27474546	157789792.00
2022/01/06	5.74	5.77	5.63	5.68	24299889	138838624.00
2022/01/07	5.69	5.84	5.68	5.79	38481238	222425600.00
2022/01/10	5.83	5.89	5.77	5.85	27388312	159440880.00
2022/01/11	5.85	6.00	5.83	5.92	36706588	217325040.00
2022/01/12	5.93	5.98	5.86	5.97	31988936	189961392.00
2022/01/13	5.92	6.12	5.92	6.00	35486427	213770128.00
2022/01/14	5.98	6.03	5.86	5.89	29861104	176075296.00
2022/01/17	5.90	5.97	5.83	5.93	25294662	149106000.00
2022/01/18	5.92	6.06	5.90	6.05	31608365	189580224.00
2022/01/19	6.01	6.09	6.00	6.08	21606338	131126816.00
2022/01/20	6.06	6.18	6.05	6.10	27585141	168680400.00
2022/01/21	6.08	6.12	6.03	6.07	16617300	100734824.00
2022/01/24	6.08	6.12	5.96	6.06	21228010	128410760.00
2022/01/25	6.03	6.05	5.88	5.89	20192983	120283472.00
2022/01/26	5.89	6.00	5.89	5.95	16686838	99255736.00
2022/01/27	5.95	6.05	5.90	5.96	23449638	140329760.00
2022/01/28	5.99	5.99	5.83	5.85	24817946	146215904.00
2022/02/07	5.91	6.12	5.90	6.08	29400762	177689424.00
2022/02/08	6.08	6.24	6.06	6.21	35715331	220935952.00
2022/02/09	6.22	6.25	6.12	6.14	23700302	146251280.00
2022/02/10	6.17	6.21	6.10	6.20	20865914	128633104.00
2022/02/11	6.17	6.27	6.15	6.19	23497138	146117504.00
2022/02/14	6.15	6.18	5.98	6.02	29460364	178377760.00
2022/02/15	6.00	6.11	6.00	6.07	22456499	136069472.00
2022/02/16	6.07	6.19	6.07	6.11	15991600	98132560.00
2022/02/17	6.10	6.18	6.05	6.08	14761456	90050504.00
2022/02/18	6.06	6.31	6.04	6.27	34386436	213789456.00
2022/02/21	6.27	6.30	6.20	6.26	21007075	131065392.00
2022/02/22	6.25	6.27	6.15	6.20	14464249	89594240.00
2022/02/23	6.21	6.22	6.10	6.15	16695130	102487224.00
2022/02/24	6.14	6.18	5.99	6.05	20777812	126410120.00
2022/02/25	6.09	6.14	6.03	6.04	14996300	91026568.00
2022/02/28	6.04	6.09	5.91	6.01	17901949	106852576.00
2022/03/01	6.01	6.09	5.98	6.08	17721522	107008840.00
2022/03/02	6.05	6.13	6.02	6.08	13579106	82675664.00
2022/03/03	6.12	6.19	6.09	6.18	21140776	130243768.00
2022/03/04	6.17	6.17	6.05	6.09	19430391	118411696.00
2022/03/07	6.06	6.14	6.02	6.04	14857341	90108240.00
2022/03/08	6.02	6.04	5.86	5.87	16899400	100594384.00
2022/03/09	5.91	5.91	5.58	5.80	24877001	143558528.00
2022/03/10	5.87	5.88	5.73	5.76	21337500	123488608.00
2022/03/11	5.72	5.79	5.58	5.77	25891794	146830784.00
2022/03/14	5.69	5.75	5.62	5.62	15178700	86294560.00
2022/03/15	5.60	5.63	5.29	5.32	27820249	152575488.00
2022/03/16	5.38	5.48	5.21	5.43	20781469	111339520.00
2022/03/17	5.46	5.50	5.41	5.42	17914454	97662376.00
2022/03/18	5.43	5.53	5.39	5.50	15820210	86693280.00
2022/03/21	5.49	5.51	5.37	5.41	17229900	93524096.00
2022/03/22	5.40	5.53	5.36	5.50	16777309	91670864.00
2022/03/23	5.49	5.52	5.43	5.46	14819508	81070640.00
2022/03/24	5.44	5.49	5.42	5.44	11548764	62992008.00
2022/03/25	5.42	5.49	5.39	5.42	11389310	61920256.00
2022/03/28	5.38	5.53	5.35	5.51	17069746	93316840.00
2022/03/29	5.51	5.63	5.48	5.62	20132909	112177648.00
2022/03/30	5.59	5.71	5.58	5.63	16482564	93074928.00
2022/03/31	5.63	5.93	5.59	5.82	32569943	188579616.00
2022/04/01	5.78	5.99	5.76	5.99	28782632	170313072.00
2022/04/06	5.98	6.24	5.95	6.22	49059568	301038464.00
2022/04/07	6.18	6.27	6.02	6.03	43482930	266395648.00
2022/04/08	6.05	6.08	5.92	6.02	22879169	137550096.00
2022/04/11	5.96	6.00	5.84	5.86	25824046	152576480.00
2022/04/12	5.85	5.94	5.78	5.87	24444300	143259024.00
2022/04/13	5.86	5.94	5.80	5.85	18905400	110994672.00
2022/04/14	5.91	5.96	5.84	5.87	16866400	99288656.00
2022/04/15	5.84	6.08	5.83	6.02	29107948	173534880.00
2022/04/18	5.94	5.95	5.77	5.88	27716000	162533600.00
2022/04/19	5.88	5.99	5.82	5.98	18537884	109637552.00
2022/04/20	5.96	5.99	5.84	5.87	14254124	84018944.00
2022/04/21	5.85	5.92	5.73	5.73	16997495	98912888.00
2022/04/22	5.73	5.88	5.70	5.84	16203523	94370864.00
2022/04/25	5.78	5.84	5.52	5.53	24299490	137788960.00
2022/04/26	5.56	5.70	5.44	5.48	19207482	106890272.00
2022/04/27	5.47	5.54	5.36	5.53	21365240	116450608.00
2022/04/28	5.50	5.68	5.48	5.61	19509443	108789064.00
2022/04/29	5.70	5.76	5.59	5.66	26456470	150075264.00
2022/05/05	5.68	5.92	5.62	5.90	35049695	204652736.00
2022/05/06	5.80	5.87	5.70	5.72	23630068	136866144.00
2022/05/09	5.72	5.75	5.61	5.65	17558796	99342160.00
2022/05/10	5.62	5.80	5.57	5.78	20722427	117864584.00
2022/05/11	5.73	5.80	5.63	5.63	22657368	129253040.00
2022/05/12	5.60	5.68	5.57	5.63	14778899	83133824.00
2022/05/13	5.65	5.77	5.64	5.69	13360442	76092904.00
2022/05/16	5.74	5.74	5.61	5.66	14226092	80474136.00
2022/05/17	5.65	5.71	5.62	5.67	12749592	72248120.00
2022/05/18	5.68	5.71	5.60	5.61	12765849	71996736.00
2022/05/19	5.56	5.59	5.50	5.53	15812060	87443976.00
2022/05/20	5.54	5.63	5.54	5.60	15110046	84471848.00
2022/05/23	5.61	5.63	5.55	5.56	13306713	74284288.00
2022/05/24	5.57	5.58	5.43	5.43	16134277	88888440.00
2022/05/25	5.45	5.50	5.41	5.49	12420500	67993472.00
2022/05/26	5.49	5.55	5.47	5.55	10217835	56347804.00
2022/05/27	5.54	5.58	5.50	5.55	10503254	58241440.00
2022/05/30	5.56	5.59	5.46	5.50	19077695	105548608.00
2022/05/31	5.50	5.53	5.44	5.52	14076194	77257144.00
2022/06/01	5.49	5.52	5.47	5.49	11447500	62844752.00
2022/06/02	5.47	5.55	5.47	5.53	15464417	85230016.00
2022/06/06	5.53	5.57	5.48	5.52	26489696	145869008.00
2022/06/07	5.51	5.57	5.49	5.55	22902966	126808744.00
2022/06/08	5.54	5.59	5.53	5.59	20804197	115642848.00
2022/06/09	5.57	5.65	5.56	5.64	21703818	121835064.00
2022/06/10	5.61	5.65	5.57	5.64	32696185	183204960.00
2022/06/13	5.59	5.60	5.44	5.49	37210139	205121888.00
2022/06/14	5.44	5.58	5.43	5.57	23697000	130420736.00
2022/06/15	5.57	5.86	5.56	5.75	56819588	325932320.00
2022/06/16	5.74	5.77	5.65	5.67	28779407	163487552.00
2022/06/17	5.63	5.65	5.56	5.62	23240474	130532832.00
2022/06/20	5.63	5.64	5.54	5.56	19443700	108287536.00
2022/06/21	5.53	5.61	5.53	5.57	18248687	101613176.00
2022/06/22	5.57	5.58	5.50	5.52	14021368	77569960.00
2022/06/23	5.53	5.55	5.49	5.55	15729182	86891608.00
2022/06/24	5.55	5.56	5.50	5.52	17843600	98522736.00
2022/06/27	5.54	5.57	5.52	5.55	17685807	98128496.00
2022/06/28	5.58	5.62	5.55	5.60	16767563	93608928.00
2022/06/29	5.60	5.63	5.55	5.56	16202725	90629488.00
2022/06/30	5.57	5.67	5.56	5.63	21461719	120617584.00
2022/07/01	5.65	5.67	5.60	5.65	14961158	84371648.00
2022/07/04	5.62	5.64	5.59	5.63	17926363	100669648.00
2022/07/05	5.64	5.70	5.62	5.65	19784043	111877728.00
2022/07/06	5.50	5.50	5.40	5.44	20258140	110235336.00
2022/07/07	5.45	5.48	5.42	5.46	12468362	68081448.00
2022/07/08	5.48	5.60	5.47	5.57	24009646	133036952.00
2022/07/11	5.75	6.05	5.67	5.93	95830222	561804928.00
2022/07/12	5.94	6.14	5.93	6.08	76068771	460157312.00
2022/07/13	6.08	6.17	5.97	6.04	48100207	291614976.00
2022/07/14	5.99	6.04	5.84	5.91	37019948	218932656.00
2022/07/15	5.94	5.96	5.70	5.71	42012748	244585216.00
2022/07/18	5.76	5.85	5.70	5.78	43225849	249238144.00
2022/07/19	5.81	5.95	5.79	5.88	34644472	203819088.00
2022/07/20	5.92	6.08	5.88	6.02	31376934	188216656.00
2022/07/21	6.03	6.06	5.91	5.93	24116868	143807680.00
2022/07/22	5.93	6.06	5.93	6.00	24280600	145892576.00
2022/07/25	6.00	6.08	5.96	6.02	23653300	142744432.00
2022/07/26	6.02	6.12	5.98	6.09	17752781	107914232.00
2022/07/27	6.05	6.09	5.98	6.03	23562368	141973152.00
2022/07/28	6.05	6.10	6.01	6.01	14120901	85518528.00
2022/07/29	6.05	6.05	5.97	5.99	13635472	81853384.00
2022/08/01	5.97	6.01	5.92	5.95	15256549	90992368.00
2022/08/02	5.93	5.93	5.79	5.87	26421700	154801488.00
2022/08/03	5.87	5.91	5.80	5.80	17452578	102052288.00
2022/08/04	5.85	5.85	5.74	5.80	17073445	98879216.00
2022/08/05	5.80	5.90	5.73	5.88	17622091	102445848.00
2022/08/08	5.88	5.90	5.80	5.88	14745461	86396728.00
2022/08/09	5.89	5.89	5.82	5.84	11202161	65501256.00
2022/08/10	5.87	5.87	5.79	5.81	10458117	60985264.00
2022/08/11	5.84	6.02	5.81	5.99	20259525	119962536.00
2022/08/12	5.99	6.07	5.92	5.98	23079413	138099328.00
2022/08/15	5.96	5.98	5.83	5.84	19062249	112152528.00
2022/08/16	5.85	5.93	5.82	5.86	12884245	75528000.00
2022/08/17	5.84	5.92	5.80	5.90	13298593	78027024.00
2022/08/18	5.85	5.90	5.75	5.78	21781894	126090504.00
2022/08/19	5.78	5.87	5.76	5.83	18662515	108774976.00
2022/08/22	5.80	5.93	5.80	5.82	16908377	98923160.00
2022/08/23	5.83	5.84	5.76	5.83	13171150	76327640.00
2022/08/24	5.83	5.89	5.76	5.77	15986452	93118400.00
2022/08/25	5.79	5.93	5.75	5.92	18144155	105998312.00
2022/08/26	5.92	5.96	5.84	5.87	17009456	100076504.00
2022/08/29	5.85	6.00	5.81	5.95	26220778	154565984.00
2022/08/30	5.96	6.05	5.89	5.96	24451760	145747280.00
2022/08/31	5.97	6.01	5.89	5.91	27823772	165374800.00
2022/09/01	5.92	5.99	5.86	5.95	21827408	129998600.00
2022/09/02	5.95	6.01	5.89	5.92	20872499	124022136.00
2022/09/05	5.91	6.04	5.89	6.02	22393580	133682248.00
2022/09/06	6.02	6.06	5.94	5.97	18446016	110273232.00
2022/09/07	5.97	5.97	5.91	5.95	13737602	81597456.00
2022/09/08	5.95	6.04	5.95	6.01	19436288	116579008.00
2022/09/09	6.01	6.11	6.00	6.08	24495536	148728528.00
2022/09/13	6.10	6.14	6.05	6.07	20704706	126244152.00
2022/09/14	6.03	6.06	5.99	6.02	21361905	128643160.00
2022/09/15	6.06	6.14	5.96	6.00	26910040	162722384.00
2022/09/16	6.02	6.02	5.87	5.88	23694869	140961776.00
2022/09/19	5.87	5.95	5.81	5.90	18402828	108166592.00
2022/09/20	5.91	5.97	5.84	5.84	17830507	105238800.00
2022/09/21	5.84	5.98	5.80	5.93	21481752	127233728.00
2022/09/22	5.90	5.93	5.82	5.90	22592660	132799408.00
2022/09/23	5.88	5.96	5.85	5.90	20298782	119964544.00
2022/09/26	5.87	5.92	5.72	5.73	24823258	143713680.00
2022/09/27	5.74	5.86	5.73	5.85	16561151	96120352.00
2022/09/28	5.86	5.90	5.80	5.82	21745778	127344976.00
2022/09/29	5.86	5.87	5.72	5.76	15756288	91380688.00
2022/09/30	5.75	5.84	5.72	5.79	13852148	80136960.00
2022/10/10	5.79	5.86	5.72	5.75	20690289	119918528.00
2022/10/11	5.75	5.78	5.61	5.63	34083867	194146912.00
2022/10/12	5.63	5.80	5.60	5.80	32856588	188137600.00
2022/10/13	5.76	5.78	5.65	5.67	24992961	142413056.00
2022/10/14	5.71	5.92	5.70	5.86	29723822	173493808.00
2022/10/17	5.83	5.87	5.80	5.83	17522700	102196272.00
2022/10/18	5.89	5.94	5.84	5.86	15981536	93949928.00
2022/10/19	5.85	5.88	5.78	5.80	11396661	66454716.00
2022/10/20	5.80	5.81	5.72	5.74	17341363	99713392.00
2022/10/21	5.75	5.77	5.67	5.70	14505793	82822648.00
2022/10/24	5.69	5.75	5.55	5.57	21320684	120261320.00
2022/10/25	5.54	5.61	5.46	5.49	18691892	103085872.00
2022/10/26	5.50	5.55	5.43	5.47	26215907	143856080.00
2022/10/27	5.47	5.50	5.43	5.44	15882275	86705976.00
2022/10/28	5.43	5.46	5.26	5.32	29778761	159191424.00
2022/10/31	5.15	5.23	4.80	4.83	104033346	508709728.00
2022/11/01	4.81	4.88	4.80	4.88	61624303	298360448.00
2022/11/02	4.85	4.89	4.82	4.85	46857501	227056720.00
2022/11/03	4.83	4.86	4.80	4.82	30656769	147946224.00
2022/11/04	4.81	4.96	4.80	4.94	48766765	238459760.00
2022/11/07	4.93	4.97	4.89	4.93	29318789	144216512.00
2022/11/08	4.93	4.95	4.89	4.92	18908222	92959392.00
2022/11/09	4.91	4.95	4.90	4.92	19291356	94967880.00
2022/11/10	4.89	4.93	4.86	4.91	21494844	105280544.00
2022/11/11	4.98	5.07	4.93	5.03	46824054	233743424.00
2022/11/14	5.04	5.14	5.03	5.08	40240631	204735200.00
2022/11/15	5.05	5.14	5.05	5.11	28725445	146497888.00
2022/11/16	5.09	5.12	5.07	5.08	21941700	111769472.00
2022/11/17	5.08	5.10	5.06	5.09	14953408	75910472.00
2022/11/18	5.09	5.11	5.04	5.07	20850849	105822072.00
2022/11/21	5.07	5.07	5.01	5.05	14490486	72978248.00
2022/11/22	5.05	5.14	5.04	5.09	21126833	107613600.00
2022/11/23	5.10	5.17	5.09	5.12	25549865	131059592.00
2022/11/24	5.12	5.16	5.09	5.13	18762053	96148520.00
2022/11/25	5.13	5.26	5.12	5.26	31215154	162650480.00
2022/11/28	5.19	5.23	5.12	5.20	23481500	121378648.00
2022/11/29	5.21	5.41	5.21	5.28	55188822	292798880.00
2022/11/30	5.29	5.33	5.22	5.26	39544677	208433504.00
2022/12/01	5.32	5.33	5.23	5.24	26859546	141439328.00
2022/12/02	5.24	5.26	5.15	5.23	19059027	99136424.00
2022/12/05	5.24	5.34	5.23	5.33	25774350	136546960.00
2022/12/06	5.32	5.36	5.28	5.33	19168888	101902600.00
2022/12/07	5.33	5.34	5.26	5.30	18729506	99311896.00
2022/12/08	5.30	5.37	5.28	5.34	19481353	103821832.00
2022/12/09	5.34	5.39	5.32	5.38	18714790	100307256.00
2022/12/12	5.35	5.38	5.26	5.28	19003952	101359456.00
2022/12/13	5.28	5.37	5.26	5.34	17294467	92295128.00
2022/12/14	5.33	5.36	5.28	5.29	11168500	59289116.00
2022/12/15	5.29	5.30	5.21	5.22	11913200	62413224.00
2022/12/16	5.19	5.28	5.19	5.24	14537020	76051696.00
2022/12/19	5.24	5.25	5.10	5.12	17030328	87904640.00
2022/12/20	5.12	5.16	5.06	5.08	11519639	58880608.00
2022/12/21	5.09	5.15	5.07	5.10	10413704	53150404.00
2022/12/22	5.12	5.16	5.00	5.02	12819888	64997760.00
2022/12/23	5.01	5.06	4.97	4.98	11554780	57803636.00
2022/12/26	4.98	5.01	4.96	4.98	14521982	72331696.00
2022/12/27	5.04	5.14	5.01	5.14	16983400	86283520.00
2022/12/28	5.12	5.25	5.09	5.22	21411087	111459952.00
2022/12/29	5.19	5.28	5.15	5.28	17154780	89746992.00
2022/12/30	5.29	5.30	5.22	5.27	11095100	58320408.00
2023/01/03	5.27	5.29	5.21	5.25	16773219	88163808.00
2023/01/04	5.28	5.55	5.28	5.48	41279736	224725280.00
2023/01/05	5.49	5.52	5.45	5.50	21883738	119970736.00
2023/01/06	5.50	5.52	5.42	5.44	13423173	73192536.00
2023/01/09	5.44	5.46	5.36	5.36	17783481	95711240.00
2023/01/10	5.36	5.39	5.32	5.34	13738418	73411800.00
2023/01/11	5.34	5.44	5.32	5.44	17926360	96868576.00
2023/01/12	5.43	5.43	5.34	5.37	11326078	60893924.00
2023/01/13	5.39	5.47	5.36	5.47	14371970	77826376.00
2023/01/16	5.65	5.88	5.61	5.69	61901234	354468864.00
2023/01/17	5.73	5.79	5.70	5.75	36855474	211783968.00
2023/01/18	5.75	5.94	5.71	5.82	31387875	183141600.00
2023/01/19	5.80	5.87	5.73	5.84	23700057	137549648.00
2023/01/20	5.84	5.85	5.76	5.77	20891200	120928328.00
2023/01/30	5.80	5.84	5.68	5.69	23501750	134936816.00
2023/01/31	5.68	5.78	5.66	5.75	17139786	98319896.00
2023/02/01	5.77	5.80	5.73	5.78	16347909	94252152.00
2023/02/02	5.78	5.78	5.72	5.73	10732453	61660568.00
2023/02/03	5.73	5.73	5.63	5.66	10844391	61375896.00
2023/02/06	5.63	5.66	5.59	5.61	11566600	64961932.00
2023/02/07	5.62	5.66	5.59	5.64	12656000	71162072.00
2023/02/08	5.64	5.66	5.55	5.58	14435500	80748904.00
2023/02/09	5.55	5.62	5.55	5.61	15586740	87229584.00
2023/02/10	5.61	5.66	5.59	5.66	12605486	70917152.00
2023/02/13	5.66	5.67	5.59	5.61	19816236	111225328.00
2023/02/14	5.62	5.74	5.60	5.72	20232857	115192352.00
2023/02/15	5.72	5.72	5.66	5.69	11590679	65962584.00
2023/02/16	5.69	5.76	5.61	5.64	14653582	83596344.00
2023/02/17	5.64	5.66	5.59	5.59	10361168	58266912.00
2023/02/20	5.61	5.73	5.60	5.71	15057516	85479352.00
2023/02/21	5.70	5.73	5.66	5.70	13521800	77017176.00
2023/02/22	5.70	5.71	5.66	5.67	8097356	45994240.00
2023/02/23	5.69	5.79	5.67	5.70	18629056	106428824.00
2023/02/24	5.69	5.70	5.63	5.68	10753200	60915016.00
2023/02/27	5.67	5.67	5.60	5.61	9171550	51690556.00
2023/02/28	5.63	5.65	5.58	5.64	10121020	56798944.00
2023/03/01	5.64	5.69	5.60	5.69	11520838	65284572.00
2023/03/02	5.68	5.70	5.63	5.69	13363682	75836392.00
2023/03/03	5.69	5.75	5.66	5.73	14813300	84452840.00
2023/03/06	5.74	5.78	5.66	5.67	16132527	92054456.00
2023/03/07	5.67	5.78	5.66	5.67	19306410	110557504.00
2023/03/08	5.66	5.75	5.61	5.74	20396319	115896848.00
2023/03/09	5.76	5.76	5.65	5.66	13830300	78818024.00
2023/03/10	5.64	5.64	5.49	5.49	23065100	128209240.00
2023/03/13	5.43	5.53	5.42	5.50	14316455	78343072.00
2023/03/14	5.45	5.47	5.37	5.39	12486247	67588704.00
2023/03/15	5.46	5.52	5.43	5.50	10963405	60141276.00
2023/03/16	5.49	5.56	5.44	5.51	13365726	73737264.00
2023/03/17	5.54	5.58	5.51	5.54	9389228	52054472.00
2023/03/20	5.55	5.63	5.47	5.48	13410500	74462552.00
2023/03/21	5.51	5.53	5.41	5.42	14560875	79422824.00
2023/03/22	5.45	5.51	5.43	5.50	10374800	56850400.00
2023/03/23	5.49	5.56	5.46	5.54	10222220	56295292.00
2023/03/24	5.54	5.56	5.45	5.45	10070100	55165340.00
2023/03/27	5.46	5.47	5.41	5.44	10617450	57705760.00
2023/03/28	5.46	5.46	5.41	5.43	6883324	37359184.00
2023/03/29	5.42	5.44	5.35	5.37	11068233	59523096.00
2023/03/30	5.36	5.44	5.35	5.41	11930100	64405856.00
2023/03/31	5.44	5.47	5.36	5.38	13349417	72231464.00
2023/04/03	5.37	5.44	5.36	5.43	16959606	91682024.00
2023/04/04	5.43	5.43	5.37	5.42	10903166	58998600.00
2023/04/06	5.41	5.43	5.36	5.37	12504600	67354072.00
2023/04/07	5.38	5.41	5.36	5.38	7979519	42952632.00
2023/04/10	5.40	5.40	5.35	5.39	13800606	74261600.00
2023/04/11	5.39	5.40	5.35	5.39	10699200	57521960.00
2023/04/12	5.39	5.46	5.38	5.41	12894667	69890800.00
2023/04/13	5.40	5.50	5.38	5.47	16140152	87779016.00
2023/04/14	5.47	5.54	5.46	5.48	14411107	79195312.00
2023/04/17	5.48	5.57	5.47	5.56	16065735	88922136.00
2023/04/18	5.56	5.62	5.54	5.61	15109208	84611152.00
2023/04/19	5.64	5.66	5.58	5.60	14687085	82597760.00
2023/04/20	5.64	5.69	5.58	5.67	17511576	98661392.00
2023/04/21	5.67	5.72	5.57	5.58	17007900	95899200.00
2023/04/24	5.57	5.65	5.54	5.56	12454751	69640320.00
2023/04/25	5.54	5.67	5.54	5.64	19624382	110338288.00
2023/04/26	5.64	5.64	5.49	5.60	15813228	88101384.00
2023/04/27	5.62	5.71	5.58	5.69	20281548	114762224.00
2023/04/28	5.73	5.79	5.67	5.68	21633500	123859944.00
2023/05/05	5.79	5.79	5.79	5.79	0	0.00
数据来源:通达信
