688776 国光电气 日线 不复权
      日期	    开盘	    最高	    最低	    收盘	    成交量	    成交额
2021/08/31	150.00	156.00	127.77	137.16	12565369	1746999552.00
2021/09/01	141.00	154.56	139.26	146.06	7680446	1128195328.00
2021/09/02	146.20	168.50	145.11	165.20	5564241	884432000.00
2021/09/03	168.00	175.00	159.20	173.75	3770136	631503936.00
2021/09/06	174.50	177.76	160.90	162.97	2970721	501505056.00
2021/09/07	163.14	171.97	159.00	162.00	2368419	389863488.00
2021/09/08	163.17	193.23	163.17	188.88	3593980	645910272.00
2021/09/09	187.00	189.00	180.00	184.88	1613101	296888064.00
2021/09/10	184.50	189.00	179.13	183.00	1293308	236508800.00
2021/09/13	186.00	187.00	172.00	173.69	1779199	317700192.00
2021/09/14	173.00	173.89	160.00	161.96	2066471	342201408.00
2021/09/15	160.00	173.00	159.18	168.50	1191489	199236992.00
2021/09/16	167.00	179.77	166.67	173.00	1087985	189758592.00
2021/09/17	177.60	178.77	164.00	168.69	976866	167028416.00
2021/09/22	163.05	180.15	163.05	179.77	1160497	202884288.00
2021/09/23	179.78	186.33	172.66	176.22	760185	135356528.00
2021/09/24	175.00	176.63	170.00	173.50	474800	81998728.00
2021/09/27	169.99	176.00	165.56	167.00	963028	162456528.00
2021/09/28	167.00	170.64	165.18	166.30	593193	99533776.00
2021/09/29	165.11	167.96	158.52	159.09	674894	109408656.00
2021/09/30	162.64	162.64	158.26	160.59	477903	76438664.00
2021/10/08	164.53	167.00	155.00	159.61	476515	77151656.00
2021/10/11	159.30	161.50	154.05	156.00	373123	58653112.00
2021/10/12	154.98	155.00	142.32	150.31	1073950	159839184.00
2021/10/13	149.01	158.00	147.14	157.50	335460	51423852.00
2021/10/14	155.81	157.36	153.34	155.90	163967	25456948.00
2021/10/15	154.01	158.00	147.90	149.01	533640	80338352.00
2021/10/18	149.78	155.01	145.16	154.54	543667	82382096.00
2021/10/19	153.58	153.60	149.13	152.03	330113	50121392.00
2021/10/20	150.01	153.72	144.00	147.32	557964	82197032.00
2021/10/21	146.22	151.66	145.18	149.69	256666	38311712.00
2021/10/22	149.62	154.29	145.00	148.70	361926	54429644.00
2021/10/25	148.70	161.71	147.01	160.00	534313	83787760.00
2021/10/26	156.00	162.21	154.50	156.85	650863	102862456.00
2021/10/27	157.49	160.00	153.77	154.71	288653	45241112.00
2021/10/28	152.78	159.50	151.08	156.30	323537	50427724.00
2021/10/29	159.00	159.60	154.10	156.99	280937	44189868.00
2021/11/01	155.78	158.30	153.09	156.95	170986	26753116.00
2021/11/02	155.20	169.26	155.20	157.06	670761	107844904.00
2021/11/03	155.50	158.66	152.00	154.48	305333	47289480.00
2021/11/04	156.00	164.88	156.00	162.69	344069	55173856.00
2021/11/05	162.93	163.02	157.09	159.00	278726	44282984.00
2021/11/08	159.00	160.00	156.30	158.16	214785	33911852.00
2021/11/09	158.00	173.00	156.51	169.51	521583	87291888.00
2021/11/10	169.48	175.00	167.68	169.99	448934	76617576.00
2021/11/11	169.90	203.99	169.90	199.99	1837729	358030784.00
2021/11/12	191.00	201.87	191.00	200.00	892415	176489568.00
2021/11/15	198.00	207.69	191.11	200.00	864764	172256320.00
2021/11/16	196.50	205.66	193.64	197.00	502567	100067280.00
2021/11/17	195.00	214.92	194.00	206.80	783126	161062240.00
2021/11/18	207.80	212.96	197.66	211.73	672078	138628592.00
2021/11/19	209.76	214.77	204.10	205.10	610775	127666088.00
2021/11/22	207.18	219.00	198.96	218.00	1085707	226613536.00
2021/11/23	210.00	220.01	205.79	215.01	831301	177209536.00
2021/11/24	215.06	217.50	209.00	211.58	476653	100741976.00
2021/11/25	212.80	215.75	205.00	206.45	394885	82719088.00
2021/11/26	202.00	217.00	202.00	212.60	391774	83342568.00
2021/11/29	207.58	217.46	207.58	214.88	365861	78256968.00
2021/11/30	218.94	220.44	213.47	213.58	380266	82076136.00
2021/12/01	215.82	225.70	207.50	212.68	419207	90105600.00
2021/12/02	213.16	214.83	207.02	208.88	323075	67788440.00
2021/12/03	207.57	213.30	205.70	209.01	438803	91712904.00
2021/12/06	209.71	209.72	202.39	202.39	344953	71172840.00
2021/12/07	202.00	205.06	186.01	190.50	731513	141218000.00
2021/12/08	189.47	197.00	189.47	195.75	197982	38472700.00
2021/12/09	198.01	198.81	185.00	185.00	465420	87580584.00
2021/12/10	186.37	191.05	185.01	186.08	293254	54981052.00
2021/12/13	186.00	188.00	183.97	187.61	289886	53984304.00
2021/12/14	187.62	193.33	187.41	187.91	285031	54376712.00
2021/12/15	187.91	197.27	186.28	193.30	258588	49628280.00
2021/12/16	193.30	195.00	188.35	189.21	187031	35672776.00
2021/12/17	188.63	195.98	183.21	194.00	418504	80321376.00
2021/12/20	186.24	194.00	186.24	190.21	194563	37014128.00
2021/12/21	192.96	192.96	183.89	186.68	218384	40815704.00
2021/12/22	188.99	193.00	185.50	192.61	159731	30403790.00
2021/12/23	192.66	194.00	186.00	187.63	156992	29715864.00
2021/12/24	186.50	189.66	184.34	188.01	172884	32319412.00
2021/12/27	185.51	186.86	182.08	182.29	243962	44696912.00
2021/12/28	182.98	190.93	182.98	187.21	134377	25230520.00
2021/12/29	187.74	193.28	185.00	190.00	174077	33276908.00
2021/12/30	194.00	197.29	189.97	191.50	156561	30185312.00
2021/12/31	189.65	203.75	189.65	195.43	275682	54472144.00
2022/01/04	195.43	198.00	189.01	196.97	331731	64204348.00
2022/01/05	194.31	196.01	186.88	187.06	237148	44931824.00
2022/01/06	186.00	189.24	179.00	179.64	407224	74348792.00
2022/01/07	179.00	181.35	171.00	171.06	217084	37889980.00
2022/01/10	170.02	180.50	168.12	179.28	198259	34807752.00
2022/01/11	178.99	182.97	174.54	175.36	101558	18038236.00
2022/01/12	172.98	180.46	172.98	178.39	111848	19850494.00
2022/01/13	183.63	183.63	171.68	173.00	120865	20934116.00
2022/01/14	174.00	177.00	171.26	172.21	78096	13537801.00
2022/01/17	174.15	175.38	170.00	175.06	163838	28250220.00
2022/01/18	175.00	176.88	169.52	174.07	159079	27446880.00
2022/01/19	171.04	173.00	168.40	172.70	115972	19751048.00
2022/01/20	174.88	174.88	163.80	165.18	251690	41764632.00
2022/01/21	163.18	166.20	159.99	161.50	108410	17621596.00
2022/01/24	162.59	166.68	161.00	165.00	72264	11848875.00
2022/01/25	169.00	169.00	157.23	158.00	122057	19572028.00
2022/01/26	156.06	164.35	155.23	164.00	90656	14580943.00
2022/01/27	162.38	163.90	156.80	160.04	151763	24186890.00
2022/01/28	179.01	179.01	155.00	166.00	148410	23599556.00
2022/02/07	162.00	169.90	158.66	159.04	72628	11739153.00
2022/02/08	162.50	162.52	155.79	157.05	71453	11291987.00
2022/02/09	159.10	166.38	158.18	164.00	169146	27712172.00
2022/02/10	164.00	164.00	157.96	162.50	155091	24809452.00
2022/02/11	162.51	162.51	154.74	160.50	113886	17906242.00
2022/02/14	158.50	158.50	152.00	156.65	140703	21755508.00
2022/02/15	157.22	159.50	154.99	159.50	143080	22448024.00
2022/02/16	157.68	161.31	154.11	161.10	90472	14366075.00
2022/02/17	161.09	161.67	159.50	160.47	43019	6921986.00
2022/02/18	157.54	162.84	157.53	161.45	74760	12069394.00
2022/02/21	160.02	162.45	160.00	162.41	55635	8984675.00
2022/02/22	162.00	164.28	157.19	162.98	92084	14832666.00
2022/02/23	162.33	166.18	160.00	165.50	167047	27438056.00
2022/02/24	164.53	165.18	157.79	159.99	152368	24593932.00
2022/02/25	161.01	165.16	159.00	163.00	247913	40272816.00
2022/02/28	161.96	165.00	156.10	159.59	358849	57476792.00
2022/03/01	160.28	164.20	157.99	160.00	281075	45249648.00
2022/03/02	159.00	161.59	155.00	156.99	283875	44538480.00
2022/03/03	154.48	157.96	146.03	153.90	854627	130786056.00
2022/03/04	148.58	159.01	148.58	154.12	245808	38139172.00
2022/03/07	160.02	160.02	146.49	147.60	238239	35399224.00
2022/03/08	144.72	147.39	142.30	145.68	287153	41396920.00
2022/03/09	142.99	143.25	137.15	142.00	375496	52921660.00
2022/03/10	143.00	148.88	142.18	144.77	136718	19925768.00
2022/03/11	144.00	150.50	138.86	148.80	190837	27933076.00
2022/03/14	148.88	149.00	141.01	149.00	176738	25557534.00
2022/03/15	142.50	146.00	141.07	145.50	147647	21125350.00
2022/03/16	143.93	146.94	140.08	143.50	181594	26064244.00
2022/03/17	145.00	146.37	142.70	142.89	211418	30538852.00
2022/03/18	142.01	146.98	141.50	143.50	130282	18745288.00
2022/03/21	144.79	146.00	143.11	144.33	83095	12012406.00
2022/03/22	142.60	148.46	142.45	145.14	167761	24489376.00
2022/03/23	143.30	149.00	142.00	148.48	169620	25045004.00
2022/03/24	148.27	148.28	144.00	147.01	151458	22136640.00
2022/03/25	145.23	147.00	142.10	143.05	136389	19602684.00
2022/03/28	140.40	152.53	138.58	150.58	411212	60469200.00
2022/03/29	152.00	155.01	147.17	148.46	303935	45741876.00
2022/03/30	148.18	149.27	147.05	148.49	102371	15172996.00
2022/03/31	146.20	147.00	144.20	144.91	92803	13492365.00
2022/04/01	146.02	146.02	141.50	143.78	164570	23509922.00
2022/04/06	143.60	143.78	139.38	140.80	105523	14822531.00
2022/04/07	140.80	140.83	136.10	138.79	150195	20781468.00
2022/04/08	138.76	138.79	133.00	134.84	133700	18100104.00
2022/04/11	128.00	140.96	128.00	137.00	162845	21863624.00
2022/04/12	133.17	144.95	133.17	141.44	208896	29488542.00
2022/04/13	136.22	139.84	134.72	138.22	89389	12273928.00
2022/04/14	130.00	138.00	130.00	138.00	208251	28122936.00
2022/04/15	134.00	137.10	134.00	136.07	47500	6425031.00
2022/04/18	134.02	139.30	134.02	137.31	115271	15886001.00
2022/04/19	136.98	143.50	136.22	139.58	95064	13365483.00
2022/04/20	138.03	141.63	137.00	139.60	68436	9507077.00
2022/04/21	141.99	142.95	135.50	136.16	110302	15192038.00
2022/04/22	111.68	135.90	111.68	134.99	211755	27745920.00
2022/04/25	133.50	133.50	126.06	126.06	108102	13898997.00
2022/04/26	126.49	129.17	117.01	122.10	159785	19614592.00
2022/04/27	120.00	123.85	117.00	122.26	269803	32190508.00
2022/04/28	121.00	124.79	118.00	118.35	174287	21190068.00
2022/04/29	118.34	133.75	118.00	127.99	255391	32031678.00
2022/05/05	125.00	135.66	125.00	133.33	326991	43559140.00
2022/05/06	130.44	152.49	130.00	146.31	499514	72538832.00
2022/05/09	149.00	157.71	140.20	154.00	378131	57943784.00
2022/05/10	153.00	156.74	150.19	155.00	243612	37595152.00
2022/05/11	155.00	155.42	151.08	152.88	249593	38122664.00
2022/05/12	150.00	154.97	148.89	151.90	265871	40039472.00
2022/05/13	153.27	153.27	148.01	150.78	153824	23127202.00
2022/05/16	155.00	155.00	148.01	148.66	165057	24831052.00
2022/05/17	148.60	151.99	146.00	149.81	106439	15776190.00
2022/05/18	148.10	154.99	148.10	153.00	247103	37752632.00
2022/05/19	150.99	155.00	149.51	154.98	245074	37202896.00
2022/05/20	157.08	159.18	150.58	156.50	319452	49345228.00
2022/05/23	154.03	157.98	152.10	156.00	192351	29790658.00
2022/05/24	155.50	161.90	153.17	154.00	367638	57716732.00
2022/05/25	153.78	158.88	152.11	158.00	297093	46414864.00
2022/05/26	156.27	159.88	153.00	155.07	246557	38470100.00
2022/05/27	156.00	162.86	154.83	157.40	365370	58165448.00
2022/05/30	157.41	161.06	153.89	158.88	205329	32430880.00
2022/05/31	156.11	156.83	154.29	156.48	194038	30261388.00
2022/06/01	156.00	166.87	156.00	163.42	389423	63766900.00
2022/06/02	163.24	171.01	161.22	170.80	531186	88851352.00
2022/06/06	172.96	179.00	170.90	173.49	470716	82476432.00
2022/06/07	172.79	173.86	168.03	168.11	208136	35359892.00
2022/06/08	169.29	171.76	162.78	167.00	243945	40699740.00
2022/06/09	163.50	173.25	162.00	168.31	424326	72098024.00
2022/06/10	166.10	173.00	164.00	170.20	229030	38689628.00
2022/06/13	166.10	171.05	166.08	170.35	122640	20691792.00
2022/06/14	165.30	170.09	164.10	166.65	136655	22761700.00
2022/06/15	163.74	168.98	163.74	167.37	155145	25827936.00
2022/06/16	168.89	173.44	164.12	164.80	229651	38472952.00
2022/06/17	166.01	171.00	163.83	169.26	275322	46474844.00
2022/06/20	167.00	180.00	167.00	178.22	429159	75695200.00
2022/06/21	176.00	179.88	168.76	172.00	272694	47514468.00
2022/06/22	173.98	174.00	168.37	169.98	234340	39832976.00
2022/06/23	169.50	177.00	168.02	176.19	373001	65233252.00
2022/06/24	180.00	191.88	177.17	184.29	741461	137794576.00
2022/06/27	190.00	190.01	178.50	180.50	468653	85347456.00
2022/06/28	183.05	183.89	177.09	182.30	194001	34982012.00
2022/06/29	180.01	183.66	173.00	173.70	330773	59066512.00
2022/06/30	176.00	178.28	169.60	169.99	388570	67117496.00
2022/07/01	169.99	172.80	167.48	169.00	321677	54598968.00
2022/07/04	167.00	182.86	164.36	180.47	911834	157065648.00
2022/07/05	178.83	180.47	172.31	176.54	351552	61736448.00
2022/07/06	175.00	185.99	175.00	182.90	356516	65189780.00
2022/07/07	185.17	189.59	179.37	186.77	220160	40591880.00
2022/07/08	184.90	188.80	182.90	183.68	126363	23357252.00
2022/07/11	183.69	190.79	180.11	189.98	296025	55472252.00
2022/07/12	190.00	193.94	183.20	185.00	171794	32333652.00
2022/07/13	184.00	188.00	178.03	179.55	211151	38480048.00
2022/07/14	180.95	186.01	178.01	183.90	199285	36503756.00
2022/07/15	184.67	194.00	182.06	187.40	256929	48592868.00
2022/07/18	188.97	192.00	177.25	191.35	317468	58893100.00
2022/07/19	188.50	206.00	188.43	203.60	562343	112291264.00
2022/07/20	203.79	209.50	198.50	204.10	289484	59279152.00
2022/07/21	208.88	209.99	200.01	203.50	158411	32340020.00
2022/07/22	203.14	207.85	199.18	202.00	239932	48359920.00
2022/07/25	202.01	205.83	199.23	201.96	93066	18736032.00
2022/07/26	205.19	205.79	199.26	203.45	119958	24400148.00
2022/07/27	203.92	211.63	202.53	208.27	197474	40722560.00
2022/07/28	209.00	209.00	202.00	207.01	162679	33350186.00
2022/07/29	207.00	207.92	200.00	206.90	156942	32086856.00
2022/08/01	206.50	212.00	198.43	200.88	226887	45901524.00
2022/08/02	202.00	213.77	195.50	209.00	306892	62466280.00
2022/08/03	208.95	210.80	205.20	208.00	267628	55920012.00
2022/08/04	209.14	215.35	208.13	212.63	220431	46790012.00
2022/08/05	213.97	214.00	206.51	212.07	177698	37520440.00
2022/08/08	208.69	224.00	208.69	223.55	375156	82249096.00
2022/08/09	223.98	232.98	220.09	229.00	276510	62635560.00
2022/08/10	227.01	234.79	222.10	224.59	278383	63178768.00
2022/08/11	224.33	229.98	218.26	218.26	254090	56337984.00
2022/08/12	220.97	220.97	209.51	214.00	405141	86479528.00
2022/08/15	215.00	230.98	214.00	224.99	497802	111210640.00
2022/08/16	225.00	225.00	216.10	216.77	247975	54623440.00
2022/08/17	210.80	222.50	210.80	218.80	149593	32358432.00
2022/08/18	216.00	221.73	212.00	220.29	294854	64326648.00
2022/08/19	220.80	229.00	214.00	215.28	207110	46102920.00
2022/08/22	221.98	221.98	207.18	208.00	454058	95563104.00
2022/08/23	208.00	208.50	200.21	200.61	546573	111004480.00
2022/08/24	200.89	202.51	191.92	198.20	497468	97489960.00
2022/08/25	200.05	203.79	197.00	200.12	333568	66550256.00
2022/08/26	200.80	202.58	195.01	195.72	406521	80638064.00
2022/08/29	195.50	204.79	192.00	200.32	593721	118607448.00
2022/08/30	202.38	202.38	194.00	194.77	372040	73074848.00
2022/08/31	191.19	193.01	184.81	189.99	920925	172997552.00
2022/09/01	185.60	192.00	185.60	189.34	317758	60105796.00
2022/09/02	188.27	199.82	182.00	191.44	885863	170701600.00
2022/09/05	192.64	198.94	189.06	194.68	820482	160348384.00
2022/09/06	194.68	207.20	192.00	203.98	628185	126591928.00
2022/09/07	208.13	216.62	204.11	215.80	793179	168297120.00
2022/09/08	214.07	226.88	214.07	222.63	961188	212617888.00
2022/09/09	222.00	226.80	213.13	216.78	467881	101530480.00
2022/09/13	216.59	220.79	213.98	217.25	290108	63175032.00
2022/09/14	214.00	225.60	214.00	222.46	837643	185948016.00
2022/09/15	231.00	231.30	210.50	216.45	595115	129782032.00
2022/09/16	212.33	247.00	212.33	241.50	1473784	350713664.00
2022/09/19	234.03	247.50	234.03	242.40	744947	180525424.00
2022/09/20	240.85	243.93	232.02	240.00	375156	89775776.00
2022/09/21	241.25	246.00	229.49	231.05	407835	96449608.00
2022/09/22	232.99	264.91	232.44	250.04	1067453	264439168.00
2022/09/23	250.04	250.04	235.79	238.83	468261	112885040.00
2022/09/26	240.00	241.49	230.00	237.67	319519	75645032.00
2022/09/27	238.00	251.17	234.18	244.67	667529	163024352.00
2022/09/28	244.00	245.00	237.06	242.37	488915	118257032.00
2022/09/29	242.35	246.92	233.20	243.00	391689	94515160.00
2022/09/30	245.00	245.00	228.39	232.99	461481	107976160.00
2022/10/10	234.88	234.96	218.82	222.84	595974	135991696.00
2022/10/11	227.75	231.54	216.91	225.27	683171	153790608.00
2022/10/12	225.22	237.30	218.18	235.88	848219	192716848.00
2022/10/13	235.00	239.38	227.00	233.00	680408	158868448.00
2022/10/14	232.66	239.65	226.66	237.68	709079	166145408.00
2022/10/17	237.68	244.97	226.00	234.90	736126	172510112.00
2022/10/18	234.00	240.33	227.71	238.25	651605	153542480.00
2022/10/19	238.00	239.99	224.01	226.48	827204	188808768.00
2022/10/20	226.51	231.40	221.05	225.81	430238	97271176.00
2022/10/21	225.70	228.76	220.00	228.00	372970	83940384.00
2022/10/24	228.01	246.00	228.01	238.88	899753	215437040.00
2022/10/25	242.16	245.88	233.23	238.60	473762	112814112.00
2022/10/26	240.53	247.99	235.38	245.33	952323	231559056.00
2022/10/27	248.90	248.90	234.60	235.32	694987	166236784.00
2022/10/28	208.59	235.99	204.73	234.00	2887399	637758976.00
2022/10/31	231.43	246.90	225.04	239.77	796724	191123616.00
2022/11/01	241.64	245.00	225.94	229.40	600538	140024240.00
2022/11/02	229.05	230.03	216.00	218.37	862652	192176720.00
2022/11/03	218.37	230.80	217.52	228.26	895747	201315232.00
2022/11/04	232.00	232.73	220.55	231.47	339962	77885056.00
2022/11/07	231.25	231.38	222.00	225.54	433982	97528072.00
2022/11/08	223.26	223.26	212.00	219.07	884368	191250032.00
2022/11/09	218.00	223.50	214.57	219.42	578606	127633104.00
2022/11/10	219.82	219.82	210.60	214.89	302171	64753904.00
2022/11/11	219.98	220.40	205.00	208.96	438490	93023432.00
2022/11/14	205.16	211.99	201.12	210.00	495129	103037200.00
2022/11/15	208.00	212.67	202.28	209.88	599466	125347032.00
2022/11/16	206.90	216.41	206.88	213.62	604391	127957096.00
2022/11/17	211.59	216.41	206.02	215.28	328615	69461776.00
2022/11/18	218.82	218.82	210.00	213.65	205906	43879816.00
2022/11/21	202.99	215.00	202.99	213.00	342849	72320200.00
2022/11/22	213.80	215.89	208.01	212.00	268291	56911052.00
2022/11/23	212.01	214.42	207.25	211.93	163198	34303344.00
2022/11/24	209.00	222.50	209.00	215.21	464891	100806768.00
2022/11/25	213.08	213.09	204.00	204.56	292017	60730548.00
2022/11/28	204.00	204.00	190.50	193.00	643357	125774576.00
2022/11/29	195.00	195.00	185.00	186.23	677313	127505584.00
2022/11/30	186.08	191.00	184.38	189.43	414217	78094936.00
2022/12/01	190.38	198.00	187.01	193.50	378386	72898544.00
2022/12/02	192.90	196.50	191.61	194.13	138231	26874248.00
2022/12/05	192.60	199.66	190.02	198.60	235489	46259048.00
2022/12/06	198.70	203.00	194.26	199.20	187997	37451636.00
2022/12/07	201.00	201.70	197.00	199.71	96396	19180368.00
2022/12/08	197.10	200.50	195.07	198.74	142771	28353608.00
2022/12/09	196.31	200.98	195.15	198.00	267933	53283004.00
2022/12/12	197.50	201.00	193.01	199.40	221437	43815708.00
2022/12/13	208.11	218.99	187.37	195.52	793763	163754832.00
2022/12/14	196.08	202.16	186.64	186.88	477501	92064000.00
2022/12/15	185.40	188.06	182.08	186.30	277964	51528080.00
2022/12/16	188.00	188.00	177.72	179.19	365769	66044740.00
2022/12/19	177.78	185.26	172.21	181.84	167608	30411828.00
2022/12/20	178.81	183.53	178.81	181.67	120645	21951162.00
2022/12/21	180.01	182.27	171.00	174.09	215108	37759244.00
2022/12/22	173.00	175.74	169.56	174.70	285163	49156116.00
2022/12/23	171.11	172.80	168.14	170.24	238753	40664376.00
2022/12/26	173.98	177.33	169.02	175.02	403739	70137672.00
2022/12/27	175.02	182.00	170.12	178.13	330213	58574980.00
2022/12/28	175.91	179.89	173.99	175.05	198829	35078936.00
2022/12/29	175.98	179.20	171.42	174.46	421666	73781832.00
2022/12/30	175.32	177.90	172.58	175.08	316929	55429864.00
2023/01/03	177.22	190.71	173.43	189.70	511709	94523760.00
2023/01/04	192.99	192.99	185.01	190.53	248014	46870952.00
2023/01/05	187.74	195.11	187.30	194.98	359708	68935344.00
2023/01/06	194.00	201.98	193.50	196.27	250191	49469004.00
2023/01/09	196.00	198.98	191.00	191.32	181724	35187648.00
2023/01/10	192.27	193.90	188.55	189.81	178046	34033452.00
2023/01/11	189.19	191.92	185.85	187.03	119560	22514400.00
2023/01/12	187.52	189.78	185.53	187.33	83435	15649093.00
2023/01/13	185.54	187.89	176.73	178.96	354421	63974936.00
2023/01/16	180.49	182.15	168.58	171.65	767950	133196456.00
2023/01/17	168.58	180.16	168.56	176.60	918413	160609408.00
2023/01/18	177.43	177.43	167.40	167.72	871822	147433888.00
2023/01/19	166.18	171.47	165.19	169.87	372909	63038020.00
2023/01/20	168.99	171.88	168.09	169.73	246914	41938200.00
2023/01/30	171.30	182.16	171.30	178.73	453521	80646344.00
2023/01/31	177.83	188.88	177.00	186.82	699135	129363592.00
2023/02/01	188.30	191.60	186.07	191.02	454380	86005456.00
2023/02/02	194.00	194.34	187.31	187.31	208326	39555164.00
2023/02/03	187.95	195.44	184.47	193.88	397376	76130840.00
2023/02/06	193.00	198.00	190.00	197.80	302410	59038244.00
2023/02/07	197.73	197.73	193.20	195.50	293687	57244940.00
2023/02/08	197.02	197.02	190.79	195.08	248970	48199632.00
2023/02/09	196.97	198.98	193.21	196.90	235830	46172812.00
2023/02/10	195.20	198.70	192.51	196.19	240033	46979280.00
2023/02/13	196.17	196.19	188.10	188.43	405675	77252056.00
2023/02/14	187.59	191.00	187.21	190.79	191459	36234356.00
2023/02/15	186.89	190.82	185.20	186.60	369029	69010424.00
2023/02/16	186.48	188.37	181.51	182.61	227771	42115480.00
2023/02/17	183.98	183.98	177.31	182.90	262380	47160632.00
2023/02/20	180.45	182.90	177.65	182.37	207037	37307540.00
2023/02/21	184.98	184.98	172.02	177.80	565821	99218464.00
2023/02/22	175.23	179.00	172.50	177.85	380260	66651316.00
2023/02/23	180.00	182.00	173.60	177.77	314397	55934116.00
2023/02/24	175.99	181.30	174.21	179.79	409130	72946976.00
2023/02/27	177.80	178.96	170.00	175.80	664805	114879520.00
2023/02/28	172.90	173.48	168.57	173.48	560080	95456240.00
2023/03/01	172.91	172.91	168.92	172.67	221632	37774152.00
2023/03/02	171.80	173.00	168.50	171.33	287329	48962664.00
2023/03/03	171.66	171.66	167.56	168.57	211556	35744772.00
2023/03/06	167.99	175.90	167.01	175.20	597773	102660168.00
2023/03/07	174.38	174.38	170.57	173.22	293566	50553300.00
2023/03/08	171.01	172.00	167.50	170.10	368273	62254152.00
2023/03/09	170.10	179.46	169.27	177.68	468386	82353232.00
2023/03/10	178.80	178.80	171.50	175.00	266004	46307332.00
2023/03/13	173.00	179.16	171.01	179.16	353429	61839444.00
2023/03/14	177.58	183.26	176.68	182.00	363813	65638160.00
2023/03/15	180.71	181.80	171.50	174.29	436212	76366344.00
2023/03/16	170.91	172.91	169.00	170.70	159244	27063072.00
2023/03/17	171.50	171.98	161.00	161.49	673434	110685048.00
2023/03/20	161.45	165.68	153.56	164.27	736372	117771184.00
2023/03/21	161.12	165.99	161.00	164.84	333434	54614012.00
2023/03/22	164.29	164.88	158.00	160.31	396133	63476328.00
2023/03/23	158.32	159.33	155.15	157.50	389230	61170540.00
2023/03/24	157.00	158.60	153.20	154.92	315437	49013000.00
2023/03/27	154.59	154.80	151.02	154.50	384912	58937688.00
2023/03/28	153.40	153.63	150.42	151.70	336657	51135780.00
2023/03/29	151.70	153.09	149.47	149.81	293845	44271264.00
2023/03/30	149.06	159.00	149.06	158.75	721920	111737152.00
2023/03/31	157.15	159.80	155.58	157.88	303143	47623128.00
2023/04/03	159.22	159.80	153.35	154.88	342081	52869216.00
2023/04/04	153.01	153.99	146.80	148.38	740235	109849240.00
2023/04/06	147.10	151.75	142.35	150.80	326277	48693084.00
2023/04/07	150.57	150.57	146.35	148.40	412114	60777344.00
2023/04/10	147.03	151.69	147.01	151.00	189722	28490884.00
2023/04/11	149.32	151.30	147.80	150.99	164197	24530048.00
2023/04/12	151.74	152.42	148.13	150.99	200204	30181276.00
2023/04/13	151.04	151.04	145.00	150.74	478465	70719592.00
2023/04/14	150.74	150.99	146.06	148.86	379832	56271612.00
2023/04/17	147.60	154.54	147.31	153.33	290201	43987984.00
2023/04/18	152.14	154.20	149.68	153.10	225410	34210600.00
2023/04/19	152.90	153.50	149.29	151.97	200640	30373064.00
2023/04/20	150.73	150.94	143.12	145.80	441222	64399276.00
2023/04/21	145.00	145.79	142.08	144.17	478295	68886568.00
2023/04/24	143.31	144.15	137.01	138.17	517783	72157552.00
2023/04/25	139.17	141.77	130.32	133.70	665903	89841992.00
2023/04/26	134.67	138.00	132.42	133.35	603031	81458640.00
2023/04/27	133.35	141.79	132.38	140.70	795576	109991496.00
2023/04/28	136.00	142.92	135.59	140.64	1003274	140480224.00
2023/05/05	138.68	138.68	138.68	138.68	0	0.00
数据来源:通达信
