603186 华正新材 日线 不复权
      日期	    开盘	    最高	    最低	    收盘	    成交量	    成交额
2017/01/03	7.73	7.73	7.73	7.73	8900	68797.00
2017/01/04	8.50	8.50	8.50	8.50	7116	60486.00
2017/01/05	9.35	9.35	9.35	9.35	4300	40205.00
2017/01/06	10.29	10.29	10.29	10.29	6974	71762.00
2017/01/09	11.32	11.32	11.32	11.32	7516	85081.00
2017/01/10	12.45	12.45	12.45	12.45	13148	163693.00
2017/01/11	13.70	13.70	13.70	13.70	15800	216460.00
2017/01/12	15.07	15.07	15.07	15.07	16516	248896.00
2017/01/13	16.58	16.58	16.58	16.58	128241	2126236.00
2017/01/16	18.24	18.24	18.24	18.24	290808	5304338.00
2017/01/17	20.06	20.06	20.06	20.06	149176	2992471.00
2017/01/18	22.07	22.07	22.07	22.07	86644	1912233.00
2017/01/19	24.28	24.28	24.28	24.28	2940551	71396576.00
2017/01/20	25.81	26.71	25.75	26.71	7927075	209281616.00
2017/01/23	29.38	29.38	27.81	29.38	24520148	708365120.00
2017/01/24	28.40	28.86	27.51	27.76	15483829	437626688.00
2017/01/25	28.00	30.00	27.83	29.01	14239467	411136032.00
2017/01/26	28.80	30.96	28.32	30.32	10507092	308390880.00
2017/02/03	29.90	29.98	28.90	29.17	5955872	175190800.00
2017/02/06	29.60	31.65	29.60	31.09	9255479	283089792.00
2017/02/07	30.97	32.55	30.59	32.35	9247641	292653760.00
2017/02/08	31.86	35.59	31.65	35.59	6898502	231693296.00
2017/02/09	36.51	39.15	35.23	35.86	11931308	442277312.00
2017/02/10	36.01	38.50	35.50	38.17	8186408	304156480.00
2017/02/13	37.00	40.95	36.41	38.87	7821671	297736320.00
2017/02/14	38.57	38.88	37.70	38.16	5281897	201617936.00
2017/02/15	37.99	39.95	36.59	36.87	7283799	281675136.00
2017/02/16	36.15	38.40	35.78	37.20	5883771	219154816.00
2017/02/17	36.40	37.25	35.31	35.69	4672215	168673872.00
2017/02/20	35.38	36.71	35.10	36.43	3042935	109297576.00
2017/02/21	36.60	37.88	36.51	36.89	3145634	116916824.00
2017/02/22	36.35	36.93	35.80	36.59	2338642	85191424.00
2017/02/23	36.58	37.75	36.23	37.62	3203618	119466520.00
2017/02/24	37.90	39.58	36.50	38.42	5086270	196542992.00
2017/02/27	37.80	39.10	37.44	38.98	3218604	123606176.00
2017/02/28	38.68	42.88	38.68	41.81	7359046	300800000.00
2017/03/01	41.60	41.71	39.42	40.14	4666780	188292672.00
2017/03/02	40.00	41.66	39.66	40.58	4228883	172172784.00
2017/03/03	40.02	42.30	39.18	42.20	4713081	192783232.00
2017/03/06	42.14	43.98	42.00	42.69	3767475	162038832.00
2017/03/07	42.68	42.95	41.68	42.00	2340938	98481376.00
2017/03/08	42.04	43.33	41.58	43.20	2717977	115289120.00
2017/03/09	43.17	44.48	41.90	43.88	3358940	145138048.00
2017/03/10	43.50	47.77	43.05	46.80	5042002	232166752.00
2017/03/13	46.43	49.96	46.17	49.77	4608496	223606544.00
2017/03/14	49.97	50.70	47.44	49.65	5535263	272032128.00
2017/03/15	48.88	50.54	48.10	48.54	3665213	180265328.00
2017/03/16	48.00	49.45	47.80	48.54	3567904	174213328.00
2017/03/17	48.22	49.00	47.02	47.21	3716727	178493504.00
2017/03/20	46.84	47.30	46.01	46.97	3806158	177049392.00
2017/03/21	46.79	48.80	46.62	48.76	3432187	164703408.00
2017/03/22	48.20	49.80	47.86	48.75	3362400	164124656.00
2017/03/23	48.70	49.48	45.25	46.38	4449262	209014592.00
2017/03/24	45.99	47.40	45.81	46.52	2583521	120410840.00
2017/03/27	46.81	48.88	46.80	48.81	4266626	204463808.00
2017/03/28	47.00	47.40	43.93	44.24	5742807	259223344.00
2017/03/29	44.50	45.68	43.90	44.09	2993372	133709856.00
2017/03/30	43.00	43.00	41.50	42.45	3396891	143696064.00
2017/03/31	42.50	42.84	41.55	42.18	2280110	96121208.00
2017/04/05	41.86	44.65	41.10	43.91	3296285	143448608.00
2017/04/06	43.89	46.28	43.69	45.61	3319988	150893696.00
2017/04/07	45.10	45.43	43.70	43.89	2217917	98646040.00
2017/04/10	43.50	43.50	39.69	40.80	4070720	166809888.00
2017/04/11	40.41	41.18	37.05	39.82	3607312	141020336.00
2017/04/12	39.40	39.40	37.93	38.05	1929489	74286664.00
2017/04/13	38.01	39.31	38.01	38.40	1577247	60926616.00
2017/04/14	38.19	38.59	36.60	36.85	1860399	69246448.00
2017/04/17	33.17	34.95	33.17	33.17	4064939	135420960.00
2017/04/18	33.17	33.60	31.83	32.23	2998981	98463696.00
2017/04/19	32.08	33.50	32.08	33.48	2348595	77466816.00
2017/04/20	33.70	35.11	33.48	34.77	2925254	100700016.00
2017/04/21	34.45	34.96	34.00	34.65	1325311	45763632.00
2017/04/24	34.40	35.12	34.01	35.07	1834417	63519712.00
2017/04/25	35.44	35.90	35.09	35.56	1415037	50290100.00
2017/04/26	35.60	36.39	34.70	36.27	2568202	91152672.00
2017/04/27	37.01	39.90	36.80	39.90	5427457	206708416.00
2017/04/28	39.90	42.50	39.70	40.36	4234686	172944208.00
2017/05/02	40.60	40.89	39.55	40.15	2702056	108375912.00
2017/05/03	40.77	41.87	40.16	41.38	4149395	170415904.00
2017/05/04	40.89	41.35	40.10	40.15	2706802	109834328.00
2017/05/05	39.86	39.86	37.76	37.82	3051422	118588848.00
2017/05/08	37.00	38.39	36.58	37.17	2435227	91267704.00
2017/05/09	37.00	39.00	36.70	38.84	2338280	89458112.00
2017/05/10	38.90	39.24	37.88	37.93	2155490	83196208.00
2017/05/11	37.57	40.40	37.50	40.20	4492377	176164512.00
2017/05/12	40.00	40.28	38.89	39.91	3171670	125395544.00
2017/05/15	39.38	40.00	39.05	39.27	2526111	99877504.00
2017/05/16	38.60	41.31	38.58	41.25	3457055	138969872.00
2017/05/17	41.33	41.58	40.56	40.71	2709982	111194104.00
2017/05/18	40.11	41.34	40.11	40.31	1836000	74886448.00
2017/05/19	40.40	42.00	40.40	41.32	3221621	133099800.00
2017/05/22	41.30	41.30	37.19	37.19	4134590	161379312.00
2017/05/23	36.60	37.39	35.35	36.47	2518526	92213992.00
2017/05/24	36.47	37.86	36.05	37.80	1916841	71479696.00
2017/05/25	37.70	38.18	36.63	37.78	1779922	66611392.00
2017/05/26	38.00	38.20	37.06	37.68	1505768	56767152.00
2017/05/31	38.82	39.80	37.16	37.17	2471053	95307800.00
2017/06/01	36.64	36.66	33.45	33.45	2960281	102800208.00
2017/06/02	33.40	35.93	33.15	35.46	2322574	80374680.00
2017/06/05	36.00	36.69	35.60	35.96	2076230	75079352.00
2017/06/06	35.94	36.20	35.45	35.95	1239391	44357928.00
2017/06/07	35.70	38.96	35.70	38.01	3896985	147154816.00
2017/06/08	38.01	38.86	37.88	38.22	2747647	105324272.00
2017/06/09	38.21	39.40	38.03	39.22	2901999	112650408.00
2017/06/12	38.48	39.05	37.94	38.64	2376700	91595312.00
2017/06/13	38.55	41.68	38.24	40.82	3986968	160919488.00
2017/06/14	40.56	41.45	40.30	40.87	2774040	113586032.00
2017/06/15	40.53	41.85	40.53	41.29	2591891	106496112.00
2017/06/16	41.40	41.40	39.60	39.62	2841256	114504848.00
2017/06/19	39.66	41.00	39.65	40.36	2203104	88993960.00
2017/06/20	40.55	41.63	40.33	40.55	2351200	96361816.00
2017/06/21	40.97	41.48	40.46	41.01	1979569	81174320.00
2017/06/22	41.00	41.40	39.02	39.25	2251974	90790360.00
2017/06/23	39.33	40.18	37.97	39.88	2205743	86650072.00
2017/06/26	39.77	41.18	39.32	41.13	2498737	101245064.00
2017/06/27	41.40	42.93	41.15	42.48	3400237	143472064.00
2017/06/28	42.20	42.46	41.15	41.39	1888419	78924696.00
2017/06/29	41.55	42.87	40.81	42.78	2530780	106014976.00
2017/06/30	42.78	43.50	42.28	42.77	2417674	103773976.00
2017/07/03	42.38	42.80	41.86	42.49	1964922	83022832.00
2017/07/04	42.88	43.28	41.80	42.85	1967890	83884480.00
2017/07/05	42.52	43.36	42.11	43.21	1972072	84448216.00
2017/07/06	43.50	43.50	41.90	42.66	2561811	109183880.00
2017/07/07	42.50	44.65	42.33	44.28	3618007	158719936.00
2017/07/10	43.52	43.80	41.50	42.72	3318218	140819440.00
2017/07/11	42.12	42.55	40.26	40.29	2248374	92590376.00
2017/07/12	40.40	41.10	39.13	40.97	1874842	75043736.00
2017/07/13	40.47	42.00	40.43	41.62	2018242	83232472.00
2017/07/14	41.80	41.80	40.31	40.47	1947579	79889584.00
2017/07/17	39.53	39.87	37.00	37.19	2110134	79924928.00
2017/07/18	37.48	40.80	37.22	40.50	3178015	124028800.00
2017/07/19	40.20	41.60	39.41	41.51	2884183	117699776.00
2017/07/20	41.45	41.80	40.63	41.35	1752987	72389192.00
2017/07/21	41.92	41.92	40.82	40.98	1096062	45360060.00
2017/07/24	40.51	41.25	39.81	41.12	1402129	56906512.00
2017/07/25	40.88	41.50	39.86	39.96	1115731	45021608.00
2017/07/26	39.96	40.00	37.80	38.78	2247332	86962856.00
2017/07/27	38.80	39.39	37.52	39.18	2075347	80555832.00
2017/07/28	38.95	39.20	37.24	37.99	2891440	109672280.00
2017/07/31	38.53	38.79	37.62	37.92	1882341	71522960.00
2017/08/01	38.40	39.39	37.80	38.55	2866080	110723712.00
2017/08/02	37.90	37.96	36.50	37.30	3053371	113462752.00
2017/08/03	37.03	37.30	36.43	36.57	1860074	68462640.00
2017/08/04	36.62	36.76	34.90	34.95	2281100	81297296.00
2017/08/07	35.15	35.70	34.40	34.92	1611138	56325936.00
2017/08/08	34.85	34.92	34.06	34.56	1166219	40164356.00
2017/08/09	34.59	34.99	34.33	34.75	1314357	45651644.00
2017/08/10	34.50	34.67	32.40	33.43	2643838	88407512.00
2017/08/11	32.72	33.13	32.60	32.75	1275916	41933408.00
2017/08/14	32.75	34.16	32.75	33.99	1741554	58667952.00
2017/08/15	34.29	34.68	33.56	33.80	1900400	64811664.00
2017/08/16	33.88	35.90	33.70	35.60	3102000	109201776.00
2017/08/17	35.35	35.35	34.72	35.11	1908100	66845052.00
2017/08/18	35.10	35.10	33.72	33.92	2260700	77355696.00
2017/08/21	33.95	34.40	33.95	34.37	1313999	44964344.00
2017/08/22	34.53	35.00	34.20	34.70	1805719	62694904.00
2017/08/23	34.74	34.77	33.66	34.26	1254899	42935164.00
2017/08/24	34.48	35.17	34.10	34.65	2609083	90561040.00
2017/08/25	32.00	33.99	31.42	33.68	5841376	189270720.00
2017/08/28	33.01	33.33	32.55	32.64	7686634	251372336.00
2017/08/29	32.64	32.91	32.30	32.67	3689562	120521528.00
2017/08/30	32.51	32.58	32.02	32.19	3153057	101744160.00
2017/08/31	32.25	33.30	32.15	33.28	4682767	153589552.00
2017/09/01	33.21	33.39	32.80	33.17	3085157	101951352.00
2017/09/04	33.38	34.95	33.37	34.02	5187483	177728640.00
2017/09/05	33.86	34.53	33.30	34.46	3097143	105211272.00
2017/09/06	34.20	34.56	34.01	34.38	2788807	95671472.00
2017/09/07	34.40	35.53	34.38	34.70	4134782	144828064.00
2017/09/08	35.50	35.90	34.91	35.48	4642219	164645328.00
2017/09/11	35.00	36.00	35.00	35.83	3884485	138054384.00
2017/09/12	35.65	36.78	35.28	35.48	3671337	132498904.00
2017/09/13	35.23	35.67	34.67	35.32	2277480	79859704.00
2017/09/14	35.38	35.49	34.30	34.38	2371600	82537544.00
2017/09/15	34.54	34.75	33.99	34.10	1584199	54421888.00
2017/09/18	33.95	34.74	33.95	34.51	1277700	44048320.00
2017/09/19	34.56	35.80	34.55	35.25	3038316	107487888.00
2017/09/20	35.58	35.60	34.92	35.45	1544600	54498128.00
2017/09/21	35.45	35.58	34.46	34.52	1678973	58761560.00
2017/09/22	34.60	34.66	33.54	34.57	1872140	63882104.00
2017/09/25	34.66	35.55	34.58	34.77	1537374	53896880.00
2017/09/26	34.24	34.55	33.42	33.57	1778914	60118912.00
2017/09/27	33.70	34.79	33.41	34.64	1645731	56009248.00
2017/09/28	34.93	37.49	34.70	37.15	6908293	250109888.00
2017/09/29	37.50	37.60	36.20	36.85	5439531	200023280.00
2017/10/09	37.53	37.59	36.53	36.82	3684252	136203984.00
2017/10/10	36.55	37.04	35.88	36.97	3505565	127442304.00
2017/10/11	36.79	36.95	36.00	36.02	2054895	74861072.00
2017/10/12	36.03	36.58	35.88	36.24	1514282	54780964.00
2017/10/13	36.31	36.48	35.80	36.25	1475176	53415460.00
2017/10/16	36.26	36.43	34.50	34.86	2527500	89097480.00
2017/10/17	34.85	35.34	34.55	34.94	1158990	40539736.00
2017/10/18	34.80	35.12	33.99	34.00	1465400	50605472.00
2017/10/19	34.19	34.19	33.10	33.49	1143600	38364840.00
2017/10/20	33.48	33.88	33.15	33.79	843721	28428004.00
2017/10/23	33.50	34.28	33.44	34.18	855700	29137752.00
2017/10/24	34.20	34.84	33.72	34.03	1278034	43887056.00
2017/10/25	33.84	34.49	33.84	34.13	1123534	38427720.00
2017/10/26	32.99	32.99	31.71	32.31	3497840	112867048.00
2017/10/27	32.08	32.48	32.01	32.19	1505500	48462572.00
2017/10/30	32.10	32.15	30.01	30.87	1713574	53367464.00
2017/10/31	30.80	31.13	30.63	30.94	1265089	39015964.00
2017/11/01	30.99	31.95	30.82	31.83	1869984	58799688.00
2017/11/02	31.88	32.18	31.56	31.92	1845832	58803596.00
2017/11/03	32.00	32.00	31.11	31.27	1312814	41509676.00
2017/11/06	31.40	31.60	30.93	31.44	1286230	40250112.00
2017/11/07	31.30	31.57	30.91	31.52	1653080	51765528.00
2017/11/08	31.53	31.99	31.42	31.76	1804136	57183396.00
2017/11/09	31.70	31.70	31.18	31.40	1358880	42624588.00
2017/11/10	31.50	32.27	31.40	32.02	1701426	54259512.00
2017/11/13	32.00	32.19	31.72	31.89	1386716	44284688.00
2017/11/14	31.90	32.49	31.80	31.84	1670668	53609932.00
2017/11/15	31.60	31.70	30.89	31.10	1162816	36345860.00
2017/11/16	31.10	31.10	29.67	29.70	1810880	54799640.00
2017/11/17	29.67	29.88	27.50	27.55	1678880	47728572.00
2017/11/20	27.55	27.94	26.51	27.63	782111	21361960.00
2017/11/21	27.50	27.62	26.59	27.34	1049700	28427642.00
2017/11/22	27.26	28.99	27.20	27.84	1409000	39710580.00
2017/11/23	27.90	27.95	26.00	26.44	938049	25429192.00
2017/11/24	26.36	26.79	26.21	26.46	529849	14048898.00
2017/11/27	26.46	26.59	25.00	25.33	785100	20307676.00
2017/11/28	25.33	25.97	25.33	25.87	644300	16565371.00
2017/11/29	26.13	26.15	25.30	25.82	730000	18813628.00
2017/11/30	25.77	26.25	25.52	25.67	634374	16438772.00
2017/12/01	25.55	27.78	25.53	27.41	1780000	47646872.00
2017/12/04	27.50	27.90	26.61	26.80	1625120	44100160.00
2017/12/05	26.50	27.03	25.88	26.29	1030066	27023512.00
2017/12/06	26.28	26.81	25.91	26.73	620838	16312018.00
2017/12/07	26.78	26.78	26.28	26.44	530541	14028953.00
2017/12/08	26.60	27.59	26.40	27.39	1366303	36913856.00
2017/12/11	27.60	27.89	27.03	27.26	1084876	29615628.00
2017/12/12	27.29	27.29	25.91	26.09	1073906	28595264.00
2017/12/13	25.79	26.19	25.70	25.86	794700	20586502.00
2017/12/14	25.84	25.95	25.47	25.85	577231	14821339.00
2017/12/15	25.90	25.90	25.30	25.51	587703	15011588.00
2017/12/18	25.75	25.76	25.21	25.27	398738	10091810.00
2017/12/19	25.38	25.69	25.35	25.53	361804	9234965.00
2017/12/20	24.67	25.64	24.35	24.48	847268	20970070.00
2017/12/21	24.47	24.47	23.23	24.04	1011900	24159712.00
2017/12/22	24.05	24.26	23.81	24.16	600134	14468834.00
2017/12/25	23.95	24.15	23.28	23.43	754189	17712496.00
2017/12/26	23.36	24.20	23.23	24.01	827600	19676976.00
2017/12/27	23.89	23.89	23.40	23.43	857452	20192000.00
2017/12/28	23.40	24.20	23.35	24.03	984701	23535964.00
2017/12/29	24.05	24.16	23.72	23.94	686500	16433298.00
2018/01/02	24.10	24.17	23.65	23.98	776600	18616908.00
2018/01/03	24.25	24.80	24.07	24.41	1319700	32290820.00
2018/01/04	24.29	24.48	24.15	24.35	738444	17937812.00
2018/01/05	24.33	26.38	24.21	25.48	2358078	60134304.00
2018/01/08	25.65	27.88	25.50	27.65	4316294	116718160.00
2018/01/09	27.58	28.78	26.90	27.74	4712256	130750032.00
2018/01/10	27.30	27.74	26.59	26.92	2227934	60165936.00
2018/01/11	26.60	27.87	26.60	26.97	1887216	51594592.00
2018/01/12	26.98	26.99	26.24	26.28	1343000	35643032.00
2018/01/15	25.60	25.85	24.11	24.60	1686800	42350380.00
2018/01/16	24.55	24.98	24.40	24.75	862674	21345344.00
2018/01/17	24.72	26.00	24.40	25.43	1278703	32231040.00
2018/01/18	25.25	25.75	25.00	25.28	796900	20130328.00
2018/01/19	25.24	25.44	24.72	24.77	913700	22888920.00
2018/01/22	24.56	24.98	24.05	24.73	882800	21636176.00
2018/01/23	24.62	25.09	24.55	24.76	632820	15667726.00
2018/01/24	24.50	25.18	24.50	25.13	862900	21527422.00
2018/01/25	25.19	25.45	24.92	25.23	835000	21083874.00
2018/01/26	25.16	25.26	24.51	24.88	687142	17134020.00
2018/01/29	24.92	24.98	24.20	24.36	535400	13081180.00
2018/01/30	24.37	24.65	23.98	24.10	524670	12717137.00
2018/01/31	23.99	24.23	23.37	23.73	728858	17324872.00
2018/02/01	23.83	23.93	22.48	22.70	1046688	24091014.00
2018/02/02	22.64	22.64	21.15	21.49	969881	21151856.00
2018/02/05	20.89	20.99	19.98	20.00	820797	16847622.00
2018/02/06	19.21	19.90	18.50	18.58	1117970	21428684.00
2018/02/07	19.00	19.48	18.36	18.92	814045	15432171.00
2018/02/08	18.50	19.33	18.50	19.23	566004	10864046.00
2018/02/09	18.87	19.09	18.28	18.32	778900	14523072.00
2018/02/12	18.21	18.82	18.10	18.76	1011937	18723242.00
2018/02/13	18.68	18.80	18.21	18.26	771600	14263679.00
2018/02/14	18.27	18.58	18.10	18.28	551300	10115632.00
2018/02/22	18.71	20.11	18.71	20.11	750270	14778833.00
2018/02/23	20.96	22.12	20.96	21.79	4533098	98763072.00
2018/02/26	21.00	22.79	21.00	22.13	4491189	98149584.00
2018/02/27	21.74	22.95	21.62	22.40	3052638	67883984.00
2018/02/28	21.90	22.23	21.66	22.21	1819939	40036320.00
2018/03/01	22.04	22.66	21.78	22.64	2102487	46800808.00
2018/03/02	22.41	22.94	21.91	21.99	1590900	35552652.00
2018/03/05	22.26	22.45	21.83	22.42	1139604	25285228.00
2018/03/06	22.41	22.70	22.18	22.37	1513028	33891816.00
2018/03/07	22.40	22.75	22.22	22.42	1332200	29909772.00
2018/03/08	22.35	22.35	21.85	22.14	1489368	32833572.00
2018/03/09	22.30	23.18	21.98	23.13	3079174	69604712.00
2018/03/12	23.23	24.55	23.20	24.39	3315442	80004784.00
2018/03/13	24.11	24.48	23.75	24.02	1753806	42039644.00
2018/03/14	24.00	24.65	23.52	23.55	1437700	34659756.00
2018/03/15	23.46	23.69	21.83	22.71	1991072	44792244.00
2018/03/16	22.55	23.49	22.41	22.85	965156	22101426.00
2018/03/19	22.38	23.12	22.38	23.06	738166	16856250.00
2018/03/20	22.90	23.30	22.53	23.14	943661	21629992.00
2018/03/21	23.36	24.80	23.05	24.20	3846956	93279592.00
2018/03/22	24.03	24.21	23.58	23.89	1715388	40928108.00
2018/03/23	22.56	23.33	21.50	21.67	1838418	40800712.00
2018/03/26	21.50	23.84	21.38	22.77	1160344	26275756.00
2018/03/27	22.77	24.01	22.77	23.95	1785766	42171020.00
2018/03/28	23.44	26.34	23.40	25.88	4728659	118612824.00
2018/03/29	25.55	25.62	24.85	25.59	3132642	78990496.00
2018/03/30	24.87	25.38	24.87	25.25	2988937	75060624.00
2018/04/02	25.13	25.68	25.08	25.24	2342359	59339848.00
2018/04/03	24.90	24.90	24.32	24.46	1812561	44563956.00
2018/04/04	24.70	24.73	23.53	23.56	2177200	52588436.00
2018/04/09	23.55	24.15	23.39	23.99	1514987	36153372.00
2018/04/10	23.91	24.40	23.15	23.48	1459079	34297908.00
2018/04/11	23.61	24.53	23.61	24.44	2288970	55468892.00
2018/04/12	24.44	24.50	23.80	23.86	1716879	41343628.00
2018/04/13	24.00	24.24	23.56	23.94	1299004	31070134.00
2018/04/16	23.40	23.40	22.46	22.83	1759962	40342096.00
2018/04/17	22.97	23.40	22.20	22.21	1136500	25858460.00
2018/04/18	22.22	22.50	21.50	22.24	1419752	31328910.00
2018/04/19	22.33	22.94	22.03	22.53	1678020	37743568.00
2018/04/20	22.36	22.53	20.86	21.10	1628002	35129828.00
2018/04/23	21.18	21.52	20.58	20.84	916304	19270740.00
2018/04/24	21.20	21.58	20.86	21.54	1064800	22725176.00
2018/04/25	21.40	22.90	21.37	22.50	2072556	46254868.00
2018/04/26	20.90	21.23	20.25	20.25	1773200	36378276.00
2018/04/27	19.45	19.56	18.29	18.55	3774967	71439600.00
2018/05/02	18.55	18.98	18.53	18.92	1504407	28311728.00
2018/05/03	18.95	19.30	18.70	19.29	1098536	20953684.00
2018/05/04	19.27	20.22	19.10	19.83	1765118	34906472.00
2018/05/07	19.83	20.28	19.68	20.13	1290100	25876220.00
2018/05/08	20.19	20.21	19.81	20.20	982707	19654236.00
2018/05/09	20.30	20.30	19.98	20.21	732023	14710966.00
2018/05/10	20.47	20.75	20.16	20.62	1085641	22149412.00
2018/05/11	20.65	20.65	19.91	20.01	1079207	21808004.00
2018/05/14	19.50	20.33	19.50	20.07	946135	19083300.00
2018/05/15	20.22	20.46	19.88	20.40	951023	19251152.00
2018/05/16	20.39	20.46	20.03	20.11	659914	13384205.00
2018/05/17	20.27	20.68	19.83	20.35	1324743	27070680.00
2018/05/18	20.21	20.35	19.51	20.05	1002084	20029556.00
2018/05/21	20.12	20.56	19.90	20.31	1233927	25024124.00
2018/05/22	20.51	21.02	20.12	20.91	1791347	36761616.00
2018/05/23	21.02	21.29	20.54	20.60	1540283	32057604.00
2018/05/24	20.60	20.86	20.30	20.67	1272725	26303708.00
2018/05/25	20.55	21.14	20.47	20.69	1075825	22297176.00
2018/05/28	20.75	21.29	20.10	20.80	1887340	39273428.00
2018/05/29	20.88	21.00	20.20	20.26	1406400	28983132.00
2018/05/30	19.81	19.81	18.31	18.94	1640400	31919880.00
2018/05/31	18.98	19.20	18.74	19.05	1032000	19623350.00
2018/06/01	19.50	20.96	19.05	19.77	7945476	162221584.00
2018/06/04	19.29	19.29	17.84	18.10	4936159	90667392.00
2018/06/05	18.29	18.44	17.88	18.34	2041774	37156976.00
2018/06/06	18.29	18.47	18.11	18.18	1571048	28675990.00
2018/06/07	18.18	18.22	17.15	17.27	2666550	46971416.00
2018/06/08	17.19	17.19	16.36	16.69	2614850	43513416.00
2018/06/11	16.60	16.90	16.51	16.67	1070674	17893894.00
2018/06/12	16.62	16.97	16.31	16.82	1794455	29986020.00
2018/06/13	16.73	16.85	16.05	16.11	1336600	22142440.00
2018/06/14	16.14	17.50	16.08	17.00	2456795	41173904.00
2018/06/15	17.30	17.30	16.63	16.82	2028919	34253400.00
2018/06/19	16.50	16.56	15.14	15.14	1784640	28149284.00
2018/06/20	14.88	15.39	14.61	15.08	1345340	20288908.00
2018/06/21	15.13	15.22	13.95	14.10	1927666	27814796.00
2018/06/22	13.90	14.65	13.60	14.52	1233636	17674096.00
2018/06/25	14.47	14.84	14.47	14.59	926367	13577640.00
2018/06/26	14.40	15.16	14.28	15.10	1440800	21479766.00
2018/06/27	15.10	15.21	14.81	14.95	722900	10834012.00
2018/06/28	14.98	15.18	14.70	14.72	812674	12165230.00
2018/06/29	14.61	15.70	14.60	15.58	1592074	24444436.00
2018/07/02	15.57	15.78	15.02	15.28	989900	15292275.00
2018/07/03	15.28	15.82	15.19	15.79	1244479	19535744.00
2018/07/04	15.79	15.79	15.19	15.40	1162400	17968912.00
2018/07/05	15.50	15.55	14.50	14.67	804436	12258568.00
2018/07/06	14.60	15.48	14.28	15.31	1778636	26689744.00
2018/07/09	15.46	15.64	15.30	15.62	882472	13694031.00
2018/07/10	15.52	15.67	15.38	15.66	940500	14638201.00
2018/07/11	15.30	15.48	15.01	15.46	1133074	17274924.00
2018/07/12	15.47	15.90	15.43	15.88	1443109	22771520.00
2018/07/13	15.88	15.93	15.66	15.92	940300	14894726.00
2018/07/16	15.91	16.13	15.83	16.13	1423168	22837424.00
2018/07/17	15.89	17.20	15.89	16.40	2411073	39939752.00
2018/07/18	17.30	18.04	17.30	18.04	1545214	27655828.00
2018/07/19	19.28	19.84	18.90	19.17	13166735	258364784.00
2018/07/20	17.60	18.35	17.53	18.09	8053375	144142080.00
2018/07/23	17.60	17.72	16.90	17.11	5104186	88111008.00
2018/07/24	17.25	17.42	17.06	17.12	3403949	58623464.00
2018/07/25	17.00	17.24	16.73	16.97	2768747	47038020.00
2018/07/26	16.96	16.98	16.38	16.47	2545347	42288704.00
2018/07/27	16.50	16.79	16.25	16.28	1880947	31173144.00
2018/07/30	16.20	16.45	15.29	15.48	2352700	37051812.00
2018/07/31	15.52	15.85	15.48	15.69	2092400	32841756.00
2018/08/01	15.95	16.18	15.30	15.39	2485300	39420120.00
2018/08/02	15.32	15.40	14.22	14.58	2351028	34651592.00
2018/08/03	14.52	14.77	14.44	14.51	1180522	17232412.00
2018/08/06	14.38	14.47	13.94	14.04	1470328	20802030.00
2018/08/07	14.04	14.53	13.95	14.47	1002728	14330729.00
2018/08/08	14.40	14.58	14.10	14.13	1041828	14985790.00
2018/08/09	14.14	15.30	14.00	14.66	1899300	28015950.00
2018/08/10	14.61	14.85	14.48	14.82	1089728	16009577.00
2018/08/13	14.70	15.59	14.53	15.32	1916058	28858268.00
2018/08/14	15.23	15.34	14.91	14.97	1160400	17470828.00
2018/08/15	15.25	15.47	14.96	15.04	2158248	32829324.00
2018/08/16	14.75	15.53	14.55	15.11	1935000	29417600.00
2018/08/17	15.15	15.33	14.53	14.62	1256520	18702224.00
2018/08/20	14.35	14.73	13.98	14.56	1352166	19262204.00
2018/08/21	14.43	14.95	14.39	14.85	1252300	18515988.00
2018/08/22	14.58	14.80	14.31	14.32	693866	10074050.00
2018/08/23	14.43	14.72	14.38	14.60	913000	13253626.00
2018/08/24	14.45	14.67	14.37	14.40	930400	13508450.00
2018/08/27	14.16	15.49	14.16	15.21	2602420	38912480.00
2018/08/28	15.21	15.32	14.91	14.95	2325754	35196240.00
2018/08/29	14.99	15.15	14.75	14.90	1108600	16554181.00
2018/08/30	14.78	15.00	14.56	14.58	898700	13235922.00
2018/08/31	14.45	14.68	14.40	14.44	686600	9949403.00
2018/09/03	14.34	14.63	14.11	14.62	719100	10298971.00
2018/09/04	14.58	14.90	14.46	14.82	856400	12658757.00
2018/09/05	14.82	14.98	14.46	14.49	816700	11940033.00
2018/09/06	14.49	14.63	14.35	14.50	542300	7854396.00
2018/09/07	14.99	15.95	14.80	15.13	3897532	60114760.00
2018/09/10	14.81	14.99	14.41	14.45	2128658	31057912.00
2018/09/11	14.56	14.65	14.40	14.45	780900	11319972.00
2018/09/12	14.50	14.89	14.47	14.63	1119467	16423585.00
2018/09/13	14.66	14.95	14.62	14.93	1220861	18069208.00
2018/09/14	14.89	15.19	14.70	14.72	1107266	16536101.00
2018/09/17	14.56	14.60	14.10	14.20	1192300	17101404.00
2018/09/18	14.19	14.49	14.13	14.43	613000	8795761.00
2018/09/19	14.52	14.73	14.35	14.62	900066	13117421.00
2018/09/20	14.55	14.75	14.40	14.56	765566	11179166.00
2018/09/21	14.56	14.76	14.43	14.70	972766	14238992.00
2018/09/25	14.62	14.85	14.62	14.82	698030	10309112.00
2018/09/26	14.81	14.90	14.71	14.90	963400	14282732.00
2018/09/27	14.70	14.83	14.36	14.40	967000	14102154.00
2018/09/28	14.49	14.55	14.41	14.50	625974	9058271.00
2018/10/08	14.27	14.35	14.01	14.08	647400	9182103.00
2018/10/09	14.10	14.29	14.03	14.09	408000	5768652.00
2018/10/10	14.13	14.33	14.13	14.27	358100	5098801.00
2018/10/11	13.70	13.95	12.87	12.92	1516870	20213872.00
2018/10/12	12.81	13.06	12.29	12.75	808774	10285789.00
2018/10/15	12.90	13.10	12.35	12.36	702500	8960673.00
2018/10/16	12.40	13.60	12.40	12.55	1493474	19231376.00
2018/10/17	12.70	13.07	12.55	12.85	1157000	14812165.00
2018/10/18	12.70	12.93	12.42	12.60	877874	11106879.00
2018/10/19	12.38	12.88	12.02	12.87	979719	12325771.00
2018/10/22	12.90	13.62	12.87	13.40	1391374	18486794.00
2018/10/23	13.40	13.45	13.03	13.11	915158	12097610.00
2018/10/24	13.07	13.30	13.00	13.30	674700	8891286.00
2018/10/25	12.82	13.15	12.82	13.02	726158	9424457.00
2018/10/26	13.10	13.28	13.08	13.20	606558	7989793.00
2018/10/29	13.20	13.20	12.95	13.03	518258	6769896.00
2018/10/30	13.10	13.12	12.60	12.97	637828	8246045.00
2018/10/31	12.98	13.38	12.98	13.24	854000	11288616.00
2018/11/01	13.38	13.68	13.27	13.31	1464629	19672756.00
2018/11/02	13.51	13.66	13.36	13.58	1369694	18522690.00
2018/11/05	13.64	13.85	13.38	13.64	1539511	20998884.00
2018/11/06	13.68	13.82	13.40	13.81	1393264	19018272.00
2018/11/07	13.85	13.87	13.53	13.56	1069800	14635351.00
2018/11/08	13.79	13.79	13.45	13.49	772308	10523669.00
2018/11/09	13.49	13.72	13.41	13.53	713208	9702745.00
2018/11/12	13.69	14.88	13.69	14.88	3107700	45712560.00
2018/11/13	15.12	16.37	15.12	16.37	12702457	201783600.00
2018/11/14	16.31	16.80	15.78	16.00	7134310	115038384.00
2018/11/15	15.86	16.22	15.72	15.93	4594444	73383856.00
2018/11/16	15.35	16.18	15.35	16.10	5206831	81773864.00
2018/11/19	15.77	16.13	15.72	16.11	3452400	55061960.00
2018/11/20	16.15	16.49	15.66	15.68	3228943	52012656.00
2018/11/21	15.02	15.98	15.01	15.80	2379600	36699088.00
2018/11/22	15.75	16.10	15.36	15.81	2080524	32697422.00
2018/11/23	15.66	15.76	14.90	15.21	1911700	29180808.00
2018/11/26	15.10	15.39	14.89	15.30	1130800	17163368.00
2018/11/27	15.39	15.66	15.21	15.39	1677500	25860832.00
2018/11/28	15.38	16.09	15.00	16.05	2999794	46602944.00
2018/11/29	15.90	16.08	15.22	15.30	2424965	38121788.00
2018/11/30	15.12	15.53	14.91	15.46	1654486	25121132.00
2018/12/03	15.80	16.12	15.58	16.04	3775200	60325352.00
2018/12/04	15.88	16.11	15.79	16.04	2233465	35652352.00
2018/12/05	15.63	15.99	15.55	15.88	1763128	27811640.00
2018/12/06	15.72	15.92	15.00	15.02	2123400	32673652.00
2018/12/07	14.98	15.40	14.98	15.34	1248928	19035916.00
2018/12/10	15.20	15.50	15.03	15.35	988228	15153846.00
2018/12/11	15.45	15.67	15.27	15.42	1227028	19000128.00
2018/12/12	15.42	15.66	15.20	15.26	869100	13404258.00
2018/12/13	15.47	15.78	15.26	15.73	1721165	26778704.00
2018/12/14	15.76	16.35	15.55	15.55	4174851	66784048.00
2018/12/17	15.27	15.53	14.91	15.25	2289500	34581128.00
2018/12/18	15.13	15.39	15.06	15.26	1184614	18015392.00
2018/12/19	15.24	15.35	14.92	14.93	827300	12536427.00
2018/12/20	14.70	15.16	14.70	15.09	812800	12201006.00
2018/12/21	15.00	15.44	14.90	15.18	1120865	17083952.00
2018/12/24	15.18	15.95	15.10	15.94	2104886	33067700.00
2018/12/25	15.85	16.07	15.14	16.06	2982597	46700628.00
2018/12/26	15.97	15.99	15.66	15.66	1753914	27711728.00
2018/12/27	15.90	16.26	15.70	15.76	3280208	52459672.00
2018/12/28	15.44	15.90	15.08	15.15	2529432	38654508.00
2019/01/02	15.30	15.33	15.05	15.16	1184001	17962218.00
2019/01/03	15.20	15.38	14.66	14.70	1738828	25961664.00
2019/01/04	14.60	14.69	14.03	14.53	2143591	30979926.00
2019/01/07	14.89	15.32	14.80	15.21	3619928	54647240.00
2019/01/08	16.73	16.73	16.73	16.73	4470301	74788136.00
2019/01/09	16.92	17.41	16.00	16.39	11783226	197631232.00
2019/01/10	16.02	16.23	15.74	16.07	6058321	96631256.00
2019/01/11	16.04	16.87	15.89	16.36	5424292	88979456.00
2019/01/14	16.12	16.30	15.77	16.02	3364194	53821736.00
2019/01/15	15.90	16.48	15.89	16.43	3560604	58064776.00
2019/01/16	16.57	17.75	16.44	16.83	6627640	112747784.00
2019/01/17	16.99	17.35	16.59	16.75	5618074	95585672.00
2019/01/18	16.75	16.93	16.30	16.41	3169400	52349040.00
2019/01/21	16.41	18.05	16.30	18.05	7822991	136503920.00
2019/01/22	18.95	19.86	18.95	19.86	15230284	299508736.00
2019/01/23	21.00	21.85	20.85	21.85	14279719	308933600.00
2019/01/24	22.00	22.22	20.75	21.42	17970361	384218144.00
2019/01/25	21.30	21.30	19.36	19.70	14491335	292100480.00
2019/01/28	20.07	21.67	20.07	20.75	15150910	316215744.00
2019/01/29	20.18	21.24	19.49	19.85	9323990	188552064.00
2019/01/30	20.04	20.28	18.91	18.91	7919275	154641168.00
2019/01/31	18.84	19.52	18.47	18.50	5832400	111110048.00
2019/02/01	18.98	20.35	18.96	20.35	7937274	159153952.00
2019/02/11	21.17	21.39	20.35	20.76	8715046	182081936.00
2019/02/12	21.00	22.84	20.98	22.59	9635932	214085264.00
2019/02/13	21.80	23.54	21.80	22.79	9015479	204308496.00
2019/02/14	22.52	24.70	22.52	24.09	6969439	165596208.00
2019/02/15	23.80	24.30	23.28	23.48	4905315	116201328.00
2019/02/18	23.66	24.86	23.66	24.85	6444514	156778416.00
2019/02/19	24.75	24.75	23.90	24.19	3893389	94336576.00
2019/02/20	24.00	24.19	23.39	23.70	3281851	77831808.00
2019/02/21	23.60	25.97	23.60	24.68	6430423	160851232.00
2019/02/22	24.81	26.03	24.80	24.90	7162044	181269600.00
2019/02/25	24.80	27.39	24.66	27.39	8102006	216780416.00
2019/02/26	27.90	29.49	26.90	27.22	5255036	147847600.00
2019/02/27	27.01	28.36	26.35	27.00	4329392	117324472.00
2019/02/28	26.80	27.80	25.90	27.47	4248335	113571112.00
2019/03/01	27.10	27.37	25.66	26.39	4646601	122194368.00
2019/03/04	26.60	27.87	24.01	27.87	7421924	197162560.00
2019/03/05	27.70	29.40	27.22	28.74	6191433	176018528.00
2019/03/06	28.01	28.33	27.71	28.11	4917137	137672288.00
2019/03/07	27.08	27.89	26.50	26.71	5550963	149203072.00
2019/03/08	26.05	27.73	25.50	26.07	5010799	134792400.00
2019/03/11	26.52	28.68	26.52	28.68	6067886	167782096.00
2019/03/12	29.50	31.54	28.22	31.54	7892477	235335280.00
2019/03/13	31.37	31.37	28.39	28.56	5386480	160756128.00
2019/03/14	28.96	29.00	26.76	27.46	3732834	102852096.00
2019/03/15	27.51	28.79	27.40	27.48	2912677	81694360.00
2019/03/18	27.87	28.25	26.64	27.61	3087926	84721056.00
2019/03/19	27.70	27.84	26.82	27.21	3285600	89339728.00
2019/03/20	27.30	29.80	26.90	29.14	6885468	193704816.00
2019/03/21	28.92	29.90	28.30	29.20	4313600	126064264.00
2019/03/22	28.31	29.56	27.30	28.88	5704501	161290576.00
2019/03/25	27.90	30.90	27.60	29.00	5455097	161032464.00
2019/03/26	29.52	29.65	28.32	28.59	3152557	91166536.00
2019/03/27	29.01	31.45	28.39	30.60	6282691	191268576.00
2019/03/28	30.60	32.46	30.04	31.00	4935643	155067808.00
2019/03/29	31.22	31.75	30.22	31.45	4164578	129802496.00
2019/04/01	30.51	32.88	30.51	32.13	7580952	240078752.00
2019/04/02	32.05	32.05	31.00	31.04	3553539	111542520.00
2019/04/03	30.91	31.04	30.49	30.93	1660105	50989568.00
2019/04/04	30.67	31.25	29.80	29.90	3127750	94441640.00
2019/04/08	29.92	30.39	29.21	29.51	2644182	78896976.00
2019/04/09	29.85	31.47	29.45	31.08	3664588	112962208.00
2019/04/10	30.60	32.24	30.60	31.23	2872717	90560232.00
2019/04/11	30.80	31.15	28.69	28.76	4707775	138746416.00
2019/04/12	28.86	29.37	27.88	28.52	2252644	64091512.00
2019/04/15	28.92	29.80	28.40	29.31	4279645	125238416.00
2019/04/16	29.24	31.99	28.40	31.29	4678260	142985936.00
2019/04/17	31.41	32.20	30.57	31.98	5738872	181185632.00
2019/04/18	32.00	34.43	31.99	33.66	6072177	203978768.00
2019/04/19	33.01	34.26	31.00	33.20	4976173	163264992.00
2019/04/22	34.00	35.25	33.06	33.30	4834543	166012608.00
2019/04/23	33.55	35.00	31.61	32.80	4081289	136880688.00
2019/04/24	33.57	33.90	32.03	32.79	2938810	97472192.00
2019/04/25	33.28	33.84	31.30	31.30	3213847	104159216.00
2019/04/26	31.30	32.21	30.66	30.89	3302727	104381528.00
2019/04/29	31.97	31.98	28.63	29.50	3807327	117164136.00
2019/04/30	29.53	31.78	29.40	31.45	4461291	137733696.00
2019/05/06	30.48	30.49	28.31	28.31	2736267	79325616.00
2019/05/07	27.65	27.66	25.48	26.10	6071821	159491312.00
2019/05/08	25.17	26.27	24.66	25.37	3619772	91852592.00
2019/05/09	24.80	25.55	24.30	24.69	2513805	62500568.00
2019/05/10	25.60	26.88	24.51	26.69	4766803	122857360.00
2019/05/13	26.01	26.55	25.08	25.30	3216569	82848864.00
2019/05/14	24.96	25.95	24.84	25.49	2455619	62811096.00
2019/05/15	25.93	26.38	25.33	25.87	3243976	83693352.00
2019/05/16	25.60	25.82	24.45	25.09	4483683	111638840.00
2019/05/17	25.40	25.83	23.76	24.20	4830227	119895136.00
2019/05/20	24.25	25.28	24.07	24.74	5930343	146187680.00
2019/05/21	25.81	27.21	25.81	27.21	9105175	242834000.00
2019/05/22	26.98	29.20	26.70	29.00	8841272	249019408.00
2019/05/23	28.00	28.35	27.21	27.40	4810427	133839984.00
2019/05/24	27.00	27.71	25.73	26.06	3868399	102401376.00
2019/05/27	26.08	28.66	25.45	28.06	5601253	153712144.00
2019/05/28	28.02	28.36	26.88	27.12	5156484	142542128.00
2019/05/29	27.41	27.83	27.12	27.28	3126522	85675056.00
2019/05/30	27.29	27.50	25.97	26.43	4426877	117426920.00
2019/05/31	26.61	27.30	26.00	26.21	3747547	99190520.00
2019/06/03	26.50	28.00	25.20	26.86	6557822	174666496.00
2019/06/04	27.76	28.45	26.90	28.00	7324132	203453040.00
2019/06/05	27.98	28.67	27.21	28.13	5274573	147521632.00
2019/06/06	28.10	28.10	26.05	26.10	4393015	116720048.00
2019/06/10	25.61	27.49	25.61	26.60	3538659	94498520.00
2019/06/11	26.30	29.26	26.30	29.26	8405137	236859168.00
2019/06/12	29.61	30.88	29.15	29.88	6776847	203090752.00
2019/06/13	30.29	30.65	28.98	29.37	4203142	124682352.00
2019/06/14	29.90	29.96	27.48	27.65	4414751	125559336.00
2019/06/17	28.20	28.50	27.51	27.57	3068996	85540608.00
2019/06/18	27.84	27.85	26.80	26.92	3745971	101414880.00
2019/06/19	28.28	29.61	28.22	28.74	7860095	227612192.00
2019/06/20	27.98	29.20	27.05	28.60	5872537	164990544.00
2019/06/21	29.20	29.35	28.32	28.72	5599492	161660768.00
2019/06/24	28.68	28.75	27.51	27.90	4116140	115156528.00
2019/06/25	27.94	28.09	27.19	28.09	3415619	94257496.00
2019/06/26	27.70	28.42	27.53	27.97	3745263	105042304.00
2019/06/27	29.60	30.77	28.70	29.65	8895583	262926144.00
2019/06/28	29.44	29.70	28.32	28.37	5046050	145487664.00
2019/07/01	29.66	30.30	29.01	29.75	7671383	228047696.00
2019/07/02	29.40	29.76	29.05	29.25	3938422	115461568.00
2019/07/03	29.27	30.00	28.49	29.96	5193387	151785120.00
2019/07/04	30.36	30.60	29.45	29.58	3358889	100040944.00
2019/07/05	29.78	31.77	29.31	31.69	6530159	198909680.00
2019/07/08	30.99	31.39	29.80	31.24	5700843	174563392.00
2019/07/09	31.00	32.25	30.72	32.01	6818018	217057056.00
2019/07/10	31.98	31.98	30.39	30.63	4785872	148586592.00
2019/07/11	30.73	30.99	29.80	29.95	3567878	108097352.00
2019/07/12	29.95	30.83	29.49	30.53	3212445	96936936.00
2019/07/15	30.10	31.75	29.56	31.34	3878095	120213072.00
2019/07/16	31.00	32.40	30.98	31.23	4830370	153127536.00
2019/07/17	31.50	31.83	31.05	31.22	2873118	90284992.00
2019/07/18	30.61	30.90	30.20	30.20	2613177	79614832.00
2019/07/19	30.30	30.70	30.10	30.40	1850463	56308624.00
2019/07/22	30.39	30.80	29.70	30.02	2079814	62692532.00
2019/07/23	29.88	30.45	29.77	30.22	1888062	56881800.00
2019/07/24	30.48	31.75	30.30	31.59	4415768	138722976.00
2019/07/25	32.10	34.33	32.10	33.76	7902728	263817184.00
2019/07/26	33.59	34.18	32.88	33.79	4844640	162710160.00
2019/07/29	33.87	35.76	33.68	35.46	6156402	213787408.00
2019/07/30	34.90	35.29	33.44	33.81	6194428	212833648.00
2019/07/31	33.84	34.52	33.52	34.18	3532144	120452864.00
2019/08/01	33.71	34.50	33.40	34.15	2518740	85326960.00
2019/08/02	33.00	34.20	31.82	34.14	6353944	207832928.00
2019/08/05	33.62	34.99	33.10	33.40	5123811	173650752.00
2019/08/06	32.00	34.49	32.00	33.73	4416717	146914784.00
2019/08/07	34.26	34.44	32.60	32.66	3448904	115286632.00
2019/08/08	32.85	34.20	32.40	33.69	3703378	123154464.00
2019/08/09	33.82	35.10	32.72	33.35	5022207	170732416.00
2019/08/12	33.08	35.48	32.43	35.37	7204825	244799584.00
2019/08/13	34.69	35.57	34.15	35.24	5085269	176523600.00
2019/08/14	36.40	36.68	34.58	36.03	6423615	229678144.00
2019/08/15	34.00	35.55	33.20	34.90	10955029	373031200.00
2019/08/16	34.25	34.82	33.61	33.85	6734531	229379344.00
2019/08/19	33.90	35.88	33.88	35.40	8819223	307497472.00
2019/08/20	35.28	38.88	35.01	37.88	10677280	391804256.00
2019/08/21	37.30	40.50	37.02	38.65	8121611	311559424.00
2019/08/22	38.66	39.98	37.41	38.95	5381405	207200704.00
2019/08/23	38.80	39.23	37.50	38.15	5749167	219531456.00
2019/08/26	37.07	38.39	37.07	38.35	3739851	141660480.00
2019/08/27	38.46	38.97	37.35	37.67	4387669	167266912.00
2019/08/28	37.30	38.05	36.78	37.78	3480869	130053648.00
2019/08/29	37.90	39.02	37.52	37.89	4276129	163581408.00
2019/08/30	38.06	38.41	36.89	37.00	5155120	193385568.00
2019/09/02	36.68	40.70	36.68	40.70	8310736	325649856.00
2019/09/03	40.74	42.50	40.56	41.91	6466466	268510592.00
2019/09/04	41.90	46.10	41.07	46.10	6746724	300461600.00
2019/09/05	50.71	50.71	48.80	50.71	6088720	307692288.00
2019/09/06	49.50	55.68	46.22	48.90	13632843	677154944.00
2019/09/09	48.77	50.00	46.11	49.99	7688242	375158304.00
2019/09/10	48.99	49.40	46.91	47.07	8001018	383311552.00
2019/09/11	47.50	48.68	46.51	46.73	5952856	282914752.00
2019/09/12	47.23	47.56	46.16	46.92	3407353	159782400.00
2019/09/16	46.65	48.85	46.65	48.00	5707866	273297024.00
2019/09/17	47.88	47.88	44.40	45.00	6314450	288111072.00
2019/09/18	45.39	45.39	43.84	44.69	3766706	167957744.00
2019/09/19	44.72	45.68	44.30	45.35	4082966	184766704.00
2019/09/20	45.12	46.84	44.55	45.16	6152399	282718368.00
2019/09/23	45.39	45.69	43.60	45.30	5261111	234933568.00
2019/09/24	45.00	46.25	44.77	44.97	4837509	220475712.00
2019/09/25	45.40	46.25	42.81	43.10	6294519	281191552.00
2019/09/26	43.10	44.23	40.41	40.70	6259600	262430896.00
2019/09/27	41.30	41.32	39.92	40.38	4059840	164648176.00
2019/09/30	40.38	40.93	39.05	39.40	3572389	141857920.00
2019/10/08	39.80	40.27	38.40	38.74	3250260	127815776.00
2019/10/09	39.13	39.55	38.55	39.50	3438112	134454208.00
2019/10/10	39.79	40.44	39.08	40.07	4480489	179111056.00
2019/10/11	40.95	43.90	39.88	43.50	8572118	356822720.00
2019/10/14	43.00	44.55	42.11	44.20	6242487	272132864.00
2019/10/15	43.23	44.60	42.00	42.16	3908643	169128992.00
2019/10/16	42.44	43.18	41.37	41.56	2661002	111986016.00
2019/10/17	42.00	43.10	41.60	42.38	3229913	136751216.00
2019/10/18	42.38	45.98	42.20	45.59	7695785	344304320.00
2019/10/21	45.01	46.47	43.50	46.30	5390300	242586688.00
2019/10/22	46.13	46.90	44.39	45.68	5396607	245786368.00
2019/10/23	45.50	47.68	43.67	45.90	7785044	352907808.00
2019/10/24	45.90	47.20	45.30	46.53	4459326	207434096.00
2019/10/25	46.60	46.90	45.40	46.66	2418513	112081776.00
2019/10/28	46.99	50.68	46.99	48.59	6700844	327697504.00
2019/10/29	49.00	49.69	47.20	49.04	6807994	332879712.00
2019/10/30	48.50	52.35	47.65	51.15	9392234	475582848.00
2019/10/31	51.00	52.50	48.51	48.51	6079744	304447808.00
2019/11/01	48.46	51.20	47.70	51.20	4715972	235545760.00
2019/11/04	52.00	53.30	50.35	52.00	5388083	279960672.00
2019/11/05	52.09	52.09	50.61	50.96	3760400	192315088.00
2019/11/06	50.65	51.29	47.48	48.79	5654908	277427136.00
2019/11/07	48.52	48.69	46.22	46.70	6077978	287448768.00
2019/11/08	46.89	47.47	45.16	45.40	4821636	223225152.00
2019/11/11	45.19	45.19	43.49	43.60	3599119	159286752.00
2019/11/12	44.15	44.63	42.60	43.80	3913496	171113600.00
2019/11/13	43.75	44.84	43.01	44.50	3615510	159432928.00
2019/11/14	44.58	48.60	44.35	47.74	7420377	344962560.00
2019/11/15	47.20	48.20	46.00	46.24	5014496	234036256.00
2019/11/18	46.34	46.39	41.62	42.90	8074938	350708960.00
2019/11/19	42.45	43.58	41.44	42.81	4841166	206270448.00
2019/11/20	43.00	43.10	41.90	42.27	2672936	113482240.00
2019/11/21	41.85	42.56	40.00	41.61	3293324	136713024.00
2019/11/22	42.06	42.62	39.95	40.43	3670100	150924720.00
2019/11/25	40.70	40.80	38.71	38.90	3167500	124029808.00
2019/11/26	39.04	39.91	38.10	38.42	3083221	120127728.00
2019/11/27	38.95	39.74	38.01	39.20	3210000	125057880.00
2019/11/28	38.82	39.97	38.50	39.00	2843666	111870944.00
2019/11/29	38.66	40.09	38.66	39.56	3318200	131009064.00
2019/12/02	39.56	39.84	39.02	39.42	2451500	96632816.00
2019/12/03	39.21	39.46	38.40	39.19	2058777	80061696.00
2019/12/04	38.68	39.21	37.36	37.62	4495070	171478112.00
2019/12/05	37.84	41.36	37.62	40.04	7059417	281310368.00
2019/12/06	40.33	41.70	40.00	41.40	6370603	261279792.00
2019/12/09	41.30	41.60	40.74	40.88	3114500	127912528.00
2019/12/10	40.77	40.90	39.76	40.79	3370539	136005472.00
2019/12/11	40.75	43.20	40.55	42.00	6011191	253423344.00
2019/12/12	42.03	43.20	41.55	41.88	4652218	197031504.00
2019/12/13	42.29	42.60	40.60	41.20	4276805	176699616.00
2019/12/16	41.35	42.23	41.07	42.06	4093403	170850976.00
2019/12/17	42.28	43.48	42.28	43.12	5759286	247617824.00
2019/12/18	43.24	43.25	42.14	42.22	4754120	202317216.00
2019/12/19	42.52	42.73	40.46	41.10	4574317	188207616.00
2019/12/20	40.86	41.52	39.03	39.44	3923596	157549568.00
2019/12/23	39.50	39.50	38.00	38.13	3253915	125390192.00
2019/12/24	38.64	38.64	37.81	38.26	2705246	102960072.00
2019/12/25	38.04	39.60	37.80	39.28	3260898	126930080.00
2019/12/26	39.28	39.86	38.95	39.68	2917774	115041896.00
2019/12/27	39.80	39.90	38.00	38.05	3684967	143253632.00
2019/12/30	37.40	38.76	36.90	37.90	2864086	108125632.00
2019/12/31	38.32	39.25	37.96	38.16	2778644	106948168.00
2020/01/02	38.81	39.51	38.15	39.48	3996379	155829984.00
2020/01/03	39.68	41.11	38.99	40.06	5015816	200508496.00
2020/01/06	39.00	40.62	38.89	40.22	5502461	218584592.00
2020/01/07	40.58	44.22	40.50	43.98	9614651	407552256.00
2020/01/08	43.70	43.70	42.00	42.80	5446043	232770256.00
2020/01/09	43.00	44.69	43.00	43.43	4926621	215559504.00
2020/01/10	43.69	44.27	42.00	43.03	4527320	193854144.00
2020/01/13	43.17	44.62	42.36	44.17	5143556	224042720.00
2020/01/14	44.17	45.05	43.57	44.94	4758210	211375056.00
2020/01/15	44.43	44.80	42.93	43.95	4089887	178229536.00
2020/01/16	43.70	44.38	43.02	43.19	2927000	127706208.00
2020/01/17	43.47	43.80	42.36	42.75	3373291	145508896.00
2020/01/20	42.75	44.46	42.50	44.16	4129378	181306800.00
2020/01/21	44.51	47.60	44.51	46.24	7722771	359403616.00
2020/01/22	45.19	47.58	45.19	46.92	6463751	300941408.00
2020/01/23	46.03	46.92	43.18	44.86	4087330	186821120.00
2020/02/03	40.37	40.37	40.37	40.37	604500	24403664.00
2020/02/04	37.01	42.66	37.01	40.90	5865172	234590656.00
2020/02/05	41.00	42.57	40.02	40.88	4127306	171541648.00
2020/02/06	40.90	43.20	40.20	42.50	5163955	216485056.00
2020/02/07	42.92	42.93	40.75	41.81	6169921	255635392.00
2020/02/10	41.48	42.43	40.89	41.69	3579128	147712112.00
2020/02/11	41.77	44.83	41.17	43.97	4268645	182754592.00
2020/02/12	43.72	45.45	42.95	45.45	4652168	207251200.00
2020/02/13	45.04	46.63	44.18	45.31	4800644	218064176.00
2020/02/14	45.35	47.30	45.35	46.53	4010253	185651296.00
2020/02/17	47.41	51.18	47.41	51.18	5650528	283317984.00
2020/02/18	52.66	53.99	50.88	52.50	6832280	358438592.00
2020/02/19	52.55	55.48	52.20	52.73	5106783	275522336.00
2020/02/20	52.61	56.00	52.58	54.67	3672977	200078368.00
2020/02/21	54.15	60.14	53.90	58.79	6110251	355006784.00
2020/02/24	58.58	64.67	58.58	64.67	4982877	311803072.00
2020/02/25	63.99	69.81	59.00	68.67	7496087	489908128.00
2020/02/26	67.75	69.90	61.80	61.80	6879386	449010816.00
2020/02/27	61.00	63.87	59.21	60.98	5938018	362508096.00
2020/02/28	56.24	59.87	54.95	55.48	5800363	331416032.00
2020/03/02	57.50	61.03	56.80	60.90	6377111	377004448.00
2020/03/03	62.80	64.45	57.77	58.70	6816061	417303968.00
2020/03/04	58.44	59.98	55.41	57.40	5064768	288904736.00
2020/03/05	59.22	62.74	58.24	60.29	6498587	395290336.00
2020/03/06	58.70	62.20	57.28	60.00	4522952	273062880.00
2020/03/09	59.99	60.98	55.25	56.55	3943230	227755328.00
2020/03/10	55.41	59.97	53.00	59.01	4611979	262299744.00
2020/03/11	59.24	60.50	56.70	58.00	3473665	203749360.00
2020/03/12	55.80	57.95	54.50	56.12	2338516	130708808.00
2020/03/13	53.00	57.24	52.56	56.02	2848052	155899696.00
2020/03/16	56.51	57.50	52.21	53.20	2668072	147801824.00
2020/03/17	53.80	54.49	48.54	52.04	3216678	166355504.00
2020/03/18	52.38	53.71	49.80	49.80	2597063	135017200.00
2020/03/19	50.98	52.16	48.69	51.82	4385756	221916528.00
2020/03/20	52.21	53.72	50.20	51.07	2812444	144790224.00
2020/03/23	49.00	50.88	47.86	48.48	2661414	130838160.00
2020/03/24	49.98	50.00	44.94	47.64	4507310	211746352.00
2020/03/25	48.58	49.97	48.30	48.96	3371674	165977824.00
2020/03/26	49.21	49.21	47.20	47.53	2059196	99053056.00
2020/03/27	48.75	49.00	46.30	46.73	2201546	104699208.00
2020/03/30	45.62	46.77	43.60	44.56	3835504	170405920.00
2020/03/31	45.56	45.56	43.00	43.24	2055601	90526128.00
2020/04/01	43.78	45.35	43.18	43.28	2619145	115538464.00
2020/04/02	43.90	47.05	41.58	46.68	3942390	178099536.00
2020/04/03	47.46	47.49	45.00	45.08	2335108	106903704.00
2020/04/07	46.65	49.50	46.65	47.65	2727403	130927192.00
2020/04/08	47.58	49.98	47.12	49.98	2909172	141981200.00
2020/04/09	49.32	49.32	47.06	47.96	3920613	188015936.00
2020/04/10	47.43	47.84	45.37	45.94	3082990	143226976.00
2020/04/13	46.09	46.45	44.50	45.90	1772919	80539736.00
2020/04/14	46.17	48.50	46.17	48.13	2630694	124437400.00
2020/04/15	48.35	48.93	47.80	47.98	2005449	97127104.00
2020/04/16	46.93	49.00	46.93	48.64	2682391	129843520.00
2020/04/17	48.95	52.57	47.46	51.78	5300960	271636160.00
2020/04/20	51.78	53.95	51.68	53.22	3315019	176224464.00
2020/04/21	53.70	53.76	52.05	53.30	2393204	126361920.00
2020/04/22	52.56	54.25	52.18	53.48	1528961	81370328.00
2020/04/23	53.24	54.20	52.66	53.05	1505958	80244560.00
2020/04/24	53.02	53.39	52.00	52.18	1183173	62142264.00
2020/04/27	52.28	53.90	51.28	53.45	1595339	84128976.00
2020/04/28	53.51	55.58	52.71	53.82	2538714	136979920.00
2020/04/29	54.02	54.09	52.45	52.74	1401184	74643576.00
2020/04/30	54.11	56.90	53.13	56.07	2602584	144333136.00
2020/05/06	56.08	58.90	56.08	57.66	2670612	154287440.00
2020/05/07	58.50	60.50	57.00	58.65	3585044	211035648.00
2020/05/08	58.99	59.22	56.80	57.49	2496791	143938640.00
2020/05/11	57.49	58.10	55.00	56.22	2854476	160178688.00
2020/05/12	56.64	56.94	55.44	56.89	2171298	121954032.00
2020/05/13	56.59	60.18	56.30	60.00	4080124	240924480.00
2020/05/14	59.38	60.75	57.45	57.50	3009893	176214608.00
2020/05/15	57.65	58.00	56.13	57.23	1690991	96521928.00
2020/05/18	56.60	56.60	51.51	51.51	7198567	373063712.00
2020/05/19	50.53	52.65	50.53	52.00	3484090	180107104.00
2020/05/20	52.00	52.20	49.60	49.91	3384177	170887056.00
2020/05/21	49.24	50.74	47.00	48.25	3709882	180039920.00
2020/05/22	48.02	48.20	45.83	45.95	2923352	136233264.00
2020/05/25	46.29	46.29	44.50	44.94	2238845	100880592.00
2020/05/26	45.98	48.17	45.52	46.35	4417000	205847520.00
2020/05/27	47.35	47.35	44.80	45.28	2439819	111116488.00
2020/05/28	46.00	47.19	45.29	46.50	3161444	146579392.00
2020/05/29	46.42	47.87	45.70	47.67	2716860	127665552.00
2020/06/01	48.90	50.20	48.28	49.18	4372300	214360240.00
2020/06/02	49.50	49.50	48.21	48.75	2770340	134995392.00
2020/06/03	49.00	49.01	47.61	48.11	2556427	123187048.00
2020/06/04	48.01	48.50	46.88	46.96	2727511	128986888.00
2020/06/05	46.89	47.45	46.36	47.22	2360790	110725664.00
2020/06/08	47.66	48.20	45.59	46.00	4227364	196290944.00
2020/06/09	46.02	48.18	45.30	47.75	5555778	260069744.00
2020/06/10	47.84	47.84	46.80	47.26	2598700	122685976.00
2020/06/11	47.50	47.79	46.40	46.54	2770130	130044824.00
2020/06/12	45.60	45.98	45.11	45.42	4448343	202663024.00
2020/06/15	45.42	45.42	44.06	44.10	4904698	218848016.00
2020/06/16	44.60	46.80	44.50	46.80	6825169	314631040.00
2020/06/17	47.58	47.77	45.54	46.46	5619352	258761360.00
2020/06/18	46.19	48.50	46.01	47.85	5458111	259407168.00
2020/06/19	47.70	48.42	46.88	48.25	4527326	216208848.00
2020/06/22	48.42	49.18	48.06	48.08	3414982	165690640.00
2020/06/23	48.10	48.30	47.23	47.45	2884625	137031584.00
2020/06/24	47.72	49.97	47.21	49.27	4736830	232035824.00
2020/06/29	49.00	49.35	48.12	48.46	2382011	115683248.00
2020/06/30	48.67	50.49	48.67	49.77	2914570	145147056.00
2020/07/01	49.83	50.03	48.80	49.79	3545289	174799744.00
2020/07/02	49.51	49.97	48.90	49.50	3021400	149104864.00
2020/07/03	49.55	49.63	48.00	48.80	3667008	178268000.00
2020/07/06	49.00	50.95	48.91	50.95	6210353	311894688.00
2020/07/07	51.55	53.40	50.62	51.73	5992950	311729664.00
2020/07/08	51.69	52.56	51.15	52.43	4324060	225227392.00
2020/07/09	52.27	54.49	52.10	54.25	5115909	275546144.00
2020/07/10	54.25	54.50	52.90	52.95	4571600	244435264.00
2020/07/13	52.95	54.73	52.95	54.54	4715672	254940992.00
2020/07/14	54.61	54.61	51.20	52.00	5535075	291827712.00
2020/07/15	52.60	52.93	49.21	49.37	4749539	240263200.00
2020/07/16	49.29	50.20	45.78	46.08	4169200	199779424.00
2020/07/17	45.90	46.86	45.00	46.81	3223142	148936912.00
2020/07/20	47.00	47.45	46.00	47.02	3378321	157331328.00
2020/07/21	47.05	47.30	46.45	46.78	2529435	118422976.00
2020/07/22	46.60	47.21	46.29	46.61	2568121	120131344.00
2020/07/23	46.30	46.39	44.50	45.91	3037461	138112704.00
2020/07/24	46.09	46.30	42.60	42.91	3463021	153830064.00
2020/07/27	42.88	43.44	41.26	42.27	2834357	119147944.00
2020/07/28	43.10	43.10	42.02	42.73	1469540	62554896.00
2020/07/29	42.88	43.98	42.38	43.90	2130361	92944032.00
2020/07/30	44.00	44.33	42.68	42.90	2274681	98460000.00
2020/07/31	42.65	43.78	42.50	43.36	1868289	80696304.00
2020/08/03	43.88	44.90	43.61	44.75	2110994	93679672.00
2020/08/04	45.00	45.14	43.90	44.03	1871081	82883744.00
2020/08/05	44.00	44.17	42.86	43.02	3063323	132383928.00
2020/08/06	43.77	43.78	42.55	42.99	2153624	92927936.00
2020/08/07	42.98	42.98	41.47	42.18	1858300	78178816.00
2020/08/10	41.67	42.60	41.67	42.08	1582842	66577748.00
2020/08/11	42.18	42.36	41.00	41.07	1685928	70294424.00
2020/08/12	41.07	41.07	39.60	40.72	2295646	92451944.00
2020/08/13	40.72	41.49	40.72	41.49	1371154	56543944.00
2020/08/14	42.16	43.50	41.51	43.33	3395459	146139472.00
2020/08/17	43.50	43.70	42.60	43.45	2349799	101495648.00
2020/08/18	43.40	43.46	42.69	42.94	2197500	94237760.00
2020/08/19	42.94	42.94	41.56	41.60	1728400	72691448.00
2020/08/20	41.48	41.74	40.52	40.80	1557157	63870652.00
2020/08/21	40.85	41.20	40.01	40.45	1996997	81193848.00
2020/08/24	41.05	41.93	39.81	41.90	3004595	122531448.00
2020/08/25	41.90	42.39	41.38	41.70	1728050	72278856.00
2020/08/26	41.70	41.70	40.00	40.05	1817427	73703056.00
2020/08/27	40.05	40.88	39.72	40.20	1550437	62398184.00
2020/08/28	40.45	40.55	39.90	40.49	1111482	44760572.00
2020/08/31	40.56	41.49	40.53	40.79	1330300	54568152.00
2020/09/01	41.10	41.60	40.81	41.30	1284600	52903604.00
2020/09/02	41.46	41.65	40.74	40.96	1165700	47768452.00
2020/09/03	40.90	42.86	40.88	42.48	3696272	156475328.00
2020/09/04	41.60	43.48	41.19	43.15	3070644	130598680.00
2020/09/07	43.38	43.65	41.70	41.86	2146914	91692496.00
2020/09/08	42.15	42.47	41.61	41.80	1256680	52767912.00
2020/09/09	41.70	41.70	39.61	39.82	2346838	94485440.00
2020/09/10	40.42	40.68	38.10	38.50	1590300	62825552.00
2020/09/11	38.64	38.78	37.40	37.82	1951450	73677240.00
2020/09/14	37.82	38.49	37.15	37.55	1974034	74477320.00
2020/09/15	37.92	38.00	36.94	37.83	1485741	55609372.00
2020/09/16	37.91	38.13	37.51	38.06	1012023	38262176.00
2020/09/17	38.33	40.30	37.49	39.54	2475999	96982768.00
2020/09/18	39.46	39.78	38.96	39.16	1541400	60394492.00
2020/09/21	39.17	39.67	38.80	38.99	923116	36107812.00
2020/09/22	38.61	38.80	37.58	37.90	1174736	44883560.00
2020/09/23	38.48	38.99	37.82	38.12	695887	26544852.00
2020/09/24	37.83	37.95	37.30	37.39	894940	33624584.00
2020/09/25	37.46	38.20	36.90	37.13	745980	27713992.00
2020/09/28	37.13	37.74	37.00	37.45	823192	30814522.00
2020/09/29	37.65	37.97	37.41	37.53	827700	31234534.00
2020/09/30	37.50	37.82	37.12	37.54	605505	22702266.00
2020/10/09	38.00	38.36	37.79	38.09	1086062	41421396.00
2020/10/12	38.16	39.20	38.15	39.18	1587789	61483664.00
2020/10/13	39.10	39.47	38.52	39.08	1146541	44669600.00
2020/10/14	39.00	39.11	38.28	38.84	1218302	46995112.00
2020/10/15	38.63	38.95	38.00	38.01	878500	33669408.00
2020/10/16	37.20	38.15	37.06	37.24	1378830	51550600.00
2020/10/19	37.71	37.71	35.13	35.16	2892200	104653080.00
2020/10/20	35.05	35.05	33.68	34.47	2764482	94327824.00
2020/10/21	34.70	34.70	33.78	34.01	1419600	48329476.00
2020/10/22	34.03	34.96	33.65	34.31	1656300	56857696.00
2020/10/23	34.20	34.65	33.99	34.07	1156384	39693652.00
2020/10/26	33.88	34.20	30.66	33.50	1248400	41951112.00
2020/10/27	33.00	33.75	32.75	32.90	1531700	50669752.00
2020/10/28	32.81	33.49	32.03	32.62	1781000	57956920.00
2020/10/29	32.24	32.60	32.00	32.09	1542656	49653744.00
2020/10/30	32.06	32.40	31.00	31.08	2311617	73244752.00
2020/11/02	31.49	31.49	29.51	30.18	3486077	105243256.00
2020/11/03	30.39	31.00	30.01	30.44	3229508	98754328.00
2020/11/04	30.68	32.16	30.16	31.53	3435500	106933912.00
2020/11/05	31.80	34.68	31.80	34.68	5069142	169463136.00
2020/11/06	35.80	35.85	34.18	34.92	8586912	301019712.00
2020/11/09	35.72	36.64	34.41	36.46	7499589	269403296.00
2020/11/10	36.85	36.85	34.30	35.31	6891393	242087392.00
2020/11/11	35.01	35.29	33.65	33.79	4005438	137692352.00
2020/11/12	33.80	34.34	33.50	33.79	2239466	75872336.00
2020/11/13	33.22	35.26	33.22	34.53	3918994	135015136.00
2020/11/16	34.84	35.13	33.65	34.19	2992600	102193872.00
2020/11/17	34.18	34.18	32.61	33.28	2550557	84546920.00
2020/11/18	33.55	33.55	32.20	32.37	2569685	83957400.00
2020/11/19	32.40	33.35	31.90	32.95	3286037	106899936.00
2020/11/20	32.96	34.66	32.96	33.22	4242899	142673312.00
2020/11/23	33.28	33.28	31.66	32.46	3768700	122450728.00
2020/11/24	32.68	34.30	32.56	32.82	4009737	132822216.00
2020/11/25	32.11	33.80	31.85	33.03	4655219	153265296.00
2020/11/26	32.87	34.18	31.93	34.06	4707400	155788864.00
2020/11/27	34.03	34.79	33.60	34.25	4360856	148962880.00
2020/11/30	33.99	34.30	33.60	33.60	3644731	123419576.00
2020/12/01	33.61	34.07	33.33	34.03	2565193	86681280.00
2020/12/02	34.49	34.78	33.56	34.57	5269030	179805904.00
2020/12/03	34.87	36.85	34.52	36.23	8950488	318441248.00
2020/12/04	36.68	38.70	36.60	38.69	10884981	413518016.00
2020/12/07	39.52	40.66	38.02	38.90	9435633	367651488.00
2020/12/08	38.25	38.60	37.22	38.00	5778400	218259072.00
2020/12/09	37.00	37.33	35.70	35.75	6703953	243556672.00
2020/12/10	35.48	36.50	34.66	36.40	4381673	155498352.00
2020/12/11	36.05	36.31	34.45	35.16	4505253	158576656.00
2020/12/14	35.00	35.70	34.70	35.32	2756535	97344640.00
2020/12/15	35.26	35.30	34.21	34.26	2769619	95868536.00
2020/12/16	34.25	34.33	32.68	32.78	3414587	113748360.00
2020/12/17	32.77	33.48	31.88	33.38	2620356	85812272.00
2020/12/18	33.40	33.98	33.25	33.90	2278900	76663240.00
2020/12/21	34.00	34.45	33.35	33.39	3289966	111267096.00
2020/12/22	33.09	33.12	31.95	32.10	3164338	102764104.00
2020/12/23	31.90	32.30	31.51	31.77	2322726	73879648.00
2020/12/24	31.72	31.90	30.60	30.62	2590830	80502952.00
2020/12/25	30.62	31.18	29.90	30.89	2657781	81353424.00
2020/12/28	30.75	30.75	29.66	30.30	3226410	96985304.00
2020/12/29	30.30	31.83	30.15	31.25	3134802	98049152.00
2020/12/30	31.50	31.80	30.68	31.31	2454206	76801664.00
2020/12/31	31.39	33.36	31.30	32.58	3824522	124624320.00
2021/01/04	32.60	33.10	32.10	32.74	2298828	75106176.00
2021/01/05	32.46	33.12	32.37	32.77	2814145	92234328.00
2021/01/06	32.94	33.04	31.25	31.33	3318181	105319264.00
2021/01/07	31.32	31.32	29.73	30.04	3873825	117127208.00
2021/01/08	29.88	30.64	29.18	30.46	3686351	110797056.00
2021/01/11	30.20	30.73	29.52	29.61	2616695	78720712.00
2021/01/12	29.53	29.99	29.22	29.53	1686495	49809076.00
2021/01/13	29.53	29.72	28.50	29.30	2674825	77880600.00
2021/01/14	29.80	31.21	29.51	31.21	4174188	127570368.00
2021/01/15	31.23	31.75	30.45	31.12	3026982	93545584.00
2021/01/18	30.61	32.49	30.61	31.82	3103105	99150920.00
2021/01/19	31.77	35.00	31.77	33.68	7208109	244187536.00
2021/01/20	33.58	34.45	32.73	33.09	3879439	129124520.00
2021/01/21	33.09	33.74	32.65	32.69	2444914	80921504.00
2021/01/22	32.50	32.50	31.56	31.96	2439238	77941776.00
2021/01/25	31.58	31.70	30.37	30.46	2383006	73642632.00
2021/01/26	30.46	30.93	30.01	30.06	1431541	43497484.00
2021/01/27	30.08	30.93	29.72	30.62	1495623	45416832.00
2021/01/28	30.66	31.98	30.20	30.30	1974518	61229756.00
2021/01/29	30.41	30.76	29.50	29.64	1443052	43180432.00
2021/02/01	29.63	30.56	29.10	30.52	1648175	49126432.00
2021/02/02	30.55	30.80	29.90	30.25	1232683	37394288.00
2021/02/03	30.67	31.35	29.58	31.00	1930268	58721492.00
2021/02/04	30.78	31.00	29.20	29.90	2214602	66055604.00
2021/02/05	29.95	30.19	29.43	29.54	1426042	42419584.00
2021/02/08	28.91	29.54	28.91	29.05	854300	24952500.00
2021/02/09	29.05	29.24	28.78	29.01	1062596	30876156.00
2021/02/10	29.01	29.27	28.76	28.82	1249600	36196976.00
2021/02/18	29.34	29.68	29.04	29.61	1172504	34567316.00
2021/02/19	29.60	30.46	29.28	30.40	1516048	45428436.00
2021/02/22	30.34	31.36	30.22	30.66	2067832	64062392.00
2021/02/23	30.66	31.46	30.19	30.77	1675663	51752780.00
2021/02/24	30.76	31.90	30.55	31.56	2539902	80134072.00
2021/02/25	31.65	31.98	31.10	31.65	1840684	58055392.00
2021/02/26	31.40	33.99	31.40	33.03	5509859	183394480.00
2021/03/01	34.56	36.33	33.98	36.33	9456293	339111200.00
2021/03/02	36.35	37.20	35.23	35.56	7493722	270512544.00
2021/03/03	36.40	39.12	35.85	39.12	7581349	287448032.00
2021/03/04	38.88	39.69	38.00	38.52	7296391	282508128.00
2021/03/05	39.10	41.52	38.62	39.78	7592894	305778688.00
2021/03/08	39.27	41.00	38.80	38.88	5357327	213111664.00
2021/03/09	38.55	39.00	36.22	36.96	5317199	199573888.00
2021/03/10	37.51	39.07	36.60	36.60	4336184	163458576.00
2021/03/11	37.05	38.52	36.14	37.91	3319993	124639240.00
2021/03/12	37.87	38.70	36.20	38.26	4159102	155912432.00
2021/03/15	38.00	38.76	36.81	38.34	3591272	136049040.00
2021/03/16	38.34	39.50	37.62	38.16	2915044	111859424.00
2021/03/17	38.61	39.66	38.17	39.17	3307208	129296344.00
2021/03/18	38.79	39.99	38.51	39.71	2877198	113439680.00
2021/03/19	39.40	39.50	37.22	37.22	3054958	116588016.00
2021/03/22	37.68	40.16	37.68	38.97	3136960	122565360.00
2021/03/23	39.79	39.98	38.49	39.55	2981777	117022552.00
2021/03/24	38.97	39.71	38.48	39.50	2676798	104325584.00
2021/03/25	39.29	40.50	38.87	40.28	2554958	102201552.00
2021/03/26	40.30	40.84	39.71	40.75	2123920	85760448.00
2021/03/29	40.99	42.70	40.22	40.86	2731688	113523368.00
2021/03/30	39.93	41.88	39.36	41.47	2754523	111545616.00
2021/03/31	41.01	41.77	40.27	40.29	1107950	45173776.00
2021/04/01	40.07	40.79	39.11	39.28	1790875	70830104.00
2021/04/02	39.01	40.86	39.01	40.36	2426137	97581568.00
2021/04/06	40.79	42.42	40.71	42.22	1900471	79670888.00
2021/04/07	42.16	42.20	41.09	41.41	1329071	55133844.00
2021/04/08	40.90	44.20	40.81	43.80	4262995	184863456.00
2021/04/09	43.61	45.25	43.61	44.95	2817884	126052440.00
2021/04/12	43.60	43.60	40.46	40.46	4571632	188874688.00
2021/04/13	38.94	39.98	36.41	36.42	3894383	146195248.00
2021/04/14	36.19	39.66	35.89	38.34	3124256	118275056.00
2021/04/15	38.50	39.10	37.22	38.34	1934982	73785160.00
2021/04/16	38.87	40.99	38.60	40.56	3138488	125698352.00
2021/04/19	41.42	41.64	39.63	40.26	2635195	105778496.00
2021/04/20	41.25	42.29	38.51	38.67	6080317	244525040.00
2021/04/21	39.78	40.40	38.35	39.49	3964674	156307552.00
2021/04/22	39.70	40.86	39.61	40.19	2338953	93924144.00
2021/04/23	39.66	39.78	38.31	39.37	2523376	98481560.00
2021/04/26	39.70	40.60	38.50	39.01	2761750	108646272.00
2021/04/27	39.01	39.40	38.05	38.70	1408393	54347324.00
2021/04/28	38.38	39.38	38.08	39.07	1574414	61103472.00
2021/04/29	39.07	39.58	38.20	38.36	2620757	101544504.00
2021/04/30	38.50	39.29	38.20	39.00	1966612	76381920.00
2021/05/06	38.98	38.98	37.47	38.72	2516590	95904368.00
2021/05/07	38.60	38.88	37.80	38.00	1887932	72066384.00
2021/05/10	38.26	38.27	36.93	37.18	2313297	86404624.00
2021/05/11	37.10	37.92	35.35	35.80	2668783	97640912.00
2021/05/12	35.93	36.76	35.72	36.12	2118965	76524360.00
2021/05/13	35.98	36.28	34.34	34.48	2963738	103540856.00
2021/05/14	34.49	34.77	33.40	34.53	2686316	91663552.00
2021/05/17	34.75	34.90	33.58	33.83	2595853	88910152.00
2021/05/18	33.84	34.73	33.62	34.53	1983737	67831184.00
2021/05/19	34.43	34.48	33.86	34.33	1224947	41896456.00
2021/05/20	34.04	34.43	33.73	34.36	1557519	53040304.00
2021/05/21	34.10	34.29	33.51	33.77	1618923	54795424.00
2021/05/24	33.52	33.70	33.11	33.53	1343403	44856148.00
2021/05/25	33.53	34.16	33.50	33.99	1869910	63422484.00
2021/05/26	34.08	34.47	33.82	34.05	1704647	58135896.00
2021/05/27	34.05	35.72	33.88	35.17	2816689	98334128.00
2021/05/28	35.10	35.29	34.40	34.61	1713593	59607112.00
2021/05/31	34.70	35.62	34.63	35.48	2401741	84864968.00
2021/06/01	35.50	35.99	35.12	35.66	2139999	76105072.00
2021/06/02	35.66	35.66	34.44	34.44	2183762	76032160.00
2021/06/03	34.45	35.35	33.86	34.12	2103594	72753784.00
2021/06/04	34.00	34.60	33.62	34.31	1567148	53612656.00
2021/06/07	34.45	35.14	34.45	35.07	2430389	84944424.00
2021/06/08	35.11	35.42	34.14	34.58	2675430	92788408.00
2021/06/09	34.60	34.90	33.36	33.52	2911846	98910792.00
2021/06/10	33.54	33.90	33.40	33.78	2591981	87089200.00
2021/06/11	33.90	34.15	33.12	33.39	2866621	96149528.00
2021/06/15	33.50	33.97	31.93	33.27	3467107	113431472.00
2021/06/16	33.30	33.41	32.27	32.80	2399001	78766544.00
2021/06/17	33.13	33.68	32.69	33.37	2675076	89270048.00
2021/06/18	33.30	34.65	33.01	34.45	3203840	108905600.00
2021/06/21	34.44	35.10	34.02	34.78	2572746	89080368.00
2021/06/22	34.70	35.46	34.43	35.18	2777032	97507360.00
2021/06/23	35.39	36.88	34.79	36.21	4417844	159971408.00
2021/06/24	36.30	37.48	35.95	36.64	3812782	139801552.00
2021/06/25	36.86	36.92	35.35	36.57	4196464	151830528.00
2021/06/28	36.55	36.86	35.90	36.16	2731444	99312120.00
2021/06/29	36.50	36.54	35.16	35.37	3040847	108041920.00
2021/06/30	35.69	36.84	35.06	36.46	3988584	144207584.00
2021/07/01	36.30	37.68	35.68	35.80	3787886	138996832.00
2021/07/02	35.93	36.60	35.61	35.95	1987085	71575184.00
2021/07/05	36.07	37.98	35.84	37.98	5373327	199452976.00
2021/07/06	37.98	38.00	36.63	37.13	4753809	176682960.00
2021/07/07	36.77	36.93	35.99	36.61	4099349	149406304.00
2021/07/08	36.60	37.58	36.21	37.42	4770318	176444848.00
2021/07/09	39.50	41.16	39.26	41.16	8349566	340843552.00
2021/07/12	41.04	44.30	40.12	42.76	14245701	596180928.00
2021/07/13	42.44	44.79	42.20	43.09	9919120	433464672.00
2021/07/14	42.80	44.20	41.60	42.02	8403851	360921056.00
2021/07/15	41.66	42.43	40.20	41.06	6737944	275491936.00
2021/07/16	41.06	41.68	40.20	40.70	4994888	204091280.00
2021/07/19	40.87	40.87	38.80	39.15	5680295	223590736.00
2021/07/20	38.52	39.60	38.50	39.37	3550166	139073648.00
2021/07/21	39.38	40.32	38.80	39.72	4639224	184319456.00
2021/07/22	40.14	41.56	39.75	40.04	4785871	193083568.00
2021/07/23	39.61	40.60	39.25	39.95	4064230	162650752.00
2021/07/26	40.14	43.95	40.14	42.45	10890344	469784992.00
2021/07/27	43.72	45.50	41.87	42.00	11141120	489965536.00
2021/07/28	41.12	42.10	38.50	40.73	7092819	286958080.00
2021/07/29	41.48	44.28	41.44	43.90	6611314	285808800.00
2021/07/30	43.69	44.68	42.96	43.99	5927514	259554352.00
2021/08/02	43.50	45.31	42.60	43.55	5904127	258346320.00
2021/08/03	43.55	45.55	43.21	43.57	7952862	353486240.00
2021/08/04	43.57	44.44	42.69	44.44	5813593	253638416.00
2021/08/05	45.75	46.88	44.50	44.99	6869106	312777856.00
2021/08/06	44.11	45.94	43.53	45.72	5400164	241945104.00
2021/08/09	45.73	48.08	45.26	46.92	5519091	255563488.00
2021/08/10	46.68	46.87	45.50	46.58	5431310	250226832.00
2021/08/11	46.30	47.80	45.36	47.50	6233440	291460320.00
2021/08/12	47.10	48.48	46.13	48.08	6541508	309544544.00
2021/08/13	43.99	44.09	43.27	43.27	2769700	120486296.00
2021/08/16	41.05	41.80	39.08	41.36	11699796	470108832.00
2021/08/17	40.84	41.30	38.50	38.50	7273506	287821280.00
2021/08/18	38.51	38.98	37.40	37.92	5510970	208538528.00
2021/08/19	37.81	38.26	36.90	37.41	4726787	177095552.00
2021/08/20	37.07	37.38	35.95	36.15	4928355	180234528.00
2021/08/23	36.18	37.70	36.15	37.05	4915853	181501712.00
2021/08/24	37.02	37.08	36.52	36.91	2897883	106642912.00
2021/08/25	37.20	37.98	37.08	37.81	4210143	158472624.00
2021/08/26	37.84	37.98	36.82	36.88	3533300	131338968.00
2021/08/27	37.00	37.63	36.26	37.47	3398112	125424488.00
2021/08/30	37.26	38.10	37.21	37.59	3175044	119946736.00
2021/08/31	37.55	37.59	35.85	36.27	3567278	130217640.00
2021/09/01	35.97	35.98	34.40	35.18	4122280	144822480.00
2021/09/02	35.20	35.88	34.55	35.27	1900699	67131768.00
2021/09/03	35.81	38.80	35.74	38.80	6662345	250866496.00
2021/09/06	38.80	39.34	37.59	38.65	6021683	231548240.00
2021/09/07	38.64	38.66	37.81	38.66	3974652	151725440.00
2021/09/08	39.38	40.59	38.95	39.18	6907180	274531360.00
2021/09/09	38.70	39.39	38.01	38.79	3972518	153574544.00
2021/09/10	38.71	38.71	37.88	38.28	3022490	115575648.00
2021/09/13	38.25	39.44	37.92	39.06	3630887	140253024.00
2021/09/14	39.06	40.50	38.68	39.99	5995493	239245392.00
2021/09/15	39.50	39.89	38.53	39.31	3420290	133631072.00
2021/09/16	39.19	39.66	37.90	37.90	3191402	123276712.00
2021/09/17	37.60	38.30	36.41	37.27	3216651	119496728.00
2021/09/22	36.46	37.79	36.44	37.69	1694800	63444824.00
2021/09/23	37.57	38.10	37.28	37.84	1957200	73833072.00
2021/09/24	37.75	39.23	37.51	38.94	3395501	131444808.00
2021/09/27	38.92	40.50	37.88	38.03	4471458	175556624.00
2021/09/28	38.86	38.86	37.37	37.48	2250300	85017960.00
2021/09/29	37.35	37.49	35.38	35.91	3218950	116141856.00
2021/09/30	36.19	36.40	35.71	36.29	1697210	61154596.00
2021/10/08	36.76	37.68	36.58	37.15	1619492	60070064.00
2021/10/11	37.17	37.17	36.48	36.64	1533600	56544264.00
2021/10/12	36.42	36.63	35.13	35.40	2255731	80413152.00
2021/10/13	35.31	36.98	35.20	36.73	2148166	78135552.00
2021/10/14	36.50	40.31	36.50	39.37	5707495	220829728.00
2021/10/15	39.10	40.17	38.92	39.51	3419433	135369680.00
2021/10/18	39.63	40.00	38.12	39.20	3821909	148768240.00
2021/10/19	39.10	41.38	39.10	40.69	5146620	208860272.00
2021/10/20	40.15	40.58	39.85	40.40	2828656	113852456.00
2021/10/21	40.36	40.36	38.56	39.56	3335011	130952816.00
2021/10/22	36.82	38.69	36.31	37.66	8433746	316973440.00
2021/10/25	37.80	38.18	37.41	37.84	3237542	122217600.00
2021/10/26	37.97	38.39	37.17	37.33	2874207	107837144.00
2021/10/27	37.69	37.69	36.25	36.45	2650900	97059152.00
2021/10/28	36.45	36.79	35.81	36.01	2446602	88573072.00
2021/10/29	36.28	37.15	36.12	37.15	2315600	84828328.00
2021/11/01	37.15	38.65	36.70	38.40	3814958	144630576.00
2021/11/02	38.40	39.36	37.70	37.90	4176034	160731408.00
2021/11/03	38.06	38.65	37.68	38.06	2266120	86411328.00
2021/11/04	38.12	38.62	38.01	38.30	2449390	93813312.00
2021/11/05	38.50	39.30	38.22	38.39	2783492	107494056.00
2021/11/08	37.89	38.34	37.00	37.25	2713000	101498240.00
2021/11/09	37.48	39.27	37.15	39.11	5302061	204535632.00
2021/11/10	38.99	39.30	38.36	38.93	3650099	141384928.00
2021/11/11	38.79	39.54	38.70	39.11	3743900	146614944.00
2021/11/12	39.10	40.38	38.92	40.10	4720499	188402720.00
2021/11/15	40.70	41.14	39.92	40.10	4162486	168367360.00
2021/11/16	40.42	40.74	39.56	39.58	3078655	123404984.00
2021/11/17	39.28	39.90	39.08	39.89	2620958	103703072.00
2021/11/18	39.86	40.40	39.31	39.36	2673158	106542616.00
2021/11/19	39.42	41.26	39.29	40.98	4915404	199565776.00
2021/11/22	40.80	42.42	40.72	41.80	4814338	200443248.00
2021/11/23	41.44	42.38	41.25	41.50	3716781	154875104.00
2021/11/24	41.38	42.00	40.91	41.55	3288806	136322592.00
2021/11/25	41.79	41.79	40.66	40.81	3023088	123859656.00
2021/11/26	40.81	41.38	40.20	40.80	2555232	103929776.00
2021/11/29	40.18	40.76	40.14	40.60	2108300	85248528.00
2021/11/30	40.67	44.66	40.67	42.92	12213940	529922720.00
2021/12/01	42.70	43.38	42.49	42.62	5598937	240079008.00
2021/12/02	42.61	43.05	41.20	41.30	4013950	167856912.00
2021/12/03	41.30	42.62	41.30	41.69	3396850	142393696.00
2021/12/06	41.55	41.89	40.40	40.40	3744192	153519216.00
2021/12/07	40.85	40.85	37.90	38.05	6641137	256229648.00
2021/12/08	38.28	38.75	38.00	38.57	2978300	114238816.00
2021/12/09	38.69	38.90	38.33	38.80	2480000	95878160.00
2021/12/10	38.51	42.68	38.50	42.68	10708052	445659296.00
2021/12/13	43.10	43.37	41.60	42.11	8196935	346101120.00
2021/12/14	42.55	42.81	41.43	42.61	4955100	208432160.00
2021/12/15	42.39	43.00	42.07	42.39	3293001	139758432.00
2021/12/16	43.00	43.00	41.70	41.95	2477000	104231688.00
2021/12/17	41.70	42.14	40.65	40.71	2952200	121719952.00
2021/12/20	40.71	41.07	39.41	39.51	2840600	113488592.00
2021/12/21	39.81	40.07	39.52	39.97	2210260	88018104.00
2021/12/22	39.88	41.11	39.70	40.42	2694500	109027312.00
2021/12/23	40.48	41.45	40.23	40.51	2835091	115673672.00
2021/12/24	40.51	41.64	40.25	40.62	3409600	139678704.00
2021/12/27	40.45	41.44	39.72	41.03	2998977	121862272.00
2021/12/28	41.10	42.17	40.93	41.84	3780053	157477728.00
2021/12/29	41.65	42.24	41.13	41.84	2695181	112183144.00
2021/12/30	41.81	42.10	41.39	41.77	2374860	98966776.00
2021/12/31	41.85	42.08	41.30	41.79	2458668	102492712.00
2022/01/04	41.71	42.49	40.66	41.48	3478377	143715488.00
2022/01/05	41.33	41.70	39.56	39.93	3683100	148370624.00
2022/01/06	37.81	38.60	36.56	37.89	8837116	331708800.00
2022/01/07	37.91	38.10	36.89	36.90	3773819	141621472.00
2022/01/10	36.89	37.44	36.31	37.16	2533666	93760120.00
2022/01/11	37.11	37.48	36.70	36.73	2355943	87395520.00
2022/01/12	36.81	37.19	36.53	36.89	2579000	95015160.00
2022/01/13	36.89	37.14	36.60	36.68	2059200	75962896.00
2022/01/14	36.50	36.91	36.03	36.58	1927400	70392400.00
2022/01/17	36.55	36.92	36.27	36.84	2739102	100248016.00
2022/01/18	36.66	37.17	36.55	37.11	2346063	86540608.00
2022/01/19	37.11	37.16	36.36	36.49	1831900	67163832.00
2022/01/20	37.72	37.98	36.90	37.26	5025500	187330640.00
2022/01/21	37.26	37.26	36.65	37.04	3465798	127770376.00
2022/01/24	35.18	35.72	35.03	35.09	3411051	120172264.00
2022/01/25	34.70	35.25	34.50	34.52	2027055	70499872.00
2022/01/26	34.54	34.79	33.61	33.92	1901516	64581976.00
2022/01/27	33.88	34.42	33.62	33.98	1748000	59645980.00
2022/01/28	33.78	34.57	33.58	34.30	1860127	63397864.00
2022/02/07	34.78	34.79	34.35	34.51	1099684	38029668.00
2022/02/08	34.55	34.68	34.18	34.67	871596	29963816.00
2022/02/09	34.51	35.00	34.40	35.00	1620671	56211288.00
2022/02/10	34.93	34.93	34.43	34.56	1582718	54780576.00
2022/02/11	34.32	34.52	34.02	34.07	1120958	38416560.00
2022/02/14	34.00	34.03	32.06	32.45	2506917	82863760.00
2022/02/15	32.66	32.73	32.15	32.53	2279600	73941192.00
2022/02/16	32.62	33.40	32.58	33.21	2082802	68762288.00
2022/02/17	33.21	33.50	32.94	33.09	1478000	49033816.00
2022/02/18	33.09	33.70	32.81	33.60	1449775	48313832.00
2022/02/21	33.45	34.58	33.45	34.43	1872564	64021168.00
2022/02/22	34.20	34.39	33.58	33.77	1892649	64270512.00
2022/02/23	33.69	34.54	33.68	34.52	1577500	54105684.00
2022/02/24	34.33	34.90	33.00	33.98	2452750	84053688.00
2022/02/25	34.37	34.64	34.20	34.36	1494300	51388808.00
2022/02/28	34.09	34.70	34.09	34.38	1471600	50724144.00
2022/03/01	34.68	35.11	34.43	34.62	1802933	62763952.00
2022/03/02	34.58	34.66	34.21	34.28	1244332	42818784.00
2022/03/03	34.43	34.70	34.10	34.14	1343900	46173828.00
2022/03/04	34.15	34.15	32.87	32.87	2016350	67377008.00
2022/03/07	33.37	33.37	31.86	31.91	1673550	54282676.00
2022/03/08	31.94	32.27	30.45	31.06	1784215	56147012.00
2022/03/09	30.99	31.27	28.90	30.10	2161866	65404120.00
2022/03/10	30.86	31.05	30.51	30.75	1211900	37327544.00
2022/03/11	30.42	31.19	30.03	31.09	1089250	33295228.00
2022/03/14	30.98	31.09	30.20	30.26	1106350	33770168.00
2022/03/15	30.00	30.50	28.05	28.05	2563949	74914232.00
2022/03/16	28.55	29.40	27.54	29.27	2758109	78614224.00
2022/03/17	29.70	30.35	29.50	29.98	2151500	64681284.00
2022/03/18	29.00	29.86	28.82	29.25	3023271	88152448.00
2022/03/21	29.28	29.38	28.67	28.91	1743780	50649704.00
2022/03/22	29.21	29.33	28.56	28.61	1268965	36475312.00
2022/03/23	28.74	28.85	28.38	28.50	1556159	44506468.00
2022/03/24	28.45	28.45	27.75	28.06	1931239	53936612.00
2022/03/25	28.05	28.53	27.92	28.25	1855800	52414780.00
2022/03/28	28.01	28.01	27.12	27.45	1477200	40541336.00
2022/03/29	27.53	27.63	26.61	26.74	1575300	42529936.00
2022/03/30	26.98	27.48	26.78	27.38	1305600	35559444.00
2022/03/31	27.50	27.50	27.05	27.19	1041800	28417096.00
2022/04/01	27.14	27.14	26.60	27.03	1122700	30198744.00
2022/04/06	27.01	27.79	26.82	27.38	1238500	33951156.00
2022/04/07	27.39	27.43	26.67	26.71	1167349	31443388.00
2022/04/08	26.70	26.87	25.90	26.37	1014400	26656860.00
2022/04/11	26.11	26.25	24.90	25.07	1824900	46344944.00
2022/04/12	24.80	25.25	24.42	25.11	1331931	33106482.00
2022/04/13	25.03	25.18	24.42	24.79	852500	21132760.00
2022/04/14	25.00	25.00	24.68	24.93	767400	19089158.00
2022/04/15	24.90	24.90	24.25	24.39	978100	23904846.00
2022/04/18	24.19	25.11	24.01	24.92	1315849	32525148.00
2022/04/19	24.00	24.60	22.43	22.43	5142020	117567776.00
2022/04/20	22.33	23.06	22.15	22.51	2897939	65876804.00
2022/04/21	22.51	22.62	21.31	21.36	2324367	51001348.00
2022/04/22	21.38	21.63	20.66	20.81	2622900	55808616.00
2022/04/25	20.41	20.71	19.30	19.30	2862900	57102552.00
2022/04/26	19.50	19.57	18.35	18.45	2063300	39171012.00
2022/04/27	17.67	18.78	17.44	18.67	2218500	40046692.00
2022/04/28	18.32	19.24	18.30	18.79	2162820	40755376.00
2022/04/29	19.01	19.40	18.60	19.25	2147491	40785468.00
2022/05/05	19.25	19.65	19.08	19.30	1268066	24625232.00
2022/05/06	19.00	19.47	18.81	19.37	1261166	24240296.00
2022/05/09	19.47	19.65	19.31	19.44	978300	19018120.00
2022/05/10	19.30	19.74	19.04	19.73	1474066	28806070.00
2022/05/11	19.84	20.55	19.73	20.03	1979800	40186104.00
2022/05/12	20.14	20.65	19.86	20.42	1586700	32168416.00
2022/05/13	20.82	20.90	20.10	20.39	1140070	23207160.00
2022/05/16	20.60	20.74	20.12	20.16	1148900	23401300.00
2022/05/17	20.18	20.48	19.98	20.20	973249	19659540.00
2022/05/18	20.20	20.97	20.20	20.87	1751936	36356756.00
2022/05/19	20.70	21.10	20.46	21.07	1455834	30231836.00
2022/05/20	21.25	21.54	20.90	21.44	1493977	31738494.00
2022/05/23	21.80	21.80	21.45	21.80	1255400	27178508.00
2022/05/24	21.70	22.28	20.90	20.90	1916157	41458160.00
2022/05/25	20.82	21.15	20.75	20.88	1234741	25848112.00
2022/05/26	20.87	21.10	20.30	20.91	1334431	27704372.00
2022/05/27	20.89	21.34	20.50	20.74	1045800	21854358.00
2022/05/30	20.73	20.79	20.40	20.75	1154900	23800616.00
2022/05/31	20.82	21.22	20.38	21.21	2004300	41963636.00
2022/06/01	21.08	21.40	21.05	21.26	1421700	30231152.00
2022/06/02	21.24	21.67	21.00	21.65	1712562	36641488.00
2022/06/06	21.64	22.48	21.63	22.39	2114914	47069436.00
2022/06/07	22.41	22.43	21.56	21.62	2295500	50205556.00
2022/06/08	21.65	21.87	21.08	21.63	1849500	39711952.00
2022/06/09	21.60	21.60	20.88	20.95	1426500	30203752.00
2022/06/10	20.86	21.44	20.70	21.36	1581325	33629544.00
2022/06/13	21.48	21.80	21.24	21.77	1437281	31030244.00
2022/06/14	21.58	21.58	20.73	21.38	2024100	42686896.00
2022/06/15	21.44	21.88	21.40	21.40	1832100	39595408.00
2022/06/16	21.40	21.85	21.30	21.56	1748600	37827780.00
2022/06/17	21.55	23.72	21.23	23.72	3849700	88977000.00
2022/06/20	24.68	25.44	23.80	24.00	11043517	268127904.00
2022/06/21	23.82	24.88	23.64	24.42	6398765	155154704.00
2022/06/22	24.30	24.37	23.53	23.53	4212666	100407808.00
2022/06/23	23.43	24.10	23.32	23.88	3421100	81610784.00
2022/06/24	23.96	24.75	23.89	24.21	4047750	98180088.00
2022/06/27	24.69	24.78	23.87	24.23	3286300	79480536.00
2022/06/28	24.01	24.75	23.74	24.73	3804710	92489736.00
2022/06/29	24.68	26.70	24.41	26.01	8064598	206626272.00
2022/06/30	26.10	27.57	25.33	26.88	7086766	185339552.00
2022/07/01	26.08	27.19	26.02	26.86	4755950	127160792.00
2022/07/04	26.60	26.60	24.18	25.31	6734236	170364192.00
2022/07/05	25.15	25.15	24.16	24.33	3953809	96774256.00
2022/07/06	24.33	24.81	23.73	24.66	3122344	76427176.00
2022/07/07	24.40	24.65	23.84	24.52	2298365	55775536.00
2022/07/08	24.50	24.93	24.10	24.11	2469600	60387772.00
2022/07/11	23.99	24.00	23.03	23.36	2936400	68724272.00
2022/07/12	23.62	23.65	22.70	22.70	1831109	41954464.00
2022/07/13	22.69	23.06	22.66	22.89	1066400	24375032.00
2022/07/14	22.74	23.63	22.72	23.38	1849574	43098372.00
2022/07/15	23.50	23.57	22.88	23.08	1796309	41753116.00
2022/07/18	23.19	23.65	23.10	23.62	1574877	36994824.00
2022/07/19	23.71	24.16	23.56	24.14	1878400	44990932.00
2022/07/20	24.22	24.40	23.94	24.10	1594239	38410248.00
2022/07/21	24.30	26.51	24.10	26.51	8183077	214490288.00
2022/07/22	26.82	27.00	25.00	25.27	10490520	269709696.00
2022/07/25	25.03	25.79	24.38	24.65	5049177	125563008.00
2022/07/26	24.64	24.64	23.54	24.19	4161740	99784896.00
2022/07/27	24.18	24.66	24.02	24.54	2997226	73063184.00
2022/07/28	24.69	26.26	24.50	26.07	8130950	209393648.00
2022/07/29	25.85	25.92	25.10	25.19	4370816	111043104.00
2022/08/01	25.19	26.26	24.70	26.18	6090635	157513808.00
2022/08/02	25.70	26.04	24.88	25.15	5062925	128684080.00
2022/08/03	25.31	26.51	25.30	26.40	8760096	228394464.00
2022/08/04	26.69	26.88	25.42	26.07	6903622	179779280.00
2022/08/05	25.90	28.68	25.62	28.68	19737650	552156480.00
2022/08/08	28.05	29.80	27.68	28.59	15535369	439560000.00
2022/08/09	27.84	29.21	27.44	29.16	14027394	395427488.00
2022/08/10	28.70	30.68	28.31	30.00	15277239	457328032.00
2022/08/11	29.52	31.50	29.52	31.00	13221046	404555392.00
2022/08/12	30.60	30.80	28.51	28.97	10785019	322825568.00
2022/08/15	28.40	29.49	28.23	29.41	7115310	206304368.00
2022/08/16	29.00	29.29	27.96	28.09	8860803	252158848.00
2022/08/17	28.00	28.61	27.60	28.35	5362956	151195392.00
2022/08/18	28.25	29.50	27.65	29.42	6936782	199052416.00
2022/08/19	29.42	29.77	28.25	28.34	5265767	152047920.00
2022/08/22	28.25	28.79	27.80	28.79	2954613	84083096.00
2022/08/23	28.60	29.11	28.10	28.20	3372888	95942368.00
2022/08/24	28.22	28.38	25.60	26.18	6337651	169477040.00
2022/08/25	26.11	26.37	25.19	25.78	3364317	85980480.00
2022/08/26	25.79	26.08	25.15	25.30	2417973	62001752.00
2022/08/29	24.80	25.50	24.51	25.11	1800700	45214104.00
2022/08/30	25.00	25.35	24.39	24.80	2262450	56181128.00
2022/08/31	24.70	24.73	23.50	23.51	3072400	73317344.00
2022/09/01	23.61	23.97	23.27	23.78	1840300	43604416.00
2022/09/02	23.76	24.27	23.62	24.16	1734100	41763120.00
2022/09/05	24.31	24.39	23.73	24.04	1586700	38282320.00
2022/09/06	24.04	24.27	23.92	24.27	1559300	37648384.00
2022/09/07	24.26	24.85	24.06	24.72	2287100	56432200.00
2022/09/08	24.72	24.78	24.30	24.36	1442200	35269624.00
2022/09/09	24.39	24.45	23.63	24.00	1633217	39079572.00
2022/09/13	24.12	24.45	23.79	23.80	1160100	27916372.00
2022/09/14	23.20	23.65	23.04	23.49	1658200	38759372.00
2022/09/15	23.57	23.62	22.00	22.22	2831200	63719580.00
2022/09/16	22.37	22.38	21.48	21.48	2007200	43759196.00
2022/09/19	21.50	21.60	20.90	21.15	1588500	33666400.00
2022/09/20	21.37	21.68	21.18	21.55	1432500	30772920.00
2022/09/21	21.48	21.79	21.12	21.60	1193400	25676012.00
2022/09/22	21.50	21.97	21.41	21.74	1448800	31547780.00
2022/09/23	21.80	21.85	20.96	21.12	1467473	31314328.00
2022/09/26	20.90	21.28	20.80	20.87	1196100	25155460.00
2022/09/27	20.89	21.30	20.89	21.26	1100100	23236562.00
2022/09/28	21.18	21.29	20.22	20.23	1678800	34671628.00
2022/09/29	20.52	20.67	20.00	20.13	1096700	22234042.00
2022/09/30	20.16	20.35	19.67	19.69	1304740	26008136.00
2022/10/10	19.68	19.83	18.80	18.88	1412600	27023268.00
2022/10/11	18.66	19.30	18.66	19.08	1037389	19725104.00
2022/10/12	18.90	20.20	18.90	20.19	1964060	38472072.00
2022/10/13	20.19	20.61	20.00	20.37	1597985	32582386.00
2022/10/14	20.58	20.76	20.31	20.66	1363078	28077562.00
2022/10/17	20.66	21.18	20.48	21.16	1657840	34784596.00
2022/10/18	21.28	21.32	20.86	21.12	1282215	26990968.00
2022/10/19	21.10	21.35	20.96	21.04	1170615	24756640.00
2022/10/20	21.04	21.85	20.65	21.53	2466500	52754892.00
2022/10/21	21.56	21.56	21.03	21.22	1358660	28879716.00
2022/10/24	21.20	21.70	20.85	21.10	1834951	39234848.00
2022/10/25	21.28	21.35	20.50	21.04	1453600	30345566.00
2022/10/26	20.33	21.04	19.52	20.74	3473531	70845200.00
2022/10/27	20.89	21.15	20.58	20.70	2226800	46458680.00
2022/10/28	20.61	20.86	19.53	19.59	2010100	40533632.00
2022/10/31	19.61	20.36	19.59	20.17	2163344	43493924.00
2022/11/01	20.33	20.60	19.99	20.52	1343901	27299256.00
2022/11/02	20.93	20.93	20.52	20.74	1246407	25880856.00
2022/11/03	20.71	21.39	20.60	21.35	1804000	38019560.00
2022/11/04	21.48	21.79	21.18	21.61	1982500	42638436.00
2022/11/07	21.47	21.77	21.32	21.40	1590800	34194196.00
2022/11/08	21.40	21.56	20.93	21.13	1156900	24423368.00
2022/11/09	21.12	21.38	20.93	21.13	1156350	24453632.00
2022/11/10	21.08	21.33	20.58	20.61	1515968	31601832.00
2022/11/11	21.00	21.34	20.72	20.72	1561500	32830050.00
2022/11/14	20.73	21.80	20.52	21.61	3498147	74733000.00
2022/11/15	21.50	22.29	21.31	22.29	4112104	90538936.00
2022/11/16	22.23	22.23	21.83	21.93	2313100	50938740.00
2022/11/17	21.95	22.96	21.81	22.70	4124710	92760160.00
2022/11/18	22.73	22.83	22.24	22.28	2497631	56123928.00
2022/11/21	22.17	22.26	21.80	22.18	1613230	35616952.00
2022/11/22	22.22	22.60	21.91	22.06	2347000	52381092.00
2022/11/23	22.06	22.20	21.22	21.63	1967340	42527804.00
2022/11/24	21.79	21.83	21.52	21.69	961300	20813446.00
2022/11/25	21.57	21.90	21.26	21.27	1218669	26122184.00
2022/11/28	21.00	21.15	20.68	20.81	1025083	21398344.00
2022/11/29	20.83	21.55	20.83	21.55	1537931	32747308.00
2022/11/30	21.70	21.70	21.30	21.39	885700	18988440.00
2022/12/01	21.51	21.88	21.47	21.59	1284331	27821788.00
2022/12/02	21.65	21.81	21.42	21.81	987125	21399280.00
2022/12/05	21.95	22.02	21.62	21.77	1208800	26288796.00
2022/12/06	21.78	22.10	21.69	21.91	1652300	36249520.00
2022/12/07	21.99	22.27	21.71	21.96	1374700	30315070.00
2022/12/08	21.95	21.95	21.43	21.50	1215900	26282368.00
2022/12/09	21.58	21.62	21.34	21.47	811500	17421260.00
2022/12/12	21.47	22.20	21.19	22.14	1882200	40975296.00
2022/12/13	22.00	22.19	21.31	21.34	1949704	42093060.00
2022/12/14	21.54	22.78	21.54	21.85	2575816	56811852.00
2022/12/15	21.80	24.04	21.38	24.04	7056285	164762912.00
2022/12/16	24.24	25.85	24.06	25.59	15751888	395477792.00
2022/12/19	24.80	25.00	23.56	23.94	8358209	201340320.00
2022/12/20	23.50	24.48	23.50	24.10	5780100	138811424.00
2022/12/21	23.89	24.77	23.53	24.06	5543100	133882256.00
2022/12/22	24.02	24.07	22.73	22.87	5554259	128219168.00
2022/12/23	22.56	22.63	21.70	21.84	4601669	101328544.00
2022/12/26	21.84	22.95	21.78	22.88	4615166	104358272.00
2022/12/27	22.80	23.18	22.52	23.14	3879859	88886784.00
2022/12/28	22.92	22.98	22.18	22.36	2743631	61538616.00
2022/12/29	22.35	22.53	22.03	22.10	1995200	44420228.00
2022/12/30	22.09	22.80	21.80	22.62	3362300	75486592.00
2023/01/03	22.56	22.99	22.31	22.99	3577500	81434584.00
2023/01/04	23.45	25.29	23.45	24.32	10937331	269407328.00
2023/01/05	24.15	24.32	23.54	23.78	6467156	153547264.00
2023/01/06	23.61	24.00	23.18	23.18	4668100	110177360.00
2023/01/09	23.33	23.80	23.31	23.40	3136731	73742480.00
2023/01/10	23.40	24.90	23.40	24.26	6673981	161188256.00
2023/01/11	23.95	24.29	23.42	23.57	4027100	95789792.00
2023/01/12	23.42	23.99	23.21	23.99	3351700	79361744.00
2023/01/13	24.00	24.09	23.60	23.91	2336700	55568324.00
2023/01/16	23.53	24.02	23.53	23.77	2527397	60224744.00
2023/01/17	23.62	24.11	23.62	23.85	2094200	50094216.00
2023/01/18	23.81	24.06	23.21	23.38	2760500	64701252.00
2023/01/19	23.31	23.84	23.14	23.76	2480040	58598076.00
2023/01/20	23.76	24.10	23.64	23.95	2226400	53118800.00
2023/01/30	24.23	24.42	23.91	24.42	2996400	72484528.00
2023/01/31	24.09	24.10	23.43	23.83	3577100	84623904.00
2023/02/01	23.90	24.77	23.90	24.37	3602250	87647864.00
2023/02/02	24.35	25.30	24.30	25.30	6539797	163118784.00
2023/02/03	25.32	27.83	24.88	26.65	9906156	257798704.00
2023/02/06	26.72	28.58	26.65	27.03	11808498	325469888.00
2023/02/07	27.27	27.48	26.34	27.05	7214285	193541584.00
2023/02/08	27.20	29.50	27.19	27.83	9968508	283488672.00
2023/02/09	27.84	30.61	27.42	30.40	19958804	591793088.00
2023/02/10	30.00	30.00	28.69	29.50	12141205	356564544.00
2023/02/13	29.50	31.31	29.50	30.61	11911369	363966624.00
2023/02/14	31.30	32.50	30.35	30.86	12200917	382687456.00
2023/02/15	30.79	31.80	29.90	31.50	7887070	243564720.00
2023/02/16	31.96	32.46	30.65	31.00	9750416	308201312.00
2023/02/17	31.06	31.37	29.00	29.58	6904910	207702704.00
2023/02/20	29.73	32.54	29.59	32.54	9065080	284512704.00
2023/02/21	32.50	35.28	32.10	33.80	12948440	443754592.00
2023/02/22	34.07	34.07	33.33	33.55	5043432	170009920.00
2023/02/23	33.79	33.99	32.64	32.94	3878631	129010808.00
2023/02/24	33.13	33.84	32.60	33.31	3333300	111093808.00
2023/02/27	33.00	33.74	31.15	31.36	7345866	235508832.00
2023/02/28	31.54	32.30	30.39	31.09	7634169	237172960.00
2023/03/01	31.00	33.51	30.71	33.00	12474033	401002528.00
2023/03/02	33.34	33.58	31.52	31.60	5394728	174066000.00
2023/03/03	32.13	33.67	31.68	33.07	8317459	272550624.00
2023/03/06	32.44	32.78	31.46	32.17	6214347	199278656.00
2023/03/07	31.99	32.43	30.18	30.30	7857100	242698064.00
2023/03/08	30.46	31.33	30.00	31.06	4339839	132708608.00
2023/03/09	31.00	32.00	30.58	31.35	3281171	102347184.00
2023/03/10	31.12	31.59	30.09	30.27	2436885	74980248.00
2023/03/13	30.27	30.72	29.59	29.94	3384279	101243408.00
2023/03/14	29.93	30.25	28.88	30.21	3933600	115920976.00
2023/03/15	30.00	32.55	29.70	31.15	7181231	226492048.00
2023/03/16	31.00	32.65	30.85	31.58	5340231	170134784.00
2023/03/17	31.34	32.52	31.03	31.18	4188157	132147168.00
2023/03/20	31.33	34.30	30.90	33.72	10765139	354974528.00
2023/03/21	33.41	33.68	31.96	32.46	8338500	272246720.00
2023/03/22	32.60	34.61	31.88	33.95	10610466	357082752.00
2023/03/23	33.55	35.20	33.44	34.61	7662969	263075040.00
2023/03/24	34.23	34.91	34.00	34.31	4924500	169322000.00
2023/03/27	34.31	34.96	32.86	33.06	5845300	197127424.00
2023/03/28	32.98	33.74	32.39	32.60	4039674	132531488.00
2023/03/29	32.19	32.95	31.88	32.52	2958100	95898704.00
2023/03/30	32.35	33.04	31.33	31.38	4130194	131812256.00
2023/03/31	31.51	31.96	31.10	31.80	2681300	84584704.00
2023/04/03	31.92	32.29	30.95	31.79	3341900	105608448.00
2023/04/04	31.61	31.80	30.39	30.44	5575601	172064192.00
2023/04/06	30.33	33.48	30.30	33.48	6025800	195241024.00
2023/04/07	34.49	34.50	32.45	34.04	7493700	249402832.00
2023/04/10	33.85	34.30	32.86	33.30	6418000	215071440.00
2023/04/11	33.70	33.85	32.20	32.54	4889600	160978320.00
2023/04/12	32.64	34.80	32.00	33.94	7665522	257737856.00
2023/04/13	33.85	33.85	31.15	31.31	8511550	273205856.00
2023/04/14	31.51	33.65	30.75	32.97	7175550	231720592.00
2023/04/17	32.66	36.27	32.36	36.27	13443479	465952064.00
2023/04/18	36.98	37.80	35.28	36.32	13201560	481759200.00
2023/04/19	36.33	39.00	36.14	38.47	12656493	475763712.00
2023/04/20	38.09	40.31	37.27	38.97	9995024	390068032.00
2023/04/21	38.50	38.76	35.58	36.05	9617756	352504576.00
2023/04/24	36.19	36.96	34.77	35.30	6799365	242104512.00
2023/04/25	35.18	35.18	31.77	31.77	7636400	250414880.00
2023/04/26	30.80	30.80	28.59	28.59	9540234	279237696.00
2023/04/27	27.85	29.71	27.84	28.43	5477110	158264432.00
2023/04/28	28.26	28.96	27.11	27.27	7812010	217041504.00
2023/05/05	26.15	26.15	26.15	26.15	0	0.00
数据来源:通达信
