600956 新天绿能 日线 不复权
      日期	    开盘	    最高	    最低	    收盘	    成交量	    成交额
2020/06/29	3.82	4.58	3.82	4.58	512580	2339722.00
2020/06/30	5.04	5.04	5.04	5.04	146772	739731.00
2020/07/01	5.54	5.54	5.54	5.54	175193	970569.00
2020/07/02	6.09	6.09	6.09	6.09	209227	1274192.00
2020/07/03	6.70	6.70	6.70	6.70	359153	2406325.00
2020/07/06	7.37	7.37	7.37	7.37	783192	5772125.00
2020/07/07	8.11	8.11	8.11	8.11	628102	5093907.00
2020/07/08	8.92	8.92	8.92	8.92	430334	3838579.00
2020/07/09	9.81	9.81	9.81	9.81	377355	3701853.00
2020/07/10	10.79	10.79	10.79	10.79	709611	7656703.00
2020/07/13	11.87	11.87	11.87	11.87	700497	8314899.00
2020/07/14	13.06	13.06	13.06	13.06	765713	10000212.00
2020/07/15	14.37	14.37	12.58	14.37	99817675	1355547904.00
2020/07/16	13.62	13.62	12.93	12.93	42018851	551757312.00
2020/07/17	11.71	12.21	11.64	11.64	49106002	577288640.00
2020/07/20	11.45	11.86	11.32	11.82	33279677	388369248.00
2020/07/21	11.66	11.69	11.03	11.28	33332289	377341888.00
2020/07/22	11.12	12.28	10.91	11.91	45617458	524687968.00
2020/07/23	11.57	11.78	11.35	11.54	28117737	324250368.00
2020/07/24	11.46	11.95	11.11	11.14	26308141	303690976.00
2020/07/27	11.10	11.38	10.33	10.52	23744638	255312128.00
2020/07/28	10.53	11.09	10.42	10.90	19909976	213927664.00
2020/07/29	10.80	11.07	10.60	11.02	19270088	209984096.00
2020/07/30	11.05	12.12	10.85	12.02	44447032	516333152.00
2020/07/31	11.66	11.99	11.58	11.73	33080559	388868160.00
2020/08/03	11.83	11.97	11.51	11.80	26527412	311390720.00
2020/08/04	11.73	12.38	11.66	12.07	32644762	392239264.00
2020/08/05	11.75	11.78	10.86	11.31	28002236	315691488.00
2020/08/06	11.17	11.43	10.90	11.00	19024347	210466864.00
2020/08/07	10.90	10.92	10.50	10.61	16782606	178532960.00
2020/08/10	10.51	11.14	10.51	10.97	14211300	153839632.00
2020/08/11	11.00	11.13	10.58	10.61	14138677	153897376.00
2020/08/12	10.56	10.66	10.13	10.35	12721321	131396240.00
2020/08/13	10.37	10.55	10.32	10.38	7146473	74568600.00
2020/08/14	10.38	10.40	10.16	10.38	7265221	74653800.00
2020/08/17	10.38	10.74	10.28	10.68	10249008	107714944.00
2020/08/18	10.60	10.74	10.50	10.65	9706664	103378232.00
2020/08/19	10.59	11.25	10.35	10.81	19384207	208989936.00
2020/08/20	10.60	10.62	10.38	10.41	11516662	120740440.00
2020/08/21	10.45	10.60	10.32	10.35	6580692	68700048.00
2020/08/24	10.36	10.43	10.12	10.27	6949599	71215176.00
2020/08/25	10.28	10.41	10.22	10.29	5631894	57979776.00
2020/08/26	10.23	10.23	9.77	9.82	9937611	99294952.00
2020/08/27	9.85	9.99	9.71	9.77	6463594	63536288.00
2020/08/28	9.76	9.79	9.40	9.61	9991323	95509200.00
2020/08/31	9.61	9.71	9.53	9.53	5078892	48879768.00
2020/09/01	9.53	9.58	9.40	9.45	4890775	46249720.00
2020/09/02	9.43	9.48	9.20	9.23	7961742	74068088.00
2020/09/03	9.21	9.42	9.14	9.30	6255881	58120792.00
2020/09/04	9.13	9.28	9.06	9.27	5690799	52207628.00
2020/09/07	9.20	9.36	8.97	8.99	7602067	69453224.00
2020/09/08	8.99	9.00	8.67	8.80	7959464	70089664.00
2020/09/09	8.69	8.74	8.46	8.55	7659749	65946188.00
2020/09/10	8.66	8.72	8.16	8.20	6610995	55733032.00
2020/09/11	8.10	8.60	8.02	8.49	8352126	70166536.00
2020/09/14	8.63	9.16	8.63	8.73	11016433	97757872.00
2020/09/15	8.70	8.83	8.64	8.66	4544149	39541464.00
2020/09/16	8.62	9.06	8.55	8.91	8648106	76708392.00
2020/09/17	8.95	9.16	8.85	8.94	8787071	79193360.00
2020/09/18	8.89	9.07	8.76	9.02	6313087	56468656.00
2020/09/21	9.18	9.20	8.84	8.86	5906289	52770984.00
2020/09/22	8.80	9.00	8.72	8.96	4990079	44206000.00
2020/09/23	9.06	9.48	9.02	9.34	13549016	126107168.00
2020/09/24	9.28	9.69	9.06	9.07	11397722	106231712.00
2020/09/25	9.00	9.22	8.79	8.94	6233307	55915020.00
2020/09/28	8.94	8.99	8.45	8.49	5995408	51783384.00
2020/09/29	8.53	9.34	8.53	9.34	11000480	98825176.00
2020/09/30	9.54	9.68	9.10	9.36	15999533	150521072.00
2020/10/09	9.75	9.88	9.44	9.64	13884722	134468544.00
2020/10/12	9.69	9.92	9.58	9.72	12454718	121622600.00
2020/10/13	9.68	10.08	9.62	10.03	16297412	161052416.00
2020/10/14	9.94	9.98	9.70	9.81	15622860	153483200.00
2020/10/15	9.78	9.78	9.45	9.53	11333555	109022216.00
2020/10/16	9.65	9.98	9.57	9.70	12206714	118701536.00
2020/10/19	9.55	9.74	9.46	9.51	8289987	79434152.00
2020/10/20	9.51	9.55	9.25	9.39	6173285	57682352.00
2020/10/21	9.45	9.50	9.02	9.15	7982958	73201912.00
2020/10/22	9.19	9.19	8.91	8.98	5130443	46086896.00
2020/10/23	8.96	9.04	8.68	8.70	5654100	49930568.00
2020/10/26	8.75	8.78	8.58	8.78	2967800	25815662.00
2020/10/27	8.71	8.84	8.66	8.83	2809647	24682674.00
2020/10/28	8.85	9.15	8.85	9.12	5964108	53972756.00
2020/10/29	8.98	9.08	8.90	8.99	3961430	35665080.00
2020/10/30	8.90	8.95	8.56	8.59	6029916	52567924.00
2020/11/02	8.43	8.57	8.31	8.36	3025875	25419704.00
2020/11/03	8.37	8.54	8.36	8.50	2998474	25419384.00
2020/11/04	8.55	8.72	8.50	8.59	3437013	29518840.00
2020/11/05	8.66	8.71	8.52	8.58	3704279	31788310.00
2020/11/06	8.59	8.61	8.42	8.43	3479084	29443476.00
2020/11/09	8.50	8.69	8.44	8.64	4940346	42570028.00
2020/11/10	8.70	8.94	8.61	8.81	7260863	63948996.00
2020/11/11	8.74	9.06	8.64	8.90	9297230	82451664.00
2020/11/12	8.86	8.88	8.60	8.66	5488630	47850048.00
2020/11/13	8.69	8.69	8.41	8.49	4344549	36870748.00
2020/11/16	8.55	8.82	8.46	8.80	5928453	51447004.00
2020/11/17	8.82	8.97	8.69	8.86	5769780	50940392.00
2020/11/18	8.75	8.88	8.72	8.79	4570400	40164276.00
2020/11/19	8.97	9.46	8.82	9.11	11222971	102183280.00
2020/11/20	9.01	9.18	8.87	9.13	8472870	76461112.00
2020/11/23	9.09	9.38	9.04	9.31	10440118	96668304.00
2020/11/24	9.31	9.44	9.17	9.21	10166509	94274120.00
2020/11/25	9.21	9.34	8.98	8.98	8239904	75183968.00
2020/11/26	8.95	9.70	8.90	9.42	20239124	190224304.00
2020/11/27	9.33	9.35	9.02	9.15	11452895	104599552.00
2020/11/30	9.06	9.13	8.85	8.93	9120551	81456728.00
2020/12/01	8.97	8.97	8.86	8.96	5005932	44654072.00
2020/12/02	8.98	9.09	8.92	9.09	5544287	49968980.00
2020/12/03	9.10	9.34	8.98	9.13	8188368	75168424.00
2020/12/04	9.03	9.26	9.02	9.08	5623078	51247824.00
2020/12/07	8.99	9.26	8.86	9.09	8169347	73575128.00
2020/12/08	9.02	9.02	8.80	8.80	5475934	48712084.00
2020/12/09	8.82	8.98	8.54	8.65	5431157	47626748.00
2020/12/10	8.63	8.72	8.50	8.63	3639100	31241980.00
2020/12/11	8.63	8.67	8.33	8.45	4516115	38164488.00
2020/12/14	8.51	9.30	8.45	9.30	9192554	84933360.00
2020/12/15	9.90	9.90	9.13	9.16	29920414	285597984.00
2020/12/16	9.03	9.72	9.03	9.45	22992090	216684624.00
2020/12/17	9.20	9.35	8.80	9.26	19416943	176327584.00
2020/12/18	9.38	9.59	9.27	9.48	20013848	188905472.00
2020/12/21	9.60	9.60	9.23	9.31	15685551	147016880.00
2020/12/22	9.13	9.13	8.60	8.66	20777700	183472208.00
2020/12/23	8.66	9.05	8.53	8.84	14381234	127109504.00
2020/12/24	8.73	9.72	8.48	9.72	36756750	339596288.00
2020/12/25	9.66	10.69	9.58	10.69	33982632	350377216.00
2020/12/28	11.69	11.76	10.82	11.76	80588190	921760192.00
2020/12/29	10.98	11.27	10.58	10.58	28371128	307284064.00
2020/12/30	9.92	10.54	9.55	10.17	46315307	464944480.00
2020/12/31	9.95	10.56	9.80	10.06	38473729	390222016.00
2021/01/04	9.90	11.07	9.76	11.07	43640507	455409664.00
2021/01/05	11.32	11.50	10.60	10.70	48933565	536709440.00
2021/01/06	10.67	10.80	10.07	10.45	30873194	320290400.00
2021/01/07	10.46	10.79	10.02	10.11	35958872	375229024.00
2021/01/08	9.79	9.80	9.10	9.26	30994856	290562656.00
2021/01/11	9.22	9.22	8.58	8.60	24791518	217482656.00
2021/01/12	8.50	8.79	8.35	8.72	17867651	153770064.00
2021/01/13	8.50	8.79	8.36	8.46	18122418	154134048.00
2021/01/14	8.31	8.31	7.70	7.80	20860395	165567504.00
2021/01/15	7.81	7.99	7.77	7.92	9267729	73148320.00
2021/01/18	7.99	8.00	7.85	7.96	9070032	71966920.00
2021/01/19	7.95	8.17	7.81	8.00	11797766	93912432.00
2021/01/20	8.03	8.25	7.88	8.23	13936712	112945552.00
2021/01/21	8.21	8.23	8.10	8.14	10966775	89489664.00
2021/01/22	8.15	8.28	7.95	7.95	9568546	77022344.00
2021/01/25	8.00	8.20	7.70	7.93	11684369	92419472.00
2021/01/26	7.77	7.94	7.69	7.74	7700529	59885720.00
2021/01/27	7.72	8.14	7.72	7.98	8788450	69246352.00
2021/01/28	7.86	8.13	7.80	7.94	9493434	75714784.00
2021/01/29	7.90	8.08	7.70	7.82	8947045	70362928.00
2021/02/01	7.71	7.76	7.20	7.34	10668000	78870304.00
2021/02/02	7.43	7.43	7.24	7.28	5027086	36737492.00
2021/02/03	7.29	7.33	7.11	7.14	6414229	45994808.00
2021/02/04	7.20	7.20	6.65	6.80	8330049	57318464.00
2021/02/05	6.86	6.95	6.71	6.75	4928900	33636016.00
2021/02/08	6.75	6.88	6.60	6.70	4231700	28647092.00
2021/02/09	6.73	6.86	6.68	6.80	3954866	26879472.00
2021/02/10	6.80	7.48	6.80	7.48	4617200	33978008.00
2021/02/18	7.99	7.99	7.45	7.60	14597281	111739136.00
2021/02/19	7.51	7.70	7.44	7.67	8598333	65090228.00
2021/02/22	7.67	7.85	7.63	7.65	9509066	73530016.00
2021/02/23	7.71	8.15	7.71	7.88	13405166	106463136.00
2021/02/24	7.73	7.84	7.56	7.64	8256175	63557280.00
2021/02/25	7.67	7.72	7.41	7.43	6100736	45709328.00
2021/02/26	7.35	7.62	7.23	7.47	4843300	35976184.00
2021/03/01	7.49	7.55	7.40	7.49	4337465	32363016.00
2021/03/02	7.60	7.85	7.55	7.79	10552823	81743432.00
2021/03/03	7.63	7.95	7.63	7.89	10138143	78716456.00
2021/03/04	7.84	8.00	7.75	7.92	10356621	82118112.00
2021/03/05	7.76	8.10	7.76	7.93	9437257	75114088.00
2021/03/08	7.89	8.48	7.63	8.38	21886142	179232896.00
2021/03/09	8.22	8.26	7.56	7.83	14603369	116330264.00
2021/03/10	7.80	8.10	7.71	7.86	9224644	73276040.00
2021/03/11	7.82	8.10	7.78	8.08	11632467	93015640.00
2021/03/12	8.08	8.65	8.05	8.51	24244101	203205696.00
2021/03/15	8.42	8.74	8.25	8.47	16541173	140276336.00
2021/03/16	8.38	9.32	8.32	9.32	34008301	308058112.00
2021/03/17	9.37	9.39	8.83	9.02	29382891	264563472.00
2021/03/18	8.89	8.97	8.70	8.92	19490021	172401520.00
2021/03/19	8.78	9.81	8.72	9.81	23568334	227603632.00
2021/03/22	10.79	10.79	10.79	10.79	3069833	33123498.00
2021/03/23	11.87	11.87	11.87	11.87	4815578	57160912.00
2021/03/24	12.50	13.06	12.28	13.06	69700472	894278656.00
2021/03/25	13.50	13.78	11.75	12.50	67771708	847235328.00
2021/03/26	13.70	13.75	13.67	13.75	26103767	358771136.00
2021/03/29	15.13	15.13	13.00	15.13	95610865	1365243648.00
2021/03/30	15.90	16.64	14.77	16.64	91060839	1475799936.00
2021/03/31	14.98	17.57	14.98	15.34	98602591	1568774272.00
2021/04/01	14.10	14.75	13.81	13.81	70437000	991340928.00
2021/04/02	13.39	13.76	12.72	12.85	54829537	719691840.00
2021/04/06	13.28	14.14	13.20	14.14	41628690	577893696.00
2021/04/07	15.55	15.55	15.55	15.55	5499688	85520152.00
2021/04/08	17.11	17.11	16.02	17.11	72149827	1229838336.00
2021/04/09	16.00	17.97	15.48	15.85	95723892	1592918656.00
2021/04/12	14.84	17.18	14.28	16.19	80481128	1271496192.00
2021/04/13	15.42	15.52	14.57	14.57	44766767	663569024.00
2021/04/14	13.75	15.50	13.18	14.68	54272703	757384448.00
2021/04/15	14.16	15.45	14.02	14.69	47882800	712242752.00
2021/04/16	14.39	14.95	13.57	13.95	40250711	564125760.00
2021/04/19	13.96	14.28	13.51	13.65	36504808	501836672.00
2021/04/20	13.44	14.30	13.24	13.95	45383119	627610560.00
2021/04/21	13.40	13.49	12.86	13.14	35159100	461404800.00
2021/04/22	13.00	13.24	12.51	12.59	28394701	361714080.00
2021/04/23	12.80	12.92	12.11	12.40	27095234	337266944.00
2021/04/26	12.41	12.41	11.96	11.99	22115166	268448192.00
2021/04/27	11.99	11.99	11.33	11.68	24019064	278550048.00
2021/04/28	11.62	12.09	11.50	11.77	17173952	202442016.00
2021/04/29	11.67	12.89	11.51	12.25	40023137	490224320.00
2021/04/30	12.38	12.45	11.50	11.68	27907392	328279360.00
2021/05/06	11.85	12.85	11.82	12.85	32339980	404442400.00
2021/05/07	13.24	13.43	12.65	12.91	50753088	663999616.00
2021/05/10	12.20	13.25	12.04	13.15	37810750	482830560.00
2021/05/11	12.89	14.00	12.75	13.29	43964992	589068096.00
2021/05/12	12.92	13.14	12.51	12.69	29414798	373457152.00
2021/05/13	12.54	12.87	12.15	12.17	25573269	318556288.00
2021/05/14	12.46	12.66	12.22	12.28	20253193	251181632.00
2021/05/17	12.17	12.45	11.92	12.31	16896576	207040192.00
2021/05/18	12.28	13.02	11.92	12.99	34627420	436411968.00
2021/05/19	13.00	13.47	12.89	13.42	39810421	526182560.00
2021/05/20	13.34	13.76	12.81	12.95	37137916	490729280.00
2021/05/21	12.85	14.25	12.60	14.25	49548308	676880896.00
2021/05/24	14.84	15.60	14.21	14.34	68897224	1028704704.00
2021/05/25	14.21	14.75	13.84	13.99	40021086	563261760.00
2021/05/26	13.86	14.78	13.56	14.72	50183397	715077184.00
2021/05/27	14.40	14.89	14.10	14.37	33872750	490542496.00
2021/05/28	14.18	14.67	13.85	14.04	28673494	407278784.00
2021/05/31	13.99	15.27	13.76	14.81	44749212	656626112.00
2021/06/01	14.61	14.74	14.10	14.31	32345845	463178624.00
2021/06/02	14.11	14.47	14.00	14.28	26787840	381392256.00
2021/06/03	14.15	14.23	13.66	13.71	23037404	318930912.00
2021/06/04	13.59	13.63	13.09	13.25	19613450	261630960.00
2021/06/07	13.44	13.58	13.24	13.36	12838288	171664304.00
2021/06/08	13.35	13.57	13.26	13.48	13173676	177055184.00
2021/06/09	13.33	13.33	12.61	12.67	15835148	203022304.00
2021/06/10	12.79	12.99	12.43	12.81	14376800	182627136.00
2021/06/11	12.90	13.50	12.87	13.24	19185461	254484160.00
2021/06/15	13.20	13.36	12.68	12.72	15032127	194220640.00
2021/06/16	12.85	12.86	11.80	11.93	15123866	182402960.00
2021/06/17	11.93	12.20	11.72	12.03	8510793	102284240.00
2021/06/18	12.07	12.15	11.80	12.13	9000549	107891616.00
2021/06/21	12.40	12.68	12.16	12.54	11500403	143284768.00
2021/06/22	12.53	12.90	12.27	12.60	15037071	188128912.00
2021/06/23	12.76	12.78	12.40	12.55	11650581	146255200.00
2021/06/24	12.50	12.51	12.12	12.21	10430515	127805840.00
2021/06/25	12.25	12.37	12.06	12.28	9025028	110174432.00
2021/06/28	12.20	12.59	12.12	12.32	8616139	106781600.00
2021/06/29	12.14	12.18	11.95	11.96	9021833	108401688.00
2021/06/30	11.95	12.03	11.65	11.71	7982167	94036992.00
2021/07/01	11.75	11.78	11.24	11.25	9658400	110646792.00
2021/07/02	11.38	11.40	11.15	11.36	6482738	73359360.00
2021/07/05	11.36	11.52	11.30	11.42	5243945	59675268.00
2021/07/06	11.35	11.74	11.30	11.66	9321974	107872936.00
2021/07/07	11.50	11.64	11.40	11.56	8008982	92212888.00
2021/07/08	11.59	11.86	11.52	11.70	10441345	122282056.00
2021/07/09	11.59	11.73	11.26	11.58	9723463	111439576.00
2021/07/12	11.88	12.34	11.73	12.33	19836156	241334672.00
2021/07/13	12.39	13.47	12.00	13.10	31022553	393776864.00
2021/07/14	13.10	13.47	12.67	12.88	26047259	340277280.00
2021/07/15	12.61	12.61	12.20	12.37	15260716	188079792.00
2021/07/16	12.36	12.55	12.20	12.28	10201352	125860640.00
2021/07/19	12.20	12.70	11.91	12.54	13108796	162411072.00
2021/07/20	12.35	12.43	12.13	12.24	8235317	100871016.00
2021/07/21	12.22	12.34	12.10	12.14	9127101	111220024.00
2021/07/22	12.22	12.35	12.03	12.12	9276593	113021616.00
2021/07/23	12.01	12.05	11.60	11.63	12022701	141153088.00
2021/07/26	11.55	11.77	11.39	11.66	8689829	100572552.00
2021/07/27	11.72	12.10	11.66	11.75	12114141	144114160.00
2021/07/28	11.65	11.69	10.80	11.22	9476665	105846008.00
2021/07/29	11.12	11.72	11.12	11.54	8546104	98056448.00
2021/07/30	11.62	12.34	11.55	12.28	16248422	196807312.00
2021/08/02	12.31	12.44	12.01	12.37	13819023	169106992.00
2021/08/03	12.28	12.66	12.17	12.26	10695977	132027536.00
2021/08/04	12.15	12.40	12.08	12.22	7964232	97234688.00
2021/08/05	12.31	12.44	12.05	12.15	8992081	109800432.00
2021/08/06	12.01	12.46	11.96	12.35	10148126	124772760.00
2021/08/09	12.45	13.59	12.40	13.59	31071685	407685792.00
2021/08/10	13.88	13.88	13.15	13.30	30515529	407643392.00
2021/08/11	13.43	14.11	13.21	13.99	34548184	474488192.00
2021/08/12	13.75	13.86	13.40	13.77	24848601	338203136.00
2021/08/13	13.60	13.75	13.17	13.48	18339464	246497504.00
2021/08/16	13.48	14.78	13.30	14.34	37368421	526028672.00
2021/08/17	14.45	14.46	13.19	13.51	30167928	414206016.00
2021/08/18	13.05	13.45	12.91	13.14	15839698	208480656.00
2021/08/19	13.03	13.34	12.72	13.09	13327343	173080672.00
2021/08/20	13.03	13.03	12.53	12.80	13439072	171113600.00
2021/08/23	13.14	13.86	13.12	13.72	23200361	314502144.00
2021/08/24	14.07	14.21	13.67	13.94	23248990	323700032.00
2021/08/25	13.82	14.20	13.52	14.08	22494038	314271936.00
2021/08/26	14.14	14.14	13.61	13.72	21661912	298905152.00
2021/08/27	13.72	14.20	13.54	13.82	17298458	238828816.00
2021/08/30	13.82	14.66	13.54	14.65	33229816	476872864.00
2021/08/31	14.62	14.63	13.57	13.61	29815103	415191232.00
2021/09/01	13.70	13.98	12.98	13.18	18137398	242885392.00
2021/09/02	13.04	14.50	13.01	14.31	37927987	534763680.00
2021/09/03	14.33	15.32	14.16	14.95	46712498	694482496.00
2021/09/06	15.20	16.00	14.63	15.67	43981299	676163456.00
2021/09/07	15.50	15.99	15.03	15.65	32035664	498758880.00
2021/09/08	16.50	17.22	16.02	16.29	53969560	902405120.00
2021/09/09	15.80	16.98	15.70	16.40	40801110	669190208.00
2021/09/10	16.20	16.30	15.20	15.53	32024307	500386336.00
2021/09/13	15.37	15.68	15.18	15.36	18983975	291853632.00
2021/09/14	15.59	15.88	14.82	14.86	22362137	341314752.00
2021/09/15	14.69	16.30	14.62	16.29	32530812	507168640.00
2021/09/16	16.00	17.43	15.84	16.74	38820106	651277376.00
2021/09/17	16.30	18.00	16.20	17.70	41151801	710716736.00
2021/09/22	17.72	19.47	17.72	19.47	48371554	912983808.00
2021/09/23	19.47	20.94	18.42	19.15	49063683	955356352.00
2021/09/24	18.90	21.07	18.41	20.75	53337661	1062276992.00
2021/09/27	21.00	21.28	18.68	19.11	46022270	890895360.00
2021/09/28	18.40	21.02	18.03	21.02	43320478	862890432.00
2021/09/29	20.00	21.00	18.92	18.92	36093537	716263808.00
2021/09/30	19.20	20.81	18.22	20.81	48349420	972289920.00
2021/10/08	21.40	22.39	19.60	21.05	55826284	1173493760.00
2021/10/11	20.20	20.78	18.95	18.96	39228804	757005184.00
2021/10/12	18.08	19.36	17.30	18.26	30291554	550297088.00
2021/10/13	17.93	17.98	16.43	16.43	27268784	455695808.00
2021/10/14	15.90	16.90	15.52	16.40	23198299	376488448.00
2021/10/15	16.65	17.12	15.76	16.72	24738724	406710496.00
2021/10/18	16.60	17.68	16.43	17.40	25968764	450551168.00
2021/10/19	17.41	17.86	16.96	17.47	23258677	407154208.00
2021/10/20	17.37	18.30	16.96	18.01	26625937	475908512.00
2021/10/21	18.17	18.17	17.47	17.62	17873408	316526560.00
2021/10/22	17.57	17.61	16.80	16.88	16355300	279991552.00
2021/10/25	17.18	18.36	17.02	18.20	26774474	480603008.00
2021/10/26	18.24	19.32	17.98	19.03	31283714	590725056.00
2021/10/27	18.80	19.88	18.61	19.18	30668894	593832512.00
2021/10/28	19.40	19.40	18.12	18.59	21547801	401959520.00
2021/10/29	18.03	18.29	16.80	17.72	29033558	504273408.00
2021/11/01	17.26	18.59	17.00	18.27	24752402	443420544.00
2021/11/02	18.30	18.36	16.99	17.12	20015967	350259136.00
2021/11/03	17.11	17.34	16.58	17.10	14690898	249243280.00
2021/11/04	17.04	17.83	16.95	17.45	17281614	302328928.00
2021/11/05	17.27	17.37	16.36	16.42	18819926	314852896.00
2021/11/08	16.19	16.64	16.10	16.45	9221679	151476656.00
2021/11/09	16.92	17.27	16.42	16.63	12629613	212861264.00
2021/11/10	16.40	16.49	15.80	16.24	14101677	226842912.00
2021/11/11	16.24	16.39	15.90	15.96	9638126	154781760.00
2021/11/12	15.98	16.20	15.92	16.00	8365754	134209904.00
2021/11/15	16.00	16.09	15.55	15.62	9787081	153361440.00
2021/11/16	15.62	15.88	15.32	15.66	9213700	143686976.00
2021/11/17	15.67	16.47	15.67	16.42	17472429	282353312.00
2021/11/18	16.51	17.11	16.50	16.72	20741199	349384928.00
2021/11/19	16.30	16.87	16.10	16.84	14129277	234521712.00
2021/11/22	16.96	17.08	16.56	16.72	11029220	184362208.00
2021/11/23	16.56	17.31	16.35	17.20	17062666	287158624.00
2021/11/24	17.35	18.50	17.00	18.18	28160022	499378848.00
2021/11/25	17.99	18.16	17.41	17.44	18942484	334246400.00
2021/11/26	17.28	17.55	16.91	17.17	10830207	186555488.00
2021/11/29	16.70	17.43	16.48	16.91	11169070	188627424.00
2021/11/30	16.97	17.34	16.62	16.73	10556257	178859360.00
2021/12/01	16.75	17.15	16.60	17.04	10018864	169411776.00
2021/12/02	17.05	17.12	16.66	16.70	8643306	145560848.00
2021/12/03	16.70	17.45	16.32	17.39	18372750	311818144.00
2021/12/06	17.62	17.88	17.11	17.13	15176039	265237024.00
2021/12/07	17.20	18.56	16.61	18.19	28681889	506566912.00
2021/12/08	18.20	18.50	17.88	18.14	21766022	396083680.00
2021/12/09	18.15	18.80	18.01	18.34	21575168	396688704.00
2021/12/10	18.06	18.17	17.51	17.60	16977633	301158720.00
2021/12/13	17.56	18.13	17.51	17.71	13152659	234382944.00
2021/12/14	17.62	17.89	17.38	17.44	10264796	179818416.00
2021/12/15	17.44	17.96	17.26	17.75	13211837	233173312.00
2021/12/16	17.78	18.71	17.66	18.46	25007885	456913472.00
2021/12/17	18.46	18.80	18.18	18.55	21630716	400372608.00
2021/12/20	18.27	18.28	17.17	17.36	18326728	322740896.00
2021/12/21	17.19	17.37	16.62	16.94	12351841	208441280.00
2021/12/22	16.95	17.48	16.81	16.95	9695326	166401744.00
2021/12/23	16.92	18.01	16.51	17.85	20340037	356338368.00
2021/12/24	17.97	18.22	17.45	17.48	14908635	265789488.00
2021/12/27	17.48	18.40	17.20	18.18	19517693	353524192.00
2021/12/28	18.23	18.35	17.03	17.40	19641758	341690016.00
2021/12/29	17.26	17.58	17.00	17.40	10131478	174919856.00
2021/12/30	17.25	17.40	17.12	17.15	7329229	126243512.00
2021/12/31	17.28	17.57	17.15	17.21	7921575	137430992.00
2022/01/04	17.61	17.97	17.30	17.42	10186700	179056736.00
2022/01/05	17.30	17.31	16.11	16.57	13664206	226837024.00
2022/01/06	16.55	17.12	16.15	16.89	8787800	146722272.00
2022/01/07	16.81	16.86	16.31	16.31	8617000	141992672.00
2022/01/10	16.40	16.40	15.30	15.76	9797371	154126800.00
2022/01/11	15.74	15.85	15.54	15.63	6706284	105323784.00
2022/01/12	15.64	15.80	15.60	15.80	4025103	63253084.00
2022/01/13	15.81	15.81	15.45	15.47	5465815	85122664.00
2022/01/14	15.48	15.59	15.18	15.30	5189559	79762568.00
2022/01/17	15.29	15.35	15.08	15.20	5144932	78077744.00
2022/01/18	15.24	15.57	15.10	15.46	5835706	89696016.00
2022/01/19	15.44	15.63	15.24	15.39	3697980	56779444.00
2022/01/20	15.39	15.77	15.17	15.50	5714949	88452368.00
2022/01/21	15.40	15.69	15.36	15.55	4543381	70413744.00
2022/01/24	15.53	15.53	15.13	15.26	4240205	64705336.00
2022/01/25	15.20	15.26	14.00	14.05	9049029	130155944.00
2022/01/26	15.00	15.05	14.08	14.25	7069239	102168624.00
2022/01/27	14.32	14.38	13.77	13.79	5112188	71652960.00
2022/01/28	13.92	14.26	13.46	14.13	7469445	103915920.00
2022/02/07	14.51	14.63	14.33	14.44	4153880	60053960.00
2022/02/08	14.50	14.86	14.30	14.85	5700423	83167272.00
2022/02/09	14.81	14.84	14.56	14.79	4883438	71907680.00
2022/02/10	14.83	14.93	14.61	14.73	5289900	77904680.00
2022/02/11	14.76	14.82	14.40	14.47	4207407	61497220.00
2022/02/14	14.30	14.58	14.13	14.26	4620452	66094560.00
2022/02/15	14.24	14.39	14.11	14.20	3985766	56674616.00
2022/02/16	14.22	14.58	14.22	14.35	4332087	62340308.00
2022/02/17	14.41	14.65	14.30	14.48	5207916	75231432.00
2022/02/18	14.38	14.54	14.21	14.40	3288000	47289832.00
2022/02/21	14.43	14.51	14.30	14.51	3858549	55609084.00
2022/02/22	14.49	14.85	14.22	14.23	9181400	132321184.00
2022/02/23	14.25	14.45	14.09	14.44	7530200	107471296.00
2022/02/24	14.45	15.43	14.45	14.82	18801320	282327168.00
2022/02/25	14.85	15.35	14.45	15.01	14725833	217813520.00
2022/02/28	15.01	15.19	14.72	14.92	8820078	131496304.00
2022/03/01	14.96	15.05	14.70	14.80	6441610	95603952.00
2022/03/02	14.69	14.94	14.66	14.83	4434172	65544664.00
2022/03/03	14.98	15.44	14.82	15.44	16901369	257048848.00
2022/03/04	15.38	15.38	14.74	14.83	11756528	175292608.00
2022/03/07	14.78	14.96	14.14	14.28	7754421	112541056.00
2022/03/08	14.36	14.37	13.55	13.63	6886061	95590624.00
2022/03/09	13.72	13.95	12.72	13.68	7781000	104743216.00
2022/03/10	13.91	14.09	13.54	13.82	7008000	97105952.00
2022/03/11	13.60	13.67	13.21	13.55	5336075	71817816.00
2022/03/14	13.41	13.50	12.94	12.97	5057400	66712596.00
2022/03/15	12.96	12.97	12.10	12.13	8435700	104851240.00
2022/03/16	12.28	12.50	11.83	12.43	6719803	81924392.00
2022/03/17	12.61	12.92	12.54	12.65	6244358	79316736.00
2022/03/18	12.67	13.15	12.60	13.12	7135958	92762664.00
2022/03/21	13.00	13.18	12.83	12.99	5138100	66768980.00
2022/03/22	13.00	13.06	12.79	12.95	4115687	53089040.00
2022/03/23	13.19	13.85	13.19	13.57	12365427	167077424.00
2022/03/24	13.48	14.36	13.39	14.21	16926292	235572288.00
2022/03/25	14.14	14.14	13.45	13.47	10797200	147515408.00
2022/03/28	13.46	13.73	13.10	13.57	7352328	99093144.00
2022/03/29	13.60	13.67	13.33	13.45	4993226	67258280.00
2022/03/30	13.45	13.67	13.33	13.45	5406896	72737544.00
2022/03/31	13.35	13.37	13.05	13.09	5667030	74710304.00
2022/04/01	13.18	13.25	13.03	13.21	3843666	50550032.00
2022/04/06	13.18	13.51	13.06	13.46	4685361	62132800.00
2022/04/07	13.46	13.47	12.80	12.88	4637818	60494376.00
2022/04/08	12.91	13.12	12.56	12.82	3692172	47188880.00
2022/04/11	12.87	12.95	12.23	12.30	4881928	61270932.00
2022/04/12	12.39	12.65	12.23	12.64	4520110	56288688.00
2022/04/13	12.70	12.70	12.41	12.47	2981672	37344404.00
2022/04/14	12.62	12.62	12.31	12.37	2610372	32433972.00
2022/04/15	12.46	12.59	12.15	12.17	3758849	46285644.00
2022/04/18	12.16	12.36	11.66	12.30	3824100	46137368.00
2022/04/19	12.30	12.63	12.25	12.38	3084000	38193400.00
2022/04/20	12.41	12.44	12.01	12.02	3470736	42289688.00
2022/04/21	11.99	12.00	11.40	11.46	4316965	50464476.00
2022/04/22	11.45	11.90	11.01	11.80	4507221	52270368.00
2022/04/25	11.56	11.87	11.00	11.00	5632953	64075848.00
2022/04/26	11.00	11.16	10.48	10.48	5499500	58964664.00
2022/04/27	10.30	10.90	10.18	10.76	4812221	50533788.00
2022/04/28	10.76	10.92	10.60	10.77	4118464	44322204.00
2022/04/29	10.86	11.18	10.70	11.09	4178808	45883824.00
2022/05/05	11.03	11.57	10.94	11.43	4682738	53287580.00
2022/05/06	11.24	11.24	10.91	10.97	3799374	41915344.00
2022/05/09	10.90	11.18	10.84	11.08	2802333	31036148.00
2022/05/10	10.94	11.38	10.83	11.34	5268600	59000756.00
2022/05/11	11.46	11.83	11.30	11.52	6417074	74645368.00
2022/05/12	11.67	11.98	11.42	11.59	7142652	83589376.00
2022/05/13	11.63	11.84	11.45	11.53	4317958	50005608.00
2022/05/16	11.60	11.63	11.38	11.40	3446103	39493700.00
2022/05/17	11.57	11.57	11.18	11.41	2915636	33022924.00
2022/05/18	11.41	11.54	11.30	11.42	2857093	32734432.00
2022/05/19	11.23	12.15	11.20	12.08	8188826	96510800.00
2022/05/20	12.10	12.16	11.83	11.97	6048807	72353064.00
2022/05/23	11.97	11.99	11.70	11.87	4298102	50860952.00
2022/05/24	12.00	12.08	11.50	11.60	5587118	65943660.00
2022/05/25	11.50	11.89	11.40	11.81	4025171	47044752.00
2022/05/26	11.92	11.99	11.68	11.87	3803926	45133208.00
2022/05/27	11.89	11.96	11.63	11.77	3031205	35768492.00
2022/05/30	11.77	11.88	11.68	11.82	2717240	31972536.00
2022/05/31	12.00	12.25	11.82	12.21	7631131	91995928.00
2022/06/01	12.04	12.18	11.85	12.06	5446648	65433040.00
2022/06/02	12.08	12.28	11.97	12.19	4991037	60616208.00
2022/06/06	12.17	12.55	12.10	12.46	5441198	67251504.00
2022/06/07	12.60	12.60	12.31	12.42	4638658	57625084.00
2022/06/08	12.48	12.66	12.30	12.48	5306857	66262164.00
2022/06/09	12.49	12.65	12.31	12.37	4961259	61844704.00
2022/06/10	12.26	12.72	12.25	12.72	6528267	82260464.00
2022/06/13	12.71	12.72	12.21	12.42	8033503	99829400.00
2022/06/14	12.45	12.45	12.01	12.45	4928513	60440632.00
2022/06/15	12.42	12.52	12.26	12.27	4734327	58597360.00
2022/06/16	12.27	12.37	12.21	12.23	3577500	43912360.00
2022/06/17	12.15	12.35	12.08	12.25	3512489	42903188.00
2022/06/20	12.24	13.00	12.19	12.88	10640999	135208016.00
2022/06/21	12.88	12.97	12.36	12.49	7557300	95293792.00
2022/06/22	12.42	12.50	12.08	12.11	5680430	69569720.00
2022/06/23	12.11	12.25	11.82	12.23	4650140	56045472.00
2022/06/24	12.25	12.60	12.20	12.58	7266676	90931168.00
2022/06/27	12.69	12.82	12.50	12.59	5837530	73775376.00
2022/06/28	12.63	12.85	12.58	12.69	4545844	57650456.00
2022/06/29	12.67	12.78	12.32	12.33	4685540	58630024.00
2022/06/30	12.33	12.49	12.26	12.32	3392873	41979184.00
2022/07/01	12.33	12.59	12.30	12.42	3703101	46089956.00
2022/07/04	12.40	12.78	12.21	12.78	7155812	90126736.00
2022/07/05	12.70	14.06	12.68	14.06	11359274	157528960.00
2022/07/06	14.53	15.47	13.71	13.93	94480421	1386377856.00
2022/07/07	12.54	14.39	12.54	13.66	63800181	847781888.00
2022/07/08	13.50	13.50	12.88	13.03	40632624	531980960.00
2022/07/11	12.95	14.00	12.73	13.96	53490320	725731392.00
2022/07/12	13.61	14.52	13.31	14.52	61444982	873057472.00
2022/07/13	14.20	14.92	13.92	14.26	48164297	691476992.00
2022/07/14	14.10	14.69	13.72	14.20	37744714	535713504.00
2022/07/15	14.10	14.77	13.91	14.67	48033873	693111552.00
2022/07/18	14.76	15.17	14.50	14.54	44877800	662115776.00
2022/07/19	14.41	14.44	13.82	14.17	35687168	503526496.00
2022/07/20	14.16	14.70	13.95	14.70	36422749	523199168.00
2022/07/21	14.28	14.48	14.03	14.04	27997724	398700960.00
2022/07/22	13.91	14.15	13.41	13.59	27356254	375037984.00
2022/07/25	13.42	13.54	12.75	12.82	24721399	322761664.00
2022/07/26	12.84	13.16	12.65	13.16	16095000	207842992.00
2022/07/27	13.02	13.38	12.95	13.04	19705622	259139472.00
2022/07/28	13.19	13.36	13.03	13.06	17909423	235741184.00
2022/07/29	13.15	13.44	13.06	13.20	20031131	265901712.00
2022/08/01	13.13	13.13	12.73	12.93	16808888	216779744.00
2022/08/02	12.78	12.78	11.67	11.80	25545227	307468960.00
2022/08/03	11.70	12.18	11.51	11.57	18605651	221431456.00
2022/08/04	11.69	11.90	11.44	11.60	14600595	169396528.00
2022/08/05	11.61	11.63	11.23	11.56	16290826	185996416.00
2022/08/08	11.55	11.71	11.33	11.70	10283176	119251424.00
2022/08/09	11.71	11.93	11.60	11.78	15667654	184879696.00
2022/08/10	11.80	11.81	11.48	11.50	16486500	190963520.00
2022/08/11	11.58	11.67	11.45	11.66	11557365	133896392.00
2022/08/12	11.68	11.87	11.62	11.72	15722450	185070304.00
2022/08/15	11.72	12.30	11.68	12.11	21884983	262892224.00
2022/08/16	12.15	12.24	11.99	12.21	18866754	228906624.00
2022/08/17	12.18	12.49	12.15	12.25	21883225	269796000.00
2022/08/18	12.25	12.37	12.01	12.04	15466070	187615872.00
2022/08/19	12.01	12.46	11.92	12.30	24839765	303752800.00
2022/08/22	12.33	12.50	12.17	12.27	15631676	191797360.00
2022/08/23	12.28	12.68	12.21	12.64	26434316	330710432.00
2022/08/24	12.57	12.58	11.83	11.95	26398733	320872096.00
2022/08/25	11.96	12.20	11.70	12.19	18401088	221759424.00
2022/08/26	12.06	12.35	11.97	12.05	16568007	201442112.00
2022/08/29	11.76	12.30	11.72	12.28	16128522	195314208.00
2022/08/30	12.34	12.39	11.77	11.94	18180825	217596464.00
2022/08/31	11.80	11.98	11.36	11.40	15141097	174501648.00
2022/09/01	11.40	11.56	11.32	11.32	7641094	87262352.00
2022/09/02	11.38	11.51	11.23	11.32	7813097	88733144.00
2022/09/05	11.38	11.94	11.37	11.93	22540158	265375728.00
2022/09/06	11.92	11.92	11.66	11.89	13831951	163063264.00
2022/09/07	11.87	12.09	11.73	12.01	13110100	156466768.00
2022/09/08	11.95	12.07	11.75	11.75	10775967	127854072.00
2022/09/09	11.67	11.86	11.56	11.71	7584836	88662296.00
2022/09/13	11.85	11.86	11.44	11.49	11738155	135314896.00
2022/09/14	11.35	11.59	11.27	11.37	8872499	101177048.00
2022/09/15	11.43	11.47	10.62	10.87	15920099	175267376.00
2022/09/16	10.76	10.81	10.35	10.38	9689094	102440408.00
2022/09/19	10.40	10.47	10.16	10.29	6288001	64794716.00
2022/09/20	10.40	10.65	10.36	10.51	7132954	75046928.00
2022/09/21	10.61	10.70	10.35	10.70	7748722	81938080.00
2022/09/22	10.63	10.87	10.50	10.77	7853705	84607096.00
2022/09/23	10.76	10.86	10.47	10.52	6534780	69567680.00
2022/09/26	10.39	10.50	10.16	10.18	6235641	64378304.00
2022/09/27	10.13	10.33	10.00	10.25	8926332	90579952.00
2022/09/28	10.30	10.49	10.00	10.00	9002201	91691336.00
2022/09/29	10.12	10.18	9.87	9.92	8006409	80233528.00
2022/09/30	9.86	9.99	9.83	9.84	5779248	57319760.00
2022/10/10	9.93	10.11	9.72	9.78	6462694	64133456.00
2022/10/11	9.64	10.00	9.56	9.98	8451287	82530288.00
2022/10/12	9.95	10.10	9.73	10.08	7888867	78331536.00
2022/10/13	10.01	10.25	10.00	10.17	8770643	89009880.00
2022/10/14	10.13	10.29	10.13	10.26	7984748	81809592.00
2022/10/17	10.18	10.39	10.12	10.33	7543575	77528280.00
2022/10/18	10.32	10.45	10.28	10.33	6644221	68809496.00
2022/10/19	10.31	10.49	10.26	10.27	7779147	80659776.00
2022/10/20	10.22	10.35	10.11	10.16	6841696	69839496.00
2022/10/21	10.16	10.43	10.16	10.29	7016877	72502344.00
2022/10/24	10.29	10.42	10.04	10.11	7370000	75561216.00
2022/10/25	10.01	10.22	9.93	10.11	6171660	62184468.00
2022/10/26	10.20	10.45	10.12	10.42	10113981	104784400.00
2022/10/27	10.31	10.44	10.27	10.29	7080730	73326736.00
2022/10/28	10.29	10.39	9.89	9.99	7915802	80015056.00
2022/10/31	9.90	10.03	9.77	9.89	6419644	63634020.00
2022/11/01	9.93	10.20	9.91	10.20	7004396	70707280.00
2022/11/02	10.12	10.24	10.12	10.22	6726728	68571080.00
2022/11/03	10.18	10.28	10.10	10.11	7315409	74432896.00
2022/11/04	10.16	10.38	10.14	10.38	10900574	112542728.00
2022/11/07	10.44	10.59	10.31	10.57	10296029	108079320.00
2022/11/08	10.48	10.52	10.33	10.38	8260197	85867704.00
2022/11/09	10.38	10.39	10.26	10.30	5963780	61462456.00
2022/11/10	10.25	10.38	10.17	10.29	5908474	60810736.00
2022/11/11	10.42	10.51	10.29	10.34	9112225	94378256.00
2022/11/14	10.32	10.39	10.20	10.22	9233094	95059416.00
2022/11/15	10.26	10.46	10.20	10.43	9438648	97631400.00
2022/11/16	10.45	10.77	10.42	10.55	14300032	151144880.00
2022/11/17	10.52	10.53	10.28	10.38	8343803	86587136.00
2022/11/18	10.37	10.48	10.29	10.40	7479610	77768624.00
2022/11/21	10.33	10.37	10.18	10.32	6248414	64292296.00
2022/11/22	10.31	10.47	10.25	10.28	8093420	83769552.00
2022/11/23	10.24	10.37	10.15	10.36	8745725	90055712.00
2022/11/24	10.31	10.54	10.31	10.48	10237453	107056656.00
2022/11/25	10.43	10.51	10.37	10.43	6228100	64933800.00
2022/11/28	10.35	10.60	10.21	10.59	12512383	131123936.00
2022/11/29	10.59	10.63	10.46	10.62	13103625	138322928.00
2022/11/30	10.57	11.17	10.57	10.82	25118143	273365792.00
2022/12/01	10.82	11.11	10.72	11.11	22759309	249123984.00
2022/12/02	11.00	11.07	10.87	10.91	14820884	162073280.00
2022/12/05	10.90	11.01	10.80	10.84	13383307	145165472.00
2022/12/06	10.80	10.80	10.64	10.66	11000669	117639496.00
2022/12/07	10.62	10.74	10.62	10.70	7228307	77112768.00
2022/12/08	10.67	10.75	10.56	10.59	7444886	79190896.00
2022/12/09	10.49	10.65	10.32	10.48	11958650	124840184.00
2022/12/12	10.46	10.46	10.29	10.29	6530406	67540944.00
2022/12/13	10.21	10.36	10.21	10.27	4054903	41732244.00
2022/12/14	10.27	10.32	10.16	10.17	6012200	61529296.00
2022/12/15	10.17	10.22	10.05	10.22	4919610	49971208.00
2022/12/16	10.20	10.29	10.13	10.20	4685194	47860884.00
2022/12/19	10.16	10.18	9.84	9.88	7515499	74922520.00
2022/12/20	9.88	9.97	9.82	9.93	2837401	28180736.00
2022/12/21	9.96	9.96	9.75	9.76	4185000	41109352.00
2022/12/22	9.78	9.87	9.53	9.57	4546512	43970392.00
2022/12/23	9.52	9.58	9.44	9.51	4002500	38000628.00
2022/12/26	9.51	9.64	9.50	9.62	2872789	27555384.00
2022/12/27	9.67	9.71	9.58	9.65	2954499	28523400.00
2022/12/28	9.62	9.87	9.57	9.72	5805696	56664876.00
2022/12/29	9.62	9.69	9.54	9.64	3901367	37545264.00
2022/12/30	9.65	9.77	9.64	9.64	3705570	35915572.00
2023/01/03	9.65	9.79	9.62	9.78	4488621	43645224.00
2023/01/04	9.79	9.84	9.74	9.83	3572418	35020632.00
2023/01/05	9.84	9.88	9.76	9.84	3715379	36539204.00
2023/01/06	9.87	10.08	9.84	10.00	7279680	72821712.00
2023/01/09	10.07	10.08	9.92	9.99	5419800	54163016.00
2023/01/10	10.00	10.00	9.87	9.88	3616876	35811888.00
2023/01/11	9.88	9.95	9.80	9.82	3264300	32203264.00
2023/01/12	9.82	9.90	9.79	9.84	2517500	24772564.00
2023/01/13	9.84	9.88	9.75	9.81	3055591	29954714.00
2023/01/16	9.81	9.96	9.77	9.96	4170700	41357708.00
2023/01/17	9.96	10.02	9.94	9.98	3181400	31734276.00
2023/01/18	9.98	10.06	9.98	10.00	2678910	26840572.00
2023/01/19	10.02	10.04	9.96	9.97	3194611	31915520.00
2023/01/20	9.97	10.10	9.97	10.10	4305989	43371136.00
2023/01/30	10.14	10.23	10.14	10.17	5357401	54590656.00
2023/01/31	10.17	10.27	10.11	10.27	5133465	52397208.00
2023/02/01	10.26	10.29	10.19	10.28	5294860	54213152.00
2023/02/02	10.30	10.32	10.22	10.23	4192131	42945880.00
2023/02/03	10.23	10.24	10.02	10.16	5728900	58003768.00
2023/02/06	10.19	10.27	10.10	10.22	4264250	43571520.00
2023/02/07	10.23	10.27	10.17	10.25	4204100	42978864.00
2023/02/08	10.28	10.28	10.13	10.14	3256760	33189042.00
2023/02/09	10.11	10.24	10.10	10.23	3685856	37553528.00
2023/02/10	10.25	10.30	10.17	10.29	5872444	60203640.00
2023/02/13	10.29	10.38	10.27	10.33	4821160	49777128.00
2023/02/14	10.39	10.39	10.27	10.32	4006052	41278948.00
2023/02/15	10.33	10.35	10.21	10.23	4206917	43222264.00
2023/02/16	10.22	10.28	9.92	10.03	6875293	69674776.00
2023/02/17	10.02	10.10	9.97	9.97	4284992	42960716.00
2023/02/20	10.00	10.06	9.90	10.04	4251200	42418724.00
2023/02/21	10.04	10.13	10.02	10.11	4309447	43501680.00
2023/02/22	10.11	10.15	10.04	10.10	2955500	29874256.00
2023/02/23	10.11	10.16	10.02	10.05	3523490	35529464.00
2023/02/24	10.09	10.09	9.90	9.93	6309828	62847844.00
2023/02/27	9.92	9.96	9.82	9.83	4199600	41523500.00
2023/02/28	9.84	10.02	9.84	10.01	4719807	47012464.00
2023/03/01	10.03	10.07	9.97	10.00	3740756	37427212.00
2023/03/02	10.04	10.05	9.94	9.94	3431800	34258544.00
2023/03/03	9.95	10.02	9.94	10.01	3673938	36690048.00
2023/03/06	10.01	10.07	9.97	10.04	3495281	35041056.00
2023/03/07	10.05	10.10	9.93	9.94	4925437	49435708.00
2023/03/08	9.90	9.96	9.84	9.94	3266011	32390620.00
2023/03/09	9.97	9.98	9.88	9.90	2892412	28653252.00
2023/03/10	9.89	9.89	9.72	9.79	4615955	45170668.00
2023/03/13	9.79	9.81	9.62	9.67	5160288	49941096.00
2023/03/14	9.64	9.75	9.45	9.53	5160209	49318416.00
2023/03/15	9.55	9.68	9.55	9.66	3348278	32260888.00
2023/03/16	9.56	9.64	9.43	9.45	5159944	49087660.00
2023/03/17	9.48	9.61	9.45	9.50	3652415	34758868.00
2023/03/20	9.46	9.53	9.36	9.36	5079139	47896724.00
2023/03/21	9.37	9.46	9.37	9.46	3130271	29480712.00
2023/03/22	9.50	9.55	9.46	9.50	3258332	30967928.00
2023/03/23	9.48	9.54	9.39	9.43	4190486	39465428.00
2023/03/24	9.43	9.51	9.42	9.51	4045843	38301344.00
2023/03/27	9.51	9.69	9.51	9.57	5780709	55386192.00
2023/03/28	9.57	9.60	9.50	9.53	3593100	34248276.00
2023/03/29	9.51	9.54	9.41	9.42	3084372	29114620.00
2023/03/30	9.42	9.43	9.31	9.33	3612596	33748208.00
2023/03/31	9.31	9.41	9.31	9.35	3012676	28196280.00
2023/04/03	9.35	9.38	9.31	9.37	5144694	48066116.00
2023/04/04	9.36	9.37	9.23	9.28	6262434	58026352.00
2023/04/06	9.29	9.29	9.16	9.17	3728965	34275016.00
2023/04/07	9.14	9.21	9.14	9.17	2725927	25013642.00
2023/04/10	9.20	9.20	9.15	9.18	2932027	26908764.00
2023/04/11	9.20	9.20	9.10	9.11	3541600	32338926.00
2023/04/12	9.14	9.20	9.11	9.15	2780492	25422572.00
2023/04/13	9.19	9.36	9.17	9.29	7304254	67846248.00
2023/04/14	9.27	9.29	9.21	9.26	3168311	29292054.00
2023/04/17	9.26	9.43	9.23	9.41	5247942	49106124.00
2023/04/18	9.40	9.44	9.33	9.34	3216019	30116350.00
2023/04/19	9.35	9.37	9.19	9.19	3993700	36954408.00
2023/04/20	9.21	9.22	9.08	9.11	3590981	32692404.00
2023/04/21	9.13	9.14	9.00	9.00	3849110	34922476.00
2023/04/24	9.01	9.05	8.80	8.86	4434614	39374608.00
2023/04/25	8.96	8.97	8.60	8.67	5247700	45789608.00
2023/04/26	8.67	8.98	8.64	8.95	4550705	40439268.00
2023/04/27	9.01	9.09	8.90	9.03	4058116	36628236.00
2023/04/28	9.03	9.11	9.00	9.10	2989700	27129608.00
2023/05/05	9.10	9.10	9.10	9.10	0	0.00
数据来源:通达信
