688793 倍轻松 日线 不复权
      日期	    开盘	    最高	    最低	    收盘	    成交量	    成交额
2021/07/15	160.00	185.58	157.00	171.18	9677819	1620054656.00
2021/07/16	168.00	175.88	151.51	171.00	5697793	933730880.00
2021/07/19	169.00	169.00	138.05	139.99	3147461	489155712.00
2021/07/20	139.00	155.62	135.51	153.33	2414939	359728800.00
2021/07/21	154.60	155.26	144.16	150.30	2081921	310422464.00
2021/07/22	150.02	150.02	138.90	139.58	1384884	198072928.00
2021/07/23	138.90	139.98	119.98	128.13	2020443	257135296.00
2021/07/26	123.99	133.00	119.84	120.20	1743078	220215552.00
2021/07/27	118.00	128.00	115.60	115.98	1278034	156869008.00
2021/07/28	115.00	123.34	111.11	120.00	834112	99100488.00
2021/07/29	119.50	130.66	119.50	127.00	1292931	162461936.00
2021/07/30	123.45	125.76	114.50	121.40	856427	102592920.00
2021/08/02	121.00	121.00	115.12	118.47	593828	69725496.00
2021/08/03	118.99	138.00	117.85	129.63	1161760	150088976.00
2021/08/04	129.16	142.47	128.00	132.40	759741	101993128.00
2021/08/05	133.10	142.66	125.67	140.99	715872	95811000.00
2021/08/06	139.00	140.35	129.18	134.47	851286	115239568.00
2021/08/09	135.57	145.10	132.51	135.00	382294	53156824.00
2021/08/10	135.01	137.57	130.11	135.31	458151	61184008.00
2021/08/11	134.10	138.37	131.33	133.98	249003	33616604.00
2021/08/12	133.98	134.90	122.07	124.02	429990	54647960.00
2021/08/13	121.22	134.57	121.22	133.81	482699	63018196.00
2021/08/16	134.88	137.88	128.49	131.10	230623	30001196.00
2021/08/17	133.79	133.79	121.95	121.95	349448	43781428.00
2021/08/18	124.25	127.40	121.00	125.70	140742	17629184.00
2021/08/19	124.50	132.87	123.70	132.00	332594	42859880.00
2021/08/20	132.00	144.41	129.88	136.30	681223	92650464.00
2021/08/23	136.30	138.68	130.88	134.20	394857	53121140.00
2021/08/24	134.63	135.44	124.38	128.02	588217	75565592.00
2021/08/25	128.29	129.50	123.08	128.02	526872	66623496.00
2021/08/26	125.74	126.99	122.00	123.14	387763	48118964.00
2021/08/27	122.51	123.00	112.45	113.88	523969	60756684.00
2021/08/30	113.46	113.46	99.00	99.84	890091	92934496.00
2021/08/31	98.41	106.53	96.30	98.57	503378	51052236.00
2021/09/01	99.00	102.98	97.45	100.66	330380	33093524.00
2021/09/02	101.50	101.50	98.60	99.25	370218	36927012.00
2021/09/03	99.25	99.99	97.00	97.60	301380	29494378.00
2021/09/06	97.00	99.19	94.63	98.50	315740	30595868.00
2021/09/07	100.00	100.37	97.15	97.56	300854	29678218.00
2021/09/08	97.18	102.50	94.65	100.00	501022	49247016.00
2021/09/09	99.91	100.50	96.85	98.98	344503	34001184.00
2021/09/10	97.99	99.17	97.05	97.30	264505	25929592.00
2021/09/13	99.25	104.70	97.99	99.99	461678	46786856.00
2021/09/14	103.47	106.20	93.50	95.86	1079109	106021336.00
2021/09/15	95.00	95.45	90.10	91.58	354147	32853684.00
2021/09/16	91.58	94.52	90.45	91.10	506894	46713728.00
2021/09/17	88.10	102.97	88.10	97.80	752244	71904664.00
2021/09/22	95.80	101.00	89.53	91.80	634042	58080128.00
2021/09/23	91.98	92.70	89.01	89.83	312012	28149208.00
2021/09/24	89.99	91.33	88.50	89.00	309084	27739670.00
2021/09/27	89.88	95.99	89.03	94.74	468015	43617936.00
2021/09/28	91.91	94.95	91.00	93.04	288431	26865924.00
2021/09/29	94.44	96.79	89.55	90.00	356995	32980340.00
2021/09/30	90.02	95.70	89.00	94.59	394757	36631312.00
2021/10/08	97.78	99.48	95.10	97.12	307821	30065848.00
2021/10/11	99.00	101.50	97.52	97.80	319348	31820652.00
2021/10/12	97.32	98.81	94.00	94.60	222500	21251934.00
2021/10/13	95.49	99.80	95.00	97.50	266497	26098204.00
2021/10/14	97.05	101.48	97.02	99.98	267639	26746526.00
2021/10/15	101.00	106.59	100.23	105.98	556119	58188336.00
2021/10/18	105.00	105.85	101.20	102.03	279505	28918048.00
2021/10/19	102.50	103.48	98.03	100.30	226179	22630564.00
2021/10/20	101.00	103.59	95.07	103.00	612065	60145456.00
2021/10/21	101.02	102.00	97.10	97.50	293101	28879736.00
2021/10/22	97.00	99.97	97.00	97.04	254938	24979716.00
2021/10/25	96.49	98.43	93.23	95.01	254087	24135456.00
2021/10/26	94.94	97.00	94.05	96.40	209185	20104288.00
2021/10/27	94.59	95.75	92.02	92.30	269115	25348340.00
2021/10/28	96.03	96.04	86.76	87.36	518021	46639864.00
2021/10/29	84.85	89.69	84.85	88.32	261850	23097504.00
2021/11/01	89.83	93.98	86.88	91.89	334625	30562006.00
2021/11/02	93.55	95.12	89.00	89.89	198961	18317180.00
2021/11/03	89.64	93.90	89.64	90.04	264244	24145182.00
2021/11/04	91.50	95.00	90.26	94.25	367305	34212024.00
2021/11/05	94.50	95.87	93.00	93.40	225729	21306900.00
2021/11/08	93.96	94.50	91.85	92.27	263814	24563480.00
2021/11/09	93.88	94.83	91.68	92.66	315576	29395884.00
2021/11/10	92.00	99.66	92.00	99.34	535744	51489984.00
2021/11/11	98.00	100.78	98.00	98.90	309286	30733144.00
2021/11/12	97.12	113.28	97.12	107.32	870088	92641328.00
2021/11/15	108.01	111.99	104.00	108.98	591547	63867388.00
2021/11/16	109.66	112.88	107.01	110.50	581624	64208912.00
2021/11/17	109.20	112.00	106.89	109.80	453322	49413960.00
2021/11/18	111.04	116.00	104.90	105.28	714702	78108504.00
2021/11/19	105.00	107.86	103.66	104.69	343295	36078392.00
2021/11/22	104.79	107.32	103.44	105.00	413710	43376968.00
2021/11/23	104.97	108.00	100.20	106.85	765860	78775368.00
2021/11/24	106.80	106.80	102.01	104.00	297623	30804176.00
2021/11/25	105.89	109.00	103.60	104.01	423698	44923972.00
2021/11/26	104.05	106.66	101.00	105.99	418093	43496672.00
2021/11/29	103.88	105.30	101.56	102.10	401227	41203908.00
2021/11/30	102.00	103.57	101.05	101.82	263369	26852212.00
2021/12/01	101.50	101.83	98.52	99.76	321231	31980716.00
2021/12/02	100.19	100.70	94.56	94.84	385810	37312808.00
2021/12/03	95.08	97.76	94.02	94.75	301769	28835554.00
2021/12/06	95.60	95.60	90.86	91.60	481425	44540580.00
2021/12/07	93.90	93.90	87.58	89.19	970776	86827264.00
2021/12/08	90.31	98.54	89.50	96.60	951478	90241096.00
2021/12/09	98.54	102.01	95.51	100.22	600244	60083684.00
2021/12/10	100.29	106.00	100.22	104.66	656789	68184560.00
2021/12/13	104.90	106.87	101.18	103.80	291795	30101624.00
2021/12/14	104.16	106.49	102.51	104.83	360644	37681256.00
2021/12/15	105.00	105.99	100.73	100.83	408713	41702984.00
2021/12/16	101.99	102.65	100.00	100.40	141546	14319992.00
2021/12/17	99.70	100.78	96.00	96.00	297608	29041448.00
2021/12/20	97.88	99.50	95.34	96.59	158810	15414157.00
2021/12/21	96.80	98.05	94.36	95.40	185913	17711062.00
2021/12/22	94.70	96.58	94.61	96.00	180217	17199756.00
2021/12/23	95.13	95.73	91.00	92.30	474838	44142652.00
2021/12/24	92.70	94.02	91.28	92.49	212260	19624962.00
2021/12/27	92.48	99.85	91.10	99.50	644708	62093520.00
2021/12/28	98.51	102.58	98.50	100.49	724657	72883720.00
2021/12/29	100.52	103.50	99.50	102.80	509209	51832220.00
2021/12/30	102.53	103.99	98.12	98.50	606685	60944032.00
2021/12/31	100.88	107.94	100.00	104.50	930053	97491056.00
2022/01/04	106.50	109.68	99.53	101.86	771150	79127680.00
2022/01/05	101.50	102.61	98.23	101.01	423827	42552516.00
2022/01/06	101.00	101.50	96.69	97.30	447275	43926596.00
2022/01/07	98.00	99.57	93.27	93.27	658988	62918304.00
2022/01/10	93.20	96.73	92.08	95.50	568119	54019576.00
2022/01/11	94.99	95.83	91.79	92.06	397028	37093760.00
2022/01/12	92.01	93.97	91.10	92.33	364335	33710020.00
2022/01/13	92.97	94.68	91.13	93.68	370327	34540700.00
2022/01/14	92.00	94.49	91.16	92.00	388145	35857500.00
2022/01/17	92.60	96.72	91.00	94.81	581599	54640400.00
2022/01/18	94.00	95.50	91.05	91.88	540770	49723580.00
2022/01/19	91.82	91.82	86.83	89.01	514937	45714500.00
2022/01/20	88.58	89.22	85.22	86.00	392589	34160080.00
2022/01/21	85.77	86.86	84.80	86.78	285446	24409760.00
2022/01/24	86.78	87.73	85.50	86.90	219285	18989332.00
2022/01/25	86.90	86.90	84.30	85.75	223371	19082372.00
2022/01/26	84.71	86.70	80.00	82.80	489323	39985704.00
2022/01/27	82.94	86.19	80.13	83.05	615379	50909820.00
2022/01/28	83.00	83.00	77.57	78.40	632199	50361624.00
2022/02/07	78.88	79.30	74.20	74.35	436207	33152122.00
2022/02/08	74.20	76.00	73.21	74.40	202921	15081929.00
2022/02/09	74.50	76.37	74.11	75.90	300694	22683004.00
2022/02/10	76.16	76.30	74.03	74.03	179549	13425103.00
2022/02/11	73.66	74.50	68.61	69.94	759459	53257072.00
2022/02/14	68.14	70.50	66.69	70.00	503413	34360776.00
2022/02/15	70.00	71.97	68.31	70.66	461734	32560924.00
2022/02/16	73.39	73.88	69.32	71.70	443247	31860548.00
2022/02/17	72.78	72.93	71.44	71.82	271332	19585424.00
2022/02/18	70.60	71.49	69.50	70.17	205947	14462989.00
2022/02/21	69.88	72.19	69.88	71.70	231425	16524607.00
2022/02/22	71.06	71.60	68.21	68.22	411973	28684144.00
2022/02/23	69.00	72.48	68.88	71.50	395810	28072672.00
2022/02/24	70.64	71.49	67.20	68.49	358651	24790380.00
2022/02/25	68.98	71.20	68.98	70.15	197047	13848894.00
2022/02/28	69.80	73.37	67.94	72.00	486610	34757204.00
2022/03/01	72.20	72.20	68.80	69.83	601083	42142576.00
2022/03/02	71.19	71.19	68.43	68.80	212757	14624062.00
2022/03/03	69.80	69.80	67.27	67.89	332140	22579428.00
2022/03/04	67.50	68.80	67.21	68.02	180977	12308724.00
2022/03/07	69.55	69.55	63.58	64.28	470975	30697668.00
2022/03/08	63.83	64.36	59.21	60.39	816544	49821836.00
2022/03/09	60.50	61.86	58.13	59.80	343578	20559568.00
2022/03/10	61.00	61.56	58.80	59.08	305300	18263536.00
2022/03/11	59.00	59.47	56.30	59.24	425566	24512674.00
2022/03/14	58.00	58.97	55.20	55.76	455432	25653346.00
2022/03/15	55.03	55.80	51.23	52.31	558780	30218446.00
2022/03/16	54.00	54.31	51.50	53.37	345861	18252640.00
2022/03/17	54.32	57.36	54.31	56.10	454464	25422552.00
2022/03/18	56.23	56.23	54.86	55.11	318651	17577376.00
2022/03/21	56.68	56.68	55.12	56.35	380145	21293960.00
2022/03/22	56.99	56.99	54.35	55.16	251685	13869231.00
2022/03/23	55.49	56.99	54.75	56.26	417337	23381460.00
2022/03/24	56.27	56.27	54.34	54.61	379661	20838104.00
2022/03/25	55.20	58.80	55.03	55.59	658330	37443088.00
2022/03/28	54.80	55.38	53.01	54.13	273773	14895896.00
2022/03/29	54.14	54.76	52.00	52.75	298993	15855040.00
2022/03/30	51.88	54.67	51.88	54.62	323680	17377454.00
2022/03/31	54.30	55.05	53.17	53.80	336498	18228460.00
2022/04/01	53.26	53.30	51.71	52.47	335734	17581280.00
2022/04/06	52.45	54.47	52.06	53.17	533014	28545532.00
2022/04/07	52.31	53.10	50.91	51.06	254777	13180264.00
2022/04/08	50.67	51.69	49.00	50.15	292102	14564573.00
2022/04/11	50.06	50.77	48.52	48.52	275995	13631577.00
2022/04/12	48.00	50.21	47.28	50.08	296885	14381704.00
2022/04/13	49.74	49.79	48.36	48.56	215164	10548617.00
2022/04/14	48.28	50.47	48.28	49.50	238090	11698542.00
2022/04/15	49.98	52.85	48.01	51.11	679667	34824760.00
2022/04/18	51.11	51.11	49.08	49.67	442592	21954430.00
2022/04/19	49.11	49.79	47.90	48.20	265950	12971062.00
2022/04/20	48.50	50.48	47.83	48.96	308422	15222120.00
2022/04/21	49.29	53.28	49.28	50.77	729959	37789528.00
2022/04/22	50.30	56.00	48.00	55.14	1124519	58757640.00
2022/04/25	50.00	50.44	44.11	44.11	1115729	51594404.00
2022/04/26	41.50	46.15	38.75	44.20	1244644	52719772.00
2022/04/27	43.00	45.79	40.11	44.93	912058	40424476.00
2022/04/28	44.01	44.48	40.15	43.05	861534	36276452.00
2022/04/29	42.37	49.70	41.99	47.22	953124	44583488.00
2022/05/05	47.31	49.46	47.00	48.77	409844	19911528.00
2022/05/06	48.10	50.32	46.60	47.00	488283	23634058.00
2022/05/09	46.89	48.49	46.60	48.09	230624	11054837.00
2022/05/10	46.90	49.40	46.90	49.00	288514	14070058.00
2022/05/11	48.06	50.79	48.06	49.00	278010	13864864.00
2022/05/12	49.36	51.83	48.50	50.52	433070	21864772.00
2022/05/13	50.53	51.49	49.35	49.89	251203	12561453.00
2022/05/16	51.01	51.05	48.39	48.92	168507	8311290.00
2022/05/17	48.74	48.91	47.10	48.00	136982	6556964.00
2022/05/18	47.55	48.86	47.55	47.87	117079	5625703.00
2022/05/19	47.49	47.85	46.31	46.58	188419	8861649.00
2022/05/20	46.84	48.22	46.76	47.78	291185	13902316.00
2022/05/23	47.79	49.85	47.61	49.26	254231	12372903.00
2022/05/24	49.26	49.29	45.14	45.36	373692	17590592.00
2022/05/25	46.20	46.36	44.51	45.00	169252	7628968.00
2022/05/26	45.45	48.50	45.20	45.85	256148	11923392.00
2022/05/27	46.30	47.05	45.11	45.85	248789	11464666.00
2022/05/30	45.99	54.30	45.41	54.30	1402024	72029136.00
2022/05/31	56.00	65.16	55.90	65.16	2264779	138334112.00
2022/06/01	68.00	73.98	62.15	63.99	3557204	237270208.00
2022/06/02	63.50	67.66	59.10	65.00	2782766	174604544.00
2022/06/06	64.73	66.60	62.01	65.50	2330921	149105456.00
2022/06/07	64.66	64.66	60.00	62.17	1546413	96064736.00
2022/06/08	62.15	62.15	58.18	60.08	1102036	65910784.00
2022/06/09	59.98	59.98	55.40	56.15	1049551	59734660.00
2022/06/10	55.92	57.00	55.01	56.30	584476	32996648.00
2022/06/13	56.14	57.08	55.02	56.76	625028	34995268.00
2022/06/14	56.71	56.90	54.00	54.96	657079	35873552.00
2022/06/15	54.39	55.48	54.09	54.27	597946	32777980.00
2022/06/16	55.00	57.96	53.80	56.75	1377602	77824800.00
2022/06/17	57.00	57.30	53.51	54.41	1149286	63303548.00
2022/06/20	55.18	58.91	54.41	56.77	1156648	66190296.00
2022/06/21	56.90	59.39	55.85	57.68	971816	56179824.00
2022/06/22	57.71	57.72	52.80	53.70	1212433	66242176.00
2022/06/23	53.01	54.47	52.21	53.40	549230	29176924.00
2022/06/24	54.28	56.43	53.21	54.70	898076	49486200.00
2022/06/27	55.75	56.60	54.32	54.45	530104	29170666.00
2022/06/28	54.06	55.43	51.84	54.54	680099	36146256.00
2022/06/29	53.92	57.00	53.32	54.68	1006712	56096788.00
2022/06/30	54.90	62.08	54.90	59.01	1548798	91823128.00
2022/07/01	60.00	61.00	55.82	56.40	1007349	58064472.00
2022/07/04	55.61	55.99	53.77	53.98	669500	36473792.00
2022/07/05	54.20	54.47	52.32	53.32	621725	32909348.00
2022/07/06	52.52	53.34	52.12	52.80	379307	19971500.00
2022/07/07	52.00	52.06	49.51	49.70	800686	40229360.00
2022/07/08	49.80	50.81	49.61	49.72	337983	16963208.00
2022/07/11	49.02	51.10	48.62	49.86	446170	22266062.00
2022/07/12	49.37	50.06	47.56	47.67	382666	18462966.00
2022/07/13	48.80	48.80	47.47	48.32	325448	15686056.00
2022/07/14	48.80	51.10	48.80	49.29	367804	18319292.00
2022/07/15	49.56	50.31	48.00	48.11	596577	29241028.00
2022/07/18	47.55	48.95	47.05	48.11	664884	31998638.00
2022/07/19	48.10	48.70	46.40	48.26	612202	29114138.00
2022/07/20	48.26	49.59	47.91	49.27	751033	36770392.00
2022/07/21	49.11	51.26	48.68	50.44	957371	47935452.00
2022/07/22	50.41	50.49	47.81	47.96	628810	30582732.00
2022/07/25	47.93	48.52	46.86	47.02	304191	14441063.00
2022/07/26	47.02	48.55	46.59	47.66	214507	10162493.00
2022/07/27	47.99	48.68	47.30	47.88	247763	11834757.00
2022/07/28	47.88	51.16	47.88	49.01	711355	35421980.00
2022/07/29	49.88	49.88	47.00	47.30	465739	22288776.00
2022/08/01	46.93	48.60	46.15	47.50	460402	21814080.00
2022/08/02	46.83	46.83	42.32	43.50	1270586	55943576.00
2022/08/03	43.50	45.75	43.36	43.63	880949	39333300.00
2022/08/04	44.58	44.73	43.33	44.08	440813	19429870.00
2022/08/05	43.50	46.80	43.50	46.63	772444	35407384.00
2022/08/08	46.63	47.20	45.41	45.98	505711	23200444.00
2022/08/09	45.99	45.99	45.01	45.50	512774	23223892.00
2022/08/10	45.10	46.46	44.01	44.59	676313	30321568.00
2022/08/11	45.00	46.85	45.00	46.29	872117	40168116.00
2022/08/12	46.90	46.90	44.88	44.93	604686	27381730.00
2022/08/15	44.90	45.39	44.02	45.39	531491	23732168.00
2022/08/16	45.47	45.64	44.67	44.91	407316	18329608.00
2022/08/17	45.16	45.60	44.13	45.21	422170	18937698.00
2022/08/18	44.43	46.47	44.17	46.01	716312	32573744.00
2022/08/19	46.01	47.09	44.16	44.16	755159	34430012.00
2022/08/22	41.49	43.49	40.59	41.47	977189	40637112.00
2022/08/23	41.45	42.23	40.20	40.56	744311	30447720.00
2022/08/24	40.56	40.70	38.86	39.06	730126	28846050.00
2022/08/25	39.45	39.45	37.97	38.31	516962	19890086.00
2022/08/26	38.31	39.43	37.76	37.95	420959	16223509.00
2022/08/29	37.50	38.59	36.80	38.43	308035	11694480.00
2022/08/30	38.59	39.95	37.97	38.57	345116	13358394.00
2022/08/31	38.72	39.62	37.80	38.60	600881	23332792.00
2022/09/01	39.01	39.30	37.72	37.80	536538	20594860.00
2022/09/02	37.99	38.28	37.77	37.97	200262	7610705.00
2022/09/05	37.92	38.30	36.55	36.85	344387	12757902.00
2022/09/06	36.98	36.98	36.22	36.89	362410	13261042.00
2022/09/07	36.32	37.47	36.32	37.01	270788	10025242.00
2022/09/08	37.01	37.06	36.31	36.31	283931	10364929.00
2022/09/09	36.57	37.24	36.13	36.57	293082	10731852.00
2022/09/13	36.63	39.50	36.45	37.76	685846	26067016.00
2022/09/14	36.77	38.88	36.77	38.62	598971	22765304.00
2022/09/15	38.48	39.70	38.38	38.69	713049	27640716.00
2022/09/16	38.69	39.50	37.23	37.26	583883	22487628.00
2022/09/19	37.49	37.67	35.41	35.90	529798	19262648.00
2022/09/20	36.30	37.73	35.60	36.37	463676	16984706.00
2022/09/21	36.43	36.43	35.40	36.32	390540	14032100.00
2022/09/22	36.00	36.95	35.55	35.78	225310	8143958.00
2022/09/23	35.98	36.17	33.83	34.28	372328	12986419.00
2022/09/26	34.20	36.88	33.67	35.90	1012011	36393888.00
2022/09/27	36.44	39.95	35.92	39.54	1230332	46910540.00
2022/09/28	40.05	42.40	39.50	40.01	1773218	73313448.00
2022/09/29	42.01	42.01	38.30	38.45	722441	28394532.00
2022/09/30	38.46	40.66	38.03	38.22	505669	19696458.00
2022/10/10	38.23	38.97	36.00	36.41	376789	13988922.00
2022/10/11	36.25	37.02	35.05	36.39	277294	10010100.00
2022/10/12	36.33	39.26	35.50	39.22	383498	14541454.00
2022/10/13	39.21	39.80	38.21	39.14	314825	12286146.00
2022/10/14	39.15	40.23	38.75	39.43	418613	16619095.00
2022/10/17	39.30	41.39	39.12	39.90	427156	17106400.00
2022/10/18	40.77	40.77	39.12	39.25	401836	15836713.00
2022/10/19	39.25	39.88	38.01	38.32	373131	14452633.00
2022/10/20	38.51	39.74	37.63	38.88	415988	16118291.00
2022/10/21	39.60	40.09	37.78	38.68	365025	14022400.00
2022/10/24	39.30	39.30	36.65	36.82	447712	16821304.00
2022/10/25	36.82	37.28	36.01	36.47	243184	8896442.00
2022/10/26	36.46	38.33	36.18	37.86	359352	13506719.00
2022/10/27	37.23	38.49	37.23	37.96	354416	13406661.00
2022/10/28	38.58	38.58	35.30	35.34	392396	14279846.00
2022/10/31	35.00	37.05	33.92	36.22	452409	16298005.00
2022/11/01	36.00	42.40	36.00	41.74	1032819	40720184.00
2022/11/02	41.60	46.50	41.03	44.37	2046723	90607792.00
2022/11/03	44.57	47.60	42.90	47.00	2279350	103382992.00
2022/11/04	47.72	52.00	45.48	49.60	1836424	90716232.00
2022/11/07	48.88	50.45	47.41	47.73	1430335	69547072.00
2022/11/08	48.00	48.01	44.60	45.49	1409238	64376248.00
2022/11/09	46.37	46.37	43.96	44.31	1101168	49178548.00
2022/11/10	44.30	45.22	43.15	44.76	1110652	49261672.00
2022/11/11	48.00	48.60	45.43	47.80	1785016	84338120.00
2022/11/14	47.70	49.97	44.71	45.01	1473460	69217344.00
2022/11/15	46.00	46.10	44.15	45.14	875864	39358544.00
2022/11/16	45.22	46.24	44.25	45.00	782602	35275732.00
2022/11/17	45.00	45.50	43.65	44.46	1075694	47452172.00
2022/11/18	44.25	45.45	43.14	43.25	946511	41527776.00
2022/11/21	42.70	43.80	41.18	41.99	933903	39069920.00
2022/11/22	42.77	42.89	41.07	41.22	704674	29446280.00
2022/11/23	41.22	41.58	39.09	40.41	930756	37185600.00
2022/11/24	40.96	41.30	39.54	40.30	653109	26345190.00
2022/11/25	40.71	42.14	40.01	41.75	1002785	41224424.00
2022/11/28	40.80	43.25	40.66	42.42	838638	35390652.00
2022/11/29	42.30	46.39	42.30	45.21	1209164	53988664.00
2022/11/30	46.20	46.20	42.80	44.14	1025461	45186972.00
2022/12/01	46.60	51.17	45.89	46.17	2304365	111007440.00
2022/12/02	45.45	48.99	45.45	48.45	1609495	76522568.00
2022/12/05	49.20	58.00	47.01	55.83	3807988	201849536.00
2022/12/06	55.80	61.19	54.00	57.50	3504646	201862368.00
2022/12/07	57.50	59.23	55.50	58.51	2121570	122311912.00
2022/12/08	59.00	59.00	53.53	53.65	1975711	108528480.00
2022/12/09	54.14	54.48	52.10	53.05	1124354	59680720.00
2022/12/12	52.08	53.37	50.80	51.78	1265714	65496964.00
2022/12/13	52.00	53.07	50.51	52.46	1270661	66270808.00
2022/12/14	51.51	56.55	51.00	56.15	1752641	95639024.00
2022/12/15	56.00	56.00	53.00	54.70	1025904	55535760.00
2022/12/16	53.13	54.00	52.08	52.48	667613	35308176.00
2022/12/19	52.48	52.84	50.88	51.36	378753	19477380.00
2022/12/20	52.52	52.52	49.50	50.11	660422	33164438.00
2022/12/21	50.11	51.25	49.51	49.99	533820	26731640.00
2022/12/22	50.58	53.70	49.93	51.41	1057588	55110088.00
2022/12/23	50.38	53.72	50.01	53.44	1400063	73730488.00
2022/12/26	52.56	53.35	51.00	51.00	876680	45402304.00
2022/12/27	51.97	53.20	50.78	52.49	828709	43296488.00
2022/12/28	52.60	52.89	50.53	51.90	587022	30373728.00
2022/12/29	51.31	52.50	49.62	49.77	708153	35943388.00
2022/12/30	49.70	50.69	48.70	49.03	686040	33890324.00
2023/01/03	49.03	50.49	46.85	47.44	1030663	49456144.00
2023/01/04	48.00	49.24	47.27	48.98	891449	43317216.00
2023/01/05	49.08	52.08	48.88	51.81	950972	48066896.00
2023/01/06	52.80	52.80	50.53	51.75	1147615	59395036.00
2023/01/09	51.75	52.06	49.70	50.07	1247601	62950736.00
2023/01/10	50.82	50.82	49.03	49.84	833039	41334264.00
2023/01/11	49.61	49.91	47.00	47.28	998727	48073408.00
2023/01/12	47.25	47.59	46.08	46.49	512400	24006460.00
2023/01/13	47.09	53.70	46.06	53.44	1867974	94714760.00
2023/01/16	52.69	55.28	52.10	54.12	1192543	64406524.00
2023/01/17	53.97	54.18	53.00	54.11	525481	28210392.00
2023/01/18	53.84	54.42	51.64	51.68	620173	32571504.00
2023/01/19	52.28	52.57	50.81	51.38	392753	20181318.00
2023/01/20	51.66	51.66	49.95	51.20	577966	29287216.00
2023/01/30	51.52	51.72	49.23	49.52	1165388	58858928.00
2023/01/31	49.06	49.88	48.32	48.87	633393	31027046.00
2023/02/01	49.28	51.93	48.63	51.35	1108637	56227068.00
2023/02/02	50.99	51.94	50.30	50.94	656619	33424204.00
2023/02/03	50.94	51.35	49.28	50.03	742734	37146644.00
2023/02/06	49.54	50.02	48.34	49.00	602610	29578850.00
2023/02/07	49.45	50.08	48.83	49.93	465798	23094400.00
2023/02/08	49.93	50.69	48.90	48.92	459959	22722548.00
2023/02/09	48.63	51.59	48.53	51.07	824795	41713008.00
2023/02/10	52.00	52.49	50.05	50.32	587215	29867862.00
2023/02/13	50.09	54.68	50.09	53.18	1321104	70189328.00
2023/02/14	53.45	56.19	52.80	54.04	1003688	54822256.00
2023/02/15	54.08	55.59	53.31	54.35	1024717	55653784.00
2023/02/16	54.58	54.58	50.52	50.82	778448	40834108.00
2023/02/17	50.92	52.14	50.33	50.63	784507	40103992.00
2023/02/20	50.89	58.58	49.89	57.34	2046332	112342664.00
2023/02/21	58.15	58.50	56.40	57.51	1369003	78496344.00
2023/02/22	57.80	57.80	55.35	55.94	861817	48209124.00
2023/02/23	55.64	57.81	54.51	55.19	710053	39507440.00
2023/02/24	54.95	55.85	53.03	53.39	1017846	54917284.00
2023/02/27	53.08	54.70	52.71	53.83	841769	45203500.00
2023/02/28	53.64	54.50	52.59	54.46	689940	37059760.00
2023/03/01	54.22	55.48	53.50	54.90	697571	38089240.00
2023/03/02	54.62	55.63	53.00	53.20	581457	31281782.00
2023/03/03	53.60	53.80	52.41	53.71	590505	31400868.00
2023/03/06	53.90	54.67	52.88	54.31	486445	26238296.00
2023/03/07	54.20	55.00	51.72	51.90	580757	30862588.00
2023/03/08	51.95	52.47	50.90	51.59	556675	28628316.00
2023/03/09	51.79	52.34	50.64	51.80	338053	17355588.00
2023/03/10	51.01	51.23	49.71	50.80	444533	22462568.00
2023/03/13	50.77	53.20	49.89	52.60	659072	34008764.00
2023/03/14	53.00	53.08	52.00	52.61	429468	22532486.00
2023/03/15	52.56	53.50	52.11	52.81	384030	20282588.00
2023/03/16	52.81	52.89	51.40	52.36	412493	21554188.00
2023/03/17	52.36	52.96	51.23	51.67	334859	17376902.00
2023/03/20	51.47	52.65	51.09	51.46	326143	16926004.00
2023/03/21	52.98	53.28	50.70	52.94	713474	37185704.00
2023/03/22	53.53	53.96	52.70	52.88	564798	29993724.00
2023/03/23	52.88	55.00	52.83	53.99	982255	53011408.00
2023/03/24	53.23	55.99	53.23	54.20	748994	40944880.00
2023/03/27	54.98	55.40	53.21	54.80	992377	54075784.00
2023/03/28	54.22	55.80	53.04	53.33	1106712	60156604.00
2023/03/29	53.23	53.44	50.76	50.77	671909	34667152.00
2023/03/30	50.75	53.10	50.04	52.34	734621	38099624.00
2023/03/31	52.43	53.00	50.40	51.50	549080	28147330.00
2023/04/03	51.98	52.20	50.92	51.96	533039	27539172.00
2023/04/04	51.30	53.50	51.30	51.65	518309	26962304.00
2023/04/06	51.02	53.38	51.02	51.26	494457	25763942.00
2023/04/07	51.20	52.79	51.20	52.41	416533	21737828.00
2023/04/10	51.69	52.39	49.75	50.05	632134	32154944.00
2023/04/11	49.53	50.20	46.78	47.20	1098273	52744976.00
2023/04/12	47.49	47.82	46.21	46.78	603008	28185306.00
2023/04/13	47.08	47.18	45.11	46.64	793654	36585372.00
2023/04/14	46.75	47.99	46.05	46.90	590697	27762430.00
2023/04/17	46.63	48.68	46.46	48.20	797980	38255396.00
2023/04/18	47.67	48.05	46.60	46.95	491366	23106004.00
2023/04/19	47.26	48.13	46.75	47.86	427542	20373908.00
2023/04/20	47.86	47.88	45.95	46.10	471765	21889814.00
2023/04/21	46.05	47.17	45.30	45.30	570240	26223170.00
2023/04/24	46.11	49.89	45.62	48.04	1719259	83129960.00
2023/04/25	47.47	49.65	46.12	46.88	829546	39488936.00
2023/04/26	47.60	47.60	45.18	46.25	803215	36939268.00
2023/04/27	46.95	48.28	45.25	47.32	503920	23688190.00
2023/04/28	47.31	48.26	46.50	47.54	623233	29507988.00
2023/05/05	47.00	47.00	47.00	47.00	0	0.00
数据来源:通达信
