605567 春雪食品 日线 不复权
      日期	    开盘	    最高	    最低	    收盘	    成交量	    成交额
2021/10/13	14.16	16.99	14.16	16.99	1112759	18863280.00
2021/10/14	18.69	18.69	18.69	18.69	1017570	19018384.00
2021/10/15	20.56	20.56	18.69	20.10	32872844	662807232.00
2021/10/18	18.09	18.09	18.09	18.09	1794200	32457078.00
2021/10/19	16.50	18.27	16.50	17.12	23044521	395591936.00
2021/10/20	16.45	16.66	15.91	16.09	19279698	312673728.00
2021/10/21	15.88	16.55	15.73	16.30	16734316	270316544.00
2021/10/22	16.04	16.96	15.88	16.17	15572257	254917936.00
2021/10/25	16.46	16.68	15.90	16.22	14011083	228181168.00
2021/10/26	16.02	16.40	15.52	15.52	13315207	213417904.00
2021/10/27	15.16	15.27	14.46	14.53	12716100	188061152.00
2021/10/28	14.31	15.20	14.22	14.74	12006187	176522704.00
2021/10/29	14.52	15.46	14.41	14.85	12253689	183313248.00
2021/11/01	14.66	15.17	14.41	14.85	9853737	146353264.00
2021/11/02	14.99	15.76	14.84	15.40	15649145	238981792.00
2021/11/03	15.18	15.74	15.02	15.28	13404832	205856224.00
2021/11/04	15.13	16.33	15.13	15.93	16868617	266294336.00
2021/11/05	15.76	16.31	15.60	16.00	14487919	230446912.00
2021/11/08	15.76	15.81	15.08	15.28	10930071	167967952.00
2021/11/09	15.21	16.75	15.20	15.88	11306723	179690160.00
2021/11/10	15.77	16.10	15.52	15.93	7586944	119665000.00
2021/11/11	15.95	16.00	15.55	15.61	6793744	106734544.00
2021/11/12	16.00	16.97	15.83	15.88	12271683	198012864.00
2021/11/15	15.72	16.40	15.72	16.24	13217977	213048064.00
2021/11/16	16.12	16.90	16.03	16.36	13254917	216545088.00
2021/11/17	16.11	16.25	15.82	16.09	8729859	139741760.00
2021/11/18	16.14	16.23	15.61	15.61	7858223	124944224.00
2021/11/19	15.50	15.68	15.14	15.50	7147931	110177648.00
2021/11/22	15.58	15.86	15.43	15.65	5709316	89323600.00
2021/11/23	15.64	15.75	15.35	15.41	5034028	77790488.00
2021/11/24	15.46	15.68	15.28	15.65	5811462	90178560.00
2021/11/25	15.65	15.97	15.61	15.78	6384021	100642024.00
2021/11/26	15.71	15.73	15.20	15.21	6608423	101832824.00
2021/11/29	14.98	15.39	14.86	15.22	3680439	55729172.00
2021/11/30	15.25	15.35	14.85	14.94	5031245	75726392.00
2021/12/01	14.95	15.10	14.87	15.08	2925336	43897996.00
2021/12/02	15.00	15.22	14.93	14.98	3837322	57890852.00
2021/12/03	14.93	15.08	14.92	15.05	2677319	40216872.00
2021/12/06	15.08	16.56	14.90	15.56	7678429	118062048.00
2021/12/07	15.60	17.12	15.40	17.12	16494234	270632448.00
2021/12/08	17.12	17.60	16.69	16.88	19599559	335430016.00
2021/12/09	16.50	17.25	16.44	16.60	14768516	247928496.00
2021/12/10	16.52	17.23	16.43	17.00	13019155	220002752.00
2021/12/13	17.00	17.03	16.50	16.70	9246648	154479536.00
2021/12/14	16.56	18.22	16.43	17.51	17580530	306438144.00
2021/12/15	17.21	17.36	16.80	17.06	10294271	175149104.00
2021/12/16	16.85	17.35	16.00	16.88	9777058	164290080.00
2021/12/17	16.80	16.99	16.23	16.23	8535167	140165376.00
2021/12/20	16.02	16.46	16.02	16.30	5039003	82165792.00
2021/12/21	16.16	16.62	16.16	16.57	5793103	95065944.00
2021/12/22	16.55	16.84	16.35	16.56	6157025	102011328.00
2021/12/23	16.42	17.20	16.42	16.63	10260620	172334976.00
2021/12/24	16.49	18.00	16.40	17.10	17628648	301690144.00
2021/12/27	17.01	18.49	16.55	17.97	19524142	339079168.00
2021/12/28	17.57	17.70	17.18	17.30	12897076	224104144.00
2021/12/29	17.42	18.35	17.39	17.60	15327152	272674400.00
2021/12/30	17.50	19.36	17.19	19.36	18230267	335236256.00
2021/12/31	19.36	21.30	18.71	21.30	19498890	390003392.00
2022/01/04	21.50	23.43	20.74	23.43	20456004	461555584.00
2022/01/05	25.70	25.77	21.17	22.80	40713043	998957440.00
2022/01/06	20.52	20.52	20.52	20.52	2741500	56255580.00
2022/01/07	18.84	20.29	18.68	19.21	28914350	555898048.00
2022/01/10	18.79	20.50	18.62	19.63	21765108	427942400.00
2022/01/11	20.12	20.20	18.91	19.09	16079027	309780256.00
2022/01/12	19.10	21.00	19.10	21.00	19688256	396951456.00
2022/01/13	22.00	23.10	21.70	23.10	22885283	515567296.00
2022/01/14	24.00	25.41	22.55	22.87	37293261	910290944.00
2022/01/17	22.03	24.98	21.55	23.80	28079324	645227584.00
2022/01/18	22.75	22.98	21.42	21.42	13480052	292363200.00
2022/01/19	20.20	21.39	19.82	20.43	19579740	400807392.00
2022/01/20	20.60	21.36	20.30	20.73	16572307	344098240.00
2022/01/21	20.11	20.13	18.67	18.98	14807696	284567872.00
2022/01/24	18.71	19.32	18.15	18.63	10426323	195332224.00
2022/01/25	18.36	18.60	17.30	17.52	10128597	180973264.00
2022/01/26	17.61	17.94	16.79	16.94	7186165	122987344.00
2022/01/27	16.20	16.68	15.96	16.03	7230474	117648888.00
2022/01/28	16.27	16.53	16.05	16.05	5889998	95772616.00
2022/02/07	16.06	16.37	15.65	16.00	5534017	88469120.00
2022/02/08	16.07	16.36	15.81	16.22	5800060	93458752.00
2022/02/09	16.40	16.66	16.13	16.55	10355371	169936416.00
2022/02/10	16.38	17.18	16.32	17.12	14018006	234127328.00
2022/02/11	16.84	16.87	15.89	15.99	11482308	187385104.00
2022/02/14	15.51	16.18	15.50	15.74	6898045	108997152.00
2022/02/15	15.74	16.05	15.30	15.78	7725901	120821888.00
2022/02/16	15.76	15.97	15.61	15.90	5906009	93412040.00
2022/02/17	15.94	16.06	15.62	15.73	5790555	91523288.00
2022/02/18	15.62	15.87	15.53	15.73	4290276	67422232.00
2022/02/21	15.73	16.03	15.63	15.96	5263387	83567072.00
2022/02/22	15.79	15.96	15.43	15.55	5944144	92976184.00
2022/02/23	15.60	15.76	15.47	15.69	4787639	74833904.00
2022/02/24	15.56	15.86	14.91	15.21	8203198	126071064.00
2022/02/25	15.28	15.75	15.21	15.42	6170898	95832832.00
2022/02/28	15.49	15.84	14.98	15.68	5479386	84476488.00
2022/03/01	15.59	16.06	15.57	16.01	8030925	127596576.00
2022/03/02	15.88	16.26	15.80	16.18	7907000	127350224.00
2022/03/03	16.19	16.25	15.94	16.06	5568129	89414384.00
2022/03/04	16.00	16.21	15.85	15.97	5557957	89020560.00
2022/03/07	15.92	16.18	15.52	16.05	6157629	98384408.00
2022/03/08	16.07	16.15	15.13	15.19	7800994	121432936.00
2022/03/09	15.25	15.27	14.00	14.60	7073276	103603504.00
2022/03/10	14.80	15.68	14.70	15.27	9313902	142049520.00
2022/03/11	15.09	16.09	14.88	16.06	11997522	188365344.00
2022/03/14	16.21	16.71	15.98	16.17	13876129	225953360.00
2022/03/15	15.85	16.38	15.07	15.17	11010817	175197104.00
2022/03/16	15.38	15.50	14.00	14.76	11570529	168865472.00
2022/03/17	14.82	16.24	14.76	16.24	6720200	106460840.00
2022/03/18	16.26	17.00	16.00	16.49	18146529	300319360.00
2022/03/21	16.45	18.14	16.18	17.94	21846058	380954592.00
2022/03/22	17.35	17.45	16.70	16.91	15167710	259067936.00
2022/03/23	17.04	17.20	16.50	16.67	9201535	154095840.00
2022/03/24	16.60	17.67	16.50	17.02	13005952	221947648.00
2022/03/25	16.86	18.72	16.61	17.91	18164295	318738880.00
2022/03/28	17.86	19.55	17.25	18.80	20886982	378975424.00
2022/03/29	18.35	18.98	17.87	17.99	16542934	305417696.00
2022/03/30	17.61	17.92	17.10	17.65	11885348	206909952.00
2022/03/31	17.44	17.56	16.76	16.95	10075063	172693616.00
2022/04/01	16.81	17.28	16.62	16.85	7306537	123716464.00
2022/04/06	17.11	18.54	16.99	18.00	14666375	262559264.00
2022/04/07	17.80	18.19	16.90	16.99	11262381	196672448.00
2022/04/08	17.04	17.17	15.51	15.69	11662490	187290672.00
2022/04/11	15.82	16.87	15.69	16.17	10652239	174157424.00
2022/04/12	16.18	16.35	15.54	16.30	7436625	117804952.00
2022/04/13	16.32	16.94	15.72	16.30	9808528	160156304.00
2022/04/14	16.10	16.80	15.70	16.60	8714086	142612128.00
2022/04/15	16.30	17.70	16.19	17.55	16090203	276334208.00
2022/04/18	17.56	18.90	17.56	17.61	18813308	340487904.00
2022/04/19	17.49	18.48	17.21	18.00	14866340	266582464.00
2022/04/20	17.64	19.45	17.59	18.79	21748681	403662880.00
2022/04/21	18.27	19.79	17.60	19.01	23901849	446350432.00
2022/04/22	18.30	18.58	17.11	17.11	16444194	293901120.00
2022/04/25	16.43	16.43	15.40	15.40	13079729	205474016.00
2022/04/26	15.20	15.38	14.07	14.52	10330000	152824736.00
2022/04/27	14.17	14.59	13.42	14.49	10716823	149900128.00
2022/04/28	14.15	14.46	13.14	13.40	9742994	133011576.00
2022/04/29	13.36	14.19	13.32	14.06	8466416	118103744.00
2022/05/05	14.08	15.10	14.08	14.76	7516700	109981184.00
2022/05/06	14.36	15.30	14.31	14.96	8288009	123818728.00
2022/05/09	14.95	15.25	14.70	14.95	5725358	85451248.00
2022/05/10	14.69	15.09	14.48	15.00	5271358	78174464.00
2022/05/11	14.96	15.20	14.72	14.84	6339958	94853376.00
2022/05/12	14.63	14.99	14.38	14.75	5023723	73710408.00
2022/05/13	14.71	14.90	14.38	14.54	3657900	53301744.00
2022/05/16	14.53	14.98	14.53	14.69	5648362	83362560.00
2022/05/17	14.69	14.72	14.20	14.35	4717078	67651072.00
2022/05/18	14.34	14.57	14.28	14.40	3808803	55041908.00
2022/05/19	14.38	14.45	14.07	14.31	4442600	63161832.00
2022/05/20	14.33	14.58	14.27	14.37	4191481	60316360.00
2022/05/23	14.43	14.82	14.38	14.78	7244159	106125304.00
2022/05/24	14.80	16.26	14.21	15.71	18755719	285087040.00
2022/05/25	15.20	16.00	14.82	15.57	15107699	234296352.00
2022/05/26	15.56	15.57	15.10	15.23	8069159	122964520.00
2022/05/27	15.24	15.31	14.77	15.04	7363584	110528168.00
2022/05/30	15.00	15.22	14.95	15.09	4867304	73364928.00
2022/05/31	15.00	15.49	14.93	15.29	7434884	113657112.00
2022/06/01	15.18	15.56	14.94	15.09	6487219	98804176.00
2022/06/02	15.11	15.15	14.73	15.10	5535263	82784696.00
2022/06/06	15.03	15.28	15.03	15.25	4638700	70364320.00
2022/06/07	15.19	15.52	14.92	15.30	7461122	113778624.00
2022/06/08	15.30	15.30	14.78	14.96	6376148	95780096.00
2022/06/09	14.93	15.09	14.58	14.71	4922078	72949152.00
2022/06/10	14.65	14.85	14.51	14.72	3532609	51993152.00
2022/06/13	14.55	14.94	14.55	14.86	3776400	55981368.00
2022/06/14	14.94	15.50	14.82	15.26	8350881	126908128.00
2022/06/15	15.09	15.35	15.05	15.08	6526523	98856744.00
2022/06/16	15.07	15.71	15.00	15.58	10994713	170115376.00
2022/06/17	15.54	15.77	15.22	15.42	7000881	107949480.00
2022/06/20	15.30	15.48	15.19	15.38	5479386	84069872.00
2022/06/21	15.26	15.38	14.90	15.09	5302944	80126928.00
2022/06/22	15.09	15.22	14.96	14.99	3334781	50205720.00
2022/06/23	14.90	15.05	14.72	14.97	4146200	61716024.00
2022/06/24	14.94	15.35	14.91	15.30	6824039	103587376.00
2022/06/27	15.47	15.81	15.27	15.62	9219813	143520624.00
2022/06/28	15.55	15.65	15.28	15.36	5983028	92018200.00
2022/06/29	15.37	15.68	15.00	15.02	6772338	103717168.00
2022/06/30	15.01	15.77	15.01	15.66	12157107	188755392.00
2022/07/01	15.78	15.88	15.33	15.60	7406384	115637888.00
2022/07/04	15.69	15.97	15.50	15.86	7873920	124233456.00
2022/07/05	15.78	15.88	15.25	15.40	6552787	101271200.00
2022/07/06	15.40	15.40	14.87	14.95	5314089	80121800.00
2022/07/07	14.95	15.12	14.78	15.05	3964753	59299136.00
2022/07/08	15.03	15.16	14.93	14.97	3463773	52060600.00
2022/07/11	14.97	15.32	14.75	15.05	4129784	62255624.00
2022/07/12	14.88	15.06	14.36	14.36	5398658	78899880.00
2022/07/13	14.33	14.53	14.22	14.46	2550694	36732440.00
2022/07/14	14.40	14.45	14.25	14.38	2052329	29452352.00
2022/07/15	14.38	14.38	13.90	13.94	3531728	49669496.00
2022/07/18	14.03	14.39	14.03	14.29	2817700	40086464.00
2022/07/19	14.28	14.46	14.20	14.38	2596729	37245864.00
2022/07/20	14.38	14.46	14.29	14.38	2145429	30818498.00
2022/07/21	14.43	14.43	14.17	14.19	2590900	37011912.00
2022/07/22	14.23	14.28	13.97	14.12	2437194	34394344.00
2022/07/25	14.13	14.18	14.03	14.10	1540700	21704588.00
2022/07/26	14.17	14.22	13.97	14.22	2025200	28587240.00
2022/07/27	14.17	14.25	14.12	14.18	1393797	19743188.00
2022/07/28	14.31	14.31	14.17	14.18	2103800	29969444.00
2022/07/29	14.30	14.30	14.06	14.19	2096158	29669764.00
2022/08/01	14.13	15.61	14.04	15.61	14817273	223803360.00
2022/08/02	15.51	15.53	14.82	15.00	12778178	192893024.00
2022/08/03	15.04	15.19	14.79	14.91	9264538	138955152.00
2022/08/04	14.93	15.20	14.70	15.00	7446498	111140976.00
2022/08/05	14.80	14.96	14.75	14.82	4616687	68511888.00
2022/08/08	14.83	15.06	14.72	14.85	4250761	63122968.00
2022/08/09	14.72	14.75	14.51	14.73	3509727	51370884.00
2022/08/10	14.70	14.93	14.57	14.79	4360729	64173996.00
2022/08/11	14.81	15.20	14.73	15.13	8235298	123837832.00
2022/08/12	15.04	15.14	14.82	15.07	4663981	69726624.00
2022/08/15	15.08	15.09	14.83	14.91	3251829	48494344.00
2022/08/16	14.91	15.20	14.83	15.06	5720029	86009504.00
2022/08/17	15.02	15.07	14.85	14.89	4027858	60047976.00
2022/08/18	14.86	14.86	14.65	14.66	3439707	50585328.00
2022/08/19	14.67	15.05	14.66	14.92	5363371	80003416.00
2022/08/22	15.00	15.17	14.80	15.07	5249379	78768600.00
2022/08/23	15.07	16.42	15.04	15.45	12572413	195824064.00
2022/08/24	15.56	15.99	15.26	15.51	12524508	195946672.00
2022/08/25	15.50	16.40	15.37	16.29	14012727	223976240.00
2022/08/26	16.15	16.30	15.72	15.92	9016219	144399824.00
2022/08/29	15.69	16.27	15.55	16.04	8581500	137505248.00
2022/08/30	15.96	16.97	15.66	16.59	11848268	192636704.00
2022/08/31	16.31	17.41	16.11	16.96	17329549	291315616.00
2022/09/01	16.80	17.17	16.26	16.43	11548887	192455728.00
2022/09/02	16.24	16.40	15.69	15.84	8605300	136911536.00
2022/09/05	15.77	15.88	15.21	15.45	7094400	109457480.00
2022/09/06	15.30	15.57	15.21	15.50	5118321	78646320.00
2022/09/07	15.37	15.78	15.11	15.51	6290592	97057208.00
2022/09/08	15.38	15.71	15.20	15.20	5198000	80088144.00
2022/09/09	15.20	15.45	14.91	15.33	3931494	59840288.00
2022/09/13	15.30	15.66	15.17	15.61	5341729	82897552.00
2022/09/14	15.41	15.55	15.25	15.35	3404200	52366280.00
2022/09/15	15.31	15.41	14.68	14.83	5089094	76536176.00
2022/09/16	14.70	14.95	14.13	14.18	4425858	64172520.00
2022/09/19	14.10	14.34	13.92	14.24	2450073	34745248.00
2022/09/20	14.24	14.44	14.21	14.33	2224658	31876768.00
2022/09/21	14.21	14.42	14.08	14.36	2082878	29768426.00
2022/09/22	14.17	14.36	14.15	14.21	2377345	33818456.00
2022/09/23	14.18	14.23	13.55	13.71	3537029	48913608.00
2022/09/26	13.53	13.68	13.25	13.28	2731345	36827500.00
2022/09/27	13.28	13.82	13.28	13.80	3249816	44333828.00
2022/09/28	13.79	14.16	13.62	13.64	3657058	50906192.00
2022/09/29	13.94	13.99	13.31	13.37	2749568	37270552.00
2022/09/30	13.30	13.46	13.06	13.12	2457099	32484650.00
2022/10/10	13.38	14.40	13.33	13.80	5970965	82486248.00
2022/10/11	13.59	13.95	13.30	13.59	4192561	56754440.00
2022/10/12	13.43	13.85	13.41	13.68	3721222	50706912.00
2022/10/13	13.63	14.09	13.53	13.94	5353564	74273552.00
2022/10/14	13.92	14.14	13.81	14.03	4082164	57224208.00
2022/10/17	13.93	14.19	13.87	14.14	3497412	49320564.00
2022/10/18	14.19	14.47	14.00	14.08	4737200	67405296.00
2022/10/19	14.20	14.48	14.00	14.15	4155224	58902952.00
2022/10/20	14.03	14.16	13.87	13.90	3892821	54420076.00
2022/10/21	13.82	14.00	13.69	13.71	2278721	31511964.00
2022/10/24	13.75	13.84	13.44	13.56	2688125	36630536.00
2022/10/25	13.53	13.66	13.20	13.57	2182687	29323674.00
2022/10/26	13.62	13.87	13.55	13.74	2562723	35066624.00
2022/10/27	13.70	14.08	13.66	14.01	3377796	46965664.00
2022/10/28	13.80	13.85	13.25	13.31	4281415	57559412.00
2022/10/31	13.30	13.54	13.21	13.40	3138285	42144440.00
2022/11/01	13.40	13.79	13.40	13.78	3499848	47822292.00
2022/11/02	13.76	14.11	13.73	13.98	4487350	62760360.00
2022/11/03	13.96	14.20	13.85	14.10	3381929	47556352.00
2022/11/04	14.13	14.39	14.13	14.18	3925730	55902288.00
2022/11/07	14.31	14.41	14.15	14.37	4374258	62564920.00
2022/11/08	14.44	14.66	14.24	14.40	4745568	68252440.00
2022/11/09	14.39	14.68	14.31	14.48	4038394	58494256.00
2022/11/10	14.39	14.64	14.29	14.53	3322700	48263808.00
2022/11/11	14.61	14.90	14.56	14.56	4150729	61079780.00
2022/11/14	14.65	15.00	14.50	14.82	5362900	79579200.00
2022/11/15	14.78	14.92	14.61	14.70	4604200	67789352.00
2022/11/16	14.72	14.91	14.52	14.75	3732552	55061916.00
2022/11/17	14.59	14.89	14.56	14.83	2800300	41454056.00
2022/11/18	14.80	14.88	14.63	14.67	2561276	37745636.00
2022/11/21	14.52	14.70	14.31	14.63	3372007	49107160.00
2022/11/22	14.68	14.75	14.36	14.43	3101335	45113576.00
2022/11/23	14.41	14.45	14.06	14.20	2716200	38623076.00
2022/11/24	14.20	14.41	14.18	14.21	1899500	27088018.00
2022/11/25	14.32	14.35	14.15	14.30	1890200	26951490.00
2022/11/28	14.27	14.30	13.95	14.30	2204229	31174004.00
2022/11/29	14.40	14.88	14.27	14.76	4693329	68781176.00
2022/11/30	14.76	14.97	14.62	14.78	3572628	52960604.00
2022/12/01	14.93	15.30	14.87	15.11	5250729	79382336.00
2022/12/02	15.04	15.44	15.01	15.29	5234245	79875400.00
2022/12/05	15.39	15.50	15.14	15.20	4710798	71950056.00
2022/12/06	15.22	15.45	15.16	15.21	4298300	65643544.00
2022/12/07	15.13	15.59	15.13	15.50	5576490	86065992.00
2022/12/08	15.46	15.46	15.18	15.25	3851923	58918224.00
2022/12/09	15.25	15.45	14.96	15.36	3636508	55295312.00
2022/12/12	15.44	15.69	15.24	15.43	3767900	58298384.00
2022/12/13	15.42	16.16	15.24	15.94	7285242	115312232.00
2022/12/14	15.70	16.05	15.65	16.02	5936894	94362768.00
2022/12/15	15.98	16.00	15.45	15.50	4416000	69138072.00
2022/12/16	15.49	15.64	15.35	15.39	3607306	55730192.00
2022/12/19	15.52	15.78	15.21	15.49	5520558	85528256.00
2022/12/20	15.33	15.45	15.01	15.03	4047509	61404760.00
2022/12/21	15.05	16.15	15.05	15.73	7822006	122926728.00
2022/12/22	15.73	16.04	15.46	15.55	6142650	97012080.00
2022/12/23	15.54	16.00	15.47	15.75	5915657	92992736.00
2022/12/26	15.77	16.09	15.58	15.73	7639047	120835648.00
2022/12/27	15.33	15.77	14.92	15.75	8357846	128753112.00
2022/12/28	15.63	15.69	15.10	15.16	4279200	65769052.00
2022/12/29	15.21	15.43	14.70	15.12	3835279	58111244.00
2022/12/30	15.13	15.45	14.86	15.43	4486925	68207400.00
2023/01/03	15.38	15.56	14.96	15.05	4655541	70403424.00
2023/01/04	15.06	15.54	14.93	15.24	5799229	87991112.00
2023/01/05	15.18	15.18	14.86	14.99	4417429	66233828.00
2023/01/06	14.95	14.98	14.66	14.71	4464988	66034488.00
2023/01/09	14.69	15.14	14.68	15.04	4220800	63101624.00
2023/01/10	14.91	15.08	14.77	14.97	2772612	41274556.00
2023/01/11	14.83	14.94	14.71	14.74	2225160	32937616.00
2023/01/12	14.68	14.75	14.27	14.35	3424950	49537664.00
2023/01/13	14.34	14.69	14.33	14.49	2628200	38252792.00
2023/01/16	14.52	14.90	14.44	14.75	3062603	45163648.00
2023/01/17	14.68	14.77	14.43	14.47	2262097	32854812.00
2023/01/18	14.55	14.63	14.34	14.39	1934600	27848768.00
2023/01/19	14.36	14.41	14.12	14.17	2792100	39663900.00
2023/01/20	14.18	14.28	14.14	14.27	1995400	28363456.00
2023/01/30	14.45	14.53	14.35	14.48	3249900	46986420.00
2023/01/31	14.23	14.61	14.20	14.45	2653194	38367544.00
2023/02/01	14.40	14.72	14.40	14.70	3559987	52085616.00
2023/02/02	14.68	14.93	14.62	14.91	3444787	51035520.00
2023/02/03	14.85	14.99	14.70	14.81	2612200	38714304.00
2023/02/06	14.80	14.85	14.62	14.80	1686850	24883776.00
2023/02/07	14.80	14.80	14.61	14.74	2085600	30611576.00
2023/02/08	14.74	14.87	14.66	14.67	2354000	34729488.00
2023/02/09	14.68	14.79	14.64	14.77	1804403	26605496.00
2023/02/10	14.75	15.02	14.70	14.93	2878150	42845872.00
2023/02/13	14.97	15.15	14.93	15.06	3457650	52017036.00
2023/02/14	15.14	15.26	14.97	15.10	3210500	48439480.00
2023/02/15	15.15	15.23	15.00	15.04	2369394	35785552.00
2023/02/16	15.10	15.24	14.69	14.79	4072892	61287632.00
2023/02/17	14.78	15.17	14.78	14.99	4146682	62337328.00
2023/02/20	15.18	15.18	14.92	15.10	3709267	55740716.00
2023/02/21	15.10	15.20	15.00	15.14	2800606	42362952.00
2023/02/22	15.09	15.33	15.02	15.21	3176387	48318976.00
2023/02/23	15.34	15.42	15.13	15.20	2938000	44927092.00
2023/02/24	15.20	15.37	15.10	15.24	2634300	40106452.00
2023/02/27	15.25	15.49	15.12	15.14	2537600	38596368.00
2023/02/28	15.18	15.23	15.11	15.20	1987674	30142600.00
2023/03/01	15.20	15.24	15.12	15.23	1718600	26070108.00
2023/03/02	15.24	15.26	15.06	15.09	1899229	28714072.00
2023/03/03	15.12	15.19	14.94	15.07	2106000	31691672.00
2023/03/06	15.08	15.34	14.91	15.28	3034300	46070168.00
2023/03/07	15.23	15.39	14.98	14.99	2483600	37763528.00
2023/03/08	14.93	14.98	14.75	14.83	2109229	31316552.00
2023/03/09	14.83	14.93	14.78	14.87	1440561	21382296.00
2023/03/10	14.82	14.85	14.66	14.71	1897800	27965384.00
2023/03/13	14.71	14.75	14.51	14.71	1479274	21634328.00
2023/03/14	14.69	14.85	14.39	14.49	2432600	35473432.00
2023/03/15	14.57	14.79	14.53	14.67	1939936	28507292.00
2023/03/16	14.50	14.68	14.35	14.38	2126836	30774236.00
2023/03/17	14.58	14.58	14.33	14.39	1565800	22590144.00
2023/03/20	14.29	14.50	14.27	14.31	1751300	25118816.00
2023/03/21	14.28	14.49	14.23	14.49	1533100	22035424.00
2023/03/22	14.50	14.70	14.44	14.58	1835829	26776392.00
2023/03/23	14.50	14.69	14.50	14.55	1309826	19088594.00
2023/03/24	14.56	14.64	14.49	14.50	1411088	20540016.00
2023/03/27	14.74	14.78	14.49	14.67	2536388	37178488.00
2023/03/28	14.75	16.08	14.62	15.63	9213582	142147120.00
2023/03/29	15.49	16.08	15.30	15.58	6413200	100018200.00
2023/03/30	15.72	15.73	15.21	15.46	3825500	58980852.00
2023/03/31	15.46	15.89	15.46	15.66	3680803	57702648.00
2023/04/03	15.54	15.75	15.36	15.44	3866580	60092708.00
2023/04/04	15.51	15.79	15.33	15.36	2944351	45595672.00
2023/04/06	15.36	15.45	15.08	15.23	2569400	39070804.00
2023/04/07	15.23	15.27	15.01	15.09	2346800	35361960.00
2023/04/10	15.10	15.17	14.45	14.55	5520100	80931248.00
2023/04/11	14.50	14.50	14.16	14.28	4187506	59786428.00
2023/04/12	14.20	14.34	14.12	14.18	3431000	48711488.00
2023/04/13	14.12	14.27	14.05	14.23	2540358	36038536.00
2023/04/14	14.20	14.31	14.03	14.10	3410800	48172384.00
2023/04/17	14.10	14.45	14.00	14.40	4039612	57502848.00
2023/04/18	14.33	14.33	14.00	14.13	4079412	57668992.00
2023/04/19	14.17	14.22	14.04	14.20	2381600	33655228.00
2023/04/20	14.06	14.18	13.93	14.04	2755204	38655696.00
2023/04/21	13.95	14.18	13.95	14.05	2821800	39767080.00
2023/04/24	14.07	14.14	13.74	13.92	2631100	36620932.00
2023/04/25	13.79	13.96	13.60	13.81	2451200	33681004.00
2023/04/26	13.83	14.11	13.60	14.10	2090400	29147902.00
2023/04/27	13.79	14.05	13.26	13.40	5135429	68956640.00
2023/04/28	13.40	13.73	13.37	13.68	2823625	38297480.00
2023/05/05	13.76	13.76	13.76	13.76	0	0.00
数据来源:通达信
