688778 厦钨新能 日线 不复权
      日期	    开盘	    最高	    最低	    收盘	    成交量	    成交额
2021/08/05	125.12	131.90	106.90	121.66	38888960	4530412032.00
2021/08/06	122.00	126.18	114.95	115.00	22167584	2651983104.00
2021/08/09	110.01	114.50	101.19	110.35	19552018	2086687872.00
2021/08/10	107.51	110.88	101.28	102.88	13290201	1402684032.00
2021/08/11	104.50	112.27	104.50	107.80	14425615	1560603136.00
2021/08/12	107.97	125.66	107.60	120.80	18027635	2093362432.00
2021/08/13	121.00	127.00	115.59	119.60	13050563	1584124032.00
2021/08/16	117.69	117.69	106.01	108.30	10290383	1136684160.00
2021/08/17	106.00	109.58	103.20	103.70	5960091	631819008.00
2021/08/18	105.70	109.40	104.15	107.10	6655129	711954944.00
2021/08/19	108.71	114.88	106.55	111.20	7595604	841068800.00
2021/08/20	110.20	113.89	107.07	109.00	6512364	714559552.00
2021/08/23	108.52	124.01	106.70	117.88	9980688	1151516672.00
2021/08/24	119.00	133.33	119.00	127.40	13287192	1682457856.00
2021/08/25	127.00	143.80	124.20	137.06	10942501	1463059840.00
2021/08/26	138.98	143.39	133.88	137.45	7318362	1013895424.00
2021/08/27	136.00	145.49	131.11	141.78	6484630	899716544.00
2021/08/30	140.00	144.00	132.88	133.94	5735669	789645568.00
2021/08/31	136.00	139.22	130.01	136.00	4980522	672152384.00
2021/09/01	135.30	148.61	134.00	135.35	7503456	1055810944.00
2021/09/02	134.65	151.65	134.00	150.70	6356114	922452992.00
2021/09/03	147.99	152.00	135.98	137.50	5582426	798740544.00
2021/09/06	139.10	143.50	126.50	136.88	3566590	481223424.00
2021/09/07	137.00	148.00	137.00	146.52	3890842	560359744.00
2021/09/08	148.00	150.89	145.08	146.69	3155494	464958496.00
2021/09/09	146.00	151.90	141.00	144.06	2912474	422082272.00
2021/09/10	143.49	165.50	138.08	162.00	7215742	1085784064.00
2021/09/13	160.60	165.18	159.20	163.50	2999480	486022592.00
2021/09/14	160.00	164.94	155.00	161.50	3626539	579595072.00
2021/09/15	160.96	164.87	155.05	162.55	2951236	471363040.00
2021/09/16	163.45	163.93	145.88	149.00	4563369	693201216.00
2021/09/17	148.00	148.00	128.00	129.26	10946963	1478605440.00
2021/09/22	125.21	128.80	122.81	125.48	4019630	505665056.00
2021/09/23	126.51	128.45	120.80	124.61	4276896	533305696.00
2021/09/24	123.98	125.00	117.11	118.50	3692075	444376992.00
2021/09/27	118.99	119.38	109.80	114.74	4419289	501092928.00
2021/09/28	113.50	114.74	106.03	106.85	5906036	646633536.00
2021/09/29	105.41	109.88	103.03	106.18	4052595	431697856.00
2021/09/30	108.88	115.34	107.35	112.75	3864771	432849280.00
2021/10/08	116.08	116.60	108.00	109.61	2667403	295919392.00
2021/10/11	108.00	110.50	105.89	109.19	1956158	212086576.00
2021/10/12	108.37	109.15	100.31	103.00	4240518	439018272.00
2021/10/13	102.95	107.20	102.11	106.88	2570838	270453408.00
2021/10/14	105.63	111.22	105.20	107.64	2380765	259602624.00
2021/10/15	108.30	113.00	107.00	110.50	2613537	288831712.00
2021/10/18	110.50	112.68	106.80	111.08	3216966	353832192.00
2021/10/19	111.60	114.88	110.05	111.46	2472575	278333632.00
2021/10/20	111.50	116.47	109.30	114.58	2990164	340248928.00
2021/10/21	113.50	114.58	107.80	109.16	3658301	403507136.00
2021/10/22	108.40	110.44	106.55	106.90	2698697	291241088.00
2021/10/25	105.88	110.10	105.40	109.09	2589538	279913056.00
2021/10/26	109.41	113.86	109.15	109.50	3024373	337852800.00
2021/10/27	109.00	110.77	104.01	105.00	2870670	306803840.00
2021/10/28	105.91	107.88	95.82	98.85	5324568	535326528.00
2021/10/29	100.00	104.35	99.99	102.90	3296257	338758112.00
2021/11/01	101.81	106.66	100.43	104.89	3121718	325254016.00
2021/11/02	105.00	105.62	100.72	102.96	2394056	247104560.00
2021/11/03	102.02	103.74	99.67	100.79	2495975	252061984.00
2021/11/04	100.79	105.60	100.54	105.00	2852009	294568096.00
2021/11/05	104.70	111.00	103.61	106.22	4272081	462325536.00
2021/11/08	106.60	114.19	106.60	113.65	4822455	537502592.00
2021/11/09	115.38	115.99	111.41	112.59	3428926	388556032.00
2021/11/10	110.02	111.59	108.00	110.42	2640372	289242656.00
2021/11/11	111.10	111.98	107.60	109.12	2576795	280287648.00
2021/11/12	108.96	114.57	108.05	113.68	3120909	349701792.00
2021/11/15	113.68	114.97	108.05	108.42	3288697	360581568.00
2021/11/16	108.31	109.50	105.00	106.45	2623282	280967232.00
2021/11/17	106.75	111.58	106.75	110.98	2727396	299374528.00
2021/11/18	110.20	114.86	107.84	111.45	3123797	348256768.00
2021/11/19	115.00	119.00	113.50	114.67	4319056	501485760.00
2021/11/22	115.00	122.88	115.00	121.28	4748703	572106944.00
2021/11/23	120.78	125.88	119.67	122.95	3951602	487403776.00
2021/11/24	122.99	128.98	120.50	128.16	4135455	524848192.00
2021/11/25	126.81	135.60	125.50	126.30	4132508	536563520.00
2021/11/26	126.00	131.84	125.09	127.79	2994097	386144000.00
2021/11/29	124.93	128.49	123.00	126.24	3103721	389228288.00
2021/11/30	127.22	127.98	119.60	121.18	3281506	402989376.00
2021/12/01	121.18	124.92	118.48	121.44	2241130	270466016.00
2021/12/02	120.58	121.64	117.73	118.86	1904978	227117824.00
2021/12/03	119.50	122.47	118.04	121.50	1786399	216212112.00
2021/12/06	121.41	121.45	116.60	116.84	2073538	244774320.00
2021/12/07	117.73	117.98	109.52	112.93	3365520	377341376.00
2021/12/08	113.27	116.42	113.00	116.10	1669832	192025456.00
2021/12/09	116.01	116.65	114.10	115.49	931360	107459456.00
2021/12/10	114.45	118.79	113.69	117.05	1515959	177364032.00
2021/12/13	117.95	118.70	116.09	117.66	1187455	139172336.00
2021/12/14	116.20	117.70	114.13	116.42	1359891	158062544.00
2021/12/15	118.00	119.65	117.00	118.60	1783746	211674928.00
2021/12/16	118.67	119.40	116.70	117.59	1142376	134119072.00
2021/12/17	116.20	118.00	114.50	114.52	1458166	168517824.00
2021/12/20	115.50	116.21	110.73	112.02	1283413	145011328.00
2021/12/21	113.10	113.58	110.88	111.85	758772	84887200.00
2021/12/22	113.00	113.59	111.10	111.12	819132	92005352.00
2021/12/23	111.12	112.20	107.43	108.10	1416442	154257408.00
2021/12/24	108.10	108.71	100.69	101.13	3378522	347728704.00
2021/12/27	101.13	102.88	99.82	100.80	1185925	120041800.00
2021/12/28	101.03	103.90	100.22	103.51	1229711	125630256.00
2021/12/29	103.13	104.36	101.70	101.80	904957	92929032.00
2021/12/30	102.37	104.00	101.50	102.43	921475	94777760.00
2021/12/31	103.50	104.20	101.70	103.35	1022086	105254048.00
2022/01/04	104.70	105.30	97.88	100.67	1875727	188878544.00
2022/01/05	100.19	100.60	97.76	98.00	1425314	140636624.00
2022/01/06	97.81	100.98	96.00	99.89	1452254	143374192.00
2022/01/07	100.17	100.17	97.37	97.79	1145283	112562864.00
2022/01/10	97.69	99.29	96.11	98.40	853154	83739392.00
2022/01/11	98.41	99.10	96.91	97.60	645434	63070768.00
2022/01/12	97.89	100.83	97.89	100.26	1130173	113079952.00
2022/01/13	100.19	100.63	98.52	99.12	798416	79385408.00
2022/01/14	98.95	100.43	97.60	98.15	904223	89596088.00
2022/01/17	98.00	100.33	97.00	99.85	938317	92895656.00
2022/01/18	99.30	100.42	98.71	99.60	882084	87779960.00
2022/01/19	99.00	99.39	96.38	97.12	1048151	102559848.00
2022/01/20	96.99	97.87	95.70	95.70	702457	67864728.00
2022/01/21	95.70	96.60	94.18	95.51	667138	63557120.00
2022/01/24	95.29	95.92	92.80	95.34	935600	88640000.00
2022/01/25	94.00	95.20	91.01	91.48	1373664	127167936.00
2022/01/26	92.01	92.79	89.62	90.72	869149	78825112.00
2022/01/27	90.60	91.55	88.00	88.03	741428	66612544.00
2022/01/28	88.99	93.71	88.33	91.48	1259614	115219120.00
2022/02/07	91.51	94.58	88.78	89.10	1966542	178550528.00
2022/02/08	89.18	89.29	81.15	85.09	2422442	205078000.00
2022/02/09	85.22	86.85	83.51	86.20	1242877	106063464.00
2022/02/10	86.21	86.50	81.98	82.40	1752440	145928640.00
2022/02/11	82.10	83.22	81.05	81.88	1067136	87439776.00
2022/02/14	81.10	83.55	80.09	82.38	1150900	95036752.00
2022/02/15	82.97	86.85	82.97	85.95	1538620	131301464.00
2022/02/16	86.54	90.50	85.51	88.91	1881716	166424880.00
2022/02/17	88.19	90.79	88.19	89.57	999927	89657336.00
2022/02/18	88.00	88.99	87.77	88.44	688914	60735736.00
2022/02/21	87.60	89.02	87.25	87.67	670448	58880836.00
2022/02/22	87.20	90.49	86.14	89.00	1253020	110924144.00
2022/02/23	89.06	96.99	89.00	96.89	2882318	274005152.00
2022/02/24	96.70	97.79	90.70	92.97	2289416	215394560.00
2022/02/25	93.63	99.65	93.63	96.81	2349570	228748176.00
2022/02/28	96.91	97.79	94.81	97.02	1564040	150197248.00
2022/03/01	97.71	98.09	94.89	96.39	1059925	101884528.00
2022/03/02	94.60	96.97	92.92	95.55	1342585	127143384.00
2022/03/03	96.00	96.50	93.00	93.00	1182745	111044368.00
2022/03/04	91.23	94.50	90.90	91.80	920568	84935792.00
2022/03/07	93.84	93.84	85.99	87.39	1581510	139621952.00
2022/03/08	86.76	89.00	81.68	82.00	2043286	171276464.00
2022/03/09	82.80	83.64	80.31	82.84	1610458	132410648.00
2022/03/10	84.69	89.00	84.69	87.16	2027564	176341632.00
2022/03/11	86.50	90.43	86.23	87.85	1667917	147226464.00
2022/03/14	86.70	87.28	83.00	84.08	1169630	99299840.00
2022/03/15	83.45	86.38	82.08	82.85	1180423	99444464.00
2022/03/16	84.52	89.25	81.18	88.88	2390090	204227184.00
2022/03/17	90.00	93.60	88.90	91.68	2684590	247165728.00
2022/03/18	91.00	91.43	89.59	91.00	1058892	95660056.00
2022/03/21	91.40	93.30	89.50	93.00	1520221	140556080.00
2022/03/22	93.01	93.45	91.59	93.16	1027919	95339512.00
2022/03/23	93.58	96.94	92.90	93.80	1221072	115874120.00
2022/03/24	92.50	93.88	91.01	92.80	838455	77645432.00
2022/03/25	94.40	95.81	91.55	91.60	1045480	97825712.00
2022/03/28	90.80	91.00	86.79	87.04	1145020	101380560.00
2022/03/29	88.43	90.96	87.00	90.65	1228421	109850312.00
2022/03/30	91.52	95.20	90.40	94.56	1203457	112692680.00
2022/03/31	94.58	94.62	91.47	91.58	993538	92128600.00
2022/04/01	90.50	92.65	90.20	91.71	508566	46605720.00
2022/04/06	91.68	91.68	88.90	89.65	691101	61834360.00
2022/04/07	88.85	90.18	87.83	87.83	557975	49591488.00
2022/04/08	88.20	88.35	85.20	85.79	714418	61638184.00
2022/04/11	85.60	85.60	75.61	76.65	3370764	264899888.00
2022/04/12	76.61	76.98	72.80	75.68	1866827	140380896.00
2022/04/13	74.67	76.29	74.22	74.37	772062	57986456.00
2022/04/14	74.96	75.80	73.31	74.51	696099	51672040.00
2022/04/15	74.01	74.01	70.00	71.82	1332747	95160544.00
2022/04/18	71.00	71.72	69.53	70.30	2516883	176781104.00
2022/04/19	70.11	72.32	69.71	70.17	1406101	99491208.00
2022/04/20	70.18	70.30	68.10	68.10	896685	61899680.00
2022/04/21	68.25	68.50	63.30	63.98	1865730	121885752.00
2022/04/22	63.16	64.75	63.07	63.33	979738	62566064.00
2022/04/25	62.30	62.40	58.50	58.60	1177787	71356344.00
2022/04/26	59.16	59.98	56.23	56.30	969195	56784152.00
2022/04/27	56.30	64.47	56.23	64.16	1973224	120346824.00
2022/04/28	63.83	66.80	62.52	64.15	2175344	141209952.00
2022/04/29	64.15	69.08	63.40	68.28	1912938	127902792.00
2022/05/05	67.40	68.67	66.66	67.29	1278383	86352272.00
2022/05/06	65.80	68.50	64.60	68.35	1338994	88964920.00
2022/05/09	67.61	68.57	66.51	66.97	861750	58163020.00
2022/05/10	65.90	70.55	65.53	69.58	1220261	84248288.00
2022/05/11	68.81	74.56	68.58	73.15	1800241	130757152.00
2022/05/12	72.89	73.19	71.51	71.91	893859	64568632.00
2022/05/13	71.96	72.87	70.39	71.41	807326	57505744.00
2022/05/16	71.96	74.28	71.03	71.12	816382	59119660.00
2022/05/17	71.00	74.27	70.51	74.15	1426681	104090224.00
2022/05/18	73.90	74.80	72.80	72.93	1144168	84234312.00
2022/05/19	72.01	78.29	71.82	77.11	2788357	212114576.00
2022/05/20	77.81	78.85	76.50	77.95	1698373	131983408.00
2022/05/23	79.06	83.26	77.90	82.77	2566562	206041056.00
2022/05/24	82.30	82.74	78.61	78.63	1455238	117748136.00
2022/05/25	77.90	81.99	76.72	81.32	1654987	130817992.00
2022/05/26	80.04	82.78	79.32	80.94	1126389	91601184.00
2022/05/27	80.98	86.82	80.98	84.80	2493798	212553408.00
2022/05/30	86.00	89.76	85.02	88.07	1873859	165733920.00
2022/05/31	87.99	88.82	86.30	87.18	1402527	122314280.00
2022/06/01	86.06	90.80	85.42	90.65	2012623	179091488.00
2022/06/02	89.66	91.89	89.58	90.62	1491617	135332064.00
2022/06/06	90.69	98.05	90.60	96.06	2344971	224213856.00
2022/06/07	95.02	98.68	94.30	98.68	2211386	214089584.00
2022/06/08	99.21	99.21	92.00	95.90	3179575	301611328.00
2022/06/09	93.98	94.78	90.77	90.80	1483999	136689744.00
2022/06/10	89.17	97.18	89.17	96.02	2027962	190256960.00
2022/06/13	94.01	98.80	94.01	97.00	1638596	158415040.00
2022/06/14	95.98	96.05	91.15	93.41	1827654	169906416.00
2022/06/15	94.67	94.88	89.33	91.58	1704229	155963024.00
2022/06/16	92.31	99.00	90.88	95.77	2361292	225691392.00
2022/06/17	96.00	108.88	96.00	106.59	5196638	542453056.00
2022/06/20	110.00	114.44	107.22	112.18	4684082	520092032.00
2022/06/21	111.61	111.80	105.80	108.86	2418517	262427808.00
2022/06/22	108.86	114.80	108.86	111.89	3779858	426823104.00
2022/06/23	114.59	117.61	113.30	115.20	2949940	341702528.00
2022/06/24	113.50	118.50	113.50	118.07	2448755	286213792.00
2022/06/27	117.01	118.45	112.88	118.00	2833260	327365312.00
2022/06/28	118.00	119.89	115.00	117.65	2336572	274913120.00
2022/06/29	116.46	118.20	108.50	108.89	3679723	412779456.00
2022/06/30	109.43	113.50	109.07	111.47	2009599	224322912.00
2022/07/01	113.14	113.14	106.70	110.30	1259587	137742048.00
2022/07/04	109.35	117.60	109.35	117.55	2462481	282750784.00
2022/07/05	124.68	128.33	120.99	127.40	4333708	543292224.00
2022/07/06	126.30	128.80	123.23	128.00	2703489	342781824.00
2022/07/07	128.47	136.30	126.99	132.48	2776584	366748800.00
2022/07/08	131.30	134.85	128.79	130.15	1843339	240630688.00
2022/07/11	130.17	140.17	130.16	139.60	4900572	674277504.00
2022/07/12	138.83	149.60	136.28	141.89	4636913	661789568.00
2022/07/13	138.22	142.99	136.36	138.58	2676073	372068576.00
2022/07/14	136.01	145.00	136.01	140.77	2002292	284282304.00
2022/07/15	140.90	144.90	139.06	139.58	1462598	207312928.00
2022/07/18	146.00	153.50	145.00	153.00	4186733	625537344.00
2022/07/19	153.91	166.00	150.80	164.02	3275893	530708512.00
2022/07/20	163.99	165.18	154.01	163.01	2895328	463450304.00
2022/07/21	163.00	168.00	157.00	164.20	2096009	343679072.00
2022/07/22	164.00	165.99	153.53	154.45	2545773	397925472.00
2022/07/25	151.00	154.16	143.30	144.08	3041669	448569376.00
2022/07/26	144.99	146.58	138.58	141.97	2391246	342420384.00
2022/07/27	141.90	148.18	139.20	146.01	1762470	255928128.00
2022/07/28	146.04	154.55	142.28	147.82	2675338	398189504.00
2022/07/29	147.82	149.00	141.65	145.80	2527894	365943296.00
2022/08/01	144.34	151.90	141.00	148.57	2111482	310902528.00
2022/08/02	143.63	150.16	143.63	147.00	1651704	242806768.00
2022/08/03	147.00	151.46	143.89	145.01	1606045	238651712.00
2022/08/04	146.80	148.51	140.21	141.28	1614185	231766736.00
2022/08/05	140.60	146.97	137.77	139.50	2924535	413347264.00
2022/08/08	136.00	138.50	131.50	134.80	4345053	588932224.00
2022/08/09	133.95	135.98	130.33	133.39	4260475	569446464.00
2022/08/10	133.20	141.73	130.87	138.05	4385395	601943104.00
2022/08/11	137.98	138.04	127.50	132.47	3888675	512419552.00
2022/08/12	130.87	134.71	126.58	126.78	2596548	335500832.00
2022/08/15	126.93	135.00	125.89	130.30	2599379	340128576.00
2022/08/16	133.00	136.01	127.63	132.00	2996870	400860832.00
2022/08/17	132.00	134.59	129.17	132.66	3099562	406600160.00
2022/08/18	130.77	144.20	130.77	140.40	3332279	465837216.00
2022/08/19	139.99	143.00	137.00	137.10	2399295	335456288.00
2022/08/22	136.18	140.50	131.91	136.69	2019725	274351936.00
2022/08/23	135.10	139.27	132.63	136.67	1401469	189615584.00
2022/08/24	135.69	138.20	125.88	126.00	2713758	350993536.00
2022/08/25	127.18	129.99	120.10	120.20	2401859	295690336.00
2022/08/26	121.25	127.58	121.11	122.27	1812397	225748352.00
2022/08/29	121.00	127.55	118.19	124.40	1465818	182370320.00
2022/08/30	123.16	126.65	120.76	120.97	1104053	136307632.00
2022/08/31	118.23	120.70	111.16	111.41	3298746	377652544.00
2022/09/01	113.70	114.77	111.19	113.63	1896880	215839776.00
2022/09/02	110.79	115.85	110.50	111.76	1328606	148715840.00
2022/09/05	111.76	113.66	109.02	110.78	1952845	216424592.00
2022/09/06	112.00	115.73	107.30	113.56	2261440	252575200.00
2022/09/07	112.58	120.40	112.58	119.37	1828309	215936224.00
2022/09/08	116.79	119.85	115.22	115.50	1409761	164376688.00
2022/09/09	115.42	116.98	112.80	116.39	1119063	128765848.00
2022/09/13	117.58	119.40	115.10	117.07	1114249	130496104.00
2022/09/14	115.00	116.95	112.19	113.00	1473029	167461712.00
2022/09/15	113.00	113.53	99.99	102.34	3821153	398218112.00
2022/09/16	100.97	103.67	98.50	98.50	2407302	240641168.00
2022/09/19	99.38	106.50	99.30	103.49	2159052	223039680.00
2022/09/20	105.70	107.36	102.01	105.30	2066058	217606112.00
2022/09/21	104.97	106.50	102.50	102.56	1267193	131328448.00
2022/09/22	100.99	106.30	100.01	103.72	1039303	108026216.00
2022/09/23	104.47	104.98	99.50	101.83	1508554	152886752.00
2022/09/26	102.74	108.00	100.10	104.20	1559090	163827040.00
2022/09/27	103.96	107.50	102.86	105.32	2133301	224858960.00
2022/09/28	105.12	105.97	93.13	94.40	4658618	450722688.00
2022/09/29	95.77	98.77	93.21	96.99	2763803	266813344.00
2022/09/30	96.62	96.62	92.03	92.99	2264731	212306160.00
2022/10/10	93.39	93.85	89.25	90.47	1905368	172382960.00
2022/10/11	89.14	93.79	89.10	90.18	1899079	173062576.00
2022/10/12	91.04	92.32	87.06	92.32	1753312	157460496.00
2022/10/13	92.25	93.80	90.00	91.00	1281522	117831080.00
2022/10/14	90.80	93.50	87.83	92.93	3095082	282245888.00
2022/10/17	94.81	94.81	90.80	93.05	1738779	160438080.00
2022/10/18	94.00	94.53	90.01	91.14	1760155	162243888.00
2022/10/19	90.25	93.19	88.60	88.66	2206046	199278400.00
2022/10/20	87.99	88.80	85.00	86.60	2240931	193530144.00
2022/10/21	85.64	89.75	84.30	87.99	2033674	177164576.00
2022/10/24	90.00	93.58	87.98	88.95	2582665	234307616.00
2022/10/25	90.00	94.47	87.34	91.36	2510340	228764496.00
2022/10/26	91.43	92.00	88.50	89.21	2300943	206594384.00
2022/10/27	90.80	92.80	87.70	87.71	2934872	264642736.00
2022/10/28	87.02	88.49	82.50	82.50	3310839	280877856.00
2022/10/31	83.51	89.37	82.80	86.61	3046492	264892480.00
2022/11/01	86.00	88.26	83.62	87.51	3200441	274674624.00
2022/11/02	87.00	93.50	85.81	91.50	4130049	373834656.00
2022/11/03	90.44	95.30	90.35	93.38	3769108	348954368.00
2022/11/04	94.14	99.21	93.01	97.42	4926548	475597120.00
2022/11/07	96.60	98.38	95.01	96.75	4858641	469747168.00
2022/11/08	97.00	99.40	93.72	95.40	3826128	370297792.00
2022/11/09	93.55	95.76	93.20	94.22	2831659	267329648.00
2022/11/10	93.70	94.50	88.91	89.26	3904164	355526016.00
2022/11/11	91.55	94.00	89.88	89.97	2799358	257412512.00
2022/11/14	90.10	90.82	84.70	85.40	3291451	287291616.00
2022/11/15	85.22	89.99	83.73	89.99	3402611	296500704.00
2022/11/16	89.10	89.91	87.37	88.24	2122529	187542736.00
2022/11/17	87.84	88.11	84.00	84.94	2778968	235996224.00
2022/11/18	85.14	86.60	83.75	84.01	2107792	179223552.00
2022/11/21	83.10	87.37	83.10	87.10	2376711	204105280.00
2022/11/22	86.30	86.58	83.30	83.76	2438372	205671184.00
2022/11/23	84.50	84.50	80.50	83.31	2462520	203689008.00
2022/11/24	83.10	85.48	83.10	83.78	3034631	255689328.00
2022/11/25	84.30	87.46	83.62	86.09	4446492	381420736.00
2022/11/28	85.12	85.12	79.34	80.46	5699983	459619040.00
2022/11/29	80.46	81.22	79.05	80.40	2916160	233566032.00
2022/11/30	80.09	82.80	79.54	81.00	3397090	275257792.00
2022/12/01	82.19	89.20	82.19	86.58	5780715	499125248.00
2022/12/02	85.86	86.90	84.55	84.81	2834503	242172896.00
2022/12/05	85.71	85.71	82.66	83.41	2916816	244465344.00
2022/12/06	83.34	85.48	82.30	84.60	2655493	223559632.00
2022/12/07	84.20	92.35	84.01	89.65	6139855	548861760.00
2022/12/08	89.34	91.38	87.80	90.41	3091300	277456160.00
2022/12/09	90.04	90.98	88.10	89.56	3359230	299589344.00
2022/12/12	88.55	89.05	86.68	88.04	2221553	195410304.00
2022/12/13	88.90	89.88	85.88	86.20	2304066	200718896.00
2022/12/14	86.00	87.19	84.28	84.87	1597727	136476752.00
2022/12/15	84.43	87.88	84.03	87.88	2182581	188712640.00
2022/12/16	87.13	87.24	82.88	83.20	2628911	221916352.00
2022/12/19	83.20	87.08	83.00	83.37	2182451	184801920.00
2022/12/20	82.96	83.34	80.90	81.71	1579106	128946704.00
2022/12/21	81.40	82.56	80.26	80.55	1416099	114585888.00
2022/12/22	81.20	81.30	76.16	76.22	2807942	219413888.00
2022/12/23	75.70	77.17	75.00	76.25	1149827	87522816.00
2022/12/26	76.09	80.34	75.28	79.95	2415771	189590000.00
2022/12/27	79.22	80.57	78.73	80.31	1665772	132832736.00
2022/12/28	80.13	80.79	78.27	79.22	1472605	116945200.00
2022/12/29	78.40	80.50	78.40	78.57	1093030	86556992.00
2022/12/30	78.94	80.29	77.57	77.68	1157531	90902472.00
2023/01/03	77.75	79.90	76.20	79.42	1628128	127103776.00
2023/01/04	79.37	79.96	77.27	77.90	1563730	122004928.00
2023/01/05	78.80	82.79	77.73	82.78	3574746	288588096.00
2023/01/06	82.12	84.46	81.50	83.42	3448676	286945664.00
2023/01/09	83.19	85.29	83.19	83.53	1922771	161777824.00
2023/01/10	83.41	85.88	82.38	84.80	2140693	179848400.00
2023/01/11	84.73	86.38	82.88	83.15	2328294	197471008.00
2023/01/12	83.10	86.86	83.01	84.63	2099938	179295840.00
2023/01/13	84.39	86.48	82.35	83.35	2064361	172901296.00
2023/01/16	83.00	85.63	82.60	84.83	1638496	138316448.00
2023/01/17	85.45	85.98	84.18	84.79	1502346	127674568.00
2023/01/18	85.10	87.30	84.76	85.75	1853221	159366752.00
2023/01/19	85.10	85.91	84.55	85.10	1584494	134560160.00
2023/01/20	85.19	89.48	85.03	88.80	3002919	262653712.00
2023/01/30	90.58	92.80	87.80	88.21	4279298	382679008.00
2023/01/31	87.23	88.74	87.23	87.39	1708460	150011968.00
2023/02/01	87.70	90.88	87.70	90.84	3111387	278857312.00
2023/02/02	90.84	91.20	88.70	89.10	2821303	251649056.00
2023/02/03	89.07	89.07	85.20	86.03	3537844	305834144.00
2023/02/06	85.60	86.30	84.18	85.20	2525607	214840736.00
2023/02/07	85.27	85.69	84.50	85.43	1644811	139644640.00
2023/02/08	85.68	85.90	84.18	84.23	2001085	170136336.00
2023/02/09	84.76	86.50	83.77	85.94	2446162	209244832.00
2023/02/10	85.99	86.28	84.60	85.16	1852573	158058528.00
2023/02/13	85.16	85.66	84.41	85.11	2002492	169987984.00
2023/02/14	85.25	85.39	83.83	84.30	1898223	160093104.00
2023/02/15	84.38	84.96	82.50	82.66	2754795	229721664.00
2023/02/16	82.64	83.37	79.50	80.29	3130063	255133680.00
2023/02/17	80.38	80.57	78.80	78.93	2185949	173703936.00
2023/02/20	78.30	79.02	77.31	79.02	2045257	159625168.00
2023/02/21	79.02	80.40	78.58	79.70	2118456	168701616.00
2023/02/22	79.01	79.55	78.89	79.05	1177317	93153304.00
2023/02/23	79.18	80.18	78.85	79.70	1248984	99440952.00
2023/02/24	79.78	80.15	78.31	78.60	1514045	119479960.00
2023/02/27	78.17	78.75	77.80	78.05	1094982	85630288.00
2023/02/28	78.72	78.88	77.59	78.35	922931	72156640.00
2023/03/01	78.30	79.13	78.11	78.90	935993	73624368.00
2023/03/02	78.93	79.28	77.36	77.60	1620759	126432968.00
2023/03/03	77.80	78.32	77.05	77.83	933263	72447704.00
2023/03/06	76.74	78.17	76.30	77.62	1659856	128014400.00
2023/03/07	78.17	78.43	76.68	77.00	1442672	111578176.00
2023/03/08	76.51	77.21	76.51	76.77	695114	53359816.00
2023/03/09	76.70	77.55	76.67	77.10	904566	69656192.00
2023/03/10	76.88	77.16	76.06	76.58	1016699	77924840.00
2023/03/13	77.08	77.10	73.10	73.75	2050561	152419504.00
2023/03/14	73.03	73.79	70.61	72.10	2289651	165163760.00
2023/03/15	72.49	74.15	72.26	72.89	1665864	122144528.00
2023/03/16	72.20	72.88	70.80	70.86	1060498	75978496.00
2023/03/17	71.40	71.80	70.03	70.40	1374157	97230528.00
2023/03/20	70.30	71.43	69.18	71.00	1525606	107421672.00
2023/03/21	71.10	73.09	71.09	72.83	1486844	107228920.00
2023/03/22	72.83	74.68	72.58	73.10	1531300	112924656.00
2023/03/23	73.40	73.40	71.01	71.76	1720909	123541224.00
2023/03/24	71.81	72.70	71.51	71.86	1322377	95309432.00
2023/03/27	72.52	73.21	72.05	72.93	1744428	126895184.00
2023/03/28	73.31	73.56	70.82	70.90	2074761	148693792.00
2023/03/29	70.82	72.99	70.82	72.30	1638769	118311056.00
2023/03/30	72.31	72.69	70.80	72.68	1519605	109294744.00
2023/03/31	72.49	73.88	71.87	72.67	1454939	106008184.00
2023/04/03	72.67	73.39	71.70	71.93	2665681	192761632.00
2023/04/04	71.71	72.19	67.00	67.83	5118057	351806496.00
2023/04/06	67.82	68.67	67.01	68.56	3128610	211960352.00
2023/04/07	68.70	70.29	68.45	69.00	2112699	146321872.00
2023/04/10	69.58	70.89	69.40	70.03	1907933	133915944.00
2023/04/11	70.06	70.66	69.18	70.35	1427014	100026944.00
2023/04/12	70.02	70.70	69.00	69.71	1610464	112214448.00
2023/04/13	69.98	70.20	68.68	69.20	1054663	73265448.00
2023/04/14	69.20	72.70	69.20	71.66	3066269	218566240.00
2023/04/17	71.34	72.97	70.87	71.71	1855491	133212384.00
2023/04/18	71.88	73.80	71.57	73.20	2834458	207230416.00
2023/04/19	72.96	73.05	71.33	71.66	2085644	149814688.00
2023/04/20	71.25	71.66	69.18	69.70	1841861	128625184.00
2023/04/21	69.60	71.70	68.30	68.62	1579402	109901424.00
2023/04/24	67.01	67.01	63.22	63.88	2915123	188022720.00
2023/04/25	65.03	65.11	60.61	61.80	2264901	140299792.00
2023/04/26	61.80	65.89	61.41	64.51	2218422	142456816.00
2023/04/27	65.36	65.38	63.70	63.96	1193695	76699064.00
2023/04/28	64.09	64.80	61.90	62.81	1743149	109635720.00
2023/05/05	62.88	62.88	62.88	62.88	0	0.00
数据来源:通达信
