688267 中触媒 日线 不复权
      日期	    开盘	    最高	    最低	    收盘	    成交量	    成交额
2022/02/16	43.11	48.80	41.80	42.20	27417206	1222657024.00
2022/02/17	43.60	46.00	42.66	45.16	16938935	753787328.00
2022/02/18	44.60	44.88	41.50	42.54	9813816	422386144.00
2022/02/21	43.30	47.45	42.19	46.65	10875157	486903680.00
2022/02/22	46.48	48.59	44.30	45.51	6818364	317161600.00
2022/02/23	45.56	47.34	44.21	46.50	5953305	273015616.00
2022/02/24	45.51	48.26	44.52	46.90	5271475	244420192.00
2022/02/25	47.24	49.88	45.50	46.10	6017773	287505760.00
2022/02/28	45.00	50.10	44.26	50.10	5936857	284411712.00
2022/03/01	49.98	50.70	46.62	49.32	5009324	241603840.00
2022/03/02	48.25	49.20	47.42	47.82	2141270	103248720.00
2022/03/03	47.65	48.30	46.33	47.74	2648204	125119408.00
2022/03/04	48.10	48.20	46.16	46.64	2421149	113871416.00
2022/03/07	46.06	46.36	43.33	44.20	2737434	121253160.00
2022/03/08	43.00	44.67	42.63	43.42	1811556	79177264.00
2022/03/09	44.00	46.00	42.42	44.26	2168426	95980552.00
2022/03/10	45.80	45.80	43.72	44.26	1826477	81283416.00
2022/03/11	44.06	44.06	41.86	42.88	1649023	70165080.00
2022/03/14	42.47	42.62	41.08	41.52	1030200	43212404.00
2022/03/15	41.18	41.88	39.90	39.91	792474	32380300.00
2022/03/16	40.99	42.32	38.01	41.60	1974871	79350080.00
2022/03/17	40.52	42.65	40.50	40.65	1059923	43915892.00
2022/03/18	40.41	41.29	39.57	40.48	841114	33983024.00
2022/03/21	40.06	41.19	39.82	41.08	615860	25063156.00
2022/03/22	41.99	43.39	41.60	41.74	1033941	43659264.00
2022/03/23	41.83	42.88	40.81	42.54	883506	37057924.00
2022/03/24	41.62	42.33	40.88	41.30	491068	20373820.00
2022/03/25	40.50	41.48	40.35	41.33	489970	20040188.00
2022/03/28	40.55	41.58	39.80	40.30	193209	7783457.00
2022/03/29	40.57	40.57	38.30	39.20	772216	30113748.00
2022/03/30	39.50	39.68	38.00	38.30	818151	31534468.00
2022/03/31	38.30	38.30	35.01	36.97	3037001	110268072.00
2022/04/01	36.21	36.99	34.60	36.11	1411363	50730824.00
2022/04/06	36.00	37.93	35.35	36.03	1053077	38547524.00
2022/04/07	36.00	36.00	34.71	35.02	622120	21909164.00
2022/04/08	35.74	35.74	34.32	34.66	542961	18992574.00
2022/04/11	34.66	34.66	31.99	31.99	960911	31421160.00
2022/04/12	32.42	32.42	31.01	31.03	1675351	52754336.00
2022/04/13	31.05	31.75	30.00	30.21	951554	29138276.00
2022/04/14	30.37	30.64	29.54	29.82	1190154	35781640.00
2022/04/15	29.40	30.12	29.05	29.19	927782	27561184.00
2022/04/18	29.21	30.44	28.16	30.12	1637474	47968584.00
2022/04/19	29.84	30.56	29.80	29.97	427095	12824673.00
2022/04/20	29.61	30.16	29.30	29.71	482404	14340432.00
2022/04/21	29.55	29.71	28.20	28.32	686663	19759908.00
2022/04/22	28.12	28.63	27.50	27.50	557538	15543102.00
2022/04/25	27.20	28.23	25.81	26.28	1627528	43523488.00
2022/04/26	26.46	26.96	24.20	24.20	2144198	54048436.00
2022/04/27	23.80	26.14	23.46	25.75	1659889	40948760.00
2022/04/28	25.02	26.52	24.80	26.35	1542762	40008028.00
2022/04/29	26.79	28.99	26.62	28.23	1272746	35483832.00
2022/05/05	27.97	29.70	27.70	27.88	1291148	37141512.00
2022/05/06	27.30	28.37	26.66	27.82	1026417	28422502.00
2022/05/09	27.70	28.36	26.20	27.27	1104878	29951148.00
2022/05/10	26.59	27.46	26.33	27.30	680747	18364474.00
2022/05/11	26.68	30.40	26.68	28.82	1510501	43760980.00
2022/05/12	28.93	29.37	28.10	28.87	680264	19616882.00
2022/05/13	28.83	29.20	28.10	28.25	477786	13606539.00
2022/05/16	28.88	28.88	28.00	28.40	526992	14896011.00
2022/05/17	28.33	30.45	28.12	29.29	1220682	36121184.00
2022/05/18	29.30	29.70	28.65	28.86	704267	20365252.00
2022/05/19	28.00	30.28	27.68	29.87	852882	25000246.00
2022/05/20	30.30	32.35	29.96	32.03	1397507	43879668.00
2022/05/23	31.90	34.12	31.31	33.51	1555775	51340008.00
2022/05/24	34.00	35.48	33.20	33.30	2399131	82048256.00
2022/05/25	33.68	35.40	33.48	33.91	1109900	38316664.00
2022/05/26	33.50	35.30	33.28	34.49	781912	26957352.00
2022/05/27	34.51	35.48	34.30	35.10	880213	30756374.00
2022/05/30	35.46	36.30	34.30	35.90	823931	29104708.00
2022/05/31	36.80	40.17	36.00	39.09	1876571	71852192.00
2022/06/01	39.09	39.09	36.78	37.80	1446699	54501592.00
2022/06/02	37.99	40.65	37.29	39.79	1281240	50576400.00
2022/06/06	40.00	41.68	39.20	41.19	1454055	58822512.00
2022/06/07	40.51	41.10	38.01	39.27	1428079	55689604.00
2022/06/08	39.50	39.50	35.42	37.20	1571071	58432004.00
2022/06/09	37.20	37.41	36.02	36.58	996901	36520928.00
2022/06/10	36.01	38.07	36.00	37.66	852846	32013916.00
2022/06/13	38.35	38.35	36.36	37.60	804110	29862958.00
2022/06/14	36.60	37.99	35.48	35.95	887983	32213664.00
2022/06/15	35.95	37.04	35.30	36.09	978146	35448704.00
2022/06/16	36.00	38.98	35.66	38.31	1520904	57969100.00
2022/06/17	37.89	39.60	37.57	39.02	1031132	40160044.00
2022/06/20	40.19	40.19	37.01	37.77	765717	28901204.00
2022/06/21	36.35	37.76	36.35	37.76	418504	15505548.00
2022/06/22	36.51	37.77	36.51	37.00	581939	21470298.00
2022/06/23	37.12	39.23	37.12	38.26	1680827	64232764.00
2022/06/24	38.20	38.35	37.08	37.50	500807	18851610.00
2022/06/27	37.93	37.93	35.57	36.08	1947482	70395952.00
2022/06/28	36.98	36.98	35.18	35.47	1158028	41096416.00
2022/06/29	35.49	35.50	33.83	33.99	1156166	39650392.00
2022/06/30	33.52	34.58	32.86	33.43	1907656	63663220.00
2022/07/01	33.16	33.43	31.85	31.98	1183269	38418340.00
2022/07/04	32.00	33.25	31.00	32.84	768150	25020452.00
2022/07/05	32.85	33.00	31.49	32.02	577403	18542896.00
2022/07/06	31.11	32.98	31.10	32.96	732821	23794960.00
2022/07/07	32.28	34.70	32.28	34.63	998271	33936636.00
2022/07/08	34.05	35.39	34.05	34.63	537872	18685608.00
2022/07/11	34.05	34.28	32.99	33.22	427209	14324195.00
2022/07/12	33.35	33.35	32.22	32.84	330857	10803422.00
2022/07/13	32.84	33.47	32.29	33.19	166619	5488827.00
2022/07/14	32.75	35.38	32.75	34.47	904054	31337502.00
2022/07/15	35.35	35.55	33.85	34.29	447792	15604635.00
2022/07/18	33.61	33.97	32.26	32.80	1079690	35601396.00
2022/07/19	32.56	35.95	32.56	34.60	1350920	46908248.00
2022/07/20	34.42	34.76	33.33	34.17	619865	20922006.00
2022/07/21	33.98	36.03	33.98	35.10	879301	31122176.00
2022/07/22	35.10	35.80	34.30	35.60	683022	23819136.00
2022/07/25	35.05	36.26	34.17	34.50	387166	13586065.00
2022/07/26	34.50	35.98	33.50	35.10	398146	13928167.00
2022/07/27	35.10	36.37	34.50	36.18	623985	22375318.00
2022/07/28	35.82	36.18	35.61	35.77	349244	12529772.00
2022/07/29	36.13	36.30	34.68	35.14	808160	28548448.00
2022/08/01	34.74	35.73	34.33	34.33	597114	20867480.00
2022/08/02	33.99	34.64	32.20	32.80	496701	16383729.00
2022/08/03	32.44	33.83	32.44	32.85	440866	14633091.00
2022/08/04	34.58	34.80	32.71	33.63	461370	15441780.00
2022/08/05	33.50	34.25	32.00	32.90	1330227	43666276.00
2022/08/08	32.68	33.49	31.90	33.08	1007462	32541952.00
2022/08/09	32.85	35.00	32.85	33.65	625616	21326170.00
2022/08/10	33.67	36.90	33.00	36.81	1506042	53500628.00
2022/08/11	36.57	37.38	36.10	36.61	1074211	39481828.00
2022/08/12	36.00	36.91	34.34	34.84	1122966	39551932.00
2022/08/15	34.84	35.53	33.69	34.15	1088866	37401328.00
2022/08/16	34.04	34.29	32.50	33.59	1245900	41776244.00
2022/08/17	33.02	33.59	32.64	32.85	808746	26646924.00
2022/08/18	33.05	33.74	32.28	33.16	857765	28295024.00
2022/08/19	33.28	33.68	32.31	32.45	825761	26978726.00
2022/08/22	32.01	34.49	32.00	34.18	1227241	40997516.00
2022/08/23	33.57	35.70	33.53	35.29	1340556	46943208.00
2022/08/24	34.94	35.45	33.00	33.08	698750	23574646.00
2022/08/25	33.08	34.08	32.33	32.68	482177	15755331.00
2022/08/26	32.66	33.34	32.38	32.66	286877	9396740.00
2022/08/29	32.21	33.09	32.10	32.58	338450	11018110.00
2022/08/30	32.34	32.84	31.51	31.95	866497	27720910.00
2022/08/31	31.82	32.26	31.00	31.60	934707	29494620.00
2022/09/01	31.20	31.80	31.20	31.49	241781	7626281.00
2022/09/02	32.16	32.20	30.66	31.32	427891	13399476.00
2022/09/05	31.42	31.98	30.70	30.95	693545	21642404.00
2022/09/06	31.31	33.58	30.16	32.50	1240964	40014124.00
2022/09/07	31.90	32.62	31.70	31.91	736626	23667974.00
2022/09/08	31.95	32.49	30.52	30.84	1016169	31445412.00
2022/09/09	30.56	31.30	30.42	30.75	313204	9640912.00
2022/09/13	30.50	31.73	30.20	31.42	614626	18989776.00
2022/09/14	30.71	31.05	30.21	30.73	552619	16897876.00
2022/09/15	30.80	31.60	30.56	31.30	609626	18886856.00
2022/09/16	31.23	32.15	30.79	31.48	404015	12778278.00
2022/09/19	31.94	31.94	30.66	31.31	419004	13051926.00
2022/09/20	31.03	32.90	30.90	32.56	922838	29647208.00
2022/09/21	32.10	33.28	31.72	32.90	914679	29803480.00
2022/09/22	32.81	32.92	30.98	31.60	1622450	51220044.00
2022/09/23	31.60	31.60	30.11	30.94	1716201	52956384.00
2022/09/26	30.94	31.65	30.03	31.10	723839	22561406.00
2022/09/27	31.00	32.50	30.83	32.30	412631	13111354.00
2022/09/28	32.25	32.79	31.80	31.91	437217	14174089.00
2022/09/29	32.49	32.49	31.33	31.94	272652	8709858.00
2022/09/30	31.66	31.90	30.80	31.20	486220	15237727.00
2022/10/10	31.21	31.31	30.30	30.84	234544	7207741.00
2022/10/11	30.20	31.10	30.20	30.39	131706	4018614.00
2022/10/12	30.00	30.88	29.81	30.87	357030	10808874.00
2022/10/13	30.80	31.72	30.52	31.14	336846	10533294.00
2022/10/14	30.78	31.32	30.56	30.98	615694	18999954.00
2022/10/17	30.68	32.50	30.68	32.32	729709	23112540.00
2022/10/18	32.28	33.37	32.02	32.49	663820	21743860.00
2022/10/19	33.18	33.18	30.99	31.04	733086	23034480.00
2022/10/20	31.29	32.50	30.90	31.58	324225	10309193.00
2022/10/21	32.36	36.88	32.00	36.24	2375935	83634080.00
2022/10/24	36.05	40.59	35.66	39.89	2981963	113995152.00
2022/10/25	39.50	40.17	37.05	37.30	2211467	84680592.00
2022/10/26	37.13	38.06	36.66	37.30	1462272	54488520.00
2022/10/27	37.67	37.97	35.26	35.61	1164426	41949996.00
2022/10/28	34.88	37.11	34.00	35.69	1611338	57869660.00
2022/10/31	34.86	37.48	34.86	35.83	701626	25417944.00
2022/11/01	35.61	37.38	35.61	36.60	664856	24252276.00
2022/11/02	36.60	39.87	36.00	37.55	2100477	80112688.00
2022/11/03	38.77	45.06	36.69	42.68	3812477	158319232.00
2022/11/04	42.67	44.91	40.51	42.60	4456235	190477344.00
2022/11/07	42.69	43.95	41.20	41.66	3503711	149854016.00
2022/11/08	41.96	43.22	41.01	41.26	2608935	109864576.00
2022/11/09	41.37	43.19	40.00	42.47	1896830	79371968.00
2022/11/10	42.40	43.58	41.00	41.60	1149797	48254776.00
2022/11/11	44.00	44.00	39.66	40.35	1798626	73674480.00
2022/11/14	39.55	42.30	36.99	41.18	2928983	114410544.00
2022/11/15	40.52	44.20	39.70	42.98	2803997	119962288.00
2022/11/16	42.98	42.98	40.51	41.09	1665532	68772504.00
2022/11/17	41.09	42.85	40.10	41.86	1196068	49819852.00
2022/11/18	42.43	44.99	41.26	43.76	2352020	102686544.00
2022/11/21	44.99	47.40	44.71	46.10	2385336	109960144.00
2022/11/22	46.09	46.10	42.24	42.67	3431185	149001168.00
2022/11/23	42.67	42.99	39.91	41.23	1886468	77674096.00
2022/11/24	41.39	43.38	41.00	41.96	1488251	63097480.00
2022/11/25	41.96	42.18	40.20	40.35	966114	39534144.00
2022/11/28	40.07	40.99	39.66	39.97	679767	27349388.00
2022/11/29	39.47	40.88	39.14	40.20	753197	30261944.00
2022/11/30	40.02	41.70	40.02	41.01	499406	20518396.00
2022/12/01	41.71	42.78	40.50	42.18	874484	36765800.00
2022/12/02	41.88	42.50	40.90	41.44	374381	15530789.00
2022/12/05	42.22	42.22	40.23	40.90	884704	36274764.00
2022/12/06	41.75	42.38	40.36	41.42	893121	37174776.00
2022/12/07	41.70	41.70	40.81	41.01	395764	16263039.00
2022/12/08	40.60	41.77	40.10	41.40	511188	21010108.00
2022/12/09	41.76	41.79	39.57	39.67	735228	29804096.00
2022/12/12	39.80	40.32	38.70	39.00	366354	14401357.00
2022/12/13	38.27	40.40	38.20	38.51	680536	26627514.00
2022/12/14	38.51	39.30	37.66	37.68	352715	13494989.00
2022/12/15	37.07	39.50	37.07	38.65	420085	16208149.00
2022/12/16	38.10	38.95	36.70	36.83	267336	9987881.00
2022/12/19	37.33	37.33	35.91	36.45	468466	17017310.00
2022/12/20	35.42	36.45	35.30	35.35	359039	12761055.00
2022/12/21	35.65	35.92	34.51	34.73	326415	11402152.00
2022/12/22	34.65	35.58	34.30	34.74	472631	16483384.00
2022/12/23	34.71	34.99	33.58	33.61	399932	13650487.00
2022/12/26	34.05	37.34	34.05	37.10	906106	32466932.00
2022/12/27	37.30	38.36	36.51	38.12	676727	25561908.00
2022/12/28	39.07	39.07	36.50	36.50	378048	14000008.00
2022/12/29	36.08	37.38	35.87	36.20	348554	12780893.00
2022/12/30	36.26	37.48	36.02	37.04	357630	13203335.00
2023/01/03	36.70	38.50	36.70	38.43	473742	17864802.00
2023/01/04	39.20	39.94	37.69	39.63	667986	25962092.00
2023/01/05	39.49	40.81	39.00	39.93	303100	12093893.00
2023/01/06	39.50	39.93	38.48	38.54	303644	11867226.00
2023/01/09	38.10	39.56	38.00	38.50	221343	8581378.00
2023/01/10	38.84	39.98	38.26	38.93	294733	11522741.00
2023/01/11	38.97	38.97	37.33	37.45	349368	13218105.00
2023/01/12	37.45	37.83	36.80	37.44	236920	8804992.00
2023/01/13	37.80	38.10	36.75	36.88	284231	10640354.00
2023/01/16	36.80	38.26	36.80	37.66	216452	8167076.00
2023/01/17	38.07	38.18	37.10	37.40	243053	9088289.00
2023/01/18	37.40	38.00	36.98	37.33	213596	7976445.00
2023/01/19	34.10	38.38	34.10	37.84	318043	11986638.00
2023/01/20	37.77	38.55	37.77	38.00	158952	6064186.00
2023/01/30	38.14	39.35	37.66	38.79	324747	12526076.00
2023/01/31	38.41	39.16	37.65	37.89	259244	9871245.00
2023/02/01	37.22	39.50	37.21	37.97	200088	7612456.00
2023/02/02	37.50	39.27	37.50	37.83	498285	19107068.00
2023/02/03	37.83	38.00	36.69	37.41	395886	14719826.00
2023/02/06	37.00	37.98	36.70	37.00	380438	14134201.00
2023/02/07	37.30	37.47	36.62	37.19	301297	11121263.00
2023/02/08	37.00	37.70	36.72	36.90	190448	7059893.00
2023/02/09	36.60	38.54	36.60	38.00	971933	36763296.00
2023/02/10	38.02	38.55	37.51	38.01	328345	12495068.00
2023/02/13	38.13	39.66	38.12	38.85	594298	23164208.00
2023/02/14	38.69	39.05	37.32	37.45	988918	37543240.00
2023/02/15	37.55	37.76	36.91	37.10	562745	20951860.00
2023/02/16	37.25	40.00	37.25	39.51	1895322	73691168.00
2023/02/17	39.48	39.78	37.82	38.30	1956725	75660120.00
2023/02/20	38.11	39.60	37.30	39.60	2249608	87002480.00
2023/02/21	39.46	39.80	37.21	38.08	1640719	62801892.00
2023/02/22	37.45	38.05	37.35	37.82	612587	23098198.00
2023/02/23	38.07	38.69	37.49	38.00	733809	27911356.00
2023/02/24	39.66	41.67	37.89	38.08	4401035	171637616.00
2023/02/27	38.10	38.28	35.68	35.81	2470354	91378040.00
2023/02/28	36.19	36.19	32.77	34.91	3776305	128332208.00
2023/03/01	34.90	35.18	33.87	34.13	2605643	89395040.00
2023/03/02	34.17	34.89	33.60	34.29	1786292	61163184.00
2023/03/03	34.48	34.90	33.62	34.18	1359130	46416216.00
2023/03/06	34.23	35.68	34.00	34.89	1850641	64575736.00
2023/03/07	34.89	36.60	34.54	35.25	1843014	65663448.00
2023/03/08	35.00	35.45	34.16	35.30	1283651	44746832.00
2023/03/09	34.95	35.94	34.71	35.26	952298	33765528.00
2023/03/10	34.70	35.72	34.46	35.20	810043	28337836.00
2023/03/13	34.85	35.26	34.14	34.88	1196688	41557704.00
2023/03/14	33.50	34.48	33.50	34.10	1032932	35167376.00
2023/03/15	34.10	34.50	33.30	33.38	854372	28955536.00
2023/03/16	33.10	34.10	33.10	33.46	1084784	36463056.00
2023/03/17	33.48	34.06	33.20	33.41	932809	31257346.00
2023/03/20	33.41	34.00	33.20	33.84	868242	29233232.00
2023/03/21	33.72	33.99	33.28	33.80	977943	32815164.00
2023/03/22	33.80	34.38	33.63	33.83	800779	27226996.00
2023/03/23	33.76	35.35	33.53	34.72	1036239	36007392.00
2023/03/24	34.91	34.91	33.41	33.68	1004280	34042104.00
2023/03/27	33.74	33.74	32.15	32.41	1433840	46752364.00
2023/03/28	32.42	32.69	31.33	31.72	1316921	41908044.00
2023/03/29	31.70	32.09	31.20	31.54	912724	28932340.00
2023/03/30	31.52	31.79	31.02	31.57	660486	20658676.00
2023/03/31	31.63	32.16	31.63	31.84	655970	20952224.00
2023/04/03	31.84	32.45	31.84	32.43	627360	20269668.00
2023/04/04	32.53	32.53	31.85	32.42	521481	16763921.00
2023/04/06	32.11	32.11	30.50	30.66	2122062	66042936.00
2023/04/07	30.68	31.18	30.36	30.47	2076319	63611504.00
2023/04/10	30.31	30.96	29.03	29.14	2251150	66948800.00
2023/04/11	29.13	29.41	28.45	28.70	2883848	82795400.00
2023/04/12	28.96	29.00	28.20	28.28	1632163	46592144.00
2023/04/13	28.36	28.50	27.42	27.60	1999227	55335784.00
2023/04/14	27.62	28.06	27.46	27.95	1174567	32665450.00
2023/04/17	27.93	28.32	27.60	27.80	1328771	36960728.00
2023/04/18	27.80	27.98	27.55	27.92	651339	18060708.00
2023/04/19	27.90	27.90	27.10	27.16	891877	24338044.00
2023/04/20	27.31	27.31	26.23	26.46	1690432	44820724.00
2023/04/21	26.59	26.65	25.40	25.48	1536526	39707560.00
2023/04/24	25.51	25.71	24.86	25.46	1392132	35299596.00
2023/04/25	25.39	25.95	24.40	24.60	1842341	45686224.00
2023/04/26	24.60	25.69	24.60	25.25	1925986	48776332.00
2023/04/27	24.37	24.37	23.05	23.49	5455293	128766944.00
2023/04/28	23.70	24.53	23.50	23.98	3667830	87934136.00
2023/05/05	23.58	23.58	23.58	23.58	0	0.00
数据来源:通达信
