603189 网达软件 日线 不复权
      日期	    开盘	    最高	    最低	    收盘	    成交量	    成交额
2016/09/14	10.45	10.45	10.45	10.45	19500	203775.00
2016/09/19	11.50	11.50	11.50	11.50	2300	26450.00
2016/09/20	12.65	12.65	12.65	12.65	3700	46805.00
2016/09/21	13.92	13.92	13.92	13.92	8300	115536.00
2016/09/22	15.31	15.31	15.31	15.31	15795	241821.00
2016/09/23	16.84	16.84	16.84	16.84	16578	279174.00
2016/09/26	18.52	18.52	18.52	18.52	29300	542636.00
2016/09/27	20.37	20.37	20.37	20.37	59298	1207900.00
2016/09/28	22.41	22.41	22.41	22.41	66547	1491318.00
2016/09/29	24.65	24.65	24.65	24.65	84837	2091232.00
2016/09/30	27.12	27.12	27.12	27.12	259467	7036745.00
2016/10/10	29.83	29.83	29.83	29.83	326104	9727682.00
2016/10/11	32.81	32.81	32.81	32.81	172170	5648898.00
2016/10/12	36.09	36.09	36.09	36.09	113676	4102567.00
2016/10/13	39.70	39.70	39.70	39.70	112600	4470220.00
2016/10/14	43.67	43.67	43.67	43.67	645752	28199990.00
2016/10/17	44.80	45.00	41.91	41.99	33500384	1465087104.00
2016/10/18	40.07	41.77	40.06	41.05	18303534	745667584.00
2016/10/19	40.81	44.80	40.55	42.74	19570040	836560384.00
2016/10/20	42.18	42.98	40.88	41.04	13147171	546016768.00
2016/10/21	41.21	41.98	40.08	41.31	11048002	454224480.00
2016/10/24	41.03	41.46	40.21	41.25	9144276	373788128.00
2016/10/25	40.88	45.21	40.88	43.19	19877528	862469952.00
2016/10/26	43.18	43.89	42.32	43.79	13576205	586466752.00
2016/10/27	44.11	48.17	44.11	48.17	22127281	1028224576.00
2016/10/28	48.00	51.50	47.18	47.49	26314540	1299499008.00
2016/10/31	46.75	46.88	43.67	44.35	15313603	686965248.00
2016/11/01	43.99	46.16	43.99	44.93	13656905	616078016.00
2016/11/02	44.21	48.50	43.00	46.49	18158644	823152832.00
2016/11/03	45.70	47.47	45.18	45.68	13911511	644751936.00
2016/11/04	45.50	48.48	45.31	47.62	15032954	708685824.00
2016/11/07	47.75	49.88	46.80	49.45	14840655	719196480.00
2016/11/08	49.50	50.14	48.41	49.28	11285644	554744704.00
2016/11/09	48.78	49.49	46.82	48.82	12475009	603965760.00
2016/11/10	49.11	53.59	49.11	51.88	16935700	873266816.00
2016/11/11	52.08	56.98	51.20	53.25	19771967	1070893504.00
2016/11/14	52.25	55.18	51.18	52.54	12455095	656343680.00
2016/11/15	51.88	52.99	49.96	50.52	9780546	499262272.00
2016/11/16	50.68	51.28	47.90	47.99	8730694	431827040.00
2016/11/17	47.60	48.84	47.50	48.13	5358901	258628240.00
2016/11/18	48.01	49.46	48.01	48.16	5730340	278896000.00
2016/11/21	48.16	48.60	46.30	48.58	7047954	333864960.00
2016/11/22	48.32	50.85	48.32	50.31	9966864	495927904.00
2016/11/23	50.30	50.30	47.82	47.94	7308338	357074368.00
2016/11/24	47.66	48.32	45.31	46.17	6867859	321611104.00
2016/11/25	45.60	46.19	43.51	46.05	5207061	235495280.00
2016/11/28	45.92	46.28	44.41	44.60	3713936	167791520.00
2016/11/29	44.60	45.26	43.97	44.16	3201994	142596240.00
2016/11/30	43.82	44.77	43.61	44.43	2796195	123727312.00
2016/12/01	44.41	45.98	44.41	45.64	4724211	214565344.00
2016/12/02	45.60	45.90	43.61	43.95	4103573	183003632.00
2016/12/05	43.00	44.18	42.60	42.93	2857448	123626704.00
2016/12/06	43.24	44.20	43.24	43.59	2558919	111687288.00
2016/12/07	43.73	44.10	43.01	44.05	2520502	109868608.00
2016/12/08	43.87	44.00	43.02	43.12	2535661	110266752.00
2016/12/09	43.08	43.33	41.48	41.50	3699052	156113152.00
2016/12/12	41.00	41.37	37.35	37.37	5226636	204204096.00
2016/12/13	37.30	38.20	35.88	37.48	3425000	127341816.00
2016/12/14	37.30	37.70	36.30	36.48	2277287	84279320.00
2016/12/15	36.21	37.86	36.19	37.35	2678324	99795656.00
2016/12/16	37.10	38.22	37.01	38.09	2717108	102289664.00
2016/12/19	37.85	37.98	37.05	37.28	1719710	64445608.00
2016/12/20	37.31	37.84	37.12	37.50	1675244	62808088.00
2016/12/21	37.83	37.83	37.15	37.77	1982893	74437120.00
2016/12/22	37.73	38.79	37.40	38.29	2992473	113973272.00
2016/12/23	38.01	38.20	36.51	36.64	2518338	94069160.00
2016/12/26	36.00	37.19	35.31	37.06	2176519	78659472.00
2016/12/27	36.92	37.39	36.60	36.90	1273202	47165024.00
2016/12/28	36.91	37.58	36.86	36.98	1560531	58067568.00
2016/12/29	36.90	37.19	36.38	36.40	1205240	44274860.00
2016/12/30	36.35	36.79	36.30	36.39	1061959	38755928.00
2017/01/03	36.50	37.29	36.40	37.15	1561325	57588852.00
2017/01/04	37.18	37.59	36.91	37.47	1802446	67325224.00
2017/01/05	37.52	37.54	36.56	36.64	1718900	63609744.00
2017/01/06	36.64	36.67	34.12	34.23	3670003	128832624.00
2017/01/09	33.96	33.96	32.86	33.45	2316122	77299312.00
2017/01/10	33.36	33.98	33.15	33.23	1377857	46331956.00
2017/01/11	33.08	33.20	31.30	31.36	2864826	92067328.00
2017/01/12	31.12	32.00	31.08	31.22	2243375	70881360.00
2017/01/13	31.27	31.67	29.00	29.48	2827766	85464248.00
2017/01/16	29.35	29.35	26.66	27.64	3178450	89186424.00
2017/01/17	27.58	29.67	26.50	28.89	4410860	124306544.00
2017/01/18	28.50	28.50	27.71	27.79	1988667	55932024.00
2017/01/19	27.60	29.20	26.94	28.35	3111876	88569168.00
2017/01/20	28.35	29.87	28.20	29.41	3710881	109055024.00
2017/01/23	29.40	30.11	29.13	29.60	2366551	70277608.00
2017/01/24	29.42	29.58	28.70	28.73	1830090	53131188.00
2017/01/25	28.56	30.35	28.33	29.91	3091544	91844368.00
2017/01/26	29.92	30.24	29.58	29.94	1841702	54995844.00
2017/02/03	30.20	30.20	29.20	29.60	1529165	45340520.00
2017/02/06	29.86	30.68	29.66	30.63	2739997	82858976.00
2017/02/07	30.50	30.55	29.81	30.09	2375412	71530680.00
2017/02/08	29.93	31.00	29.88	30.76	2594025	79074104.00
2017/02/09	30.66	31.60	30.60	30.91	3027308	94376360.00
2017/02/10	30.92	31.01	30.12	30.24	2233315	68206920.00
2017/02/13	29.88	31.05	29.81	30.79	2238455	68608280.00
2017/02/14	30.78	31.03	30.55	30.82	1816130	55913452.00
2017/02/15	30.80	31.66	30.65	30.85	3591414	111865112.00
2017/02/16	30.91	30.91	30.20	30.53	2008345	61237856.00
2017/02/17	30.58	31.23	30.34	30.56	2435157	74906072.00
2017/02/20	33.00	33.00	30.30	30.95	2941025	91475256.00
2017/02/21	30.85	31.38	30.55	31.20	2348506	72949288.00
2017/02/22	31.09	31.09	30.26	30.46	3235886	98967456.00
2017/02/23	30.44	30.58	29.68	30.27	2726208	82068624.00
2017/02/24	30.15	31.10	30.11	31.05	3096970	95244736.00
2017/02/27	31.30	31.30	30.55	30.68	2419035	74792312.00
2017/02/28	30.61	31.20	30.61	31.16	2160484	66804296.00
2017/03/01	31.00	31.19	30.71	30.82	2292437	70857104.00
2017/03/02	30.85	30.98	30.25	30.53	2223046	67953936.00
2017/03/03	30.38	30.53	29.92	30.18	1947731	58660200.00
2017/03/06	30.20	31.23	30.20	31.10	3095268	95555368.00
2017/03/07	31.20	31.66	30.81	31.59	4106297	128110104.00
2017/03/08	31.45	31.60	31.00	31.24	3029817	94782176.00
2017/03/09	31.30	34.36	31.30	34.36	10986726	363518336.00
2017/03/10	35.02	37.70	35.00	36.61	17635947	637897728.00
2017/03/13	36.12	37.45	35.15	36.98	12322348	443226272.00
2017/03/14	36.50	37.03	36.00	36.06	8621358	314736320.00
2017/03/15	35.68	35.82	34.75	34.91	6784937	238684112.00
2017/03/16	34.89	35.95	34.89	35.30	6373958	226665216.00
2017/03/17	35.30	35.74	33.96	34.01	5599445	196170208.00
2017/03/20	34.02	36.70	34.02	36.31	8978292	320067936.00
2017/03/21	36.35	36.36	35.58	35.95	5743607	206046672.00
2017/03/22	35.60	35.85	34.81	35.73	5293401	186863264.00
2017/03/23	35.73	35.85	34.87	35.19	4804230	169953056.00
2017/03/24	34.93	35.77	34.92	35.29	3409348	120633136.00
2017/03/27	35.50	35.53	34.20	34.62	3392215	117511216.00
2017/03/28	34.68	35.07	34.19	34.61	2684900	92918416.00
2017/03/29	34.25	34.56	31.32	31.47	6054407	196985760.00
2017/03/30	31.28	31.28	29.88	29.99	3824438	116492792.00
2017/03/31	30.30	30.69	29.46	29.87	2321796	69888624.00
2017/04/05	29.92	30.75	29.87	30.61	2028181	61744048.00
2017/04/06	30.70	31.47	30.45	30.96	2161298	67140544.00
2017/04/07	31.05	31.05	30.20	30.22	1742372	53131068.00
2017/04/10	30.00	30.00	27.38	27.47	4324278	122544232.00
2017/04/11	27.00	28.20	26.90	28.14	2618544	72664024.00
2017/04/12	28.20	28.20	27.45	27.51	1616618	44868232.00
2017/04/13	27.33	28.12	27.32	27.72	1318633	36721480.00
2017/04/14	27.71	27.88	27.10	27.24	1085377	29706528.00
2017/04/17	26.51	26.52	25.00	25.88	2264500	58156052.00
2017/04/18	25.88	26.49	25.51	25.57	1320793	34385952.00
2017/04/19	25.15	26.25	25.11	26.16	1759463	45249592.00
2017/04/20	26.06	26.38	25.30	25.72	1253000	32377004.00
2017/04/21	25.93	26.12	25.61	25.81	1048614	27094556.00
2017/04/24	25.89	26.02	24.60	24.97	1197900	29962068.00
2017/04/25	25.10	25.54	25.10	25.29	1096896	27826750.00
2017/04/26	25.12	25.86	25.12	25.66	1150036	29493184.00
2017/04/27	24.90	25.79	24.10	25.64	3214060	79639664.00
2017/04/28	25.25	25.88	25.18	25.50	1426281	36459536.00
2017/05/02	25.50	26.02	25.06	25.30	1430794	36515548.00
2017/05/03	25.11	25.50	24.72	25.14	1669400	41835668.00
2017/05/04	25.00	25.09	24.30	24.33	1429892	35196496.00
2017/05/05	23.99	23.99	22.68	22.75	3285352	76073544.00
2017/05/08	22.21	22.66	21.71	21.91	1687676	37576208.00
2017/05/09	21.73	22.80	21.71	22.48	1645909	36651380.00
2017/05/10	22.48	22.69	21.72	21.99	1489891	33226740.00
2017/05/11	21.92	22.19	21.01	22.10	1489144	32063240.00
2017/05/12	22.11	23.60	21.80	22.70	2591317	58849640.00
2017/05/15	23.17	23.82	22.95	23.41	3040796	70915656.00
2017/05/16	23.68	23.68	22.30	23.30	2548136	58342396.00
2017/05/17	22.99	23.47	22.94	23.12	1541789	35763896.00
2017/05/18	22.83	23.16	22.68	22.84	1253023	28743474.00
2017/05/19	22.91	23.15	22.41	22.84	1417058	32304456.00
2017/05/22	22.45	22.93	21.32	21.77	1778328	39066048.00
2017/05/23	21.52	21.56	20.10	20.40	1601576	33355284.00
2017/05/24	20.30	20.89	19.81	20.74	1305151	26601918.00
2017/05/25	20.63	20.85	20.10	20.71	1066917	21947692.00
2017/05/26	20.61	20.99	20.40	20.89	1104955	22929752.00
2017/05/31	21.81	21.85	20.60	20.73	1448188	30869964.00
2017/06/01	20.60	20.84	19.80	19.96	1286972	25985134.00
2017/06/02	19.61	20.64	19.61	20.39	1243753	25173148.00
2017/06/05	20.80	20.94	20.59	20.75	1201156	24937500.00
2017/06/06	20.75	21.16	20.45	20.83	717458	14896539.00
2017/06/07	20.84	21.59	20.56	21.52	1998357	42620636.00
2017/06/08	21.84	21.86	21.16	21.23	1605010	34285556.00
2017/06/09	21.17	21.30	20.89	21.21	965020	20348524.00
2017/06/12	21.07	21.12	20.30	20.40	987778	20473000.00
2017/06/13	20.26	20.99	20.12	20.86	1052500	21846582.00
2017/06/14	20.98	21.09	20.67	21.05	1255600	26297864.00
2017/06/15	21.18	22.42	21.05	22.29	3663891	80223968.00
2017/06/16	22.21	22.21	21.80	21.85	1723900	37777096.00
2017/06/19	21.61	21.94	21.61	21.83	1072109	23376308.00
2017/06/20	21.98	22.28	21.68	21.78	1645878	36126120.00
2017/06/21	21.69	21.85	21.22	21.56	1255256	26983312.00
2017/06/22	21.52	21.69	20.82	20.85	1255013	26754012.00
2017/06/23	20.80	20.92	20.33	20.76	1014865	20963248.00
2017/06/26	20.55	20.99	20.43	20.92	813319	16863398.00
2017/06/27	20.91	21.28	20.72	20.85	657900	13814040.00
2017/06/28	20.75	20.90	20.46	20.52	642009	13218763.00
2017/06/29	20.52	20.98	20.52	20.83	793599	16525778.00
2017/06/30	20.83	21.52	20.56	21.48	1973370	41722248.00
2017/07/03	21.88	22.68	21.70	22.38	4472212	99408848.00
2017/07/04	21.97	22.10	21.70	21.79	2080400	45476200.00
2017/07/05	21.76	22.06	21.69	22.00	1544035	33881192.00
2017/07/06	21.97	22.04	21.70	21.79	1355696	29610094.00
2017/07/07	21.71	22.18	21.59	22.07	1747339	38424256.00
2017/07/10	21.90	22.04	21.10	21.12	1691000	36462112.00
2017/07/11	21.12	21.30	20.68	20.71	1106043	23173232.00
2017/07/12	20.71	20.90	20.42	20.89	1047098	21627926.00
2017/07/13	20.97	20.97	20.50	20.56	756492	15592243.00
2017/07/14	20.66	20.66	20.31	20.41	567600	11635508.00
2017/07/17	20.20	20.60	18.37	18.37	2163398	41008096.00
2017/07/18	18.01	19.21	17.90	19.03	1062193	19703364.00
2017/07/19	18.66	18.85	18.61	18.74	798445	14961895.00
2017/07/20	18.96	19.05	18.51	18.53	1093439	20537592.00
2017/07/21	18.57	18.57	18.04	18.13	870709	15908801.00
2017/07/24	18.07	18.25	17.62	18.13	1056588	18962514.00
2017/07/25	18.00	18.30	17.87	18.27	745255	13470185.00
2017/07/26	18.29	18.40	17.92	18.18	666880	12109593.00
2017/07/27	18.13	18.88	18.00	18.85	1579162	29383658.00
2017/07/28	18.70	18.99	18.40	18.45	899592	16776970.00
2017/07/31	18.30	18.79	18.30	18.52	533229	9877851.00
2017/08/01	18.45	18.70	18.32	18.57	691097	12727938.00
2017/08/02	18.55	18.59	18.21	18.56	949200	17480524.00
2017/08/03	18.49	19.95	18.42	19.23	2648300	50748608.00
2017/08/04	18.99	19.17	18.60	18.66	1605808	30168746.00
2017/08/07	18.50	18.72	18.20	18.49	1052001	19436496.00
2017/08/08	18.60	18.80	18.30	18.69	866801	16115126.00
2017/08/09	18.66	18.80	18.39	18.55	647500	12033582.00
2017/08/10	18.46	18.71	18.31	18.36	789900	14636053.00
2017/08/11	18.21	18.42	18.00	18.34	662501	12122977.00
2017/08/14	18.22	18.92	18.06	18.86	1244914	23318768.00
2017/08/15	18.87	18.89	18.60	18.86	908200	17039680.00
2017/08/16	18.80	19.40	18.66	19.26	1694398	32487542.00
2017/08/17	19.16	19.82	19.07	19.40	2125867	41279224.00
2017/08/18	19.17	19.30	19.02	19.05	1189499	22738884.00
2017/08/21	19.18	19.50	19.08	19.46	1143788	22092204.00
2017/08/22	19.46	19.80	19.25	19.35	1223506	23917824.00
2017/08/23	19.00	19.59	19.00	19.41	1047598	20247656.00
2017/08/24	19.31	20.85	19.26	20.15	3428599	68573432.00
2017/08/25	19.80	21.29	19.68	20.98	5230074	107690344.00
2017/08/28	20.56	21.93	20.43	21.92	5806972	123538256.00
2017/08/30	21.03	21.46	20.83	21.21	4310321	91091088.00
2017/08/31	21.17	21.38	20.81	21.32	2729224	57761692.00
2017/09/01	21.25	21.31	20.84	20.95	2392845	50287672.00
2017/09/04	20.82	21.36	20.58	21.02	2785878	58610720.00
2017/09/05	21.05	21.12	20.70	20.90	1595190	33380116.00
2017/09/06	20.94	21.13	20.80	21.08	1894684	39690364.00
2017/09/07	21.09	21.75	21.09	21.35	3566500	76552432.00
2017/09/08	21.10	21.10	20.51	20.67	2558926	53124408.00
2017/09/11	20.56	20.85	20.35	20.73	1470300	30419126.00
2017/09/12	20.73	20.79	20.30	20.31	1951400	39948128.00
2017/09/13	20.28	20.66	20.28	20.53	1199000	24523408.00
2017/09/14	20.53	20.77	20.36	20.37	1265100	26026738.00
2017/09/15	20.30	20.49	20.16	20.25	910200	18464946.00
2017/09/18	20.20	20.49	20.08	20.46	831700	16896588.00
2017/09/19	20.46	21.40	20.40	21.28	3282207	68886496.00
2017/09/20	21.07	21.28	20.81	21.19	2411207	50742640.00
2017/09/21	21.19	21.19	20.55	20.61	1953515	40929496.00
2017/09/22	20.52	20.64	20.11	20.45	1542588	31419028.00
2017/09/25	20.40	20.70	20.05	20.07	1165845	23787084.00
2017/09/26	19.92	20.29	19.06	19.22	1684745	32998484.00
2017/09/27	19.20	19.47	19.19	19.41	1112115	21550522.00
2017/09/28	19.42	20.38	19.42	19.95	2155066	42899092.00
2017/09/29	19.88	20.07	19.62	20.01	1260345	25051878.00
2017/10/09	20.37	20.61	20.02	20.16	1056900	21370654.00
2017/10/10	20.32	21.99	19.98	21.19	3581784	75813624.00
2017/10/11	20.95	21.66	20.95	21.21	3133374	66741152.00
2017/10/12	21.11	21.67	21.11	21.37	2937827	63002608.00
2017/10/13	21.37	21.46	20.90	21.29	1786612	37733856.00
2017/10/16	21.23	21.29	20.30	20.42	1954200	40436828.00
2017/10/17	20.31	21.60	20.31	21.50	3758861	79423016.00
2017/10/18	21.50	21.86	21.12	21.33	4299021	92657376.00
2017/10/19	21.27	21.47	20.19	20.30	2746068	56741516.00
2017/10/20	20.20	22.33	20.20	22.33	3636587	80097728.00
2017/10/23	23.75	23.80	22.60	22.65	12197468	283349216.00
2017/10/24	22.62	24.92	22.62	24.02	16595259	401148928.00
2017/10/25	23.00	23.87	22.51	23.50	10732125	248544704.00
2017/10/26	23.10	23.42	22.63	22.89	6451881	147934640.00
2017/10/27	22.70	23.25	22.55	22.92	3792698	86890016.00
2017/10/30	22.73	22.92	20.92	21.24	5190809	112924672.00
2017/10/31	21.10	21.96	21.01	21.85	3650784	78992320.00
2017/11/01	21.69	22.05	21.35	21.58	2910788	62982216.00
2017/11/02	21.35	21.64	20.50	20.61	3684606	76775320.00
2017/11/03	20.51	20.93	19.68	19.84	3108685	62623504.00
2017/11/06	19.97	20.29	19.84	20.25	1710594	34407088.00
2017/11/07	20.24	20.47	20.08	20.29	1587494	32167144.00
2017/11/08	20.21	20.76	20.21	20.42	1974608	40413840.00
2017/11/09	20.40	20.67	20.31	20.53	1621436	33195136.00
2017/11/10	20.58	20.61	20.20	20.33	1855600	37785736.00
2017/11/13	20.23	20.45	19.38	19.60	3560837	70623192.00
2017/11/14	19.57	19.57	19.01	19.16	2705264	51989712.00
2017/11/15	19.07	19.28	19.00	19.15	1240083	23718404.00
2017/11/16	19.10	19.18	18.57	18.60	1462462	27626630.00
2017/11/17	18.40	18.91	17.50	18.84	3023492	54772316.00
2017/11/20	18.20	18.75	18.00	18.65	1721424	31558748.00
2017/11/21	18.61	18.61	17.91	18.12	1393424	25391708.00
2017/11/22	18.00	18.25	17.91	18.18	1115400	20177192.00
2017/11/23	18.03	18.39	17.82	17.85	1146900	20772916.00
2017/11/24	17.61	17.79	17.38	17.43	1501077	26356030.00
2017/11/27	17.50	17.55	17.16	17.19	708500	12329220.00
2017/11/28	17.17	17.44	17.09	17.42	761924	13162086.00
2017/11/29	17.33	17.44	17.11	17.24	809300	13928595.00
2017/11/30	17.30	17.41	17.18	17.28	565629	9777902.00
2017/12/01	17.38	17.51	17.25	17.46	871100	15185322.00
2017/12/04	17.35	17.44	17.12	17.15	802700	13828168.00
2017/12/05	17.15	17.26	15.67	15.83	1859744	30328750.00
2017/12/06	15.83	15.99	15.17	15.68	1678800	26141714.00
2017/12/07	15.68	15.68	15.31	15.41	1474200	22815604.00
2017/12/08	15.41	15.73	15.23	15.68	2139698	33312208.00
2017/12/11	15.79	16.50	15.79	16.14	2561198	41550248.00
2017/12/12	16.01	16.05	15.60	15.64	1424498	22556280.00
2017/12/13	15.64	15.90	15.62	15.88	822100	12965698.00
2017/12/14	15.82	16.00	15.68	16.00	913568	14464130.00
2017/12/15	16.00	16.09	15.86	15.94	821400	13113252.00
2017/12/18	15.94	15.98	15.51	15.64	678991	10642451.00
2017/12/19	15.69	16.46	15.69	15.96	1377100	22161762.00
2017/12/20	16.00	16.10	15.73	15.79	769000	12181673.00
2017/12/21	15.79	15.87	15.51	15.76	701800	11002241.00
2017/12/22	15.73	15.92	15.60	15.64	517598	8162303.00
2017/12/25	15.66	15.88	15.32	15.52	678950	10540777.00
2017/12/26	15.52	16.10	15.25	16.08	1615889	25622970.00
2017/12/27	16.06	16.17	15.86	15.95	1155900	18453776.00
2017/12/28	15.93	16.45	15.86	16.12	1600064	25901506.00
2017/12/29	16.20	16.49	16.13	16.26	1100200	17903488.00
2018/01/02	16.40	16.60	16.12	16.37	860368	14010719.00
2018/01/03	16.43	16.53	16.30	16.48	1293166	21236854.00
2018/01/04	16.40	16.43	16.12	16.24	1370417	22261464.00
2018/01/05	16.33	16.35	16.13	16.24	760700	12359665.00
2018/01/08	16.25	16.49	16.04	16.16	781786	12628664.00
2018/01/09	16.05	16.26	16.05	16.22	701832	11359371.00
2018/01/10	16.13	16.68	16.07	16.63	2302162	37767788.00
2018/01/11	16.50	17.45	16.35	17.05	4088809	69378536.00
2018/01/12	17.00	17.10	16.64	16.87	2350509	39604744.00
2018/01/15	16.92	16.92	16.04	16.05	1732532	28339092.00
2018/01/16	16.03	16.40	16.03	16.29	1083778	17577740.00
2018/01/17	16.20	16.48	15.80	16.21	1275978	20545588.00
2018/01/18	16.13	16.49	16.13	16.42	1036378	16895476.00
2018/01/19	16.30	16.43	16.16	16.22	1255681	20415144.00
2018/01/22	16.18	16.55	15.81	16.31	1284800	20755618.00
2018/01/23	16.30	16.30	16.00	16.06	1320110	21309882.00
2018/01/24	16.06	16.33	15.89	16.27	1552910	25063296.00
2018/01/25	16.25	16.50	16.05	16.09	1447900	23615928.00
2018/01/26	15.95	16.28	15.90	16.22	1029149	16605283.00
2018/01/29	16.13	16.23	15.90	15.93	775053	12409174.00
2018/01/30	16.00	16.20	15.86	16.00	615100	9799322.00
2018/01/31	16.00	16.00	14.89	14.91	1452709	22316950.00
2018/02/01	15.00	15.02	13.85	13.96	1542036	22164220.00
2018/02/02	13.94	14.15	13.36	13.71	733400	10101503.00
2018/02/05	13.59	13.67	13.41	13.54	479926	6512433.00
2018/02/06	13.46	13.50	12.35	12.38	950400	12311029.00
2018/02/07	12.67	12.81	12.12	12.50	780752	9791267.00
2018/02/08	12.50	13.30	12.44	12.96	946383	12223773.00
2018/02/09	12.54	12.96	12.26	12.67	977345	12376470.00
2018/02/12	12.79	13.18	12.71	13.01	734900	9553017.00
2018/02/13	13.08	13.20	12.87	12.93	592085	7723809.00
2018/02/14	12.88	13.02	12.81	12.94	329100	4244427.00
2018/02/22	13.05	13.24	12.97	13.16	534498	7004276.00
2018/02/23	13.28	13.35	13.14	13.21	504100	6659359.00
2018/02/26	13.23	13.90	13.23	13.66	1103881	14933959.00
2018/02/27	13.70	13.92	13.50	13.76	1201278	16512760.00
2018/02/28	13.51	14.17	13.51	13.90	1582552	21947108.00
2018/03/01	13.80	14.57	13.70	14.47	2651678	37812688.00
2018/03/02	14.28	14.65	14.17	14.21	1891652	27207504.00
2018/03/05	14.23	14.41	14.21	14.40	829384	11861440.00
2018/03/06	14.51	14.57	14.34	14.45	1192927	17217016.00
2018/03/07	14.28	14.66	14.28	14.36	1207153	17478288.00
2018/03/08	14.36	14.68	14.20	14.52	1115910	16151129.00
2018/03/09	14.54	15.97	14.38	15.97	3546288	54611368.00
2018/03/12	16.38	16.86	15.95	16.26	4707107	76887192.00
2018/03/13	16.00	16.19	15.80	15.84	2451795	39196168.00
2018/03/14	15.70	15.97	15.11	15.14	3645509	56311652.00
2018/03/15	15.14	15.32	14.41	14.85	2453700	36487648.00
2018/03/16	14.77	15.06	14.76	14.83	1488664	22220176.00
2018/03/19	14.83	16.00	14.69	15.40	2860957	43925824.00
2018/03/20	15.22	15.37	14.89	15.16	1864500	28104172.00
2018/03/21	15.19	15.77	14.82	14.86	3195357	48973316.00
2018/03/22	14.80	15.87	14.80	15.41	3864820	59200352.00
2018/03/23	14.85	15.00	13.87	14.22	4263187	61409240.00
2018/03/26	13.78	14.50	13.50	14.48	2111384	29681324.00
2018/03/27	14.70	15.50	14.58	15.17	3300685	49792608.00
2018/03/28	14.90	16.38	14.75	15.61	5709374	89507304.00
2018/03/29	15.53	16.60	15.45	16.28	6815148	109815400.00
2018/03/30	16.34	16.84	15.86	16.77	6847546	111927528.00
2018/04/02	16.60	17.44	16.38	16.46	7183596	120526680.00
2018/04/03	16.13	16.16	15.75	16.06	3746792	59935632.00
2018/04/04	16.23	16.50	15.75	15.80	3302515	53212848.00
2018/04/09	15.69	16.41	15.68	16.18	2907614	46878076.00
2018/04/10	16.32	16.32	15.40	15.98	2859000	45440988.00
2018/04/11	16.05	17.58	15.89	17.58	3291900	56658408.00
2018/04/12	18.46	18.99	17.85	17.90	15601517	286227904.00
2018/04/13	17.45	18.38	17.05	17.12	8622588	152290064.00
2018/04/16	16.91	17.56	16.70	17.40	5563400	95479904.00
2018/04/17	17.38	17.43	16.19	16.33	4960334	83091944.00
2018/04/18	16.50	17.13	15.90	17.02	4739476	78528968.00
2018/04/19	16.86	17.45	16.66	16.92	4534910	77461904.00
2018/04/20	16.69	17.29	16.51	16.69	3722500	62758088.00
2018/04/23	15.80	15.98	15.02	15.02	4656776	71075912.00
2018/04/24	14.50	15.52	14.41	15.48	4732500	70973752.00
2018/04/25	15.25	16.11	15.16	16.06	4965083	78445184.00
2018/04/26	16.25	17.67	15.88	17.67	6371356	109556920.00
2018/04/27	18.50	18.95	16.59	16.62	11034080	194296304.00
2018/05/02	15.57	16.10	15.34	15.42	5679383	88848080.00
2018/05/03	15.31	16.69	15.31	16.58	5999895	96489776.00
2018/05/04	16.31	16.40	15.70	15.75	4401100	70652456.00
2018/05/07	15.60	16.34	15.60	16.22	4449396	71748040.00
2018/05/08	16.24	17.10	15.96	17.04	6019859	99383520.00
2018/05/09	17.39	18.74	17.17	18.74	8013750	145366944.00
2018/05/10	19.80	20.61	19.06	19.88	30181433	605602816.00
2018/05/11	20.66	21.87	20.62	21.87	27326501	591494592.00
2018/05/14	20.68	20.88	19.68	19.68	6816632	136893632.00
2018/05/15	18.80	21.65	18.03	21.65	33092712	646587648.00
2018/05/16	20.54	20.80	19.49	19.55	27601990	551995264.00
2018/05/17	18.85	19.40	18.60	19.06	14844127	280791808.00
2018/05/18	18.54	18.85	18.12	18.57	10836113	200708704.00
2018/05/21	18.57	19.24	18.57	18.97	11194145	212189360.00
2018/05/22	18.76	19.40	18.58	19.24	11871060	226785056.00
2018/05/23	18.70	19.88	18.50	19.33	13431300	258424000.00
2018/05/24	19.00	20.89	18.72	20.29	18737762	370289792.00
2018/05/25	19.91	20.60	19.50	19.69	13499640	269748416.00
2018/05/28	19.40	21.66	19.35	20.58	19672707	407854464.00
2018/05/29	19.95	20.65	18.52	18.52	15572173	303935776.00
2018/05/30	17.61	17.93	16.67	16.91	10382393	177933664.00
2018/05/31	17.18	17.49	16.92	17.26	6275620	108078552.00
2018/06/01	17.08	17.08	16.11	16.46	6079619	100976248.00
2018/06/04	16.68	16.76	16.35	16.58	3479700	57791008.00
2018/06/05	16.65	17.46	16.53	17.28	5520664	94514704.00
2018/06/06	17.13	17.96	17.09	17.92	7320997	128664832.00
2018/06/07	17.75	17.80	16.68	17.00	5894985	101453560.00
2018/06/08	16.72	17.35	16.40	17.27	4680920	79648144.00
2018/06/11	17.25	17.77	17.16	17.37	4836431	84492504.00
2018/06/12	17.15	17.50	16.60	17.39	4835985	82683976.00
2018/06/13	17.93	18.48	17.40	17.46	9559930	172082128.00
2018/06/14	16.55	17.18	16.53	16.77	5983841	100731632.00
2018/06/15	16.67	17.05	15.68	15.74	5136546	83146632.00
2018/06/19	15.25	15.25	14.17	14.17	4284746	62624952.00
2018/06/20	14.10	14.94	13.80	14.44	4807956	68806144.00
2018/06/21	14.30	14.58	13.07	13.30	4912401	67578192.00
2018/06/22	13.02	13.70	12.92	13.50	3329600	44809240.00
2018/06/25	13.77	13.85	13.40	13.64	2851832	38989848.00
2018/06/26	13.35	14.29	13.26	14.16	3670763	51237960.00
2018/06/27	14.04	14.33	13.88	14.08	2950233	41625932.00
2018/06/28	14.23	14.25	13.56	13.66	2633132	36671600.00
2018/06/29	13.70	14.48	13.65	14.35	4447432	63053696.00
2018/07/02	14.20	14.58	13.85	14.09	3617200	51713296.00
2018/07/03	14.03	15.50	13.88	15.50	4830700	71447536.00
2018/07/04	15.12	15.92	14.86	15.26	8554700	131519640.00
2018/07/05	15.04	15.39	14.56	14.98	5559400	82962464.00
2018/07/06	14.99	15.60	14.71	15.16	5982601	90858336.00
2018/07/09	15.17	15.57	15.00	15.44	4919901	75223984.00
2018/07/10	15.28	15.34	14.93	15.18	4696501	70990656.00
2018/07/11	14.60	14.64	13.75	14.43	5705232	81591696.00
2018/07/12	14.23	15.19	14.23	14.81	5231900	77374808.00
2018/07/13	14.86	15.01	14.44	14.61	3422500	50270676.00
2018/07/16	14.52	15.08	14.51	14.87	3602200	53487548.00
2018/07/17	15.20	15.61	14.86	15.18	6338700	96676328.00
2018/07/18	14.91	15.29	14.81	14.90	3549200	53254624.00
2018/07/19	14.81	14.88	14.10	14.18	3406399	49161416.00
2018/07/20	14.33	14.89	14.09	14.85	4101799	59726516.00
2018/07/23	14.53	14.90	14.50	14.78	3327700	48964072.00
2018/07/24	14.77	14.99	14.56	14.94	3117500	46303996.00
2018/07/25	14.92	15.30	14.80	14.83	4118716	62068528.00
2018/07/26	14.72	14.84	14.38	14.52	3039600	44103336.00
2018/07/27	14.53	14.53	14.20	14.24	1843300	26402252.00
2018/07/30	14.23	14.23	13.65	13.75	2201333	30556324.00
2018/07/31	13.59	13.87	13.59	13.80	1046100	14411169.00
2018/08/01	13.91	14.05	13.45	13.49	1469516	20260058.00
2018/08/02	13.40	13.49	12.50	12.87	2613716	33517608.00
2018/08/03	12.88	13.08	12.66	12.66	1104631	14213135.00
2018/08/06	12.65	12.80	12.24	12.27	1349399	16819144.00
2018/08/07	12.33	12.70	12.23	12.66	1788299	22400286.00
2018/08/08	12.55	12.77	12.31	12.33	1479215	18585392.00
2018/08/09	12.28	13.35	12.28	12.82	2874062	36981964.00
2018/08/10	12.72	12.99	12.68	12.97	2014332	25937448.00
2018/08/13	12.78	13.41	12.66	13.37	3108800	40831764.00
2018/08/14	13.16	13.37	13.11	13.20	1833516	24194894.00
2018/08/15	13.19	13.28	12.75	12.77	1677799	21721760.00
2018/08/16	12.75	12.98	12.38	12.79	1666231	21293932.00
2018/08/17	12.88	13.32	12.56	12.59	1966900	25511936.00
2018/08/20	12.56	13.10	12.56	13.03	2010299	25821844.00
2018/08/21	12.95	13.34	12.95	13.16	2545363	33517052.00
2018/08/22	13.11	13.19	12.65	12.76	1932400	24929620.00
2018/08/23	12.76	13.18	12.72	13.00	2147000	27940384.00
2018/08/24	13.08	13.33	12.95	13.19	2562799	33739852.00
2018/08/27	13.01	13.40	12.82	13.21	3526000	46192648.00
2018/08/28	13.17	13.38	13.09	13.30	2988100	39693328.00
2018/08/29	13.23	13.32	12.93	13.07	1941200	25462740.00
2018/08/30	13.05	13.99	13.01	13.06	3565000	47670332.00
2018/08/31	12.63	12.70	12.30	12.33	3502599	43707128.00
2018/09/03	12.31	12.34	11.80	12.22	2040116	24650770.00
2018/09/04	12.26	12.56	12.11	12.48	1606000	19875196.00
2018/09/05	12.46	12.57	12.10	12.10	1607100	19855800.00
2018/09/06	12.10	12.48	12.08	12.23	2126600	26176720.00
2018/09/07	12.43	12.53	12.15	12.29	1516700	18728968.00
2018/09/10	12.27	12.29	11.68	11.71	1754500	20917048.00
2018/09/11	11.73	11.94	11.71	11.78	1136400	13403729.00
2018/09/12	11.80	12.03	11.70	11.92	1191700	14193689.00
2018/09/13	11.99	12.18	11.88	12.02	1134100	13643628.00
2018/09/14	11.96	12.14	11.87	11.91	973399	11669846.00
2018/09/17	11.78	11.78	11.22	11.28	1640963	18638492.00
2018/09/18	11.28	11.61	11.28	11.57	1237700	14185066.00
2018/09/19	11.44	11.95	11.43	11.76	1885084	22126328.00
2018/09/20	11.76	11.92	11.66	11.68	948800	11176023.00
2018/09/21	11.87	11.88	11.62	11.86	947700	11174342.00
2018/09/25	11.82	11.95	11.80	11.88	816300	9704369.00
2018/09/26	11.89	11.98	11.66	11.78	983300	11585194.00
2018/09/27	11.78	11.80	11.30	11.31	1459400	16828004.00
2018/09/28	11.37	11.46	11.27	11.45	928520	10566021.00
2018/10/08	11.32	11.32	10.71	10.87	1317799	14525600.00
2018/10/09	10.99	11.08	10.74	10.93	931800	10142524.00
2018/10/10	10.88	11.08	10.80	11.00	936490	10253426.00
2018/10/11	10.60	10.60	9.90	9.90	2024014	20415250.00
2018/10/12	9.60	9.84	9.05	9.52	2174207	20702738.00
2018/10/15	9.53	9.80	9.30	9.49	970798	9291576.00
2018/10/16	9.50	9.74	9.30	9.55	1202170	11420873.00
2018/10/17	9.75	9.84	9.46	9.80	1684481	16303814.00
2018/10/18	9.72	9.72	9.39	9.56	1179300	11261133.00
2018/10/19	9.16	9.86	9.16	9.82	1611435	15574661.00
2018/10/22	9.97	10.37	9.78	10.24	2272982	23083332.00
2018/10/23	10.24	10.28	9.91	9.94	1887757	18996120.00
2018/10/24	9.87	10.06	9.81	9.91	999067	9951407.00
2018/10/25	9.67	9.75	9.50	9.67	1634900	15739229.00
2018/10/26	9.82	9.99	9.70	9.80	1431500	14102688.00
2018/10/29	9.84	9.88	9.52	9.79	2239299	21799994.00
2018/10/30	9.70	9.77	9.22	9.65	1919900	18284444.00
2018/10/31	9.61	9.95	9.61	9.88	1893353	18593160.00
2018/11/01	10.16	10.35	10.02	10.03	2417110	24586112.00
2018/11/02	10.30	10.55	10.00	10.38	3215890	33471728.00
2018/11/05	10.39	10.74	10.24	10.49	2610663	27408972.00
2018/11/06	10.52	10.55	10.19	10.55	1819100	18810946.00
2018/11/07	10.66	11.28	10.61	10.65	4057981	44241944.00
2018/11/08	10.74	10.74	10.28	10.31	2633300	27634512.00
2018/11/09	10.20	10.47	10.20	10.38	1423000	14755496.00
2018/11/12	10.32	10.70	10.30	10.70	2112056	22352392.00
2018/11/13	10.48	10.98	10.42	10.89	2577610	27815440.00
2018/11/14	10.99	11.00	10.77	10.86	2222200	24247656.00
2018/11/15	10.97	11.28	10.91	11.25	2935407	32607660.00
2018/11/16	11.26	11.66	11.21	11.34	3072855	35050108.00
2018/11/19	11.45	11.45	11.14	11.31	1825899	20547758.00
2018/11/20	11.24	11.38	10.92	10.98	1986500	22171044.00
2018/11/21	10.79	11.05	10.78	11.00	1387600	15185732.00
2018/11/22	10.97	11.29	10.97	11.11	1913956	21348772.00
2018/11/23	11.08	11.18	10.30	10.39	2164600	22992672.00
2018/11/26	10.55	11.43	10.44	10.83	5278700	58462388.00
2018/11/27	10.88	11.91	10.86	11.91	6263400	72172144.00
2018/11/28	11.95	12.49	11.61	11.73	12641355	152372688.00
2018/11/29	11.72	11.95	11.30	11.81	8924398	103767864.00
2018/11/30	12.18	12.99	12.18	12.35	13217312	165103584.00
2018/12/03	12.20	13.59	12.07	13.59	14132130	179678800.00
2018/12/04	13.08	13.56	12.91	13.02	12373598	162871936.00
2018/12/05	12.56	12.67	12.27	12.35	7171138	89148448.00
2018/12/06	12.17	12.49	12.00	12.12	4125955	50442552.00
2018/12/07	12.10	12.44	12.08	12.14	4091175	50118616.00
2018/12/10	12.24	12.31	11.73	12.00	3432720	41167424.00
2018/12/11	12.04	12.24	11.90	12.08	2766420	33274184.00
2018/12/12	12.11	12.21	11.90	11.97	2204820	26485980.00
2018/12/13	11.99	11.99	11.60	11.88	3179855	37568496.00
2018/12/14	11.77	11.89	11.19	11.24	3370255	38621276.00
2018/12/17	11.29	11.35	11.11	11.32	1511200	17011660.00
2018/12/18	11.20	11.40	11.10	11.33	1460200	16474732.00
2018/12/19	11.50	11.50	11.11	11.14	1008100	11343184.00
2018/12/20	11.12	11.48	11.10	11.43	1780155	20143820.00
2018/12/21	11.38	11.78	11.30	11.48	2339300	27022464.00
2018/12/24	11.55	11.77	11.46	11.66	1917300	22259168.00
2018/12/25	11.48	11.52	11.01	11.40	2314900	26091288.00
2018/12/26	11.37	11.58	11.27	11.28	1837508	20969972.00
2018/12/27	11.45	11.60	11.21	11.25	1967506	22497992.00
2018/12/28	11.26	11.30	10.95	11.15	1634100	18205408.00
2019/01/02	11.10	11.33	11.10	11.17	1262400	14147733.00
2019/01/03	11.19	11.28	10.77	10.77	1478400	16398451.00
2019/01/04	10.76	11.39	10.66	11.26	2263900	25079678.00
2019/01/07	11.33	11.70	11.33	11.69	2629300	30424928.00
2019/01/08	11.71	11.71	11.45	11.52	1943383	22419244.00
2019/01/09	11.45	11.69	11.40	11.44	2108120	24395400.00
2019/01/10	11.34	11.92	11.34	11.70	3197320	37423996.00
2019/01/11	11.96	11.96	11.45	11.59	2831151	32863724.00
2019/01/14	11.47	11.57	11.13	11.19	2615682	29499620.00
2019/01/15	11.12	11.44	11.12	11.35	1748308	19674728.00
2019/01/16	11.40	11.93	11.30	11.83	5711808	67138712.00
2019/01/17	11.68	11.74	11.40	11.50	2868700	33195708.00
2019/01/18	11.36	11.59	11.20	11.39	1877284	21300100.00
2019/01/21	11.32	11.47	11.30	11.36	1273400	14481275.00
2019/01/22	11.32	11.39	11.15	11.18	1258900	14135458.00
2019/01/23	11.18	11.18	10.92	11.00	1304251	14385986.00
2019/01/24	11.15	11.36	11.05	11.10	2257600	25267164.00
2019/01/25	10.95	11.32	10.95	11.19	1869851	20945432.00
2019/01/28	11.18	11.30	10.89	10.92	1890400	20980832.00
2019/01/29	10.92	10.92	9.83	10.28	2504100	25863368.00
2019/01/30	9.95	10.24	9.82	10.07	1547200	15606854.00
2019/01/31	9.82	10.14	9.32	9.44	2450100	23840512.00
2019/02/01	9.63	10.05	9.61	10.00	2024766	19973014.00
2019/02/11	10.13	10.36	10.09	10.32	1446300	14868313.00
2019/02/12	10.48	10.60	10.32	10.38	1629200	17001630.00
2019/02/13	10.48	10.73	10.37	10.65	2079300	22034432.00
2019/02/14	10.70	10.81	10.64	10.68	1603100	17179516.00
2019/02/15	10.69	10.86	10.45	10.73	1580700	17011436.00
2019/02/18	10.74	11.23	10.74	11.15	2488104	27531286.00
2019/02/19	11.17	11.79	11.13	11.38	4392431	50185920.00
2019/02/20	11.36	11.88	11.21	11.56	3433904	39702692.00
2019/02/21	11.52	11.64	11.23	11.32	3389400	38713056.00
2019/02/22	11.69	11.95	11.48	11.68	4833231	56358992.00
2019/02/25	11.69	12.28	11.69	12.25	6884201	82644512.00
2019/02/26	12.19	12.36	11.87	11.97	5983300	72223416.00
2019/02/27	11.92	12.19	11.60	11.89	4075149	48650748.00
2019/02/28	11.87	12.07	11.75	11.89	2672200	31799140.00
2019/03/01	11.86	12.00	11.81	11.95	2832094	33726608.00
2019/03/04	12.77	12.86	12.28	12.41	7667683	96140032.00
2019/03/05	11.62	13.13	11.62	13.05	9002155	114773856.00
2019/03/06	13.00	13.94	12.70	13.58	9199022	120511424.00
2019/03/07	13.46	14.49	13.28	14.13	9512689	132078096.00
2019/03/08	13.70	15.54	13.50	14.89	15200167	228737056.00
2019/03/11	15.42	15.57	14.52	15.06	16001303	241018144.00
2019/03/12	14.65	15.31	14.65	15.10	10790767	162258736.00
2019/03/13	15.00	15.03	13.79	14.00	9090020	130848648.00
2019/03/14	14.00	14.00	12.98	13.27	5320800	71426304.00
2019/03/15	13.25	13.57	13.03	13.46	4071020	54471324.00
2019/03/18	13.39	13.70	13.16	13.67	3267819	44101132.00
2019/03/19	13.67	14.24	13.52	13.91	4831656	67153496.00
2019/03/20	13.82	14.20	13.58	13.82	3905341	54095028.00
2019/03/21	13.78	14.33	13.78	14.07	5099900	72149352.00
2019/03/22	14.02	14.39	13.90	14.12	4344261	61590472.00
2019/03/25	13.80	14.20	13.73	13.93	3167400	44359816.00
2019/03/26	14.14	14.98	13.78	13.93	6955447	100144808.00
2019/03/27	14.06	14.38	13.25	13.46	4590300	61981260.00
2019/03/28	13.39	13.74	13.08	13.09	3540620	47456584.00
2019/03/29	13.11	13.59	12.91	13.53	4272884	56955004.00
2019/04/01	13.54	14.28	13.54	14.24	5290396	74535456.00
2019/04/02	14.30	14.75	14.20	14.38	5833231	84272584.00
2019/04/03	14.67	15.10	14.30	14.78	7053814	104341840.00
2019/04/04	14.78	16.26	14.53	15.62	13886769	218409856.00
2019/04/08	15.37	15.69	14.48	14.79	9368234	140848736.00
2019/04/09	14.69	15.17	14.40	14.70	5012600	74091480.00
2019/04/10	14.50	15.07	14.31	14.78	4552400	66912536.00
2019/04/11	14.75	14.82	14.26	14.26	3578888	51881800.00
2019/04/12	14.25	14.61	14.20	14.40	2629046	37904564.00
2019/04/15	14.56	15.20	14.48	14.50	3522449	52134492.00
2019/04/16	14.33	14.90	13.76	14.84	5166506	73720448.00
2019/04/17	14.70	14.80	14.41	14.56	3281005	47923844.00
2019/04/18	14.53	14.58	14.10	14.19	2878800	41220592.00
2019/04/19	14.25	14.48	14.02	14.39	2809021	40177496.00
2019/04/22	14.75	14.99	14.40	14.42	4496667	66129216.00
2019/04/23	14.43	14.50	13.73	13.76	3716359	51861216.00
2019/04/24	13.76	13.96	13.33	13.93	3362443	46066904.00
2019/04/25	13.79	13.92	12.98	13.00	3476000	46635912.00
2019/04/26	13.15	13.64	13.01	13.34	3098453	41403112.00
2019/04/29	13.45	13.59	12.82	12.87	3572099	47552276.00
2019/04/30	13.11	13.72	12.87	13.48	2997031	40285812.00
2019/05/06	13.12	13.12	12.13	12.15	4500356	56688768.00
2019/05/07	12.16	12.65	12.16	12.37	2541600	31526080.00
2019/05/08	12.04	12.66	11.84	12.47	2186175	27216232.00
2019/05/09	12.62	12.86	12.42	12.47	1827789	23098880.00
2019/05/10	12.56	13.08	12.35	13.01	3530016	45257052.00
2019/05/13	12.85	13.26	12.80	13.05	2558870	33421420.00
2019/05/14	12.95	13.29	12.62	12.86	2398304	31260938.00
2019/05/15	13.00	13.16	12.98	13.11	2460124	32200048.00
2019/05/16	13.10	13.25	12.91	13.19	2637466	34573752.00
2019/05/17	13.15	13.22	12.42	12.56	3134350	40225036.00
2019/05/20	12.78	13.05	12.61	12.92	2434457	31215608.00
2019/05/21	12.84	13.85	12.80	13.47	4731845	62929308.00
2019/05/22	13.28	14.82	13.28	14.82	5135394	74230584.00
2019/05/23	16.30	16.30	16.10	16.30	24445072	398378176.00
2019/05/24	15.20	16.29	14.67	14.69	26474135	407797344.00
2019/05/27	14.44	16.16	14.11	16.16	20147635	306654240.00
2019/05/28	16.09	17.78	15.80	17.78	33341470	577013184.00
2019/05/29	17.50	19.56	16.59	18.50	35387921	623119808.00
2019/05/30	17.52	17.54	16.65	16.65	21635848	365573920.00
2019/05/31	16.16	17.49	16.11	16.46	17056370	287534400.00
2019/06/03	16.98	17.09	15.84	16.60	14356682	238351616.00
2019/06/04	16.21	16.22	14.94	15.22	14497874	223308032.00
2019/06/05	15.49	15.49	15.02	15.23	8879187	135748896.00
2019/06/06	15.03	15.10	14.38	14.52	7864270	115896720.00
2019/06/10	14.79	15.28	14.58	15.15	8163270	122173256.00
2019/06/11	15.40	16.67	14.91	16.67	18211519	291524768.00
2019/06/12	17.00	17.49	16.50	16.86	22490514	382112832.00
2019/06/13	16.51	17.50	16.35	16.97	17313773	296077312.00
2019/06/14	16.61	16.95	15.78	16.18	11972300	194895808.00
2019/06/17	16.14	16.44	16.02	16.26	6149579	99821584.00
2019/06/18	16.30	16.32	15.51	15.65	6779599	107376696.00
2019/06/19	16.19	17.22	15.90	17.22	22496427	381035200.00
2019/06/20	16.72	17.38	16.51	17.17	18340503	310173248.00
2019/06/21	17.18	17.95	16.94	17.10	16342325	283256928.00
2019/06/24	17.33	17.77	16.86	17.23	12181212	210089664.00
2019/06/25	17.12	17.12	16.41	16.64	9097300	151856672.00
2019/06/26	16.55	16.82	16.31	16.53	5648800	93659456.00
2019/06/27	16.59	16.98	16.50	16.80	6951274	116434512.00
2019/06/28	16.63	16.65	15.83	16.00	7751000	124805808.00
2019/07/01	16.28	16.73	16.22	16.54	7360915	121498136.00
2019/07/02	16.45	16.67	15.88	16.00	7553688	122363696.00
2019/07/03	16.15	16.15	15.55	15.61	5776714	90583128.00
2019/07/04	15.70	16.21	15.20	15.38	7049514	110650768.00
2019/07/05	15.51	15.62	15.22	15.56	3936400	60900824.00
2019/07/08	15.45	15.45	14.06	14.39	6486814	95052192.00
2019/07/09	14.39	14.85	14.39	14.66	3876914	56678852.00
2019/07/10	14.73	16.13	14.69	16.13	10587143	168207616.00
2019/07/11	16.00	16.98	15.67	16.39	18238823	295727264.00
2019/07/12	16.00	16.38	15.86	15.95	9749012	156398912.00
2019/07/15	15.87	17.55	15.87	17.55	14397452	244095648.00
2019/07/16	18.25	19.20	17.62	18.10	26644839	484427392.00
2019/07/17	17.55	17.93	17.23	17.85	15866845	279524928.00
2019/07/18	17.45	17.50	16.80	17.07	11123845	190337264.00
2019/07/19	17.28	18.48	17.14	18.17	20384133	365660096.00
2019/07/22	17.61	17.64	16.35	16.40	14920135	248646144.00
2019/07/23	16.63	17.99	16.63	17.75	16200679	283334176.00
2019/07/24	17.54	18.75	17.54	17.94	17788823	322582752.00
2019/07/25	18.50	19.36	18.17	18.37	20271056	379408096.00
2019/07/26	18.39	18.79	17.68	17.87	14346498	258691520.00
2019/07/29	17.78	18.17	17.55	17.79	11047747	197627088.00
2019/07/30	17.70	19.57	17.66	19.57	18923317	360476480.00
2019/07/31	20.26	20.26	18.65	19.00	25101613	486480544.00
2019/08/01	18.87	19.36	18.68	19.28	17818902	339482048.00
2019/08/02	18.39	19.10	18.31	18.80	13357537	249632416.00
2019/08/05	18.78	19.80	18.61	19.30	18539377	358391744.00
2019/08/06	18.31	19.65	17.70	19.64	17140620	316837504.00
2019/08/07	19.32	20.20	18.41	18.52	15579020	300985664.00
2019/08/08	18.26	18.91	17.83	18.13	12526541	228363520.00
2019/08/09	18.28	18.66	17.60	17.89	11949500	216972640.00
2019/08/12	17.69	18.20	17.42	18.16	9814791	175141040.00
2019/08/13	17.83	18.10	17.53	17.60	8122200	143982688.00
2019/08/14	17.92	18.00	17.20	17.22	9783000	172333488.00
2019/08/15	16.53	17.66	16.36	17.55	11034300	187888176.00
2019/08/16	17.50	18.09	17.18	17.61	11262000	198796480.00
2019/08/19	17.80	18.36	17.51	18.24	13283661	239746496.00
2019/08/20	18.24	18.77	18.01	18.63	14160591	260431040.00
2019/08/21	18.44	18.55	18.09	18.33	8017363	146779824.00
2019/08/22	18.22	18.47	17.89	18.29	6823900	124295848.00
2019/08/23	18.22	18.45	17.51	17.52	8403900	150592096.00
2019/08/26	16.90	17.38	16.82	17.25	5450000	93420048.00
2019/08/27	17.49	17.68	17.20	17.33	6802008	118352968.00
2019/08/28	17.32	17.45	16.92	17.17	5756308	98495728.00
2019/08/29	17.17	18.45	17.11	18.00	12857310	230944592.00
2019/08/30	17.99	18.39	17.58	17.65	11560200	208656000.00
2019/09/02	17.64	18.65	17.50	18.59	12560200	228259024.00
2019/09/03	18.58	18.75	18.22	18.44	11387900	210044176.00
2019/09/04	18.31	18.50	17.90	18.29	9015078	164317456.00
2019/09/05	18.29	19.11	18.29	18.56	14602477	273110048.00
2019/09/06	18.56	18.71	18.00	18.36	10038900	184394736.00
2019/09/09	18.56	19.50	18.28	19.28	16066533	304518272.00
2019/09/10	19.10	19.10	18.30	18.75	13564091	253479072.00
2019/09/11	18.76	18.82	18.30	18.32	6753547	124767936.00
2019/09/12	18.44	18.69	18.18	18.56	6589669	121633896.00
2019/09/16	18.56	19.48	18.42	19.14	14067547	268980928.00
2019/09/17	18.99	18.99	18.26	18.40	8371837	155031872.00
2019/09/18	18.26	18.47	17.99	18.05	5846000	106244672.00
2019/09/19	18.17	18.48	17.96	18.47	4453255	81094200.00
2019/09/20	18.40	18.65	18.18	18.21	4588569	84428328.00
2019/09/23	18.05	18.43	17.50	18.43	4575055	82377440.00
2019/09/24	18.48	18.77	18.20	18.44	5789239	106880608.00
2019/09/25	18.19	18.47	17.63	17.69	4924463	88563136.00
2019/09/26	17.71	17.80	16.50	16.52	5538700	93843488.00
2019/09/27	16.57	16.95	16.57	16.73	2564100	43099564.00
2019/09/30	16.72	16.94	16.66	16.66	1574100	26422632.00
2019/10/08	16.87	16.98	16.60	16.65	1608600	27054948.00
2019/10/09	16.48	17.00	16.06	16.98	2214000	36964944.00
2019/10/10	16.99	17.27	16.99	17.17	2673170	45825776.00
2019/10/11	17.49	17.49	16.88	17.14	2782270	47576312.00
2019/10/14	17.30	17.45	17.15	17.30	3312945	57338352.00
2019/10/15	17.17	17.33	16.80	16.90	2037100	34510524.00
2019/10/16	16.91	17.15	16.80	17.00	1960400	33255320.00
2019/10/17	17.00	17.28	16.85	16.93	2251337	38374484.00
2019/10/18	16.97	17.21	16.52	16.53	2911200	48877792.00
2019/10/21	16.50	16.53	15.40	16.30	2402578	38851580.00
2019/10/22	16.33	16.58	16.26	16.50	1831100	30143692.00
2019/10/23	16.85	18.08	16.85	17.33	9053900	159100000.00
2019/10/24	16.84	17.18	16.68	16.91	4948036	83675856.00
2019/10/25	16.80	16.80	16.40	16.72	3238436	53716120.00
2019/10/28	17.28	17.45	17.00	17.42	5409100	93505952.00
2019/10/29	17.57	17.57	17.05	17.05	3882300	66830888.00
2019/10/30	17.05	17.30	16.68	17.08	3152300	53666464.00
2019/10/31	16.96	17.05	16.52	16.63	2746000	45927840.00
2019/11/01	16.48	16.75	16.30	16.63	1785000	29673966.00
2019/11/04	16.65	16.86	16.53	16.55	1562587	26114000.00
2019/11/05	16.56	16.77	16.05	16.39	2392969	39075176.00
2019/11/06	16.39	16.41	15.85	16.06	2874900	46211000.00
2019/11/07	16.11	16.28	15.88	16.11	1807176	29099220.00
2019/11/08	16.20	16.41	16.11	16.12	1844585	30011648.00
2019/11/11	16.12	16.12	15.40	15.40	2660244	41521372.00
2019/11/12	15.55	15.59	15.00	15.41	1791132	27348640.00
2019/11/13	15.55	15.55	15.17	15.23	1188000	18118330.00
2019/11/14	15.13	15.32	15.07	15.24	1594309	24243026.00
2019/11/15	15.27	15.27	14.93	14.98	1718600	25928992.00
2019/11/18	14.98	15.30	14.81	15.30	1957488	29673800.00
2019/11/19	15.38	16.08	15.25	15.86	4002410	62744444.00
2019/11/20	15.90	16.28	15.77	15.93	4554969	73004928.00
2019/11/21	15.80	16.26	15.80	16.12	2572969	41331736.00
2019/11/22	16.07	16.22	15.68	15.78	2448391	38941012.00
2019/11/25	15.85	15.96	15.23	15.33	1958200	30223508.00
2019/11/26	15.53	15.55	14.95	15.19	2072791	31460616.00
2019/11/27	15.31	15.31	14.87	14.93	2053400	30766528.00
2019/11/28	14.93	15.03	14.48	14.58	2842244	41802640.00
2019/11/29	14.55	14.80	14.51	14.65	1854100	27184908.00
2019/12/02	14.87	14.87	14.66	14.68	1233035	18189748.00
2019/12/03	14.69	14.90	14.45	14.90	1785500	26300120.00
2019/12/04	14.81	14.95	14.72	14.85	1332200	19781520.00
2019/12/05	14.92	15.27	14.80	15.15	2551191	38436424.00
2019/12/06	15.13	15.33	15.00	15.31	2369591	35975256.00
2019/12/09	15.40	15.63	15.19	15.31	2349900	36168668.00
2019/12/10	15.37	15.47	15.22	15.45	2311600	35536064.00
2019/12/11	15.40	15.70	15.23	15.49	2584369	39942320.00
2019/12/12	15.56	15.59	15.35	15.40	2188200	33862904.00
2019/12/13	15.49	15.61	15.41	15.57	2431500	37744844.00
2019/12/16	15.74	15.96	15.59	15.91	2957700	46930268.00
2019/12/17	15.95	16.17	15.87	16.01	3498670	56058476.00
2019/12/18	15.97	16.30	15.95	16.10	2901400	46829116.00
2019/12/19	16.16	16.68	16.04	16.55	4609200	75451008.00
2019/12/20	16.49	16.58	15.95	15.97	3409100	55328144.00
2019/12/23	15.75	15.88	15.40	15.40	2732095	42627372.00
2019/12/24	15.35	15.63	15.35	15.62	1914755	29641048.00
2019/12/25	15.56	16.14	15.51	16.08	3423583	54620252.00
2019/12/26	15.98	16.99	15.91	16.50	7004603	115870784.00
2019/12/27	16.79	17.28	16.36	16.37	7422259	124619504.00
2019/12/30	16.39	16.93	15.83	16.56	6232771	102440648.00
2019/12/31	16.57	17.03	16.25	16.97	7222645	120988976.00
2020/01/02	16.98	18.67	16.90	18.67	6616784	121664584.00
2020/01/03	19.86	19.86	18.11	18.23	21524560	405995776.00
2020/01/06	18.48	19.78	18.33	19.00	17186309	326391840.00
2020/01/07	18.98	20.90	18.56	20.90	14667474	290388928.00
2020/01/08	21.51	22.10	20.50	20.81	25385552	542190272.00
2020/01/09	20.53	21.50	20.33	20.85	14927800	312002880.00
2020/01/10	20.68	21.35	20.40	20.74	10816682	225243632.00
2020/01/13	20.50	21.36	19.91	21.19	11718100	243413648.00
2020/01/14	21.60	21.60	20.58	20.58	9399634	196928880.00
2020/01/15	20.60	21.38	20.46	21.02	8592018	179817744.00
2020/01/16	21.21	21.80	20.67	21.06	10053382	212728640.00
2020/01/17	20.64	21.67	20.61	21.16	9922228	210810976.00
2020/01/20	20.99	21.67	20.00	21.67	13420107	279128544.00
2020/01/21	21.38	23.44	21.25	22.20	13870836	310191584.00
2020/01/22	21.80	23.37	21.22	23.34	11693546	261206944.00
2020/01/23	23.00	24.68	22.20	22.58	13268635	312037408.00
2020/02/03	20.32	20.32	20.32	20.32	1476400	30000448.00
2020/02/04	18.34	22.12	18.34	21.61	13182955	273089888.00
2020/02/05	21.75	23.34	21.22	22.50	11566905	258937472.00
2020/02/06	24.00	24.75	23.71	24.75	7019142	171508000.00
2020/02/07	26.99	26.99	23.67	25.14	20380893	515549056.00
2020/02/10	24.60	25.98	24.01	25.27	12469032	313998976.00
2020/02/11	25.01	25.27	23.50	23.60	12798627	307696384.00
2020/02/12	23.50	24.33	23.35	24.17	8762662	210346272.00
2020/02/13	23.85	24.20	23.25	23.42	8557681	202392320.00
2020/02/14	23.40	23.87	22.85	23.25	8599670	200497840.00
2020/02/17	23.65	24.18	23.25	23.95	8189929	194527216.00
2020/02/18	24.18	25.21	23.82	25.04	12020082	296398528.00
2020/02/19	24.64	25.02	24.08	24.15	10699044	262060784.00
2020/02/20	24.81	26.57	24.81	26.57	8680737	229337792.00
2020/02/21	29.23	29.23	29.23	29.23	2200008	64306232.00
2020/02/24	32.15	32.15	32.15	32.15	1005700	32333256.00
2020/02/25	32.90	35.37	32.45	35.37	37588330	1291806080.00
2020/02/26	33.03	33.90	31.83	31.83	22771898	740929984.00
2020/02/27	31.00	31.47	28.65	29.30	26683991	781700032.00
2020/02/28	27.00	28.00	26.37	26.37	16608816	448098720.00
2020/03/02	26.40	28.58	26.40	27.94	15745765	433259136.00
2020/03/03	28.58	29.90	27.25	27.49	17509713	500480352.00
2020/03/04	26.88	27.65	25.80	26.80	13680298	365706016.00
2020/03/05	27.40	27.76	26.15	26.91	12300651	331157824.00
2020/03/06	26.26	26.99	25.90	26.40	8749939	231259312.00
2020/03/09	25.90	26.11	24.10	24.11	10912999	273201824.00
2020/03/10	23.82	25.47	23.79	25.44	9919147	245245200.00
2020/03/11	25.62	25.94	24.49	24.50	8222026	207114080.00
2020/03/12	23.91	25.10	23.80	24.34	6817699	166141872.00
2020/03/13	22.73	24.23	22.73	23.90	7894384	184666960.00
2020/03/16	24.18	24.30	21.88	22.32	8135260	188556032.00
2020/03/17	22.77	22.93	21.43	22.90	6826500	153586048.00
2020/03/18	23.25	24.48	22.96	23.19	10297517	243768128.00
2020/03/19	23.62	25.51	23.43	25.51	11527858	280990752.00
2020/03/20	26.00	26.60	24.97	25.96	15049918	388302496.00
2020/03/23	25.30	26.47	24.71	24.86	11625954	299235136.00
2020/03/24	25.70	27.35	25.68	27.04	19859881	532127776.00
2020/03/25	27.10	27.18	26.01	27.06	17324330	461009824.00
2020/03/26	26.60	26.62	25.35	25.40	11286646	293367776.00
2020/03/27	25.75	25.80	23.78	23.92	10471960	257090912.00
2020/03/30	22.88	23.15	21.60	21.65	10396660	228026928.00
2020/03/31	22.01	22.23	21.27	21.35	6010181	130594600.00
2020/04/01	21.21	21.97	20.89	21.47	5488378	118058744.00
2020/04/02	21.60	22.40	21.30	22.39	6689200	146491168.00
2020/04/03	22.30	22.30	21.48	21.55	5547200	120863048.00
2020/04/07	22.01	22.52	22.01	22.32	7047600	157034160.00
2020/04/08	22.27	22.88	22.26	22.45	6579800	148181760.00
2020/04/09	22.78	24.03	22.41	23.70	11928000	277682624.00
2020/04/10	23.84	23.84	21.83	22.00	9383360	213424464.00
2020/04/13	21.50	21.68	21.00	21.14	4275100	90975632.00
2020/04/14	21.42	21.88	21.30	21.80	3900324	84257808.00
2020/04/15	22.02	22.02	21.40	21.45	4348700	94542744.00
2020/04/16	21.44	22.45	21.15	22.22	6400978	140492560.00
2020/04/17	22.22	22.57	21.80	22.56	7392060	165085696.00
2020/04/20	22.99	22.99	22.25	22.64	6860490	154799680.00
2020/04/21	22.45	22.85	22.17	22.85	6480965	146404752.00
2020/04/22	22.40	22.82	22.27	22.65	4897800	110250152.00
2020/04/23	22.71	22.86	22.00	22.02	4627377	103240160.00
2020/04/24	21.89	22.43	21.18	21.36	4589560	99453000.00
2020/04/27	21.30	21.58	21.01	21.11	3268600	69534104.00
2020/04/28	21.12	21.24	19.38	20.50	4860600	98858056.00
2020/04/29	20.30	20.76	20.21	20.62	2905977	59846944.00
2020/04/30	20.69	22.03	20.69	21.71	5470000	118360720.00
2020/05/06	21.49	22.97	21.40	22.86	7099893	159014640.00
2020/05/07	23.19	23.61	22.74	23.22	8224777	190003328.00
2020/05/08	23.20	23.86	23.18	23.35	8842321	207886784.00
2020/05/11	23.68	23.75	22.93	23.08	5963900	138821696.00
2020/05/12	23.21	23.60	22.71	23.24	4749100	109980112.00
2020/05/13	23.45	23.45	22.86	23.02	3410000	78577640.00
2020/05/14	22.90	23.19	22.70	22.76	3644677	83461352.00
2020/05/15	22.90	23.55	22.80	23.00	5514300	127831168.00
2020/05/18	22.99	23.77	22.63	23.15	7318407	170889280.00
2020/05/19	23.46	23.46	22.73	23.29	5870200	135588720.00
2020/05/20	23.14	23.30	22.36	22.60	5643900	128217264.00
2020/05/21	22.70	22.78	21.60	21.65	4719000	103956704.00
2020/05/22	21.59	21.87	20.90	20.93	3983940	84970600.00
2020/05/25	21.02	21.20	20.60	20.84	2496040	52098708.00
2020/05/26	21.05	21.63	21.00	21.53	2884100	61715296.00
2020/05/27	22.35	22.40	21.23	21.50	5287635	115377120.00
2020/05/28	21.18	21.78	20.75	21.28	4048292	85933560.00
2020/05/29	21.09	21.80	20.94	21.64	4572217	98577944.00
2020/06/01	21.88	22.96	21.71	22.84	7499065	168451216.00
2020/06/02	22.84	23.80	22.75	23.28	9763775	227993392.00
2020/06/03	23.40	23.46	22.70	22.70	5860707	134544800.00
2020/06/04	22.85	22.98	22.55	22.69	3949229	89817248.00
2020/06/05	22.70	22.88	22.39	22.79	4035029	91438224.00
2020/06/08	22.83	23.08	22.58	22.65	3457000	78865704.00
2020/06/09	22.56	22.96	22.31	22.94	4233740	96155624.00
2020/06/10	22.70	22.76	22.05	22.17	4741700	105598824.00
2020/06/11	22.25	22.66	22.06	22.18	3687471	82440880.00
2020/06/12	21.40	22.18	21.38	21.92	2857800	62306584.00
2020/06/15	21.80	22.43	21.71	21.95	3222100	71292064.00
2020/06/16	22.55	22.56	22.13	22.38	3250429	72538760.00
2020/06/17	22.39	23.74	22.18	23.05	8239200	189294944.00
2020/06/18	22.90	23.35	22.71	23.04	5454500	125501800.00
2020/06/19	23.02	23.23	22.80	22.89	3676900	84420208.00
2020/06/22	22.90	23.37	22.89	23.34	6063635	140681568.00
2020/06/23	23.20	23.30	22.79	23.06	3937942	90546424.00
2020/06/24	22.99	23.11	22.79	22.96	2883500	66074224.00
2020/06/29	22.91	23.46	22.67	22.80	4906400	112917656.00
2020/06/30	22.88	23.60	22.87	23.57	8599200	201075440.00
2020/07/01	25.93	25.93	25.93	25.93	3131671	81204232.00
2020/07/02	26.50	27.16	26.16	26.93	24870849	663499200.00
2020/07/03	26.50	26.66	25.88	26.29	13782384	361160576.00
2020/07/06	26.36	28.10	26.36	27.69	14430327	393585408.00
2020/07/07	27.70	29.60	27.20	27.89	15120751	430817216.00
2020/07/08	27.63	29.20	27.41	28.95	11938297	340601536.00
2020/07/09	29.22	29.48	28.41	29.06	14354924	415266016.00
2020/07/10	28.80	30.30	27.70	29.78	15694602	454244576.00
2020/07/13	29.47	30.66	29.21	30.30	12762260	383415392.00
2020/07/14	30.00	30.18	28.30	29.00	10812957	316719904.00
2020/07/15	29.10	29.27	27.33	27.68	8414297	237365008.00
2020/07/16	27.69	28.35	26.80	26.81	7125433	196738352.00
2020/07/17	26.83	28.98	26.48	28.23	10697431	300748640.00
2020/07/20	28.40	29.12	28.06	28.93	8225902	236493424.00
2020/07/21	28.90	29.22	28.28	28.87	6829202	196018752.00
2020/07/22	28.95	29.34	28.49	28.80	7152462	206804928.00
2020/07/23	28.32	28.52	27.35	27.88	7558881	210506272.00
2020/07/24	27.70	28.08	25.43	25.43	8255652	219998384.00
2020/07/27	25.60	25.90	24.90	25.21	4124442	104426072.00
2020/07/28	25.67	25.84	25.01	25.51	3058450	77747328.00
2020/07/29	25.50	26.50	25.22	26.37	4527143	117867120.00
2020/07/30	26.40	26.52	25.87	25.98	4183500	109257240.00
2020/07/31	25.67	26.66	25.67	26.24	4219300	110747608.00
2020/08/03	26.62	27.15	26.32	26.90	5197889	138921776.00
2020/08/04	27.02	27.10	26.07	26.26	4587566	121473256.00
2020/08/05	27.00	27.02	26.26	26.48	4258008	113100992.00
2020/08/06	26.82	27.50	25.86	27.01	8805879	235485392.00
2020/08/07	26.61	26.65	25.71	26.10	5451011	142316160.00
2020/08/10	26.10	26.88	25.90	26.48	4288997	113874496.00
2020/08/11	26.47	26.60	25.60	25.65	3345485	87125976.00
2020/08/12	25.49	26.30	25.28	25.96	4467801	115293312.00
2020/08/13	25.99	26.15	25.54	25.62	2355107	60657640.00
2020/08/14	25.62	25.99	25.43	25.84	3050769	78425488.00
2020/08/17	26.57	27.13	25.85	26.82	7439140	198187888.00
2020/08/18	27.01	27.58	26.89	27.38	7274702	198260896.00
2020/08/19	27.21	27.26	26.30	26.30	4987765	133030864.00
2020/08/20	26.05	26.57	25.90	26.07	2757507	72206112.00
2020/08/21	26.31	26.55	25.90	26.01	2128181	55685848.00
2020/08/24	26.09	26.25	25.58	26.08	2941564	76339552.00
2020/08/25	26.00	26.16	25.27	25.44	3712300	95267768.00
2020/08/26	25.50	25.52	23.88	24.00	5605478	137354768.00
2020/08/27	24.12	24.15	23.65	24.09	4005000	95612880.00
2020/08/28	24.09	24.45	23.68	24.37	3225300	77548864.00
2020/08/31	24.45	24.78	24.37	24.39	2692728	66207648.00
2020/09/01	24.33	24.54	23.81	24.35	2224400	53873472.00
2020/09/02	24.55	24.77	24.20	24.61	2209703	54153084.00
2020/09/03	24.61	24.62	24.00	24.10	2114400	51138744.00
2020/09/04	23.82	24.25	23.62	24.12	1953700	46723668.00
2020/09/07	23.91	24.52	23.67	23.75	2478100	59797856.00
2020/09/08	23.75	23.96	23.41	23.63	2280500	53928760.00
2020/09/09	23.38	23.51	22.67	22.75	3077500	70822392.00
2020/09/10	22.99	23.06	22.00	22.61	2698649	60854508.00
2020/09/11	22.29	22.80	22.21	22.68	1621200	36542320.00
2020/09/14	22.67	23.03	22.59	22.93	1488900	34019664.00
2020/09/15	23.23	23.25	22.67	22.89	1244000	28432240.00
2020/09/16	22.86	22.87	22.22	22.39	1522019	34154752.00
2020/09/17	22.29	22.78	22.09	22.58	1690831	37891256.00
2020/09/18	22.74	23.19	22.58	23.18	2094331	48010224.00
2020/09/21	23.19	23.38	22.87	22.91	1522522	35108324.00
2020/09/22	22.79	22.89	22.31	22.50	1262088	28580252.00
2020/09/23	22.56	23.10	22.49	22.86	2193868	50138036.00
2020/09/24	22.78	22.78	22.24	22.35	1504004	33794880.00
2020/09/25	22.55	22.55	21.76	22.03	1898594	41822912.00
2020/09/28	22.00	22.02	21.45	21.50	1497200	32371568.00
2020/09/29	21.54	22.08	21.45	21.68	1736800	37835832.00
2020/09/30	21.60	22.05	21.49	22.05	1593068	34699028.00
2020/10/09	22.16	22.84	22.10	22.76	2373255	53574148.00
2020/10/12	23.00	23.81	22.81	23.66	3369650	78917072.00
2020/10/13	23.50	23.68	23.36	23.55	2019254	47505696.00
2020/10/14	23.45	23.55	23.10	23.10	1745828	40554280.00
2020/10/15	23.06	23.63	23.06	23.09	1847000	43170408.00
2020/10/16	23.07	23.39	22.80	23.21	1640378	37816924.00
2020/10/19	23.50	23.73	23.16	23.29	1846521	43287076.00
2020/10/20	23.23	23.59	23.03	23.51	1536535	35999728.00
2020/10/21	23.45	23.50	22.90	23.15	1553400	35866592.00
2020/10/22	23.10	23.41	22.68	23.41	1954025	45200368.00
2020/10/23	23.38	23.49	22.91	23.22	1833076	42426832.00
2020/10/26	23.22	23.22	22.45	22.94	1436675	32887300.00
2020/10/27	22.94	23.09	22.51	23.05	1282257	29273010.00
2020/10/28	23.10	23.20	22.60	22.75	1296370	29507412.00
2020/10/29	22.80	22.80	22.32	22.53	1253857	28261688.00
2020/10/30	22.60	22.89	21.91	22.25	1760205	39395848.00
2020/11/02	21.98	22.07	20.73	20.90	3225414	68576656.00
2020/11/03	21.29	22.43	20.95	22.10	2599579	56894740.00
2020/11/04	22.16	22.27	21.92	22.09	1379179	30455884.00
2020/11/05	22.33	22.50	22.00	22.33	1592850	35432088.00
2020/11/06	22.48	22.76	22.05	22.15	1424318	31764644.00
2020/11/09	22.30	22.92	22.17	22.90	2005661	45548280.00
2020/11/10	22.95	22.95	22.45	22.56	1272100	28820038.00
2020/11/11	22.50	22.55	21.80	21.86	1616400	35560544.00
2020/11/12	21.88	21.96	21.32	21.38	1369200	29539684.00
2020/11/13	21.39	21.48	21.01	21.48	1163920	24769610.00
2020/11/16	21.48	21.63	21.22	21.58	1122495	24080868.00
2020/11/17	21.68	21.69	21.01	21.29	1270605	26927756.00
2020/11/18	21.29	21.60	21.09	21.20	1413805	30094192.00
2020/11/19	21.21	21.30	20.85	21.26	1075251	22724978.00
2020/11/20	21.21	21.31	21.03	21.30	864866	18323942.00
2020/11/23	21.30	21.30	20.85	21.02	1454178	30556088.00
2020/11/24	21.28	21.30	20.93	21.01	992275	20920972.00
2020/11/25	20.95	21.15	20.80	21.09	2193000	45982136.00
2020/11/26	21.00	21.00	20.40	20.42	2554250	52495328.00
2020/11/27	20.41	20.58	19.99	20.20	1647200	33146904.00
2020/11/30	20.21	20.38	20.10	20.16	1112204	22512756.00
2020/12/01	20.29	20.45	20.17	20.41	1029480	20964376.00
2020/12/02	20.49	20.64	20.38	20.45	959000	19644674.00
2020/12/03	20.40	20.65	20.32	20.55	934600	19170708.00
2020/12/04	20.46	20.58	20.33	20.49	795900	16272415.00
2020/12/07	20.49	20.58	20.25	20.25	930740	18968850.00
2020/12/08	20.81	20.92	20.48	20.66	1581800	32649210.00
2020/12/09	20.62	20.62	20.09	20.23	1399000	28445042.00
2020/12/10	20.23	20.23	19.85	19.89	1240900	24789068.00
2020/12/11	19.98	20.05	19.00	19.17	1790594	34561292.00
2020/12/14	19.42	19.47	18.80	19.30	1209300	23190784.00
2020/12/15	19.20	19.55	19.05	19.46	1020800	19782666.00
2020/12/16	19.46	19.55	19.05	19.05	781500	14987785.00
2020/12/17	19.05	19.09	18.37	18.97	1670824	31222348.00
2020/12/18	18.93	19.06	18.51	18.54	1178300	22069768.00
2020/12/21	18.57	18.80	18.42	18.65	1178700	21989444.00
2020/12/22	18.81	18.81	17.88	17.90	2046200	37367192.00
2020/12/23	17.90	18.03	17.71	17.86	1465658	26181020.00
2020/12/24	17.90	18.14	17.30	17.30	1845558	32504372.00
2020/12/25	17.27	17.48	17.16	17.26	1024500	17745944.00
2020/12/28	17.26	17.29	16.71	16.95	1991200	33729740.00
2020/12/29	16.91	17.59	16.91	17.31	1509368	26146428.00
2020/12/30	17.31	17.51	17.04	17.38	1214402	21003332.00
2020/12/31	17.38	17.94	17.31	17.92	1352315	23992606.00
2021/01/04	17.88	18.17	17.80	18.15	1462600	26322000.00
2021/01/05	18.15	18.34	17.94	18.10	1678000	30343296.00
2021/01/06	19.58	19.66	18.80	18.80	5521943	105936192.00
2021/01/07	18.47	18.69	17.78	17.82	3479600	63204344.00
2021/01/08	17.52	18.40	17.00	18.19	2545900	45917824.00
2021/01/11	18.47	18.66	17.93	18.00	2050800	37379732.00
2021/01/12	17.87	18.17	17.82	17.87	1432215	25692032.00
2021/01/13	17.90	17.99	17.16	17.28	2094858	36389892.00
2021/01/14	17.28	18.36	17.22	18.10	2339100	41745088.00
2021/01/15	18.10	18.68	18.00	18.38	2033246	37465152.00
2021/01/18	18.41	18.64	18.12	18.19	2505278	45727360.00
2021/01/19	18.13	18.41	18.12	18.23	1707727	31179560.00
2021/01/20	18.23	18.31	17.97	18.29	1540900	27938340.00
2021/01/21	18.26	18.53	18.10	18.32	2339100	42957072.00
2021/01/22	18.18	18.36	17.64	17.88	3005404	53505152.00
2021/01/25	17.70	17.84	17.27	17.34	2454600	42910460.00
2021/01/26	17.30	17.52	17.19	17.38	1850350	32122070.00
2021/01/27	17.76	18.14	17.35	17.85	2937900	52408816.00
2021/01/28	17.53	17.98	17.38	17.61	1693218	30032328.00
2021/01/29	17.64	17.86	16.88	17.40	2225030	38283144.00
2021/02/01	17.03	17.50	17.03	17.17	1950900	33481012.00
2021/02/02	17.33	17.33	17.04	17.23	1889600	32477204.00
2021/02/03	17.23	17.23	16.27	16.27	2857780	47776628.00
2021/02/04	16.26	16.30	15.10	15.26	3435812	53285172.00
2021/02/05	15.36	15.73	14.87	14.90	1926400	29431584.00
2021/02/08	14.91	15.15	14.66	14.94	1382300	20697660.00
2021/02/09	14.98	15.71	14.98	15.57	1529700	23480372.00
2021/02/10	15.60	16.10	15.45	15.98	1472418	23409984.00
2021/02/18	16.40	16.53	16.01	16.40	1484280	24300468.00
2021/02/19	16.54	16.87	16.11	16.82	1856780	30964124.00
2021/02/22	16.82	17.17	16.70	16.70	2145400	36409364.00
2021/02/23	16.64	16.90	16.21	16.45	1976312	32650252.00
2021/02/24	16.46	16.80	16.30	16.47	2019020	33482134.00
2021/02/25	16.51	16.77	16.27	16.47	1460312	23998650.00
2021/02/26	16.38	16.66	16.28	16.39	1691400	27846444.00
2021/03/01	16.40	16.94	16.19	16.90	1570375	26342846.00
2021/03/02	16.89	17.67	16.72	17.20	3345880	57700052.00
2021/03/03	17.22	17.48	17.10	17.32	1498324	25888928.00
2021/03/04	17.33	17.51	17.06	17.13	1314700	22690712.00
2021/03/05	17.12	17.42	17.00	17.30	1252437	21616330.00
2021/03/08	17.66	17.89	17.30	17.33	2328700	40994660.00
2021/03/09	17.32	17.55	16.56	16.91	1920600	32861052.00
2021/03/10	17.06	17.23	16.42	16.46	1472304	24487756.00
2021/03/11	16.35	16.86	16.18	16.79	1087665	18033322.00
2021/03/12	16.84	16.84	16.40	16.74	1199271	19881458.00
2021/03/15	16.65	16.84	16.11	16.24	1488100	24363014.00
2021/03/16	16.80	16.87	16.44	16.84	1900464	31830958.00
2021/03/17	16.88	17.40	16.83	17.34	2349764	40406324.00
2021/03/18	17.19	17.52	17.15	17.31	1456900	25225852.00
2021/03/19	16.97	17.64	16.94	17.45	1999500	34838816.00
2021/03/22	17.80	17.80	17.32	17.46	2273800	39740524.00
2021/03/23	17.06	17.35	16.12	16.13	4869052	80187784.00
2021/03/24	16.09	16.29	15.66	15.72	2737500	43637900.00
2021/03/25	15.65	16.00	15.65	15.81	1688800	26832080.00
2021/03/26	15.80	15.87	15.65	15.86	1633600	25750568.00
2021/03/29	15.80	16.03	15.71	15.87	1389793	22045076.00
2021/03/30	15.89	15.89	15.36	15.46	1677301	26047504.00
2021/03/31	15.32	15.87	15.30	15.75	1914944	29820034.00
2021/04/01	15.77	15.80	15.38	15.56	1303474	20202860.00
2021/04/02	15.51	15.85	15.48	15.78	1103690	17350902.00
2021/04/06	15.83	15.98	15.80	15.86	1834500	29139822.00
2021/04/07	15.83	16.07	15.78	16.01	1327200	21185064.00
2021/04/08	16.01	16.05	15.80	15.85	1019180	16179213.00
2021/04/09	15.90	15.90	15.63	15.74	1124817	17711766.00
2021/04/12	15.74	15.74	15.16	15.27	1615500	24901412.00
2021/04/13	15.22	15.42	15.13	15.34	1058000	16189394.00
2021/04/14	15.15	15.79	15.15	15.67	1247600	19341288.00
2021/04/15	15.68	15.76	15.46	15.69	1316400	20593016.00
2021/04/16	15.79	15.88	15.60	15.86	1273700	20126414.00
2021/04/19	15.82	16.08	15.78	15.97	1440200	22968836.00
2021/04/20	15.90	16.23	15.65	15.75	1821200	29106136.00
2021/04/21	15.58	15.75	15.46	15.54	1177000	18332464.00
2021/04/22	15.65	15.74	15.47	15.63	1099300	17151938.00
2021/04/23	15.74	15.74	15.30	15.50	1325175	20423324.00
2021/04/26	15.35	15.50	15.23	15.27	1308314	20071874.00
2021/04/27	15.29	15.29	14.79	14.95	1552921	23224820.00
2021/04/28	14.90	15.06	14.77	14.83	1113600	16498446.00
2021/04/29	14.83	15.05	14.81	14.82	1164001	17365746.00
2021/04/30	14.81	15.15	14.81	15.10	1242184	18585682.00
2021/05/06	15.10	15.33	14.89	14.94	1480200	22391884.00
2021/05/07	15.05	15.09	14.70	14.97	1071924	16027606.00
2021/05/10	14.97	15.15	14.82	14.89	882464	13146927.00
2021/05/11	14.75	14.96	14.75	14.92	780309	11579818.00
2021/05/12	14.85	16.41	14.83	16.41	4791431	76964048.00
2021/05/13	16.41	16.95	16.14	16.76	9175302	151411888.00
2021/05/14	16.45	16.75	16.25	16.54	4834145	79435544.00
2021/05/17	16.39	16.81	16.28	16.71	4617937	76434904.00
2021/05/18	16.64	17.24	16.33	17.00	5624244	94135120.00
2021/05/19	16.80	17.20	16.47	17.04	4607378	77687464.00
2021/05/20	17.00	17.48	16.60	16.64	4270390	72490200.00
2021/05/21	16.56	16.87	16.44	16.71	3033769	50554748.00
2021/05/24	16.71	17.79	16.70	17.49	6582453	113915072.00
2021/05/25	17.54	18.38	17.42	17.80	7553603	134423232.00
2021/05/26	17.80	17.96	17.36	17.40	5069680	89202968.00
2021/05/27	17.30	17.65	17.22	17.52	3228749	56352860.00
2021/05/28	17.55	17.70	17.17	17.57	3790919	65865536.00
2021/05/31	18.15	18.30	17.42	17.48	4685990	83169048.00
2021/06/01	17.26	17.67	17.17	17.52	2853790	49786988.00
2021/06/02	17.57	17.64	17.00	17.00	2871190	49321612.00
2021/06/03	17.09	17.52	17.02	17.05	2806290	48456116.00
2021/06/04	17.09	17.34	17.02	17.10	2488455	42734272.00
2021/06/07	17.09	18.25	17.07	18.19	7764332	138517024.00
2021/06/08	18.40	18.42	17.77	18.05	6445985	116382800.00
2021/06/09	17.83	18.16	17.74	18.07	4089400	73346056.00
2021/06/10	18.10	19.88	18.00	19.62	16752839	324002656.00
2021/06/11	19.29	19.86	18.99	19.14	12943304	249603296.00
2021/06/15	19.32	19.39	18.50	18.63	7027121	132907552.00
2021/06/16	18.62	18.87	18.10	18.33	5073100	93448208.00
2021/06/17	18.40	19.14	18.20	19.09	6653736	125078720.00
2021/06/18	19.09	19.09	18.11	18.49	6235601	114970352.00
2021/06/21	18.50	19.08	18.30	18.82	4922076	92135104.00
2021/06/22	18.96	18.97	18.30	18.43	3620400	66870692.00
2021/06/23	18.30	19.65	18.11	19.05	7253535	136815184.00
2021/06/24	18.66	18.66	18.15	18.16	5501393	100555256.00
2021/06/25	18.11	18.16	17.30	17.39	4866580	85200600.00
2021/06/28	17.33	17.77	17.20	17.69	2862922	50285260.00
2021/06/29	17.60	18.33	17.60	17.70	3731867	67150440.00
2021/06/30	17.94	17.95	17.52	17.67	2279122	40345860.00
2021/07/01	17.67	17.67	17.29	17.29	2230500	38969080.00
2021/07/02	17.28	17.80	17.20	17.60	2670400	46962376.00
2021/07/05	17.70	17.89	17.51	17.77	1686823	29878410.00
2021/07/06	17.80	18.36	17.53	18.24	4679466	84811184.00
2021/07/07	18.15	19.15	17.90	18.65	5623827	104972504.00
2021/07/08	18.72	18.95	18.40	18.51	3538555	65802288.00
2021/07/09	18.51	18.98	18.35	18.80	3698921	69145336.00
2021/07/12	19.12	19.26	18.80	19.18	4824364	92051720.00
2021/07/13	19.14	19.46	18.84	18.90	4147243	79000392.00
2021/07/14	18.99	19.10	18.51	18.60	3605719	67752488.00
2021/07/15	18.53	18.80	18.13	18.45	2793200	51405448.00
2021/07/16	18.82	19.20	18.50	18.53	2961400	55623840.00
2021/07/19	18.53	18.54	17.82	18.00	2433900	43949624.00
2021/07/20	17.97	18.10	17.77	18.01	1533064	27478062.00
2021/07/21	18.04	18.17	17.90	18.11	2048001	36924488.00
2021/07/22	18.15	18.94	17.82	18.90	4589010	85750592.00
2021/07/23	18.99	19.00	18.37	18.59	3573386	66747004.00
2021/07/26	18.99	19.35	18.55	19.07	5070476	96218016.00
2021/07/27	19.08	19.49	18.55	18.55	4120501	78085200.00
2021/07/28	18.35	18.47	17.35	17.45	2968152	52670092.00
2021/07/29	17.71	17.88	17.47	17.78	2174800	38479972.00
2021/07/30	17.90	19.19	17.73	18.73	5009157	93386760.00
2021/08/02	18.68	19.10	18.48	18.96	3310731	62532788.00
2021/08/03	18.83	20.51	18.82	20.03	11516157	228101936.00
2021/08/04	20.00	20.16	19.63	20.06	6260957	124580000.00
2021/08/05	19.82	19.93	19.36	19.46	5006657	97832352.00
2021/08/06	19.40	19.40	18.95	19.13	3409100	65177180.00
2021/08/09	19.13	19.28	18.92	19.20	2754100	52718968.00
2021/08/10	19.26	19.33	18.70	18.96	4187757	79317984.00
2021/08/11	19.33	19.33	18.77	18.88	2607617	49402600.00
2021/08/12	18.78	19.19	18.70	18.85	2504074	47406848.00
2021/08/13	18.89	19.08	18.14	18.45	4726001	87090328.00
2021/08/16	18.34	19.04	18.15	19.00	3984100	75086216.00
2021/08/17	19.01	19.01	18.18	18.18	3508201	64842100.00
2021/08/18	18.05	18.30	18.02	18.27	1489800	27075904.00
2021/08/19	18.29	18.50	18.05	18.32	1303100	23813132.00
2021/08/20	18.25	18.29	18.08	18.18	1424300	25895220.00
2021/08/23	18.18	18.73	18.18	18.54	1863400	34507052.00
2021/08/24	18.55	18.64	18.36	18.40	1665830	30760356.00
2021/08/25	18.49	18.79	18.40	18.76	1898900	35403240.00
2021/08/26	18.76	18.82	18.10	18.15	2323900	42777920.00
2021/08/27	18.19	18.35	17.61	18.32	2331100	41855836.00
2021/08/30	18.01	19.12	18.01	18.99	5001248	94001392.00
2021/08/31	18.99	19.09	18.60	18.97	2713166	51269992.00
2021/09/01	18.97	19.07	18.76	19.05	2718618	51449348.00
2021/09/02	19.00	19.07	18.84	19.03	1822405	34579860.00
2021/09/03	19.03	19.37	18.90	18.90	2692746	51455552.00
2021/09/06	18.87	19.09	18.61	19.03	1656007	31365990.00
2021/09/07	19.03	19.35	18.96	19.19	2218208	42613748.00
2021/09/08	19.18	19.84	19.05	19.76	3868666	75415296.00
2021/09/09	19.65	19.71	19.26	19.39	2721475	52897620.00
2021/09/10	19.66	19.75	19.24	19.61	3471110	67629984.00
2021/09/13	20.00	21.00	19.81	20.49	7733927	157502816.00
2021/09/14	20.28	21.48	20.20	20.75	7241796	151324656.00
2021/09/15	20.40	20.40	19.80	19.91	4817664	96609520.00
2021/09/16	19.91	20.11	19.30	19.52	2856317	56114908.00
2021/09/17	19.50	19.72	19.01	19.33	1961243	37783160.00
2021/09/22	19.00	19.22	18.82	19.09	1529378	29082230.00
2021/09/23	19.10	19.49	19.00	19.28	1629900	31341800.00
2021/09/24	19.25	19.60	18.71	18.80	2470900	47352648.00
2021/09/27	19.20	19.40	18.29	18.57	2334157	43973436.00
2021/09/28	18.44	18.53	18.10	18.25	1324601	24189292.00
2021/09/29	18.08	18.78	17.86	18.56	1976387	36133112.00
2021/09/30	18.50	18.62	18.25	18.42	1258000	23187152.00
2021/10/08	18.48	18.79	18.38	18.71	1178400	21925020.00
2021/10/11	18.89	18.89	18.24	18.37	1125323	20735194.00
2021/10/12	18.38	18.42	18.00	18.07	784500	14234944.00
2021/10/13	18.06	18.22	18.00	18.22	515200	9342260.00
2021/10/14	18.20	18.32	18.00	18.06	1038500	18845480.00
2021/10/15	18.25	18.25	18.01	18.10	750147	13574679.00
2021/10/18	18.03	18.03	17.35	17.43	1852300	32400020.00
2021/10/19	17.39	17.53	17.30	17.51	983900	17141592.00
2021/10/20	17.66	17.74	17.08	17.12	1613100	28040826.00
2021/10/21	17.12	17.12	16.55	16.59	1762954	29561422.00
2021/10/22	16.62	16.84	16.43	16.82	988300	16513371.00
2021/10/25	16.86	16.86	16.53	16.76	907830	15126778.00
2021/10/26	16.73	16.80	16.45	16.47	1150100	19026924.00
2021/10/27	16.52	16.58	15.86	15.95	1693600	27172956.00
2021/10/28	15.90	16.20	15.81	15.86	798316	12788950.00
2021/10/29	15.85	16.26	15.85	16.18	802500	12948968.00
2021/11/01	16.18	16.54	16.13	16.40	756100	12371690.00
2021/11/02	16.40	16.86	16.31	16.38	1571116	26032794.00
2021/11/03	16.38	16.77	16.35	16.56	697300	11565328.00
2021/11/04	16.49	18.22	16.49	18.22	5221724	92432136.00
2021/11/05	18.69	19.02	18.29	18.38	9147311	170752896.00
2021/11/08	18.70	19.00	17.92	18.02	4215798	77020840.00
2021/11/09	18.02	18.38	17.82	18.17	3370132	60987704.00
2021/11/10	17.95	18.42	17.95	18.21	2080600	37889228.00
2021/11/11	18.18	19.46	18.02	18.83	5167600	97087728.00
2021/11/12	18.30	19.59	18.30	19.14	6360203	121155424.00
2021/11/15	19.23	20.71	19.02	20.07	9841100	195808928.00
2021/11/16	20.07	20.65	19.60	20.26	9223839	184978704.00
2021/11/17	21.00	21.38	19.28	19.67	9560178	189875536.00
2021/11/18	19.25	19.88	18.95	19.49	7040885	136400624.00
2021/11/19	19.29	20.08	19.29	19.69	6014514	118744344.00
2021/11/22	19.85	20.41	19.62	19.68	5192200	103554672.00
2021/11/23	19.63	19.89	19.31	19.42	4480508	87619480.00
2021/11/24	19.42	19.95	19.20	19.66	4074700	80022632.00
2021/11/25	19.88	20.28	19.28	19.31	4885900	96411016.00
2021/11/26	19.48	20.18	19.22	19.51	5644800	111572856.00
2021/11/29	19.16	19.83	18.94	19.17	4593200	88119424.00
2021/11/30	19.34	20.38	19.34	19.78	8148787	162869184.00
2021/12/01	19.77	20.23	19.66	19.96	4923872	98523336.00
2021/12/02	19.91	20.26	19.38	19.46	4697587	92100480.00
2021/12/03	19.47	19.80	19.35	19.45	2146700	41948748.00
2021/12/06	19.35	19.49	18.84	19.28	3370217	64355528.00
2021/12/07	19.50	19.53	18.91	19.34	3499532	67309120.00
2021/12/08	19.40	20.04	19.01	19.72	4712317	92017600.00
2021/12/09	19.84	20.10	19.39	19.47	4433117	87618592.00
2021/12/10	19.31	19.84	19.12	19.72	3744100	72934616.00
2021/12/13	19.80	21.15	19.50	20.82	11505021	236314944.00
2021/12/14	21.43	22.90	20.90	22.10	17720816	393763552.00
2021/12/15	22.26	22.51	21.19	21.41	10142226	220655104.00
2021/12/16	21.56	23.38	21.10	22.70	13928584	312951168.00
2021/12/17	22.42	22.80	21.84	22.27	8025346	178204256.00
2021/12/20	22.00	22.34	20.80	20.88	7722146	164798016.00
2021/12/21	21.15	21.26	20.42	20.83	4780300	99263872.00
2021/12/22	21.11	21.97	20.98	21.24	6328000	135752608.00
2021/12/23	20.91	21.71	20.82	21.45	5847300	124586152.00
2021/12/24	21.70	22.05	20.70	20.80	5191500	110679560.00
2021/12/27	20.78	20.78	19.80	20.28	4437400	89613672.00
2021/12/28	20.48	20.75	20.09	20.29	2776700	56786184.00
2021/12/29	20.27	20.56	19.93	20.10	3193676	64677652.00
2021/12/30	20.11	20.93	20.10	20.71	4246224	87744120.00
2021/12/31	20.96	21.10	20.47	20.56	3953600	81847048.00
2022/01/04	20.83	22.62	20.63	22.62	9232681	201578768.00
2022/01/05	23.30	23.62	21.71	22.20	13480737	302725216.00
2022/01/06	22.20	23.10	21.90	23.00	11729446	265355104.00
2022/01/07	22.97	23.35	21.52	21.56	9359402	209633696.00
2022/01/10	21.50	22.06	20.63	21.31	6221456	132715952.00
2022/01/11	21.32	21.60	20.70	20.81	4716700	99373888.00
2022/01/12	20.87	22.89	20.87	22.89	9001482	200147296.00
2022/01/13	23.32	23.35	22.22	22.68	10562900	238099216.00
2022/01/14	22.59	23.09	22.25	22.70	9675675	219669504.00
2022/01/17	23.01	23.92	22.68	23.10	14034815	327013408.00
2022/01/18	23.04	23.55	22.22	22.57	11379400	259893216.00
2022/01/19	22.14	23.10	21.85	22.30	10050100	225698752.00
2022/01/20	22.24	22.30	20.07	20.07	12747522	263773760.00
2022/01/21	19.99	21.32	19.77	20.18	8690900	178936176.00
2022/01/24	19.64	20.92	19.63	20.34	4587500	93943512.00
2022/01/25	20.44	20.62	18.76	18.91	5965800	116324192.00
2022/01/26	18.78	19.19	18.41	18.95	3384500	63781824.00
2022/01/27	18.77	18.95	17.76	17.78	4307200	78269056.00
2022/01/28	17.90	18.23	17.70	17.83	2930000	52752856.00
2022/02/07	18.15	18.25	17.53	17.61	2559100	45736440.00
2022/02/08	17.66	17.82	17.25	17.70	3200000	56008868.00
2022/02/09	17.73	18.50	17.64	18.42	4612824	83740232.00
2022/02/10	18.38	18.38	17.98	18.13	3427900	62077448.00
2022/02/11	17.90	18.12	17.37	17.46	3375800	59426744.00
2022/02/14	17.11	17.63	17.00	17.28	2488900	42951304.00
2022/02/15	17.39	17.61	17.08	17.27	2038800	35247176.00
2022/02/16	17.55	17.63	17.29	17.42	2286700	39908192.00
2022/02/17	17.23	17.44	16.92	17.00	2652778	45457360.00
2022/02/18	17.00	17.25	16.90	17.21	2298800	39307000.00
2022/02/21	17.21	17.78	17.12	17.60	2796144	49031272.00
2022/02/22	17.40	17.59	17.03	17.15	2494378	42924936.00
2022/02/23	17.26	17.57	17.17	17.49	2025100	35270424.00
2022/02/24	17.50	17.55	16.49	16.76	3748300	63743176.00
2022/02/25	16.90	17.05	16.76	16.80	1936400	32750004.00
2022/02/28	16.80	17.04	16.41	16.67	2004900	33299650.00
2022/03/01	16.67	16.97	16.67	16.95	1744400	29398664.00
2022/03/02	17.03	17.27	16.91	17.14	1655600	28302008.00
2022/03/03	17.10	17.21	16.79	16.82	1829900	30929332.00
2022/03/04	16.79	16.87	16.55	16.60	1703600	28415104.00
2022/03/07	16.40	16.53	16.05	16.12	1922800	31128174.00
2022/03/08	16.11	16.28	15.83	15.96	2023600	32560268.00
2022/03/09	15.35	15.50	14.36	14.60	10487282	154537072.00
2022/03/10	14.80	14.96	14.52	14.54	5047542	74392488.00
2022/03/11	14.19	14.84	14.07	14.81	3684600	53156848.00
2022/03/14	14.65	14.98	14.57	14.60	2830223	41817956.00
2022/03/15	14.70	14.75	13.99	13.99	3023900	43598512.00
2022/03/16	14.23	14.47	13.74	14.38	2701600	38210772.00
2022/03/17	14.53	14.97	14.53	14.73	3140876	46442496.00
2022/03/18	14.58	14.85	14.57	14.80	1971200	29053840.00
2022/03/21	14.82	14.96	14.59	14.90	2428900	35925996.00
2022/03/22	14.79	14.98	14.73	14.89	2339762	34723900.00
2022/03/23	14.88	15.03	14.81	14.90	2350162	35057944.00
2022/03/24	14.84	14.84	14.50	14.57	2438071	35661592.00
2022/03/25	14.70	14.88	14.64	14.64	1975600	29160092.00
2022/03/28	14.65	14.97	14.40	14.79	1958517	28930524.00
2022/03/29	14.79	14.89	14.40	14.48	2069700	30247900.00
2022/03/30	14.59	14.75	14.45	14.73	1508500	22113612.00
2022/03/31	14.71	15.00	14.67	14.85	2028800	30152644.00
2022/04/01	14.75	14.96	14.65	14.85	2095941	31020548.00
2022/04/06	14.78	15.82	14.77	15.47	7206131	110923248.00
2022/04/07	15.79	15.84	15.15	15.29	7056903	109543736.00
2022/04/08	15.21	15.46	13.76	13.88	9546982	134538992.00
2022/04/11	13.65	13.65	12.82	12.92	5361900	70455952.00
2022/04/12	12.83	13.20	12.63	13.18	3305807	42630876.00
2022/04/13	13.07	13.27	12.91	12.94	2429800	31674122.00
2022/04/14	12.98	13.18	12.90	12.93	1602924	20865438.00
2022/04/15	12.96	12.96	12.41	12.57	2592200	32593918.00
2022/04/18	12.46	12.77	12.31	12.71	1627600	20475968.00
2022/04/19	12.68	12.95	12.66	12.80	1279300	16372836.00
2022/04/20	13.12	13.16	12.69	12.80	2165900	28012608.00
2022/04/21	12.76	12.80	12.25	12.27	1834000	22943696.00
2022/04/22	12.27	12.27	11.81	11.90	2123100	25419480.00
2022/04/25	11.76	11.78	10.71	10.71	3485600	38794132.00
2022/04/26	10.80	10.80	10.00	10.10	3112341	32442748.00
2022/04/27	9.90	10.50	9.80	10.49	2611100	26513852.00
2022/04/28	10.50	10.50	10.02	10.19	1979500	20253616.00
2022/04/29	10.31	10.95	10.30	10.88	2622600	27966888.00
2022/05/05	10.98	11.40	10.75	11.24	2595295	28992680.00
2022/05/06	11.03	11.75	10.88	11.41	2934500	33414644.00
2022/05/09	11.42	11.86	11.42	11.56	2151600	25046148.00
2022/05/10	11.37	11.82	11.21	11.79	1593100	18634216.00
2022/05/11	11.92	12.12	11.69	11.73	1968700	23482256.00
2022/05/12	11.65	12.02	11.56	11.92	1653630	19652468.00
2022/05/13	11.92	12.02	11.75	11.90	1486900	17612136.00
2022/05/16	12.06	12.10	11.81	11.90	1384400	16540733.00
2022/05/17	11.90	12.05	11.75	11.91	1186800	14113016.00
2022/05/18	12.05	12.24	11.93	11.95	1816000	21918840.00
2022/05/19	11.75	12.06	11.70	12.05	1757001	20961768.00
2022/05/20	11.89	12.17	11.89	12.04	1519400	18282260.00
2022/05/23	12.09	12.30	12.05	12.30	1438400	17562316.00
2022/05/24	12.26	12.30	11.59	11.61	2401500	28578626.00
2022/05/25	11.61	12.13	11.61	11.99	2284300	27325468.00
2022/05/26	12.16	12.18	11.80	12.18	2490300	29911826.00
2022/05/27	12.16	12.20	11.90	11.99	1741200	20965196.00
2022/05/30	11.99	12.15	11.96	12.10	1426000	17185364.00
2022/05/31	12.16	12.49	12.01	12.42	2333500	28668652.00
2022/06/01	12.33	12.68	12.28	12.60	2117200	26599346.00
2022/06/02	12.54	12.97	12.30	12.97	2782700	35245844.00
2022/06/06	12.97	13.04	12.72	12.94	2787800	35933124.00
2022/06/07	12.94	13.01	12.67	12.87	2053800	26314144.00
2022/06/08	12.78	13.08	12.62	12.99	2262900	29122622.00
2022/06/09	12.90	12.90	12.45	12.58	1883300	23804806.00
2022/06/10	12.50	12.82	12.46	12.69	1292000	16394911.00
2022/06/13	12.69	12.90	12.52	12.86	2009700	25693924.00
2022/06/14	12.70	12.70	12.14	12.63	2065000	25693256.00
2022/06/15	12.63	12.95	12.52	12.75	2327100	29824416.00
2022/06/16	12.75	13.15	12.75	12.97	2234700	29007352.00
2022/06/17	13.00	13.43	12.71	12.90	4407400	57557956.00
2022/06/20	12.86	13.12	12.82	12.89	2175500	28101086.00
2022/06/21	12.98	13.04	12.77	12.96	2235200	28906220.00
2022/06/22	13.20	13.39	12.77	12.78	3274100	42745852.00
2022/06/23	12.84	13.14	12.81	13.11	3128700	40746704.00
2022/06/24	13.12	13.30	13.04	13.23	2347600	30971678.00
2022/06/27	13.32	13.35	13.13	13.17	1641100	21656492.00
2022/06/28	13.20	13.42	13.09	13.42	2111500	28048664.00
2022/06/29	13.39	13.56	13.29	13.32	2451400	32870720.00
2022/06/30	13.32	13.41	13.20	13.23	1924700	25576108.00
2022/07/01	13.34	13.40	13.15	13.19	1449300	19235118.00
2022/07/04	13.19	13.38	13.09	13.34	1711000	22653830.00
2022/07/05	13.18	13.38	12.96	13.12	2571800	33695456.00
2022/07/06	13.21	13.21	12.83	12.93	2184100	28281596.00
2022/07/07	12.91	13.09	12.81	12.95	1813966	23437936.00
2022/07/08	13.01	13.75	12.85	13.44	4895466	65870788.00
2022/07/11	13.45	13.56	13.03	13.14	2809332	37069724.00
2022/07/12	13.15	13.18	12.78	12.87	2060400	26562056.00
2022/07/13	12.87	13.06	12.82	13.02	1428017	18517668.00
2022/07/14	13.15	13.15	12.97	13.13	1247930	16316498.00
2022/07/15	13.12	13.15	12.68	12.69	1894300	24332910.00
2022/07/18	12.80	13.10	12.76	13.05	1693800	22017220.00
2022/07/19	13.10	13.56	13.01	13.50	3269100	43861648.00
2022/07/20	13.55	13.65	13.40	13.63	2635600	35773036.00
2022/07/21	13.62	13.82	13.49	13.67	2403410	32943954.00
2022/07/22	13.67	13.80	13.43	13.56	1717500	23324840.00
2022/07/25	13.63	13.77	13.30	13.35	1672700	22436062.00
2022/07/26	13.59	13.59	13.14	13.40	1358900	18056076.00
2022/07/27	13.50	13.59	13.32	13.55	1441600	19427272.00
2022/07/28	13.66	13.76	13.54	13.63	1988000	27155132.00
2022/07/29	13.63	13.82	13.57	13.68	1936100	26562332.00
2022/08/01	13.68	14.16	13.60	13.96	3652900	50798004.00
2022/08/02	13.81	13.81	13.15	13.35	3708800	49623108.00
2022/08/03	13.19	13.76	13.19	13.36	2638300	35745924.00
2022/08/04	13.45	13.75	13.45	13.75	1944500	26514348.00
2022/08/05	13.84	14.21	13.79	14.18	3739800	52346880.00
2022/08/08	14.19	14.25	13.98	14.15	3326800	46930156.00
2022/08/09	14.22	14.23	13.95	14.09	1805900	25323960.00
2022/08/10	14.08	14.18	13.92	14.00	2161800	30360712.00
2022/08/11	14.00	14.25	14.00	14.12	2246700	31799040.00
2022/08/12	14.11	14.19	13.96	13.96	2022900	28463736.00
2022/08/15	13.96	14.04	13.71	13.80	2004600	27644060.00
2022/08/16	13.81	13.81	13.53	13.66	1955400	26700056.00
2022/08/17	13.70	13.75	13.58	13.74	1865100	25505464.00
2022/08/18	13.74	13.78	13.21	13.42	3984200	53249368.00
2022/08/19	13.43	13.87	13.41	13.43	3512600	47841008.00
2022/08/22	13.33	13.88	13.21	13.71	2997032	40960408.00
2022/08/23	13.69	13.78	13.52	13.53	1964600	26710258.00
2022/08/24	13.54	13.59	12.96	13.00	3148310	41526804.00
2022/08/25	13.05	13.12	12.66	12.88	2168966	27827924.00
2022/08/26	12.78	12.96	12.68	12.71	1415166	18150628.00
2022/08/29	12.58	12.69	12.20	12.68	1222400	15344539.00
2022/08/30	12.65	12.97	12.65	12.78	1315900	16821408.00
2022/08/31	12.75	12.92	12.61	12.72	1877000	23982268.00
2022/09/01	12.72	12.85	12.45	12.49	1502800	19012632.00
2022/09/02	12.49	12.88	12.46	12.86	1426566	18156400.00
2022/09/05	12.82	12.97	12.66	12.73	1192700	15192658.00
2022/09/06	12.73	12.94	12.72	12.78	1129323	14437172.00
2022/09/07	12.71	12.78	12.60	12.68	946600	11999698.00
2022/09/08	12.73	12.73	12.40	12.41	1121869	14019977.00
2022/09/09	12.49	12.88	12.35	12.54	2009000	25361516.00
2022/09/13	12.54	12.78	12.50	12.54	1706800	21584416.00
2022/09/14	12.46	12.56	12.31	12.48	1358500	16867580.00
2022/09/15	12.50	12.58	12.04	12.15	1531800	18801702.00
2022/09/16	12.16	12.48	11.96	11.96	1915800	23357344.00
2022/09/19	11.80	12.02	11.47	11.51	1699700	19736364.00
2022/09/20	11.60	11.79	11.60	11.68	824607	9638954.00
2022/09/21	11.68	11.89	11.39	11.83	1340507	15672666.00
2022/09/22	11.78	12.09	11.74	11.95	1424385	17056240.00
2022/09/23	11.90	11.96	11.55	11.65	1022500	12006613.00
2022/09/26	11.60	11.60	11.18	11.19	1152500	13075207.00
2022/09/27	11.03	11.61	11.03	11.57	1292800	14768919.00
2022/09/28	11.57	11.60	11.23	11.26	866421	9867059.00
2022/09/29	11.32	11.44	11.16	11.26	1395400	15765483.00
2022/09/30	11.23	11.35	11.08	11.10	973666	10920972.00
2022/10/10	11.09	11.18	10.81	10.86	874660	9602030.00
2022/10/11	10.85	11.10	10.76	11.00	733000	8013626.00
2022/10/12	11.00	11.50	10.84	11.48	1170800	13096576.00
2022/10/13	11.48	11.95	11.41	11.93	2001199	23591868.00
2022/10/14	12.00	12.18	11.90	12.10	1858500	22349004.00
2022/10/17	12.10	12.44	12.07	12.40	1909100	23548540.00
2022/10/18	12.46	12.51	12.31	12.42	1504300	18696386.00
2022/10/19	12.40	12.65	12.37	12.50	1728600	21657398.00
2022/10/20	12.49	12.74	12.24	12.59	1924300	24164446.00
2022/10/21	12.58	12.66	12.38	12.56	1170800	14678249.00
2022/10/24	12.58	12.78	12.37	12.44	1618500	20427240.00
2022/10/25	12.38	12.55	12.11	12.31	1541100	18962356.00
2022/10/26	12.31	12.87	12.31	12.78	2941500	37377384.00
2022/10/27	12.88	13.05	12.66	12.85	2524800	32595982.00
2022/10/28	12.82	12.83	12.34	12.35	2562120	32111626.00
2022/10/31	12.43	13.29	12.40	13.06	4784780	62410952.00
2022/11/01	13.12	13.20	12.87	13.17	3288100	42898512.00
2022/11/02	13.70	13.70	13.18	13.48	6263760	84275232.00
2022/11/03	13.32	13.48	13.01	13.08	3728500	49131284.00
2022/11/04	13.08	13.18	12.97	13.10	2644900	34578724.00
2022/11/07	13.06	13.68	13.04	13.32	2964800	39366180.00
2022/11/08	13.68	14.65	13.49	14.65	6346100	91316032.00
2022/11/09	16.12	16.12	16.00	16.12	7842576	126418768.00
2022/11/10	16.10	16.12	15.19	15.42	30899394	482088160.00
2022/11/11	15.30	15.88	14.90	15.80	26460252	407685728.00
2022/11/14	15.49	15.50	14.55	14.56	15410805	229049056.00
2022/11/15	14.55	15.24	14.52	14.86	12687506	188445408.00
2022/11/16	14.68	15.20	14.58	14.76	10523853	156779424.00
2022/11/17	15.09	15.70	14.15	15.68	20583820	308258624.00
2022/11/18	15.29	15.99	15.16	15.62	21192580	332028768.00
2022/11/21	16.28	17.18	15.32	15.92	20157394	325665248.00
2022/11/22	15.51	15.54	14.41	14.83	14298957	215015072.00
2022/11/23	14.86	14.90	13.92	13.94	9671366	137803296.00
2022/11/24	13.94	14.10	13.66	13.70	6812801	94293552.00
2022/11/25	13.72	13.80	13.36	13.38	5784200	78031176.00
2022/11/28	13.06	13.55	13.06	13.30	4184780	55889952.00
2022/11/29	13.27	14.20	13.20	13.82	8652100	118812032.00
2022/11/30	13.71	14.55	13.63	14.49	10530279	149767024.00
2022/12/01	14.36	14.99	14.33	14.83	8169980	119452808.00
2022/12/02	14.80	15.36	14.73	15.25	10262700	154915424.00
2022/12/05	15.49	16.47	15.23	16.17	18483400	293564800.00
2022/12/06	16.25	16.60	15.56	15.72	13074101	208463584.00
2022/12/07	16.16	16.68	15.85	15.94	16240078	264345776.00
2022/12/08	16.03	16.20	15.05	15.22	10992000	169780208.00
2022/12/09	15.46	15.46	14.74	14.81	7002700	104722208.00
2022/12/12	15.09	15.70	14.83	15.20	7618400	115888048.00
2022/12/13	15.16	15.32	14.38	14.47	6022278	88913224.00
2022/12/14	14.58	14.90	14.50	14.53	3859900	56721484.00
2022/12/15	14.70	15.20	14.41	14.71	4595200	68090464.00
2022/12/16	14.58	14.70	14.16	14.35	4092700	58615080.00
2022/12/19	14.35	14.47	13.90	14.01	2979700	41842544.00
2022/12/20	14.04	14.13	13.78	13.81	2885700	40116236.00
2022/12/21	13.88	14.13	13.64	13.93	3347500	46565096.00
2022/12/22	13.93	14.20	13.70	13.95	4493000	62771560.00
2022/12/23	13.95	14.47	13.71	14.38	7151900	101946456.00
2022/12/26	14.43	14.75	14.00	14.49	7061000	101753496.00
2022/12/27	14.47	14.65	14.07	14.30	3896050	55576924.00
2022/12/28	14.16	14.25	13.68	13.85	4571754	63481896.00
2022/12/29	13.71	14.10	13.68	13.75	2973854	41203160.00
2022/12/30	13.75	14.03	13.66	13.92	2510475	34839316.00
2023/01/03	13.89	15.31	13.81	15.31	9271923	137192400.00
2023/01/04	15.47	15.68	15.22	15.46	9750724	150631296.00
2023/01/05	15.49	15.70	15.38	15.60	8297700	129097392.00
2023/01/06	15.60	15.70	15.34	15.37	4859791	75262528.00
2023/01/09	15.39	15.71	15.30	15.63	5821977	90477616.00
2023/01/10	15.64	15.90	15.27	15.59	4631275	72059656.00
2023/01/11	15.60	15.70	15.13	15.17	4528100	69527160.00
2023/01/12	15.19	15.52	15.05	15.20	3638001	55516252.00
2023/01/13	15.33	15.48	15.05	15.15	2551700	38702000.00
2023/01/16	15.11	15.89	15.11	15.45	4399700	68560368.00
2023/01/17	15.47	15.56	15.09	15.17	2647700	40472008.00
2023/01/18	15.17	15.46	15.01	15.36	3954900	60527776.00
2023/01/19	15.36	15.83	15.30	15.79	6147355	96375640.00
2023/01/20	15.74	16.02	15.54	15.87	6989200	110391456.00
2023/01/30	16.44	16.46	15.82	16.03	6211400	99625752.00
2023/01/31	16.00	16.21	15.66	15.70	6498762	102843400.00
2023/02/01	15.84	16.40	15.70	16.36	8368070	135372912.00
2023/02/02	16.50	16.94	16.20	16.49	9043900	150685120.00
2023/02/03	16.42	16.90	16.29	16.87	11331100	188921376.00
2023/02/06	16.75	17.30	16.54	17.10	13170500	223966208.00
2023/02/07	17.00	17.27	16.65	17.00	10843800	183960864.00
2023/02/08	17.00	17.23	16.69	16.78	6071200	102306760.00
2023/02/09	16.75	16.85	16.37	16.82	7923900	131630168.00
2023/02/10	16.80	17.06	16.50	16.55	7609700	127212888.00
2023/02/13	16.55	16.69	16.38	16.51	5845100	96629144.00
2023/02/14	16.59	16.59	16.12	16.23	5501862	89578160.00
2023/02/15	16.24	16.76	16.07	16.61	8883750	146395600.00
2023/02/16	16.50	17.59	16.45	16.74	13722700	232426368.00
2023/02/17	16.77	16.77	15.66	15.66	10840600	173621904.00
2023/02/20	16.53	17.23	16.53	17.23	5073900	86774136.00
2023/02/21	18.92	18.95	17.33	17.40	33898208	608807168.00
2023/02/22	16.99	17.79	16.99	17.62	21494556	375490624.00
2023/02/23	17.44	17.49	16.53	16.60	17375900	293521280.00
2023/02/24	16.93	18.26	16.81	18.26	16630660	301039424.00
2023/02/27	19.35	19.88	17.80	17.89	35461908	663495360.00
2023/02/28	17.70	18.44	17.68	17.88	23359004	421231232.00
2023/03/01	18.11	19.67	18.11	19.67	23448847	456049984.00
2023/03/02	20.26	21.04	19.80	20.08	55472004	1128297472.00
2023/03/03	19.40	19.61	18.70	19.08	34571278	662193536.00
2023/03/06	18.90	19.12	18.52	18.74	18138000	340564192.00
2023/03/07	18.95	19.15	17.91	18.01	18334179	336194048.00
2023/03/08	17.90	18.31	17.66	18.30	12399907	224794656.00
2023/03/09	18.20	18.20	17.51	17.95	12394021	221003536.00
2023/03/10	17.69	19.23	17.61	18.67	23287779	431680864.00
2023/03/13	18.56	19.00	18.07	18.96	19774479	368292960.00
2023/03/14	18.90	18.90	18.14	18.38	13494179	248942416.00
2023/03/15	18.65	18.74	17.80	17.90	12057676	218943936.00
2023/03/16	17.70	17.90	17.10	17.45	10190500	178275152.00
2023/03/17	17.58	18.47	17.57	18.22	13497800	243602688.00
2023/03/20	18.22	18.38	17.68	17.92	10213100	183741808.00
2023/03/21	17.93	18.32	17.60	18.26	8968200	162022752.00
2023/03/22	18.40	19.06	18.32	19.00	17137345	321438048.00
2023/03/23	18.70	18.99	18.65	18.81	12149073	228031824.00
2023/03/24	18.80	19.38	18.44	19.28	17832273	337807872.00
2023/03/27	19.28	19.30	18.58	19.00	14052076	266103680.00
2023/03/28	18.90	18.90	18.36	18.45	8831774	163999616.00
2023/03/29	18.44	18.77	18.23	18.47	7387545	136869984.00
2023/03/30	18.39	18.45	17.76	17.85	7903000	142361392.00
2023/03/31	17.85	18.79	17.69	18.73	10839100	198366192.00
2023/04/03	18.65	18.96	18.20	18.89	11843860	221173280.00
2023/04/04	18.97	19.02	18.47	18.70	11003900	206132224.00
2023/04/06	18.20	19.16	18.13	18.87	16509830	311193536.00
2023/04/07	19.35	19.36	17.60	18.41	18490200	337293792.00
2023/04/10	18.70	18.87	17.59	17.72	12075027	220260448.00
2023/04/11	17.61	17.98	17.27	17.55	7995674	140268448.00
2023/04/12	17.68	18.55	17.58	18.49	12009400	218135440.00
2023/04/13	18.37	18.53	17.99	18.00	7648827	139751952.00
2023/04/14	18.08	18.28	17.42	17.71	7376523	130721504.00
2023/04/17	17.54	17.63	16.71	16.78	9734800	164872272.00
2023/04/18	16.88	16.88	16.26	16.60	4978700	82408184.00
2023/04/19	16.55	17.19	16.51	16.75	5686800	96104136.00
2023/04/20	16.70	16.97	16.70	16.86	3826400	64476632.00
2023/04/21	16.72	16.80	15.68	15.68	6653301	106986520.00
2023/04/24	15.67	15.99	15.61	15.71	3867100	60963824.00
2023/04/25	15.20	15.33	14.39	14.86	9356600	138265680.00
2023/04/26	14.80	15.30	14.46	14.75	7434900	110281536.00
2023/04/27	14.66	14.96	14.40	14.46	4410600	64713132.00
2023/04/28	14.47	15.12	14.47	15.02	5417500	80894256.00
2023/05/05	14.44	14.44	14.44	14.44	0	0.00
数据来源:通达信
