603185 弘元绿能 日线 不复权
      日期	    开盘	    最高	    最低	    收盘	    成交量	    成交额
2018/12/28	49.10	49.10	49.10	49.10	151239	7425835.00
2019/01/02	54.01	54.01	50.09	52.50	12864861	673875072.00
2019/01/03	50.43	52.28	48.18	50.05	12230558	618335488.00
2019/01/04	51.11	55.06	51.11	55.06	12090660	641871168.00
2019/01/07	57.00	57.40	54.05	54.21	13148694	726103744.00
2019/01/08	55.64	56.88	54.30	54.79	10784569	597799616.00
2019/01/09	54.21	56.51	53.68	55.31	9695230	533746688.00
2019/01/10	54.69	56.55	54.55	55.38	8447003	469837216.00
2019/01/11	55.90	60.39	55.11	58.00	12661249	725212480.00
2019/01/14	57.51	57.93	52.38	52.60	11093942	609236608.00
2019/01/15	54.43	57.75	54.18	56.70	10814419	603467584.00
2019/01/16	56.25	58.18	55.51	56.69	8361803	474481216.00
2019/01/17	56.28	57.30	55.10	55.78	6044307	339099040.00
2019/01/18	55.54	58.15	55.52	56.51	8284967	470205152.00
2019/01/21	56.00	56.00	54.01	55.40	7018594	385298720.00
2019/01/22	55.00	57.12	54.70	55.60	6703817	374063808.00
2019/01/23	54.80	55.60	53.18	55.14	6107077	332263456.00
2019/01/24	54.73	54.98	53.17	53.53	5301219	286083872.00
2019/01/25	53.59	54.50	52.75	52.84	4916416	263974624.00
2019/01/28	53.25	54.20	52.78	53.98	4248600	227471968.00
2019/01/29	53.64	53.98	51.00	52.62	3906518	206437216.00
2019/01/30	53.27	55.20	53.16	54.06	5868723	317686080.00
2019/01/31	53.00	53.60	51.64	51.99	4468953	234672160.00
2019/02/01	52.00	53.30	52.00	52.70	3146175	165984464.00
2019/02/11	53.10	55.75	52.52	55.25	5924527	322621312.00
2019/02/12	54.95	56.30	54.35	55.78	5835060	322040064.00
2019/02/13	55.38	56.00	54.82	55.59	4798340	266056320.00
2019/02/14	55.48	57.94	55.33	55.84	5803882	327852544.00
2019/02/15	55.79	56.69	55.07	55.22	4309472	240556928.00
2019/02/18	55.24	56.63	54.52	56.60	5332931	296641152.00
2019/02/19	56.87	58.85	56.35	56.68	6995177	401354912.00
2019/02/20	56.68	56.95	53.94	55.05	5755787	317645568.00
2019/02/21	54.57	54.97	53.68	54.10	5252180	284871296.00
2019/02/22	53.61	54.19	53.50	54.00	4067137	218945840.00
2019/02/25	54.35	56.30	54.10	56.21	6651107	368334496.00
2019/02/26	55.88	57.36	55.02	55.50	7117881	398813792.00
2019/02/27	55.05	56.77	54.50	56.60	6548066	364868768.00
2019/02/28	56.97	57.10	55.68	56.00	4261424	239554720.00
2019/03/01	56.10	57.11	55.20	56.34	4548724	255614912.00
2019/03/04	56.68	59.50	55.87	58.68	8933535	513334816.00
2019/03/05	57.99	58.80	57.60	58.40	5408349	314061696.00
2019/03/06	58.80	60.99	57.63	58.76	7774673	460768768.00
2019/03/07	58.66	63.92	58.05	61.88	9563212	582981568.00
2019/03/08	59.88	60.99	57.71	57.75	7190212	427466784.00
2019/03/11	57.66	59.10	57.18	58.96	4139929	241402608.00
2019/03/12	58.95	59.99	58.25	59.14	4976387	294199328.00
2019/03/13	58.80	58.99	56.01	56.36	4689695	270541728.00
2019/03/14	56.05	56.90	53.71	54.40	3900895	214674032.00
2019/03/15	54.85	55.19	53.98	54.75	2398667	131085152.00
2019/03/18	55.13	55.87	54.62	55.80	2451708	135561472.00
2019/03/19	55.90	55.91	54.88	55.21	2385003	131932336.00
2019/03/20	55.14	56.39	54.79	56.38	3652076	203565568.00
2019/03/21	56.30	56.35	55.68	55.85	2518306	140873552.00
2019/03/22	55.96	56.00	54.30	55.27	2335062	128422400.00
2019/03/25	54.26	55.20	53.91	54.30	2214821	120701952.00
2019/03/26	54.51	55.20	53.97	54.68	2543829	139016928.00
2019/03/27	55.00	55.16	52.89	53.45	2693353	144253840.00
2019/03/28	53.35	53.49	52.12	52.27	2105077	111083600.00
2019/03/29	52.21	53.25	51.81	53.20	2638882	138991712.00
2019/04/01	53.30	54.50	53.15	54.49	2805565	151893648.00
2019/04/02	54.55	54.55	53.80	53.91	2656590	143544112.00
2019/04/03	53.69	54.65	53.30	54.36	2312457	125110632.00
2019/04/04	54.45	55.16	54.08	54.75	2797003	152753264.00
2019/04/08	54.81	55.88	53.68	54.08	2905970	159360112.00
2019/04/09	53.58	54.00	53.08	53.66	1641016	87956960.00
2019/04/10	53.60	53.60	52.38	52.71	2235618	117898848.00
2019/04/11	52.72	53.10	52.27	52.31	1544200	81190880.00
2019/04/12	52.10	52.86	52.10	52.86	1116916	58699848.00
2019/04/15	53.06	53.50	52.68	52.68	1826446	97022448.00
2019/04/16	52.68	52.77	51.52	52.72	2218768	115628096.00
2019/04/17	52.49	53.38	52.38	52.95	1945228	102970312.00
2019/04/18	52.71	52.88	52.03	52.09	1578771	82680208.00
2019/04/19	52.09	53.02	52.00	52.71	1534677	80615952.00
2019/04/22	52.85	53.35	52.56	52.89	1721461	91081608.00
2019/04/23	52.97	53.02	52.12	52.27	1335390	70070184.00
2019/04/24	52.50	52.56	51.33	51.97	1490373	77270192.00
2019/04/25	51.88	52.32	51.01	51.89	1612203	83247952.00
2019/04/26	47.55	48.74	47.46	47.46	3564379	171135104.00
2019/04/29	46.85	46.88	42.71	42.71	3063426	135622304.00
2019/04/30	41.01	42.38	40.58	41.38	2513824	104268520.00
2019/05/06	39.90	39.90	37.38	37.51	2313149	89669752.00
2019/05/07	37.88	39.29	37.61	39.08	2150074	82590976.00
2019/05/08	38.47	40.50	38.11	39.49	2337630	92700648.00
2019/05/09	39.20	40.27	39.00	39.23	1334489	52767760.00
2019/05/10	39.50	40.09	38.16	39.91	1963287	77851632.00
2019/05/13	39.52	39.93	38.60	39.15	1211225	47730840.00
2019/05/14	38.60	38.95	38.32	38.46	1115997	43120968.00
2019/05/15	38.81	40.12	38.81	40.00	1870243	73976144.00
2019/05/16	40.04	40.88	39.80	40.05	1710153	68874008.00
2019/05/17	39.70	39.93	38.02	38.06	1713905	66774880.00
2019/05/20	37.96	37.96	34.61	36.14	2077293	74740160.00
2019/05/21	36.10	36.88	35.80	36.45	1318426	48166176.00
2019/05/22	36.64	36.64	35.43	35.78	1198366	43303416.00
2019/05/23	35.78	35.93	35.16	35.35	1010819	35769860.00
2019/05/24	35.15	36.26	35.02	36.00	1418781	50876028.00
2019/05/27	35.98	37.22	35.70	36.86	1489704	54516908.00
2019/05/28	36.86	38.17	36.65	36.92	1999422	74862728.00
2019/05/29	36.70	38.15	36.50	37.37	1915092	71713560.00
2019/05/30	37.28	40.60	36.58	39.57	2722724	104171856.00
2019/05/31	39.56	41.84	39.03	41.11	4444543	181516928.00
2019/06/03	40.24	40.89	38.83	38.85	2511540	99508400.00
2019/06/04	38.85	39.65	38.60	39.00	1322192	51683528.00
2019/06/05	39.31	39.61	38.02	38.02	1596747	61591728.00
2019/06/06	37.98	38.00	36.11	36.40	1449850	53380096.00
2019/06/10	36.62	37.20	36.51	36.94	886077	32631732.00
2019/06/11	37.15	38.16	36.96	38.15	1544457	58360820.00
2019/06/12	38.15	38.44	37.81	38.38	1164839	44430640.00
2019/06/13	38.05	38.05	36.77	37.38	1813785	67465176.00
2019/06/14	37.46	37.48	36.08	36.17	1173158	43127776.00
2019/06/17	35.97	36.44	35.81	36.10	645277	23316264.00
2019/06/18	36.30	39.71	36.30	38.87	4307924	167300896.00
2019/06/19	38.85	40.66	38.46	40.34	5343611	211629792.00
2019/06/20	40.00	40.88	39.31	40.30	4163569	166716384.00
2019/06/21	40.15	40.90	39.97	40.50	3123247	126166232.00
2019/06/24	40.35	43.34	40.25	42.09	4351944	183502032.00
2019/06/25	42.49	42.89	40.81	41.61	2948471	123442816.00
2019/06/26	41.02	41.56	40.16	40.63	2123745	86815328.00
2019/06/27	41.10	41.88	40.53	40.84	1973265	80968192.00
2019/06/28	41.13	41.13	39.10	39.35	2392307	94829192.00
2019/07/01	40.00	40.78	40.00	40.68	2180318	88070520.00
2019/07/02	41.09	41.11	39.93	40.16	1770075	71239728.00
2019/07/03	40.03	41.88	40.03	41.28	3444614	141948944.00
2019/07/04	40.97	41.72	40.62	41.27	2088444	86054144.00
2019/07/05	41.00	41.30	40.55	41.00	1653840	67686104.00
2019/07/08	41.00	41.47	39.58	39.98	1795491	72482144.00
2019/07/09	39.59	40.36	39.51	39.81	1196545	47634928.00
2019/07/10	28.37	28.95	27.81	28.50	1306405	37224240.00
2019/07/11	28.41	28.50	26.83	27.08	3166164	86970072.00
2019/07/12	26.91	27.35	26.91	27.20	1473687	40035448.00
2019/07/15	27.14	27.20	26.09	26.77	1728089	45783424.00
2019/07/16	26.68	26.95	26.56	26.95	999207	26774076.00
2019/07/17	26.76	26.95	26.40	26.54	1367709	36367528.00
2019/07/18	26.50	27.74	26.50	26.91	2652698	72175672.00
2019/07/19	26.97	27.20	26.37	26.48	2145338	57242496.00
2019/07/22	26.47	26.48	25.01	25.11	2052061	51990464.00
2019/07/23	25.08	25.44	25.00	25.40	884141	22374332.00
2019/07/24	25.44	26.10	25.42	25.99	1574358	40652256.00
2019/07/25	25.99	27.50	25.72	26.77	2365618	63194088.00
2019/07/26	26.54	27.10	26.42	26.66	1445487	38618232.00
2019/07/29	26.51	28.04	26.50	27.88	3506145	96762480.00
2019/07/30	27.40	28.38	27.29	27.66	3499027	97339968.00
2019/07/31	27.42	27.42	26.72	26.90	2384022	64375592.00
2019/08/01	26.97	27.53	26.80	27.12	1795141	48684864.00
2019/08/02	25.98	27.12	25.98	26.82	1904863	50854192.00
2019/08/05	26.86	27.63	26.48	26.54	1806040	48841708.00
2019/08/06	26.09	27.45	25.11	27.40	3610341	95732256.00
2019/08/07	27.40	28.19	27.05	27.35	3756229	103975760.00
2019/08/08	27.11	27.88	26.56	26.64	2590268	70178232.00
2019/08/09	26.75	26.93	25.85	25.85	2022436	52922144.00
2019/08/12	25.95	26.19	25.51	26.13	1287768	33240824.00
2019/08/13	25.82	25.99	25.63	25.73	955698	24594440.00
2019/08/14	26.13	26.64	25.93	26.46	2312486	60936412.00
2019/08/15	25.98	27.39	25.86	27.24	2728941	72936008.00
2019/08/16	27.39	27.76	26.86	27.39	3061617	83816120.00
2019/08/19	27.49	28.25	27.15	28.05	3548998	98640120.00
2019/08/20	27.88	28.13	27.63	27.69	2663088	74147408.00
2019/08/21	27.65	28.68	27.61	28.33	4393642	124307128.00
2019/08/22	28.30	28.32	27.40	27.73	2870262	79718120.00
2019/08/23	27.73	27.90	27.33	27.53	1587826	43756032.00
2019/08/26	26.46	27.10	26.46	26.68	1719510	45985280.00
2019/08/27	26.88	27.51	26.88	27.38	1655920	45159856.00
2019/08/28	27.33	27.76	27.00	27.48	2014870	55114800.00
2019/08/29	26.02	26.59	26.01	26.39	3594671	94541272.00
2019/08/30	26.39	26.39	25.13	25.24	4363625	112002288.00
2019/09/02	25.18	25.72	25.06	25.72	1778288	45325560.00
2019/09/03	25.45	25.80	25.43	25.68	1830415	46920440.00
2019/09/04	25.65	26.21	25.56	26.13	2499322	64628656.00
2019/09/05	26.27	26.74	26.15	26.26	3058223	80757312.00
2019/09/06	26.20	26.86	26.17	26.60	2485706	65866948.00
2019/09/09	26.66	27.76	26.28	27.47	3723220	101150456.00
2019/09/10	27.70	27.72	27.05	27.30	2483263	67818592.00
2019/09/11	27.45	27.71	27.11	27.16	2037873	55735704.00
2019/09/12	27.30	29.32	27.16	28.30	5376322	151463104.00
2019/09/16	28.10	28.87	27.88	28.49	4268999	121111360.00
2019/09/17	28.11	28.35	27.35	27.55	3296947	91236448.00
2019/09/18	27.69	30.28	27.60	29.64	8937184	261322736.00
2019/09/19	29.37	30.66	29.18	30.39	8829836	265992960.00
2019/09/20	30.08	30.52	29.60	29.85	5130596	154061392.00
2019/09/23	30.00	30.50	29.01	30.50	5130927	153212464.00
2019/09/24	30.50	31.45	29.70	29.77	6833780	209435440.00
2019/09/25	29.28	29.66	28.35	28.54	4445440	128964968.00
2019/09/26	28.62	28.88	27.41	27.60	3347385	93621368.00
2019/09/27	27.60	28.40	27.36	28.24	2639625	73979800.00
2019/09/30	28.46	28.46	27.60	27.60	1448821	40553492.00
2019/10/08	27.70	27.93	26.73	26.88	1857091	50773944.00
2019/10/09	26.82	27.55	26.77	27.53	1570538	42720024.00
2019/10/10	27.58	27.59	27.15	27.55	1593358	43663464.00
2019/10/11	27.42	27.96	27.31	27.88	1872660	51964988.00
2019/10/14	28.08	29.29	27.74	28.83	3369566	95898744.00
2019/10/15	28.60	28.60	28.07	28.56	2068856	58504688.00
2019/10/16	28.45	28.68	28.11	28.16	1393805	39511100.00
2019/10/17	28.16	28.38	27.62	27.72	1236966	34565404.00
2019/10/18	27.89	27.89	26.70	26.85	1532357	41779344.00
2019/10/21	26.81	26.85	25.76	25.82	1789120	46474476.00
2019/10/22	25.80	26.19	25.80	26.15	1409573	36674380.00
2019/10/23	26.16	26.39	25.91	25.95	1182657	30903180.00
2019/10/24	25.95	26.22	25.88	26.17	881115	22982692.00
2019/10/25	26.24	26.33	25.88	26.18	1028553	26830912.00
2019/10/28	26.10	26.60	26.09	26.56	1353200	35684800.00
2019/10/29	26.56	26.73	25.84	25.90	1316460	34456952.00
2019/10/30	25.97	26.00	25.23	25.30	1294316	32897896.00
2019/10/31	25.33	25.52	25.10	25.36	787340	19920512.00
2019/11/01	25.39	25.60	25.15	25.53	629020	16020649.00
2019/11/04	25.74	25.74	25.50	25.53	794860	20334428.00
2019/11/05	25.70	25.70	25.44	25.52	730376	18684476.00
2019/11/06	25.68	26.38	25.53	25.88	1347120	34994348.00
2019/11/07	26.00	26.23	25.84	26.07	882740	22970044.00
2019/11/08	26.14	26.18	25.75	25.78	905200	23497448.00
2019/11/11	25.66	25.66	24.58	24.76	1170280	29304200.00
2019/11/12	24.76	24.91	24.08	24.39	1121263	27253890.00
2019/11/13	24.40	24.46	24.10	24.23	797236	19288548.00
2019/11/14	24.20	24.35	24.20	24.33	639543	15531441.00
2019/11/15	24.33	24.35	23.70	23.76	893508	21510780.00
2019/11/18	23.72	24.00	23.65	23.74	857019	20420268.00
2019/11/19	23.74	24.18	23.60	24.10	1042810	24927948.00
2019/11/20	24.01	24.08	23.78	23.85	908708	21743016.00
2019/11/21	23.70	24.05	23.65	23.99	682996	16313217.00
2019/11/22	24.01	24.13	23.55	23.69	1079592	25743070.00
2019/11/25	23.69	23.85	23.04	23.19	941687	21857248.00
2019/11/26	23.19	23.34	23.12	23.19	735860	17084576.00
2019/11/27	23.18	23.41	23.10	23.12	663720	15408618.00
2019/11/28	23.12	23.25	22.98	23.06	581393	13444762.00
2019/11/29	22.98	22.98	22.38	22.67	1220424	27534536.00
2019/12/02	22.81	22.82	22.48	22.49	702584	15897050.00
2019/12/03	22.41	22.79	22.31	22.75	1111727	25094008.00
2019/12/04	22.65	22.93	22.51	22.93	1031756	23522424.00
2019/12/05	22.93	23.24	22.81	23.21	1071550	24751324.00
2019/12/06	23.18	23.18	22.95	23.12	1086967	25058690.00
2019/12/09	23.20	23.26	22.67	22.95	1003011	22999144.00
2019/12/10	23.02	23.20	22.75	23.20	1030928	23689506.00
2019/12/11	23.15	23.30	22.85	22.90	875520	20105550.00
2019/12/12	22.73	23.10	22.73	22.78	763374	17474232.00
2019/12/13	23.00	23.65	22.88	23.52	2396673	56021340.00
2019/12/16	23.54	23.76	23.43	23.73	2128976	50222264.00
2019/12/17	23.72	24.50	23.72	24.35	2765064	66919636.00
2019/12/18	24.30	24.33	23.98	24.16	1784805	43156720.00
2019/12/19	24.05	24.47	24.05	24.24	1349640	32659032.00
2019/12/20	24.25	24.34	23.81	23.82	1315433	31599612.00
2019/12/23	23.81	24.09	23.22	23.22	1247946	29521130.00
2019/12/24	23.30	23.69	23.30	23.69	848440	19949262.00
2019/12/25	23.51	23.97	23.51	23.77	1089988	25888032.00
2019/12/26	23.76	24.08	23.69	24.05	1166970	27847316.00
2019/12/27	24.02	24.26	23.83	23.84	1508466	36326244.00
2019/12/30	24.10	26.08	24.10	25.42	5376820	135649024.00
2019/12/31	25.08	25.36	24.84	25.20	2438013	61253140.00
2020/01/02	25.32	25.79	25.17	25.25	2425420	61700288.00
2020/01/03	25.40	26.25	25.23	26.24	2783637	71322632.00
2020/01/06	25.65	28.29	25.62	27.66	6858280	186467408.00
2020/01/07	27.32	29.50	27.32	28.56	6309449	180936608.00
2020/01/08	28.39	28.85	27.35	27.43	4320967	120793584.00
2020/01/09	27.85	29.98	27.25	29.83	6520044	186286208.00
2020/01/10	29.40	30.30	29.02	29.94	5265174	156760768.00
2020/01/13	29.90	30.80	29.90	30.55	4647069	141323184.00
2020/01/14	30.60	30.94	29.27	29.45	4287805	127804104.00
2020/01/15	29.45	29.65	28.57	28.82	2903521	83796632.00
2020/01/16	28.77	30.28	28.76	29.92	3293957	97272912.00
2020/01/17	29.92	30.18	29.31	29.59	1834116	54454888.00
2020/01/20	29.60	30.46	29.30	29.66	2571698	76633672.00
2020/01/21	29.59	30.39	29.46	29.81	2354571	70576424.00
2020/01/22	32.10	32.79	30.85	32.79	8299777	267547120.00
2020/01/23	32.60	33.28	30.64	32.00	8785177	282719296.00
2020/02/03	28.80	28.80	28.80	28.80	375000	10800000.00
2020/02/04	26.50	28.49	26.50	27.90	4744005	131488944.00
2020/02/05	27.80	30.69	27.62	30.22	6295994	185528928.00
2020/02/06	29.55	33.24	29.50	32.61	7136301	230722800.00
2020/02/07	32.61	35.52	32.30	35.52	7507735	253721968.00
2020/02/10	36.15	39.07	35.27	37.39	9755339	367741504.00
2020/02/11	36.40	40.96	36.40	40.10	9632462	375637696.00
2020/02/12	40.80	43.00	39.50	42.80	7240700	299448992.00
2020/02/13	42.00	43.47	40.20	42.03	7358483	306258496.00
2020/02/14	41.27	41.50	39.30	39.70	5331939	214540144.00
2020/02/17	40.23	41.53	39.70	40.90	3863224	157869552.00
2020/02/18	41.49	43.78	41.01	43.60	4772584	201908400.00
2020/02/19	44.00	44.00	41.53	41.99	4633069	198395456.00
2020/02/20	41.72	43.05	41.66	42.55	3569270	151168096.00
2020/02/21	41.90	43.46	41.90	42.70	4328496	185437872.00
2020/02/24	42.11	44.80	42.00	44.61	3779210	162772256.00
2020/02/25	43.45	44.40	41.50	43.86	3698367	160292528.00
2020/02/26	43.00	43.40	40.90	41.30	3525868	147422192.00
2020/02/27	40.99	42.62	40.50	41.54	2483174	103298584.00
2020/02/28	39.53	42.41	39.49	41.08	3764891	154845920.00
2020/03/02	42.01	45.19	42.01	45.19	3990768	178144096.00
2020/03/03	47.48	49.71	47.45	49.71	4762487	233155024.00
2020/03/04	49.80	51.08	47.74	49.78	4616628	228290048.00
2020/03/05	49.46	53.07	49.46	50.50	4817918	245029616.00
2020/03/06	49.60	51.27	48.95	49.30	3388714	168974672.00
2020/03/09	47.76	49.79	45.50	45.88	3775130	178069360.00
2020/03/10	46.90	47.66	43.89	47.30	3284513	151355648.00
2020/03/11	46.74	48.85	46.00	46.93	3055140	144915808.00
2020/03/12	47.70	48.31	45.00	48.25	2961851	138750832.00
2020/03/13	46.00	49.42	45.77	49.20	2551263	121676600.00
2020/03/16	49.40	49.68	44.28	44.28	2886480	135292448.00
2020/03/17	43.23	43.85	39.85	39.85	5296203	213211008.00
2020/03/18	40.26	41.00	37.88	37.88	5301413	209096224.00
2020/03/19	38.33	38.80	36.70	38.55	3637547	137405520.00
2020/03/20	38.70	39.00	36.00	38.22	3077645	115785480.00
2020/03/23	36.76	37.00	34.40	34.40	3138656	109645776.00
2020/03/24	34.57	35.03	32.10	33.21	5282735	175877664.00
2020/03/25	33.94	36.53	33.94	35.30	5505555	195681440.00
2020/03/26	35.70	36.77	34.81	35.65	3349148	120221640.00
2020/03/27	36.39	39.22	35.84	39.22	4714673	176053888.00
2020/03/30	38.60	38.75	35.30	35.34	4479835	162239840.00
2020/03/31	35.23	37.23	34.10	36.10	4004417	143297824.00
2020/04/01	36.00	39.66	35.56	37.75	3748080	140540512.00
2020/04/02	37.13	39.20	33.98	39.16	3723212	141504016.00
2020/04/03	39.72	39.99	38.20	39.23	3879855	151317072.00
2020/04/07	39.51	41.10	39.02	39.69	4921790	195290672.00
2020/04/08	39.69	40.50	39.23	39.75	3275562	130590160.00
2020/04/09	39.76	40.30	39.26	39.58	2121706	84009664.00
2020/04/10	39.40	39.48	37.63	38.99	2516080	96712824.00
2020/04/13	38.91	40.60	37.71	40.48	2685620	105624296.00
2020/04/14	40.40	43.44	39.88	43.36	5280642	221691552.00
2020/04/15	41.50	41.56	39.40	39.50	6858173	276514304.00
2020/04/16	39.64	40.38	38.85	38.90	3410115	134715984.00
2020/04/17	38.60	41.50	38.60	40.90	6938462	280839456.00
2020/04/20	40.59	40.59	37.52	39.41	5714329	222870640.00
2020/04/21	38.79	38.90	37.20	37.57	3186436	120828280.00
2020/04/22	37.57	37.86	36.68	37.70	2690884	99784832.00
2020/04/23	37.64	37.76	36.91	37.20	1515160	56301464.00
2020/04/24	38.75	38.75	37.06	37.31	2314890	87235920.00
2020/04/27	36.50	38.43	36.50	37.00	1816398	68270048.00
2020/04/28	36.60	37.24	34.00	36.87	2036658	73724264.00
2020/04/29	36.72	37.40	36.38	37.14	1378274	51118048.00
2020/04/30	37.58	40.00	37.33	38.92	4155075	161708784.00
2020/05/06	38.50	40.76	38.33	40.54	4561938	182159680.00
2020/05/07	40.38	41.10	39.92	40.47	3321106	135043600.00
2020/05/08	40.99	41.25	40.33	41.13	3338742	136432640.00
2020/05/11	41.14	41.20	40.21	41.16	3700023	150887152.00
2020/05/12	41.48	41.76	40.54	41.16	2723255	112033768.00
2020/05/13	40.80	42.51	40.61	41.65	3266499	136011392.00
2020/05/14	41.64	42.45	41.33	42.18	3485480	146363568.00
2020/05/15	41.80	42.50	41.06	41.56	2737083	113644920.00
2020/05/18	41.17	41.57	40.33	40.90	3460315	141299408.00
2020/05/19	40.96	41.76	40.60	41.50	2565833	105999200.00
2020/05/20	31.65	32.30	30.40	30.57	2948620	91718120.00
2020/05/21	30.42	30.62	29.36	29.37	2832016	84507472.00
2020/05/22	29.49	29.60	28.42	29.13	2261608	65663612.00
2020/05/25	28.81	29.05	28.11	28.52	1601585	45518452.00
2020/05/26	28.64	29.10	28.39	28.90	1661504	47857296.00
2020/05/27	28.85	31.79	28.06	28.87	5192690	154131488.00
2020/05/28	28.45	28.78	27.55	28.04	2976712	83874256.00
2020/05/29	27.90	30.06	27.60	29.89	4608002	135043200.00
2020/06/01	29.94	31.94	29.58	30.82	5106017	157119920.00
2020/06/02	31.09	33.90	30.61	33.53	7720568	251644896.00
2020/06/03	33.28	33.80	32.72	33.40	5114902	170065072.00
2020/06/04	33.48	33.68	32.86	33.25	2764936	92076800.00
2020/06/05	34.50	35.88	33.90	35.27	5504089	192553328.00
2020/06/08	35.86	36.88	35.30	35.93	4389400	158541808.00
2020/06/09	35.35	36.18	34.78	35.59	3078925	109688168.00
2020/06/10	35.58	36.47	35.55	36.16	2401438	86539736.00
2020/06/11	35.94	36.70	35.44	35.99	2846152	102368480.00
2020/06/12	35.28	36.27	34.90	36.07	2016134	72293200.00
2020/06/15	36.86	37.25	34.91	35.14	3183464	113566208.00
2020/06/16	35.28	38.65	35.20	38.63	7284073	275405120.00
2020/06/17	38.90	42.49	38.80	42.49	8215742	338020352.00
2020/06/18	42.25	44.00	41.88	42.98	6996391	299330496.00
2020/06/19	43.15	43.42	42.28	43.17	2954231	126653648.00
2020/06/22	43.99	43.99	42.81	43.30	3112725	134884704.00
2020/06/23	43.97	45.18	43.01	43.60	3257842	142747232.00
2020/06/24	44.13	44.49	43.51	44.01	2218020	97501440.00
2020/06/29	44.85	48.35	44.28	47.00	5775011	267452896.00
2020/06/30	47.79	49.15	46.47	48.99	4157719	199934944.00
2020/07/01	50.22	51.38	47.50	49.16	3661423	178768736.00
2020/07/02	49.12	51.25	48.50	49.36	4236522	210960656.00
2020/07/03	49.37	51.51	49.13	50.90	4425703	223531264.00
2020/07/06	51.00	51.99	47.91	49.20	7903540	390271520.00
2020/07/07	49.19	51.44	48.08	50.52	5286208	264364336.00
2020/07/08	50.10	53.39	49.39	52.90	5218307	269753984.00
2020/07/09	52.90	53.33	52.00	52.86	3444599	181375664.00
2020/07/10	52.86	57.50	52.70	55.57	5071900	278814464.00
2020/07/13	56.27	58.62	55.38	56.16	5565073	314590816.00
2020/07/14	56.16	57.19	54.70	57.05	4188409	234558592.00
2020/07/15	56.61	57.45	55.68	55.79	3535627	200156608.00
2020/07/16	56.20	59.87	50.22	52.29	6590281	366523712.00
2020/07/17	53.00	53.50	50.50	51.78	3817373	198887232.00
2020/07/20	52.50	53.81	51.22	53.40	3253052	170968512.00
2020/07/21	53.10	57.11	52.72	56.22	4408634	243888736.00
2020/07/22	55.91	57.18	55.00	56.19	3033612	170269808.00
2020/07/23	55.19	60.50	53.20	59.58	7207098	414821568.00
2020/07/24	59.90	60.64	55.60	57.15	5935340	341741280.00
2020/07/27	57.79	58.24	54.50	55.03	4364313	245847728.00
2020/07/28	55.30	55.50	53.40	55.20	3176850	173261408.00
2020/07/29	54.84	60.72	54.30	60.72	6233247	367538624.00
2020/07/30	60.97	65.88	59.76	64.48	6403331	400493952.00
2020/07/31	65.00	65.70	63.78	65.18	3264342	211158336.00
2020/08/03	65.84	69.38	64.59	68.18	4116576	277429440.00
2020/08/04	68.85	68.85	65.47	66.95	2664653	177292592.00
2020/08/05	66.81	73.63	66.32	73.50	5362244	380772320.00
2020/08/06	73.04	74.08	70.12	73.22	3562521	256456080.00
2020/08/07	72.23	75.40	71.51	74.40	3452690	254601696.00
2020/08/10	74.40	75.40	72.52	75.00	2314982	171380416.00
2020/08/11	75.00	77.88	71.40	72.15	3494607	259894640.00
2020/08/12	71.85	72.65	67.38	69.77	3814672	266658720.00
2020/08/13	68.74	70.38	68.00	69.79	2115116	147301184.00
2020/08/14	70.36	73.45	69.26	70.39	2671238	190832048.00
2020/08/17	70.39	71.80	69.69	70.98	1996560	141482672.00
2020/08/18	71.15	71.76	70.05	71.00	1647096	116738816.00
2020/08/19	69.01	70.78	68.38	69.32	1682107	116416144.00
2020/08/20	69.98	69.98	62.39	62.39	4782518	311321568.00
2020/08/21	62.97	66.24	61.99	62.60	4665918	297125376.00
2020/08/24	62.97	63.48	59.61	61.35	3455363	211255760.00
2020/08/25	63.72	63.72	60.27	61.35	2641335	163289824.00
2020/08/26	61.11	61.78	58.52	59.18	2477755	147875552.00
2020/08/27	59.18	64.00	58.65	63.69	4663090	290922240.00
2020/08/28	63.28	64.37	62.82	63.98	3185004	203153968.00
2020/08/31	63.90	67.00	63.88	64.60	3070069	201741248.00
2020/09/01	65.18	67.50	64.32	67.41	3816850	254148688.00
2020/09/02	68.07	68.60	67.01	67.90	2788252	188763936.00
2020/09/03	67.90	73.00	67.51	71.34	3909382	278354176.00
2020/09/04	70.00	71.75	68.80	70.91	3345544	234749456.00
2020/09/07	69.51	71.31	67.60	69.80	2810219	195465344.00
2020/09/08	69.01	69.58	65.53	66.79	3710728	248528896.00
2020/09/09	64.14	65.72	60.28	60.70	4126029	255204864.00
2020/09/10	61.51	62.50	59.90	59.95	2183481	133759608.00
2020/09/11	57.87	65.89	57.67	65.70	3661437	229354480.00
2020/09/14	66.18	71.18	65.82	70.60	4907786	339667904.00
2020/09/15	70.85	72.98	69.88	71.46	3630041	258860208.00
2020/09/16	71.80	74.19	71.33	73.05	3188829	231372160.00
2020/09/17	72.36	73.65	71.12	72.87	3201971	232258112.00
2020/09/18	73.18	74.47	71.51	74.10	2939503	216015568.00
2020/09/21	74.03	75.57	73.10	73.79	1686430	124635216.00
2020/09/22	73.50	73.79	70.90	70.90	1732266	124813344.00
2020/09/23	72.31	74.42	70.58	73.16	2335868	170077648.00
2020/09/24	73.00	74.55	70.00	71.30	2399302	172547600.00
2020/09/25	71.63	72.46	70.46	71.48	1171901	83796096.00
2020/09/28	71.90	74.50	69.61	69.78	2586454	185764208.00
2020/09/29	70.89	72.13	69.65	70.80	1732369	122777112.00
2020/09/30	71.90	73.22	70.22	72.50	2654037	191285936.00
2020/10/09	76.00	79.75	75.75	79.75	3881550	305974720.00
2020/10/12	83.00	87.73	82.51	87.73	5398343	467735648.00
2020/10/13	87.73	93.62	84.46	91.02	4808622	430570592.00
2020/10/14	91.35	94.00	89.30	92.90	2972382	274166944.00
2020/10/15	93.80	94.50	89.01	89.68	3884186	355365664.00
2020/10/16	91.23	92.56	90.00	91.90	2907860	265570800.00
2020/10/19	93.74	94.00	84.70	85.46	3699548	326093536.00
2020/10/20	85.75	87.08	83.23	86.90	2682844	228987968.00
2020/10/21	87.00	89.18	83.00	84.78	2690237	228316768.00
2020/10/22	84.04	84.04	80.03	83.16	2374744	194966256.00
2020/10/23	86.50	87.50	77.80	79.66	5786435	476434208.00
2020/10/26	80.66	83.49	79.00	83.02	3763999	308466336.00
2020/10/27	83.00	83.35	80.54	81.75	4186250	341263744.00
2020/10/28	81.70	82.31	74.85	81.25	3861479	311689152.00
2020/10/29	81.13	83.89	79.50	82.50	3509895	288057248.00
2020/10/30	82.05	83.35	81.14	82.21	2887407	237504704.00
2020/11/02	82.00	83.60	79.57	80.50	3985458	324299744.00
2020/11/03	87.33	87.33	77.98	83.10	8176084	671706112.00
2020/11/04	82.99	83.96	75.58	77.28	8334777	657124032.00
2020/11/05	78.26	81.69	75.59	81.15	7736537	607419328.00
2020/11/06	81.88	82.61	77.77	80.18	4700496	374770880.00
2020/11/09	79.20	79.79	72.35	75.20	9073856	681269440.00
2020/11/10	73.95	76.00	71.11	75.55	5954350	438433248.00
2020/11/11	74.52	76.55	73.30	74.58	3133743	234936800.00
2020/11/12	74.16	76.38	73.58	76.17	2988436	225118640.00
2020/11/13	75.25	77.18	72.38	73.79	4287886	320173472.00
2020/11/16	73.60	73.60	68.58	72.65	3646415	260238832.00
2020/11/17	73.32	74.13	70.99	71.90	3190514	229875456.00
2020/11/18	71.90	72.84	67.90	67.96	4638933	322400672.00
2020/11/19	68.25	69.80	66.64	69.30	3117286	213575872.00
2020/11/20	69.30	76.23	68.18	76.23	7235753	534339648.00
2020/11/23	77.00	78.11	75.63	77.23	6907162	531749056.00
2020/11/24	78.08	84.95	77.41	84.38	8480782	698420800.00
2020/11/25	84.34	85.00	81.20	82.20	5314973	439131840.00
2020/11/26	82.02	83.21	78.18	79.10	4692628	376436672.00
2020/11/27	79.01	81.55	78.80	79.83	3172322	253155264.00
2020/11/30	85.00	87.81	82.35	86.71	11050159	949265408.00
2020/12/01	86.78	95.38	85.95	95.38	7270484	674241728.00
2020/12/02	97.00	101.49	96.25	99.30	12315433	1221608192.00
2020/12/03	103.00	104.00	96.00	98.10	7693556	759697024.00
2020/12/04	98.97	107.89	97.78	105.51	9475709	973195712.00
2020/12/07	105.45	116.06	104.98	116.06	7448289	824237376.00
2020/12/08	112.00	117.00	105.62	110.00	11238764	1236887296.00
2020/12/09	108.00	109.02	102.35	103.00	8888132	935435072.00
2020/12/10	102.30	113.30	101.82	112.41	10461559	1135724160.00
2020/12/11	111.66	119.51	110.45	111.69	9601691	1099696896.00
2020/12/14	115.00	119.21	112.30	117.40	7152798	825465728.00
2020/12/15	115.80	116.95	109.88	113.89	7402767	841271488.00
2020/12/16	114.00	117.49	111.97	113.88	7370210	847119744.00
2020/12/17	111.00	113.68	109.11	112.90	5735153	641135488.00
2020/12/18	112.77	117.90	112.01	115.90	6177854	717226624.00
2020/12/21	118.52	123.20	116.00	121.60	7926351	951341888.00
2020/12/22	120.01	124.09	117.41	120.62	6178736	746560960.00
2020/12/23	122.62	132.68	122.00	132.68	8606611	1118328320.00
2020/12/24	131.89	141.00	130.80	135.57	7792004	1061011392.00
2020/12/25	136.00	149.00	133.34	148.00	7686273	1084950784.00
2020/12/28	146.21	154.97	146.01	152.20	7438863	1114872192.00
2020/12/29	150.00	150.70	136.98	136.98	11086997	1549212544.00
2020/12/30	135.50	142.50	132.24	135.54	9822941	1345424128.00
2020/12/31	135.80	140.09	134.50	138.45	6283942	863785984.00
2021/01/04	136.99	140.58	128.00	138.00	9852518	1343291904.00
2021/01/05	137.00	140.75	131.50	139.00	7829688	1076939904.00
2021/01/06	138.05	147.40	134.63	146.57	9865289	1389311616.00
2021/01/07	146.49	159.88	142.00	153.57	10134380	1529066624.00
2021/01/08	151.06	152.97	145.50	150.00	5664050	842488256.00
2021/01/11	148.00	153.88	143.51	147.07	4613166	681678080.00
2021/01/12	145.52	160.18	145.11	158.49	6724317	1034024448.00
2021/01/13	157.00	169.72	156.16	159.09	7431712	1206943232.00
2021/01/14	158.50	158.50	143.18	143.18	8261616	1213140480.00
2021/01/15	140.37	146.58	138.80	141.77	5367987	762711232.00
2021/01/18	141.41	143.70	136.18	141.11	4941791	697016512.00
2021/01/19	141.25	146.70	138.00	140.57	5825903	829038400.00
2021/01/20	139.71	146.04	139.51	145.98	5921774	851898752.00
2021/01/21	155.00	160.58	151.00	160.58	8337398	1319914624.00
2021/01/22	165.00	176.64	165.00	176.64	6696165	1159867392.00
2021/01/25	178.01	183.50	169.51	173.59	13056226	2321793280.00
2021/01/26	174.25	189.80	174.23	179.10	9973546	1808317440.00
2021/01/27	178.87	191.00	176.58	185.80	10027065	1841136384.00
2021/01/28	176.00	180.00	171.00	174.05	7501624	1321728000.00
2021/01/29	180.00	181.30	165.79	174.58	8892232	1547928192.00
2021/02/01	174.47	179.85	167.00	171.00	6107169	1054223104.00
2021/02/02	173.00	175.92	163.28	173.50	6401158	1091895040.00
2021/02/03	173.00	175.00	162.20	165.77	6453347	1086483840.00
2021/02/04	163.50	167.00	157.00	162.99	6170118	1000318208.00
2021/02/05	166.25	179.29	165.00	176.98	10260267	1806757760.00
2021/02/08	179.35	182.28	164.50	172.65	8882424	1531243776.00
2021/02/09	175.23	181.56	171.01	176.08	5837645	1024364736.00
2021/02/10	178.68	181.00	170.02	179.50	6642031	1169892992.00
2021/02/18	181.21	183.49	163.98	166.15	8599035	1465285120.00
2021/02/19	163.00	166.65	155.75	161.44	5321403	857732992.00
2021/02/22	161.50	168.38	156.00	156.00	6281438	1014732160.00
2021/02/23	151.00	161.30	149.01	159.00	4068529	631092736.00
2021/02/24	156.39	158.00	143.10	143.10	6152363	909121024.00
2021/02/25	145.00	145.00	140.77	142.50	3455655	493634368.00
2021/02/26	138.37	142.47	136.50	140.71	4245283	591783104.00
2021/03/01	148.00	154.78	143.00	151.70	6554627	994168000.00
2021/03/02	153.53	158.50	150.50	156.99	6147640	953175744.00
2021/03/03	155.12	164.76	155.05	161.95	5126668	822457280.00
2021/03/04	158.86	158.88	145.76	145.76	5415741	806887808.00
2021/03/05	138.98	144.95	133.13	143.00	4039719	567487616.00
2021/03/08	144.79	144.90	135.28	135.28	4861995	677149952.00
2021/03/09	134.50	135.99	128.70	128.96	4794400	631430336.00
2021/03/10	134.02	135.89	130.13	132.00	4012837	532363904.00
2021/03/11	133.68	143.40	131.60	142.41	5199286	722988096.00
2021/03/12	143.00	145.10	140.05	144.99	3540777	506557408.00
2021/03/15	140.42	142.76	132.50	134.00	4019161	553528832.00
2021/03/16	137.63	138.79	129.99	132.20	5056682	679719872.00
2021/03/17	131.88	133.56	126.30	132.89	3124628	409717472.00
2021/03/18	133.14	134.50	130.96	133.21	2748987	364884352.00
2021/03/19	129.60	134.90	128.51	134.00	3564538	472470784.00
2021/03/22	133.09	134.79	131.13	132.04	2712136	359321472.00
2021/03/23	132.50	134.00	128.60	130.69	2051013	267800944.00
2021/03/24	129.70	131.88	120.30	121.52	3714920	461114976.00
2021/03/25	120.00	122.46	116.83	121.40	3960838	474261280.00
2021/03/26	122.50	133.51	122.36	131.95	5188950	670825600.00
2021/03/29	130.42	132.12	127.65	129.23	3518530	457038688.00
2021/03/30	128.32	138.10	128.32	136.99	4578198	617536192.00
2021/03/31	135.00	137.00	131.80	133.71	2861202	382662048.00
2021/04/01	134.43	138.90	133.90	134.27	2649229	358988256.00
2021/04/02	133.45	136.68	133.28	135.18	1711803	230662176.00
2021/04/06	136.90	141.00	135.66	136.82	3287375	455521952.00
2021/04/07	136.12	136.68	126.51	131.51	4119942	538461888.00
2021/04/08	130.20	132.21	128.50	130.94	1975865	257757616.00
2021/04/09	128.55	130.49	125.28	126.00	2957541	374571104.00
2021/04/12	125.37	126.80	118.99	120.18	3271205	398893728.00
2021/04/13	121.10	123.46	119.01	121.08	2406696	291792864.00
2021/04/14	121.08	123.81	119.30	121.78	2592708	313795072.00
2021/04/15	119.51	121.46	118.03	120.56	2430217	291757184.00
2021/04/16	119.91	122.36	113.60	118.50	3531354	414694016.00
2021/04/19	119.00	124.21	116.58	123.35	3485307	424832576.00
2021/04/20	123.00	130.91	122.10	126.17	4951232	630613248.00
2021/04/21	126.14	130.97	126.03	129.56	3807799	491624768.00
2021/04/22	127.50	128.78	122.80	127.00	4813835	605313472.00
2021/04/23	126.14	132.35	126.14	132.09	5138203	669752704.00
2021/04/26	134.00	136.70	130.60	131.28	4768987	637380352.00
2021/04/27	136.53	140.36	133.61	138.00	8247085	1130023680.00
2021/04/28	137.00	145.50	136.39	138.78	6748218	951014208.00
2021/04/29	138.58	140.49	134.80	136.81	3950234	544018816.00
2021/04/30	136.00	144.50	135.51	144.40	5887833	834810432.00
2021/05/06	143.02	143.78	138.00	140.96	5646528	791272128.00
2021/05/07	139.50	139.54	131.00	131.50	5031221	679297856.00
2021/05/10	127.30	132.31	127.26	130.60	3150006	409703936.00
2021/05/11	127.30	127.50	122.58	126.59	3273877	409907648.00
2021/05/12	126.61	128.60	125.54	127.78	1970976	250870128.00
2021/05/13	125.42	128.34	124.41	128.34	2353312	296781280.00
2021/05/14	127.61	137.55	126.55	137.20	4391339	581893120.00
2021/05/17	135.52	142.37	135.33	142.37	5442785	761087040.00
2021/05/18	141.01	141.78	138.32	141.17	2750074	385823040.00
2021/05/19	142.65	145.27	141.18	143.70	3733477	537056192.00
2021/05/20	143.01	145.29	140.27	143.25	3347326	477515968.00
2021/05/21	145.38	153.20	145.31	151.80	7204917	1082145408.00
2021/05/24	153.00	153.77	149.01	149.30	4074599	612598848.00
2021/05/25	148.98	148.98	142.29	147.28	5909433	857623808.00
2021/05/26	147.35	148.00	145.02	146.53	3004774	439236960.00
2021/05/27	148.00	149.11	144.01	148.49	5528687	812616512.00
2021/05/28	146.89	148.70	143.00	146.40	4011679	587824256.00
2021/05/31	145.40	157.00	144.00	156.49	6500341	985973312.00
2021/06/01	156.36	166.00	155.36	163.98	7128666	1159586048.00
2021/06/02	163.71	167.99	159.76	162.21	4584849	747798784.00
2021/06/03	162.00	162.54	148.20	149.88	6892681	1057519680.00
2021/06/04	147.99	150.80	146.98	149.90	4175070	622278784.00
2021/06/07	149.98	149.98	145.10	148.40	2982950	440492288.00
2021/06/08	148.50	151.80	146.62	148.76	2944208	438298624.00
2021/06/09	149.95	150.00	147.15	149.94	2302638	342257472.00
2021/06/10	149.94	164.93	149.94	164.93	7993832	1285331456.00
2021/06/11	165.10	168.88	161.98	164.98	7181375	1189625344.00
2021/06/15	166.00	166.99	158.18	159.05	4321647	693643968.00
2021/06/16	157.89	157.89	143.15	143.15	6020103	896796160.00
2021/06/17	143.30	152.42	143.30	151.00	4048624	601343104.00
2021/06/18	152.10	156.60	149.60	155.34	3836113	591836544.00
2021/06/21	153.00	164.80	149.52	163.30	4936519	789462912.00
2021/06/22	163.82	165.00	158.10	161.61	3296677	529832544.00
2021/06/23	161.45	167.10	160.45	162.81	4832689	793124480.00
2021/06/24	165.00	173.88	162.11	169.34	6240770	1048732480.00
2021/06/25	167.18	171.00	165.06	166.01	3747169	627043200.00
2021/06/28	166.04	175.55	166.04	174.93	4992136	865055424.00
2021/06/29	174.91	184.00	172.54	182.56	4992139	894323136.00
2021/06/30	181.00	181.00	173.86	178.95	4622210	819459008.00
2021/07/01	178.98	182.00	174.00	176.10	3466065	613194112.00
2021/07/02	173.00	179.00	168.50	172.87	3708786	641901824.00
2021/07/05	173.95	176.88	169.30	171.80	3538223	610848896.00
2021/07/06	173.01	174.94	167.20	170.10	3628160	618656512.00
2021/07/07	168.30	187.11	167.01	187.11	7419334	1348921472.00
2021/07/08	187.18	200.18	187.18	195.88	8356833	1631178624.00
2021/07/09	194.62	201.60	189.80	199.50	5359058	1055418368.00
2021/07/12	199.00	209.50	197.22	205.15	5487119	1121879680.00
2021/07/13	202.68	215.69	202.01	213.95	4851547	1019126848.00
2021/07/14	211.00	233.50	209.80	221.60	7134474	1578959616.00
2021/07/15	219.91	243.76	219.00	243.76	6504287	1521907584.00
2021/07/16	249.10	261.99	237.86	240.00	10256288	2535541504.00
2021/07/19	238.80	244.48	230.01	232.96	6749833	1597229568.00
2021/07/20	228.37	234.99	225.00	229.90	4873207	1119649408.00
2021/07/21	232.00	242.02	230.00	237.21	6864823	1621044864.00
2021/07/22	237.60	252.50	235.30	250.00	5035142	1227770624.00
2021/07/23	248.49	253.65	242.10	250.30	3907051	971158016.00
2021/07/26	248.50	253.60	225.31	235.50	6189256	1460166784.00
2021/07/27	236.00	242.99	225.50	226.16	5098643	1197509632.00
2021/07/28	221.72	229.98	215.31	226.39	3757423	839551360.00
2021/07/29	232.54	240.46	224.00	237.10	5526231	1287910400.00
2021/07/30	235.01	235.87	222.00	227.93	5321870	1210141184.00
2021/08/02	225.60	246.75	225.60	246.64	5323539	1263001088.00
2021/08/03	245.00	245.00	226.50	228.99	4279603	996524800.00
2021/08/04	226.00	251.89	224.01	251.88	7084820	1722010112.00
2021/08/05	251.79	263.00	241.00	257.80	5258249	1324953344.00
2021/08/06	254.07	262.47	247.66	249.51	3413628	861032512.00
2021/08/09	244.97	247.00	224.56	226.02	7674084	1749360768.00
2021/08/10	225.89	242.60	224.13	237.60	6751787	1580222720.00
2021/08/11	234.00	261.36	233.64	261.36	8489433	2165401600.00
2021/08/12	262.00	278.55	262.00	273.80	5843995	1591431040.00
2021/08/13	272.50	273.95	260.20	264.31	3864114	1026533440.00
2021/08/16	264.20	264.20	251.80	254.80	3020795	774807360.00
2021/08/17	254.81	260.00	242.22	246.05	3318701	833896320.00
2021/08/18	248.50	251.88	236.07	240.00	3427317	835511040.00
2021/08/19	241.55	248.90	230.00	247.45	4458773	1070550912.00
2021/08/20	250.00	250.00	238.00	246.00	3718659	909062464.00
2021/08/23	250.97	270.60	250.97	270.60	6509782	1724041088.00
2021/08/24	279.95	295.88	277.00	288.00	7528866	2147739392.00
2021/08/25	289.00	306.69	289.00	306.60	7604523	2290990848.00
2021/08/26	300.68	309.96	300.10	304.00	4667897	1426521856.00
2021/08/27	312.03	332.80	307.00	326.00	9731434	3100944640.00
2021/08/30	325.00	335.60	308.68	326.30	7550967	2437757184.00
2021/08/31	324.95	332.80	313.98	321.98	4288197	1377059328.00
2021/09/01	323.00	343.00	306.12	317.87	6457034	2075878656.00
2021/09/02	319.80	349.66	318.56	349.66	5732489	1945804800.00
2021/09/03	352.80	358.12	314.69	314.70	8067774	2649352448.00
2021/09/06	306.13	309.74	283.23	292.90	9042962	2626359040.00
2021/09/07	290.30	313.40	290.24	310.56	5875083	1775072896.00
2021/09/08	309.00	313.44	294.99	295.85	4221317	1266658816.00
2021/09/09	297.00	299.00	275.57	286.39	6588983	1876913408.00
2021/09/10	291.60	295.00	282.01	292.57	4480866	1294788480.00
2021/09/13	293.10	299.01	284.50	285.80	4180782	1203113728.00
2021/09/14	287.12	297.31	283.40	292.36	5220930	1525654656.00
2021/09/15	291.39	303.19	285.80	298.00	5320796	1571944832.00
2021/09/16	299.50	299.87	268.20	268.20	6749846	1865158912.00
2021/09/17	262.00	262.51	249.00	256.00	7182222	1833486336.00
2021/09/22	250.00	264.70	249.12	257.18	3333938	862954496.00
2021/09/23	259.13	270.99	255.04	267.00	4444385	1173586944.00
2021/09/24	267.63	281.63	256.66	276.86	5047881	1375248768.00
2021/09/27	278.00	281.00	258.58	272.00	4441438	1199941888.00
2021/09/28	270.01	276.00	264.31	267.11	2778873	750042560.00
2021/09/29	263.74	272.99	258.00	263.20	2263952	601930112.00
2021/09/30	266.02	283.88	261.00	279.50	3423717	941162240.00
2021/10/08	284.36	284.36	252.25	256.45	5455899	1429867520.00
2021/10/11	262.00	279.60	262.00	273.73	5236783	1433071360.00
2021/10/12	274.02	280.79	268.52	273.70	3003535	824546304.00
2021/10/13	274.00	301.07	269.20	301.07	4700898	1372848512.00
2021/10/14	308.50	324.85	306.00	324.85	6773017	2142958464.00
2021/10/15	318.00	327.90	316.51	327.87	4115032	1331802880.00
2021/10/18	325.00	335.88	322.12	332.04	4402970	1452286848.00
2021/10/19	332.00	341.03	331.00	337.95	3695606	1241953152.00
2021/10/20	336.00	339.00	327.46	329.39	5481508	1825429120.00
2021/10/21	309.00	309.72	296.45	296.45	3269730	980014336.00
2021/10/22	295.00	296.45	277.25	281.92	10333312	2926116864.00
2021/10/25	281.92	292.80	277.28	287.00	7206700	2060190720.00
2021/10/26	290.00	297.50	284.52	294.94	7817914	2282186496.00
2021/10/27	291.51	308.10	290.70	303.80	6231324	1876225152.00
2021/10/28	303.00	304.81	286.87	290.50	5494117	1613772032.00
2021/10/29	288.00	300.60	282.97	299.05	5672501	1660501376.00
2021/11/01	303.50	306.99	279.49	280.19	8297428	2397379584.00
2021/11/02	277.01	277.01	252.17	252.28	11079834	2840897024.00
2021/11/03	251.00	253.98	239.00	244.00	7712334	1896450944.00
2021/11/04	247.90	253.00	244.01	248.26	5473128	1360900352.00
2021/11/05	245.00	248.30	241.00	241.20	3376322	823795008.00
2021/11/08	238.01	243.00	236.45	242.57	3986720	955966080.00
2021/11/09	245.00	247.58	242.22	243.66	3333595	815473024.00
2021/11/10	245.00	245.00	234.18	238.95	3324694	792575168.00
2021/11/11	238.13	241.32	227.39	238.00	5662098	1325701504.00
2021/11/12	243.00	251.90	242.20	246.15	5661336	1403122176.00
2021/11/15	242.00	242.78	228.00	228.58	4849748	1129623680.00
2021/11/16	228.45	230.00	223.00	223.37	3225898	728844352.00
2021/11/17	225.00	231.09	223.09	231.00	4261054	969488448.00
2021/11/18	230.00	231.50	224.08	228.46	3456309	787131200.00
2021/11/19	235.00	241.99	230.50	236.81	6859126	1615044352.00
2021/11/22	234.28	243.90	233.05	239.77	5602780	1333776512.00
2021/11/23	236.00	237.35	228.68	230.10	5127243	1192037504.00
2021/11/24	231.00	231.00	224.00	227.20	4038182	916939008.00
2021/11/25	226.31	227.87	222.25	223.78	3335549	747421760.00
2021/11/26	222.25	229.88	222.25	225.50	3367632	757722816.00
2021/11/29	222.45	226.57	217.40	219.42	7021589	1548484480.00
2021/11/30	222.41	227.16	219.40	221.85	5173714	1151570432.00
2021/12/01	217.00	217.00	202.28	211.17	9184531	1922097664.00
2021/12/02	207.07	211.49	206.18	206.52	3701922	770832256.00
2021/12/03	204.90	206.49	198.00	199.80	8696923	1742865024.00
2021/12/06	200.80	204.88	197.00	198.20	4829953	970923776.00
2021/12/07	199.00	200.58	193.00	199.00	5524718	1084857216.00
2021/12/08	199.92	200.88	192.60	193.81	5906500	1150298368.00
2021/12/09	193.00	198.74	192.00	196.94	6385379	1250723456.00
2021/12/10	196.40	204.81	195.11	201.45	8136119	1636431872.00
2021/12/13	202.05	202.88	197.65	198.95	4839167	963911680.00
2021/12/14	198.95	199.79	195.20	196.01	3561601	699056192.00
2021/12/15	196.05	201.50	193.08	193.26	3954732	776260608.00
2021/12/16	193.50	195.69	191.79	195.55	3239200	627303040.00
2021/12/17	192.61	193.03	179.50	180.90	8912063	1649198464.00
2021/12/20	179.06	182.00	169.88	174.50	5512723	974491392.00
2021/12/21	175.56	175.57	169.49	170.91	4600491	789465600.00
2021/12/22	171.69	172.60	167.83	168.25	3693639	624573184.00
2021/12/23	167.22	167.44	160.00	163.51	7602975	1246132608.00
2021/12/24	162.77	163.50	155.00	155.43	5221233	827061504.00
2021/12/27	155.50	162.96	152.55	159.88	6064908	969510848.00
2021/12/28	160.64	165.85	158.37	164.60	7969315	1299612160.00
2021/12/29	164.08	166.48	162.20	164.99	4456990	732511808.00
2021/12/30	164.99	166.50	162.68	163.82	3770255	618642944.00
2021/12/31	164.52	171.56	164.48	166.98	7230689	1214983552.00
2022/01/04	167.00	167.50	161.14	164.20	4823470	790529536.00
2022/01/05	165.08	166.59	159.42	161.72	4020811	650070144.00
2022/01/06	160.50	161.46	157.01	159.30	3579076	571453120.00
2022/01/07	160.40	161.40	153.60	154.00	4838189	754150016.00
2022/01/10	151.74	155.98	150.12	151.28	3725897	566423488.00
2022/01/11	151.28	152.16	146.53	146.80	4190777	622338624.00
2022/01/12	148.82	152.31	147.21	151.12	4677148	700723072.00
2022/01/13	150.12	151.13	144.21	144.60	6360203	934608768.00
2022/01/14	144.17	149.88	143.74	146.00	4587961	673213568.00
2022/01/17	149.00	149.49	143.99	147.54	4715389	694734464.00
2022/01/18	146.78	148.33	143.32	144.64	4324983	629431232.00
2022/01/19	144.27	144.84	137.32	139.50	5423489	761473664.00
2022/01/20	139.40	139.40	133.41	134.10	4841598	657030464.00
2022/01/21	134.09	137.50	131.77	131.95	3539932	473295712.00
2022/01/24	131.00	137.43	131.00	135.64	5300720	713704576.00
2022/01/25	134.50	136.38	130.76	131.03	3746591	500916000.00
2022/01/26	132.69	136.67	131.25	133.68	5038162	673757888.00
2022/01/27	133.65	138.08	129.00	129.71	7910048	1052682688.00
2022/01/28	131.50	133.36	125.00	126.00	6585836	846999360.00
2022/02/07	128.85	129.64	126.61	127.76	4416538	565440512.00
2022/02/08	127.39	127.76	122.22	126.01	4038028	502618592.00
2022/02/09	125.01	128.10	122.88	127.91	4039881	508142816.00
2022/02/10	127.50	128.28	123.23	124.38	4122625	514678048.00
2022/02/11	123.99	123.99	119.05	119.60	4713207	571438592.00
2022/02/14	118.98	125.28	118.11	121.93	6158694	755918784.00
2022/02/15	123.78	125.78	119.62	125.65	6047948	749905024.00
2022/02/16	125.91	128.90	124.38	127.40	7571997	961161792.00
2022/02/17	126.75	134.18	126.05	132.46	12238559	1606684800.00
2022/02/18	131.40	131.44	126.80	128.00	9425146	1206384768.00
2022/02/21	127.16	129.45	126.20	128.50	5103308	653234496.00
2022/02/22	127.00	131.31	125.58	129.14	7064054	908032896.00
2022/02/23	130.30	142.05	130.10	142.05	12372260	1708572032.00
2022/02/24	143.50	150.68	142.00	147.20	23056772	3358327296.00
2022/02/25	153.50	159.10	148.18	158.81	17972708	2776822528.00
2022/02/28	156.99	158.73	151.77	158.10	12700920	1976497024.00
2022/03/01	157.56	169.50	156.13	165.36	14437052	2349827584.00
2022/03/02	162.00	165.33	158.00	164.83	9157701	1479547904.00
2022/03/03	163.98	164.00	153.65	154.68	10269141	1627979904.00
2022/03/04	152.32	158.17	150.50	156.17	7316913	1134156416.00
2022/03/07	153.08	156.38	150.32	150.63	6797467	1041168960.00
2022/03/08	150.80	159.68	148.18	154.99	10110112	1554681344.00
2022/03/09	159.00	161.10	148.89	161.10	11401017	1785075200.00
2022/03/10	166.44	175.28	162.20	173.85	13992620	2373252864.00
2022/03/11	169.24	179.77	168.03	175.25	13534710	2362592256.00
2022/03/14	173.98	173.98	162.01	163.40	9080682	1532460800.00
2022/03/15	160.30	167.49	158.36	158.46	9080211	1480579456.00
2022/03/16	162.77	167.06	153.00	167.06	11660654	1872563584.00
2022/03/17	169.77	169.77	162.02	162.27	10576776	1744159488.00
2022/03/18	162.27	166.08	160.27	162.28	5854385	958264448.00
2022/03/21	163.00	165.30	159.01	160.31	6103129	984702016.00
2022/03/22	158.00	158.00	149.80	150.99	8783671	1341443072.00
2022/03/23	152.12	153.86	149.21	151.02	6079307	920246784.00
2022/03/24	149.01	149.20	141.24	143.48	8923156	1286536448.00
2022/03/25	142.99	144.00	135.40	135.82	7385624	1026695296.00
2022/03/28	134.82	141.52	133.82	140.16	7018999	977130112.00
2022/03/29	141.16	141.90	136.57	136.98	4652731	646601600.00
2022/03/30	139.60	143.66	137.00	143.66	6998248	986398528.00
2022/03/31	142.20	143.48	136.60	137.10	6148048	856260992.00
2022/04/01	134.36	139.65	134.00	137.00	3756744	516970528.00
2022/04/06	135.55	135.99	131.23	132.95	4897630	650328128.00
2022/04/07	131.88	138.88	131.60	134.89	4970835	672212416.00
2022/04/08	134.44	139.65	133.00	136.65	5373298	734014528.00
2022/04/11	134.12	134.53	125.43	125.60	6004136	770549888.00
2022/04/12	125.60	128.90	124.63	128.18	3600227	456707776.00
2022/04/13	127.00	135.00	125.11	130.99	5977969	785123776.00
2022/04/14	132.53	135.60	130.50	133.10	4825672	642623040.00
2022/04/15	131.50	134.57	129.11	132.60	4107213	540477824.00
2022/04/18	130.99	139.56	130.00	139.54	7024222	961156352.00
2022/04/19	139.00	141.98	136.66	137.00	5259968	732809344.00
2022/04/20	136.00	138.68	135.03	135.43	3509751	478456128.00
2022/04/21	125.00	125.00	121.89	121.89	2081479	254828576.00
2022/04/22	110.03	115.91	109.70	109.70	9308415	1041296704.00
2022/04/25	103.80	110.70	102.01	102.01	6892369	731508992.00
2022/04/26	103.22	112.00	103.22	107.00	7512669	809326784.00
2022/04/27	105.25	117.70	105.08	117.70	9453772	1059731008.00
2022/04/28	122.23	125.67	119.85	122.01	9170759	1125945344.00
2022/04/29	122.20	124.16	118.16	122.59	8943012	1084783360.00
2022/05/05	122.00	124.42	117.80	118.70	7299436	876014976.00
2022/05/06	115.48	116.97	113.87	114.99	3919324	451343904.00
2022/05/09	114.11	119.60	113.91	117.68	3420386	401578592.00
2022/05/10	114.46	125.40	114.02	122.30	5874924	715744960.00
2022/05/11	122.99	130.31	121.22	126.80	7908951	1000648000.00
2022/05/12	125.00	126.97	123.50	124.72	4256270	532034816.00
2022/05/13	125.80	126.80	123.40	126.29	3738370	469010752.00
2022/05/16	127.30	128.20	123.90	124.12	3159405	395702688.00
2022/05/17	124.08	128.38	123.22	128.26	4157007	525990240.00
2022/05/18	128.54	131.41	126.60	128.70	4582673	590426880.00
2022/05/19	126.02	141.57	125.55	141.57	10483624	1434207744.00
2022/05/20	145.45	146.50	141.54	144.87	12331795	1775867776.00
2022/05/23	143.99	144.77	138.79	140.39	7053123	992140800.00
2022/05/24	140.41	143.00	134.50	134.80	6979750	972766464.00
2022/05/25	134.21	136.50	129.20	134.11	6557171	869449984.00
2022/05/26	135.00	139.32	132.60	136.01	6173185	839907904.00
2022/05/27	138.50	139.73	132.78	135.00	4756050	647950528.00
2022/05/30	136.25	140.60	134.25	140.31	6398371	884763776.00
2022/05/31	142.02	152.58	140.18	149.72	9325796	1359908608.00
2022/06/01	151.53	160.10	150.22	159.00	10722769	1676242560.00
2022/06/02	113.00	123.35	110.79	116.65	11488664	1358149632.00
2022/06/06	115.02	128.00	112.53	123.10	15631282	1893318912.00
2022/06/07	124.23	128.28	122.60	122.61	13052150	1631600640.00
2022/06/08	123.29	126.17	120.14	123.54	9450180	1161185280.00
2022/06/09	121.80	127.20	121.50	125.91	9346153	1170243840.00
2022/06/10	123.30	134.55	122.00	132.60	14864459	1913199744.00
2022/06/13	130.01	134.77	130.00	132.29	10433587	1378779904.00
2022/06/14	129.66	129.66	120.06	124.36	15343212	1898286592.00
2022/06/15	124.93	125.74	118.18	121.60	13299012	1618156032.00
2022/06/16	121.13	130.50	121.13	127.11	12245888	1561874048.00
2022/06/17	125.28	134.50	124.50	133.18	12859478	1677160832.00
2022/06/20	133.30	137.98	132.66	132.78	11784116	1591346048.00
2022/06/21	132.00	133.86	127.71	129.59	8696846	1131231744.00
2022/06/22	130.20	134.58	128.62	130.04	7811532	1029171584.00
2022/06/23	133.80	133.99	127.80	132.99	9169556	1204348672.00
2022/06/24	132.56	137.99	131.50	136.50	9969813	1354056704.00
2022/06/27	137.95	140.00	133.60	134.00	10829681	1478969984.00
2022/06/28	134.79	138.08	128.58	136.80	12715050	1701543936.00
2022/06/29	136.47	149.74	136.10	141.81	21783146	3164962048.00
2022/06/30	142.00	155.99	141.98	155.99	18197642	2757048064.00
2022/07/01	160.10	168.88	157.70	163.50	25945319	4248627200.00
2022/07/04	160.00	162.24	155.33	162.01	17328902	2753124864.00
2022/07/05	162.10	178.21	159.00	178.21	20406209	3466288384.00
2022/07/06	176.59	179.50	170.00	171.65	14309913	2497025280.00
2022/07/07	171.00	174.99	166.10	174.99	12943027	2201158656.00
2022/07/08	174.99	175.00	165.58	167.00	12083905	2044793728.00
2022/07/11	164.28	168.50	155.22	159.52	14825440	2378861056.00
2022/07/12	159.00	168.77	159.00	163.14	14927973	2458295040.00
2022/07/13	165.00	167.18	158.99	162.30	9009799	1467891968.00
2022/07/14	162.00	170.00	160.67	169.35	12861083	2146131968.00
2022/07/15	170.00	177.00	165.94	166.68	14808189	2515438848.00
2022/07/18	165.11	166.68	158.43	163.39	9330705	1512311936.00
2022/07/19	162.00	162.36	156.76	157.94	8682786	1374323840.00
2022/07/20	157.50	165.00	157.42	164.95	9940416	1606318720.00
2022/07/21	163.00	165.21	160.10	163.00	6824622	1112301824.00
2022/07/22	164.70	171.59	163.00	168.78	10742890	1802217728.00
2022/07/25	168.78	169.90	157.86	159.00	8893938	1438807168.00
2022/07/26	157.39	165.80	155.25	163.76	8387116	1357641088.00
2022/07/27	163.01	168.99	161.40	167.30	10145690	1677190528.00
2022/07/28	167.70	167.99	160.51	161.95	7513665	1223289600.00
2022/07/29	161.47	165.39	159.12	163.46	6092153	994214336.00
2022/08/01	163.00	175.01	159.25	171.10	10877030	1847169408.00
2022/08/02	167.90	171.10	160.56	161.38	9268150	1534912000.00
2022/08/03	163.99	165.93	155.30	157.00	9135800	1473736704.00
2022/08/04	158.57	159.68	149.44	151.80	9483480	1454068736.00
2022/08/05	152.49	156.30	150.62	154.05	6826602	1047444736.00
2022/08/08	152.10	155.77	147.51	154.65	5931023	903966080.00
2022/08/09	153.65	168.91	152.47	164.29	11196854	1823273344.00
2022/08/10	163.38	167.58	162.41	165.99	5916814	975666944.00
2022/08/11	166.31	166.83	158.30	162.30	6634090	1073511168.00
2022/08/12	162.50	164.50	158.49	158.49	4428112	710775552.00
2022/08/15	158.30	172.31	158.00	172.00	14209585	2398146304.00
2022/08/16	178.00	186.86	175.83	182.03	16962907	3075772672.00
2022/08/17	185.00	189.78	177.00	178.65	12923371	2362504704.00
2022/08/18	177.99	181.55	177.23	179.14	7276330	1304478080.00
2022/08/19	181.49	181.49	169.30	169.31	8669357	1499753984.00
2022/08/22	166.81	169.31	161.49	164.80	8691796	1425830656.00
2022/08/23	165.12	168.52	161.70	162.99	7761282	1278560384.00
2022/08/24	163.07	163.88	157.31	158.60	6027100	963099840.00
2022/08/25	159.18	160.29	150.99	152.33	6442296	988560576.00
2022/08/26	152.00	155.54	150.59	151.18	4821913	737019392.00
2022/08/29	150.23	153.12	146.20	151.99	6367810	959024512.00
2022/08/30	151.97	153.99	148.03	149.85	5754835	869724480.00
2022/08/31	149.00	150.50	134.87	134.87	13959127	1941942016.00
2022/09/01	134.87	141.31	134.62	139.32	8907547	1239479808.00
2022/09/02	140.00	141.00	135.12	136.57	6073889	831706688.00
2022/09/05	135.00	143.00	134.80	139.48	6043167	844448448.00
2022/09/06	141.40	150.00	137.30	149.89	9969752	1440107392.00
2022/09/07	148.98	154.00	148.00	149.29	8044939	1214073600.00
2022/09/08	148.88	151.90	148.28	149.54	4490949	674388160.00
2022/09/09	148.80	150.00	145.01	148.05	5463708	802702080.00
2022/09/13	148.25	150.90	144.16	149.36	5163919	763850240.00
2022/09/14	147.00	150.25	146.01	147.66	3317874	490013952.00
2022/09/15	147.76	148.47	133.87	136.40	8858585	1224429952.00
2022/09/16	135.86	139.78	134.00	134.89	5120961	701033216.00
2022/09/19	134.88	137.50	131.78	133.20	4426822	591915840.00
2022/09/20	134.30	140.06	133.46	138.80	6456843	892011776.00
2022/09/21	141.22	146.98	140.03	141.98	8745582	1253013248.00
2022/09/22	140.68	151.00	138.60	146.05	7494748	1094949248.00
2022/09/23	144.51	147.31	142.09	143.41	5032487	725845760.00
2022/09/26	141.88	149.99	141.75	144.84	6137982	897663808.00
2022/09/27	144.82	146.50	142.13	145.20	4231560	610488256.00
2022/09/28	145.88	146.30	139.47	141.71	4365216	618464576.00
2022/09/29	140.00	142.44	134.05	140.00	6640377	924701248.00
2022/09/30	138.68	139.86	133.50	134.90	5972707	809714496.00
2022/10/10	137.65	148.20	137.51	140.33	13338516	1903603712.00
2022/10/11	141.95	147.50	138.75	139.19	11127292	1595234560.00
2022/10/12	138.60	141.77	130.50	141.58	10124650	1377367552.00
2022/10/13	140.99	147.80	138.68	139.50	10754695	1538311936.00
2022/10/14	142.99	151.89	135.49	148.00	15695972	2270171392.00
2022/10/17	144.90	144.95	138.48	141.10	13665357	1921040640.00
2022/10/18	143.06	143.50	140.01	141.19	7503096	1063343680.00
2022/10/19	140.50	142.24	137.70	138.64	6052934	845346752.00
2022/10/20	136.98	138.15	133.73	134.86	6968387	942055680.00
2022/10/21	135.01	137.80	133.78	134.19	5516521	748720896.00
2022/10/24	133.10	135.88	131.50	133.84	5894992	788753280.00
2022/10/25	132.60	137.66	131.50	135.88	7010144	944577856.00
2022/10/26	135.98	137.90	134.01	135.65	6848597	931173568.00
2022/10/27	135.83	140.64	135.82	135.92	7865726	1086165248.00
2022/10/28	134.00	134.21	124.10	124.48	11003083	1407138048.00
2022/10/31	122.36	125.20	120.18	122.48	7940120	969956032.00
2022/11/01	121.95	125.50	121.06	124.40	8437905	1038850112.00
2022/11/02	123.80	129.96	123.10	128.28	9106943	1159145728.00
2022/11/03	126.69	131.59	126.35	127.40	7827706	1005860672.00
2022/11/04	127.00	140.14	127.00	140.14	18265303	2498250496.00
2022/11/07	144.00	148.67	141.00	145.95	19851779	2896468736.00
2022/11/08	146.09	146.98	141.25	142.50	8870387	1272195328.00
2022/11/09	142.50	142.86	139.50	140.01	6485407	914043712.00
2022/11/10	138.99	139.90	130.50	131.83	11528405	1544143488.00
2022/11/11	136.50	136.98	131.99	133.47	7706842	1034619136.00
2022/11/14	133.00	133.60	127.68	128.20	7975853	1033119808.00
2022/11/15	128.53	134.94	128.17	134.49	8794935	1158362112.00
2022/11/16	134.50	134.70	129.41	129.56	6981897	915745600.00
2022/11/17	128.55	130.73	124.21	126.26	8252893	1042836480.00
2022/11/18	126.97	128.47	124.18	125.28	6275678	795025600.00
2022/11/21	122.99	126.35	122.98	124.50	4727844	587954688.00
2022/11/22	124.11	125.11	120.50	121.05	7008481	853204608.00
2022/11/23	120.59	125.50	120.37	124.69	7236995	890178560.00
2022/11/24	124.71	125.36	122.60	122.98	4860600	601086976.00
2022/11/25	122.03	122.05	118.50	119.00	5887895	705462080.00
2022/11/28	115.68	117.41	113.99	115.32	6274502	722736256.00
2022/11/29	115.34	116.34	113.11	116.05	6648425	762562240.00
2022/11/30	116.38	117.23	114.75	116.40	4688077	542923456.00
2022/12/01	118.00	119.51	117.01	117.20	6736382	796501568.00
2022/12/02	117.20	120.69	116.13	118.74	6532110	779694144.00
2022/12/05	114.00	115.97	108.88	115.39	11325823	1281241216.00
2022/12/06	114.30	117.45	113.18	116.00	6145755	708540352.00
2022/12/07	116.00	118.92	115.36	117.39	5393520	633166912.00
2022/12/08	116.72	118.91	115.61	116.32	4583536	537171840.00
2022/12/09	116.32	116.90	114.60	114.95	4224214	487566624.00
2022/12/12	114.28	116.37	112.66	115.58	4341376	498944320.00
2022/12/13	115.60	116.00	112.47	112.90	3972183	451164736.00
2022/12/14	112.10	113.70	111.61	112.05	2801866	315383712.00
2022/12/15	111.58	115.21	111.20	114.72	4252080	482124480.00
2022/12/16	113.63	114.83	110.41	111.85	4191254	469988032.00
2022/12/19	111.00	113.27	109.41	109.83	3161701	351555328.00
2022/12/20	109.20	110.60	108.11	110.10	2418754	264962336.00
2022/12/21	110.35	110.70	106.33	107.85	3130728	338616640.00
2022/12/22	107.50	108.38	102.95	103.11	6348016	665297856.00
2022/12/23	102.00	104.43	101.60	103.00	4243370	437238368.00
2022/12/26	102.92	107.77	101.62	107.08	5765377	605975872.00
2022/12/27	107.09	110.22	106.50	108.78	5093805	552097280.00
2022/12/28	107.58	108.80	106.20	107.80	4130312	443773728.00
2022/12/29	107.52	109.80	105.90	105.93	3475328	370963168.00
2022/12/30	106.75	106.93	105.16	105.85	3398560	359808288.00
2023/01/03	107.32	107.32	103.51	106.00	5245288	551559040.00
2023/01/04	106.28	106.80	103.23	104.30	4740568	495500320.00
2023/01/05	104.35	107.50	103.74	106.22	5349424	566531008.00
2023/01/06	106.30	113.25	105.80	110.70	10932416	1214184960.00
2023/01/09	110.60	111.09	107.86	110.55	6662553	732586112.00
2023/01/10	114.00	116.65	110.66	111.16	8681311	978157888.00
2023/01/11	110.71	111.66	108.75	108.75	5148108	564976576.00
2023/01/12	108.84	111.87	108.39	108.50	4206837	460927264.00
2023/01/13	109.00	109.48	106.51	107.95	4313373	463802656.00
2023/01/16	107.99	112.49	107.00	111.21	6867277	759726144.00
2023/01/17	111.22	111.96	110.01	110.73	3880559	430040032.00
2023/01/18	111.00	113.00	110.50	111.88	4172032	466561312.00
2023/01/19	111.10	111.52	109.12	111.46	3214349	356006048.00
2023/01/20	111.55	114.48	111.51	113.68	5306256	600244672.00
2023/01/30	115.00	115.95	113.30	113.46	7153230	817556096.00
2023/01/31	112.58	114.77	112.16	114.22	6350789	721267136.00
2023/02/01	114.22	114.44	112.11	113.63	7751585	876245184.00
2023/02/02	113.60	114.87	112.70	113.34	7309827	830586368.00
2023/02/03	112.88	112.88	109.02	110.11	8442620	931313920.00
2023/02/06	109.52	109.98	107.73	108.14	5116050	555945216.00
2023/02/07	108.17	118.95	108.17	118.95	20221774	2323805440.00
2023/02/08	120.13	120.30	115.41	115.46	12555860	1467636608.00
2023/02/09	116.14	117.59	114.50	116.80	8175700	951550400.00
2023/02/10	116.71	120.99	116.16	118.02	12345702	1457315584.00
2023/02/13	118.02	118.22	115.30	115.84	9618956	1119294464.00
2023/02/14	116.00	116.75	115.28	116.30	4927478	571187008.00
2023/02/15	116.31	117.08	113.83	114.28	6409654	735256320.00
2023/02/16	114.18	115.99	111.79	113.32	6710751	766257792.00
2023/02/17	112.82	113.56	110.37	110.73	5182066	578632064.00
2023/02/20	110.60	112.64	108.85	112.33	4352236	482888832.00
2023/02/21	112.02	114.85	111.78	113.70	5199865	589161536.00
2023/02/22	112.78	114.15	112.12	112.40	3453106	390189728.00
2023/02/23	112.08	114.50	112.08	114.29	6092063	692849024.00
2023/02/24	114.60	114.78	112.50	113.29	3589625	406553216.00
2023/02/27	112.00	114.30	111.12	111.66	4304353	484607232.00
2023/02/28	111.34	111.80	109.86	111.07	3740990	414397536.00
2023/03/01	111.00	111.80	110.18	111.27	2805172	311588800.00
2023/03/02	111.60	113.01	110.98	111.39	3496578	391193280.00
2023/03/03	112.88	114.98	112.88	114.41	7015112	800282944.00
2023/03/06	115.00	119.90	113.69	117.89	13445195	1572513152.00
2023/03/07	117.30	117.30	114.58	114.65	8197801	947798336.00
2023/03/08	113.80	115.90	113.41	114.17	4364746	498331072.00
2023/03/09	114.23	114.80	111.68	112.12	4508378	507922368.00
2023/03/10	111.45	111.56	110.02	111.21	4086509	452374880.00
2023/03/13	110.00	111.99	110.00	110.48	2894859	319887392.00
2023/03/14	110.91	110.98	104.89	105.22	6848219	730328832.00
2023/03/15	105.22	107.80	105.22	105.45	3405427	361697120.00
2023/03/16	105.18	105.18	100.50	100.50	5900115	602806912.00
2023/03/17	101.50	101.88	96.30	96.84	9356015	916308544.00
2023/03/20	96.50	97.39	91.42	95.79	8910549	838673024.00
2023/03/21	95.00	96.52	93.77	96.52	5640306	536304416.00
2023/03/22	96.68	99.25	96.68	97.16	5625640	550080960.00
2023/03/23	96.59	97.43	95.22	96.42	3685672	355266784.00
2023/03/24	96.43	98.50	95.80	98.24	4694005	458725184.00
2023/03/27	97.90	102.45	96.92	102.22	8097903	815184896.00
2023/03/28	101.99	105.37	101.05	102.80	7476834	776553728.00
2023/03/29	102.80	104.70	101.39	103.00	3747784	385582016.00
2023/03/30	103.10	103.99	101.64	103.19	3543409	364459584.00
2023/03/31	103.70	104.17	101.60	102.11	4535223	465606272.00
2023/04/03	101.77	105.20	101.36	104.28	5093348	527479040.00
2023/04/04	104.23	104.30	101.20	102.18	4318093	442477088.00
2023/04/06	102.92	107.23	102.20	106.43	7015195	735859648.00
2023/04/07	107.00	107.20	104.60	105.27	4310545	453362112.00
2023/04/10	105.70	106.22	104.70	105.71	3526451	372074432.00
2023/04/11	106.00	106.20	102.82	103.23	3679432	382891872.00
2023/04/12	102.82	104.28	102.02	102.75	3122017	321529824.00
2023/04/13	103.30	103.48	100.87	100.99	3435588	349663040.00
2023/04/14	100.99	102.63	100.16	101.40	2833542	288158048.00
2023/04/17	101.80	103.00	101.08	101.93	2761293	281828640.00
2023/04/18	102.00	104.39	101.60	102.95	3946480	406293568.00
2023/04/19	102.95	102.95	99.20	99.68	4399579	441437088.00
2023/04/20	99.51	99.51	96.53	96.89	4447642	433150144.00
2023/04/21	97.56	98.97	95.79	95.79	3222639	313635744.00
2023/04/24	95.70	95.70	91.71	92.66	5063545	472651392.00
2023/04/25	93.05	93.50	86.40	87.86	6956254	617007808.00
2023/04/26	88.00	96.41	87.80	95.36	8053427	752049344.00
2023/04/27	93.00	93.00	89.22	89.70	7700013	697425408.00
2023/04/28	89.23	90.50	87.83	88.99	4475697	397095008.00
2023/05/05	86.66	86.66	86.66	86.66	0	0.00
数据来源:通达信
