002983 芯瑞达 日线 不复权
      日期	    开盘	    最高	    最低	    收盘	    成交量	    成交额
2020/04/28	15.56	18.68	15.56	18.68	136042	2536740.50
2020/04/29	20.55	20.55	20.55	20.55	34100	700755.00
2020/04/30	22.61	22.61	22.61	22.61	79468	1796771.50
2020/05/06	24.87	24.87	24.87	24.87	110931	2758854.00
2020/05/07	27.36	27.36	27.36	27.36	99700	2727792.00
2020/05/08	30.10	30.10	30.10	30.10	156003	4695690.50
2020/05/11	33.11	33.11	33.11	33.11	387240	12821516.00
2020/05/12	36.42	36.42	36.42	36.42	387214	14102334.00
2020/05/13	40.06	40.06	40.06	40.06	378591	15166355.00
2020/05/14	44.07	44.07	44.07	44.07	7225874	318444256.00
2020/05/15	48.00	48.48	46.99	48.48	13737073	659094848.00
2020/05/18	52.90	53.33	48.21	48.89	26078633	1329077632.00
2020/05/19	45.13	53.78	45.13	52.40	22967549	1142926080.00
2020/05/20	50.31	52.18	48.80	49.38	16123203	807135488.00
2020/05/21	48.89	53.30	46.88	51.48	17917624	900627584.00
2020/05/22	50.20	50.60	47.45	47.89	11095851	545032704.00
2020/05/25	47.16	47.86	43.10	43.10	11460128	507485568.00
2020/05/26	42.28	44.30	41.52	43.26	8284332	357549888.00
2020/05/27	42.91	45.50	42.91	44.90	10917134	484958560.00
2020/05/28	43.88	44.30	40.61	40.86	9944894	417566176.00
2020/05/29	40.86	42.46	40.10	41.51	7275462	300519584.00
2020/06/01	41.50	43.38	41.49	42.56	7980009	339223424.00
2020/06/02	42.18	46.82	41.91	46.82	10549736	471011648.00
2020/06/03	49.48	50.50	46.83	47.25	17554971	850256768.00
2020/06/04	46.01	46.80	44.30	44.73	11157838	506884576.00
2020/06/05	44.31	44.58	42.91	43.49	7445488	324306944.00
2020/06/08	44.00	47.84	44.00	46.73	12580441	583932928.00
2020/06/09	45.00	45.40	43.60	45.01	8909896	396969312.00
2020/06/10	44.41	46.82	43.58	45.99	9607349	438247456.00
2020/06/11	45.90	49.00	45.39	47.74	12451132	583281664.00
2020/06/12	45.90	49.49	45.35	49.00	12964453	621498048.00
2020/06/15	48.10	49.96	46.50	46.75	10422369	501189984.00
2020/06/16	47.00	48.49	46.06	47.11	7960056	376243936.00
2020/06/17	46.59	46.96	44.48	45.25	8009408	362437024.00
2020/06/18	44.90	45.83	44.10	45.10	4668572	211732224.00
2020/06/19	44.55	44.96	43.88	44.26	4767585	211467600.00
2020/06/22	44.50	45.97	44.50	45.32	5477601	248474384.00
2020/06/23	45.88	47.90	45.34	46.75	8611657	404472224.00
2020/06/24	45.72	45.90	44.16	45.16	6702592	301732544.00
2020/06/29	44.97	44.99	44.20	44.66	3920557	174534832.00
2020/06/30	45.00	49.13	44.95	47.81	11423986	542481984.00
2020/07/01	48.19	52.50	47.22	50.92	15734064	775005120.00
2020/07/02	50.23	51.23	48.87	51.19	10792124	539566848.00
2020/07/03	50.88	54.00	49.52	49.70	11608232	598147520.00
2020/07/06	49.05	54.00	48.25	53.11	13951484	716375232.00
2020/07/07	52.89	57.35	52.43	53.68	14747132	809526720.00
2020/07/08	52.50	55.10	51.81	54.25	10653626	568810688.00
2020/07/09	54.36	59.68	53.93	59.68	13995712	790797632.00
2020/07/10	62.00	65.50	60.00	60.87	14718165	914259008.00
2020/07/13	59.01	61.90	59.01	61.18	10126286	613604032.00
2020/07/14	60.80	60.80	55.50	56.77	10175551	588328384.00
2020/07/15	56.49	56.99	52.50	53.64	6775153	367769024.00
2020/07/16	54.00	54.85	49.66	49.99	5705908	302692672.00
2020/07/17	50.01	51.30	49.32	50.64	3732590	188324272.00
2020/07/20	51.00	52.51	49.82	52.49	3945150	202224368.00
2020/07/21	52.02	55.47	51.51	54.60	6327065	340422400.00
2020/07/22	53.66	54.47	53.06	53.54	4968475	266918800.00
2020/07/23	52.43	52.78	49.50	51.36	4654708	238680256.00
2020/07/24	51.00	51.35	46.26	46.36	4810613	233796720.00
2020/07/27	46.57	47.00	44.18	45.05	3042033	138770096.00
2020/07/28	45.35	46.98	45.35	46.94	3057245	141363744.00
2020/07/29	46.48	48.88	46.21	48.51	3440420	164143360.00
2020/07/30	48.55	48.89	47.08	47.32	3144927	149766736.00
2020/07/31	47.35	48.68	46.68	47.87	3003204	143890016.00
2020/08/03	48.38	49.65	47.38	49.31	3972191	193832112.00
2020/08/04	49.18	49.30	47.57	48.08	3728620	179763104.00
2020/08/05	49.00	49.68	48.23	48.58	3301119	161137568.00
2020/08/06	48.59	48.60	46.52	47.21	3361965	158847584.00
2020/08/07	47.00	47.57	44.62	45.43	3095231	141793152.00
2020/08/10	45.31	46.50	44.84	46.20	1840677	84083328.00
2020/08/11	46.23	46.58	44.88	44.98	2032797	92607448.00
2020/08/12	44.62	44.90	42.50	43.38	2684881	116206696.00
2020/08/13	43.62	44.26	43.03	43.90	1581596	69136000.00
2020/08/14	43.92	44.20	42.90	44.11	1626464	71082760.00
2020/08/17	44.07	45.38	43.37	45.10	2243736	100114168.00
2020/08/18	44.97	45.50	44.40	45.18	1883199	84634472.00
2020/08/19	45.01	45.05	43.21	43.42	1923184	84683520.00
2020/08/20	42.80	44.43	42.65	43.40	1247671	54297992.00
2020/08/21	43.66	44.10	43.01	43.10	1172279	50997912.00
2020/08/24	43.42	43.67	42.02	43.30	1529619	65591028.00
2020/08/25	43.25	43.69	42.90	43.10	1448770	62680828.00
2020/08/26	43.20	43.20	40.66	40.72	2767770	115190048.00
2020/08/27	40.72	41.60	39.45	41.08	2075330	84205736.00
2020/08/28	41.04	41.24	40.38	41.17	1402114	57233592.00
2020/08/31	41.17	41.78	41.01	41.03	1444895	59820644.00
2020/09/01	41.28	41.31	40.58	41.19	1046725	42925996.00
2020/09/02	41.20	41.20	40.31	40.69	1435700	58468732.00
2020/09/03	40.50	40.56	39.50	39.70	1792300	71447408.00
2020/09/04	38.88	41.10	38.50	40.24	1689380	67586848.00
2020/09/07	40.24	40.93	39.84	39.91	1503680	60796992.00
2020/09/08	39.66	40.18	39.08	39.43	1253960	49732140.00
2020/09/09	39.01	39.01	36.70	36.80	2287115	85727536.00
2020/09/10	37.25	37.29	35.00	35.19	1584041	57134104.00
2020/09/11	35.00	35.99	34.69	35.98	1229348	43459140.00
2020/09/14	36.00	36.86	36.00	36.53	1100068	40134028.00
2020/09/15	36.32	36.70	36.01	36.51	896000	32640860.00
2020/09/16	36.50	36.54	35.97	36.10	817208	29587166.00
2020/09/17	36.13	38.48	36.00	38.20	2952010	110610624.00
2020/09/18	38.02	39.01	37.41	38.52	1982818	76066304.00
2020/09/21	38.52	39.02	38.28	38.42	1130220	43601240.00
2020/09/22	37.88	38.75	37.31	37.51	872460	33009250.00
2020/09/23	37.57	38.57	37.57	37.99	830700	31592224.00
2020/09/24	37.60	37.88	36.90	36.91	876660	32664566.00
2020/09/25	36.91	37.56	36.33	36.95	901660	33203184.00
2020/09/28	37.60	37.60	35.50	35.53	835631	30103982.00
2020/09/29	35.80	36.87	35.53	36.26	969149	35186256.00
2020/09/30	36.64	36.98	35.88	36.25	619100	22502838.00
2020/10/09	36.31	37.87	36.31	37.60	1018100	38112772.00
2020/10/12	38.00	39.00	37.64	38.97	1650260	63387420.00
2020/10/13	38.88	38.88	38.19	38.53	1030417	39563704.00
2020/10/14	38.63	39.30	38.20	38.76	1487979	57737604.00
2020/10/15	38.97	38.97	37.77	37.77	1173200	44665252.00
2020/10/16	38.06	38.06	37.14	37.39	766060	28718228.00
2020/10/19	37.93	38.10	37.25	37.39	600000	22645408.00
2020/10/20	37.30	37.77	36.66	37.75	774000	28730508.00
2020/10/21	37.73	37.80	36.70	37.00	747920	27753864.00
2020/10/22	37.31	38.26	36.50	37.94	1209497	45462056.00
2020/10/23	38.40	38.80	37.14	37.16	1358100	51602984.00
2020/10/26	36.52	36.96	35.88	36.41	903320	32879504.00
2020/10/27	36.54	36.99	36.15	36.43	649857	23747834.00
2020/10/28	36.43	36.63	35.68	35.95	910820	32722172.00
2020/10/29	35.49	35.60	34.86	35.11	982160	34570976.00
2020/10/30	35.42	35.55	33.57	33.72	1349300	46619864.00
2020/11/02	34.00	36.25	32.66	35.24	2225360	76189472.00
2020/11/03	35.20	35.67	34.65	35.44	1286720	45488280.00
2020/11/04	35.55	35.78	35.05	35.28	853620	30129248.00
2020/11/05	35.45	36.38	35.45	35.90	1346100	48270968.00
2020/11/06	36.00	37.30	35.43	36.76	2052860	74587560.00
2020/11/09	37.20	38.67	37.20	38.38	2936412	112002464.00
2020/11/10	38.49	38.49	37.03	37.21	2256569	84876960.00
2020/11/11	37.75	37.99	35.98	36.01	1444895	52813476.00
2020/11/12	33.76	36.24	33.76	35.74	1394655	49515368.00
2020/11/13	35.50	35.65	35.02	35.03	920508	32441610.00
2020/11/16	35.28	35.29	34.35	34.70	817140	28349358.00
2020/11/17	34.72	34.80	33.50	34.14	1129540	38342816.00
2020/11/18	34.20	34.65	33.90	34.29	716320	24628980.00
2020/11/19	34.30	34.94	34.03	34.90	914195	31712368.00
2020/11/20	34.70	35.07	34.65	34.84	679420	23652708.00
2020/11/23	34.77	34.80	34.09	34.50	822660	28259562.00
2020/11/24	34.49	35.06	34.35	34.70	896503	31168104.00
2020/11/25	34.70	34.98	34.01	34.02	863677	29576678.00
2020/11/26	34.00	34.14	33.32	33.40	807360	27163088.00
2020/11/27	33.42	33.68	33.02	33.28	568877	18928598.00
2020/11/30	33.29	33.88	33.09	33.51	658660	22074530.00
2020/12/01	33.51	33.89	33.36	33.80	687740	23165774.00
2020/12/02	33.80	35.29	33.71	35.20	2122766	73802232.00
2020/12/03	35.56	36.20	34.48	34.49	1919670	67504840.00
2020/12/04	34.21	34.71	34.06	34.67	974550	33514670.00
2020/12/07	34.75	35.59	34.50	34.90	1129620	39708896.00
2020/12/08	35.05	35.26	34.41	34.50	850686	29482422.00
2020/12/09	34.49	36.44	33.75	35.00	2351923	82600472.00
2020/12/10	34.80	37.59	34.60	37.30	5140881	187354736.00
2020/12/11	36.75	37.48	36.31	37.20	3495720	128747824.00
2020/12/14	37.14	37.30	36.35	37.09	2208740	81275920.00
2020/12/15	36.80	38.47	36.61	37.93	3167980	119354224.00
2020/12/16	37.40	37.88	35.95	36.31	2406695	88341128.00
2020/12/17	35.99	35.99	33.88	35.01	2394465	83360544.00
2020/12/18	35.01	35.35	34.21	34.36	1408870	48771404.00
2020/12/21	34.50	34.73	33.80	34.46	1149600	39521640.00
2020/12/22	34.30	34.46	33.03	33.13	1635499	54946800.00
2020/12/23	33.13	33.65	32.79	33.36	1188900	39453744.00
2020/12/24	33.36	33.36	31.18	31.45	1727227	55594856.00
2020/12/25	31.36	31.36	30.37	30.73	1131220	34853912.00
2020/12/28	30.33	30.82	29.80	29.80	995705	30028048.00
2020/12/29	29.79	30.58	29.57	30.16	755000	22799650.00
2020/12/30	30.16	30.43	29.90	30.18	702420	21201282.00
2020/12/31	30.30	30.79	30.11	30.77	877925	26873562.00
2021/01/04	30.70	31.69	30.70	31.43	1120320	35113396.00
2021/01/05	31.01	31.77	30.99	31.55	887365	27891336.00
2021/01/06	31.70	31.78	30.32	30.36	1086700	33537978.00
2021/01/07	30.34	30.34	28.12	28.26	1810708	52391632.00
2021/01/08	28.30	28.89	27.05	28.38	979076	27597782.00
2021/01/11	28.40	29.29	28.20	28.50	968734	27854390.00
2021/01/12	28.50	28.50	27.30	27.68	1088620	30317806.00
2021/01/13	27.41	27.99	26.32	26.39	1704819	45690004.00
2021/01/14	26.38	27.49	26.17	27.18	1242818	33530836.00
2021/01/15	27.20	28.20	26.90	27.74	1298680	35986824.00
2021/01/18	27.50	28.47	27.15	28.31	1094070	30752072.00
2021/01/19	28.27	28.47	27.82	27.99	932794	26270684.00
2021/01/20	27.99	28.38	27.99	28.28	719000	20283776.00
2021/01/21	28.41	28.55	27.74	28.20	989360	27908590.00
2021/01/22	28.12	28.12	27.15	27.20	876814	24106218.00
2021/01/25	27.20	27.33	26.35	26.64	727290	19385904.00
2021/01/26	26.60	27.05	26.22	26.41	616600	16413528.00
2021/01/27	26.40	27.50	26.40	27.02	882594	23780008.00
2021/01/28	26.96	27.37	26.46	26.66	804100	21709880.00
2021/01/29	26.78	26.97	24.83	25.20	1282400	32875476.00
2021/02/01	25.19	26.00	25.05	25.67	830900	21153566.00
2021/02/02	25.69	25.98	25.51	25.74	595000	15303835.00
2021/02/03	25.75	25.75	24.51	24.63	881160	21999792.00
2021/02/04	24.40	24.85	23.21	23.63	1000905	23754872.00
2021/02/05	23.63	24.18	23.41	23.42	605060	14345913.00
2021/02/08	23.44	23.84	23.00	23.04	620594	14489124.00
2021/02/09	23.04	23.60	22.97	23.53	606820	14203268.00
2021/02/10	23.40	24.12	23.40	23.98	673860	16102421.00
2021/02/18	24.24	24.97	24.03	24.77	882280	21772054.00
2021/02/19	24.77	25.18	24.51	25.12	898500	22385244.00
2021/02/22	24.90	25.97	24.90	25.10	1473367	37558656.00
2021/02/23	24.86	25.47	24.50	25.02	878460	21903688.00
2021/02/24	24.85	25.57	24.62	25.39	1080100	27357294.00
2021/02/25	25.39	25.45	24.48	24.55	1011700	25095724.00
2021/02/26	24.20	25.20	24.19	24.85	902700	22437068.00
2021/03/01	24.85	25.88	24.85	25.71	1304600	33356170.00
2021/03/02	25.84	26.00	25.37	25.77	1064300	27311612.00
2021/03/03	25.80	26.01	25.56	25.79	839000	21636066.00
2021/03/04	25.61	25.98	25.38	25.38	780580	20046558.00
2021/03/05	25.34	25.82	25.11	25.80	727800	18671716.00
2021/03/08	25.97	26.54	25.84	25.84	1390320	36419120.00
2021/03/09	25.84	26.05	24.01	24.39	1271500	31473342.00
2021/03/10	24.35	24.70	23.49	23.60	968800	23235816.00
2021/03/11	23.60	24.85	23.30	24.31	819300	19673942.00
2021/03/12	24.44	24.60	23.70	23.76	665900	15971075.00
2021/03/15	23.76	23.76	23.20	23.43	527400	12349534.00
2021/03/16	23.49	23.94	23.39	23.65	553200	13064788.00
2021/03/17	23.53	25.74	23.50	25.15	2015400	49726940.00
2021/03/18	25.02	27.67	24.89	27.05	3567760	93516680.00
2021/03/19	26.40	26.95	26.11	26.50	2514040	66608596.00
2021/03/22	26.51	29.15	26.29	29.15	5224608	146134400.00
2021/03/23	29.80	30.45	28.56	30.11	6381072	188645872.00
2021/03/24	29.43	29.97	28.30	28.90	2775110	80407256.00
2021/03/25	28.69	28.69	26.92	27.25	3489666	96166272.00
2021/03/26	27.42	27.79	27.02	27.53	3239273	88723096.00
2021/03/29	27.70	27.95	27.03	27.26	2116196	58017680.00
2021/03/30	26.78	27.19	26.43	27.16	1883820	50409648.00
2021/03/31	27.63	28.61	26.96	27.00	2797590	77399168.00
2021/04/01	26.60	28.49	26.22	28.00	3302009	91095968.00
2021/04/02	28.00	30.56	27.68	29.97	5442757	159451328.00
2021/04/06	29.90	29.90	28.61	28.96	3652877	106279512.00
2021/04/07	28.69	29.44	28.20	29.41	2865454	82376488.00
2021/04/08	29.25	29.25	28.15	28.21	2407500	69108792.00
2021/04/09	28.02	28.40	27.80	28.29	1427960	40087888.00
2021/04/12	28.28	29.16	28.07	28.50	2263339	65040228.00
2021/04/13	28.50	30.49	28.38	30.29	4735678	140584160.00
2021/04/14	29.80	32.50	29.21	31.19	5793918	178552448.00
2021/04/15	30.90	32.30	30.32	30.71	3906755	121806640.00
2021/04/16	30.63	32.90	29.90	31.85	4618459	143547616.00
2021/04/19	31.32	32.49	31.25	31.99	4039056	128656672.00
2021/04/20	31.97	31.97	30.45	30.72	3401019	105268824.00
2021/04/21	30.40	31.19	30.33	30.99	1996926	61524812.00
2021/04/22	30.99	31.29	30.58	30.63	1894977	58519432.00
2021/04/23	30.38	30.87	28.64	29.75	3010460	88834800.00
2021/04/26	29.42	29.65	28.69	28.72	1915320	55635984.00
2021/04/27	28.58	28.58	26.88	26.92	2313325	63202760.00
2021/04/28	26.80	27.45	26.78	27.13	1144600	30981712.00
2021/04/29	27.01	27.79	26.05	27.28	1298577	35625156.00
2021/04/30	27.19	27.50	26.35	27.13	1062600	28648884.00
2021/05/06	27.09	27.76	26.72	27.44	910260	24935888.00
2021/05/07	27.45	27.68	26.40	26.41	1200800	32286460.00
2021/05/10	26.42	26.42	24.96	25.10	1464760	37114892.00
2021/05/11	25.07	25.40	24.82	25.32	731320	18422228.00
2021/05/12	25.36	26.43	25.36	26.34	1244078	32280288.00
2021/05/13	26.34	26.86	26.05	26.38	1088900	28950814.00
2021/05/14	26.34	26.58	26.00	26.18	1088000	28562096.00
2021/05/17	26.02	26.35	25.70	25.80	970060	25087436.00
2021/05/18	25.80	26.18	25.42	25.90	767900	19844604.00
2021/05/19	25.80	26.79	25.80	26.55	1102838	29032416.00
2021/05/20	26.69	26.69	26.10	26.45	794660	20895058.00
2021/05/21	26.38	26.49	26.10	26.13	643760	16887180.00
2021/05/24	26.15	26.65	25.50	26.53	782660	20588176.00
2021/05/25	26.76	26.76	26.23	26.56	878200	23247216.00
2021/05/26	26.53	26.64	26.31	26.58	907106	24059804.00
2021/05/27	26.58	27.99	26.58	27.75	2382103	65497100.00
2021/05/28	27.78	27.79	27.00	27.35	1455860	39743572.00
2021/05/31	27.35	27.65	27.05	27.60	921500	25321272.00
2021/06/01	27.60	28.27	27.40	28.05	1356385	37971604.00
2021/06/02	28.06	29.00	27.68	28.99	2636420	75089696.00
2021/06/03	29.15	29.15	28.26	28.31	1685320	48293124.00
2021/06/04	28.32	28.60	27.70	28.00	1346020	37654720.00
2021/06/07	28.17	28.98	28.17	28.88	1422800	40718288.00
2021/06/08	28.87	28.87	28.16	28.28	1094600	31122058.00
2021/06/09	28.50	28.75	27.81	27.89	1025010	28938448.00
2021/06/10	27.77	28.65	27.67	28.38	1164010	32905768.00
2021/06/11	28.58	28.58	27.15	27.34	1340410	37224868.00
2021/06/15	27.39	29.98	27.15	29.70	3984839	115450520.00
2021/06/16	29.50	31.00	29.11	30.35	5068068	152996496.00
2021/06/17	30.30	31.00	29.87	30.80	4082256	124325528.00
2021/06/18	30.70	30.70	29.66	30.07	2620007	78725288.00
2021/06/21	30.40	30.40	29.51	30.12	1971810	59036336.00
2021/06/22	30.00	30.04	29.27	29.93	1950220	57730904.00
2021/06/23	29.90	31.49	29.72	31.39	3867861	119786256.00
2021/06/24	31.01	31.25	30.50	30.88	1968102	60623184.00
2021/06/25	30.62	31.06	30.10	30.66	1621598	49466784.00
2021/06/28	30.64	31.28	30.10	31.10	2106774	65136800.00
2021/06/29	30.90	31.30	29.63	29.73	2016100	61220868.00
2021/06/30	29.71	31.60	29.68	30.54	2427578	74649968.00
2021/07/01	30.55	30.68	29.04	29.07	1957852	58287352.00
2021/07/02	29.10	30.19	28.88	29.00	1481698	43462552.00
2021/07/05	29.06	29.77	29.06	29.70	975517	28764272.00
2021/07/06	29.60	29.98	29.22	29.81	1164911	34505368.00
2021/07/07	29.70	30.56	29.32	30.42	1376154	41413236.00
2021/07/08	30.51	30.67	30.15	30.36	1551000	47107216.00
2021/07/09	23.00	23.09	22.08	22.50	2042644	45733380.00
2021/07/12	22.50	23.65	22.15	23.39	2931902	67392648.00
2021/07/13	23.55	23.89	23.05	23.19	2126112	49652796.00
2021/07/14	23.15	23.52	22.80	22.98	1699795	39239036.00
2021/07/15	22.68	22.89	21.60	21.90	2207428	48691984.00
2021/07/16	21.65	22.26	21.62	21.68	1379820	30217708.00
2021/07/19	21.84	22.01	21.21	21.30	1072848	23020532.00
2021/07/20	21.20	22.30	21.02	22.05	1353906	29149544.00
2021/07/21	22.33	23.81	22.03	23.53	4808939	111419480.00
2021/07/22	23.54	24.44	23.33	24.21	5680889	136553600.00
2021/07/23	24.21	24.90	23.91	24.25	4773241	116426904.00
2021/07/26	24.27	25.57	24.27	25.29	7125690	179026848.00
2021/07/27	25.98	27.82	25.20	25.23	9992103	266702032.00
2021/07/28	24.00	26.65	23.22	25.80	8319511	207631936.00
2021/07/29	25.91	26.85	25.17	26.85	7813138	203882624.00
2021/07/30	26.92	26.92	26.00	26.33	5545236	145631408.00
2021/08/02	26.00	26.01	25.07	25.41	4554970	115395568.00
2021/08/03	25.16	25.37	24.18	24.34	3859542	95577120.00
2021/08/04	24.08	25.25	24.08	25.12	3092038	77193512.00
2021/08/05	25.12	25.12	24.35	24.49	2296032	56438676.00
2021/08/06	24.25	24.73	24.20	24.55	2080877	50840556.00
2021/08/09	24.49	24.49	23.58	24.08	2260154	54073228.00
2021/08/10	24.12	26.49	24.09	26.49	5603224	144879840.00
2021/08/11	27.25	27.25	25.80	26.13	7171911	188601216.00
2021/08/12	26.47	26.92	25.85	26.16	4477475	118145856.00
2021/08/13	26.43	26.50	25.36	25.48	3284317	84647144.00
2021/08/16	25.99	26.18	25.30	25.73	2701130	69616168.00
2021/08/17	25.25	25.25	23.16	23.16	6343348	150306992.00
2021/08/18	22.85	22.95	22.43	22.70	2775276	62877076.00
2021/08/19	22.67	23.20	22.48	22.87	2144500	49020200.00
2021/08/20	22.76	22.76	22.03	22.33	1795654	40056844.00
2021/08/23	22.32	23.10	22.25	22.89	1806440	41166872.00
2021/08/24	22.92	23.54	22.90	23.34	2166740	50508080.00
2021/08/25	23.09	23.49	22.90	23.03	1755170	40470368.00
2021/08/26	23.03	23.28	22.35	22.49	1826550	41397352.00
2021/08/27	22.48	22.95	22.06	22.43	1602580	35968272.00
2021/08/30	22.53	22.69	22.11	22.69	1605529	36066516.00
2021/08/31	22.51	22.70	22.02	22.22	1305850	29094564.00
2021/09/01	22.20	22.20	21.11	21.61	1884470	40526176.00
2021/09/02	21.60	21.85	21.31	21.69	971635	20996788.00
2021/09/03	21.78	22.66	21.70	22.43	1971352	43852976.00
2021/09/06	22.43	22.93	22.26	22.82	1761393	40030012.00
2021/09/07	22.82	22.90	22.28	22.52	1920721	43179660.00
2021/09/08	22.55	22.55	22.25	22.37	1264402	28251900.00
2021/09/09	22.43	22.59	22.20	22.47	1142140	25550288.00
2021/09/10	22.40	22.66	22.26	22.50	1326501	29804544.00
2021/09/13	22.34	22.50	21.90	21.96	1377241	30467588.00
2021/09/14	22.00	22.27	21.80	21.81	918550	20235040.00
2021/09/15	21.81	22.17	21.65	21.72	785370	17047956.00
2021/09/16	21.81	21.90	21.25	21.29	1021711	21942440.00
2021/09/17	21.25	21.33	20.70	21.10	1025118	21538388.00
2021/09/22	20.94	21.28	20.86	20.99	455840	9568660.00
2021/09/23	21.05	21.30	21.03	21.13	634328	13433952.00
2021/09/24	21.18	21.18	20.72	20.77	605760	12655697.00
2021/09/27	20.88	20.99	20.05	20.19	776010	15789300.00
2021/09/28	20.19	20.34	20.09	20.11	483470	9747915.00
2021/09/29	20.08	20.08	19.28	19.30	768370	14973829.00
2021/09/30	19.45	19.60	19.31	19.48	422590	8227526.50
2021/10/08	19.86	20.32	19.57	20.17	700204	14053428.00
2021/10/11	20.16	20.30	20.01	20.18	466390	9413987.00
2021/10/12	20.02	20.25	19.65	19.80	567813	11251015.00
2021/10/13	19.99	20.77	19.79	20.39	737850	14958836.00
2021/10/14	20.22	20.36	20.08	20.36	483630	9788851.00
2021/10/15	20.35	20.70	20.13	20.43	647100	13288921.00
2021/10/18	20.44	20.60	20.22	20.43	382080	7775224.00
2021/10/19	20.60	20.60	20.31	20.34	371820	7585862.50
2021/10/20	20.31	20.47	20.15	20.18	546620	11094081.00
2021/10/21	20.18	20.28	19.92	20.02	642620	12866822.00
2021/10/22	20.03	20.82	20.00	20.72	1391415	28678930.00
2021/10/25	20.85	20.85	20.42	20.64	723300	14869027.00
2021/10/26	20.60	20.64	20.42	20.58	528040	10834292.00
2021/10/27	20.60	20.60	20.06	20.14	513850	10391903.00
2021/10/28	19.75	20.12	19.60	19.60	496100	9793420.00
2021/10/29	19.65	20.37	19.65	20.10	534758	10737619.00
2021/11/01	20.15	20.66	20.08	20.46	650130	13276325.00
2021/11/02	20.68	20.76	20.06	20.19	829520	16949812.00
2021/11/03	20.19	20.56	20.12	20.32	540420	10983060.00
2021/11/04	20.30	20.70	20.30	20.70	939370	19337726.00
2021/11/05	20.70	21.37	20.70	21.08	1515998	31963264.00
2021/11/08	21.09	21.33	20.65	20.85	833980	17349610.00
2021/11/09	20.75	21.18	20.71	21.08	920781	19315480.00
2021/11/10	21.05	21.52	20.96	21.51	1334573	28426718.00
2021/11/11	21.43	21.64	21.29	21.42	1272810	27307158.00
2021/11/12	21.42	21.56	21.26	21.56	954090	20450228.00
2021/11/15	21.70	21.97	21.40	21.74	1388646	30113332.00
2021/11/16	21.74	21.85	21.26	21.35	1198324	25743584.00
2021/11/17	21.18	21.62	21.17	21.61	959547	20610976.00
2021/11/18	21.62	21.67	21.20	21.36	996720	21289748.00
2021/11/19	21.36	21.64	21.24	21.56	845310	18169656.00
2021/11/22	21.60	22.23	21.50	22.15	1867376	41110004.00
2021/11/23	22.14	22.23	21.85	22.03	1108864	24362576.00
2021/11/24	21.95	22.40	21.78	22.22	1369120	30344088.00
2021/11/25	22.22	22.49	22.03	22.39	1528075	34135196.00
2021/11/26	22.40	22.44	21.83	22.18	1519500	33511432.00
2021/11/29	22.00	22.19	21.63	22.06	898590	19700570.00
2021/11/30	22.05	22.68	21.91	22.48	1503550	33667020.00
2021/12/01	22.40	22.87	22.27	22.73	1617771	36672592.00
2021/12/02	22.80	22.80	22.17	22.20	1418760	31707928.00
2021/12/03	22.18	22.45	22.15	22.28	683200	15230550.00
2021/12/06	22.20	22.20	21.24	21.24	1419090	30537106.00
2021/12/07	21.33	21.48	20.70	20.82	1082530	22707554.00
2021/12/08	20.90	21.16	20.86	20.97	669390	14066788.00
2021/12/09	20.95	23.07	20.90	23.07	2861139	64457732.00
2021/12/10	23.79	25.25	23.30	23.31	10229239	245641744.00
2021/12/13	23.36	24.66	23.27	23.97	6699876	159768384.00
2021/12/14	23.70	24.40	23.17	23.87	5482758	130643248.00
2021/12/15	24.08	24.14	23.31	23.42	3190590	75080816.00
2021/12/16	23.59	23.66	23.13	23.41	2566222	59862796.00
2021/12/17	23.41	23.50	22.83	22.98	2247000	51803504.00
2021/12/20	22.92	23.20	22.66	22.68	1630048	37341780.00
2021/12/21	22.68	23.05	22.61	23.01	1398780	32005754.00
2021/12/22	23.01	23.45	22.83	23.28	2178250	50536944.00
2021/12/23	23.28	23.30	22.38	22.40	2079430	47329108.00
2021/12/24	22.53	22.77	21.82	21.97	1604410	35682164.00
2021/12/27	21.95	22.24	21.70	22.19	957808	21106916.00
2021/12/28	22.25	22.49	22.07	22.34	792148	17648188.00
2021/12/29	22.25	22.26	21.91	22.08	818305	18043934.00
2021/12/30	22.05	23.08	22.00	22.80	2051878	46664280.00
2021/12/31	22.79	22.90	22.59	22.66	1076850	24458418.00
2022/01/04	22.66	23.00	22.31	22.98	1326930	30148816.00
2022/01/05	22.95	22.98	22.10	22.37	1455140	32607964.00
2022/01/06	22.33	22.70	22.22	22.55	741480	16692072.00
2022/01/07	22.50	23.45	22.26	22.81	2417620	55298864.00
2022/01/10	22.72	23.22	22.13	23.15	2558778	58533868.00
2022/01/11	23.03	23.39	22.88	23.04	2066740	47857548.00
2022/01/12	23.00	23.44	23.00	23.26	1783560	41507212.00
2022/01/13	23.26	23.44	23.01	23.11	1778820	41336320.00
2022/01/14	23.00	23.24	22.69	22.81	1315469	30170762.00
2022/01/17	22.81	23.54	22.70	23.36	1984620	46172500.00
2022/01/18	23.42	23.48	22.79	22.79	1618380	37265556.00
2022/01/19	22.88	23.20	22.55	22.95	942420	21577636.00
2022/01/20	22.94	22.95	21.78	21.80	1886180	41863016.00
2022/01/21	21.79	22.44	21.71	21.99	956840	21217066.00
2022/01/24	21.91	22.15	21.77	22.03	529280	11648425.00
2022/01/25	22.03	22.03	20.34	20.41	1636958	34213612.00
2022/01/26	20.50	20.82	20.40	20.74	733836	15123506.00
2022/01/27	20.70	20.79	19.50	19.60	1263860	25202698.00
2022/01/28	19.68	20.10	19.58	19.90	671430	13388736.00
2022/02/07	20.40	20.49	20.10	20.26	480318	9754510.00
2022/02/08	20.26	20.46	20.06	20.34	505530	10255471.00
2022/02/09	20.38	20.55	20.21	20.54	664230	13558452.00
2022/02/10	20.55	20.55	20.20	20.27	628690	12757554.00
2022/02/11	20.27	20.27	19.50	19.65	1050590	20804584.00
2022/02/14	19.55	19.89	19.30	19.73	522590	10303284.00
2022/02/15	19.73	21.09	19.51	20.28	1333210	27101178.00
2022/02/16	20.34	20.42	20.03	20.19	882210	17800498.00
2022/02/17	20.10	20.29	19.97	20.00	630630	12687984.00
2022/02/18	20.01	20.01	19.82	20.00	369130	7360309.00
2022/02/21	20.00	20.54	19.96	20.43	886250	18031962.00
2022/02/22	20.41	20.41	20.00	20.12	463230	9337636.00
2022/02/23	20.19	20.65	20.17	20.47	807606	16495459.00
2022/02/24	20.31	20.70	19.80	20.07	1045870	21146636.00
2022/02/25	20.27	20.49	20.08	20.10	690630	14010341.00
2022/02/28	20.10	20.30	19.62	19.94	602500	11959322.00
2022/03/01	19.82	20.05	19.82	20.00	424780	8480044.00
2022/03/02	20.00	20.18	19.80	20.14	498406	9967080.00
2022/03/03	20.15	20.39	19.96	19.99	678600	13693031.00
2022/03/04	19.99	20.12	19.81	19.95	447620	8927797.00
2022/03/07	20.04	20.04	19.55	19.57	537348	10580493.00
2022/03/08	19.56	19.70	18.80	18.90	622310	11898765.00
2022/03/09	18.97	19.26	17.50	18.25	710680	12992172.00
2022/03/10	18.36	18.89	18.30	18.45	442870	8233324.00
2022/03/11	18.25	18.54	17.80	18.48	553910	10018226.00
2022/03/14	18.35	20.20	17.91	18.96	1446870	27623450.00
2022/03/15	18.87	18.88	17.92	17.95	1159170	21165626.00
2022/03/16	18.04	18.50	17.30	18.18	961880	17235832.00
2022/03/17	18.36	18.78	18.19	18.46	1003982	18630436.00
2022/03/18	18.46	18.58	18.30	18.50	504260	9316834.00
2022/03/21	18.50	19.04	18.46	18.87	689830	12986778.00
2022/03/22	18.75	18.98	18.60	18.86	413954	7769133.50
2022/03/23	18.96	18.96	18.60	18.69	459000	8604115.00
2022/03/24	18.58	18.59	18.11	18.16	473110	8649548.00
2022/03/25	18.16	18.65	18.16	18.28	418319	7699577.00
2022/03/28	18.18	18.25	17.77	18.13	300469	5415351.00
2022/03/29	18.40	18.42	17.82	17.84	322730	5803469.00
2022/03/30	18.02	18.18	17.87	18.12	312910	5642811.50
2022/03/31	18.40	18.97	18.02	18.97	1379138	25651468.00
2022/04/01	19.50	19.90	18.61	18.66	2046394	39318744.00
2022/04/06	18.34	18.73	18.33	18.47	768651	14217527.00
2022/04/07	18.47	18.47	17.90	17.91	695571	12551771.00
2022/04/08	17.41	18.18	17.36	17.68	707880	12440711.00
2022/04/11	17.90	17.90	17.03	17.09	576270	9975001.00
2022/04/12	17.01	17.45	16.96	17.28	318030	5467169.00
2022/04/13	17.21	17.37	16.96	17.03	286980	4913897.50
2022/04/14	17.21	17.21	16.79	17.01	568600	9659414.00
2022/04/15	17.01	17.03	16.49	16.52	711350	11792003.00
2022/04/18	16.50	16.70	16.00	16.55	604970	9918460.00
2022/04/19	16.70	16.84	16.55	16.65	287740	4801453.00
2022/04/20	17.00	18.32	16.81	18.32	1708780	30544102.00
2022/04/21	18.67	19.51	17.80	17.82	4094430	76296400.00
2022/04/22	17.82	18.30	17.39	17.65	2354090	41793832.00
2022/04/25	17.48	18.09	16.71	17.91	2436517	41965520.00
2022/04/26	17.70	19.00	17.38	18.65	3791262	69224344.00
2022/04/27	18.04	18.22	16.79	18.20	3258122	56916788.00
2022/04/28	17.96	18.74	17.60	18.30	2607392	47531780.00
2022/04/29	18.45	19.02	18.17	18.88	3109092	58101376.00
2022/05/05	18.65	19.88	18.44	19.36	3373979	64104256.00
2022/05/06	18.76	19.30	18.51	18.67	2206042	41641072.00
2022/05/09	18.44	18.78	18.42	18.48	1526780	28351358.00
2022/05/10	18.45	19.26	18.36	19.02	1808988	34079588.00
2022/05/11	19.03	19.55	18.85	18.90	2540651	48888628.00
2022/05/12	18.65	19.30	18.51	18.95	2084128	39160020.00
2022/05/13	18.94	19.10	18.55	18.63	1268210	23841292.00
2022/05/16	18.70	19.32	18.63	18.74	1369590	25875284.00
2022/05/17	18.73	19.09	18.28	19.07	1796450	33776716.00
2022/05/18	19.11	19.45	18.87	18.97	1960520	37547996.00
2022/05/19	18.66	19.06	18.48	19.01	1190840	22470734.00
2022/05/20	19.19	19.19	18.78	19.07	1185030	22481820.00
2022/05/23	19.14	19.14	18.83	19.12	1084631	20607188.00
2022/05/24	19.01	19.36	17.81	17.83	1872370	34952288.00
2022/05/25	17.81	18.31	17.81	18.25	1230700	22310812.00
2022/05/26	18.52	18.52	17.61	18.24	971510	17516774.00
2022/05/27	18.24	18.49	18.12	18.27	809217	14840205.00
2022/05/30	18.30	18.49	18.06	18.31	603660	11013836.00
2022/05/31	18.49	19.10	18.11	19.03	1825957	34219232.00
2022/06/01	19.40	19.43	18.96	19.37	1968389	37915672.00
2022/06/02	19.22	20.30	19.15	20.18	2595240	51504908.00
2022/06/06	20.09	20.51	19.93	20.26	1929100	39068780.00
2022/06/07	20.29	20.35	19.89	19.93	1239320	24849750.00
2022/06/08	19.85	20.10	19.56	19.95	1488500	29608440.00
2022/06/09	19.95	19.95	19.13	19.26	1130844	21956956.00
2022/06/10	19.23	19.48	19.03	19.33	978900	18861350.00
2022/06/13	19.20	19.48	19.13	19.40	770630	14861514.00
2022/06/14	19.20	19.26	18.55	19.03	1079080	20356548.00
2022/06/15	19.16	19.30	18.88	18.91	1057700	20243096.00
2022/06/16	18.83	19.63	18.83	19.34	1217558	23604002.00
2022/06/17	19.18	19.67	19.11	19.38	979109	18964988.00
2022/06/20	19.18	19.95	19.18	19.84	1332620	26242136.00
2022/06/21	19.89	20.11	19.59	19.92	1166170	23136796.00
2022/06/22	19.97	20.08	19.46	19.50	824710	16232475.00
2022/06/23	19.61	20.29	19.56	20.21	1824360	36617916.00
2022/06/24	20.24	20.74	20.01	20.60	1871000	38264756.00
2022/06/27	20.71	20.71	20.31	20.55	1380194	28264650.00
2022/06/28	20.55	21.05	20.29	20.88	1753685	36428128.00
2022/06/29	20.98	21.17	20.42	20.46	1594643	33107854.00
2022/06/30	20.40	20.88	20.36	20.53	1140450	23489590.00
2022/07/01	20.59	21.19	20.43	20.65	1917220	39698484.00
2022/07/04	20.61	20.69	19.95	20.07	1675970	33824816.00
2022/07/05	20.07	20.40	19.30	19.65	1161200	22959744.00
2022/07/06	19.71	19.87	19.49	19.75	995620	19605404.00
2022/07/07	19.76	20.43	19.73	19.97	1118060	22449094.00
2022/07/08	20.02	20.71	19.90	20.06	1504640	30566724.00
2022/07/11	20.09	20.12	19.21	19.29	1103240	21459900.00
2022/07/12	19.21	19.29	18.94	18.99	942014	17969270.00
2022/07/13	18.99	19.24	18.80	19.06	563280	10725486.00
2022/07/14	19.24	19.46	18.90	19.41	871968	16807544.00
2022/07/15	19.46	19.65	19.11	19.48	1072408	20837740.00
2022/07/18	19.42	20.15	19.32	20.14	1154970	22971762.00
2022/07/19	20.10	20.39	20.02	20.33	1168300	23661352.00
2022/07/20	20.48	20.48	19.90	20.06	1258258	25287112.00
2022/07/21	20.01	20.66	20.00	20.52	1628405	33384018.00
2022/07/22	20.65	20.65	20.13	20.40	1109530	22600946.00
2022/07/25	20.29	20.51	20.13	20.27	1199398	24389624.00
2022/07/26	20.24	20.73	19.82	20.64	1707600	34883972.00
2022/07/27	20.59	20.99	20.41	20.87	1513700	31463330.00
2022/07/28	21.00	21.50	20.80	21.30	1967786	41931132.00
2022/07/29	21.29	21.45	20.88	21.10	1507750	31870176.00
2022/08/01	21.13	21.55	21.00	21.49	1591640	34035024.00
2022/08/02	21.25	21.45	20.32	20.63	2172080	44959964.00
2022/08/03	20.76	21.49	20.75	20.85	1973875	41771852.00
2022/08/04	21.17	21.38	20.90	21.16	1647840	34859788.00
2022/08/05	21.29	22.00	21.22	21.99	3660758	79758360.00
2022/08/08	22.02	22.04	21.40	21.73	2295220	49676076.00
2022/08/09	21.68	22.22	21.48	22.17	2360420	51680388.00
2022/08/10	21.98	22.48	21.89	22.15	2195928	48832964.00
2022/08/11	22.09	22.82	22.09	22.52	2613940	58935720.00
2022/08/12	22.39	22.74	21.96	21.96	2304620	51331920.00
2022/08/15	21.96	22.36	21.63	22.21	1568718	34503516.00
2022/08/16	22.38	22.94	22.06	22.69	2392368	54220684.00
2022/08/17	22.59	22.88	22.30	22.50	1637420	36878512.00
2022/08/18	22.50	23.02	22.10	22.87	2304240	52446240.00
2022/08/19	23.23	23.50	21.96	22.10	3540130	79885720.00
2022/08/22	22.07	22.49	21.73	22.06	2082230	45883184.00
2022/08/23	22.08	23.46	21.66	23.25	3261748	73758088.00
2022/08/24	23.30	24.88	23.06	23.20	10287105	245380208.00
2022/08/25	22.85	23.64	20.88	21.66	9280055	202458928.00
2022/08/26	21.21	21.75	20.67	21.60	5896260	125237016.00
2022/08/29	21.25	23.19	20.72	23.09	9465280	212799024.00
2022/08/30	23.30	23.94	21.76	23.22	10106130	231537584.00
2022/08/31	23.17	24.27	22.48	23.30	10817045	254416944.00
2022/09/01	23.53	23.68	21.81	23.55	10316572	235249728.00
2022/09/02	23.50	25.91	23.00	25.91	17479965	435543648.00
2022/09/05	26.03	26.91	23.34	24.20	17353548	425237632.00
2022/09/06	23.81	23.95	22.88	23.55	9538581	222204400.00
2022/09/07	23.08	23.38	22.28	22.28	8292683	188905072.00
2022/09/08	21.98	22.44	21.82	21.99	5055340	111752208.00
2022/09/09	21.82	22.25	21.16	22.24	5591317	120681176.00
2022/09/13	22.14	22.49	21.94	22.08	3204285	71093400.00
2022/09/14	21.50	21.74	21.19	21.23	3163683	67786928.00
2022/09/15	21.78	21.78	20.72	20.80	3261030	68886608.00
2022/09/16	20.69	20.84	19.50	19.55	3915765	78844584.00
2022/09/19	19.34	19.52	18.73	18.99	3164014	60213480.00
2022/09/20	19.01	19.42	19.01	19.29	2248704	43302572.00
2022/09/21	19.22	19.44	18.82	19.31	2085640	40205772.00
2022/09/22	19.15	19.67	19.11	19.22	1986268	38467920.00
2022/09/23	19.30	19.42	18.36	18.55	3040557	56986212.00
2022/09/26	18.29	18.65	18.04	18.07	2116247	38699500.00
2022/09/27	18.15	18.64	18.07	18.60	2298330	42423896.00
2022/09/28	18.58	18.59	17.77	17.77	2177390	39345848.00
2022/09/29	18.10	18.10	17.50	17.57	1633882	28910068.00
2022/09/30	17.53	17.80	17.24	17.25	1359187	23715268.00
2022/10/10	17.25	17.38	16.62	16.67	1636550	27685652.00
2022/10/11	16.67	16.80	16.57	16.62	1451360	24177564.00
2022/10/12	16.62	17.30	16.54	17.29	1814578	30681218.00
2022/10/13	17.25	18.93	17.00	17.80	3597173	65156828.00
2022/10/14	18.13	18.30	17.81	18.09	2209435	39883084.00
2022/10/17	18.00	18.52	17.93	18.43	1782226	32609976.00
2022/10/18	18.48	18.59	18.33	18.48	1435059	26527942.00
2022/10/19	18.70	18.88	18.02	18.70	2139668	39723256.00
2022/10/20	18.53	20.19	18.52	19.05	3328760	63647832.00
2022/10/21	18.68	19.07	18.33	18.41	2182060	40635932.00
2022/10/24	18.56	18.95	18.46	18.47	1877170	35149220.00
2022/10/25	18.42	18.67	18.02	18.27	1591108	29059850.00
2022/10/26	18.45	18.93	18.10	18.88	1990660	37223008.00
2022/10/27	19.00	19.18	18.70	18.89	1495370	28333252.00
2022/10/28	18.67	19.31	18.10	18.23	1980805	37154704.00
2022/10/31	18.11	18.94	18.08	18.73	1753565	32683858.00
2022/11/01	18.96	19.10	18.55	19.09	1596745	30196938.00
2022/11/02	19.30	19.50	19.09	19.17	2152523	41529856.00
2022/11/03	18.98	19.17	18.85	19.09	1795375	34128656.00
2022/11/04	19.16	19.30	18.89	19.29	1762672	33814220.00
2022/11/07	19.25	19.73	19.16	19.50	2058702	39963640.00
2022/11/08	19.45	19.45	19.08	19.18	1594578	30631434.00
2022/11/09	19.36	19.38	18.98	18.98	1100745	21038004.00
2022/11/10	18.77	19.15	18.60	18.61	1322670	24855368.00
2022/11/11	18.88	19.14	18.64	18.67	1264472	23851418.00
2022/11/14	18.69	18.86	18.40	18.48	1120680	20883130.00
2022/11/15	18.47	19.51	18.38	19.51	3197395	61204288.00
2022/11/16	19.60	19.60	19.21	19.29	2040670	39505388.00
2022/11/17	19.25	19.61	19.03	19.59	1683730	32566388.00
2022/11/18	19.63	19.73	19.19	19.25	1374973	26732860.00
2022/11/21	19.16	19.29	18.90	19.27	1168977	22290398.00
2022/11/22	19.25	19.46	18.86	18.97	1232470	23669410.00
2022/11/23	18.99	19.00	18.15	18.42	1691810	31199644.00
2022/11/24	18.47	18.73	18.42	18.59	958385	17822796.00
2022/11/25	18.59	18.65	18.09	18.09	1019590	18657976.00
2022/11/28	17.97	18.04	17.72	17.80	904500	16140222.00
2022/11/29	17.79	18.24	17.79	18.21	718820	12986644.00
2022/11/30	18.21	18.49	18.10	18.26	744905	13591114.00
2022/12/01	18.44	18.57	18.33	18.42	960830	17727286.00
2022/12/02	18.43	18.60	18.40	18.49	614470	11368378.00
2022/12/05	18.69	18.78	18.50	18.66	1031260	19194376.00
2022/12/06	18.65	18.84	18.53	18.76	984010	18426712.00
2022/12/07	18.73	18.80	18.00	18.55	1147752	21276272.00
2022/12/08	18.67	18.67	18.34	18.46	767998	14194727.00
2022/12/09	18.55	19.92	18.55	18.90	2988630	56728752.00
2022/12/12	18.78	19.00	18.31	18.65	1717685	31990310.00
2022/12/13	18.66	18.75	18.32	18.35	967820	17931872.00
2022/12/14	18.69	19.23	18.67	18.74	2537655	48095532.00
2022/12/15	18.75	19.32	18.63	19.12	2432037	46466312.00
2022/12/16	18.98	19.08	18.33	18.42	1941705	36059300.00
2022/12/19	18.43	18.52	17.79	17.89	1145700	20600356.00
2022/12/20	17.79	18.00	17.69	17.87	566242	10108569.00
2022/12/21	18.00	18.01	17.36	17.50	847020	14879063.00
2022/12/22	17.50	17.64	17.00	17.12	771028	13326414.00
2022/12/23	17.00	17.29	17.00	17.12	513165	8795980.00
2022/12/26	17.12	17.68	17.01	17.66	824320	14428000.00
2022/12/27	17.66	17.79	17.45	17.62	496690	8735031.00
2022/12/28	17.55	17.55	17.11	17.19	679780	11745906.00
2022/12/29	17.23	17.35	17.06	17.10	504778	8678715.00
2022/12/30	17.23	17.30	17.00	17.22	459633	7875355.00
2023/01/03	17.22	17.55	17.10	17.54	919650	16009370.00
2023/01/04	17.55	17.69	17.36	17.49	818510	14343604.00
2023/01/05	17.51	17.64	17.37	17.61	855540	14992503.00
2023/01/06	17.61	17.83	17.56	17.70	1046190	18530016.00
2023/01/09	17.70	17.92	17.63	17.72	720215	12785573.00
2023/01/10	17.81	17.92	17.66	17.79	581329	10334796.00
2023/01/11	17.82	17.86	17.42	17.50	820247	14465970.00
2023/01/12	17.50	17.87	17.32	17.76	1112547	19646738.00
2023/01/13	17.80	18.22	17.66	18.18	1791080	32283400.00
2023/01/16	18.24	18.33	18.02	18.29	1341010	24430920.00
2023/01/17	18.40	18.59	18.23	18.29	1158880	21314976.00
2023/01/18	18.49	18.99	18.25	18.53	2050270	38188492.00
2023/01/19	18.33	18.90	18.33	18.63	1608687	29875848.00
2023/01/20	18.59	18.87	18.59	18.65	951858	17797006.00
2023/01/30	18.80	18.95	18.69	18.82	1316345	24747696.00
2023/01/31	18.82	19.06	18.71	19.01	1170380	22128610.00
2023/02/01	19.08	19.16	18.92	19.13	1025170	19508900.00
2023/02/02	19.15	19.44	19.05	19.24	1452200	27940288.00
2023/02/03	19.23	19.63	19.15	19.63	2226435	43283116.00
2023/02/06	19.43	19.73	19.32	19.59	1683625	32879046.00
2023/02/07	19.50	19.77	19.41	19.77	1440355	28263174.00
2023/02/08	19.80	19.95	19.41	19.44	1725067	33781864.00
2023/02/09	19.40	20.00	19.38	20.00	2286310	45297468.00
2023/02/10	19.98	20.11	19.68	19.80	1401750	27872966.00
2023/02/13	19.79	19.92	19.73	19.86	1326922	26291938.00
2023/02/14	20.10	20.10	19.78	19.89	1011110	20132638.00
2023/02/15	19.89	20.20	19.75	20.06	1359930	27347716.00
2023/02/16	20.08	20.10	19.00	19.56	2175252	42992604.00
2023/02/17	19.58	19.65	19.06	19.17	1528080	29421590.00
2023/02/20	19.22	19.26	18.90	19.24	1304330	24877422.00
2023/02/21	19.25	19.60	19.20	19.46	1064639	20704556.00
2023/02/22	19.43	19.55	19.07	19.44	839190	16217862.00
2023/02/23	19.40	19.60	19.32	19.39	639470	12430182.00
2023/02/24	19.40	19.73	19.40	19.60	1035140	20274960.00
2023/02/27	19.61	19.90	19.32	19.40	1219220	23878764.00
2023/02/28	19.51	19.82	19.32	19.59	922410	18057300.00
2023/03/01	19.51	19.98	19.50	19.91	1128280	22313748.00
2023/03/02	19.90	20.06	19.62	19.71	1019318	20208368.00
2023/03/03	19.71	20.07	19.58	19.84	1165502	23120184.00
2023/03/06	19.84	20.10	19.81	19.94	980747	19531508.00
2023/03/07	19.94	19.94	19.18	19.20	1138380	22190614.00
2023/03/08	19.29	19.75	19.18	19.74	1203965	23581726.00
2023/03/09	19.75	20.26	19.70	20.23	2171003	43530372.00
2023/03/10	20.20	20.40	19.94	20.27	2090795	42216540.00
2023/03/13	20.26	20.26	19.65	19.91	1965107	39044436.00
2023/03/14	20.10	20.10	19.22	19.71	1577860	30852942.00
2023/03/15	19.85	21.68	19.73	21.68	3276325	69197872.00
2023/03/16	22.10	23.44	21.60	22.22	13724533	306316576.00
2023/03/17	21.80	22.02	21.34	21.72	8715280	188651712.00
2023/03/20	21.49	23.16	21.42	22.95	10901141	243389728.00
2023/03/21	22.38	22.56	21.80	22.43	6505704	144095328.00
2023/03/22	22.21	22.21	21.61	21.88	4528533	98900432.00
2023/03/23	21.70	22.09	21.64	21.95	3758570	82246200.00
2023/03/24	21.87	22.65	21.75	22.45	5503455	122841184.00
2023/03/27	22.39	22.39	21.50	21.51	4434602	96189624.00
2023/03/28	21.62	21.64	20.77	20.78	3885050	81759744.00
2023/03/29	20.78	21.17	20.45	21.11	2988514	62475632.00
2023/03/30	21.47	22.57	21.21	22.09	6086278	133701728.00
2023/03/31	21.95	21.99	21.35	21.63	3447119	74248960.00
2023/04/03	21.63	21.97	21.23	21.95	3434983	74356912.00
2023/04/04	21.80	22.98	21.46	22.77	6548639	146160128.00
2023/04/06	22.50	23.48	22.36	22.99	7270269	167592064.00
2023/04/07	22.80	22.99	22.36	22.59	3526148	79512632.00
2023/04/10	22.65	22.88	21.81	21.99	2905100	64846868.00
2023/04/11	22.00	22.26	21.61	22.22	2423536	53306220.00
2023/04/12	22.02	22.39	21.88	22.32	2463531	54669400.00
2023/04/13	22.25	22.25	21.36	21.50	2632670	57077540.00
2023/04/14	21.66	22.05	21.20	22.00	2716260	59043000.00
2023/04/17	22.00	22.08	21.22	21.28	1882358	40417044.00
2023/04/18	21.47	21.47	20.74	20.91	1539258	32181566.00
2023/04/19	20.99	21.60	20.90	21.19	1904253	40557628.00
2023/04/20	22.31	23.31	22.31	23.31	4627780	106933128.00
2023/04/21	23.79	24.87	23.39	23.50	14957333	360452832.00
2023/04/24	23.50	23.78	22.89	23.51	7900490	184404192.00
2023/04/25	23.30	23.30	21.53	22.09	7221975	161057168.00
2023/04/26	21.81	22.58	21.60	22.01	4870170	107469760.00
2023/04/27	22.01	22.01	19.90	20.13	6224725	129951920.00
2023/04/28	20.15	22.14	20.15	22.14	3374175	72892496.00
2023/05/05	23.00	23.00	23.00	23.00	0	0.00
数据来源:通达信
