002866 传艺科技 日线 不复权
      日期	    开盘	    最高	    最低	    收盘	    成交量	    成交额
2017/04/26	16.08	19.30	16.08	19.30	12849	246858.70
2017/04/27	21.23	21.23	21.23	21.23	3000	63690.00
2017/04/28	23.35	23.35	23.35	23.35	6400	149440.00
2017/05/02	25.69	25.69	25.69	25.69	6893	177081.17
2017/05/03	28.26	28.26	28.26	28.26	8900	251514.00
2017/05/04	31.09	31.09	31.09	31.09	33057	1027742.13
2017/05/05	34.20	34.20	34.20	34.20	63753	2180352.50
2017/05/08	37.62	37.62	34.78	35.00	17830740	638662464.00
2017/05/09	33.50	35.55	33.01	35.26	12166414	419304128.00
2017/05/10	34.80	36.18	31.80	31.90	12558043	428607136.00
2017/05/11	30.68	33.93	30.30	33.19	11037079	353155040.00
2017/05/12	32.91	35.92	32.88	35.19	12179881	420073248.00
2017/05/15	34.69	35.98	34.03	34.55	9622267	337041216.00
2017/05/16	33.75	35.80	32.75	35.70	9915593	339635520.00
2017/05/17	35.52	38.45	35.42	35.80	12742297	468054496.00
2017/05/18	34.40	35.29	32.80	32.93	9190979	313805728.00
2017/05/19	32.70	33.13	30.98	31.70	7183213	229898304.00
2017/05/22	31.39	31.53	28.53	28.53	7398716	221832752.00
2017/05/23	28.98	30.10	28.08	28.80	6652171	194418128.00
2017/05/24	28.56	29.70	28.17	29.46	4802402	140021856.00
2017/05/25	29.34	29.67	27.53	29.00	6097304	174809440.00
2017/05/26	29.01	30.18	28.66	29.73	6055268	178775312.00
2017/05/31	30.98	32.23	30.00	30.42	7704177	240302496.00
2017/06/01	29.60	29.80	27.93	27.95	5888803	170152944.00
2017/06/02	27.31	28.97	27.30	28.55	3220092	90819280.00
2017/06/05	29.00	29.38	28.15	28.20	4572856	131732464.00
2017/06/06	28.00	28.25	27.70	28.20	2710124	75824088.00
2017/06/07	28.06	29.90	28.02	29.47	5052284	147095872.00
2017/06/08	29.33	29.53	28.57	28.92	3846578	111692064.00
2017/06/09	29.03	30.38	28.30	29.69	6074960	179630736.00
2017/06/12	29.01	29.09	28.02	28.32	3779171	107865376.00
2017/06/13	28.00	29.95	27.92	29.60	4273383	124598928.00
2017/06/14	29.60	29.87	29.03	29.65	4588174	135470592.00
2017/06/15	29.69	30.38	29.42	29.74	6344462	190034544.00
2017/06/16	29.79	29.88	29.21	29.30	3174230	93544712.00
2017/06/19	29.29	29.67	28.38	28.55	4245768	122448816.00
2017/06/20	28.77	28.98	28.30	28.46	2693423	77105400.00
2017/06/21	28.41	28.78	28.00	28.58	2281551	64816924.00
2017/06/22	28.58	28.65	27.50	27.50	2250942	63335012.00
2017/06/23	27.32	27.80	26.50	27.19	2898974	78514000.00
2017/06/26	27.08	27.50	26.59	27.30	2053147	55573124.00
2017/06/27	27.21	27.65	27.05	27.12	1715623	46872176.00
2017/06/28	26.92	27.08	26.06	26.29	2229986	58993992.00
2017/06/29	26.28	26.68	26.28	26.41	1200315	31740772.00
2017/06/30	26.25	27.38	26.11	26.93	2874281	77442016.00
2017/07/03	26.87	27.29	26.82	27.24	1791967	48521712.00
2017/07/04	27.26	28.48	27.11	27.65	3839935	106388656.00
2017/07/05	27.58	28.20	27.40	28.12	3747970	104781360.00
2017/07/06	28.18	29.30	27.91	28.99	6265396	179370816.00
2017/07/07	28.90	29.87	28.81	29.48	5825148	171588176.00
2017/07/10	29.00	29.25	27.88	28.30	4534511	129152040.00
2017/07/11	28.31	28.60	28.05	28.43	2213974	62769520.00
2017/07/12	28.21	28.50	26.82	28.48	3311449	91720288.00
2017/07/13	28.15	28.56	27.70	27.80	2232087	62827172.00
2017/07/14	28.00	28.46	27.78	28.22	2013763	56707680.00
2017/07/17	27.50	27.62	26.60	26.99	3975295	107830200.00
2017/07/18	26.71	27.23	26.10	27.00	1673356	44815796.00
2017/07/19	26.94	27.00	26.29	26.86	2210372	58875468.00
2017/07/20	26.81	27.20	26.61	26.61	1448838	38988584.00
2017/07/21	26.40	26.79	26.20	26.26	1282764	33859268.00
2017/07/24	26.00	26.44	25.45	26.35	1775836	46010236.00
2017/07/25	26.16	26.42	25.96	26.11	903288	23659064.00
2017/07/26	26.18	26.60	25.71	26.22	1203927	31512878.00
2017/07/27	26.03	27.22	25.95	27.15	2130438	56976116.00
2017/07/28	27.01	27.24	26.61	26.73	1319862	35426176.00
2017/07/31	26.58	26.90	26.58	26.87	1260536	33688016.00
2017/08/01	26.80	27.15	26.68	27.02	872024	23463468.00
2017/08/02	27.07	27.07	26.55	26.76	975114	26114258.00
2017/08/03	26.61	27.22	26.61	26.96	1124165	30308080.00
2017/08/04	26.89	26.97	26.40	26.63	1182751	31569158.00
2017/08/07	26.61	27.14	26.60	27.00	1000610	27001462.00
2017/08/08	27.06	27.09	26.66	27.00	758638	20393098.00
2017/08/09	26.90	27.63	26.82	27.42	1387510	37965328.00
2017/08/10	27.12	27.57	26.43	26.81	1174130	31580698.00
2017/08/11	26.68	26.76	26.38	26.38	754610	20068648.00
2017/08/14	26.36	27.39	26.20	27.17	1419496	38238724.00
2017/08/15	27.30	28.24	27.25	28.08	2141770	60008572.00
2017/08/16	27.92	28.24	27.65	28.22	1667762	46811944.00
2017/08/17	28.12	28.46	28.00	28.16	1059274	29884478.00
2017/08/18	27.80	27.89	27.01	27.07	1638196	44980548.00
2017/08/21	26.87	29.35	26.87	28.92	3832156	108411288.00
2017/08/22	29.05	29.19	28.34	28.39	1793886	51316580.00
2017/08/23	28.24	28.58	27.75	28.27	1647534	46392152.00
2017/08/24	28.42	28.90	27.91	28.00	1552210	44024124.00
2017/08/25	28.20	29.82	27.20	29.40	2947905	85331816.00
2017/08/28	29.17	30.87	29.17	30.44	4066429	122195152.00
2017/08/29	30.11	30.73	29.81	29.90	2910771	87790840.00
2017/08/30	29.61	30.29	29.50	29.79	1954366	58326428.00
2017/08/31	29.84	30.73	29.53	30.59	2516384	76164048.00
2017/09/01	30.50	31.33	30.41	30.59	3064904	94796888.00
2017/09/04	30.50	31.29	29.80	29.92	2680475	82400288.00
2017/09/05	30.00	30.47	29.70	29.97	1342606	40378116.00
2017/09/06	29.94	30.79	29.29	30.62	1932808	57798632.00
2017/09/07	30.63	31.26	30.26	30.45	2131622	65497580.00
2017/09/08	30.37	30.50	29.86	30.10	1377934	41439236.00
2017/09/11	29.99	30.35	29.47	30.23	1743039	52292460.00
2017/09/12	30.13	30.29	28.93	28.94	2199791	65222764.00
2017/09/13	28.82	29.32	28.56	29.06	987496	28451188.00
2017/09/14	29.02	29.67	28.92	29.14	1137424	33360678.00
2017/09/15	29.12	29.40	28.70	28.75	744424	21629692.00
2017/09/18	28.64	29.38	28.64	29.15	564982	16387434.00
2017/09/19	29.16	29.29	28.78	28.99	605080	17522152.00
2017/09/20	29.15	29.43	28.79	29.30	733218	21346694.00
2017/09/21	29.34	30.09	29.01	30.00	1805780	53656600.00
2017/09/22	29.88	30.97	29.40	30.65	1963586	59805196.00
2017/09/25	30.02	31.99	30.01	30.50	2148663	67010796.00
2017/09/26	30.47	31.42	29.70	30.88	2120938	65002476.00
2017/09/27	30.86	31.25	30.10	31.04	1846898	56760808.00
2017/09/28	31.05	31.05	30.40	30.50	1301099	40020864.00
2017/09/29	30.50	32.29	30.38	31.90	2503617	79150824.00
2017/10/09	31.93	32.30	31.00	31.51	1679918	53093208.00
2017/10/10	31.26	32.58	31.26	32.58	2300227	73734888.00
2017/10/11	32.30	33.30	32.28	32.85	2769214	90862704.00
2017/10/12	32.88	32.95	32.24	32.88	1669454	54313072.00
2017/10/13	32.60	33.10	32.40	32.75	1554214	51033060.00
2017/10/16	32.55	32.70	31.50	32.27	1579392	50592124.00
2017/10/17	31.96	32.37	31.60	31.81	713507	22824536.00
2017/10/18	31.80	32.23	30.70	30.70	833788	26235910.00
2017/10/19	30.68	30.88	29.20	29.96	711324	21485134.00
2017/10/20	29.92	30.88	29.73	30.55	882132	26678934.00
2017/10/23	30.13	31.42	29.85	31.37	1628890	49556312.00
2017/10/24	31.07	31.20	30.41	31.12	1014189	31209250.00
2017/10/25	31.02	31.61	30.83	31.50	747500	23403264.00
2017/10/26	31.51	31.96	31.24	31.80	1051122	33210602.00
2017/10/27	31.92	32.49	31.60	32.28	1162025	37385044.00
2017/10/30	32.60	32.60	29.91	29.91	2213808	68312232.00
2017/10/31	29.45	30.60	29.45	30.20	1048522	31573160.00
2017/11/01	30.20	30.73	29.84	30.68	1000039	30484020.00
2017/11/02	30.41	30.75	30.31	30.44	678413	20680494.00
2017/11/03	30.44	30.60	29.90	30.16	691160	20901450.00
2017/11/06	30.55	31.55	30.29	31.21	1078777	33544054.00
2017/11/07	31.21	31.85	31.21	31.49	854790	26919318.00
2017/11/08	31.49	32.40	31.49	31.91	1422550	45662532.00
2017/11/09	31.91	32.30	31.72	32.05	724238	23215064.00
2017/11/10	32.05	32.48	31.80	32.40	886586	28463924.00
2017/11/13	32.49	33.37	32.01	32.41	973402	31715374.00
2017/11/14	32.12	34.15	31.61	33.66	2229383	74138856.00
2017/11/15	33.31	34.27	33.03	33.30	1173058	39304692.00
2017/11/16	33.30	33.50	32.30	32.60	1006412	33347020.00
2017/11/17	32.51	32.93	30.81	31.25	1424976	45376844.00
2017/11/20	31.25	34.34	31.00	33.91	2030889	67524584.00
2017/11/21	33.69	34.48	33.35	34.48	1980426	67245872.00
2017/11/22	34.55	34.85	33.61	34.08	1278642	43465096.00
2017/11/23	34.10	34.10	31.00	32.29	1493076	49065576.00
2017/11/24	32.00	35.52	31.70	35.52	2871369	99357960.00
2017/11/27	35.70	36.69	33.81	34.01	3470212	123494424.00
2017/11/28	34.80	35.47	33.15	34.91	2606495	89545160.00
2017/11/29	34.30	35.23	33.71	35.00	1684551	58070756.00
2017/11/30	35.01	37.75	34.77	37.15	3227741	117191512.00
2017/12/01	36.69	37.75	36.10	37.00	2042515	75171624.00
2017/12/04	36.63	37.47	35.81	36.12	1890343	68826256.00
2017/12/05	35.97	36.25	34.00	34.79	1680314	58628524.00
2017/12/06	34.82	36.00	34.51	35.64	1374157	48536936.00
2017/12/07	35.28	35.58	34.80	35.14	884518	31104626.00
2017/12/08	34.68	35.85	34.68	35.45	927383	32702030.00
2017/12/11	35.38	36.98	35.29	36.70	1306295	47572124.00
2017/12/12	36.66	36.90	36.26	36.74	804722	29502826.00
2017/12/13	36.66	36.90	36.20	36.75	718523	26258036.00
2017/12/14	36.80	39.00	36.50	37.83	2084653	79329504.00
2017/12/15	37.62	38.12	35.98	36.58	1343766	49425484.00
2017/12/18	36.40	36.40	35.66	35.86	687804	24652640.00
2017/12/19	35.80	35.99	34.75	35.40	1072395	37716308.00
2017/12/20	35.37	35.97	34.35	35.90	1350745	47501496.00
2017/12/21	35.90	36.98	35.60	36.88	2245220	82123368.00
2017/12/22	36.69	36.98	36.32	36.41	1153860	42265612.00
2017/12/25	36.05	36.80	36.05	36.52	779924	28450512.00
2017/12/26	36.02	36.55	35.51	35.60	1024600	36941464.00
2017/12/27	35.55	35.79	34.80	34.96	726200	25527882.00
2017/12/28	35.07	35.80	34.55	35.30	619162	21908032.00
2017/12/29	35.55	37.11	35.29	36.81	1497272	54660472.00
2018/01/02	36.85	37.30	36.50	37.12	823462	30425552.00
2018/01/03	37.08	37.67	36.62	36.71	558151	20560168.00
2018/01/04	36.87	37.17	36.21	36.38	401300	14633593.00
2018/01/05	36.55	36.77	35.93	36.50	508142	18420382.00
2018/01/08	36.44	36.75	35.95	36.49	553842	20085578.00
2018/01/09	36.40	36.59	35.60	35.60	506100	18269648.00
2018/01/10	35.78	36.89	35.50	36.53	928751	33814576.00
2018/01/11	36.51	36.83	35.10	36.75	965021	35043976.00
2018/01/12	36.75	37.74	36.75	36.81	1116300	41516448.00
2018/01/15	36.81	37.59	35.90	37.41	1346690	49832272.00
2018/01/16	37.43	37.90	35.04	36.60	2086122	75543256.00
2018/01/17	35.71	36.60	35.50	35.80	1007286	36151188.00
2018/01/18	35.70	36.30	35.60	35.86	1025612	36786992.00
2018/01/19	35.33	36.30	35.33	35.70	1755010	62555032.00
2018/01/22	35.60	35.60	34.06	34.86	1136198	39473900.00
2018/01/23	34.39	34.79	31.86	33.28	3027735	99190768.00
2018/01/24	35.00	35.00	29.95	30.40	15124983	460917792.00
2018/01/25	29.11	29.70	28.60	28.83	7686775	223154672.00
2018/01/26	28.75	29.26	28.63	28.82	3845296	111267512.00
2018/01/29	28.81	29.04	27.66	27.66	4072242	114791480.00
2018/01/30	27.67	27.80	26.69	26.83	3847129	104079928.00
2018/01/31	26.96	26.96	24.61	25.00	5295453	135493440.00
2018/02/01	24.98	25.49	24.54	24.80	4242924	106067248.00
2018/02/02	24.60	24.75	23.41	24.30	3047838	73492904.00
2018/02/05	23.88	24.49	23.64	24.10	1684720	40673896.00
2018/02/06	23.53	23.64	21.69	21.69	2964194	67508784.00
2018/02/07	22.34	22.71	21.13	22.19	3158082	69549648.00
2018/02/08	22.10	23.30	22.01	22.78	2909121	66170308.00
2018/02/09	22.00	22.37	21.21	21.77	2645270	58016476.00
2018/02/12	22.19	23.64	22.03	23.06	3335359	76748896.00
2018/02/13	23.08	23.30	22.50	22.54	2531039	57795064.00
2018/02/14	22.69	22.79	22.11	22.28	1391310	31219564.00
2018/02/22	22.51	23.17	22.29	22.96	1647627	37494760.00
2018/02/23	22.82	23.39	22.82	23.22	2199762	50744820.00
2018/02/26	23.50	24.50	23.47	24.19	3221813	77218048.00
2018/02/27	23.78	24.16	23.38	24.13	6037005	143044288.00
2018/02/28	23.66	23.66	23.32	23.34	2670786	62729312.00
2018/03/01	23.20	24.18	23.10	24.07	3797244	90435464.00
2018/03/02	23.80	24.00	23.38	23.48	2601358	61561440.00
2018/03/05	23.30	23.84	23.30	23.81	1970020	46605352.00
2018/03/06	23.95	24.78	23.86	24.23	3975650	96828840.00
2018/03/07	24.23	26.65	24.06	26.65	10663679	277545376.00
2018/03/08	27.23	29.32	27.22	28.41	15752481	443237952.00
2018/03/09	27.56	28.00	27.32	27.85	10972673	303870944.00
2018/03/12	27.70	28.56	27.70	27.97	8084613	226623088.00
2018/07/04	25.20	27.60	25.17	25.85	6286341	163319600.00
2018/07/05	25.97	28.44	25.97	28.44	6773163	188514416.00
2018/07/06	30.00	31.28	29.67	31.28	5514444	170368016.00
2018/07/09	34.41	34.41	30.95	32.80	17165545	564860992.00
2018/07/10	19.98	20.98	18.85	20.14	32398303	646568704.00
2018/07/11	18.40	19.45	18.33	19.10	25341815	476632832.00
2018/07/12	18.75	19.85	18.62	19.15	24541450	474350880.00
2018/07/13	18.60	18.94	17.24	17.24	22413893	401945568.00
2018/07/16	17.06	17.87	16.66	17.65	12864655	222031056.00
2018/07/17	17.44	18.00	16.64	17.35	12131887	210124064.00
2018/07/18	17.39	17.88	17.13	17.80	12338196	217673776.00
2018/07/19	17.79	19.58	17.71	19.58	26512526	509408736.00
2018/07/20	19.90	20.00	18.35	18.70	25130237	478163264.00
2018/07/23	18.00	18.30	16.91	17.25	18452060	323308928.00
2018/07/24	17.25	17.26	16.46	17.11	13007910	219581552.00
2018/07/25	17.00	17.25	16.58	16.67	10344372	174321808.00
2018/07/26	16.51	16.81	15.51	15.52	11573357	186621088.00
2018/07/27	15.72	16.15	15.58	15.61	7421672	117517512.00
2018/07/30	15.50	15.50	14.61	14.93	7798570	116404488.00
2018/07/31	15.14	16.42	14.87	16.42	16552545	263498000.00
2018/08/01	16.42	16.42	15.15	15.28	14804150	233114048.00
2018/08/02	15.20	15.63	14.80	15.32	10752395	163651344.00
2018/08/03	15.13	15.45	13.79	13.85	10167075	147483232.00
2018/08/06	13.98	14.00	13.00	13.45	6381818	86442440.00
2018/08/07	13.39	13.88	13.03	13.82	6951688	94034960.00
2018/08/08	13.89	13.92	12.89	13.08	7020518	93812432.00
2018/08/09	12.97	13.91	12.97	13.42	7817183	105448144.00
2018/08/10	13.60	13.89	13.43	13.70	8231641	112290312.00
2018/08/13	13.87	14.70	13.61	14.25	11735780	166423616.00
2018/08/14	14.16	14.16	13.83	13.87	7619486	106505712.00
2018/08/15	13.84	13.98	13.25	13.35	5698060	77345216.00
2018/08/16	13.25	14.69	13.12	13.80	10521981	147949408.00
2018/08/17	13.88	13.99	13.18	13.31	7425329	100778680.00
2018/08/20	13.13	13.43	12.60	13.25	6570439	85404768.00
2018/08/21	13.43	13.44	12.91	13.40	5122444	68066544.00
2018/08/22	13.27	13.55	13.11	13.16	3711773	49337744.00
2018/08/23	13.17	13.89	13.17	13.50	6627686	89741272.00
2018/08/24	13.53	13.75	13.30	13.68	5997736	81309520.00
2018/08/27	13.66	14.49	13.62	14.11	8876806	124957632.00
2018/08/28	14.09	14.33	13.91	14.21	6734813	95051872.00
2018/08/29	14.21	14.22	13.94	14.13	4110613	57865280.00
2018/08/30	14.18	14.25	13.64	13.64	4493790	62323496.00
2018/08/31	13.68	13.80	13.17	13.20	3995296	53663808.00
2018/09/03	13.25	13.50	13.04	13.39	3092968	40995140.00
2018/09/04	13.47	13.59	13.25	13.55	3565999	47934068.00
2018/09/05	13.48	13.59	13.00	13.00	4025066	53498000.00
2018/09/06	13.13	13.49	12.80	13.21	3688356	48671276.00
2018/09/07	13.39	13.57	13.17	13.19	4975082	66411096.00
2018/09/10	13.09	13.18	12.62	12.70	3873528	49850096.00
2018/09/11	12.70	12.88	12.55	12.76	2253759	28608178.00
2018/09/12	13.00	13.15	12.76	12.92	3227509	41811832.00
2018/09/13	13.00	13.15	12.83	13.04	3207536	41742852.00
2018/09/14	13.07	13.13	12.45	12.48	4373020	55787456.00
2018/09/17	12.45	12.45	11.23	11.48	4781442	56064908.00
2018/09/18	11.48	11.71	11.32	11.71	3303380	38124284.00
2018/09/19	11.67	11.90	11.41	11.76	3724626	43606316.00
2018/09/20	11.80	11.87	11.56	11.57	2572526	30082188.00
2018/09/21	11.59	11.84	11.58	11.75	2753140	32254756.00
2018/09/25	11.70	11.87	11.62	11.69	1854680	21767096.00
2018/09/26	11.70	12.50	11.61	11.97	5810340	69768152.00
2018/09/27	11.97	11.97	11.34	11.35	4840920	56195920.00
2018/09/28	11.33	11.63	11.33	11.57	2476190	28491192.00
2018/10/08	11.31	11.35	10.70	10.72	3028101	33475876.00
2018/10/09	10.80	10.99	10.73	10.88	2048750	22313924.00
2018/10/10	11.05	11.80	10.90	11.26	4523490	51308680.00
2018/10/11	10.78	10.80	10.13	10.13	4768430	49643516.00
2018/10/12	10.00	10.80	9.92	10.60	5403771	56198908.00
2018/10/15	10.58	10.89	10.42	10.45	4350796	46395332.00
2018/10/16	10.44	10.73	10.05	10.27	3489759	36271608.00
2018/10/17	10.56	10.83	10.26	10.60	4768652	50351132.00
2018/10/18	10.53	10.55	10.15	10.21	3464731	35593276.00
2018/10/19	9.93	11.23	9.86	10.81	7000930	74701080.00
2018/10/22	10.70	11.50	10.61	11.26	8570806	94618080.00
2018/10/23	11.08	11.19	10.85	10.98	5155151	56647988.00
2018/10/24	11.09	11.26	10.91	11.02	4050100	44748800.00
2018/10/25	10.49	10.68	10.33	10.58	4048891	42530084.00
2018/10/26	10.69	10.85	10.58	10.65	3063420	32850338.00
2018/10/29	10.56	10.71	10.41	10.42	2245390	23751706.00
2018/10/30	10.52	10.68	10.31	10.56	2978196	31443084.00
2018/10/31	10.56	11.08	10.56	10.89	5190265	56233868.00
2018/11/01	10.95	11.17	10.80	10.86	5453507	59829708.00
2018/11/02	11.03	11.15	10.90	11.15	5874832	64969836.00
2018/11/05	11.14	11.42	10.95	11.21	6579198	73575120.00
2018/11/06	11.20	11.22	10.87	11.04	3676436	40389408.00
2018/11/07	11.12	11.28	11.04	11.08	4534646	50519208.00
2018/11/08	11.15	11.24	10.94	10.96	3324854	36906056.00
2018/11/09	10.97	11.06	10.85	10.92	2150864	23597344.00
2018/11/12	11.02	11.41	10.91	11.37	5810061	65254904.00
2018/11/13	11.22	11.59	11.15	11.52	6344900	72171832.00
2018/11/14	11.60	11.60	11.27	11.37	4824869	55010380.00
2018/11/15	11.38	11.76	11.32	11.73	5868843	67661120.00
2018/11/16	11.73	11.84	11.57	11.75	5066446	59384840.00
2018/11/19	11.72	11.75	11.51	11.66	3532503	41028072.00
2018/11/20	11.50	11.65	11.24	11.31	4041445	46298032.00
2018/11/21	11.18	11.48	11.12	11.48	3308922	37445004.00
2018/11/22	11.57	11.80	11.55	11.61	4230949	49325344.00
2018/11/23	11.57	11.65	10.75	10.78	3841166	42866204.00
2018/11/26	10.83	11.10	10.80	10.94	2362840	25838002.00
2018/11/27	10.95	11.15	10.85	11.04	2595590	28599482.00
2018/11/28	11.10	11.22	10.79	11.17	2831364	31261614.00
2018/11/29	11.24	11.38	10.78	10.81	2932629	32668034.00
2018/11/30	10.80	10.92	10.44	10.74	2390411	25572610.00
2018/12/03	11.03	11.35	10.92	11.24	3835355	42839740.00
2018/12/04	11.30	11.47	11.23	11.38	3288602	37259532.00
2018/12/05	11.15	11.39	11.12	11.26	2669401	30031496.00
2018/12/06	11.40	11.43	10.96	10.96	2945700	32827250.00
2018/12/07	10.94	11.15	10.94	11.01	1888938	20896852.00
2018/12/10	10.96	10.96	10.72	10.79	1501151	16248760.00
2018/12/11	10.88	10.94	10.79	10.92	1215534	13202473.00
2018/12/12	10.92	11.35	10.89	11.23	3165564	35252204.00
2018/12/13	11.36	11.54	11.05	11.38	4708852	53023344.00
2018/12/14	11.83	12.14	11.45	11.53	13796116	163028352.00
2018/12/17	11.07	11.19	10.80	11.10	6778303	74500488.00
2018/12/18	10.96	10.99	10.70	10.80	3891733	42127772.00
2018/12/19	10.82	10.85	10.56	10.63	2304569	24582702.00
2018/12/20	10.53	10.74	10.53	10.72	2211910	23577684.00
2018/12/21	10.67	10.72	10.60	10.66	1637230	17424676.00
2018/12/24	10.65	10.91	10.63	10.89	2418417	26154306.00
2018/12/25	10.70	10.82	10.42	10.75	3163929	33563512.00
2018/12/26	10.73	10.85	10.68	10.83	2385190	25702450.00
2018/12/27	10.95	11.00	10.58	10.58	2665150	28898720.00
2018/12/28	10.60	10.72	10.41	10.46	1992788	21031790.00
2019/01/02	10.47	10.55	10.31	10.38	1602986	16698070.00
2019/01/03	10.38	10.46	10.18	10.18	1845862	19042802.00
2019/01/04	10.10	10.40	10.05	10.38	2069520	21295440.00
2019/01/07	10.45	10.63	10.45	10.59	2194490	23152662.00
2019/01/08	10.63	10.63	10.43	10.50	1694292	17785278.00
2019/01/09	10.63	10.71	10.50	10.51	3081798	32705086.00
2019/01/10	10.52	10.66	10.46	10.60	2036700	21465030.00
2019/01/11	10.60	10.85	10.53	10.73	3282522	35139924.00
2019/01/14	10.74	10.86	10.59	10.79	2938370	31553260.00
2019/01/15	10.77	10.99	10.66	10.94	4352300	47176296.00
2019/01/16	10.98	11.16	10.76	10.77	3311432	36164992.00
2019/01/17	10.75	10.95	10.67	10.73	2836772	30546778.00
2019/01/18	10.68	10.92	10.57	10.85	3484583	37609608.00
2019/01/21	10.89	11.16	10.83	10.89	3415050	37516904.00
2019/01/22	10.94	10.94	10.73	10.79	1800905	19469566.00
2019/01/23	10.75	10.95	10.72	10.94	2530392	27474572.00
2019/01/24	10.94	11.08	10.83	11.03	3412833	37512640.00
2019/01/25	11.00	11.01	10.74	10.76	2348540	25607980.00
2019/01/28	10.80	10.93	10.73	10.75	2102120	22746178.00
2019/01/29	10.79	10.79	10.18	10.31	2722462	28225260.00
2019/01/30	10.31	10.47	10.20	10.21	1418730	14658908.00
2019/01/31	10.28	10.33	9.31	9.53	3195890	31549402.00
2019/02/01	9.64	10.48	9.55	10.41	5970321	60943520.00
2019/02/11	10.51	10.64	10.28	10.50	4352640	45434048.00
2019/02/12	10.50	10.70	10.43	10.60	3367221	35535772.00
2019/02/13	10.67	11.66	10.59	11.66	10236851	115759072.00
2019/02/14	12.03	12.15	11.00	11.50	14221329	165957440.00
2019/02/15	11.50	11.89	11.41	11.64	10130022	118298328.00
2019/02/18	11.92	12.80	11.72	12.52	14073201	172850160.00
2019/02/19	12.40	12.43	12.06	12.33	11250343	137737520.00
2019/02/20	12.20	12.33	12.06	12.23	5764042	70192312.00
2019/02/21	12.10	12.36	11.86	11.96	8197902	99586240.00
2019/02/22	11.80	12.13	11.78	12.09	5297978	63652232.00
2019/02/25	12.20	12.80	12.20	12.64	11224622	140728496.00
2019/02/26	12.51	12.78	12.36	12.71	9676103	121753168.00
2019/02/27	12.69	12.75	12.19	12.36	6332419	79274416.00
2019/02/28	12.11	12.28	11.99	12.14	5532510	67155384.00
2019/03/01	12.18	12.24	11.76	12.07	4856782	58137584.00
2019/03/04	12.18	12.49	12.08	12.36	7811676	96011008.00
2019/03/05	12.30	12.85	12.21	12.84	8579605	107625944.00
2019/03/06	12.90	13.14	12.61	12.94	9667112	124213080.00
2019/03/07	12.88	14.23	12.76	14.02	16566202	226380288.00
2019/03/08	13.50	14.36	13.28	13.36	13073606	179879936.00
2019/03/11	13.55	14.15	13.44	14.08	9109403	125942656.00
2019/03/12	14.15	14.36	13.86	14.17	9330545	131457296.00
2019/03/13	14.17	14.42	13.31	13.58	8724028	122041904.00
2019/03/14	13.30	13.61	12.72	12.93	6038009	78694136.00
2019/03/15	13.01	13.24	12.90	13.19	4528948	59246692.00
2019/03/18	13.10	13.28	12.90	13.26	5238250	68563024.00
2019/03/19	13.21	13.42	13.03	13.13	4334460	57269828.00
2019/03/20	13.18	13.18	12.80	13.00	3760550	48849088.00
2019/03/21	13.02	13.36	13.01	13.17	4254140	56084300.00
2019/03/22	13.11	13.28	12.81	13.17	3882812	50755344.00
2019/03/25	12.91	13.06	12.78	12.89	2870713	37151052.00
2019/03/26	12.89	13.07	12.28	12.35	4012826	50879668.00
2019/03/27	12.39	12.50	12.11	12.32	2761031	33960452.00
2019/03/28	12.30	12.50	12.23	12.29	2233630	27653680.00
2019/03/29	12.29	12.62	12.11	12.59	3067250	38028972.00
2019/04/01	12.60	13.04	12.60	13.03	4142554	53417380.00
2019/04/02	13.18	13.33	12.92	13.11	4292639	56355176.00
2019/04/03	13.14	13.58	13.05	13.50	5924295	79294896.00
2019/04/04	13.56	13.58	13.20	13.29	4521949	60288068.00
2019/04/08	13.35	13.40	12.86	13.04	3573435	46902340.00
2019/04/09	13.09	13.48	12.80	13.35	4563540	60490288.00
2019/04/10	13.25	13.34	13.10	13.25	2731114	36088360.00
2019/04/11	13.31	13.31	12.87	12.87	2781691	36463736.00
2019/04/12	12.85	13.00	12.70	12.92	2342770	30103566.00
2019/04/15	13.02	13.24	12.94	12.96	2155690	28299126.00
2019/04/16	12.97	13.18	12.62	13.18	2989960	38733424.00
2019/04/17	13.22	13.50	13.17	13.43	6275262	84034624.00
2019/04/18	13.41	13.97	13.22	13.76	8401495	114892952.00
2019/04/19	13.70	13.70	13.46	13.60	4518219	61296932.00
2019/04/22	13.52	13.77	13.29	13.66	5793032	78640464.00
2019/04/23	13.56	14.10	13.51	13.61	6381019	88100336.00
2019/04/24	13.45	14.25	13.35	14.11	7897443	109384112.00
2019/04/25	14.27	15.50	14.27	14.72	24822765	371717632.00
2019/04/26	14.14	15.50	13.89	14.91	12410805	183509904.00
2019/04/29	14.80	14.80	13.42	13.42	7451816	103866096.00
2019/04/30	12.98	13.17	12.10	12.33	6440303	81293968.00
2019/05/06	12.07	12.07	11.10	11.10	4347349	50062432.00
2019/05/07	11.21	11.37	10.88	11.13	3218041	35824952.00
2019/05/08	10.85	11.16	10.60	10.90	2657745	29087092.00
2019/05/09	10.90	11.07	10.71	10.84	2081295	22679386.00
2019/05/10	10.99	11.30	10.60	11.29	4826327	53651076.00
2019/05/13	11.15	11.40	11.13	11.22	2334176	26277616.00
2019/05/14	11.06	11.23	10.80	10.99	2335491	25845894.00
2019/05/15	11.10	11.43	11.06	11.28	3194091	35886544.00
2019/05/16	11.31	11.35	11.20	11.27	2460357	27705244.00
2019/05/17	11.27	11.34	10.55	10.63	3378500	37068540.00
2019/05/20	10.57	10.91	10.51	10.90	2075231	22289270.00
2019/05/21	10.96	11.13	10.77	11.10	1978150	21809526.00
2019/05/22	11.18	11.50	11.07	11.36	4022506	45339928.00
2019/05/23	11.29	11.41	11.00	11.03	2551710	28547604.00
2019/05/24	11.07	11.14	10.87	11.03	1778220	19558112.00
2019/05/27	11.11	11.93	10.91	11.82	4956314	57523992.00
2019/05/28	11.77	12.45	11.64	12.14	8099406	98191792.00
2019/05/29	12.27	12.67	12.06	12.53	6197604	77054448.00
2019/05/30	12.48	12.83	12.25	12.55	4849060	60781612.00
2019/05/31	12.61	13.81	12.59	13.81	13594253	182594864.00
2019/06/03	13.80	13.88	13.25	13.55	11056144	149969424.00
2019/06/04	13.50	13.59	13.23	13.36	8905682	119220480.00
2019/06/05	13.44	14.50	13.36	13.72	20766265	285835520.00
2019/06/06	13.27	13.98	13.05	13.57	14640244	198331600.00
2019/06/10	13.50	13.88	13.21	13.68	15633076	212605664.00
2019/06/11	13.63	14.00	13.45	13.99	17108778	236179520.00
2019/06/12	13.85	13.90	12.85	13.04	13791998	185729888.00
2019/06/13	13.04	13.33	12.62	12.90	8831172	114069776.00
2019/06/14	13.00	13.00	11.75	11.76	9010623	110531800.00
2019/06/17	11.91	12.18	11.63	11.71	5668541	67441280.00
2019/06/18	11.78	11.88	11.52	11.64	3750584	43948504.00
2019/06/19	12.00	12.00	11.73	11.75	4083400	48402756.00
2019/06/20	11.80	11.89	11.27	11.77	5433390	63140936.00
2019/06/21	11.80	12.15	11.79	11.96	5357914	64122172.00
2019/06/24	11.90	12.00	11.67	11.72	3906351	46098212.00
2019/06/25	11.72	11.79	11.35	11.55	3800730	43760876.00
2019/06/26	11.39	11.65	11.35	11.49	2642798	30422304.00
2019/06/27	11.50	11.65	11.48	11.63	2905115	33673212.00
2019/06/28	11.64	11.64	11.13	11.26	3472094	39387784.00
2019/07/01	11.57	11.95	11.50	11.86	5540231	65141804.00
2019/07/02	11.99	11.99	11.73	11.79	3236790	38334516.00
2019/07/03	11.72	11.73	11.55	11.61	2263111	26318874.00
2019/07/04	11.65	11.83	11.58	11.78	2471100	28873588.00
2019/07/05	11.80	11.80	11.61	11.67	2144900	25100408.00
2019/07/08	11.79	11.79	11.25	11.25	3037910	34927508.00
2019/07/09	11.30	11.42	11.12	11.31	1619275	18257416.00
2019/07/10	11.31	11.41	11.16	11.20	1316496	14870376.00
2019/07/11	11.28	11.45	11.23	11.30	1584720	17963120.00
2019/07/12	11.25	11.41	11.20	11.34	1170957	13267326.00
2019/07/15	11.20	11.60	11.03	11.53	2646844	29982540.00
2019/07/16	11.49	11.65	11.42	11.61	1703565	19688600.00
2019/07/17	11.60	11.77	11.55	11.69	1697640	19843514.00
2019/07/18	11.69	11.69	11.28	11.28	1982707	22698832.00
2019/07/19	11.31	11.70	11.31	11.64	2910403	33791308.00
2019/07/22	11.43	11.76	11.10	11.10	3047965	34323432.00
2019/07/23	11.10	11.25	11.06	11.23	1733770	19353368.00
2019/07/24	11.22	11.59	11.22	11.51	2810274	32292112.00
2019/07/25	11.51	11.80	11.50	11.76	3366770	39398280.00
2019/07/26	11.73	11.78	11.56	11.60	1927419	22436080.00
2019/07/29	11.57	12.09	11.57	12.06	4855445	57831568.00
2019/07/30	12.00	12.02	11.82	11.88	3701650	44083060.00
2019/07/31	11.84	11.98	11.73	11.77	2310690	27377708.00
2019/08/01	11.70	12.08	11.62	12.05	4585063	54808464.00
2019/08/02	11.98	12.60	11.80	12.42	7945851	97199680.00
2019/08/05	12.30	12.49	12.11	12.33	5131031	63206612.00
2019/08/06	12.06	12.07	11.19	11.64	5857519	68487360.00
2019/08/07	11.70	11.85	11.21	11.23	4751033	54227056.00
2019/08/08	11.08	11.49	10.50	11.48	8009549	88596456.00
2019/08/09	11.48	12.63	11.44	12.63	13581809	166290992.00
2019/08/12	13.08	13.89	12.70	12.88	26565460	351965824.00
2019/08/13	12.36	12.78	12.14	12.62	16395748	203690400.00
2019/08/14	12.79	13.45	12.51	12.99	18494215	240020000.00
2019/08/15	12.49	13.04	12.26	13.04	11307551	143207392.00
2019/08/16	12.82	13.85	12.82	13.34	19139939	257211952.00
2019/08/19	13.28	13.80	13.20	13.59	17399514	235256944.00
2019/08/20	13.66	13.67	12.90	13.01	16701015	220233824.00
2019/08/21	13.12	13.90	12.85	13.77	19336221	259686608.00
2019/08/22	13.59	13.65	13.22	13.51	12083481	162260176.00
2019/08/23	13.26	13.42	12.90	12.99	9648687	126416472.00
2019/08/26	12.53	13.18	12.52	13.11	6113754	79033144.00
2019/08/27	13.21	13.28	12.95	13.04	7015169	91771240.00
2019/08/28	12.91	13.04	12.65	12.70	5478284	69886480.00
2019/08/29	12.71	12.89	12.60	12.68	4198590	53495812.00
2019/08/30	12.68	12.86	11.91	12.02	6883900	85315968.00
2019/09/02	12.03	12.39	11.96	12.34	4449442	54403800.00
2019/09/03	12.34	12.59	12.28	12.43	4106400	51038392.00
2019/09/04	12.56	13.42	12.38	13.00	9392728	121478360.00
2019/09/05	13.00	13.45	12.89	13.05	11185549	147140192.00
2019/09/06	13.13	13.40	13.02	13.28	7971853	105265056.00
2019/09/09	13.33	13.68	13.20	13.59	9996005	134342944.00
2019/09/10	13.68	13.68	13.25	13.38	8237307	110339800.00
2019/09/11	13.47	13.63	13.29	13.36	7448074	100272312.00
2019/09/12	13.43	13.86	13.36	13.51	7474037	101556064.00
2019/09/16	13.60	13.82	13.32	13.66	8113554	110476984.00
2019/09/17	13.52	13.60	13.01	13.30	7701472	101938496.00
2019/09/18	13.31	13.38	13.08	13.28	4487718	59405744.00
2019/09/19	13.38	13.93	13.29	13.88	11118110	152023776.00
2019/09/20	13.75	14.40	13.50	14.00	12623690	174215312.00
2019/09/23	13.78	13.78	13.26	13.53	8514818	114438160.00
2019/09/24	13.58	13.88	13.40	13.77	7968196	108623768.00
2019/09/25	13.56	13.59	12.60	12.76	8685420	114088936.00
2019/09/26	12.88	12.98	12.12	12.13	5732490	71166216.00
2019/09/27	12.18	12.52	12.02	12.41	3395306	41956648.00
2019/09/30	12.45	12.62	12.18	12.25	3006426	37305256.00
2019/10/08	12.26	12.69	12.20	12.46	3227513	40301992.00
2019/10/09	12.36	12.75	12.21	12.73	3287645	41318984.00
2019/10/10	12.67	12.77	12.53	12.76	3078020	39005924.00
2019/10/11	12.76	12.78	12.37	12.60	3106798	39137072.00
2019/10/14	12.76	13.06	12.62	12.90	3830562	49341104.00
2019/10/15	13.04	13.04	12.56	12.66	2570760	32654254.00
2019/10/16	12.73	12.75	12.33	12.43	2464240	30872098.00
2019/10/17	12.43	12.63	12.33	12.41	1902520	23719314.00
2019/10/18	12.31	12.55	11.95	12.03	3224920	39263112.00
2019/10/21	12.04	12.07	11.30	11.70	2920406	33823080.00
2019/10/22	11.66	11.96	11.66	11.92	2682420	31705222.00
2019/10/23	11.92	12.17	11.83	11.95	2669976	32013294.00
2019/10/24	11.88	12.04	11.70	11.86	1769559	20994704.00
2019/10/25	11.86	12.00	11.68	11.94	1683123	19946792.00
2019/10/28	11.99	12.27	11.95	12.20	2962917	36026604.00
2019/10/29	12.20	12.28	11.75	11.84	3197284	38242388.00
2019/10/30	11.71	11.87	11.39	11.51	2591450	30095424.00
2019/10/31	11.59	11.84	11.44	11.53	2452680	28572798.00
2019/11/01	11.60	11.63	11.21	11.56	2190820	25098042.00
2019/11/04	11.61	11.76	11.47	11.53	1881565	21841168.00
2019/11/05	11.53	11.55	11.26	11.46	2193070	25003096.00
2019/11/06	11.49	11.52	11.16	11.25	2206528	24978932.00
2019/11/07	11.30	11.41	11.17	11.32	1843080	20832350.00
2019/11/08	11.37	11.69	11.30	11.49	3171866	36472372.00
2019/11/11	11.40	11.49	10.82	10.92	4178130	46202636.00
2019/11/12	11.02	11.05	10.81	11.00	1643374	17994582.00
2019/11/13	11.00	11.04	10.76	10.82	1398680	15192312.00
2019/11/14	10.82	11.14	10.82	11.02	1671480	18353856.00
2019/11/15	11.01	11.28	10.95	11.02	2468280	27488270.00
2019/11/18	11.55	12.00	11.32	11.36	5124449	59218780.00
2019/11/19	11.33	11.85	11.28	11.62	4530900	52262440.00
2019/11/20	11.62	11.65	11.30	11.39	3238449	37041104.00
2019/11/21	11.46	11.46	11.21	11.26	2133540	24104746.00
2019/11/22	11.25	11.39	10.98	11.03	2248370	25102534.00
2019/11/25	11.11	11.11	10.83	11.08	1716070	18837920.00
2019/11/26	11.05	11.45	10.90	11.39	3226441	36174900.00
2019/11/27	11.35	11.72	11.25	11.60	5461598	63192336.00
2019/11/28	11.60	11.62	11.23	11.34	3484198	39675084.00
2019/11/29	11.27	11.58	11.02	11.58	3434305	38896200.00
2019/12/02	11.52	11.94	11.45	11.82	4567774	53517944.00
2019/12/03	11.66	11.88	11.66	11.81	2439441	28771068.00
2019/12/04	11.70	11.83	11.61	11.79	2821107	33082206.00
2019/12/05	11.87	11.94	11.73	11.82	3010150	35619456.00
2019/12/06	11.83	12.19	11.76	12.05	4991839	59956248.00
2019/12/09	12.05	12.24	11.91	12.00	3468408	41804668.00
2019/12/10	12.00	12.47	11.81	12.38	5697836	69573600.00
2019/12/11	12.29	12.59	12.09	12.21	4800956	59048616.00
2019/12/12	12.28	12.66	12.22	12.36	6252900	77851480.00
2019/12/13	12.42	12.50	12.14	12.32	4604421	56491196.00
2019/12/16	12.39	13.55	12.32	13.55	20182279	265162880.00
2019/12/17	13.34	14.40	13.30	14.00	22334375	308078560.00
2019/12/18	13.86	14.69	13.78	13.83	16718117	235941936.00
2019/12/19	13.75	13.95	13.42	13.64	12160232	165699792.00
2019/12/20	13.58	13.73	13.28	13.35	10085537	135847680.00
2019/12/23	13.31	13.58	12.93	12.95	9074310	120221552.00
2019/12/24	12.98	13.52	12.85	13.46	10362344	137559952.00
2019/12/25	13.38	13.65	13.07	13.55	8280056	110477696.00
2019/12/26	13.45	13.83	13.28	13.76	9737564	132704816.00
2019/12/27	13.87	13.87	12.96	13.00	9745280	130052656.00
2019/12/30	12.80	14.30	12.61	14.30	8713154	119502792.00
2019/12/31	14.60	14.73	13.83	14.09	16576743	235290384.00
2020/01/02	14.10	15.45	14.05	14.99	21437550	312379360.00
2020/01/03	14.85	15.17	14.38	14.62	14280907	210127008.00
2020/01/06	14.36	15.14	14.06	14.94	13321939	195344656.00
2020/01/07	14.80	16.43	14.71	15.77	20427877	323136800.00
2020/01/08	15.61	16.18	15.07	15.10	14484081	226178256.00
2020/01/09	15.37	16.61	14.81	16.61	22062068	353177696.00
2020/01/10	16.92	17.70	16.30	17.30	19475896	330405408.00
2020/01/13	18.26	19.03	17.30	19.03	10631653	196767344.00
2020/01/14	19.57	20.93	19.11	20.40	25643398	523343232.00
2020/01/15	19.38	20.07	18.80	19.85	17516408	340684928.00
2020/01/16	19.38	19.51	18.30	19.00	16641545	314467424.00
2020/01/17	18.75	19.30	18.21	18.69	14375663	269872928.00
2020/01/20	18.56	19.16	18.45	18.89	9901042	186375344.00
2020/01/21	18.70	18.83	17.40	18.53	11207457	203009024.00
2020/01/22	18.03	18.70	17.23	18.31	8979163	162256560.00
2020/01/23	18.02	18.47	17.10	17.20	6220606	110038784.00
2020/02/03	15.48	15.48	15.48	15.48	503700	7797276.00
2020/02/04	14.20	15.90	14.20	15.04	11542014	174984560.00
2020/02/05	15.30	16.54	15.21	16.54	9180325	147107968.00
2020/02/06	16.21	16.75	16.05	16.56	9445202	155424320.00
2020/02/07	16.48	16.83	15.92	16.75	8809905	144311504.00
2020/02/10	16.21	16.60	16.00	16.41	6185724	100953624.00
2020/02/11	16.42	16.59	15.45	15.78	9382633	148563216.00
2020/02/12	15.76	17.36	15.55	17.10	13016564	217087552.00
2020/02/13	16.82	16.95	16.20	16.28	9526944	157041200.00
2020/02/14	16.28	17.08	16.07	16.49	9743626	162435392.00
2020/02/17	16.98	18.14	16.75	17.80	12710258	223130432.00
2020/02/18	17.79	18.38	17.63	18.37	12080024	217564720.00
2020/02/19	18.30	18.30	17.56	17.61	9438530	168157776.00
2020/02/20	17.87	18.37	17.53	18.23	8876797	160407008.00
2020/02/21	18.55	18.85	17.90	18.44	11763847	215165408.00
2020/02/24	18.21	18.47	17.85	18.30	8587902	155937408.00
2020/02/25	17.55	17.92	16.57	17.71	11637519	202082240.00
2020/02/26	17.09	17.31	16.19	16.39	7984820	133525408.00
2020/02/27	16.52	16.68	15.83	16.07	4818610	78078056.00
2020/02/28	15.50	15.52	14.46	14.46	7907410	117580088.00
2020/03/02	14.63	15.12	14.21	14.94	7541432	111004696.00
2020/03/03	15.17	15.56	14.72	14.95	6624672	100343544.00
2020/03/04	15.00	15.44	14.95	15.25	5827220	88725104.00
2020/03/05	15.50	15.60	14.98	15.34	5675300	86502584.00
2020/03/06	15.08	15.33	14.85	15.15	4558940	68924664.00
2020/03/09	14.90	15.13	14.25	14.27	4745305	69721464.00
2020/03/10	14.00	14.89	13.92	14.87	4605059	66833128.00
2020/03/11	14.93	15.10	14.36	14.42	4616605	67908656.00
2020/03/12	14.26	14.45	14.01	14.24	3178357	45267056.00
2020/03/13	13.34	14.10	13.23	13.84	4643957	63084928.00
2020/03/16	14.00	14.09	12.62	12.85	5981910	80024432.00
2020/03/17	13.08	13.15	12.46	13.07	5414690	69902808.00
2020/03/18	13.23	13.48	12.75	12.81	4172117	55031324.00
2020/03/19	12.92	13.17	12.70	13.15	3974912	51613300.00
2020/03/20	13.31	13.48	13.14	13.41	3703090	49225148.00
2020/03/23	13.03	13.04	12.40	12.44	4396835	55991964.00
2020/03/24	12.80	12.84	12.16	12.63	3275600	41110788.00
2020/03/25	12.87	13.09	12.77	12.94	3683242	47565816.00
2020/03/26	12.89	12.97	12.68	12.71	3082240	39495764.00
2020/03/27	12.92	12.97	12.39	12.41	3127830	39590228.00
2020/03/30	12.28	12.28	11.36	11.72	5420860	63422040.00
2020/03/31	12.10	12.14	11.59	11.61	3759810	44649984.00
2020/04/01	11.54	11.94	11.46	11.59	2925830	34325500.00
2020/04/02	11.51	12.13	11.46	12.12	4500950	53372080.00
2020/04/03	12.19	12.34	11.94	12.05	4192551	50760892.00
2020/04/07	12.31	12.89	12.30	12.58	5603308	70814392.00
2020/04/08	12.44	12.70	12.41	12.49	3268896	40985580.00
2020/04/09	12.57	12.65	12.40	12.57	3095760	38812712.00
2020/04/10	12.63	12.64	12.02	12.14	4063605	49527552.00
2020/04/13	12.00	12.18	11.61	11.94	2552290	30367534.00
2020/04/14	12.00	12.30	11.94	12.14	2842170	34361488.00
2020/04/15	12.18	13.35	12.05	13.35	10066890	130378568.00
2020/04/16	13.36	14.30	13.20	14.18	22187380	307177440.00
2020/04/17	14.30	14.34	13.83	14.18	15838171	223745280.00
2020/04/20	14.22	15.31	14.20	15.20	13000714	191442496.00
2020/04/21	15.16	16.19	14.91	15.46	14097170	219195680.00
2020/04/22	15.48	15.60	14.76	15.09	10811662	163570128.00
2020/04/23	15.00	15.30	14.32	14.68	10179510	150480768.00
2020/04/24	14.70	14.79	13.90	13.96	6953320	98930256.00
2020/04/27	13.90	14.00	13.39	13.56	6793562	92983208.00
2020/04/28	13.53	13.84	12.20	12.88	7600620	98937560.00
2020/04/29	13.19	14.17	13.04	14.17	5920572	81825168.00
2020/04/30	14.54	14.86	13.93	14.47	13243632	190683360.00
2020/05/06	14.34	15.27	14.20	14.76	11285020	165223776.00
2020/05/07	14.77	14.99	14.21	14.26	9637050	139424720.00
2020/05/08	14.33	14.65	14.17	14.25	7574970	108939840.00
2020/05/11	14.36	14.54	14.19	14.47	7959430	114250328.00
2020/05/12	14.35	14.46	13.86	14.15	7181200	101468736.00
2020/05/13	14.16	14.20	13.88	13.98	5286279	73945496.00
2020/05/14	13.95	14.10	13.62	13.74	6287262	86936888.00
2020/05/15	13.83	14.05	13.71	13.86	4788870	66574792.00
2020/05/18	13.89	14.00	13.26	13.43	5057160	68517664.00
2020/05/19	13.73	13.79	13.49	13.69	3689390	50344956.00
2020/05/20	13.70	13.75	13.35	13.75	4799010	64994268.00
2020/05/21	13.75	14.64	13.54	13.86	11874802	167140576.00
2020/05/22	13.65	14.18	13.65	13.90	7163072	99802744.00
2020/05/25	14.00	14.04	12.66	12.92	8134171	106485288.00
2020/05/26	12.93	13.27	12.71	13.18	5543671	72213672.00
2020/05/27	13.06	13.40	12.89	12.94	4873492	63929528.00
2020/05/28	13.04	13.10	12.40	12.91	4927590	62800468.00
2020/05/29	13.00	13.70	12.84	13.18	6105020	80983128.00
2020/06/01	13.12	14.13	13.12	14.04	9994133	137379712.00
2020/06/02	14.00	14.45	13.93	14.23	9304329	132347544.00
2020/06/03	14.44	14.44	14.10	14.16	6203562	88408208.00
2020/06/04	14.16	14.56	14.00	14.20	5892360	84029672.00
2020/06/05	14.11	14.36	13.92	14.15	4661700	65782876.00
2020/06/08	14.30	14.41	14.02	14.12	4179160	59351312.00
2020/06/09	14.28	14.28	13.92	14.14	3780642	53219128.00
2020/06/10	14.13	14.14	13.74	14.01	3536560	49255592.00
2020/06/11	14.03	14.34	13.90	13.98	4315990	60925100.00
2020/06/12	13.58	13.90	13.45	13.85	3878120	53217780.00
2020/06/15	13.76	14.44	13.75	14.20	5788641	82019816.00
2020/06/16	14.31	14.48	14.18	14.29	4760230	68097160.00
2020/06/17	14.39	14.73	14.23	14.58	5836232	84483560.00
2020/06/18	14.50	14.88	14.36	14.80	7246172	106138160.00
2020/06/19	14.81	14.87	14.40	14.52	5980220	87061280.00
2020/06/22	14.51	15.35	14.48	14.59	6643470	98539872.00
2020/06/23	14.43	15.90	14.43	15.14	12781610	193948096.00
2020/06/24	15.06	15.82	15.06	15.76	13215330	205182960.00
2020/06/29	15.74	16.18	15.23	15.95	11837700	185248720.00
2020/06/30	15.90	16.30	15.76	16.25	10964120	175733440.00
2020/07/01	16.17	17.38	15.76	15.91	15403292	253942608.00
2020/07/02	16.00	16.24	15.70	15.78	10063560	160522944.00
2020/07/03	15.94	16.07	15.61	15.82	8270800	130993832.00
2020/07/06	15.80	16.60	15.76	16.46	8917431	144788432.00
2020/07/07	16.47	17.10	16.43	16.68	10058970	169297008.00
2020/07/08	16.76	17.07	16.56	16.97	8224527	138510480.00
2020/07/09	17.12	17.90	17.10	17.79	9816366	171904512.00
2020/07/10	17.58	18.17	17.44	17.87	9112710	162306272.00
2020/07/13	18.53	18.81	17.67	18.29	14995199	270981408.00
2020/07/14	18.06	19.46	17.70	19.38	19081062	354638720.00
2020/07/15	19.61	20.60	18.52	18.55	17937173	349648032.00
2020/07/16	18.07	19.35	17.20	17.50	12267158	226138992.00
2020/07/17	18.04	18.66	17.41	17.73	12327961	221942528.00
2020/07/20	17.80	18.03	17.50	17.95	9304205	165221200.00
2020/07/21	17.85	18.18	17.21	17.29	8612608	151398688.00
2020/07/22	17.39	18.74	17.03	18.26	11935140	215229024.00
2020/07/23	17.92	18.63	17.45	18.59	8843301	159258336.00
2020/07/24	18.38	19.06	17.62	17.85	9619568	177297232.00
2020/07/27	17.86	18.10	16.69	16.93	9350000	161662352.00
2020/07/28	17.20	17.25	16.24	16.58	7503650	125269816.00
2020/07/29	16.45	18.24	16.31	18.24	10217490	179471344.00
2020/07/30	18.34	20.06	18.34	20.06	17089139	336944608.00
2020/07/31	19.74	22.07	19.74	22.07	20123600	414980000.00
2020/08/03	22.94	23.60	21.86	22.48	30057356	676158912.00
2020/08/04	21.99	24.73	21.46	24.06	28286071	653625472.00
2020/08/05	23.99	23.99	22.00	22.71	21630164	496742720.00
2020/08/06	22.00	23.00	21.07	21.86	14821947	325457120.00
2020/08/07	22.00	24.05	20.80	24.05	22885762	511361056.00
2020/08/10	24.24	24.30	22.50	22.54	15576220	359342112.00
2020/08/11	22.43	23.21	21.87	22.31	9612183	215904512.00
2020/08/12	22.11	22.20	20.60	21.15	9911776	209629104.00
2020/08/13	21.48	21.60	20.68	21.42	5798884	123184712.00
2020/08/14	21.04	21.92	20.80	21.50	4636260	98845864.00
2020/08/17	21.44	23.60	21.44	22.69	12976341	295960896.00
2020/08/18	22.78	22.97	21.82	22.02	9358050	208094496.00
2020/08/19	21.80	22.18	21.40	21.40	6284186	136013376.00
2020/08/20	21.05	21.45	20.70	20.88	5706920	119456528.00
2020/08/21	20.88	21.40	20.30	20.82	5764540	120731880.00
2020/08/24	20.83	21.60	20.52	21.26	4952746	104901416.00
2020/08/25	21.22	21.43	20.61	20.81	4187250	87578312.00
2020/08/26	20.94	21.14	19.89	19.89	6785508	138158032.00
2020/08/27	19.94	20.10	19.51	19.64	3897390	77055592.00
2020/08/28	19.98	20.21	19.64	20.11	3545050	70513552.00
2020/08/31	20.06	20.42	19.91	19.98	4652987	93873744.00
2020/09/01	19.84	20.17	19.69	19.87	3082810	61260080.00
2020/09/02	19.88	20.14	19.70	20.00	3318776	66309832.00
2020/09/03	20.04	20.23	19.10	19.65	6338569	123838848.00
2020/09/04	19.20	19.80	19.18	19.63	2653228	51824012.00
2020/09/07	19.62	19.95	18.95	18.96	4254490	82553624.00
2020/09/08	19.05	19.24	18.48	18.88	3658881	68840432.00
2020/09/09	18.79	18.79	17.88	17.89	4235620	77306208.00
2020/09/10	18.16	18.18	17.32	17.36	3366271	59679784.00
2020/09/11	17.37	18.39	17.37	17.71	3448450	61424872.00
2020/09/14	18.20	18.58	17.77	17.95	3052603	55259060.00
2020/09/15	18.01	19.55	17.77	18.75	7003786	132324840.00
2020/09/16	18.70	18.90	18.29	18.47	3152620	58381264.00
2020/09/17	18.36	18.73	18.08	18.46	2558210	47218092.00
2020/09/18	18.39	18.73	18.22	18.68	2372050	43877720.00
2020/09/21	18.68	19.86	18.60	19.22	5961600	115561656.00
2020/09/22	19.29	19.34	18.70	18.97	2801900	53290816.00
2020/09/23	18.95	19.40	18.76	19.08	2706830	51604952.00
2020/09/24	19.00	19.10	18.40	18.41	2333350	43659276.00
2020/09/25	18.73	18.79	18.26	18.43	1946430	35905104.00
2020/09/28	18.26	18.57	17.92	18.30	2007220	36638524.00
2020/09/29	18.45	19.00	18.08	18.92	3088485	57613076.00
2020/09/30	18.92	18.98	18.65	18.80	2259279	42457060.00
2020/10/09	19.10	19.38	19.02	19.22	2898336	55703012.00
2020/10/12	19.37	19.92	19.24	19.86	3509027	69092056.00
2020/10/13	19.88	20.17	19.62	20.06	3147399	62767960.00
2020/10/14	20.06	20.55	19.66	20.35	4135490	83344480.00
2020/10/15	19.80	19.81	18.32	18.32	9197519	173760464.00
2020/10/16	17.80	18.11	17.51	17.58	4404300	77920528.00
2020/10/19	17.66	18.74	17.46	17.73	7884377	142450000.00
2020/10/20	17.72	17.72	17.00	17.48	5637679	97518200.00
2020/10/21	17.49	17.55	16.92	17.15	4377451	75072552.00
2020/10/22	17.14	17.14	16.80	17.02	2283807	38786548.00
2020/10/23	17.00	17.13	16.67	16.85	3192220	53890048.00
2020/10/26	16.85	16.85	16.50	16.80	2082730	34804656.00
2020/10/27	16.80	16.97	16.61	16.84	2175910	36517088.00
2020/10/28	16.72	17.04	16.72	16.91	1958200	33048044.00
2020/10/29	16.86	16.90	16.64	16.75	1926270	32292866.00
2020/10/30	16.80	16.97	16.10	16.23	3351580	55288508.00
2020/11/02	16.29	16.38	15.88	16.14	4176082	67335720.00
2020/11/03	16.15	16.85	16.00	16.75	3359940	55602256.00
2020/11/04	16.79	16.98	16.57	16.63	1657467	27644980.00
2020/11/05	16.72	16.97	16.70	16.90	2406640	40560308.00
2020/11/06	16.94	17.04	16.74	16.85	2515404	42369852.00
2020/11/09	16.85	17.30	16.75	17.16	4409536	75570976.00
2020/11/10	17.19	17.25	16.72	16.90	3936664	66716392.00
2020/11/11	16.90	16.90	16.37	16.40	2665700	44232256.00
2020/11/12	16.48	16.64	16.24	16.35	1976140	32361684.00
2020/11/13	16.28	16.61	16.11	16.55	2099365	34466612.00
2020/11/16	16.60	16.60	16.36	16.44	1648587	27117188.00
2020/11/17	16.44	16.44	15.86	16.08	3215092	51535716.00
2020/11/18	15.98	16.35	15.98	16.07	1837637	29645084.00
2020/11/19	16.10	16.28	15.89	16.17	1851937	29856764.00
2020/11/20	16.30	16.35	16.06	16.22	1773229	28676856.00
2020/11/23	16.20	16.27	16.00	16.13	2087918	33663712.00
2020/11/24	16.08	16.34	16.05	16.08	1621794	26189718.00
2020/11/25	16.18	16.24	15.83	15.85	2285202	36435440.00
2020/11/26	15.80	15.82	15.35	15.41	2927123	45279944.00
2020/11/27	15.43	15.50	15.23	15.42	1752783	26943346.00
2020/11/30	15.42	15.57	15.30	15.43	1432223	22147090.00
2020/12/01	15.40	15.64	15.34	15.57	1783436	27712414.00
2020/12/02	15.64	16.00	15.55	15.97	2996871	47302224.00
2020/12/03	15.99	16.48	15.80	16.45	3895315	62972280.00
2020/12/04	16.31	17.00	16.31	16.44	4412606	73228168.00
2020/12/07	16.44	16.58	16.08	16.13	2917016	47364592.00
2020/12/08	16.12	16.82	16.07	16.35	4805172	79333496.00
2020/12/09	16.39	16.94	16.35	16.65	4819100	80337680.00
2020/12/10	16.58	16.75	16.30	16.63	2265220	37512360.00
2020/12/11	16.53	16.76	16.27	16.75	2961221	48965832.00
2020/12/14	16.69	17.19	16.60	16.83	3538550	59562648.00
2020/12/15	15.81	16.26	15.41	16.10	6844331	108174632.00
2020/12/16	15.97	16.37	15.65	15.75	2701185	42930624.00
2020/12/17	15.69	17.33	15.20	17.33	11343739	190022768.00
2020/12/18	17.33	17.39	16.70	16.79	8557586	144448976.00
2020/12/21	16.89	16.95	16.35	16.55	5548641	92201896.00
2020/12/22	16.52	16.89	16.28	16.79	5838015	96913232.00
2020/12/23	16.61	17.28	16.25	17.15	6056817	100851568.00
2020/12/24	16.93	17.06	16.69	16.78	4295576	72438128.00
2020/12/25	16.74	16.75	16.28	16.58	3392489	56111096.00
2020/12/28	16.35	17.17	16.33	16.76	3520508	59181456.00
2020/12/29	16.78	17.49	16.67	17.38	6064506	104502888.00
2020/12/30	17.32	17.66	17.07	17.27	4958580	86040728.00
2020/12/31	17.21	17.75	17.18	17.67	4369767	76573288.00
2021/01/04	17.73	18.08	17.41	17.84	4429930	78640760.00
2021/01/05	17.70	18.49	17.59	18.32	4998122	90590784.00
2021/01/06	18.16	18.44	17.35	17.42	5094114	90611552.00
2021/01/07	17.30	17.39	16.50	16.76	3791510	64370252.00
2021/01/08	16.55	17.68	16.30	17.56	4160370	70934768.00
2021/01/11	17.38	17.56	16.75	16.93	2799110	47925624.00
2021/01/12	16.90	17.09	16.39	16.92	2998320	50140604.00
2021/01/13	16.90	16.90	16.00	16.13	4306396	70434776.00
2021/01/14	16.25	16.32	15.80	16.13	2619340	42098556.00
2021/01/15	16.13	16.39	15.95	16.18	1795050	28966610.00
2021/01/18	16.19	16.49	16.09	16.35	1896161	30890780.00
2021/01/19	16.35	16.57	16.29	16.35	1481351	24320892.00
2021/01/20	16.38	16.45	16.10	16.16	1648823	26748708.00
2021/01/21	16.10	16.26	16.03	16.14	1866442	30120776.00
2021/01/22	16.14	16.33	15.66	16.18	3583396	57234444.00
2021/01/25	16.40	16.47	16.08	16.10	2623815	42555452.00
2021/01/26	15.86	16.16	15.51	15.70	2209841	34874828.00
2021/01/27	15.84	15.84	15.23	15.30	2071725	31914572.00
2021/01/28	15.20	15.35	14.77	14.77	2131935	32051066.00
2021/01/29	14.90	15.10	14.66	14.97	1391597	20710186.00
2021/02/01	14.91	15.33	14.91	15.13	1227858	18623938.00
2021/02/02	15.03	15.18	14.68	14.70	2085536	31006062.00
2021/02/03	14.73	14.82	14.21	14.52	2103817	30440920.00
2021/02/04	14.52	14.52	13.07	13.07	6227404	83728456.00
2021/02/05	13.03	13.20	12.22	12.37	5113987	64637252.00
2021/02/08	12.37	12.45	11.75	12.06	3043568	37047528.00
2021/02/09	12.30	12.39	11.92	12.25	2551220	31040514.00
2021/02/10	12.36	12.43	12.12	12.36	2196432	27090148.00
2021/02/18	12.71	13.17	12.60	13.08	3083860	39954576.00
2021/02/19	13.20	14.04	13.07	14.01	3170702	43182792.00
2021/02/22	14.01	14.21	13.90	13.90	2870050	40212232.00
2021/02/23	13.79	14.04	13.51	13.72	2128040	29309274.00
2021/02/24	13.69	14.19	13.69	13.97	2440398	34182480.00
2021/02/25	14.01	14.20	13.71	13.79	1894550	26230792.00
2021/02/26	13.70	13.93	13.52	13.75	1318600	18161444.00
2021/03/01	13.76	14.10	13.75	14.00	1637320	22887214.00
2021/03/02	14.20	14.20	13.88	13.92	1609120	22504630.00
2021/03/03	13.88	14.10	13.86	14.00	1488988	20841770.00
2021/03/04	13.98	14.10	13.85	13.91	1485920	20733886.00
2021/03/05	13.95	14.10	13.80	14.01	1483210	20744658.00
2021/03/08	14.08	14.18	13.72	13.78	1924885	26801992.00
2021/03/09	13.73	13.86	12.90	13.20	2236616	29801398.00
2021/03/10	13.37	13.58	12.99	13.02	1696389	22218950.00
2021/03/11	13.00	13.26	12.84	13.15	1098397	14392763.00
2021/03/12	13.19	13.30	13.00	13.02	1202553	15711289.00
2021/03/15	13.03	13.03	11.72	11.73	13075160	157118688.00
2021/03/16	11.65	11.84	11.36	11.57	9757268	112406200.00
2021/03/17	11.65	12.30	11.52	12.24	10591423	126780512.00
2021/03/18	12.25	12.78	12.25	12.60	7923344	99273512.00
2021/03/19	12.56	12.64	12.28	12.33	4448079	55249536.00
2021/03/22	12.28	12.89	12.21	12.84	4747235	60020824.00
2021/03/23	12.72	12.89	12.57	12.67	3058635	38820864.00
2021/03/24	12.57	12.72	12.30	12.41	2974740	37116444.00
2021/03/25	12.40	12.62	12.28	12.35	2196640	27212884.00
2021/03/26	12.30	12.69	12.23	12.53	2898178	36301504.00
2021/03/29	12.58	12.69	12.41	12.53	2966033	37372800.00
2021/03/30	12.49	12.50	12.26	12.27	2883557	35581292.00
2021/03/31	12.27	12.44	12.19	12.37	1857709	22893608.00
2021/04/01	12.33	12.57	12.25	12.54	2462505	30601884.00
2021/04/02	12.59	12.70	12.43	12.64	3456390	43510872.00
2021/04/06	12.66	13.24	12.66	13.17	5914013	77114392.00
2021/04/07	13.19	13.19	12.93	13.00	3163205	41213396.00
2021/04/08	13.58	13.67	13.05	13.08	6796901	90374288.00
2021/04/09	13.15	13.25	12.99	13.07	3758012	49304092.00
2021/04/12	13.06	13.11	12.64	12.65	3513051	44883396.00
2021/04/13	12.50	12.90	12.35	12.74	2415623	30639350.00
2021/04/14	12.75	13.18	12.61	12.95	4513514	58478476.00
2021/04/15	12.96	13.08	12.80	13.00	3062503	39668776.00
2021/04/16	13.00	13.17	12.89	13.12	3926910	51320072.00
2021/04/19	13.12	13.40	13.07	13.30	4688524	62287644.00
2021/04/20	13.30	13.43	13.10	13.11	3395147	45044124.00
2021/04/21	13.11	13.17	12.89	12.95	2946286	38306388.00
2021/04/22	12.94	13.18	12.94	13.08	2529419	33053194.00
2021/04/23	13.12	13.14	12.87	12.93	2986479	38733552.00
2021/04/26	13.01	13.24	12.89	12.94	2942600	38402512.00
2021/04/27	12.91	12.97	12.60	12.60	3702564	47133128.00
2021/04/28	12.62	13.12	12.53	13.04	3698894	47797164.00
2021/04/29	12.93	13.36	12.90	13.30	4851663	64104344.00
2021/04/30	13.15	13.18	12.66	13.05	5750410	74369280.00
2021/05/06	13.03	13.59	12.93	13.49	7730071	103339616.00
2021/05/07	13.45	13.55	13.28	13.32	5349880	71666392.00
2021/05/10	13.52	13.96	13.38	13.84	7568504	104402488.00
2021/05/11	13.79	13.91	13.63	13.83	3711103	51039436.00
2021/05/12	13.83	13.96	13.71	13.79	3057792	42327084.00
2021/05/13	13.70	13.83	13.45	13.51	4191423	57072104.00
2021/05/14	13.61	13.83	13.50	13.77	2923805	39909508.00
2021/05/17	13.77	13.83	13.40	13.51	3660007	49547536.00
2021/05/18	13.41	13.52	13.12	13.43	3319628	44236844.00
2021/05/19	13.41	13.62	13.23	13.46	2506261	33614572.00
2021/05/20	13.32	13.45	13.26	13.32	2326302	31026052.00
2021/05/21	13.39	13.40	12.86	12.91	4228769	55444516.00
2021/05/24	12.97	13.47	12.74	13.45	6427945	84619608.00
2021/05/25	13.40	13.87	13.39	13.84	6284904	85912400.00
2021/05/26	13.78	13.88	13.63	13.70	2978027	40847876.00
2021/05/27	13.51	14.05	13.51	13.82	3681527	50924052.00
2021/05/28	13.83	13.86	13.49	13.65	4049400	55422428.00
2021/05/31	13.65	13.75	13.39	13.68	2845307	38712356.00
2021/06/01	13.56	13.68	13.34	13.41	3770609	50852604.00
2021/06/02	13.46	13.46	13.13	13.16	3284889	43466264.00
2021/06/03	13.25	13.82	13.20	13.22	4721356	63373160.00
2021/06/04	13.30	13.37	13.17	13.30	2405514	31904898.00
2021/06/07	13.50	13.51	13.27	13.44	3186661	42737376.00
2021/06/08	13.43	13.47	13.21	13.40	2705433	36053228.00
2021/06/09	13.38	13.63	13.23	13.26	3214469	43087264.00
2021/06/10	13.24	13.74	13.21	13.71	5245312	70874752.00
2021/06/11	13.73	13.95	13.58	13.74	6075269	83848248.00
2021/06/15	13.74	13.95	13.64	13.81	4581702	63317932.00
2021/06/16	13.81	13.81	13.41	13.53	3781819	51425688.00
2021/06/17	13.55	13.92	13.46	13.92	4969598	68301528.00
2021/06/18	13.93	13.93	13.62	13.81	3719403	51109800.00
2021/06/21	13.76	14.29	13.70	14.23	7130290	100836456.00
2021/06/22	13.91	13.91	13.50	13.72	8171807	111888664.00
2021/06/23	13.64	13.90	13.46	13.81	4967417	67958344.00
2021/06/24	13.76	14.40	13.66	14.16	6826274	96326832.00
2021/06/25	14.05	14.25	13.82	14.06	4604278	64418448.00
2021/06/28	14.06	14.29	13.81	13.87	4643076	65117160.00
2021/06/29	13.81	14.25	13.71	13.93	4261631	59458900.00
2021/06/30	13.96	14.07	13.80	13.93	4094125	57050872.00
2021/07/01	13.93	14.16	13.62	13.63	4278896	59418096.00
2021/07/02	13.65	13.79	13.43	13.70	3651592	49579376.00
2021/07/05	13.68	14.88	13.66	14.67	12176007	175065824.00
2021/07/06	14.63	14.80	14.43	14.60	8083988	118181624.00
2021/07/07	14.66	14.80	14.40	14.69	4473400	65254260.00
2021/07/08	14.65	14.83	14.58	14.78	5367296	78971080.00
2021/07/09	14.75	15.22	14.42	15.16	8771141	130782672.00
2021/07/12	15.00	15.38	14.90	15.20	5309886	80663752.00
2021/07/13	15.18	15.34	15.03	15.21	3792209	57508244.00
2021/07/14	15.21	15.93	15.14	15.63	7897734	123410248.00
2021/07/15	15.53	15.61	14.91	15.25	6414714	97634768.00
2021/07/16	15.01	15.35	14.87	14.88	4940226	74467432.00
2021/07/19	14.80	14.94	14.43	14.70	4523230	66373424.00
2021/07/20	14.63	14.92	14.47	14.75	3686519	54089376.00
2021/07/21	14.76	14.99	14.63	14.83	3514199	52056036.00
2021/07/22	14.89	15.09	14.66	14.83	4400320	65566300.00
2021/07/23	14.79	14.89	14.21	14.41	5143510	74460416.00
2021/07/26	14.42	14.72	13.98	14.24	3826157	54811820.00
2021/07/27	14.16	14.89	14.15	14.41	4769729	69409096.00
2021/07/28	14.30	14.49	13.50	13.69	4918100	68016200.00
2021/07/29	13.78	14.29	13.78	14.10	4368700	61729844.00
2021/07/30	14.29	14.59	14.12	14.51	3564470	51268420.00
2021/08/02	14.51	14.75	14.31	14.66	3916870	56973328.00
2021/08/03	14.65	14.87	14.36	14.37	3242911	47209816.00
2021/08/04	14.31	14.55	14.31	14.46	2603330	37530404.00
2021/08/05	14.42	14.43	13.90	13.96	4324550	60958032.00
2021/08/06	14.08	14.14	13.88	14.14	2394019	33508268.00
2021/08/09	14.10	14.11	13.86	13.94	2751800	38418280.00
2021/08/10	13.89	14.17	13.83	14.14	2495985	35109604.00
2021/08/11	14.10	14.23	13.94	14.08	2571312	36216768.00
2021/08/12	14.10	14.38	14.05	14.36	3447580	49143684.00
2021/08/13	14.30	14.55	14.24	14.49	3594021	51801872.00
2021/08/16	14.49	14.57	14.01	14.16	4232093	60084104.00
2021/08/17	14.17	14.24	13.53	13.65	4379798	60552632.00
2021/08/18	13.58	13.75	13.17	13.40	3934292	52795716.00
2021/08/19	13.37	13.37	13.17	13.19	2817465	37312192.00
2021/08/20	13.23	13.46	12.78	13.44	2733055	35898128.00
2021/08/23	13.40	13.72	13.30	13.66	3172700	43094096.00
2021/08/24	13.70	13.71	13.52	13.57	2729961	37120148.00
2021/08/25	13.57	13.68	13.51	13.54	2092870	28422750.00
2021/08/26	13.63	13.63	13.23	13.29	3383515	45139020.00
2021/08/27	13.17	13.38	13.14	13.25	2109570	27984924.00
2021/08/30	13.25	13.38	13.12	13.19	2271520	30068630.00
2021/08/31	13.19	13.19	12.92	12.97	2624519	34090048.00
2021/09/01	13.05	13.05	12.88	12.97	2355795	30510350.00
2021/09/02	12.97	13.11	12.81	13.07	2605174	33777100.00
2021/09/03	13.07	13.26	12.90	13.23	2895012	38098400.00
2021/09/06	13.28	13.35	13.18	13.32	2145911	28480642.00
2021/09/07	13.25	13.40	13.22	13.40	1802790	24051616.00
2021/09/08	13.41	13.51	13.35	13.48	2274766	30562308.00
2021/09/09	13.48	13.60	13.42	13.43	2259416	30502320.00
2021/09/10	13.45	13.50	13.23	13.33	2323100	30960300.00
2021/09/13	13.33	13.60	13.33	13.52	2246070	30315048.00
2021/09/14	13.55	13.63	13.19	13.19	3020537	40561556.00
2021/09/15	13.19	13.37	13.19	13.27	2086474	27686060.00
2021/09/16	13.40	13.54	13.27	13.35	2328016	31120144.00
2021/09/17	13.37	13.71	13.32	13.67	3735773	50576408.00
2021/09/22	13.59	13.73	13.48	13.58	2488766	33790388.00
2021/09/23	13.57	13.64	13.52	13.59	1839196	24951240.00
2021/09/24	13.59	13.61	13.17	13.18	3017049	40152992.00
2021/09/27	13.25	13.30	12.91	12.91	1754140	22809464.00
2021/09/28	12.88	13.18	12.85	13.10	1114635	14488869.00
2021/09/29	12.97	13.13	12.84	12.94	1332042	17222630.00
2021/09/30	12.96	13.07	12.90	13.02	923390	11994895.00
2021/10/08	13.20	13.23	13.00	13.05	1150100	15020958.00
2021/10/11	13.05	13.19	12.94	12.96	810100	10522771.00
2021/10/12	12.91	12.96	12.72	12.75	1276300	16368247.00
2021/10/13	12.74	12.84	12.68	12.75	1034970	13199729.00
2021/10/14	12.79	12.94	12.67	12.90	1023477	13151201.00
2021/10/15	12.90	12.94	12.49	12.50	2615700	33251928.00
2021/10/18	12.57	12.68	12.14	12.67	2576666	31894536.00
2021/10/19	12.53	12.64	12.45	12.60	1427271	17938522.00
2021/10/20	12.60	12.88	12.51	12.71	1863400	23624660.00
2021/10/21	12.66	12.75	12.42	12.45	1176300	14811502.00
2021/10/22	12.44	12.57	12.20	12.21	1255900	15534057.00
2021/10/25	12.27	12.33	12.13	12.30	1239436	15164548.00
2021/10/26	12.44	12.44	12.10	12.23	1056186	12901477.00
2021/10/27	12.16	12.23	11.68	11.72	2166451	25698206.00
2021/10/28	11.54	11.83	11.51	11.71	1359312	15926475.00
2021/10/29	11.76	11.98	11.71	11.83	1218825	14450763.00
2021/11/01	11.83	12.09	11.82	12.03	1151601	13850250.00
2021/11/02	12.04	12.34	11.93	12.02	2238750	27179294.00
2021/11/03	11.93	12.16	11.93	12.05	844000	10171216.00
2021/11/04	12.05	12.20	11.96	12.13	1369576	16585599.00
2021/11/05	12.14	12.22	12.06	12.15	915150	11129145.00
2021/11/08	12.15	12.15	11.97	12.08	971108	11699770.00
2021/11/09	12.08	12.57	12.02	12.28	2096882	25729860.00
2021/11/10	12.18	12.40	12.16	12.38	1563962	19266366.00
2021/11/11	12.35	12.47	12.32	12.37	1704600	21145680.00
2021/11/12	12.41	12.57	12.34	12.55	1837750	22913500.00
2021/11/15	12.60	12.84	12.51	12.80	2977456	37887628.00
2021/11/16	12.80	12.88	12.58	12.58	2071500	26325844.00
2021/11/17	12.70	12.88	12.58	12.80	1903520	24329974.00
2021/11/18	12.81	12.85	12.55	12.57	1785300	22638974.00
2021/11/19	12.57	13.05	12.57	12.99	3307219	42658240.00
2021/11/22	13.01	13.08	12.92	12.96	2045515	26569446.00
2021/11/23	12.96	13.06	12.90	12.97	1435762	18594340.00
2021/11/24	12.97	13.00	12.84	12.85	1847990	23848254.00
2021/11/25	12.85	12.98	12.78	12.80	1441726	18534128.00
2021/11/26	12.75	12.83	12.60	12.76	1838800	23364952.00
2021/11/29	12.54	12.78	12.50	12.66	1327200	16797926.00
2021/11/30	12.83	13.03	12.71	12.79	2721980	35044200.00
2021/12/01	12.72	12.95	12.70	12.93	2593430	33341436.00
2021/12/02	12.93	13.25	12.77	12.79	4361230	56524356.00
2021/12/03	12.77	12.94	12.69	12.76	2091600	26704908.00
2021/12/06	12.76	12.82	12.45	12.50	2410681	30220710.00
2021/12/07	12.56	12.56	12.23	12.30	2068708	25521574.00
2021/12/08	12.28	12.40	12.27	12.34	1933386	23830296.00
2021/12/09	12.30	12.44	12.21	12.41	1392445	17235218.00
2021/12/10	12.35	12.48	12.35	12.39	1079410	13396598.00
2021/12/13	12.48	12.48	12.25	12.42	1442826	17896086.00
2021/12/14	12.50	12.51	12.39	12.47	1147086	14295972.00
2021/12/15	12.48	12.54	12.41	12.44	1202930	15009125.00
2021/12/16	12.46	12.57	12.44	12.57	1928619	24129692.00
2021/12/17	12.52	12.57	12.39	12.40	1567250	19515134.00
2021/12/20	12.40	12.44	12.12	12.12	2185100	26831074.00
2021/12/21	12.13	12.65	12.12	12.56	2767486	34453432.00
2021/12/22	12.60	12.64	12.52	12.54	1133206	14229532.00
2021/12/23	12.55	12.61	12.26	12.29	2345800	29038530.00
2021/12/24	12.24	12.40	12.09	12.15	2203450	26846420.00
2021/12/27	12.12	12.35	12.09	12.23	1099790	13443111.00
2021/12/28	12.33	12.36	12.24	12.32	1073080	13217507.00
2021/12/29	12.32	12.40	12.23	12.33	1445370	17771752.00
2021/12/30	12.33	12.70	12.31	12.60	3516390	44137028.00
2021/12/31	12.62	12.64	12.50	12.56	1763040	22139766.00
2022/01/04	12.60	12.74	12.57	12.70	2334747	29573512.00
2022/01/05	12.68	12.85	12.54	12.70	2397348	30453000.00
2022/01/06	12.68	12.82	12.63	12.79	1781025	22720006.00
2022/01/07	12.73	12.86	12.55	12.63	2102792	26637652.00
2022/01/10	12.58	12.95	12.51	12.80	2969800	37932792.00
2022/01/11	12.80	12.88	12.65	12.70	2099750	26775724.00
2022/01/12	12.67	12.88	12.67	12.79	2371140	30405936.00
2022/01/13	12.84	12.86	12.73	12.77	2552410	32675054.00
2022/01/14	12.77	12.81	12.54	12.54	2604580	32974684.00
2022/01/17	12.65	12.98	12.58	12.91	3774664	48607912.00
2022/01/18	12.90	12.95	12.73	12.79	2339817	29997502.00
2022/01/19	12.82	13.05	12.75	13.05	4030168	52120960.00
2022/01/20	13.09	13.13	12.69	12.70	3948200	50927976.00
2022/01/21	12.75	12.89	12.55	12.68	1470500	18675362.00
2022/01/24	12.54	12.71	12.31	12.36	2308620	28925808.00
2022/01/25	12.41	12.45	12.00	12.01	2900068	35120140.00
2022/01/26	12.16	12.22	11.92	12.11	1685931	20378516.00
2022/01/27	12.16	12.16	11.66	11.70	1815350	21530988.00
2022/01/28	11.75	11.98	11.71	11.87	980670	11604948.00
2022/02/07	11.97	12.10	11.97	11.99	908358	10919864.00
2022/02/08	11.99	12.25	11.91	12.22	1577772	19170504.00
2022/02/09	12.19	12.37	12.14	12.32	1516220	18667160.00
2022/02/10	12.33	12.40	12.21	12.29	926550	11395040.00
2022/02/11	12.28	12.36	12.01	12.11	1198500	14634313.00
2022/02/14	11.96	12.19	11.92	12.08	770250	9306476.00
2022/02/15	12.01	12.30	12.01	12.15	972300	11849164.00
2022/02/16	12.24	12.30	12.11	12.16	1031300	12581220.00
2022/02/17	12.16	12.24	12.02	12.05	1216250	14713526.00
2022/02/18	12.05	12.14	11.98	12.12	880732	10654000.00
2022/02/21	12.19	12.30	12.13	12.30	1637950	20070642.00
2022/02/22	12.25	12.28	12.08	12.13	1763250	21438068.00
2022/02/23	12.11	12.54	12.11	12.45	2597450	32165132.00
2022/02/24	12.40	12.46	11.96	12.08	2657800	32343720.00
2022/02/25	12.17	12.30	12.09	12.14	1274655	15534907.00
2022/02/28	12.20	12.20	11.93	12.12	1090400	13127538.00
2022/03/01	12.12	12.19	12.09	12.19	1056990	12835492.00
2022/03/02	12.15	12.23	12.08	12.19	962650	11698760.00
2022/03/03	12.23	12.23	12.09	12.11	1185691	14396499.00
2022/03/04	12.05	12.16	11.96	11.96	1484550	17887652.00
2022/03/07	12.00	12.00	11.73	11.79	1576490	18633362.00
2022/03/08	11.73	11.83	11.45	11.52	1405250	16320970.00
2022/03/09	11.55	11.64	10.71	11.52	2663451	30040678.00
2022/03/10	11.60	11.69	11.50	11.53	1284950	14892018.00
2022/03/11	11.50	11.75	11.16	11.71	2007700	23126020.00
2022/03/14	11.71	11.71	11.31	11.32	998500	11496017.00
2022/03/15	11.32	11.32	10.79	10.80	1456100	16106077.00
2022/03/16	10.91	11.13	10.63	11.07	1093160	11929837.00
2022/03/17	11.27	11.37	11.13	11.16	838400	9422421.00
2022/03/18	11.16	11.26	11.10	11.20	921756	10305010.00
2022/03/21	11.36	11.45	11.26	11.33	1697571	19222088.00
2022/03/22	11.33	11.43	11.26	11.31	1220350	13840942.00
2022/03/23	11.27	11.39	11.24	11.29	1096040	12393722.00
2022/03/24	11.20	11.31	11.03	11.03	1158400	12916758.00
2022/03/25	11.06	11.22	11.05	11.09	1013100	11293116.00
2022/03/28	11.08	11.21	11.00	11.19	1085670	12079344.00
2022/03/29	11.21	11.37	10.94	10.97	1185500	13111376.00
2022/03/30	10.99	11.08	10.91	11.04	1139250	12529952.00
2022/03/31	11.04	11.21	10.96	11.18	1997332	22211490.00
2022/04/01	11.17	11.20	11.05	11.12	1152300	12810164.00
2022/04/06	11.07	11.33	11.02	11.24	1218440	13638713.00
2022/04/07	11.24	11.27	10.98	10.98	1579000	17502882.00
2022/04/08	10.99	11.03	10.73	10.79	1187450	12866369.00
2022/04/11	10.79	10.85	10.48	10.51	1220315	13000815.00
2022/04/12	10.56	10.80	10.44	10.74	830600	8818863.00
2022/04/13	10.70	10.81	10.61	10.67	861450	9210211.00
2022/04/14	10.64	10.88	10.60	10.71	708700	7577297.00
2022/04/15	10.73	10.73	10.46	10.51	739650	7820682.50
2022/04/18	10.51	10.61	10.25	10.59	637948	6699646.00
2022/04/19	10.67	10.67	10.50	10.65	430202	4569153.50
2022/04/20	10.63	10.75	10.61	10.66	735970	7860012.00
2022/04/21	10.83	10.83	10.38	10.39	1491662	15726323.00
2022/04/22	10.38	10.54	10.19	10.45	774500	8061860.50
2022/04/25	10.26	10.40	9.45	9.46	2233690	21953148.00
2022/04/26	9.55	9.61	9.07	9.08	1362051	12788474.00
2022/04/27	9.00	9.40	8.85	9.38	1775387	16276107.00
2022/04/28	9.40	9.40	9.12	9.17	1154092	10666869.00
2022/04/29	9.28	9.80	9.25	9.73	1956349	18775876.00
2022/05/05	9.74	9.97	9.61	9.83	1677441	16549869.00
2022/05/06	9.75	9.83	9.52	9.79	1400496	13572480.00
2022/05/09	9.80	9.99	9.72	9.84	758286	7498190.50
2022/05/10	9.76	9.98	9.66	9.94	1116900	11035315.00
2022/05/11	9.92	10.09	9.84	9.88	1264670	12641611.00
2022/05/12	9.85	9.98	9.80	9.93	1271900	12593666.00
2022/05/13	10.02	10.08	9.81	9.90	1072400	10598668.00
2022/05/16	9.82	10.02	9.76	9.81	1260444	12436556.00
2022/05/17	9.81	9.81	9.68	9.71	967300	9409449.00
2022/05/18	9.76	9.95	9.61	9.86	1317000	13021448.00
2022/05/19	9.75	9.90	9.69	9.88	949262	9314652.00
2022/05/20	9.97	10.05	9.90	10.02	1248100	12466776.00
2022/05/23	10.08	10.19	9.96	10.11	1751720	17649040.00
2022/05/24	10.11	10.13	9.65	9.70	1688570	16748013.00
2022/05/25	9.63	9.93	9.63	9.92	1067850	10498612.00
2022/05/26	9.96	10.03	9.76	9.97	1106770	10967642.00
2022/05/27	10.02	10.19	9.95	10.05	1644650	16559682.00
2022/05/30	10.10	10.11	9.95	10.03	1056540	10582824.00
2022/05/31	10.05	10.21	10.00	10.20	1758150	17810356.00
2022/06/01	10.20	10.33	10.11	10.28	1823400	18688632.00
2022/06/02	10.30	10.56	10.13	10.52	2134480	22233550.00
2022/06/06	10.54	10.83	10.44	10.76	2159200	23130536.00
2022/06/07	10.83	10.84	10.48	10.55	1980930	20976872.00
2022/06/08	10.61	10.65	10.31	10.44	1515570	15874134.00
2022/06/09	10.59	10.59	10.14	10.20	2129092	21831678.00
2022/06/10	10.22	10.39	10.20	10.34	1111744	11473139.00
2022/06/13	10.28	10.35	10.10	10.20	2287411	23310114.00
2022/06/14	10.11	10.20	9.92	10.18	2027099	20365568.00
2022/06/15	10.19	10.44	10.18	10.24	1580415	16294344.00
2022/06/16	10.29	10.43	10.25	10.32	1218100	12585444.00
2022/06/17	10.32	10.39	10.16	10.35	1223750	12615190.00
2022/06/20	10.46	11.39	10.45	11.39	6065190	68515272.00
2022/06/21	11.46	12.00	11.07	11.85	17752259	205062032.00
2022/06/22	11.61	11.99	11.41	11.97	11633280	136170000.00
2022/06/23	11.70	13.17	11.66	13.17	18004167	226439120.00
2022/06/24	14.49	14.49	14.49	14.49	3537256	51254840.00
2022/06/27	15.94	15.94	15.94	15.94	1585700	25276058.00
2022/06/28	17.53	17.53	17.53	17.53	1290463	22621816.00
2022/06/29	19.28	19.28	19.28	19.28	1812958	34953832.00
2022/06/30	21.21	21.21	19.18	21.21	91027455	1894926336.00
2022/07/01	21.56	23.33	20.00	23.33	66390471	1487132032.00
2022/07/04	22.19	24.30	21.00	24.30	72638447	1600119040.00
2022/07/05	23.05	23.79	21.87	21.87	54713885	1231161216.00
2022/07/06	22.02	23.50	21.52	23.12	61853256	1401176832.00
2022/07/07	21.50	25.00	20.81	24.55	66792889	1528796160.00
2022/07/08	23.60	26.35	23.20	26.35	58698914	1474672768.00
2022/07/11	28.00	28.85	23.72	27.20	59975868	1611451136.00
2022/07/12	27.20	27.33	24.48	24.48	47920120	1212065024.00
2022/07/13	23.99	26.43	23.24	25.00	55415214	1371087744.00
2022/07/14	24.30	26.30	22.50	22.50	59163313	1453224832.00
2022/07/15	23.11	24.75	21.66	24.75	55588281	1282295680.00
2022/07/18	26.80	27.23	26.50	27.23	11704163	315120064.00
2022/07/19	29.95	29.95	29.95	29.95	8133717	243604832.00
2022/07/20	29.90	31.78	27.55	30.92	80325663	2419801856.00
2022/07/21	31.07	32.48	29.59	30.08	71690089	2244262400.00
2022/07/22	29.30	30.73	27.60	27.86	60116783	1748192000.00
2022/07/25	27.57	28.00	25.07	25.07	54841864	1433694208.00
2022/07/26	24.10	25.07	23.04	24.20	42501532	1024760192.00
2022/07/27	23.78	25.24	23.78	24.56	35270742	867975552.00
2022/07/28	24.15	26.71	24.15	25.53	41793306	1061947968.00
2022/07/29	25.52	26.90	25.00	25.00	35625885	924789376.00
2022/08/01	25.26	25.72	24.05	24.65	32397467	804865088.00
2022/08/02	24.00	26.34	23.89	25.05	35655814	898361856.00
2022/08/03	24.98	27.56	24.43	24.60	49193283	1300201984.00
2022/08/04	24.80	24.99	22.51	23.35	37681125	884668864.00
2022/08/05	23.70	24.13	21.91	22.40	28064173	643689792.00
2022/08/08	22.60	24.64	22.38	24.64	16502854	393238208.00
2022/08/09	25.60	26.26	24.07	25.52	39254097	992051584.00
2022/08/10	25.50	26.57	24.59	25.54	31429030	804399936.00
2022/08/11	25.30	25.74	24.49	25.00	21687405	544352960.00
2022/08/12	25.30	26.87	24.90	25.97	34903424	910447936.00
2022/08/15	25.36	27.66	25.01	27.00	28707471	766882560.00
2022/08/16	26.87	29.70	26.87	29.00	47804105	1369939200.00
2022/08/17	28.16	29.90	27.99	28.15	36076554	1041370688.00
2022/08/18	28.21	30.97	28.21	30.97	49326594	1502072832.00
2022/08/19	30.97	31.20	27.87	27.87	44656811	1302541568.00
2022/08/22	29.05	30.66	28.50	30.66	36440894	1092071936.00
2022/08/23	31.88	33.73	31.72	33.73	30245910	994370944.00
2022/08/24	33.88	35.16	32.10	33.03	40937598	1374755584.00
2022/08/25	33.05	33.52	30.02	31.50	30997163	976329152.00
2022/08/26	31.95	33.22	31.02	32.16	25550373	829125568.00
2022/08/29	30.91	33.17	30.91	32.35	18496446	596725440.00
2022/08/30	32.33	32.84	30.09	30.23	22896429	714622400.00
2022/08/31	30.24	30.50	27.21	27.21	30324888	854482688.00
2022/09/01	29.50	29.93	29.10	29.93	16195914	482187808.00
2022/09/02	31.01	32.92	31.01	32.92	20381134	651450944.00
2022/09/05	36.21	36.21	36.21	36.21	3612158	130796240.00
2022/09/06	39.83	39.83	39.83	39.83	1428540	56898748.00
2022/09/07	43.81	43.81	41.11	43.81	48338819	2100339200.00
2022/09/08	46.01	47.53	43.67	44.30	56200926	2564968448.00
2022/09/09	45.21	45.59	40.00	42.00	42175688	1781250944.00
2022/09/13	41.99	42.79	38.85	42.02	33757302	1392339712.00
2022/09/14	42.01	42.90	40.41	41.64	25688172	1073080064.00
2022/09/15	42.06	42.51	38.05	38.96	27099550	1078701568.00
2022/09/16	39.21	40.80	38.30	38.43	21589815	855397184.00
2022/09/19	39.01	42.27	39.01	40.84	31294463	1294327808.00
2022/09/20	41.50	44.92	41.10	44.92	16664960	717137728.00
2022/09/21	46.66	49.41	46.66	49.41	24299822	1162829952.00
2022/09/22	49.87	49.87	44.47	44.47	56206250	2616656896.00
2022/09/23	46.10	47.47	44.80	46.50	40295332	1863598208.00
2022/09/26	45.35	51.15	44.55	49.01	52912460	2611834368.00
2022/09/27	49.35	49.95	47.36	48.95	34682536	1680882688.00
2022/09/28	50.10	50.22	44.06	44.06	36174663	1662306048.00
2022/09/29	44.24	44.50	40.53	42.30	30202208	1276481152.00
2022/09/30	42.06	42.29	39.00	39.50	28303635	1134987776.00
2022/10/10	37.81	38.92	36.00	38.19	22308496	843865344.00
2022/10/11	38.22	40.64	37.60	40.18	27911205	1103570432.00
2022/10/12	40.00	42.90	38.20	41.57	32931789	1317398016.00
2022/10/13	40.50	42.88	39.60	40.14	28268979	1168108672.00
2022/10/14	40.94	41.86	40.04	40.27	23810493	973258880.00
2022/10/17	38.58	40.30	36.95	40.09	25021780	968598976.00
2022/10/18	40.30	44.10	40.12	42.93	37277538	1581196288.00
2022/10/19	42.90	46.69	41.68	42.26	37008097	1634309248.00
2022/10/20	41.10	41.61	39.31	40.06	23836084	961077184.00
2022/10/21	39.99	44.07	39.66	44.07	35920539	1537824640.00
2022/10/24	46.31	47.16	42.58	44.83	37745105	1700964736.00
2022/10/25	45.79	49.22	44.60	48.61	38716453	1818351744.00
2022/10/26	47.00	49.45	46.20	47.80	29269864	1393385728.00
2022/10/27	48.69	49.20	43.16	43.24	39752452	1841752448.00
2022/10/28	40.77	41.42	38.92	38.92	30951539	1229156224.00
2022/10/31	37.95	39.90	37.22	39.88	22399726	863600192.00
2022/11/01	39.50	41.32	39.00	40.04	21140551	850884992.00
2022/11/02	39.51	41.20	38.01	40.04	26940451	1067916480.00
2022/11/03	39.87	42.65	39.60	41.82	27065876	1124651392.00
2022/11/04	42.00	45.55	41.69	44.41	31432411	1381966208.00
2022/11/07	43.11	47.96	43.11	45.50	36135940	1657606656.00
2022/11/08	44.51	45.10	41.23	42.00	26590860	1135416576.00
2022/11/09	43.36	43.77	41.90	41.94	20059404	856475776.00
2022/11/10	41.00	41.98	40.31	40.66	16540082	678620992.00
2022/11/11	42.20	42.40	39.50	39.83	18146183	734304000.00
2022/11/14	39.00	40.83	38.94	39.31	14435106	572619584.00
2022/11/15	39.32	42.20	38.88	42.20	21418193	868493312.00
2022/11/16	42.00	43.40	40.01	40.29	18291469	756550912.00
2022/11/17	40.01	41.30	38.97	39.99	14635974	583185536.00
2022/11/18	39.59	41.38	39.18	40.32	15591960	631775936.00
2022/11/21	40.48	44.35	40.04	44.35	36970309	1604405376.00
2022/11/22	44.39	44.50	40.31	40.93	29875550	1265660800.00
2022/11/23	41.00	44.40	41.00	43.40	27582322	1181474432.00
2022/11/24	43.06	47.74	43.06	47.74	24640836	1127587456.00
2022/11/25	47.50	49.88	45.72	46.30	36194306	1722393984.00
2022/11/28	45.11	47.75	44.06	46.08	23083154	1062888960.00
2022/11/29	46.20	48.53	46.14	47.30	25485077	1207291008.00
2022/11/30	48.62	50.53	46.29	47.52	28864860	1393034880.00
2022/12/01	46.51	48.57	45.50	46.63	22909496	1070855040.00
2022/12/02	45.88	51.00	45.81	49.49	32169315	1585530752.00
2022/12/05	49.93	54.44	48.40	53.80	31253727	1611300992.00
2022/12/06	52.75	53.26	49.80	51.63	23235352	1190976128.00
2022/12/07	51.01	52.94	49.60	50.50	19231086	979599680.00
2022/12/08	49.90	52.04	49.11	50.28	14911640	752635648.00
2022/12/09	49.38	50.72	48.58	49.24	12037641	597608000.00
2022/12/12	47.90	48.64	46.70	46.91	15705122	746433920.00
2022/12/13	46.88	48.53	44.60	45.06	19002457	880688384.00
2022/12/14	45.00	45.50	43.88	44.53	12069950	538473664.00
2022/12/15	44.44	46.01	42.80	46.00	18675400	831700736.00
2022/12/16	44.77	45.17	41.45	41.57	21768932	938209984.00
2022/12/19	40.55	42.54	40.55	41.56	12040070	503763168.00
2022/12/20	41.65	43.24	40.70	42.17	14021412	592811904.00
2022/12/21	41.80	42.95	41.20	42.53	10809598	456030944.00
2022/12/22	42.46	42.50	39.03	39.75	17315488	695240064.00
2022/12/23	39.75	40.09	37.70	38.58	14751832	568200512.00
2022/12/26	40.20	42.44	39.94	42.44	10170847	423273952.00
2022/12/27	44.51	46.68	44.49	46.68	18509443	847122432.00
2022/12/28	47.95	49.01	44.88	46.02	36890482	1728504960.00
2022/12/29	46.03	48.92	46.03	47.75	23976134	1140113024.00
2022/12/30	47.75	48.36	44.91	45.77	21968745	1016424896.00
2023/01/03	44.46	44.80	42.58	43.99	19986767	870973504.00
2023/01/04	44.28	46.23	44.20	45.09	20564710	930642944.00
2023/01/05	45.60	47.81	44.56	47.29	24415237	1134717312.00
2023/01/06	47.03	48.05	46.50	46.93	18471237	871975616.00
2023/01/09	47.52	49.22	46.84	47.24	21251546	1020043328.00
2023/01/10	47.44	47.44	45.35	46.15	16498347	761337088.00
2023/01/11	45.96	46.18	44.61	44.97	10441647	472023136.00
2023/01/12	44.90	45.04	43.62	43.79	10999238	486379232.00
2023/01/13	44.58	44.82	42.55	43.29	11518963	500489600.00
2023/01/16	42.81	42.81	41.63	42.26	11737641	493617248.00
2023/01/17	42.49	44.08	42.19	43.20	13390201	575779072.00
2023/01/18	43.52	44.20	41.66	43.65	12449221	537854208.00
2023/01/19	43.18	43.40	42.49	42.95	7428380	318964064.00
2023/01/20	42.95	44.27	42.57	44.09	8504891	372521472.00
2023/01/30	44.25	45.13	43.51	44.10	14233690	630693952.00
2023/01/31	43.66	44.17	42.82	43.44	11877477	515355200.00
2023/02/01	43.50	45.13	43.23	45.05	15508340	686597568.00
2023/02/02	45.00	45.40	43.60	43.95	11514837	509683680.00
2023/02/03	43.59	43.59	42.31	42.96	8899627	381172448.00
2023/02/06	42.75	42.75	41.75	42.16	7231457	304475968.00
2023/02/07	41.77	43.00	40.20	41.31	14333550	593604480.00
2023/02/08	41.04	42.00	40.91	41.68	8940369	371020992.00
2023/02/09	41.06	41.99	40.56	41.27	9168004	378612256.00
2023/02/10	41.11	41.26	40.15	40.60	8631230	350064288.00
2023/02/13	40.60	41.60	40.22	41.23	8284520	340980128.00
2023/02/14	41.22	41.22	40.39	40.83	7172319	292257280.00
2023/02/15	41.00	41.15	39.50	39.69	9541790	382340160.00
2023/02/16	39.69	41.00	38.91	40.32	13004030	520806880.00
2023/02/17	39.91	40.07	38.90	38.95	8048341	315662336.00
2023/02/20	38.80	40.30	38.08	39.99	9362430	367563104.00
2023/02/21	39.90	41.38	39.40	41.06	12973142	525939680.00
2023/02/22	40.59	41.39	40.03	40.17	8051756	326294528.00
2023/02/23	40.68	41.41	40.41	40.78	9606994	393580544.00
2023/02/24	40.78	42.36	40.78	41.25	14033218	583847872.00
2023/02/27	40.60	41.22	39.53	39.53	9581919	383402912.00
2023/02/28	39.01	39.83	39.01	39.68	4293800	169403872.00
2023/03/01	39.44	39.56	39.05	39.39	5385730	211404448.00
2023/03/02	39.29	39.65	38.38	38.66	7305620	283841504.00
2023/03/03	38.55	38.55	37.21	38.14	9510350	360023040.00
2023/03/06	37.94	37.94	36.14	37.33	11122202	411122528.00
2023/03/07	37.19	37.21	35.66	35.66	9957437	362015008.00
2023/03/08	35.22	36.44	35.19	35.79	7088658	254246080.00
2023/03/09	35.99	36.07	34.60	34.60	10343790	362040480.00
2023/03/10	34.59	34.61	32.28	32.78	16477438	546221184.00
2023/03/13	32.45	33.09	31.44	32.62	13325859	428483616.00
2023/03/14	32.70	32.90	31.32	32.36	9480520	304789056.00
2023/03/15	32.45	33.96	32.45	33.45	12889252	430556416.00
2023/03/16	33.00	33.18	31.27	31.30	11585818	370253280.00
2023/03/17	31.62	31.82	30.90	30.91	9277300	289174336.00
2023/03/20	30.60	31.58	29.90	30.91	11808800	362021408.00
2023/03/21	31.30	31.58	30.38	31.44	9931600	308900704.00
2023/03/22	31.44	31.81	30.86	31.02	7346590	229567520.00
2023/03/23	30.72	30.96	30.47	30.68	6205050	190372704.00
2023/03/24	31.43	31.46	30.38	30.65	9537860	293185408.00
2023/03/27	30.26	31.10	30.00	30.69	8996360	275672320.00
2023/03/28	30.69	30.79	29.86	29.95	7967639	240793200.00
2023/03/29	29.69	30.40	29.54	29.58	7897700	236257088.00
2023/03/30	28.80	29.46	28.80	29.12	9883700	288005408.00
2023/03/31	29.20	32.03	29.13	32.03	15051364	466729824.00
2023/04/03	32.00	32.70	31.11	32.50	24301442	778102912.00
2023/04/04	32.00	32.89	31.20	31.46	18057060	575472128.00
2023/04/06	31.25	32.19	31.02	31.45	12438007	392607808.00
2023/04/07	31.31	31.80	31.10	31.54	9053950	284562400.00
2023/04/10	31.30	32.18	31.09	31.66	10290272	325233952.00
2023/04/11	31.68	31.69	30.03	30.30	13628801	414052000.00
2023/04/12	30.31	31.07	30.10	30.51	9161900	279217824.00
2023/04/13	30.36	30.50	29.44	29.59	9106700	271823072.00
2023/04/14	29.45	30.28	29.45	29.68	6683300	199553248.00
2023/04/17	30.28	30.54	29.26	29.39	7817300	232536448.00
2023/04/18	29.17	29.65	28.82	29.38	7115800	208243056.00
2023/04/19	29.15	29.33	28.56	28.63	7055624	203756864.00
2023/04/20	28.68	29.10	28.01	28.14	6592724	186485680.00
2023/04/21	28.36	29.09	27.51	27.53	13391516	380625568.00
2023/04/24	27.44	28.50	26.69	27.79	11898800	326580000.00
2023/04/25	28.01	28.01	26.18	26.56	9000320	241169648.00
2023/04/26	26.22	27.60	26.22	27.20	9945853	270601600.00
2023/04/27	27.07	27.31	26.45	26.54	6842700	183434688.00
2023/04/28	26.35	27.70	26.35	27.65	8316982	227680256.00
2023/05/05	27.81	27.81	27.81	27.81	0	0.00
数据来源:通达信
