003035 南网能源 日线 不复权
      日期	    开盘	    最高	    最低	    收盘	    成交量	    成交额
2021/01/19	1.68	2.02	1.68	2.02	5902479	11893600.00
2021/01/20	2.22	2.22	2.22	2.22	1262682	2803154.00
2021/01/21	2.44	2.44	2.44	2.44	994791	2427290.00
2021/01/22	2.68	2.68	2.68	2.68	2936473	7869747.50
2021/01/25	2.95	2.95	2.95	2.95	1625298	4794629.00
2021/01/26	3.25	3.25	3.25	3.25	1297217	4215955.00
2021/01/27	3.58	3.58	3.58	3.58	1408466	5042308.50
2021/01/28	3.94	3.94	3.94	3.94	1595289	6285438.50
2021/01/29	4.33	4.33	4.33	4.33	4810237	20828326.00
2021/02/01	4.76	4.76	4.76	4.76	15180956	72261352.00
2021/02/02	5.24	5.24	5.24	5.24	10650171	55806896.00
2021/02/03	5.76	5.76	5.76	5.76	5079063	29255402.00
2021/02/04	6.34	6.34	6.34	6.34	71258308	451777664.00
2021/02/05	6.70	6.97	6.62	6.97	158034902	1075879296.00
2021/02/08	7.65	7.67	6.93	7.40	443973020	3248418560.00
2021/02/09	7.51	8.14	7.21	8.14	328792907	2543843584.00
2021/02/10	8.01	8.55	7.33	7.33	383631005	2969714176.00
2021/02/18	7.34	7.67	6.98	7.18	295577773	2162616576.00
2021/02/19	7.02	7.15	6.47	6.70	247701768	1657575040.00
2021/02/22	6.68	7.10	6.49	6.79	223245071	1526922624.00
2021/02/23	6.60	6.60	6.18	6.18	194765389	1226116224.00
2021/02/24	6.09	6.24	5.76	5.81	168469619	1004865536.00
2021/02/25	5.90	6.10	5.70	6.10	148272935	876263296.00
2021/02/26	5.90	6.71	5.87	6.49	228182471	1451820416.00
2021/03/01	6.33	7.10	6.22	6.85	243256120	1627639168.00
2021/03/02	7.02	7.54	6.98	7.54	269060513	1971888128.00
2021/03/03	7.48	8.15	7.10	7.74	318981973	2418686464.00
2021/03/04	7.55	8.12	7.32	7.61	257009124	1980171392.00
2021/03/05	7.33	7.58	6.90	6.94	225038856	1618762624.00
2021/03/08	7.19	7.63	7.13	7.63	121428641	909736512.00
2021/03/09	7.80	8.30	7.44	7.67	333320938	2639544576.00
2021/03/10	6.95	7.87	6.95	7.30	232997765	1702900608.00
2021/03/11	7.47	7.98	7.13	7.90	260781650	1979401728.00
2021/03/12	7.81	8.69	7.72	8.69	191936562	1589673216.00
2021/03/15	9.01	9.56	8.28	8.55	363814035	3284149504.00
2021/03/16	8.32	9.41	8.32	9.41	307772886	2820937728.00
2021/03/17	10.00	10.31	9.41	9.85	370780637	3660010240.00
2021/03/18	9.61	10.84	9.61	10.84	318572973	3346335488.00
2021/03/19	10.71	11.92	10.60	11.92	208187304	2387414272.00
2021/03/22	12.70	13.11	12.26	13.11	126098963	1624807936.00
2021/03/23	13.99	14.42	13.51	14.42	368367853	5208352256.00
2021/03/24	13.88	15.13	12.98	13.07	373731150	5156540416.00
2021/03/25	13.07	13.68	12.03	13.55	349689621	4479493632.00
2021/03/26	13.19	13.87	12.66	12.96	277584066	3653324032.00
2021/03/29	12.75	14.26	12.75	14.26	385689504	5364323328.00
2021/03/30	13.10	13.97	12.83	13.22	317844936	4178720000.00
2021/03/31	12.60	14.38	12.11	13.45	309202056	4216211456.00
2021/04/01	13.36	13.65	12.35	12.82	247706812	3209361920.00
2021/04/02	13.18	13.29	12.00	12.15	207297876	2556627968.00
2021/04/06	11.90	13.09	11.90	12.88	241655974	3053460224.00
2021/04/07	13.30	14.17	13.30	14.17	181200209	2527731456.00
2021/04/08	15.00	15.00	13.03	13.32	317092425	4338343936.00
2021/04/09	12.70	13.78	12.69	13.25	180421395	2395458560.00
2021/04/12	13.00	13.84	12.60	13.29	183880852	2461352192.00
2021/04/13	12.82	13.08	12.00	12.22	174503991	2166332416.00
2021/04/14	12.37	13.28	11.50	12.80	228575985	2896122112.00
2021/04/15	12.53	12.85	11.90	12.12	172567181	2103647872.00
2021/04/16	12.12	12.25	11.65	11.87	111666971	1325958144.00
2021/04/19	11.88	12.09	11.77	11.93	102684839	1228070144.00
2021/04/20	11.75	12.22	11.50	11.99	130667381	1561798144.00
2021/04/21	11.72	11.90	11.24	11.46	124278242	1433152384.00
2021/04/22	11.33	11.53	11.11	11.20	85393775	960108672.00
2021/04/23	11.43	11.50	10.61	10.82	108624691	1189614976.00
2021/04/26	10.83	11.11	10.45	10.91	83211854	905437312.00
2021/04/27	10.68	10.76	10.02	10.12	106038487	1085552640.00
2021/04/28	10.00	10.25	9.95	10.18	72042164	729275008.00
2021/04/29	10.05	10.25	9.97	10.09	58664615	593574464.00
2021/04/30	10.02	10.03	9.67	9.78	82249989	807208640.00
2021/05/06	9.71	10.28	9.65	10.10	98475736	987985984.00
2021/05/07	10.02	10.42	9.57	10.01	96253224	960219520.00
2021/05/10	9.90	10.85	9.65	10.80	158370655	1653913728.00
2021/05/11	10.70	11.58	10.42	11.19	173326562	1925900928.00
2021/05/12	10.88	11.06	10.50	10.69	100799694	1075144448.00
2021/05/13	10.52	10.85	10.31	10.42	75379054	793491776.00
2021/05/14	10.40	10.73	10.30	10.43	63307159	665719488.00
2021/05/17	10.35	10.40	10.10	10.17	65280987	666191744.00
2021/05/18	10.11	10.57	10.02	10.40	74387093	770148992.00
2021/05/19	10.47	11.30	10.40	11.13	154138048	1668322432.00
2021/05/20	11.13	11.44	10.68	10.89	153484133	1698221568.00
2021/05/21	10.77	11.80	10.65	11.49	188899114	2148317184.00
2021/05/24	11.59	11.90	11.15	11.33	159699084	1837403520.00
2021/05/25	11.19	11.19	10.73	11.06	105424231	1153997952.00
2021/05/26	10.90	11.59	10.73	11.25	117920444	1317121408.00
2021/05/27	11.10	11.54	10.96	11.16	92676072	1039687552.00
2021/05/28	11.26	11.40	11.00	11.06	80427584	895427136.00
2021/05/31	10.95	12.00	10.90	11.70	176302256	2030127232.00
2021/06/01	11.47	11.69	11.17	11.33	116954129	1329224448.00
2021/06/02	11.22	11.50	11.02	11.20	92656931	1043029888.00
2021/06/03	11.10	11.14	10.94	10.97	69818263	768129088.00
2021/06/04	10.90	10.91	10.52	10.55	71259046	761949568.00
2021/06/07	10.55	10.74	10.40	10.57	40875759	433080000.00
2021/06/08	10.57	10.67	10.40	10.44	42994436	452174848.00
2021/06/09	10.40	10.40	10.16	10.20	43712985	447666560.00
2021/06/10	10.20	10.29	10.12	10.17	36905777	376579744.00
2021/06/11	10.16	10.63	10.15	10.47	67097447	702057152.00
2021/06/15	10.50	10.55	10.07	10.15	45533448	464065312.00
2021/06/16	10.10	10.15	9.45	9.63	60085985	583700544.00
2021/06/17	9.63	10.20	9.54	9.95	46594184	463638016.00
2021/06/18	9.95	10.08	9.72	10.05	36224050	360808736.00
2021/06/21	10.00	10.36	9.95	10.21	44976705	461539360.00
2021/06/22	10.22	10.90	9.98	10.62	97767233	1017319616.00
2021/06/23	10.70	10.74	10.33	10.47	71082957	748240896.00
2021/06/24	10.78	10.78	10.35	10.44	55524214	585993920.00
2021/06/25	10.30	10.32	10.03	10.15	55535991	562823808.00
2021/06/28	10.16	10.56	10.10	10.30	49310134	508216512.00
2021/06/29	10.12	10.15	10.01	10.01	39654511	398454688.00
2021/06/30	10.01	10.16	9.73	9.94	40748292	403089376.00
2021/07/01	9.96	9.99	9.68	9.68	31505601	307951072.00
2021/07/02	9.66	9.80	9.55	9.65	23040669	222835440.00
2021/07/05	9.65	9.78	9.56	9.71	18334214	177403424.00
2021/07/06	9.71	10.09	9.68	9.96	43277237	429674496.00
2021/07/07	9.86	9.90	9.70	9.80	32236380	314774144.00
2021/07/08	9.92	10.05	9.80	9.82	33313054	330084032.00
2021/07/09	9.73	9.90	9.55	9.75	33009285	319975360.00
2021/07/12	9.71	9.82	9.67	9.70	31665106	307804608.00
2021/07/13	9.68	10.50	9.50	10.24	113271037	1141094400.00
2021/07/14	10.29	10.63	10.01	10.12	105362339	1088235904.00
2021/07/15	9.99	9.99	9.65	9.81	56060476	547389056.00
2021/07/16	9.86	9.99	9.75	9.77	36498710	358844832.00
2021/07/19	9.70	9.71	9.55	9.59	30985016	297026720.00
2021/07/20	9.55	9.65	9.51	9.61	21344334	204222848.00
2021/07/21	9.55	9.64	9.55	9.57	24908825	238386576.00
2021/07/22	9.57	9.63	9.46	9.49	29049739	276391840.00
2021/07/23	9.48	9.48	9.11	9.14	46016477	424072736.00
2021/07/26	9.05	9.21	8.50	8.95	37944729	338391328.00
2021/07/27	8.94	9.02	8.62	8.65	33678881	294873152.00
2021/07/28	8.60	8.64	7.85	8.11	39789810	325507072.00
2021/07/29	8.13	8.37	8.10	8.16	26409445	216181056.00
2021/07/30	8.16	8.44	8.09	8.31	36763461	304733472.00
2021/08/02	8.32	8.60	8.18	8.55	37017381	311188256.00
2021/08/03	8.50	8.59	8.42	8.47	27138707	230627968.00
2021/08/04	8.50	8.58	8.45	8.52	24771269	210698592.00
2021/08/05	8.55	8.57	8.33	8.41	23826994	200988896.00
2021/08/06	8.41	8.47	8.28	8.33	22273327	185892016.00
2021/08/09	8.35	8.56	8.31	8.54	30828013	261183728.00
2021/08/10	8.60	8.64	8.46	8.52	22610641	192877856.00
2021/08/11	8.52	8.76	8.48	8.62	38350759	331369664.00
2021/08/12	8.57	8.57	8.43	8.44	29027914	245847920.00
2021/08/13	8.44	8.62	8.30	8.41	27746339	234178240.00
2021/08/16	8.42	8.61	8.34	8.52	38982486	330813504.00
2021/08/17	8.51	8.60	8.17	8.20	41837216	349279392.00
2021/08/18	8.10	8.35	8.10	8.29	25417800	208307712.00
2021/08/19	8.19	8.24	8.10	8.16	21293595	173631376.00
2021/08/20	8.15	8.15	7.89	7.94	27567660	219815200.00
2021/08/23	7.95	8.72	7.95	8.61	86679496	733773376.00
2021/08/24	8.60	8.66	8.46	8.47	43836307	375220064.00
2021/08/25	8.41	8.45	8.26	8.30	30446866	253817408.00
2021/08/26	8.36	8.39	8.00	8.04	34272111	278950336.00
2021/08/27	8.04	8.13	7.95	8.00	30323867	242466144.00
2021/08/30	8.03	8.07	7.86	7.91	28932107	229425728.00
2021/08/31	7.90	7.94	7.72	7.91	25712866	201325056.00
2021/09/01	7.87	7.99	7.75	7.89	26196089	206453200.00
2021/09/02	7.90	8.26	7.88	8.20	55097497	450238720.00
2021/09/03	8.11	8.77	8.10	8.49	80607879	685226240.00
2021/09/06	8.62	8.72	8.28	8.46	51795356	437700928.00
2021/09/07	8.44	8.62	8.39	8.49	39995605	339099968.00
2021/09/08	8.60	8.86	8.52	8.68	65599732	570629824.00
2021/09/09	8.76	9.55	8.75	9.55	117074910	1096776192.00
2021/09/10	9.58	9.58	8.92	9.02	147852346	1359935872.00
2021/09/13	8.87	8.98	8.70	8.79	62800901	553964224.00
2021/09/14	8.76	8.87	8.50	8.50	51181604	441556672.00
2021/09/15	8.41	8.76	8.41	8.72	48046842	415497888.00
2021/09/16	8.61	8.67	8.40	8.41	40116012	341282688.00
2021/09/17	8.46	8.80	8.36	8.74	59167178	513766080.00
2021/09/22	8.70	9.46	8.59	9.32	114220040	1052913920.00
2021/09/23	9.40	9.55	8.98	9.02	95195147	872908544.00
2021/09/24	9.05	9.23	8.78	8.90	63083307	566170368.00
2021/09/27	9.12	9.67	8.66	9.28	98653904	902836032.00
2021/09/28	9.02	9.99	8.98	9.80	160344679	1541064960.00
2021/09/29	9.45	9.80	9.18	9.31	92882842	877679936.00
2021/09/30	9.40	9.65	9.22	9.50	76828602	729100288.00
2021/10/08	9.68	9.68	9.04	9.17	60718080	562384320.00
2021/10/11	9.16	9.30	8.81	8.91	48175010	430650272.00
2021/10/12	8.81	9.11	8.80	9.06	46142896	414461184.00
2021/10/13	9.00	9.02	8.22	8.52	56730645	485592736.00
2021/10/14	8.36	8.54	8.25	8.41	32393889	272047328.00
2021/10/15	8.41	8.50	8.26	8.41	26885757	224903952.00
2021/10/18	8.41	8.64	8.41	8.59	27834892	238265392.00
2021/10/19	8.52	8.72	8.45	8.58	31644973	271988736.00
2021/10/20	8.53	8.85	8.49	8.85	43805868	381576160.00
2021/10/21	8.79	8.79	8.44	8.49	41234958	353566048.00
2021/10/22	8.46	8.59	8.30	8.34	27495913	230501680.00
2021/10/25	8.44	8.59	8.31	8.46	23961145	203611360.00
2021/10/26	8.40	8.53	8.30	8.35	26047117	219035216.00
2021/10/27	8.35	8.50	8.27	8.39	25551281	214713648.00
2021/10/28	8.33	8.55	8.16	8.21	26832557	223324832.00
2021/10/29	8.21	8.23	7.91	8.18	28303194	227928880.00
2021/11/01	8.23	8.55	8.10	8.35	31738767	264757072.00
2021/11/02	8.39	8.39	8.01	8.13	27290897	223235712.00
2021/11/03	8.13	8.19	8.06	8.12	12600671	102141424.00
2021/11/04	8.12	8.34	8.10	8.26	26178173	215043040.00
2021/11/05	8.20	8.23	8.10	8.10	18019846	146460032.00
2021/11/08	8.12	8.23	7.99	8.11	16460346	133339112.00
2021/11/09	8.22	8.45	8.15	8.21	25905539	214495712.00
2021/11/10	8.18	8.19	8.07	8.12	17505504	142042336.00
2021/11/11	8.12	8.19	8.08	8.14	16359442	132884600.00
2021/11/12	8.17	8.24	8.12	8.23	23028476	188514032.00
2021/11/15	8.25	8.35	8.20	8.26	21241157	175285600.00
2021/11/16	8.26	8.30	8.13	8.21	21262038	174047968.00
2021/11/17	8.20	8.24	8.14	8.18	17180177	140647824.00
2021/11/18	8.22	8.35	8.10	8.20	22285845	182918672.00
2021/11/19	8.21	8.22	8.13	8.18	15425441	125856848.00
2021/11/22	8.22	8.22	8.15	8.17	13851433	113233784.00
2021/11/23	8.17	8.19	8.10	8.12	19363592	157198688.00
2021/11/24	8.10	8.23	8.07	8.17	22450431	182716688.00
2021/11/25	8.16	8.22	8.13	8.17	15039883	122983224.00
2021/11/26	8.15	8.15	8.09	8.11	12884398	104412336.00
2021/11/29	8.03	8.10	7.90	8.03	15257377	122098448.00
2021/11/30	8.10	8.12	8.00	8.04	14556846	117118816.00
2021/12/01	8.05	8.08	7.95	8.07	18638801	149331072.00
2021/12/02	8.05	8.08	7.96	7.98	15581400	124612816.00
2021/12/03	7.96	8.47	7.90	8.29	58456148	479247232.00
2021/12/06	8.30	8.36	8.16	8.19	33519906	276060000.00
2021/12/07	8.19	8.27	8.01	8.18	27055576	219985712.00
2021/12/08	8.16	8.22	8.10	8.19	18434041	150611392.00
2021/12/09	8.19	8.22	8.13	8.18	19416534	158791744.00
2021/12/10	8.21	8.23	8.11	8.13	18098102	147675920.00
2021/12/13	8.14	8.25	8.14	8.18	26721659	219412720.00
2021/12/14	8.17	8.33	8.12	8.25	32153218	264098256.00
2021/12/15	8.26	9.08	8.21	9.08	142359821	1248738560.00
2021/12/16	9.40	9.94	9.00	9.39	205775099	1929509376.00
2021/12/17	9.37	9.62	9.15	9.16	112447690	1052779968.00
2021/12/20	9.06	9.11	8.64	8.67	86294629	757310336.00
2021/12/21	8.66	8.84	8.56	8.73	53627913	465622848.00
2021/12/22	8.69	8.80	8.53	8.62	36513786	315573088.00
2021/12/23	8.62	9.05	8.53	8.90	75751568	667015296.00
2021/12/24	8.82	8.90	8.60	8.70	44760374	390518496.00
2021/12/27	8.62	8.88	8.55	8.64	32362518	282442272.00
2021/12/28	8.56	8.65	8.27	8.33	41797775	350008224.00
2021/12/29	8.25	8.39	8.22	8.33	19853097	164906416.00
2021/12/30	8.32	8.42	8.26	8.36	25119094	209735312.00
2021/12/31	8.37	8.47	8.27	8.29	34426060	287370816.00
2022/01/04	8.30	8.32	8.19	8.21	33211852	273352096.00
2022/01/05	8.26	8.26	8.00	8.08	32045120	259220640.00
2022/01/06	8.08	8.19	8.05	8.13	15616541	126953424.00
2022/01/07	8.22	8.25	8.05	8.07	20516754	166606080.00
2022/01/10	8.06	8.07	7.85	7.96	23728514	188318192.00
2022/01/11	7.95	8.03	7.93	7.97	13090655	104504040.00
2022/01/12	7.97	8.03	7.96	8.00	13915100	111275168.00
2022/01/13	8.00	8.02	7.91	7.93	13856337	109948968.00
2022/01/14	7.91	7.91	7.73	7.77	22436712	175319104.00
2022/01/17	7.72	7.72	7.43	7.49	36731945	276375744.00
2022/01/18	7.44	7.54	7.31	7.52	26203832	194656432.00
2022/01/19	7.50	7.58	7.47	7.51	13997434	105255456.00
2022/01/20	7.49	7.56	7.36	7.45	12555005	93674920.00
2022/01/21	7.41	7.45	7.37	7.41	8370411	62044304.00
2022/01/24	7.38	7.40	7.33	7.37	8035400	59251904.00
2022/01/25	7.37	7.39	7.03	7.04	17237808	123528736.00
2022/01/26	7.03	7.16	7.01	7.11	10828337	77109288.00
2022/01/27	7.15	7.15	6.85	6.85	13867829	96507328.00
2022/01/28	6.96	7.01	6.80	6.96	11867858	82200344.00
2022/02/07	7.01	7.18	7.01	7.12	12056085	85724536.00
2022/02/08	7.12	7.21	7.05	7.21	10359691	74045936.00
2022/02/09	7.22	7.31	7.17	7.26	13506418	97985312.00
2022/02/10	7.26	7.31	7.22	7.27	10283390	74687424.00
2022/02/11	7.26	7.26	7.12	7.12	10738720	76858920.00
2022/02/14	7.09	7.17	7.06	7.14	6617618	47225776.00
2022/02/15	7.14	7.16	7.09	7.13	5807607	41404616.00
2022/02/16	7.15	7.19	7.13	7.17	5902137	42226844.00
2022/02/17	7.16	7.26	7.13	7.19	12753733	91937752.00
2022/02/18	7.16	7.35	7.08	7.31	17035633	123598072.00
2022/02/21	7.36	7.45	7.31	7.45	15839388	117107600.00
2022/02/22	7.45	7.45	7.30	7.34	12545678	92090864.00
2022/02/23	7.35	7.37	7.30	7.36	8715714	64052472.00
2022/02/24	7.35	7.49	7.20	7.24	19484570	143263984.00
2022/02/25	7.26	7.37	7.21	7.33	13106442	95638120.00
2022/02/28	7.31	7.39	7.23	7.30	10091118	73613072.00
2022/03/01	7.32	7.42	7.32	7.35	11214216	82585136.00
2022/03/02	7.35	7.35	7.27	7.35	8045709	58797644.00
2022/03/03	7.36	7.48	7.35	7.39	16388918	121409064.00
2022/03/04	7.39	7.40	7.26	7.30	12304729	89951880.00
2022/03/07	7.27	7.27	7.10	7.14	12463472	89386240.00
2022/03/08	7.10	7.16	6.85	6.86	15446963	107485048.00
2022/03/09	6.84	6.95	6.38	6.71	18244038	122098720.00
2022/03/10	6.80	7.01	6.80	6.90	15245677	105548728.00
2022/03/11	6.88	6.93	6.68	6.91	11787084	80140304.00
2022/03/14	6.90	6.92	6.72	6.73	9263740	63126372.00
2022/03/15	6.77	6.79	6.30	6.31	15344492	99823016.00
2022/03/16	6.38	6.50	6.11	6.47	19419019	122693776.00
2022/03/17	6.51	6.60	6.45	6.46	12608142	82218808.00
2022/03/18	6.49	7.11	6.42	7.11	30640100	214259984.00
2022/03/21	7.23	7.45	7.10	7.34	72186275	523580864.00
2022/03/22	7.20	7.37	7.13	7.16	34009029	244775328.00
2022/03/23	7.16	7.26	7.11	7.12	22459542	160962912.00
2022/03/24	7.11	7.15	7.02	7.08	17330713	122747088.00
2022/03/25	7.08	7.09	6.88	6.92	19981190	139162464.00
2022/03/28	6.88	6.91	6.71	6.79	13827437	93968064.00
2022/03/29	6.79	6.86	6.66	6.72	12666600	85553144.00
2022/03/30	6.78	6.84	6.74	6.79	12016176	81527920.00
2022/03/31	6.77	6.84	6.68	6.70	12292995	83064928.00
2022/04/01	6.70	6.80	6.57	6.77	10970746	73723408.00
2022/04/06	6.76	6.82	6.69	6.81	11047200	74602040.00
2022/04/07	6.80	6.80	6.61	6.65	11620707	77795800.00
2022/04/08	6.70	6.70	6.51	6.66	10118828	66925280.00
2022/04/11	6.66	6.70	6.32	6.39	12872626	83779872.00
2022/04/12	6.36	6.47	6.30	6.45	9808512	62612768.00
2022/04/13	6.47	6.48	6.38	6.38	6833372	43846924.00
2022/04/14	6.40	6.46	6.37	6.39	7323700	46931892.00
2022/04/15	6.37	6.69	6.34	6.50	18434649	120281832.00
2022/04/18	6.50	6.56	6.36	6.54	11850800	76303528.00
2022/04/19	6.50	6.61	6.48	6.56	11573666	75818584.00
2022/04/20	6.56	6.59	6.38	6.40	12357000	80142624.00
2022/04/21	6.41	6.41	6.14	6.14	14759500	92225216.00
2022/04/22	6.10	6.24	6.05	6.17	12712270	77932688.00
2022/04/25	6.15	6.15	5.62	5.64	18967276	110908224.00
2022/04/26	5.64	5.70	5.26	5.28	18625283	101703560.00
2022/04/27	5.27	5.72	5.21	5.69	23316919	128249568.00
2022/04/28	5.68	5.73	5.53	5.60	13546973	76158096.00
2022/04/29	5.69	5.79	5.61	5.74	13403928	76519568.00
2022/05/05	5.74	5.92	5.72	5.83	14665407	85723696.00
2022/05/06	5.71	5.73	5.63	5.68	10467777	59516280.00
2022/05/09	5.68	5.80	5.66	5.79	8542200	49239048.00
2022/05/10	5.78	5.95	5.72	5.90	12838864	75404560.00
2022/05/11	5.90	6.08	5.88	5.90	19746700	118290488.00
2022/05/12	6.01	6.23	5.87	5.95	26145583	157657856.00
2022/05/13	5.95	6.11	5.90	5.92	18657678	111527512.00
2022/05/16	5.94	5.97	5.80	5.86	13765122	80977920.00
2022/05/17	5.92	5.92	5.75	5.82	13840355	80442696.00
2022/05/18	5.83	5.88	5.75	5.85	13490415	78805216.00
2022/05/19	5.77	5.94	5.72	5.91	22296668	130326056.00
2022/05/20	5.99	6.05	5.90	5.96	18528638	110497680.00
2022/05/23	6.00	6.01	5.95	5.99	11019752	65915748.00
2022/05/24	6.03	6.06	5.70	5.70	19683229	115630968.00
2022/05/25	5.69	5.96	5.67	5.94	16405186	95970312.00
2022/05/26	5.94	5.98	5.83	5.92	13319985	78788112.00
2022/05/27	5.95	6.00	5.81	5.90	14251181	83967216.00
2022/05/30	5.95	6.10	5.90	6.10	28253122	170621520.00
2022/05/31	6.18	6.45	6.11	6.28	48930327	306420576.00
2022/06/01	6.28	6.28	6.14	6.22	26116651	162121968.00
2022/06/02	6.22	6.30	6.14	6.27	18413822	114796744.00
2022/06/06	6.29	6.45	6.24	6.40	20790002	132347040.00
2022/06/07	6.40	6.48	6.27	6.33	22087837	140321008.00
2022/06/08	6.34	6.48	6.25	6.34	19255802	122654728.00
2022/06/09	6.28	6.37	6.21	6.23	15191110	95299672.00
2022/06/10	6.24	6.52	6.17	6.50	39599024	254840864.00
2022/06/13	6.49	6.49	6.32	6.38	24051018	153848576.00
2022/06/14	6.32	6.40	6.15	6.39	21364100	133922008.00
2022/06/15	6.38	6.45	6.31	6.32	20102824	128315064.00
2022/06/16	6.31	6.37	6.28	6.30	11399150	72005912.00
2022/06/17	6.30	6.37	6.22	6.33	11559667	72727080.00
2022/06/20	6.33	6.65	6.33	6.62	38255629	249263248.00
2022/06/21	6.62	6.69	6.51	6.57	22727839	149623184.00
2022/06/22	6.51	6.59	6.43	6.45	15142666	98392240.00
2022/06/23	6.48	6.57	6.41	6.56	14744368	95987568.00
2022/06/24	6.56	6.61	6.51	6.55	14522105	95303200.00
2022/06/27	6.55	6.61	6.49	6.54	15743927	102791240.00
2022/06/28	6.54	6.62	6.52	6.58	15562959	102066976.00
2022/06/29	6.58	6.59	6.37	6.38	20279648	130714464.00
2022/06/30	6.39	6.45	6.32	6.35	13785429	88091704.00
2022/07/01	6.36	6.49	6.30	6.31	16214873	103539784.00
2022/07/04	6.31	6.63	6.24	6.56	31731437	205630608.00
2022/07/05	6.60	6.61	6.44	6.54	19067755	124543720.00
2022/07/06	6.53	6.63	6.40	6.48	21363885	139421840.00
2022/07/07	6.49	6.74	6.45	6.61	37739276	249557856.00
2022/07/08	6.64	7.06	6.63	6.88	61108358	421013824.00
2022/07/11	6.89	6.92	6.65	6.71	36236920	244710192.00
2022/07/12	6.64	6.73	6.50	6.54	30535035	201103216.00
2022/07/13	6.52	6.87	6.45	6.85	45377168	304494688.00
2022/07/14	6.92	7.04	6.67	6.99	56715282	390016640.00
2022/07/15	6.91	7.15	6.86	6.93	46838042	326652704.00
2022/07/18	6.97	7.58	6.93	7.40	85790504	625998464.00
2022/07/19	7.35	7.36	7.10	7.14	55443628	397423616.00
2022/07/20	7.14	7.19	7.01	7.14	34308230	243393952.00
2022/07/21	7.12	7.14	6.91	6.92	33186072	233004032.00
2022/07/22	6.93	7.04	6.79	6.87	25624693	177076432.00
2022/07/25	6.91	7.02	6.70	6.80	22472307	152919088.00
2022/07/26	6.77	6.88	6.70	6.84	14242456	96697048.00
2022/07/27	6.79	6.96	6.78	6.90	17561626	120900176.00
2022/07/28	6.92	6.96	6.81	6.82	18575551	127634528.00
2022/07/29	6.90	7.04	6.84	6.94	24037456	166968224.00
2022/08/01	6.90	6.90	6.70	6.77	20570716	138824368.00
2022/08/02	6.71	6.72	6.25	6.35	30947647	198172816.00
2022/08/03	6.28	6.49	6.15	6.19	20962685	132675248.00
2022/08/04	6.24	6.30	6.16	6.26	11572808	72199800.00
2022/08/05	6.27	6.29	6.16	6.24	19246439	119507064.00
2022/08/08	6.22	6.34	6.16	6.29	12859827	80778384.00
2022/08/09	6.27	6.35	6.25	6.33	10475490	66218448.00
2022/08/10	6.28	6.36	6.25	6.26	10866800	68314936.00
2022/08/11	6.28	6.34	6.26	6.34	12085903	76270808.00
2022/08/12	6.30	6.40	6.30	6.36	10261377	65312872.00
2022/08/15	6.36	6.43	6.31	6.39	12468267	79290360.00
2022/08/16	6.44	7.03	6.43	7.03	49337853	339455744.00
2022/08/17	7.20	7.58	7.10	7.15	131310186	956575296.00
2022/08/18	7.14	7.23	6.93	6.94	70533021	495542240.00
2022/08/19	6.87	7.15	6.76	7.04	75975531	528197056.00
2022/08/22	7.00	7.11	6.85	6.93	47049662	326867008.00
2022/08/23	6.85	7.01	6.84	6.92	28797166	199328048.00
2022/08/24	6.87	6.90	6.65	6.66	31406524	211882000.00
2022/08/25	6.68	6.80	6.65	6.72	20942807	140618496.00
2022/08/26	6.75	6.90	6.68	6.77	24245411	164825760.00
2022/08/29	6.68	6.83	6.62	6.83	17070214	115426584.00
2022/08/30	6.79	6.87	6.56	6.61	22804771	151943808.00
2022/08/31	6.53	6.61	6.35	6.36	19471497	124981208.00
2022/09/01	6.39	6.46	6.30	6.32	11099000	70690768.00
2022/09/02	6.36	6.46	6.36	6.40	8990940	57503420.00
2022/09/05	6.38	6.45	6.35	6.44	8613800	55197216.00
2022/09/06	6.46	6.53	6.42	6.51	11541036	74835008.00
2022/09/07	6.52	6.67	6.43	6.66	18326568	120266360.00
2022/09/08	6.68	6.68	6.50	6.51	15281797	100208904.00
2022/09/09	6.52	6.56	6.46	6.54	11220836	73103336.00
2022/09/13	6.54	6.58	6.46	6.48	9170000	59627204.00
2022/09/14	6.39	6.40	6.33	6.37	9419715	59947764.00
2022/09/15	6.40	6.44	6.15	6.25	12694790	79719816.00
2022/09/16	6.26	6.27	6.10	6.11	11365482	70155392.00
2022/09/19	6.15	6.15	5.97	6.00	7623395	45845168.00
2022/09/20	6.05	6.11	5.97	6.02	9489239	57187320.00
2022/09/21	6.04	6.08	5.88	6.05	9245185	55574184.00
2022/09/22	6.04	6.05	5.93	5.96	8556246	51215112.00
2022/09/23	5.95	5.98	5.80	5.86	9250221	54376196.00
2022/09/26	5.84	5.89	5.73	5.74	7148054	41429116.00
2022/09/27	5.78	5.90	5.76	5.89	8178356	47749296.00
2022/09/28	5.90	6.00	5.72	5.72	10061783	58525852.00
2022/09/29	5.77	5.80	5.65	5.68	8337939	47804204.00
2022/09/30	5.69	5.74	5.67	5.68	4985807	28415304.00
2022/10/10	5.70	5.77	5.52	5.57	7826586	44226304.00
2022/10/11	5.59	5.77	5.56	5.73	8933198	50645820.00
2022/10/12	5.69	5.87	5.69	5.87	9125436	52736408.00
2022/10/13	5.87	5.94	5.83	5.88	8896070	52456856.00
2022/10/14	5.88	5.94	5.88	5.92	8328259	49326328.00
2022/10/17	5.91	6.06	5.88	6.06	10830551	65053288.00
2022/10/18	6.06	6.13	6.04	6.07	8351939	50748604.00
2022/10/19	6.06	6.07	5.97	5.98	8285107	49879976.00
2022/10/20	6.00	6.05	5.90	5.97	9045669	53954836.00
2022/10/21	6.02	6.03	5.95	5.98	6997392	41939308.00
2022/10/24	6.01	6.07	5.84	5.90	7807097	46458628.00
2022/10/25	5.90	5.92	5.77	5.88	8010660	46862324.00
2022/10/26	5.91	6.03	5.91	5.99	9028862	54050636.00
2022/10/27	5.98	6.02	5.95	5.95	7776100	46579340.00
2022/10/28	5.95	5.95	5.73	5.75	9183468	53520588.00
2022/10/31	5.71	5.82	5.70	5.77	7784000	45035740.00
2022/11/01	5.81	6.04	5.76	5.99	12764602	75862880.00
2022/11/02	6.00	6.01	5.94	5.99	9650480	57657140.00
2022/11/03	5.97	6.00	5.91	5.99	6983743	41719980.00
2022/11/04	5.99	6.07	5.99	6.06	11803114	71388856.00
2022/11/07	6.07	6.10	6.04	6.07	9411150	57163244.00
2022/11/08	6.07	6.10	6.04	6.08	7514972	45639668.00
2022/11/09	6.11	6.11	6.05	6.07	7070372	42882272.00
2022/11/10	6.05	6.08	5.98	6.03	9269972	55814348.00
2022/11/11	6.06	6.12	6.04	6.07	9672580	58758676.00
2022/11/14	6.07	6.11	6.00	6.01	8079197	48866200.00
2022/11/15	6.00	6.10	6.00	6.09	9834431	59649388.00
2022/11/16	6.15	6.30	6.11	6.13	18698187	115712960.00
2022/11/17	6.08	6.13	6.05	6.08	8758831	53184764.00
2022/11/18	6.07	6.12	6.04	6.06	8797120	53457580.00
2022/11/21	6.03	6.06	5.94	5.96	14118281	84345048.00
2022/11/22	5.96	6.03	5.94	5.96	9405509	56197116.00
2022/11/23	5.95	6.02	5.93	6.02	10949315	65579904.00
2022/11/24	6.04	6.06	5.96	5.97	7086000	42481132.00
2022/11/25	5.96	6.00	5.95	5.97	5560800	33174842.00
2022/11/28	5.93	6.04	5.84	6.02	10796033	64350616.00
2022/11/29	6.04	6.08	5.99	6.06	9935600	59987208.00
2022/11/30	6.08	6.11	6.05	6.08	10971491	66807156.00
2022/12/01	6.09	6.13	6.08	6.08	8057600	49128032.00
2022/12/02	6.10	6.13	6.07	6.11	9185102	56134820.00
2022/12/05	6.11	6.21	6.10	6.17	15782807	97164936.00
2022/12/06	6.18	6.19	6.09	6.10	10384239	63685052.00
2022/12/07	6.11	6.14	6.07	6.09	6911400	42196024.00
2022/12/08	6.10	6.11	6.05	6.06	6794507	41286636.00
2022/12/09	6.07	6.11	6.05	6.07	10264018	62384288.00
2022/12/12	6.07	6.09	6.00	6.01	7830817	47188388.00
2022/12/13	5.99	6.05	5.98	5.99	5848310	35078248.00
2022/12/14	5.97	6.03	5.96	5.97	5930314	35541852.00
2022/12/15	5.98	6.00	5.93	5.93	6533871	38856840.00
2022/12/16	5.93	5.97	5.90	5.96	7132893	42331656.00
2022/12/19	5.96	5.98	5.76	5.80	11045812	64547596.00
2022/12/20	5.78	5.81	5.74	5.77	4937700	28527088.00
2022/12/21	5.77	5.79	5.65	5.70	6285292	35935392.00
2022/12/22	5.74	5.75	5.60	5.62	4819604	27332662.00
2022/12/23	5.61	5.70	5.59	5.63	4569464	25811112.00
2022/12/26	5.66	5.69	5.63	5.68	5287434	29932644.00
2022/12/27	5.69	5.73	5.66	5.69	3568100	20293236.00
2022/12/28	5.70	5.84	5.66	5.75	8846400	51140624.00
2022/12/29	5.74	5.74	5.65	5.66	5614008	31867934.00
2022/12/30	5.70	5.71	5.65	5.67	4228133	23981736.00
2023/01/03	5.67	5.76	5.66	5.75	6492251	37170444.00
2023/01/04	5.80	5.80	5.73	5.77	6022650	34740768.00
2023/01/05	5.76	5.79	5.74	5.78	6063645	34958636.00
2023/01/06	5.76	5.98	5.73	5.84	16208154	95403384.00
2023/01/09	5.92	6.42	5.88	6.42	47421275	302957056.00
2023/01/10	6.35	6.35	6.12	6.22	61119579	381054912.00
2023/01/11	6.31	6.67	6.22	6.43	72986612	470399904.00
2023/01/12	6.45	6.80	6.34	6.55	56118912	369539968.00
2023/01/13	6.64	6.75	6.44	6.56	51958085	341859520.00
2023/01/16	6.70	6.70	6.45	6.46	38598230	251220720.00
2023/01/17	6.45	6.55	6.44	6.47	18606337	120647680.00
2023/01/18	6.44	6.63	6.44	6.50	19754928	128987088.00
2023/01/19	6.48	6.54	6.45	6.50	15947328	103667120.00
2023/01/20	6.50	6.55	6.47	6.51	16731846	108865232.00
2023/01/30	6.56	6.62	6.47	6.54	22760281	148628672.00
2023/01/31	6.52	6.73	6.49	6.69	29130952	194028288.00
2023/02/01	6.67	6.88	6.65	6.72	24966605	168016880.00
2023/02/02	6.72	7.08	6.68	6.86	43336362	298109920.00
2023/02/03	6.82	6.90	6.71	6.77	20072327	136111648.00
2023/02/06	6.76	6.84	6.70	6.78	16603660	112210816.00
2023/02/07	6.80	6.87	6.72	6.79	12820046	87047640.00
2023/02/08	6.80	6.83	6.75	6.76	9773086	66272160.00
2023/02/09	6.74	7.09	6.73	7.04	40247896	279718816.00
2023/02/10	7.40	7.74	7.35	7.74	147720463	1138086144.00
2023/02/13	7.84	8.51	7.84	8.51	150390672	1252443264.00
2023/02/14	8.80	8.89	8.08	8.63	232093150	1981399680.00
2023/02/15	8.60	8.64	8.26	8.53	109073192	919224512.00
2023/02/16	8.46	8.61	7.94	8.08	107407082	891263936.00
2023/02/17	8.09	8.36	8.00	8.12	86243525	704417856.00
2023/02/20	8.00	8.48	7.90	8.40	94750585	789257536.00
2023/02/21	8.33	8.49	8.20	8.43	72084520	601431360.00
2023/02/22	8.40	8.63	8.28	8.44	62287907	528329696.00
2023/02/23	8.40	8.58	8.30	8.39	51646990	434875776.00
2023/02/24	8.42	8.61	8.29	8.33	43268559	364469344.00
2023/02/27	8.33	8.59	8.13	8.48	56993506	482931552.00
2023/02/28	8.40	8.45	8.13	8.29	57906338	477973376.00
2023/03/01	8.38	8.38	8.10	8.17	43266619	353764448.00
2023/03/02	8.16	8.19	7.97	8.00	35881028	288373856.00
2023/03/03	8.09	8.09	7.83	7.96	41985349	332796320.00
2023/03/06	7.97	7.97	7.60	7.89	50419242	393437056.00
2023/03/07	7.89	7.96	7.79	7.84	29452420	232367968.00
2023/03/08	7.89	8.00	7.78	7.91	28247541	222224320.00
2023/03/09	7.87	7.95	7.72	7.90	27888677	219980944.00
2023/03/10	7.92	8.17	7.83	7.94	43141926	344387808.00
2023/03/13	7.72	7.99	7.70	7.94	32798088	259141424.00
2023/03/14	7.93	7.98	7.68	7.90	34622812	271816736.00
2023/03/15	7.91	8.15	7.83	8.05	28765977	231581824.00
2023/03/16	8.01	8.01	7.71	7.85	36926100	289067840.00
2023/03/17	7.89	8.03	7.72	7.86	35286079	277353056.00
2023/03/20	7.84	7.94	7.60	7.82	36010710	279554528.00
2023/03/21	7.82	8.00	7.80	7.95	19599840	155419952.00
2023/03/22	7.92	7.94	7.68	7.71	27391567	213039936.00
2023/03/23	7.71	7.85	7.63	7.83	26495017	205340768.00
2023/03/24	7.80	7.84	7.66	7.78	22349761	173598368.00
2023/03/27	7.82	7.83	7.67	7.70	15128836	116853536.00
2023/03/28	7.70	7.71	7.48	7.51	24246949	183306704.00
2023/03/29	7.51	7.64	7.48	7.50	17267747	130266080.00
2023/03/30	7.53	7.61	7.41	7.61	20627011	155317120.00
2023/03/31	7.59	7.80	7.52	7.76	19880805	152451408.00
2023/04/03	7.78	7.90	7.63	7.78	23479131	183240496.00
2023/04/04	7.73	7.78	7.42	7.47	25648659	193349296.00
2023/04/06	7.47	7.50	7.24	7.44	21249953	156834512.00
2023/04/07	7.43	7.58	7.33	7.53	15539701	116155520.00
2023/04/10	7.54	7.56	7.41	7.51	14176099	106157032.00
2023/04/11	7.47	7.75	7.42	7.60	21018085	159124496.00
2023/04/12	7.60	7.61	7.36	7.38	18728821	139393152.00
2023/04/13	7.40	7.52	7.35	7.41	17126500	127176384.00
2023/04/14	7.38	7.64	7.33	7.54	18029954	135258896.00
2023/04/17	7.54	7.68	7.40	7.44	26305083	197989424.00
2023/04/18	7.45	7.56	7.26	7.29	21068965	155175760.00
2023/04/19	7.29	7.34	7.22	7.29	12790720	93199216.00
2023/04/20	7.30	7.35	7.12	7.23	18624831	134342624.00
2023/04/21	7.23	7.30	7.06	7.12	20269902	145319072.00
2023/04/24	7.12	7.12	6.95	6.98	24214262	169621792.00
2023/04/25	6.98	7.11	6.70	6.86	28736691	196936240.00
2023/04/26	6.88	7.07	6.85	7.01	22667514	158603152.00
2023/04/27	6.96	7.01	6.80	6.83	20173519	138304272.00
2023/04/28	6.83	6.92	6.74	6.82	23271498	158621104.00
2023/05/05	6.70	6.70	6.70	6.70	0	0.00
数据来源:通达信
