002988 豪美新材 日线 不复权
      日期	    开盘	    最高	    最低	    收盘	    成交量	    成交额
2020/05/18	13.13	15.75	13.13	15.75	215995	3391795.25
2020/05/19	17.33	17.33	17.33	17.33	46443	804857.19
2020/05/20	19.06	19.06	19.06	19.06	80819	1540410.13
2020/05/21	20.97	20.97	20.97	20.97	175752	3685519.50
2020/05/22	23.07	23.07	23.07	23.07	584872	13492997.00
2020/05/25	25.00	25.00	21.16	23.26	34811351	784896704.00
2020/05/26	22.18	23.87	21.77	22.60	24034822	544705024.00
2020/05/27	22.07	24.86	22.06	24.65	31367532	748061184.00
2020/05/28	24.00	24.36	22.88	23.41	25024739	588323328.00
2020/05/29	23.86	24.74	22.03	22.11	23789396	559250112.00
2020/06/01	20.85	22.11	20.45	21.74	18943469	402919840.00
2020/06/02	21.29	21.73	21.08	21.67	15147626	324414592.00
2020/06/03	21.70	21.70	20.90	20.92	11872166	251444592.00
2020/06/04	20.84	21.38	20.76	21.25	10184396	215126144.00
2020/06/05	21.18	21.32	20.15	20.26	11391614	234829120.00
2020/06/08	20.37	20.76	20.20	20.52	6746986	138081856.00
2020/06/09	20.47	20.64	20.21	20.32	5507820	112010376.00
2020/06/10	20.21	20.64	19.81	20.40	7018159	142244528.00
2020/06/11	20.31	20.59	20.10	20.50	7162501	145726000.00
2020/06/12	20.00	20.98	19.88	20.83	9197135	189904720.00
2020/06/15	20.81	21.00	20.21	20.26	7562705	155868784.00
2020/06/16	20.38	20.53	20.08	20.36	5656983	114767320.00
2020/06/17	20.48	21.29	20.36	20.74	10743275	223786592.00
2020/06/18	20.56	20.60	20.11	20.20	7361729	148915920.00
2020/06/19	20.11	20.22	19.46	19.63	9102210	180217344.00
2020/06/22	19.43	19.66	19.26	19.31	5485305	106331744.00
2020/06/23	19.35	19.53	19.19	19.25	4192449	81097520.00
2020/06/24	19.26	19.30	18.65	18.66	6647295	125242376.00
2020/06/29	18.52	18.82	18.46	18.74	3214220	60037916.00
2020/06/30	18.86	18.86	18.56	18.68	4311083	80735648.00
2020/07/01	18.68	18.77	18.47	18.56	3894189	72382016.00
2020/07/02	18.58	18.86	18.50	18.77	4457125	83484912.00
2020/07/03	18.80	19.12	18.76	19.00	5558305	105458536.00
2020/07/06	19.00	19.63	19.00	19.56	8200555	158899136.00
2020/07/07	19.64	19.88	19.33	19.87	9885961	193840800.00
2020/07/08	19.82	20.34	19.61	20.15	10049641	200729648.00
2020/07/09	20.18	21.56	20.01	21.15	14236691	293983840.00
2020/07/10	20.87	21.24	20.38	20.46	10477174	217242688.00
2020/07/13	20.48	20.93	20.40	20.77	7835590	162449856.00
2020/07/14	20.50	20.67	19.82	20.09	9719283	196564544.00
2020/07/15	20.09	20.26	19.28	19.34	6099647	119961104.00
2020/07/16	19.25	19.36	18.06	18.13	6552787	122865360.00
2020/07/17	18.17	18.45	18.10	18.23	3358347	61311496.00
2020/07/20	18.50	18.98	18.30	18.90	4492539	83996800.00
2020/07/21	18.90	19.05	18.67	18.85	3270497	61540104.00
2020/07/22	18.90	19.00	18.66	18.71	3463814	65171720.00
2020/07/23	18.60	18.62	18.05	18.36	4106383	75243744.00
2020/07/24	18.25	18.48	17.60	17.71	4079839	73473720.00
2020/07/27	17.80	17.92	17.63	17.90	2216244	39357708.00
2020/07/28	18.00	18.35	17.99	18.22	2718078	49379784.00
2020/07/29	18.08	18.32	17.91	18.32	3033059	55061716.00
2020/07/30	18.29	18.57	18.12	18.46	3308041	60657484.00
2020/07/31	18.30	18.55	18.22	18.38	2653202	48760760.00
2020/08/03	18.43	18.88	18.39	18.75	4138534	77121544.00
2020/08/04	18.74	18.80	18.48	18.54	3172521	59007008.00
2020/08/05	18.52	18.81	18.36	18.64	2760176	51329756.00
2020/08/06	18.66	18.76	18.33	18.46	2529589	46769832.00
2020/08/07	18.38	18.45	17.82	17.96	3141545	56829508.00
2020/08/10	17.92	18.47	17.83	18.46	2690088	49155008.00
2020/08/11	18.46	18.63	18.18	18.25	2764733	51033824.00
2020/08/12	18.20	18.30	17.83	18.30	2658992	47881184.00
2020/08/13	18.30	18.75	18.21	18.72	4098493	76343760.00
2020/08/14	18.71	18.95	18.58	18.76	3514354	66084176.00
2020/08/17	18.76	18.86	18.40	18.71	3652682	68113976.00
2020/08/18	18.68	18.81	18.52	18.57	3048843	56792192.00
2020/08/19	18.51	18.55	18.18	18.19	2750550	50423516.00
2020/08/20	18.01	18.20	18.00	18.06	2049607	37047416.00
2020/08/21	18.07	18.18	17.94	18.01	1538406	27814968.00
2020/08/24	18.04	18.12	17.85	18.05	1739159	31253208.00
2020/08/25	18.01	18.34	18.01	18.22	2145253	38914736.00
2020/08/26	18.24	18.25	17.70	17.75	2493452	44723448.00
2020/08/27	17.76	18.08	17.58	17.89	1877912	33374152.00
2020/08/28	17.89	17.91	17.62	17.81	1456085	25863292.00
2020/08/31	17.91	17.95	17.80	17.82	1421110	25399736.00
2020/09/01	17.94	17.94	17.73	17.91	1199601	21388512.00
2020/09/02	18.00	18.00	17.73	17.79	1203137	21440220.00
2020/09/03	17.76	17.76	17.60	17.60	1594648	28177012.00
2020/09/04	17.59	17.59	17.35	17.52	1856070	32364972.00
2020/09/07	17.50	17.72	17.31	17.58	1969600	34711408.00
2020/09/08	17.52	17.75	17.49	17.64	2046880	35986684.00
2020/09/09	17.44	17.52	17.22	17.30	2361528	40957468.00
2020/09/10	17.38	17.50	16.61	16.66	2185002	37121148.00
2020/09/11	16.50	16.67	16.33	16.61	1272403	20990278.00
2020/09/14	16.67	17.28	16.62	16.82	1197754	20220734.00
2020/09/15	16.80	16.95	16.68	16.90	1095707	18456710.00
2020/09/16	16.97	18.25	16.92	17.90	7273904	129225080.00
2020/09/17	17.71	17.95	17.32	17.51	4129844	72454592.00
2020/09/18	17.57	17.71	17.32	17.48	2375812	41441332.00
2020/09/21	17.50	17.60	17.31	17.34	1602664	27868990.00
2020/09/22	17.30	17.30	16.71	16.76	2565909	43507592.00
2020/09/23	16.76	17.04	16.75	16.90	1095021	18529742.00
2020/09/24	16.75	16.75	16.47	16.50	1417005	23462146.00
2020/09/25	16.59	16.99	16.35	16.92	2232095	37159072.00
2020/09/28	16.87	17.69	16.78	17.50	4302379	74465384.00
2020/09/29	17.51	19.17	17.12	17.12	5777619	103522040.00
2020/09/30	16.77	16.80	16.35	16.45	2799899	46167176.00
2020/10/09	16.51	17.31	16.50	16.89	1796207	30135518.00
2020/10/12	17.05	17.17	16.89	17.12	1850597	31546362.00
2020/10/13	17.07	17.13	16.93	17.08	1304810	22233188.00
2020/10/14	17.00	17.10	16.75	16.78	1413605	23879846.00
2020/10/15	16.63	16.86	16.63	16.66	962300	16070022.00
2020/10/16	16.58	16.73	16.56	16.70	722202	12025359.00
2020/10/19	16.79	16.93	16.72	16.81	1048165	17633776.00
2020/10/20	16.77	16.82	16.65	16.79	913929	15304367.00
2020/10/21	16.81	16.88	16.58	16.61	984500	16415866.00
2020/10/22	16.63	16.63	16.43	16.50	912529	15051224.00
2020/10/23	16.50	16.64	16.35	16.36	968005	15951983.00
2020/10/26	16.35	16.45	16.24	16.34	723402	11811499.00
2020/10/27	16.35	16.43	16.31	16.40	693700	11359333.00
2020/10/28	16.34	16.39	16.02	16.07	1524921	24578274.00
2020/10/29	16.06	16.06	15.76	15.78	1229382	19465514.00
2020/10/30	15.77	15.87	15.38	15.41	1243705	19423998.00
2020/11/02	15.40	15.40	15.08	15.17	1114697	16965144.00
2020/11/03	15.19	15.62	15.19	15.60	1300397	20152204.00
2020/11/04	15.60	15.80	15.51	15.70	813505	12728105.00
2020/11/05	15.71	15.81	15.64	15.79	915633	14415424.00
2020/11/06	15.80	15.86	15.57	15.71	889904	13950213.00
2020/11/09	15.76	16.24	15.76	16.15	1975122	31710592.00
2020/11/10	16.24	16.30	16.00	16.10	1671615	26955508.00
2020/11/11	16.15	16.98	15.95	16.35	3548427	58485728.00
2020/11/12	16.32	16.32	15.83	15.86	2189129	35016512.00
2020/11/13	15.70	16.48	15.58	16.33	2902789	46919564.00
2020/11/16	16.19	17.96	16.19	17.96	7555266	132425392.00
2020/11/17	18.19	18.75	17.26	17.53	12213578	218874512.00
2020/11/18	17.00	17.66	16.71	17.35	6970303	119636168.00
2020/11/19	17.17	17.48	16.76	16.87	5213557	88517944.00
2020/11/20	16.82	18.30	16.82	17.78	9923907	176039536.00
2020/11/23	17.50	17.55	16.00	17.37	6959836	120008568.00
2020/11/24	17.31	17.37	16.93	17.15	4142616	70811984.00
2020/11/25	17.18	17.28	16.56	16.68	3986400	67068828.00
2020/11/26	16.54	16.97	16.46	16.92	2712484	45179588.00
2020/11/27	16.80	16.94	16.50	16.64	2251800	37618880.00
2020/11/30	16.79	17.15	16.53	17.00	3663307	62059020.00
2020/12/01	16.91	17.06	16.57	16.99	2804312	47202664.00
2020/12/02	16.91	17.69	16.91	17.25	4567217	79450200.00
2020/12/03	17.04	17.10	16.79	17.06	2929083	49566328.00
2020/12/04	16.96	17.82	16.81	17.43	4862907	84398504.00
2020/12/07	17.30	17.37	17.09	17.29	2921100	50315332.00
2020/12/08	17.40	17.54	17.19	17.21	2448009	42402608.00
2020/12/09	17.11	17.13	16.16	16.18	3943400	65555868.00
2020/12/10	16.18	16.28	15.96	16.01	1858700	29867682.00
2020/12/11	16.10	16.26	15.68	15.81	1660397	26412518.00
2020/12/14	15.95	15.95	15.62	15.86	709494	11193561.00
2020/12/15	15.86	16.07	15.80	16.01	849200	13524152.00
2020/12/16	16.08	16.18	15.80	15.82	814800	12932134.00
2020/12/17	15.81	16.13	15.64	16.03	1438382	22902092.00
2020/12/18	16.04	16.19	15.85	16.01	1272900	20371770.00
2020/12/21	15.89	16.08	15.86	15.95	863100	13783843.00
2020/12/22	15.80	16.12	15.47	15.51	1269805	19947416.00
2020/12/23	15.50	15.75	15.30	15.33	1211500	18700824.00
2020/12/24	15.29	15.32	14.97	15.00	1369700	20715980.00
2020/12/25	14.92	15.24	14.85	15.14	886194	13358929.00
2020/12/28	15.24	15.24	14.66	14.66	1153806	17169036.00
2020/12/29	14.61	14.82	14.61	14.62	893597	13114325.00
2020/12/30	14.60	14.72	14.51	14.63	695397	10165660.00
2020/12/31	14.67	14.87	14.60	14.67	1029491	15154091.00
2021/01/04	14.92	15.18	14.75	15.03	1457348	21889770.00
2021/01/05	14.89	14.98	14.83	14.89	1067000	15895955.00
2021/01/06	14.88	15.03	14.66	14.71	1044484	15463575.00
2021/01/07	14.70	14.79	14.08	14.12	1655997	23788076.00
2021/01/08	14.01	14.07	13.60	13.70	1810332	24822352.00
2021/01/11	13.75	13.76	13.15	13.20	1973697	26324616.00
2021/01/12	13.00	13.34	13.00	13.16	790649	10429550.00
2021/01/13	13.22	13.26	12.71	12.71	1591933	20549262.00
2021/01/14	12.75	12.75	12.36	12.72	1398005	17556642.00
2021/01/15	12.60	13.17	12.60	13.11	1429036	18571822.00
2021/01/18	13.14	13.49	13.14	13.25	1181500	15732561.00
2021/01/19	13.23	13.45	13.00	13.30	1009527	13407624.00
2021/01/20	13.30	13.49	13.28	13.46	1010117	13549974.00
2021/01/21	13.48	13.59	13.34	13.49	1149406	15498502.00
2021/01/22	13.57	14.20	13.30	13.65	2342912	31960404.00
2021/01/25	13.52	13.75	13.30	13.36	1138287	15257989.00
2021/01/26	13.15	13.73	13.15	13.53	1395805	18863176.00
2021/01/27	13.45	13.69	13.41	13.62	1075920	14626328.00
2021/01/28	13.56	13.87	13.45	13.72	1642361	22545270.00
2021/01/29	13.86	13.86	13.06	13.14	1766000	23643708.00
2021/02/01	12.98	13.45	12.95	13.41	865211	11456949.00
2021/02/02	13.59	13.71	13.47	13.60	911900	12411177.00
2021/02/03	13.60	13.60	13.31	13.38	767844	10311929.00
2021/02/04	13.33	13.33	12.59	12.80	1554202	19997460.00
2021/02/05	12.96	13.98	12.74	13.23	2370705	31824864.00
2021/02/08	13.28	13.63	12.82	13.51	1507603	19894168.00
2021/02/09	13.30	13.58	13.10	13.41	1942802	25843704.00
2021/02/10	13.36	13.36	13.12	13.16	1170527	15427865.00
2021/02/18	13.26	13.79	13.26	13.70	1907205	26020230.00
2021/02/19	13.59	14.17	13.50	14.12	2702034	37664752.00
2021/02/22	14.13	14.86	14.10	14.47	4443038	64763820.00
2021/02/23	14.28	14.70	14.20	14.21	2193605	31481952.00
2021/02/24	14.18	14.36	13.91	14.05	1913600	26987708.00
2021/02/25	14.01	14.30	13.92	13.95	1157600	16253569.00
2021/02/26	13.84	13.91	13.62	13.87	1005422	13875253.00
2021/03/01	14.05	14.12	13.95	14.04	1128000	15804397.00
2021/03/02	14.06	14.10	13.67	13.73	1449701	19965816.00
2021/03/03	13.80	14.25	13.72	14.18	2238306	31515518.00
2021/03/04	14.07	14.23	13.95	14.16	1622900	22853372.00
2021/03/05	14.01	14.10	13.84	13.94	1410535	19686158.00
2021/03/08	13.98	14.18	13.87	13.90	1029424	14407615.00
2021/03/09	13.98	13.98	13.30	13.38	1532800	20692668.00
2021/03/10	13.38	13.51	13.05	13.09	1063558	14043818.00
2021/03/11	13.38	13.76	13.19	13.63	1826705	24763796.00
2021/03/12	13.51	14.08	13.50	13.93	2476088	34309236.00
2021/03/15	13.71	14.05	13.58	13.69	1557781	21435858.00
2021/03/16	13.62	14.20	13.62	14.20	2517122	35401924.00
2021/03/17	14.06	14.27	13.91	14.27	2395737	33783016.00
2021/03/18	14.99	15.70	14.90	15.70	3371192	52656572.00
2021/03/19	16.04	17.27	15.80	17.27	16696679	279295296.00
2021/03/22	16.94	18.14	16.43	17.26	21866594	372840832.00
2021/03/23	16.80	16.80	15.53	15.53	13746408	220034800.00
2021/03/24	14.66	14.98	14.43	14.90	9665721	142446544.00
2021/03/25	14.79	15.38	14.51	15.20	7713489	116226776.00
2021/03/26	15.00	15.17	14.67	15.15	6150022	91693824.00
2021/03/29	14.94	15.14	14.71	14.94	4336694	64567264.00
2021/03/30	14.83	14.84	14.46	14.75	4647692	68064184.00
2021/03/31	14.70	14.94	14.53	14.80	3677205	54391148.00
2021/04/01	14.55	14.59	13.99	14.37	5142652	73380320.00
2021/04/02	14.37	14.41	14.15	14.20	3558994	50691020.00
2021/04/06	14.20	14.68	14.19	14.58	3636677	52735376.00
2021/04/07	14.49	15.27	14.43	15.15	6848966	102300256.00
2021/04/08	15.20	16.10	14.97	15.21	9453150	145747888.00
2021/04/09	14.95	15.39	14.85	15.39	6127379	92847312.00
2021/04/12	15.39	15.40	14.49	14.58	5716401	84572032.00
2021/04/13	14.73	14.93	14.32	14.35	3197091	46556628.00
2021/04/14	14.23	15.38	14.22	14.91	5915012	88295864.00
2021/04/15	15.04	15.79	14.92	15.61	8614222	133459448.00
2021/04/16	15.46	15.97	15.04	15.67	8782492	137310864.00
2021/04/19	15.72	15.82	15.35	15.53	5832716	90778280.00
2021/04/20	15.53	15.68	15.24	15.25	5515300	85168832.00
2021/04/21	15.20	15.40	15.01	15.24	3231100	49162884.00
2021/04/22	15.30	15.50	15.05	15.18	4031305	61522304.00
2021/04/23	15.00	15.00	14.46	14.72	4043932	59249144.00
2021/04/26	14.66	16.19	14.60	16.19	9951414	158223232.00
2021/04/27	15.84	16.66	15.65	15.87	14753322	237593648.00
2021/04/28	15.82	15.82	15.16	15.67	8461810	130783880.00
2021/04/29	15.63	15.88	15.21	15.35	7023697	108780736.00
2021/04/30	15.42	15.47	14.81	15.02	5365910	80714264.00
2021/05/06	15.15	15.74	15.01	15.35	5563797	85068624.00
2021/05/07	15.06	15.63	15.02	15.04	7049300	107885960.00
2021/05/10	14.88	14.90	13.70	14.14	7941324	112212896.00
2021/05/11	13.90	13.90	13.18	13.36	5671517	75759744.00
2021/05/12	13.29	13.44	13.21	13.40	2639807	35256020.00
2021/05/13	13.34	13.49	13.22	13.30	2048946	27359384.00
2021/05/14	13.32	13.38	13.12	13.26	2515100	33206630.00
2021/05/17	13.24	13.49	13.01	13.45	3083200	40973400.00
2021/05/18	13.48	13.64	13.25	13.63	2661400	35944832.00
2021/05/19	13.48	13.54	13.20	13.30	2421900	32374294.00
2021/05/20	13.23	13.42	13.12	13.24	1686778	22352100.00
2021/05/21	13.21	13.53	13.20	13.33	1546800	20659772.00
2021/05/24	13.44	13.44	13.20	13.32	1590078	21199768.00
2021/05/25	13.30	13.34	13.22	13.30	1621347	21510764.00
2021/05/26	13.30	13.41	13.22	13.41	1977870	26368432.00
2021/05/27	13.42	13.65	13.35	13.57	2429915	32802590.00
2021/05/28	13.60	13.75	13.31	13.34	2474052	33332014.00
2021/05/31	13.38	13.45	13.21	13.44	1719284	22955222.00
2021/06/01	13.40	13.51	13.31	13.49	1632385	21907612.00
2021/06/02	13.48	13.48	13.39	13.43	1410200	18942398.00
2021/06/03	13.48	13.56	13.41	13.50	1613439	21774020.00
2021/06/04	13.48	13.55	13.30	13.34	1718100	23045302.00
2021/06/07	13.34	13.37	13.27	13.35	1200900	15976863.00
2021/06/08	13.35	13.36	13.25	13.36	1124255	14950860.00
2021/06/09	13.38	13.55	13.28	13.51	1792199	24157022.00
2021/06/10	13.51	13.55	13.38	13.46	1209905	16270010.00
2021/06/11	13.46	13.60	13.40	13.58	1889600	25563996.00
2021/06/15	13.63	13.63	13.28	13.34	1466200	19623122.00
2021/06/16	13.34	13.42	13.27	13.41	963415	12872461.00
2021/06/17	13.34	13.44	13.33	13.38	1100805	14727946.00
2021/06/18	13.40	13.40	13.13	13.20	1802305	23839894.00
2021/06/21	13.20	13.36	13.17	13.24	1122009	14898651.00
2021/06/22	13.24	13.35	13.15	13.35	1314624	17442396.00
2021/06/23	13.35	13.47	13.30	13.40	1462914	19560524.00
2021/06/24	13.41	13.67	13.32	13.59	3010760	40812052.00
2021/06/25	13.62	13.70	13.44	13.61	2165800	29311512.00
2021/06/28	13.61	13.89	13.57	13.82	2617415	36074888.00
2021/06/29	13.85	13.93	13.51	13.52	1956805	26627066.00
2021/06/30	13.50	13.53	13.32	13.41	1462121	19631192.00
2021/07/01	13.54	13.54	13.29	13.30	1171400	15698850.00
2021/07/02	13.36	13.36	13.20	13.25	983400	13048039.00
2021/07/05	13.25	13.46	13.25	13.46	1052805	14102511.00
2021/07/06	13.52	13.68	13.39	13.67	1947700	26445764.00
2021/07/07	13.64	13.82	13.60	13.77	2112696	29016416.00
2021/07/08	13.75	13.82	13.47	13.55	1895016	25766520.00
2021/07/09	13.49	13.93	13.43	13.85	2626916	36164448.00
2021/07/12	14.00	14.85	13.88	14.55	6698014	95855520.00
2021/07/13	14.47	14.89	14.34	14.64	4448221	65167620.00
2021/07/14	14.63	14.63	14.22	14.24	2790773	40030272.00
2021/07/15	14.17	14.36	13.95	14.32	2295112	32481936.00
2021/07/16	14.34	14.57	14.20	14.43	2728900	39259780.00
2021/07/19	14.32	14.71	14.16	14.63	2831000	41068448.00
2021/07/20	14.38	14.53	14.32	14.41	1645541	23710732.00
2021/07/21	14.43	14.69	14.35	14.69	2587341	37633856.00
2021/07/22	14.71	14.90	14.50	14.65	2618341	38504184.00
2021/07/23	14.60	14.73	14.17	14.34	2507516	36183592.00
2021/07/26	14.18	14.55	14.04	14.34	2549100	36487160.00
2021/07/27	14.34	14.67	13.82	13.89	2784305	39538972.00
2021/07/28	13.74	13.86	13.10	13.29	2473400	33170408.00
2021/07/29	13.41	14.17	13.41	14.10	2849183	39402420.00
2021/07/30	13.97	14.58	13.97	14.49	2961996	42646512.00
2021/08/02	14.49	14.76	14.39	14.75	2970636	43460796.00
2021/08/03	14.72	15.51	14.64	15.35	6541026	99489088.00
2021/08/04	15.36	15.74	15.03	15.65	5096475	78351688.00
2021/08/05	15.50	15.85	15.35	15.48	2437122	37912556.00
2021/08/06	15.44	15.65	15.36	15.59	1808400	28071212.00
2021/08/09	15.57	15.78	15.30	15.76	2984354	46453784.00
2021/08/10	15.74	15.97	15.67	15.94	2090128	33117030.00
2021/08/11	15.96	16.10	15.79	16.03	1560900	24958552.00
2021/08/12	15.97	16.60	15.90	16.50	2699289	44235252.00
2021/08/13	16.50	17.02	16.28	16.81	3793972	63223224.00
2021/08/16	17.89	18.49	17.88	18.49	4215721	77453992.00
2021/08/17	18.64	19.12	17.35	17.50	9529435	170976896.00
2021/08/18	17.48	17.69	17.07	17.58	4383105	76470104.00
2021/08/19	17.30	18.74	17.15	18.58	7099134	129320064.00
2021/08/20	18.95	18.99	17.80	18.73	5847265	107892592.00
2021/08/23	18.65	18.80	18.09	18.40	4476797	82700024.00
2021/08/24	18.40	18.92	18.36	18.83	3596681	67413488.00
2021/08/25	18.90	19.75	18.60	19.51	4787897	92953776.00
2021/08/26	19.39	19.86	18.66	19.55	3352509	65205452.00
2021/08/27	19.19	19.86	19.19	19.50	2554233	49840668.00
2021/08/30	19.81	19.90	19.38	19.59	2497172	48895088.00
2021/08/31	19.49	20.33	19.20	20.21	3144502	62435432.00
2021/09/01	20.21	20.95	19.55	20.01	4239110	86019944.00
2021/09/02	19.90	21.38	19.68	20.95	3830487	79004392.00
2021/09/03	21.21	21.27	20.35	20.70	2347300	48740152.00
2021/09/06	20.70	20.95	19.80	19.90	2512184	50597248.00
2021/09/07	19.80	20.69	19.70	20.48	2348466	47765932.00
2021/09/08	20.47	21.16	20.33	20.95	2504572	52290148.00
2021/09/09	20.70	21.58	20.70	21.00	2296706	48391168.00
2021/09/10	21.40	21.40	20.28	20.53	2554905	52741884.00
2021/09/13	20.33	21.60	20.33	21.54	4094714	86780680.00
2021/09/14	21.38	21.49	21.02	21.08	2935400	62342096.00
2021/09/15	21.29	21.29	20.72	20.96	1457105	30564516.00
2021/09/16	20.78	21.20	19.95	20.10	2560482	52336504.00
2021/09/17	20.18	20.44	19.22	19.71	2316506	45755748.00
2021/09/22	19.64	20.04	19.20	19.75	1768200	34792548.00
2021/09/23	19.75	20.26	19.75	19.98	1042039	20861876.00
2021/09/24	19.98	20.38	19.25	19.25	1219400	23904308.00
2021/09/27	19.21	19.99	17.70	17.76	2709100	50084296.00
2021/09/28	17.76	18.04	16.66	17.35	3424310	59420508.00
2021/09/29	17.39	17.99	16.30	16.41	3529400	59760424.00
2021/09/30	16.44	16.61	16.12	16.38	2017100	32955716.00
2021/10/08	16.53	18.02	16.52	18.02	1656894	29305326.00
2021/10/11	19.00	19.82	18.14	18.69	5076734	96544736.00
2021/10/12	18.80	19.68	18.51	19.48	4668326	89978312.00
2021/10/13	19.24	19.40	18.56	18.70	3034310	57368192.00
2021/10/14	18.70	19.80	18.67	19.64	2987397	57837984.00
2021/10/15	19.64	20.00	19.24	19.76	2260500	44513188.00
2021/10/18	19.74	20.03	19.42	19.90	2416975	47952476.00
2021/10/19	20.26	20.26	19.40	19.59	1880087	36869872.00
2021/10/20	19.59	20.11	19.43	19.73	2095405	41553432.00
2021/10/21	19.90	20.09	19.45	19.48	1176200	23106410.00
2021/10/22	19.31	19.58	18.93	19.01	1787051	34303552.00
2021/10/25	19.01	19.50	18.71	18.74	1752500	33137002.00
2021/10/26	18.99	18.99	18.12	18.27	1856800	34035500.00
2021/10/27	18.44	18.47	17.71	17.88	1216700	21900940.00
2021/10/28	17.89	17.95	16.95	17.34	1221091	21061130.00
2021/10/29	17.28	17.67	17.20	17.40	845247	14733407.00
2021/11/01	17.59	18.74	17.45	18.28	2049047	37465288.00
2021/11/02	18.48	18.90	17.25	17.57	1854240	32995012.00
2021/11/03	17.34	18.44	17.33	18.43	1548993	27959046.00
2021/11/04	18.30	18.36	17.83	17.97	1749605	31463280.00
2021/11/05	17.91	18.28	17.79	17.85	1283093	23149708.00
2021/11/08	17.79	17.84	17.40	17.57	873195	15326158.00
2021/11/09	17.62	17.84	17.44	17.74	694900	12272123.00
2021/11/10	17.88	17.88	17.02	17.70	1318800	22983382.00
2021/11/11	17.60	18.08	17.30	17.32	1524800	26918492.00
2021/11/12	17.38	18.04	17.30	17.93	2437600	43262344.00
2021/11/15	18.18	18.18	17.38	17.88	1534301	27224206.00
2021/11/16	17.93	17.93	17.55	17.55	1174226	20770524.00
2021/11/17	17.62	19.31	17.48	19.31	3394321	62593356.00
2021/11/18	20.80	21.24	20.20	20.43	13554909	284883456.00
2021/11/19	20.34	20.41	19.03	19.81	11004011	217738976.00
2021/11/22	19.82	21.44	19.82	20.44	9110329	187306432.00
2021/11/23	20.60	21.43	20.30	20.88	6177341	129264008.00
2021/11/24	20.91	22.97	20.73	22.97	8336886	186778704.00
2021/11/25	23.08	23.77	21.90	22.29	7212955	162489168.00
2021/11/26	22.63	22.68	21.72	22.24	5081138	112627624.00
2021/11/29	22.24	22.35	21.50	21.88	4938104	108353552.00
2021/11/30	22.30	22.36	20.75	20.90	5271394	111880104.00
2021/12/01	20.97	22.35	20.59	21.60	6532847	140320480.00
2021/12/02	21.87	21.87	20.76	21.06	4204024	88823720.00
2021/12/03	21.08	21.24	20.42	20.71	2813841	58501508.00
2021/12/06	20.77	21.11	20.10	20.25	2328100	47875328.00
2021/12/07	20.30	20.69	19.48	19.69	2819500	55968400.00
2021/12/08	19.69	20.30	19.60	20.08	1725445	34497060.00
2021/12/09	20.03	20.16	19.56	19.74	1887982	37357472.00
2021/12/10	19.76	20.91	19.61	20.91	3932850	80121728.00
2021/12/13	21.00	21.70	20.33	20.91	4389449	91723968.00
2021/12/14	20.80	20.97	20.56	20.80	2430566	50403456.00
2021/12/15	20.59	21.50	20.58	21.11	2708449	57168968.00
2021/12/16	21.00	21.53	20.95	21.34	2335791	49695564.00
2021/12/17	21.57	21.57	20.75	20.95	2207832	46563776.00
2021/12/20	21.01	21.43	20.70	20.73	2031700	42770800.00
2021/12/21	20.80	21.10	20.09	20.32	3213900	65495792.00
2021/12/22	20.45	20.86	20.44	20.65	1901617	39243644.00
2021/12/23	20.65	21.70	20.44	21.03	3626145	76852592.00
2021/12/24	21.54	21.88	20.09	20.25	3723831	76864184.00
2021/12/27	19.85	20.50	19.82	20.21	1952725	39504940.00
2021/12/28	20.38	20.46	19.93	20.40	1415600	28703280.00
2021/12/29	20.40	20.45	19.99	19.99	1710507	34444016.00
2021/12/30	19.99	20.38	19.85	20.34	1699741	34286192.00
2021/12/31	20.01	21.26	20.01	20.61	3108033	64359100.00
2022/01/04	20.61	21.02	20.20	20.87	2265916	46729052.00
2022/01/05	20.83	21.11	20.53	20.99	2452721	51065664.00
2022/01/06	21.00	21.45	20.73	20.96	2957669	62491444.00
2022/01/07	21.04	22.88	21.04	21.95	6990491	154384768.00
2022/01/10	21.92	22.05	21.30	21.75	4560094	98463112.00
2022/01/11	21.57	21.78	20.91	21.00	2783899	59355232.00
2022/01/12	20.99	21.50	20.32	20.96	3857841	80142088.00
2022/01/13	21.14	21.80	20.60	20.77	4205184	88405376.00
2022/01/14	20.80	21.11	20.52	20.82	2435625	50826584.00
2022/01/17	20.55	21.65	20.46	21.39	4962540	105230496.00
2022/01/18	21.36	21.48	20.71	20.76	1890749	39867324.00
2022/01/19	20.75	22.07	20.70	21.98	4181658	89910248.00
2022/01/20	22.80	22.80	21.01	21.08	9616954	205196896.00
2022/01/21	21.18	21.25	20.52	20.67	5249448	109621072.00
2022/01/24	19.41	19.70	18.60	18.60	2083800	39130280.00
2022/01/25	17.67	17.83	16.74	16.74	4743797	81005168.00
2022/01/26	16.94	16.94	16.25	16.60	2826594	46849800.00
2022/01/27	16.60	17.10	16.60	16.74	2632919	44427836.00
2022/01/28	16.77	17.77	16.68	17.59	2474580	42386092.00
2022/02/07	17.63	18.00	17.36	17.80	1761821	31216446.00
2022/02/08	17.87	18.36	17.79	18.21	2921492	52730540.00
2022/02/09	18.40	18.64	18.17	18.58	1667432	30702116.00
2022/02/10	18.65	18.89	18.52	18.76	2943182	55068056.00
2022/02/11	18.77	18.85	18.51	18.61	1973727	36845840.00
2022/02/14	18.61	18.78	18.36	18.46	1676336	31204810.00
2022/02/15	18.47	18.85	18.36	18.46	1620908	30092632.00
2022/02/16	18.60	18.78	18.39	18.72	1080456	20122500.00
2022/02/17	18.74	18.85	18.60	18.64	1287193	24099094.00
2022/02/18	18.79	18.79	18.20	18.59	1288838	23893100.00
2022/02/21	18.59	18.74	18.37	18.56	964656	17914494.00
2022/02/22	18.65	18.69	18.19	18.20	1495370	27377372.00
2022/02/23	18.26	18.32	17.84	18.07	1683626	30279768.00
2022/02/24	18.06	18.25	17.56	17.72	1449171	25933766.00
2022/02/25	17.93	18.36	17.70	18.10	1602300	29074116.00
2022/02/28	18.37	18.38	17.83	18.17	1298012	23515060.00
2022/03/01	18.16	18.36	18.02	18.24	886116	16110248.00
2022/03/02	18.38	18.69	18.20	18.51	1156799	21365998.00
2022/03/03	18.51	18.62	18.31	18.55	1086299	20083160.00
2022/03/04	18.58	18.58	17.80	17.86	1441242	26084684.00
2022/03/07	17.68	17.95	17.05	17.23	2050174	35666460.00
2022/03/08	17.16	17.30	16.41	16.48	2222968	37387304.00
2022/03/09	16.45	16.58	15.48	16.04	1710172	27607664.00
2022/03/10	16.26	16.46	15.86	16.00	1964589	31613236.00
2022/03/11	15.98	15.99	15.43	15.98	2202599	34595724.00
2022/03/14	15.98	15.98	15.45	15.45	2419393	37889592.00
2022/03/15	15.40	15.40	14.32	14.32	2289500	33903116.00
2022/03/16	14.60	14.93	13.80	14.67	3865320	55517736.00
2022/03/17	14.88	15.36	14.71	15.05	1846975	27755740.00
2022/03/18	15.16	16.01	15.00	15.75	3185567	49394012.00
2022/03/21	15.75	15.76	15.19	15.35	2989109	45854804.00
2022/03/22	15.22	15.50	15.06	15.39	1573804	24083610.00
2022/03/23	15.49	15.49	15.25	15.41	1205900	18567380.00
2022/03/24	15.30	15.50	15.12	15.16	1427360	21792124.00
2022/03/25	15.10	15.56	15.10	15.20	1244685	19103540.00
2022/03/28	15.20	15.52	14.69	15.22	1293600	19674408.00
2022/03/29	15.25	15.55	14.58	14.68	1830400	27133190.00
2022/03/30	14.82	14.91	14.51	14.70	1502163	22007626.00
2022/03/31	14.75	14.99	14.58	14.59	1957800	28857720.00
2022/04/01	14.58	14.58	14.25	14.42	1291500	18598002.00
2022/04/06	12.98	13.88	12.98	13.68	7768256	103555832.00
2022/04/07	13.69	13.94	13.11	13.31	4428596	59538608.00
2022/04/08	13.13	13.41	13.13	13.25	2556819	33900980.00
2022/04/11	13.20	13.24	12.50	12.70	2519400	32520928.00
2022/04/12	12.65	12.93	12.46	12.87	2470519	31407860.00
2022/04/13	12.84	12.99	12.60	12.83	1639853	20989832.00
2022/04/14	12.75	13.01	12.71	12.90	2148097	27671076.00
2022/04/15	12.85	12.85	12.50	12.58	2145449	27034872.00
2022/04/18	12.62	12.72	12.15	12.68	1457300	18280262.00
2022/04/19	12.77	12.99	12.59	12.73	1646000	21006800.00
2022/04/20	12.73	12.89	12.54	12.70	1668176	21285956.00
2022/04/21	12.55	12.76	12.16	12.16	1984735	24581314.00
2022/04/22	12.06	12.27	11.90	12.08	1481800	17872970.00
2022/04/25	12.00	12.00	10.87	10.87	2663200	30002958.00
2022/04/26	10.87	10.97	10.11	10.17	3335010	35178668.00
2022/04/27	10.17	10.56	9.77	10.49	3645649	36950664.00
2022/04/28	10.56	10.75	10.33	10.55	2353400	24807336.00
2022/04/29	10.75	10.95	10.50	10.88	1889036	20339652.00
2022/05/05	10.88	11.58	10.80	11.38	2045336	23095230.00
2022/05/06	11.04	11.37	11.00	11.21	1526015	17092368.00
2022/05/09	11.22	11.38	11.01	11.28	1412900	15860416.00
2022/05/10	11.08	11.40	11.07	11.32	1595700	17941962.00
2022/05/11	11.38	11.91	11.32	11.55	2371723	27673648.00
2022/05/12	11.53	11.70	11.35	11.64	1246600	14446501.00
2022/05/13	11.64	11.84	11.47	11.80	1400590	16338925.00
2022/05/16	11.78	12.15	11.78	11.95	1969800	23661174.00
2022/05/17	11.95	12.10	11.80	11.89	1041844	12382800.00
2022/05/18	11.93	12.24	11.81	12.19	1820300	22082872.00
2022/05/19	12.12	12.24	11.80	12.23	1441716	17353850.00
2022/05/20	12.30	12.58	12.13	12.56	2046515	25418972.00
2022/05/23	12.59	13.38	12.54	13.37	4478942	58329100.00
2022/05/24	13.24	13.24	12.15	12.24	5512003	69613208.00
2022/05/25	12.20	12.78	12.16	12.58	2541012	31861376.00
2022/05/26	12.58	12.69	12.30	12.52	2125135	26609722.00
2022/05/27	12.52	12.72	12.24	12.36	1698547	21151506.00
2022/05/30	12.40	12.46	12.18	12.35	1037500	12766852.00
2022/05/31	12.35	12.37	12.01	12.29	1309900	15977806.00
2022/06/01	12.22	12.57	12.19	12.48	1185017	14739457.00
2022/06/02	12.38	12.83	12.25	12.83	1992543	25119160.00
2022/06/06	12.82	14.11	12.82	14.11	9715100	134521456.00
2022/06/07	14.20	14.20	13.10	13.32	11863049	158832000.00
2022/06/08	13.20	13.34	12.71	13.11	5669887	73917368.00
2022/06/09	13.03	13.10	12.72	12.75	3170988	40680980.00
2022/06/10	12.56	13.37	12.56	13.26	4542300	59662036.00
2022/06/13	13.04	13.74	13.04	13.74	5500130	74143408.00
2022/06/14	13.51	14.35	13.47	14.27	9388000	131679832.00
2022/06/15	14.60	15.70	14.41	15.70	21124072	325509376.00
2022/06/16	14.80	15.99	14.77	15.29	14130716	217457232.00
2022/06/17	15.67	16.45	15.20	15.40	13666554	215491856.00
2022/06/20	15.43	16.94	14.95	16.94	17147149	275174848.00
2022/06/21	16.45	18.63	16.45	18.63	15185115	265303200.00
2022/06/22	18.10	20.19	18.08	18.75	14179229	273114784.00
2022/06/23	18.75	20.38	18.21	19.92	12906981	250045104.00
2022/06/24	20.05	20.26	18.84	19.05	10514541	205055040.00
2022/06/27	19.03	19.38	17.75	17.96	11844735	215628384.00
2022/06/28	18.00	18.43	17.36	18.19	8736774	156871632.00
2022/06/29	18.10	18.10	16.37	16.37	8989164	150552320.00
2022/06/30	16.01	16.23	15.83	16.07	6098238	97854528.00
2022/07/01	16.80	16.80	14.85	15.73	8022970	124540984.00
2022/07/04	15.80	16.36	15.44	16.17	5233129	83418040.00
2022/07/05	16.18	16.49	15.75	15.88	4605619	74064096.00
2022/07/06	15.89	16.35	15.40	15.70	4827272	76428200.00
2022/07/07	15.91	16.60	15.46	16.55	6150709	99856800.00
2022/07/08	16.50	16.75	15.65	15.71	5037435	80695784.00
2022/07/11	15.73	15.99	15.24	15.39	4812395	74814496.00
2022/07/12	15.48	15.48	14.89	15.09	4254800	64336280.00
2022/07/13	14.91	15.39	14.91	15.36	2344800	35708400.00
2022/07/14	15.22	15.73	15.16	15.51	2460999	38152464.00
2022/07/15	15.56	15.59	15.01	15.01	3330314	50553012.00
2022/07/18	15.01	15.97	14.99	15.82	4718336	73433896.00
2022/07/19	15.83	16.47	15.71	15.90	4276986	68688672.00
2022/07/20	15.90	15.92	15.46	15.51	4045906	63152464.00
2022/07/21	15.51	15.56	15.00	15.15	4022971	61282776.00
2022/07/22	15.22	15.41	14.90	15.27	3369752	51170844.00
2022/07/25	15.07	15.44	14.45	14.61	4817913	71283152.00
2022/07/26	14.62	15.09	14.35	15.06	4225748	62348636.00
2022/07/27	15.30	15.39	14.85	15.31	3157700	48028444.00
2022/07/28	15.41	16.19	15.41	16.06	5989073	95214840.00
2022/07/29	15.95	16.50	15.86	16.24	4957293	80334224.00
2022/08/01	16.75	16.75	16.01	16.13	4535703	73772808.00
2022/08/02	16.08	16.13	15.07	15.25	4313674	66728428.00
2022/08/03	15.40	15.80	14.88	15.01	3318100	50794084.00
2022/08/04	15.10	15.36	14.80	15.19	2672800	40163320.00
2022/08/05	15.29	15.50	14.95	15.16	2218620	33624516.00
2022/08/08	15.12	16.05	14.93	16.03	3893563	61008188.00
2022/08/09	16.20	16.60	15.92	16.58	5411800	88547584.00
2022/08/10	16.66	16.70	16.03	16.12	5315600	86395360.00
2022/08/11	16.23	16.30	15.97	16.00	3832764	61585472.00
2022/08/12	16.20	16.60	16.05	16.11	5435464	88603064.00
2022/08/15	16.10	16.28	15.76	15.98	3018273	48083308.00
2022/08/16	16.01	16.40	15.91	16.34	3554500	57763128.00
2022/08/17	16.35	16.35	15.87	16.25	4401300	70871896.00
2022/08/18	16.09	16.63	16.05	16.61	4910784	80542944.00
2022/08/19	16.75	17.51	16.53	16.98	7579400	129560440.00
2022/08/22	16.74	16.88	16.05	16.50	4818646	79141936.00
2022/08/23	16.45	16.45	16.01	16.22	3353301	54194556.00
2022/08/24	16.00	16.00	14.68	14.75	6269621	95053080.00
2022/08/25	14.75	15.06	14.11	14.28	4009075	57522252.00
2022/08/26	14.29	15.16	14.29	14.74	2866474	42384268.00
2022/08/29	14.68	14.68	14.26	14.51	1977636	28627742.00
2022/08/30	14.41	14.73	14.22	14.31	1989100	28607644.00
2022/08/31	14.35	14.44	13.55	13.56	3483114	48260424.00
2022/09/01	13.65	13.93	13.49	13.54	1458000	19964136.00
2022/09/02	13.59	13.73	13.32	13.54	1697600	22984082.00
2022/09/05	13.54	14.70	13.41	14.67	4920190	70786384.00
2022/09/06	14.81	16.14	14.71	16.14	8252397	130009920.00
2022/09/07	15.87	16.58	15.77	16.23	8683533	141654432.00
2022/09/08	16.38	16.93	15.90	16.58	7149456	117576288.00
2022/09/09	17.08	17.12	15.90	16.14	4310100	69853024.00
2022/09/13	16.24	16.78	16.24	16.52	3265600	53713736.00
2022/09/14	16.30	16.55	15.88	16.10	2976483	48038628.00
2022/09/15	16.25	16.28	15.10	15.39	3408723	52693524.00
2022/09/16	15.43	15.50	14.89	15.08	2350290	35543868.00
2022/09/19	15.00	15.45	14.90	15.10	2456791	37222340.00
2022/09/20	15.29	15.85	15.03	15.69	3411915	52565172.00
2022/09/21	15.70	15.89	15.18	15.62	3663197	57161568.00
2022/09/22	15.45	15.75	15.39	15.45	1760239	27338600.00
2022/09/23	15.45	15.84	15.10	15.21	2477768	38139612.00
2022/09/26	15.20	15.20	14.50	14.71	2454000	36432924.00
2022/09/27	14.81	15.16	14.45	14.59	1902800	27845684.00
2022/09/28	14.62	14.62	13.85	13.96	1985000	27968276.00
2022/09/29	14.11	14.11	13.60	13.67	1940900	26708062.00
2022/09/30	13.68	13.94	13.40	13.41	1395126	18999592.00
2022/10/10	13.40	13.57	13.01	13.22	1601472	21294114.00
2022/10/11	13.48	13.48	13.02	13.48	1129600	15036997.00
2022/10/12	13.40	13.65	12.88	13.60	2193973	29172448.00
2022/10/13	13.55	13.85	13.48	13.72	1704099	23376630.00
2022/10/14	13.74	14.28	13.74	14.21	1805800	25428532.00
2022/10/17	14.21	14.43	14.01	14.31	1717823	24472402.00
2022/10/18	14.30	14.60	14.16	14.37	1486301	21336974.00
2022/10/19	14.24	14.57	14.23	14.43	1391984	20100310.00
2022/10/20	14.43	14.43	14.04	14.11	1815188	25723096.00
2022/10/21	14.10	14.50	14.02	14.16	1256625	17902052.00
2022/10/24	14.10	14.10	13.65	13.66	1903600	26405646.00
2022/10/25	13.90	13.90	13.20	13.74	1924000	25960468.00
2022/10/26	13.80	13.97	13.60	13.90	1564600	21568480.00
2022/10/27	14.10	14.53	13.91	14.20	2222675	31849930.00
2022/10/28	14.20	14.35	13.31	13.48	2138507	29394686.00
2022/10/31	13.60	13.67	13.37	13.50	1239200	16775144.00
2022/11/01	13.71	13.79	13.42	13.78	1320500	17980324.00
2022/11/02	13.81	14.05	13.61	13.97	1398800	19458044.00
2022/11/03	14.00	14.00	13.76	13.89	1435375	19916178.00
2022/11/04	13.89	14.61	13.81	14.44	2431200	34882976.00
2022/11/07	14.52	14.90	14.44	14.55	1957026	28618112.00
2022/11/08	14.46	14.79	14.39	14.70	1851222	27062910.00
2022/11/09	14.75	14.90	14.60	14.74	1327176	19593132.00
2022/11/10	14.74	15.17	14.74	15.00	2470800	37050376.00
2022/11/11	15.19	15.48	14.80	14.84	2207000	33105254.00
2022/11/14	14.86	15.04	14.60	14.84	1609732	23850130.00
2022/11/15	14.83	15.09	14.79	15.00	1141890	17074652.00
2022/11/16	15.38	15.38	14.94	15.11	1515790	22872012.00
2022/11/17	15.00	15.22	14.88	14.94	1133300	17030094.00
2022/11/18	14.94	15.20	14.78	14.81	1021000	15255902.00
2022/11/21	14.70	15.01	14.47	14.95	1585765	23475042.00
2022/11/22	14.95	15.03	14.69	14.82	1387200	20601202.00
2022/11/23	14.70	14.84	14.50	14.59	1104300	16174081.00
2022/11/24	14.74	14.89	14.54	14.65	761850	11156496.00
2022/11/25	14.63	14.75	14.26	14.44	1247156	18059120.00
2022/11/28	14.28	14.49	13.95	14.25	1299322	18448388.00
2022/11/29	14.44	14.90	14.21	14.60	1653323	24013246.00
2022/11/30	14.58	14.75	14.38	14.50	1167800	16977276.00
2022/12/01	14.51	14.82	14.50	14.61	1006900	14770370.00
2022/12/02	14.55	14.80	14.46	14.61	947676	13830551.00
2022/12/05	14.65	14.65	14.44	14.57	991500	14413751.00
2022/12/06	14.56	14.58	14.21	14.38	1393400	20081352.00
2022/12/07	14.38	14.59	14.28	14.42	932358	13455081.00
2022/12/08	14.38	15.38	14.34	15.05	4113650	61654860.00
2022/12/09	14.98	15.14	14.57	14.79	2419500	35836324.00
2022/12/12	14.65	14.91	14.53	14.60	1320255	19378284.00
2022/12/13	14.64	14.65	14.25	14.34	1173555	16960864.00
2022/12/14	14.39	14.49	14.00	14.13	1143721	16226781.00
2022/12/15	14.04	14.39	14.02	14.17	894325	12641136.00
2022/12/16	14.07	14.52	14.00	14.37	1574400	22548532.00
2022/12/19	14.37	14.56	13.70	13.79	1610300	22567104.00
2022/12/20	13.56	13.90	13.44	13.63	807468	11015769.00
2022/12/21	13.66	13.73	13.28	13.37	1001800	13438495.00
2022/12/22	13.49	13.62	12.80	12.84	1486155	19376558.00
2022/12/23	12.88	13.06	12.74	12.95	1217475	15702019.00
2022/12/26	12.95	13.28	12.84	13.18	1049963	13810919.00
2022/12/27	13.28	13.57	13.02	13.53	1522325	20402348.00
2022/12/28	13.53	13.85	13.37	13.71	1459675	19929900.00
2022/12/29	13.71	13.95	13.56	13.63	965800	13227962.00
2022/12/30	13.57	13.62	13.33	13.35	779800	10469874.00
2023/01/03	13.36	13.63	13.11	13.58	929000	12452300.00
2023/01/04	14.94	14.94	14.20	14.94	4003462	59149216.00
2023/01/05	15.18	15.18	14.31	14.90	6634000	97660840.00
2023/01/06	14.91	15.27	14.81	14.92	3605659	54107328.00
2023/01/09	15.01	15.25	14.86	15.09	2459302	37168412.00
2023/01/10	15.25	15.38	15.05	15.35	2254199	34350448.00
2023/01/11	15.30	15.74	15.26	15.27	2217600	34371392.00
2023/01/12	15.24	15.68	15.24	15.35	2506000	38710760.00
2023/01/13	15.37	15.78	15.35	15.56	2430700	37803240.00
2023/01/16	15.54	16.05	15.54	15.83	2324300	36825908.00
2023/01/17	15.83	15.85	15.40	15.49	1826000	28566076.00
2023/01/18	15.62	15.85	15.40	15.82	1927600	30296608.00
2023/01/19	15.81	15.99	15.60	15.93	1710100	27027470.00
2023/01/20	16.00	16.04	15.72	15.80	1630000	25819472.00
2023/01/30	15.96	16.78	15.90	16.47	4963700	81709328.00
2023/01/31	16.07	16.86	15.90	16.63	4397793	72508832.00
2023/02/01	16.80	16.99	16.61	16.95	3160100	53246544.00
2023/02/02	17.00	17.32	16.75	17.17	2610835	44617964.00
2023/02/03	17.22	17.98	17.05	17.81	3544832	62213368.00
2023/02/06	17.80	18.15	17.53	17.64	2611100	46280364.00
2023/02/07	17.75	18.83	17.75	18.45	3046346	55887684.00
2023/02/08	18.55	18.65	18.20	18.47	2000700	36923996.00
2023/02/09	18.26	18.59	17.99	18.14	2890390	52629940.00
2023/02/10	18.08	18.22	17.75	17.93	1880000	33734408.00
2023/02/13	17.92	18.10	17.70	17.98	1558299	27857952.00
2023/02/14	18.09	18.13	17.77	17.79	1183326	21200730.00
2023/02/15	17.78	17.95	17.08	17.30	3012000	52472928.00
2023/02/16	17.45	17.45	16.28	16.48	3835323	64370736.00
2023/02/17	16.48	16.81	16.40	16.45	1745121	28930812.00
2023/02/20	16.60	17.22	16.45	17.01	2475700	41922992.00
2023/02/21	17.08	17.34	16.89	17.05	1964500	33616952.00
2023/02/22	17.04	17.20	16.62	16.84	1944034	32687278.00
2023/02/23	17.04	17.28	16.75	16.98	2474518	42193236.00
2023/02/24	16.91	17.18	16.66	17.08	1802600	30528680.00
2023/02/27	17.08	17.27	16.82	16.97	1445700	24638254.00
2023/02/28	16.97	17.50	16.86	17.36	1827200	31433592.00
2023/03/01	17.35	17.57	17.11	17.16	1948000	33719156.00
2023/03/02	17.16	17.30	16.70	16.71	1573200	26590756.00
2023/03/03	16.75	16.90	16.56	16.62	1067500	17808368.00
2023/03/06	16.67	16.68	16.25	16.36	1606766	26350108.00
2023/03/07	16.51	16.66	16.15	16.39	1900546	31148914.00
2023/03/08	16.39	16.47	16.11	16.32	1215200	19775794.00
2023/03/09	16.37	16.76	16.14	16.70	1605846	26403460.00
2023/03/10	16.50	16.96	16.33	16.66	2495636	41497248.00
2023/03/13	16.65	16.91	16.41	16.70	1918365	31941336.00
2023/03/14	16.67	16.82	16.10	16.31	1411200	23092936.00
2023/03/15	16.40	17.50	16.30	17.44	3670316	62941780.00
2023/03/16	17.36	18.18	17.22	17.90	5270400	93850848.00
2023/03/17	17.90	18.14	17.52	17.68	3977600	70863464.00
2023/03/20	17.94	17.99	17.23	17.85	3685500	65076752.00
2023/03/21	17.85	17.99	17.52	17.90	1907300	33992712.00
2023/03/22	17.95	18.19	17.80	17.94	1932200	34767136.00
2023/03/23	17.94	18.10	17.68	17.80	1907700	34120188.00
2023/03/24	17.88	18.00	17.75	17.80	1454046	25939702.00
2023/03/27	17.84	18.48	17.62	18.22	3533800	64005452.00
2023/03/28	18.22	18.46	17.91	18.21	2449300	44478788.00
2023/03/29	18.25	18.25	17.55	17.80	2527200	45167432.00
2023/03/30	17.91	17.91	17.22	17.53	1318020	23037268.00
2023/03/31	17.55	18.14	17.40	17.57	1732700	30717728.00
2023/04/03	17.53	17.61	17.11	17.15	1668400	28834180.00
2023/04/04	17.25	17.25	16.68	16.73	1993300	33547342.00
2023/04/06	16.66	16.98	16.01	16.95	3457953	56993200.00
2023/04/07	16.96	18.40	16.96	18.30	5882588	104574784.00
2023/04/10	18.29	18.29	17.47	17.93	5024894	89509296.00
2023/04/11	17.92	17.93	16.74	16.99	4630700	79560272.00
2023/04/12	17.02	17.09	16.42	16.52	2688653	44712588.00
2023/04/13	16.40	16.64	16.04	16.26	3105257	50255904.00
2023/04/14	16.20	16.20	15.62	15.64	2985024	47313236.00
2023/04/17	15.64	15.90	15.50	15.82	1626225	25632758.00
2023/04/18	15.80	15.88	15.60	15.85	1442900	22690780.00
2023/04/19	15.85	17.44	15.81	17.44	6592128	111794256.00
2023/04/20	17.48	17.81	16.78	17.21	5015722	85875920.00
2023/04/21	16.95	17.15	16.43	16.54	2857945	47973544.00
2023/04/24	16.40	16.60	15.84	16.32	2327624	37785716.00
2023/04/25	16.25	16.30	15.55	15.90	1980175	31318674.00
2023/04/26	16.15	16.67	14.82	16.34	3779226	59932424.00
2023/04/27	16.20	16.79	16.03	16.55	2590178	42811560.00
2023/04/28	16.60	16.82	16.28	16.47	2560899	42238148.00
2023/05/05	16.00	16.00	16.00	16.00	0	0.00
数据来源:通达信
