002979 雷赛智能 日线 不复权
      日期	    开盘	    最高	    最低	    收盘	    成交量	    成交额
2020/04/08	11.76	14.11	11.76	14.11	146449	2061690.38
2020/04/09	15.52	15.52	15.52	15.52	31367	486815.84
2020/04/10	17.07	17.07	17.07	17.07	55386	945439.00
2020/04/13	18.78	18.78	18.78	18.78	119468	2243609.00
2020/04/14	20.66	20.66	20.66	20.66	178756	3693099.00
2020/04/15	22.73	22.73	22.73	22.73	473156	10754836.00
2020/04/16	25.00	25.00	25.00	25.00	419905	10497625.00
2020/04/17	27.50	27.50	27.50	27.50	4517156	124221792.00
2020/04/20	27.00	28.50	25.05	27.10	32831811	871810496.00
2020/04/21	26.15	29.81	25.80	29.81	27733871	785163840.00
2020/04/22	29.72	31.31	27.91	28.12	31500705	914823552.00
2020/04/23	27.20	28.89	27.02	28.10	20698443	578803072.00
2020/04/24	27.50	27.85	25.29	25.29	21595088	567609152.00
2020/04/27	25.10	25.65	24.64	25.30	11974966	301516256.00
2020/04/28	25.30	27.83	24.88	26.44	21350676	567719680.00
2020/04/29	27.00	28.65	26.45	27.61	22809854	626234880.00
2020/04/30	26.82	27.50	26.00	27.02	18745068	501901568.00
2020/05/06	26.51	29.72	26.20	29.72	22121712	617697664.00
2020/05/07	29.00	31.90	28.40	30.39	28622128	852745472.00
2020/05/08	29.41	30.72	28.91	30.00	22060126	653652288.00
2020/05/11	30.82	32.68	30.18	30.24	25269833	790061952.00
2020/05/12	29.00	30.19	28.01	29.90	18027589	525272544.00
2020/05/13	29.20	30.47	29.03	29.21	14341990	425489344.00
2020/05/14	29.50	31.66	29.36	31.11	21387498	654667648.00
2020/05/15	30.78	31.25	30.11	30.72	15342921	470273888.00
2020/05/18	30.95	30.98	27.65	27.87	18465786	529098880.00
2020/05/19	27.30	28.49	27.30	28.19	10808954	302733728.00
2020/05/20	27.97	29.68	27.81	29.00	13698522	394804128.00
2020/05/21	28.61	29.39	27.83	28.94	11244216	323091104.00
2020/05/22	28.68	28.86	26.82	26.98	10861351	299360128.00
2020/05/25	26.66	26.79	25.60	25.93	7528825	196807200.00
2020/05/26	25.92	26.95	25.92	26.85	6325565	168046432.00
2020/05/27	26.88	27.43	26.65	26.95	6108738	165027216.00
2020/05/28	26.98	27.05	25.15	26.18	7157080	185988752.00
2020/05/29	25.83	26.39	25.82	25.92	4210762	109857432.00
2020/06/01	25.80	27.19	25.80	27.00	6862546	183155488.00
2020/06/02	26.90	27.49	26.66	27.24	6747721	183181824.00
2020/06/03	27.25	27.77	26.72	26.83	6430205	175256368.00
2020/06/04	26.65	26.97	25.98	26.46	5424678	143103616.00
2020/06/05	26.43	26.48	25.51	26.01	5680375	147272384.00
2020/06/08	26.18	27.15	26.03	27.00	6263403	166954912.00
2020/06/09	26.90	26.90	26.07	26.33	4830015	127176448.00
2020/06/10	26.16	26.70	25.78	26.38	3831754	100785816.00
2020/06/11	26.44	26.59	25.74	25.86	4579666	119604832.00
2020/06/12	25.23	26.32	25.01	26.30	4901956	126476344.00
2020/06/15	26.80	27.48	26.30	27.20	10050713	271191136.00
2020/06/16	27.28	27.44	26.65	27.12	7697909	207896880.00
2020/06/17	27.11	28.90	26.88	28.50	13972983	395797216.00
2020/06/18	28.42	28.43	27.57	28.17	8536797	238411328.00
2020/06/19	28.00	28.30	27.41	27.52	6086143	168533712.00
2020/06/22	27.28	27.82	27.09	27.62	4777527	131127864.00
2020/06/23	27.50	27.50	27.13	27.14	4087580	111421096.00
2020/06/24	27.00	27.14	26.25	26.36	4883607	129502424.00
2020/06/29	26.40	26.88	26.40	26.57	3070739	81650984.00
2020/06/30	26.48	27.11	26.43	26.97	3899406	104441376.00
2020/07/01	27.11	27.49	26.00	26.65	5429952	145810048.00
2020/07/02	26.54	27.18	26.21	26.97	4647702	124806528.00
2020/07/03	26.90	27.77	26.89	27.57	6768955	185649856.00
2020/07/06	27.79	28.85	27.33	28.61	10160618	286267136.00
2020/07/07	28.85	31.47	28.50	31.47	18506195	568208896.00
2020/07/08	31.53	34.62	31.04	34.62	17323245	559517824.00
2020/07/09	38.07	38.08	37.22	38.08	5079644	193229744.00
2020/07/10	41.89	41.89	38.99	40.20	27596344	1134216448.00
2020/07/13	38.20	39.33	36.50	39.10	19392857	740621120.00
2020/07/14	39.50	40.88	38.50	39.97	16254440	646506240.00
2020/07/15	40.35	40.50	36.10	37.40	10058416	383718048.00
2020/07/16	37.40	37.80	33.66	33.66	9823634	349413760.00
2020/07/17	33.71	34.49	32.82	33.74	6514954	219719360.00
2020/07/20	34.00	36.06	33.85	35.67	6785653	236696592.00
2020/07/21	35.51	36.29	34.86	35.88	5770220	205726960.00
2020/07/22	36.00	36.51	35.16	35.77	4649021	167334352.00
2020/07/23	35.25	36.26	34.01	36.08	5666479	200658272.00
2020/07/24	35.70	35.97	33.36	33.78	5045830	174482848.00
2020/07/27	34.05	37.16	34.04	37.16	8980213	329637280.00
2020/07/28	37.00	38.15	35.87	36.25	9144542	334710688.00
2020/07/29	36.64	37.25	35.88	37.04	5704900	209072464.00
2020/07/30	37.98	37.98	35.88	36.01	5878528	213555632.00
2020/07/31	35.70	36.30	35.03	35.64	4675533	166175616.00
2020/08/03	35.90	36.99	35.50	36.76	4988252	182309664.00
2020/08/04	36.95	37.59	35.80	35.95	4778893	174154496.00
2020/08/05	36.00	37.69	35.82	37.62	6701324	247775760.00
2020/08/06	37.97	37.98	36.59	37.25	4484981	166369024.00
2020/08/07	37.18	37.54	35.40	36.14	4732265	171158752.00
2020/08/10	35.81	36.60	34.91	36.40	4246218	151978192.00
2020/08/11	36.07	39.85	35.98	37.71	8115850	308315744.00
2020/08/12	37.78	38.99	35.73	36.66	4993487	184977280.00
2020/08/13	36.58	39.41	36.58	38.42	6895199	263101600.00
2020/08/14	38.57	41.02	37.80	40.09	8298578	327813632.00
2020/08/17	40.19	42.00	39.46	41.60	7753925	317984352.00
2020/08/18	41.10	41.35	39.82	40.40	5427427	219229040.00
2020/08/19	40.10	40.15	38.53	38.55	4195119	164117712.00
2020/08/20	38.20	39.50	37.87	38.65	2724000	105657000.00
2020/08/21	39.00	39.29	37.89	38.17	2648046	101789864.00
2020/08/24	38.20	40.66	37.58	40.24	4021847	159266624.00
2020/08/25	40.24	42.86	39.98	41.40	5861951	244028960.00
2020/08/26	42.01	44.30	40.75	40.75	8058827	343499264.00
2020/08/27	41.32	44.26	41.32	43.49	6390148	274695232.00
2020/08/28	42.97	43.76	42.01	43.00	5685404	244042176.00
2020/08/31	43.18	43.43	40.90	41.00	4969941	208504928.00
2020/09/01	41.00	43.43	40.70	43.10	4263821	181249680.00
2020/09/02	43.12	44.84	42.60	44.19	4099984	180027216.00
2020/09/03	44.19	44.85	42.80	42.92	3742531	163422480.00
2020/09/04	42.07	43.93	41.88	43.50	3129573	134170656.00
2020/09/07	43.88	44.46	40.65	40.65	4547083	192184224.00
2020/09/08	41.06	41.76	39.51	40.82	2738533	110836552.00
2020/09/09	40.40	40.40	38.13	38.30	3231538	126045928.00
2020/09/10	38.80	39.12	37.00	37.13	2705125	102544400.00
2020/09/11	37.20	38.20	36.75	38.01	2118641	79558912.00
2020/09/14	37.96	39.64	37.85	39.36	3237166	126020928.00
2020/09/15	39.18	39.44	38.53	38.62	1759200	68445448.00
2020/09/16	38.89	39.60	38.26	39.24	2741070	106715256.00
2020/09/17	39.05	40.65	38.60	40.45	2800648	111485672.00
2020/09/18	40.06	41.65	40.06	41.10	1757000	71783888.00
2020/09/21	41.38	41.84	40.70	41.00	1098964	45105444.00
2020/09/22	40.80	41.58	40.46	40.70	1272878	52157888.00
2020/09/23	41.28	42.30	41.00	41.46	1385406	57417808.00
2020/09/24	40.97	41.68	40.04	40.04	1494021	60890504.00
2020/09/25	40.45	40.68	38.92	39.16	1421600	56226320.00
2020/09/28	40.00	40.14	38.71	38.71	1476664	58057208.00
2020/09/29	38.50	39.25	37.70	38.87	1348141	51918028.00
2020/09/30	38.87	39.80	38.59	39.19	1013005	39865204.00
2020/10/09	39.69	40.50	39.35	39.60	1601700	63722840.00
2020/10/12	39.91	42.50	39.55	42.30	3234005	133740312.00
2020/10/13	42.11	43.89	42.03	43.23	3183390	137390064.00
2020/10/14	43.16	43.85	42.16	42.75	2020573	86759352.00
2020/10/15	43.80	45.00	41.72	41.80	4245700	182648640.00
2020/10/16	41.95	42.30	40.58	41.00	2029113	83668488.00
2020/10/19	41.52	42.28	40.56	40.83	3774305	155891840.00
2020/10/20	40.90	42.15	40.54	42.10	1486100	61670752.00
2020/10/21	42.35	42.70	41.55	42.52	1667100	70184600.00
2020/10/22	42.29	42.60	41.50	41.85	1843301	77303864.00
2020/10/23	41.51	43.00	40.20	40.52	2287400	95341304.00
2020/10/26	40.52	41.60	40.13	40.98	2129083	87385032.00
2020/10/27	40.69	41.22	40.20	40.93	2027740	82480904.00
2020/10/28	40.56	41.22	39.09	39.70	2204839	88240512.00
2020/10/29	39.36	40.33	39.04	40.12	1494282	59539972.00
2020/10/30	40.13	41.10	39.45	40.27	2763568	111599336.00
2020/11/02	40.38	43.63	40.01	43.50	6574447	279941696.00
2020/11/03	43.52	45.85	42.75	45.00	5293559	235463744.00
2020/11/04	45.80	49.50	45.68	48.40	7103687	344853600.00
2020/11/05	47.98	49.99	47.98	49.07	4977089	243977488.00
2020/11/06	49.50	50.85	48.51	49.41	3661867	181366064.00
2020/11/09	50.50	52.28	49.00	51.50	2766651	141220992.00
2020/11/10	51.74	53.80	50.02	53.30	3580862	187445152.00
2020/11/11	53.06	56.36	52.30	54.08	3495000	189638256.00
2020/11/12	55.00	56.98	53.20	54.25	3771325	205529360.00
2020/11/13	55.07	55.36	52.20	52.88	2973276	157599520.00
2020/11/16	53.41	53.87	52.56	52.89	1790800	94843432.00
2020/11/17	53.72	54.10	51.50	53.13	2046800	107602240.00
2020/11/18	52.76	53.17	48.70	48.93	4171133	209526448.00
2020/11/19	49.01	51.28	48.81	50.55	3051733	152586000.00
2020/11/20	51.50	54.30	50.25	53.40	2901800	153334624.00
2020/11/23	53.43	53.43	51.42	52.40	2067892	107698616.00
2020/11/24	52.41	54.99	51.82	53.92	2202600	117545000.00
2020/11/25	54.02	54.45	51.10	51.22	2637600	137609872.00
2020/11/26	51.72	51.85	49.98	50.85	1972800	99794880.00
2020/11/27	51.20	51.28	49.01	49.80	1209700	60528904.00
2020/11/30	50.19	50.66	48.78	48.81	1373300	67958448.00
2020/12/01	48.58	49.94	48.00	48.99	1269041	62450276.00
2020/12/02	49.44	49.50	47.25	47.41	2109006	101040200.00
2020/12/03	47.41	47.80	45.88	46.82	1629700	76206888.00
2020/12/04	46.63	47.98	46.43	47.70	1390900	65732716.00
2020/12/07	48.01	50.07	47.87	48.54	2417647	117959928.00
2020/12/08	48.55	49.38	48.07	48.20	1364441	66381132.00
2020/12/09	48.40	48.80	46.68	46.79	1137205	54030284.00
2020/12/10	46.99	49.68	46.05	48.75	1860411	89458424.00
2020/12/11	48.88	49.68	47.03	47.46	1847900	88816544.00
2020/12/14	47.43	48.30	46.70	48.04	1660541	78937112.00
2020/12/15	47.55	49.13	47.55	48.81	1392800	67676624.00
2020/12/16	49.20	49.22	47.40	47.41	1485600	71615168.00
2020/12/17	47.11	47.77	46.43	47.36	1365000	64426880.00
2020/12/18	47.15	47.36	44.68	44.97	3014341	137566400.00
2020/12/21	45.45	47.45	44.52	46.39	2532400	117290640.00
2020/12/22	46.60	46.98	44.17	44.21	2049756	92755248.00
2020/12/23	44.45	44.81	41.36	42.18	3778990	161873312.00
2020/12/24	42.00	42.50	40.71	41.05	1697133	70495552.00
2020/12/25	41.29	41.44	38.88	40.42	2258417	90810568.00
2020/12/28	40.01	40.84	38.00	38.89	3193600	124325432.00
2020/12/29	40.55	42.78	40.55	42.78	1112400	46925672.00
2020/12/30	41.77	43.76	39.18	43.04	5913015	247639088.00
2020/12/31	43.00	44.90	42.57	44.34	3596646	158455168.00
2021/01/04	43.87	46.08	43.60	46.01	2390166	106989600.00
2021/01/05	45.55	45.97	44.41	44.50	2267409	102028960.00
2021/01/06	44.50	46.00	43.20	44.70	2581553	114928120.00
2021/01/07	45.17	45.66	43.44	43.44	1865604	82517984.00
2021/01/08	43.00	43.46	41.81	42.08	1599241	67810448.00
2021/01/11	41.67	43.00	41.36	41.92	1580492	66567716.00
2021/01/12	41.93	42.34	40.70	40.92	1516521	62531608.00
2021/01/13	41.00	41.50	39.38	39.90	2003897	80515432.00
2021/01/14	40.30	41.52	39.33	40.53	1455757	58900880.00
2021/01/15	40.14	42.12	39.61	41.68	1616000	66198968.00
2021/01/18	41.69	44.42	41.30	44.01	2718657	117692112.00
2021/01/19	44.25	44.25	42.36	42.52	1442400	62144972.00
2021/01/20	43.00	44.50	40.83	43.04	2378753	101534352.00
2021/01/21	42.88	45.15	42.61	44.76	2495885	110354504.00
2021/01/22	45.45	45.97	44.12	45.40	2358000	106478224.00
2021/01/25	45.34	46.00	43.36	43.38	2071805	92023232.00
2021/01/26	43.06	43.52	41.20	41.71	2700141	113122144.00
2021/01/27	41.70	42.85	41.43	42.82	1136500	48128560.00
2021/01/28	41.90	43.85	41.70	42.05	1473800	63428924.00
2021/01/29	42.36	42.85	40.27	40.91	2402800	98529104.00
2021/02/01	40.91	41.33	39.20	41.28	2060841	82905048.00
2021/02/02	40.77	43.40	40.65	42.35	1681217	71511664.00
2021/02/03	42.65	42.65	40.12	40.12	1868700	76533752.00
2021/02/04	40.12	40.53	38.00	38.70	2437800	94759032.00
2021/02/05	39.17	39.22	36.90	36.90	1794600	67706056.00
2021/02/08	36.90	36.99	35.58	35.70	1969888	70992072.00
2021/02/09	35.71	37.20	35.71	36.90	1334621	48910464.00
2021/02/10	36.90	37.96	36.90	37.35	989100	37093864.00
2021/02/18	38.20	41.09	37.99	41.09	3087994	124727096.00
2021/02/19	41.09	44.35	40.20	43.40	3692083	157016384.00
2021/02/22	43.39	45.20	43.05	43.37	2644150	116556152.00
2021/02/23	43.17	44.35	42.61	43.45	1309200	57007644.00
2021/02/24	43.74	44.80	43.08	44.29	2069700	91308912.00
2021/02/25	44.25	44.49	42.80	43.29	1456700	63396880.00
2021/02/26	42.50	44.00	42.07	43.55	1795007	77677592.00
2021/03/01	43.50	47.91	43.33	47.91	2604905	122260440.00
2021/03/02	49.10	51.58	47.52	49.67	4197336	208023840.00
2021/03/03	50.42	51.55	48.75	49.81	3173217	158766400.00
2021/03/04	49.72	49.72	44.83	45.53	3630987	167435200.00
2021/03/05	44.90	46.90	44.50	44.73	2692409	122837920.00
2021/03/08	44.88	47.85	44.10	44.37	2494537	113883648.00
2021/03/09	44.36	44.75	41.19	41.29	2682005	114219128.00
2021/03/10	42.00	42.20	40.32	40.74	2111400	86254576.00
2021/03/11	41.05	41.49	39.88	41.40	1788122	73350560.00
2021/03/12	41.40	43.49	40.88	42.95	1838517	77927656.00
2021/03/15	42.96	44.42	42.95	43.71	1434200	62730680.00
2021/03/16	43.83	44.16	41.45	41.99	1291805	54582432.00
2021/03/17	41.75	41.98	40.13	41.73	1171900	48114408.00
2021/03/18	41.72	43.40	41.08	41.42	1700605	71837712.00
2021/03/19	40.89	42.60	40.40	42.02	1072637	44803336.00
2021/03/22	41.81	43.34	41.62	43.09	1256809	53820456.00
2021/03/23	43.15	43.51	42.83	43.02	946087	40860576.00
2021/03/24	43.05	43.50	42.03	42.09	1258650	53864804.00
2021/03/25	41.13	42.30	41.00	41.12	949641	39350968.00
2021/03/26	41.12	41.66	40.63	41.50	775900	31978080.00
2021/03/29	41.51	42.61	41.51	42.00	762041	32021480.00
2021/03/30	42.01	44.37	41.36	42.98	1253741	53977572.00
2021/03/31	43.25	43.28	42.41	42.84	507800	21684588.00
2021/04/01	42.85	43.01	41.85	42.23	746041	31550852.00
2021/04/02	42.55	43.31	41.91	43.18	900991	38470608.00
2021/04/06	43.18	45.25	42.91	44.43	1696625	74612384.00
2021/04/07	44.50	45.29	41.91	42.13	3219657	137315520.00
2021/04/08	42.07	42.59	41.13	42.18	2270487	94880680.00
2021/04/09	41.99	42.35	40.75	40.98	1662232	68886072.00
2021/04/12	41.40	42.69	40.51	40.70	2479881	103340496.00
2021/04/13	40.70	41.49	39.66	39.82	1730200	69459520.00
2021/04/14	39.81	40.36	39.51	39.93	1403700	56149412.00
2021/04/15	39.78	40.15	39.36	40.04	792591	31575964.00
2021/04/16	40.08	40.86	40.01	40.30	1142681	46128592.00
2021/04/19	40.22	42.67	40.17	42.33	1952475	81720296.00
2021/04/20	42.00	43.53	42.00	42.70	1795065	77102224.00
2021/04/21	42.46	42.80	42.20	42.66	1175104	49909912.00
2021/04/22	42.63	43.69	42.35	43.06	1689238	73090616.00
2021/04/23	43.04	43.86	42.80	43.34	980506	42477120.00
2021/04/26	43.52	44.21	42.88	42.98	1717360	74901920.00
2021/04/27	42.97	44.49	42.24	43.82	1787266	78473208.00
2021/04/28	43.80	45.50	43.56	45.42	2529759	113566896.00
2021/04/29	45.49	45.49	44.55	45.01	2119210	95315248.00
2021/04/30	45.01	45.19	43.63	43.85	1536285	67709576.00
2021/05/06	43.95	44.57	43.20	43.89	1074876	47193488.00
2021/05/07	43.89	44.18	41.90	42.18	1671625	71855400.00
2021/05/10	42.30	42.72	40.88	42.10	1549604	64952344.00
2021/05/11	42.33	42.56	41.00	41.55	1403652	58526084.00
2021/05/12	41.70	41.98	40.67	41.60	1562617	64615892.00
2021/05/13	41.40	41.65	41.00	41.20	794621	32822850.00
2021/05/14	41.27	43.00	41.07	42.82	1864994	78728992.00
2021/05/17	42.85	43.95	42.39	43.09	1965900	84953320.00
2021/05/18	29.40	29.48	28.73	28.78	2138577	61959960.00
2021/05/19	27.00	27.16	25.90	26.05	8920673	235832560.00
2021/05/20	26.00	27.45	25.17	27.41	4817893	128070240.00
2021/05/21	27.03	27.35	26.68	26.75	2051340	55380668.00
2021/05/24	26.66	28.22	26.60	27.96	4463366	122188392.00
2021/05/25	28.27	29.30	27.91	28.98	3777280	108979200.00
2021/05/26	29.46	29.65	28.81	29.30	2886775	84701992.00
2021/05/27	29.25	30.93	29.04	30.25	3430778	104175640.00
2021/05/28	30.33	30.58	29.88	30.16	2317652	70121208.00
2021/05/31	30.16	30.78	29.91	30.24	2272592	68819784.00
2021/06/01	30.24	30.50	29.89	30.21	1649824	49792612.00
2021/06/02	30.20	30.49	29.53	29.88	2002544	59932800.00
2021/06/03	29.62	30.41	29.55	29.69	1481497	44519764.00
2021/06/04	29.84	30.01	29.12	29.43	1874737	55353984.00
2021/06/07	29.45	31.09	29.35	31.00	3782330	115512152.00
2021/06/08	31.01	31.25	29.80	30.36	2376494	71805960.00
2021/06/09	30.44	30.44	29.42	29.56	1680724	50034180.00
2021/06/10	29.60	30.26	29.40	30.10	1367470	41007156.00
2021/06/11	30.20	30.45	29.60	29.64	1190863	35494824.00
2021/06/15	29.80	29.81	28.73	29.18	1604351	47040788.00
2021/06/16	29.13	29.20	28.48	28.80	1799864	51729764.00
2021/06/17	28.36	29.00	28.35	28.76	1712416	49266640.00
2021/06/18	28.70	29.24	28.47	29.00	2600495	75263600.00
2021/06/21	28.91	29.80	28.71	29.60	2295473	67662208.00
2021/06/22	29.78	30.10	29.28	29.51	2217080	65693300.00
2021/06/23	29.44	29.99	29.22	29.27	2306982	68130752.00
2021/06/24	29.32	29.33	28.61	29.11	2393149	69217488.00
2021/06/25	28.90	29.37	28.50	28.66	3493403	100361176.00
2021/06/28	28.66	30.10	28.66	29.74	4257661	126335536.00
2021/06/29	29.70	29.83	27.91	28.03	5795425	165864000.00
2021/06/30	28.20	29.72	28.06	28.67	5048624	145923728.00
2021/07/01	28.68	29.34	28.50	28.80	2631885	76137880.00
2021/07/02	29.68	30.67	29.10	30.29	8974628	270367456.00
2021/07/05	30.80	32.48	30.35	32.14	8732358	277532736.00
2021/07/06	32.17	32.99	31.63	32.01	6867123	221802192.00
2021/07/07	31.93	32.14	31.11	31.74	4790388	152010128.00
2021/07/08	31.68	33.95	31.68	33.42	6155065	204628752.00
2021/07/09	33.33	33.60	32.46	33.15	3994072	132178560.00
2021/07/12	33.36	34.62	33.10	33.40	7108632	239860848.00
2021/07/13	33.61	34.50	32.55	33.40	4188905	139578176.00
2021/07/14	33.20	33.75	32.00	32.90	3449324	113825488.00
2021/07/15	32.75	33.55	31.50	32.84	4913342	159224560.00
2021/07/16	32.82	34.12	31.59	31.79	5443405	177879280.00
2021/07/19	31.82	32.82	31.65	32.18	3247491	104658680.00
2021/07/20	31.66	32.40	31.34	31.99	3172939	100905912.00
2021/07/21	32.00	35.19	32.00	35.19	4865382	167054176.00
2021/07/22	35.88	36.08	34.30	35.07	6381958	222930592.00
2021/07/23	35.07	37.88	35.01	37.42	6473317	238720640.00
2021/07/26	37.07	37.88	35.50	36.97	5120930	189269248.00
2021/07/27	36.99	37.42	34.00	34.60	4867922	174209408.00
2021/07/28	34.72	34.72	32.25	32.65	7209685	238006224.00
2021/07/29	33.29	34.80	33.08	34.58	4476215	151973632.00
2021/07/30	34.58	35.25	33.62	34.45	3105414	106747776.00
2021/08/02	34.23	36.50	33.70	36.15	7605607	268108096.00
2021/08/03	36.80	38.15	36.47	36.82	7311508	273168640.00
2021/08/04	36.90	39.86	36.82	38.90	6160776	237973040.00
2021/08/05	38.95	38.95	37.50	38.59	3839340	146635008.00
2021/08/06	38.99	39.11	37.10	37.90	3986171	150701952.00
2021/08/09	37.99	38.91	37.50	38.36	3032825	115954680.00
2021/08/10	38.05	40.45	37.30	40.37	5845391	229935200.00
2021/08/11	40.00	40.17	38.86	39.63	4244297	167383760.00
2021/08/12	39.64	39.98	37.56	38.98	4110336	159506976.00
2021/08/13	38.61	38.95	38.06	38.36	2787329	106930384.00
2021/08/16	38.00	38.86	37.20	37.73	4375226	166634656.00
2021/08/17	37.48	37.98	36.10	36.34	3157397	116908072.00
2021/08/18	36.35	36.78	34.50	35.38	3601052	127941936.00
2021/08/19	35.70	35.71	34.35	34.83	2979615	103992008.00
2021/08/20	35.17	36.60	34.52	35.26	5601449	198626656.00
2021/08/23	35.96	38.00	35.69	37.10	5270860	194099584.00
2021/08/24	37.99	38.30	36.15	37.10	3536055	131615680.00
2021/08/25	37.06	37.37	35.10	35.26	4780500	170512720.00
2021/08/26	35.52	35.80	34.98	35.13	3450529	122097664.00
2021/08/27	34.90	35.30	33.61	33.80	4966933	170240272.00
2021/08/30	33.80	34.68	31.49	32.00	9247612	301877728.00
2021/08/31	32.00	32.61	31.20	32.18	4950790	159081952.00
2021/09/01	32.06	32.06	30.69	31.04	4412613	137256336.00
2021/09/02	31.10	31.30	29.70	30.14	5236951	158040080.00
2021/09/03	30.10	30.10	28.67	28.79	5561994	162635200.00
2021/09/06	28.88	29.69	28.30	29.56	4970674	144065952.00
2021/09/07	29.50	29.50	28.86	29.33	3138605	91567288.00
2021/09/08	29.34	29.50	28.90	28.96	2485312	72357376.00
2021/09/09	28.86	29.07	28.32	28.61	3350193	96065696.00
2021/09/10	29.00	29.40	28.65	29.12	2595895	75276272.00
2021/09/13	29.12	29.43	28.20	28.39	3301956	95037480.00
2021/09/14	28.40	28.86	28.01	28.56	2611530	74674784.00
2021/09/15	28.57	28.99	28.14	28.98	2301168	65842068.00
2021/09/16	28.98	29.40	28.70	29.18	2604833	75879896.00
2021/09/17	29.30	29.33	28.41	28.75	1471377	42308496.00
2021/09/22	28.40	28.55	26.86	27.28	3775868	103800408.00
2021/09/23	27.28	27.46	26.80	26.95	2300725	62403224.00
2021/09/24	26.94	26.94	26.04	26.25	2616972	68857080.00
2021/09/27	26.24	26.85	25.70	26.46	2998394	78984872.00
2021/09/28	26.46	26.66	25.81	25.90	2480370	64646560.00
2021/09/29	25.75	25.79	25.26	25.26	2133591	54269392.00
2021/09/30	25.31	27.14	25.28	26.90	3531971	92684720.00
2021/10/08	27.31	27.39	25.83	26.00	3087402	81114760.00
2021/10/11	26.00	26.59	25.50	25.89	2011670	52359192.00
2021/10/12	25.94	26.06	25.09	25.29	2040126	51658792.00
2021/10/13	25.56	25.59	25.00	25.28	1976428	49654000.00
2021/10/14	25.44	25.70	25.25	25.52	2036480	51861936.00
2021/10/15	25.43	25.47	25.00	25.22	2165722	54520796.00
2021/10/18	25.21	25.21	24.32	25.00	2976495	73428256.00
2021/10/19	24.88	25.56	24.80	25.13	2407228	60689744.00
2021/10/20	25.30	25.50	24.94	25.50	1892895	47905276.00
2021/10/21	25.65	25.68	24.77	24.96	2223941	55939364.00
2021/10/22	24.83	25.14	24.55	24.99	1141413	28430778.00
2021/10/25	25.01	25.38	24.55	25.35	1753131	43972112.00
2021/10/26	25.00	26.45	24.80	25.85	3521973	91092200.00
2021/10/27	25.90	26.18	25.35	25.51	2100117	53750616.00
2021/10/28	25.53	25.53	24.08	24.14	3146056	77089328.00
2021/10/29	24.10	24.45	23.80	24.20	1798199	43376208.00
2021/11/01	24.09	25.48	23.92	25.08	3024912	75501240.00
2021/11/02	25.06	25.74	24.90	25.30	2336540	59243304.00
2021/11/03	25.20	26.22	25.15	26.22	3070653	79346976.00
2021/11/04	26.23	26.48	25.81	25.93	2723497	71132848.00
2021/11/05	25.85	27.05	25.80	26.99	3929968	105068416.00
2021/11/08	27.00	27.20	26.20	27.16	3098225	82838768.00
2021/11/09	27.15	27.16	26.40	26.60	2832809	75522744.00
2021/11/10	26.64	26.69	26.01	26.43	3009712	79453224.00
2021/11/11	26.32	26.80	26.28	26.47	2121392	56291560.00
2021/11/12	26.50	27.43	26.33	27.26	3327133	89678328.00
2021/11/15	27.09	27.59	26.90	27.19	2302366	62702940.00
2021/11/16	27.12	27.36	26.51	26.61	2142697	57436428.00
2021/11/17	26.68	26.75	26.15	26.17	3112805	82125784.00
2021/11/18	26.24	26.55	26.01	26.18	1964360	51601292.00
2021/11/19	26.08	28.80	26.08	28.80	12852000	363429824.00
2021/11/22	28.80	29.50	28.00	28.49	11817020	337296224.00
2021/11/23	28.49	28.59	27.88	28.32	6628211	187329584.00
2021/11/24	28.12	29.62	28.06	28.97	8887660	256715888.00
2021/11/25	28.82	29.31	28.30	29.17	4399227	127035560.00
2021/11/26	28.89	29.00	28.10	28.30	3906046	110804088.00
2021/11/29	27.90	28.80	27.63	28.50	2910032	82412600.00
2021/11/30	28.50	28.79	28.15	28.48	3114070	88492176.00
2021/12/01	28.31	28.71	28.20	28.43	2799687	79473904.00
2021/12/02	28.40	28.42	27.39	27.52	4097114	113700064.00
2021/12/03	27.51	27.88	27.20	27.70	2555326	70368128.00
2021/12/06	27.70	27.74	26.03	26.05	5807958	154411056.00
2021/12/07	26.17	26.29	25.11	25.32	3467226	88115344.00
2021/12/08	25.44	25.86	25.42	25.83	2051918	52655704.00
2021/12/09	25.83	26.75	25.68	26.31	3015151	78555600.00
2021/12/10	26.28	26.29	25.90	26.11	1832580	47751264.00
2021/12/13	26.10	26.13	25.28	25.36	4628196	118342712.00
2021/12/14	25.38	25.88	25.25	25.82	1869649	47937820.00
2021/12/15	25.90	26.26	25.68	26.03	2583190	67393544.00
2021/12/16	26.01	26.29	25.88	26.18	1986874	51788972.00
2021/12/17	26.20	26.31	25.70	25.93	2083134	54034148.00
2021/12/20	26.15	26.15	25.39	25.42	1914027	48967928.00
2021/12/21	25.32	25.60	25.20	25.47	1417967	35970840.00
2021/12/22	25.50	25.62	25.32	25.54	1342696	34248292.00
2021/12/23	25.48	25.49	25.13	25.28	1793074	45332884.00
2021/12/24	25.20	25.28	24.51	24.68	2004253	49589312.00
2021/12/27	24.61	24.95	24.26	24.91	1216517	29982570.00
2021/12/28	24.89	26.07	24.71	25.84	3102533	79607560.00
2021/12/29	25.85	25.85	25.32	25.68	2043124	52207884.00
2021/12/30	25.55	25.79	25.41	25.64	1739497	44590696.00
2021/12/31	25.80	25.96	25.61	25.87	2097691	54104248.00
2022/01/04	25.88	26.33	25.81	26.30	2379107	62096996.00
2022/01/05	26.30	26.36	25.89	26.08	2007173	52275996.00
2022/01/06	26.00	26.44	25.80	26.29	2553608	66720944.00
2022/01/07	26.29	26.99	26.10	26.12	2918144	77494432.00
2022/01/10	26.01	26.75	25.50	26.74	2440981	64573388.00
2022/01/11	26.82	26.82	26.31	26.44	2107737	55881464.00
2022/01/12	26.49	28.16	26.46	27.34	5463338	149614976.00
2022/01/13	27.43	27.61	27.11	27.41	2656071	72732504.00
2022/01/14	27.36	27.85	27.10	27.32	2337768	64254288.00
2022/01/17	27.02	27.28	26.07	26.84	3585145	96044352.00
2022/01/18	26.88	27.75	26.72	27.41	3148819	86353848.00
2022/01/19	27.31	27.76	26.90	27.29	2074225	56500232.00
2022/01/20	27.15	27.40	26.22	26.27	2632418	70374616.00
2022/01/21	26.30	26.74	25.71	26.00	2090790	54716768.00
2022/01/24	25.94	26.30	25.58	25.85	1529879	39605476.00
2022/01/25	26.07	26.65	25.41	25.60	2389520	62179936.00
2022/01/26	25.60	26.10	25.43	25.69	1421895	36616468.00
2022/01/27	25.55	25.95	24.55	24.66	2577599	64673072.00
2022/01/28	24.60	25.51	24.12	25.14	1948576	48392196.00
2022/02/07	25.68	25.86	25.02	25.21	1165085	29557628.00
2022/02/08	25.21	25.59	24.89	25.50	1008505	25360826.00
2022/02/09	25.47	25.50	25.07	25.36	1014890	25635858.00
2022/02/10	25.41	25.41	24.83	24.87	2235707	55992936.00
2022/02/11	24.95	24.95	24.01	24.05	3340290	81035496.00
2022/02/14	24.00	24.18	22.80	22.97	4315088	100423960.00
2022/02/15	22.98	23.29	22.50	23.04	3523537	80628448.00
2022/02/16	23.16	23.60	23.08	23.56	4938544	115471848.00
2022/02/17	23.46	23.68	23.15	23.27	2183369	51097296.00
2022/02/18	23.16	23.16	22.60	22.96	2310282	52823684.00
2022/02/21	23.00	23.15	22.80	23.04	1390863	32006242.00
2022/02/22	23.01	23.01	22.16	22.28	3010027	67483808.00
2022/02/23	22.32	23.35	22.32	23.17	2662181	61040936.00
2022/02/24	23.10	23.23	22.28	22.51	2644820	59989840.00
2022/02/25	22.75	23.09	22.62	22.72	1438805	32908090.00
2022/02/28	22.81	22.87	22.28	22.62	1664960	37570332.00
2022/03/01	22.63	22.84	22.45	22.66	1207576	27354032.00
2022/03/02	22.54	22.63	22.31	22.58	1132266	25469224.00
2022/03/03	22.58	22.84	22.40	22.43	1377535	31022958.00
2022/03/04	22.40	22.49	22.16	22.22	1277653	28491658.00
2022/03/07	22.14	22.15	21.05	21.14	2690816	57619504.00
2022/03/08	21.14	21.47	20.61	20.90	1668473	35074732.00
2022/03/09	20.90	21.13	19.40	20.25	2203781	44587004.00
2022/03/10	20.58	20.92	20.42	20.46	1376864	28438378.00
2022/03/11	20.26	20.70	19.78	20.59	1457746	29499386.00
2022/03/14	20.47	20.47	19.90	19.90	1388551	27883602.00
2022/03/15	19.81	19.81	18.40	18.41	2643754	50387920.00
2022/03/16	18.88	18.95	17.89	18.86	3306343	61080112.00
2022/03/17	19.21	20.20	18.91	19.63	3738847	73401472.00
2022/03/18	19.52	19.71	19.34	19.49	1925600	37519148.00
2022/03/21	19.54	19.99	19.44	19.83	1534015	30290844.00
2022/03/22	19.88	19.92	19.62	19.68	956340	18858954.00
2022/03/23	19.88	19.90	19.60	19.79	771150	15227316.00
2022/03/24	19.61	19.75	19.24	19.31	1093989	21216334.00
2022/03/25	19.48	19.65	19.03	19.03	957235	18474632.00
2022/03/28	19.05	19.08	18.52	18.77	1132659	21275254.00
2022/03/29	18.90	18.97	18.21	18.31	1202486	22270138.00
2022/03/30	18.50	18.75	18.32	18.66	1048636	19467436.00
2022/03/31	18.66	18.88	18.39	18.46	1027117	19110054.00
2022/04/01	18.54	18.54	18.10	18.50	865085	15911397.00
2022/04/06	18.40	18.68	18.30	18.48	944405	17443120.00
2022/04/07	18.58	18.58	17.93	17.94	1298285	23578340.00
2022/04/08	17.98	18.28	17.49	17.51	1412202	24959056.00
2022/04/11	17.54	17.54	16.67	16.79	1469841	25026144.00
2022/04/12	16.79	17.12	16.50	17.07	1329954	22335520.00
2022/04/13	17.05	17.20	16.70	16.93	1058036	17975974.00
2022/04/14	17.03	17.42	16.94	17.01	1297370	22287834.00
2022/04/15	16.91	17.00	16.68	16.73	883362	14860912.00
2022/04/18	16.88	17.32	16.35	17.17	1212400	20593602.00
2022/04/19	17.17	17.45	16.98	17.15	1003676	17239122.00
2022/04/20	17.10	17.38	17.06	17.15	1000200	17242674.00
2022/04/21	17.17	17.54	16.68	16.75	1710954	29347732.00
2022/04/22	16.60	16.79	16.06	16.25	1872664	30580206.00
2022/04/25	16.02	16.02	14.64	14.67	2568370	38967196.00
2022/04/26	14.67	14.83	13.90	13.97	2317415	33166328.00
2022/04/27	13.88	14.44	13.40	14.38	2764654	38583800.00
2022/04/28	14.32	14.66	14.02	14.30	1490210	21335568.00
2022/04/29	14.45	15.01	14.44	14.81	2708664	40060352.00
2022/05/05	14.81	15.58	14.60	15.33	2020299	31037868.00
2022/05/06	15.00	15.20	14.76	14.80	2184832	32596812.00
2022/05/09	14.85	15.47	14.79	15.23	1522737	23246244.00
2022/05/10	15.13	15.96	14.99	15.85	2349051	36849980.00
2022/05/11	16.13	16.42	15.80	15.96	1915260	31023124.00
2022/05/12	15.96	16.34	15.91	16.27	1528391	24648186.00
2022/05/13	16.20	16.47	15.96	16.16	1152555	18590740.00
2022/05/16	16.16	16.49	16.02	16.13	1178054	19052858.00
2022/05/17	16.08	16.33	15.95	16.33	1448470	23406828.00
2022/05/18	16.34	16.48	16.16	16.28	1081505	17679592.00
2022/05/19	16.05	16.32	15.96	16.29	1281950	20733622.00
2022/05/20	16.29	16.60	16.21	16.48	1507970	24780888.00
2022/05/23	16.57	16.64	16.39	16.58	1155700	19079596.00
2022/05/24	16.40	16.79	15.76	15.76	1818954	29566736.00
2022/05/25	15.55	15.97	15.55	15.83	1337554	21112626.00
2022/05/26	15.95	16.16	15.60	16.07	1358517	21614346.00
2022/05/27	16.11	16.95	15.87	15.98	2952394	48221940.00
2022/05/30	16.00	16.32	15.87	15.97	2031435	32604362.00
2022/05/31	16.08	16.44	15.85	16.36	2757665	44817652.00
2022/06/01	16.31	17.42	16.31	17.01	3475375	58979348.00
2022/06/02	17.01	17.71	16.75	17.60	2980375	51591644.00
2022/06/06	17.62	18.04	17.61	17.85	3194295	57032440.00
2022/06/07	17.96	17.99	17.59	17.85	1896622	33667316.00
2022/06/08	17.98	18.20	17.48	17.78	2229680	39691596.00
2022/06/09	17.77	17.85	17.06	17.23	2271058	39476864.00
2022/06/10	17.18	17.59	16.92	17.49	1132011	19686474.00
2022/06/13	17.39	17.71	17.23	17.62	1384476	24308742.00
2022/06/14	17.42	17.81	17.03	17.42	1776467	30687886.00
2022/06/15	17.43	18.81	17.22	18.41	5195607	94966704.00
2022/06/16	18.41	19.30	18.36	18.54	3805864	71411960.00
2022/06/17	18.40	18.98	18.17	18.65	3306016	61502252.00
2022/06/20	18.67	19.47	18.65	19.45	4111253	78765568.00
2022/06/21	20.35	21.40	19.47	19.69	8894484	181367792.00
2022/06/22	19.60	19.68	18.90	18.94	5952387	114828696.00
2022/06/23	18.97	20.00	18.68	19.90	4261753	82478640.00
2022/06/24	19.94	20.30	19.68	20.07	3177075	63489952.00
2022/06/27	20.08	21.90	19.97	21.60	6907434	145819344.00
2022/06/28	21.41	22.85	20.92	22.58	8216434	181694624.00
2022/06/29	22.11	22.21	20.50	20.84	8463132	180978736.00
2022/06/30	20.73	21.56	20.20	20.42	8008103	165596944.00
2022/07/01	20.20	21.00	19.65	20.34	4131465	83836760.00
2022/07/04	20.51	21.90	20.30	21.62	6529347	138264848.00
2022/07/05	21.63	21.88	21.20	21.55	3559465	76420080.00
2022/07/06	21.55	23.71	21.41	23.71	13421429	312375648.00
2022/07/07	24.45	24.78	21.73	22.22	19118257	434937952.00
2022/07/08	22.07	22.13	20.85	20.89	12086463	258749168.00
2022/07/11	20.56	21.00	19.73	20.08	7434189	149943456.00
2022/07/12	19.83	20.18	19.19	19.21	4946102	97034272.00
2022/07/13	19.21	19.49	19.06	19.26	3201776	61813740.00
2022/07/14	19.30	20.27	19.26	19.93	5459209	108374920.00
2022/07/15	19.58	20.24	19.29	19.35	4112488	81166600.00
2022/07/18	19.43	20.05	19.37	19.86	2891875	57074948.00
2022/07/19	19.94	20.37	19.75	20.33	3406925	68621568.00
2022/07/20	20.33	20.65	20.19	20.36	3124845	63642256.00
2022/07/21	20.35	20.69	20.06	20.09	3248876	66130624.00
2022/07/22	20.12	20.74	19.80	19.99	3355154	67921888.00
2022/07/25	19.86	20.62	19.86	20.23	3634018	73641120.00
2022/07/26	20.23	20.32	19.40	20.08	3045965	60866140.00
2022/07/27	20.09	21.50	20.08	21.27	7387787	155056592.00
2022/07/28	21.53	22.80	21.53	22.01	8495986	187656512.00
2022/07/29	22.23	22.78	21.81	22.56	9500389	213515504.00
2022/08/01	22.80	23.45	22.09	22.99	10507501	240692128.00
2022/08/02	22.50	22.96	21.78	21.97	9476785	210981104.00
2022/08/03	22.02	22.73	21.30	21.49	8632403	190718912.00
2022/08/04	21.39	21.98	21.07	21.68	5906679	126813808.00
2022/08/05	21.60	21.64	20.73	21.35	5463716	115367136.00
2022/08/08	21.55	21.71	21.11	21.54	5872727	125873808.00
2022/08/09	21.43	23.25	21.25	21.79	8919748	197081840.00
2022/08/10	21.82	22.70	21.49	22.46	9532472	211094064.00
2022/08/11	22.32	22.55	21.90	22.02	6782537	150013824.00
2022/08/12	22.27	22.89	22.12	22.33	8305353	186433984.00
2022/08/15	22.20	23.40	21.78	22.97	10310368	234651664.00
2022/08/16	22.69	23.30	22.53	23.11	7942134	182251152.00
2022/08/17	23.05	23.43	22.57	22.77	6885921	157934672.00
2022/08/18	22.58	23.33	22.15	23.01	6973584	159352240.00
2022/08/19	23.10	23.18	22.00	22.06	5603050	125365712.00
2022/08/22	22.10	22.18	21.17	21.36	5050780	108014696.00
2022/08/23	21.23	22.20	21.23	21.93	5245686	114768416.00
2022/08/24	21.80	21.99	20.20	20.25	5820678	121530216.00
2022/08/25	20.35	20.67	19.45	19.73	4218710	83301696.00
2022/08/26	20.19	21.70	19.97	21.45	11064740	238360256.00
2022/08/29	20.62	22.40	20.44	22.07	10068020	216232736.00
2022/08/30	22.35	22.80	21.71	22.46	7531834	167192352.00
2022/08/31	22.59	22.60	20.87	20.98	4928083	106150936.00
2022/09/01	21.37	21.38	20.08	20.31	3598435	73789264.00
2022/09/02	20.21	20.56	20.00	20.30	2699941	54575976.00
2022/09/05	20.07	20.21	19.82	19.90	2403043	47924456.00
2022/09/06	19.90	20.19	19.58	20.16	2430394	48421712.00
2022/09/07	20.12	20.79	19.91	20.30	2965821	60482516.00
2022/09/08	20.22	20.30	19.18	19.32	3543345	69415600.00
2022/09/09	19.32	19.32	18.58	19.01	3643367	68644144.00
2022/09/13	19.01	19.27	18.75	18.91	2036562	38528656.00
2022/09/14	18.50	18.80	18.35	18.53	1981420	36652884.00
2022/09/15	18.75	18.82	17.30	17.62	4356173	77526848.00
2022/09/16	17.68	17.91	17.25	17.48	1956129	34368628.00
2022/09/19	17.41	17.74	17.19	17.34	1461695	25425098.00
2022/09/20	17.55	18.05	17.31	17.88	2327645	41275756.00
2022/09/21	17.90	17.90	17.35	17.57	1617617	28417232.00
2022/09/22	17.46	17.76	17.31	17.42	1202075	21104204.00
2022/09/23	17.47	17.50	16.70	17.21	2126446	36384908.00
2022/09/26	17.13	17.55	16.30	17.20	1441590	24838542.00
2022/09/27	17.18	17.67	17.11	17.64	1512877	26329422.00
2022/09/28	17.64	17.80	17.23	17.37	1383733	24129292.00
2022/09/29	17.49	17.85	17.21	17.73	1850342	32454948.00
2022/09/30	17.73	17.84	17.16	17.25	1492971	25909160.00
2022/10/10	17.19	17.22	16.38	16.40	1452188	24272692.00
2022/10/11	16.47	16.72	16.25	16.44	759235	12514059.00
2022/10/12	16.44	17.20	16.10	17.19	1479804	24576044.00
2022/10/13	17.16	17.48	17.10	17.40	1167819	20213502.00
2022/10/14	17.40	18.56	17.40	18.41	2725369	49463684.00
2022/10/17	18.36	19.60	18.23	19.43	3404162	65109060.00
2022/10/18	19.46	19.61	19.07	19.42	1958334	37917176.00
2022/10/19	19.28	19.58	19.20	19.21	1259945	24414750.00
2022/10/20	19.20	19.34	18.66	18.97	1838855	34902680.00
2022/10/21	19.05	19.36	18.73	19.12	1257800	24019704.00
2022/10/24	19.13	19.74	19.06	19.16	2119771	41114184.00
2022/10/25	19.01	20.66	18.96	20.22	7218657	144405040.00
2022/10/26	20.08	20.40	19.70	20.11	3982105	79669728.00
2022/10/27	19.80	20.36	19.80	19.95	2740247	54836888.00
2022/10/28	19.80	20.04	19.01	19.08	2442053	47573336.00
2022/10/31	19.23	19.50	19.05	19.40	2821323	54343296.00
2022/11/01	19.52	19.58	18.95	19.31	2469424	47419188.00
2022/11/02	19.36	19.95	19.11	19.88	3552282	69598664.00
2022/11/03	19.68	20.10	19.52	19.88	2139394	42396884.00
2022/11/04	19.85	20.15	19.71	19.94	2916596	58153420.00
2022/11/07	19.99	20.17	19.60	19.96	2554187	50923824.00
2022/11/08	20.03	20.03	19.50	19.77	1531590	30102524.00
2022/11/09	19.91	20.15	19.70	20.00	1927415	38509552.00
2022/11/10	19.71	20.24	19.62	19.66	1768470	35188184.00
2022/11/11	20.10	20.23	19.68	19.71	1980905	39524404.00
2022/11/14	19.73	19.94	19.21	19.34	1913997	37394168.00
2022/11/15	19.34	20.25	19.25	20.16	3301915	66164420.00
2022/11/16	20.11	20.75	19.98	20.57	3126415	64080444.00
2022/11/17	21.29	22.63	20.81	22.63	15087697	337981952.00
2022/11/18	23.88	24.89	23.44	24.12	32967387	809566848.00
2022/11/21	25.00	25.60	23.66	24.98	25807877	635112768.00
2022/11/22	24.31	24.95	22.74	23.30	17326916	412110176.00
2022/11/23	23.03	23.53	22.20	23.10	10537275	241613360.00
2022/11/24	22.91	23.28	22.49	23.10	6822232	156390928.00
2022/11/25	23.10	23.10	21.92	22.10	9451705	210413872.00
2022/11/28	21.80	21.89	21.30	21.64	5486749	118267968.00
2022/11/29	21.64	23.13	21.56	22.87	9575181	215549840.00
2022/11/30	22.87	23.29	22.37	22.98	8999535	206334768.00
2022/12/01	23.13	24.88	23.10	24.36	9173746	221216416.00
2022/12/02	24.14	25.10	24.14	24.91	7294542	180934480.00
2022/12/05	24.81	25.20	24.53	24.67	5184087	128673208.00
2022/12/06	24.47	25.49	24.32	24.90	4806024	119938152.00
2022/12/07	24.92	25.55	24.40	24.57	6405892	159238240.00
2022/12/08	24.68	25.38	24.00	25.06	5724623	142874208.00
2022/12/09	25.06	25.43	24.35	25.20	5217530	130386640.00
2022/12/12	25.20	26.06	24.89	25.10	5269004	132426800.00
2022/12/13	24.90	24.97	24.00	24.20	6188285	150458064.00
2022/12/14	24.21	24.70	24.08	24.40	4068864	99252472.00
2022/12/15	24.36	25.08	24.28	24.87	2034075	50416220.00
2022/12/16	24.53	24.86	23.28	23.42	5156959	122157528.00
2022/12/19	23.73	23.94	22.61	23.07	4746903	109083816.00
2022/12/20	23.22	23.48	22.77	22.88	3764496	86903648.00
2022/12/21	22.80	23.10	22.20	22.53	1810837	40828676.00
2022/12/22	22.54	22.75	21.97	22.03	2244298	49821376.00
2022/12/23	22.34	22.34	21.55	21.79	1908000	41714724.00
2022/12/26	21.97	23.32	21.81	23.08	3687170	83937272.00
2022/12/27	23.09	23.83	22.72	23.48	3915025	91362168.00
2022/12/28	23.40	23.75	22.55	23.15	4441933	101936120.00
2022/12/29	22.71	23.49	22.60	22.65	4066697	93269616.00
2022/12/30	22.65	22.96	22.33	22.61	4743520	106989192.00
2023/01/03	22.49	23.96	22.38	23.74	5696233	133358752.00
2023/01/04	23.74	24.30	23.18	24.07	4317407	102627240.00
2023/01/05	24.07	24.66	23.99	24.10	2820445	68404176.00
2023/01/06	24.35	24.56	24.01	24.10	3168247	76899032.00
2023/01/09	24.10	24.48	23.70	23.74	2643875	63427996.00
2023/01/10	23.74	23.84	23.10	23.20	3197945	74686136.00
2023/01/11	23.27	23.45	22.70	22.78	3763977	86866680.00
2023/01/12	22.99	23.23	22.50	22.69	3521035	80262272.00
2023/01/13	22.86	23.35	22.46	23.12	5758532	131966088.00
2023/01/16	23.14	24.78	23.14	24.44	8167959	199045264.00
2023/01/17	24.44	25.14	24.28	24.84	5062259	125434528.00
2023/01/18	24.94	25.12	24.65	24.76	3003933	74737696.00
2023/01/19	24.65	24.81	24.16	24.60	3144663	76972376.00
2023/01/20	25.53	25.53	24.24	24.50	5010402	123732520.00
2023/01/30	24.50	26.45	24.44	25.75	6970567	179642096.00
2023/01/31	25.62	27.02	25.50	26.31	5994405	157910976.00
2023/02/01	26.40	27.18	25.87	26.70	10114512	268136032.00
2023/02/02	27.00	27.13	26.21	26.43	4241049	112597560.00
2023/02/03	26.40	26.75	25.69	26.30	4463076	116403512.00
2023/02/06	26.24	26.64	26.01	26.28	5381565	141224784.00
2023/02/07	26.05	27.83	26.05	27.48	8335720	225950928.00
2023/02/08	27.28	27.30	26.50	26.88	4658746	125389240.00
2023/02/09	26.83	27.75	26.47	27.54	4768876	130089344.00
2023/02/10	27.48	27.48	26.00	26.56	7545580	199929376.00
2023/02/13	26.58	27.10	26.16	26.83	5016058	133881752.00
2023/02/14	27.00	27.60	26.58	26.94	4589355	124369712.00
2023/02/15	26.95	27.65	26.70	27.55	4080536	111718496.00
2023/02/16	27.44	27.65	26.40	26.66	3353513	90779144.00
2023/02/17	26.51	26.62	25.77	26.28	4221360	110632560.00
2023/02/20	26.30	26.64	25.66	26.45	4282059	112615888.00
2023/02/21	26.40	26.60	25.90	26.38	3559252	93491688.00
2023/02/22	26.19	26.34	25.64	25.77	2489607	64541208.00
2023/02/23	25.94	26.41	25.71	25.90	2175245	56655608.00
2023/02/24	25.89	26.35	25.50	25.65	1553730	40001600.00
2023/02/27	25.65	25.80	25.12	25.34	1904451	48264860.00
2023/02/28	25.34	25.76	25.26	25.50	1288962	32803334.00
2023/03/01	25.75	25.75	24.98	25.15	3561950	89682320.00
2023/03/02	25.30	26.15	25.30	25.83	3862750	99837712.00
2023/03/03	25.80	26.09	25.26	25.46	2128154	54366680.00
2023/03/06	25.58	26.02	25.25	25.87	2234205	57322264.00
2023/03/07	25.76	26.01	24.86	24.88	1805372	45529908.00
2023/03/08	24.80	25.07	24.56	24.95	1632000	40548184.00
2023/03/09	24.95	25.17	24.31	24.40	2015379	49503416.00
2023/03/10	24.05	24.48	24.01	24.26	1916165	46529128.00
2023/03/13	24.27	24.49	23.69	23.91	2601025	62180564.00
2023/03/14	23.89	24.02	22.96	23.20	2607009	60692768.00
2023/03/15	23.41	23.65	22.88	23.12	2175610	50564964.00
2023/03/16	22.81	23.12	21.93	22.12	4078705	91180584.00
2023/03/17	22.33	22.50	21.53	21.67	6008942	131719520.00
2023/03/20	21.70	22.06	21.33	21.85	4041959	87986016.00
2023/03/21	21.80	22.42	21.71	22.36	2278000	50528216.00
2023/03/22	22.52	22.88	22.25	22.47	2712256	61147436.00
2023/03/23	22.45	22.66	21.83	22.26	4021939	89060760.00
2023/03/24	22.26	22.59	22.03	22.27	3157410	70259112.00
2023/03/27	22.19	22.64	21.97	22.28	3580296	79683664.00
2023/03/28	22.45	22.83	22.12	22.19	3981664	89379104.00
2023/03/29	22.18	22.49	21.93	22.05	2659978	59132912.00
2023/03/30	22.06	22.29	21.80	21.94	2859402	62830644.00
2023/03/31	21.98	22.78	21.96	22.74	4089592	91851648.00
2023/04/03	22.85	22.99	22.14	22.40	4156757	93443768.00
2023/04/04	22.42	22.48	21.39	21.60	4818410	104779000.00
2023/04/06	21.70	22.04	21.50	21.93	3310505	72069352.00
2023/04/07	21.92	22.65	21.91	22.45	3956792	88612104.00
2023/04/10	22.55	22.82	22.36	22.48	2793600	62994728.00
2023/04/11	22.48	22.61	22.19	22.20	2036502	45510092.00
2023/04/12	22.20	22.93	22.10	22.69	3048133	68573672.00
2023/04/13	22.70	22.79	21.93	22.06	3617330	80338736.00
2023/04/14	22.10	22.35	21.71	21.79	2642800	57939688.00
2023/04/17	21.70	22.07	21.43	21.60	3628882	78562744.00
2023/04/18	21.46	21.88	21.02	21.61	2915647	62557536.00
2023/04/19	21.52	21.70	21.22	21.43	2362246	50544704.00
2023/04/20	21.52	21.52	20.61	20.82	3246933	67709056.00
2023/04/21	20.99	21.10	20.38	20.38	2918384	60138816.00
2023/04/24	20.40	20.50	19.90	20.02	2701590	54223092.00
2023/04/25	19.50	19.55	18.02	18.04	10723222	196324656.00
2023/04/26	17.87	19.32	17.87	19.09	5785215	110080760.00
2023/04/27	19.02	19.49	18.51	18.90	4439116	83916832.00
2023/04/28	18.98	19.18	18.72	18.92	3444585	65125004.00
2023/05/05	19.14	19.14	19.14	19.14	0	0.00
数据来源:通达信
