003019 宸展光电 日线 不复权
      日期	    开盘	    最高	    最低	    收盘	    成交量	    成交额
2020/11/17	28.30	33.96	28.30	33.96	191883	6502065.50
2020/11/18	37.36	37.36	37.36	37.36	40163	1500489.63
2020/11/19	41.10	41.10	41.10	41.10	51560	2119116.00
2020/11/20	45.21	45.21	43.05	45.21	12201218	549331840.00
2020/11/23	43.79	43.79	41.71	43.01	13638869	580089152.00
2020/11/24	42.03	42.38	40.66	40.73	8233226	339056384.00
2020/11/25	40.81	40.98	39.54	39.55	6895752	275419904.00
2020/11/26	39.05	40.50	39.05	39.86	5034073	200733984.00
2020/11/27	40.00	40.00	37.58	37.92	6065141	232289888.00
2020/11/30	37.70	38.10	37.11	37.40	4161185	156260816.00
2020/12/01	37.30	38.50	37.20	37.93	4431377	167678032.00
2020/12/02	37.94	40.52	37.45	39.55	8345010	327595584.00
2020/12/03	38.63	38.82	37.61	37.67	5645865	215539952.00
2020/12/04	37.25	37.31	36.40	36.68	3760281	138277360.00
2020/12/07	36.70	37.15	36.32	36.85	2210382	81341256.00
2020/12/08	36.81	36.98	36.10	36.19	2502723	91103344.00
2020/12/09	36.13	36.32	34.90	34.91	3128890	110998352.00
2020/12/10	34.69	35.49	34.16	34.93	2295931	80225464.00
2020/12/11	34.72	35.39	33.65	33.77	2505346	86011648.00
2020/12/14	33.66	33.94	33.23	33.75	1690580	56742176.00
2020/12/15	33.48	35.28	33.41	34.87	2921125	100769736.00
2020/12/16	34.66	34.66	33.51	33.54	2130195	72415416.00
2020/12/17	33.64	34.06	33.22	33.97	1917938	64726432.00
2020/12/18	33.97	33.97	32.69	32.70	2690009	89281800.00
2020/12/21	32.52	33.20	32.10	32.71	1560965	50968316.00
2020/12/22	32.70	32.70	30.96	31.02	2870476	90878528.00
2020/12/23	30.75	31.33	30.01	30.35	2241670	68369312.00
2020/12/24	30.35	30.83	29.85	30.71	2346950	71465952.00
2020/12/25	30.45	30.84	30.12	30.64	1580552	48300700.00
2020/12/28	30.40	30.45	29.14	29.20	2008924	59678700.00
2020/12/29	29.02	29.66	28.85	29.18	1361881	39884572.00
2020/12/30	29.21	29.80	28.92	29.57	1540925	45411608.00
2020/12/31	29.50	30.12	29.45	30.09	1893324	56473600.00
2021/01/04	29.98	30.20	29.70	30.09	1582642	47474668.00
2021/01/05	29.81	30.25	29.72	30.20	1736065	52022968.00
2021/01/06	30.00	30.15	29.20	29.32	1620602	47726988.00
2021/01/07	29.21	29.30	27.48	27.52	2311098	64813008.00
2021/01/08	27.18	27.74	26.80	27.53	1218519	33294728.00
2021/01/11	27.49	27.66	26.62	26.62	1451761	39344484.00
2021/01/12	26.62	26.99	26.40	26.66	1035526	27625520.00
2021/01/13	26.66	26.83	25.50	25.64	1577484	40852204.00
2021/01/14	25.31	27.67	25.31	26.76	2485004	66242712.00
2021/01/15	26.71	28.51	26.56	27.52	2927911	80902848.00
2021/01/18	27.37	27.69	27.17	27.22	1462452	40083944.00
2021/01/19	27.11	28.17	27.10	27.90	2012733	56048264.00
2021/01/20	27.91	28.09	27.40	27.62	1257517	34732636.00
2021/01/21	27.40	27.71	27.08	27.46	1148173	31451028.00
2021/01/22	27.46	27.51	26.67	26.81	1188723	32051594.00
2021/01/25	26.72	28.38	26.14	27.93	2544988	69567368.00
2021/01/26	27.66	29.30	27.53	28.86	3689375	105753000.00
2021/01/27	28.25	29.09	27.91	28.97	2311582	65731192.00
2021/01/28	28.78	29.39	27.72	28.05	2071139	59560932.00
2021/01/29	28.05	28.24	26.85	26.93	1664537	45403652.00
2021/02/01	26.70	28.06	26.53	27.84	1644186	45068548.00
2021/02/02	27.80	27.98	27.22	27.27	1325651	36411652.00
2021/02/03	27.23	27.23	26.20	26.33	1101802	29382738.00
2021/02/04	26.08	26.76	26.08	26.39	1002622	26475926.00
2021/02/05	26.76	29.03	26.60	29.03	2485557	71616832.00
2021/02/08	29.39	29.96	27.90	28.56	4235275	122405872.00
2021/02/09	28.00	28.56	27.71	28.46	2250592	63426840.00
2021/02/10	28.18	28.83	28.18	28.36	1767836	50377204.00
2021/02/18	28.76	29.96	28.40	29.60	2789351	81267680.00
2021/02/19	29.34	29.85	29.02	29.62	2608976	76791104.00
2021/02/22	29.50	29.62	28.80	28.85	2409802	70490152.00
2021/02/23	28.73	28.73	28.01	28.28	1749587	49489568.00
2021/02/24	28.33	29.49	28.33	28.89	2091908	60697016.00
2021/02/25	28.53	28.86	27.82	27.88	1564900	44232548.00
2021/02/26	27.59	27.73	27.07	27.72	1048394	28770150.00
2021/03/01	27.74	28.35	27.74	28.17	840013	23599620.00
2021/03/02	28.34	28.38	27.50	27.65	883602	24594048.00
2021/03/03	27.60	28.07	27.51	28.05	736140	20513442.00
2021/03/04	28.06	28.64	27.96	28.57	1617225	45908024.00
2021/03/05	28.38	28.88	28.15	28.79	1482040	42426164.00
2021/03/08	28.83	29.15	28.00	28.09	1419630	40671048.00
2021/03/09	28.07	28.10	26.21	26.99	1404202	38134776.00
2021/03/10	27.10	27.20	26.56	26.82	638901	17091256.00
2021/03/11	26.69	27.17	26.68	27.12	592683	16002184.00
2021/03/12	27.12	27.12	26.50	26.56	726485	19371878.00
2021/03/15	26.40	26.49	25.79	25.90	854880	22325440.00
2021/03/16	25.86	26.43	25.84	26.31	506084	13264631.00
2021/03/17	26.32	26.87	26.12	26.78	607656	16173370.00
2021/03/18	26.78	26.97	26.59	26.81	617199	16524983.00
2021/03/19	26.58	27.57	26.55	27.29	1202164	32726094.00
2021/03/22	27.48	29.00	27.10	28.53	2473152	70122696.00
2021/03/23	28.32	28.46	27.53	27.65	1554903	43474768.00
2021/03/24	30.00	30.00	28.00	28.07	2265416	65027088.00
2021/03/25	27.65	27.80	27.00	27.25	1407083	38436036.00
2021/03/26	27.13	27.46	27.13	27.35	741956	20276154.00
2021/03/29	27.40	27.95	27.37	27.58	853437	23574214.00
2021/03/30	27.58	28.32	26.82	28.25	2134058	58960388.00
2021/03/31	28.08	29.19	28.08	28.71	2779796	79611832.00
2021/04/01	28.51	29.17	28.23	28.38	1733997	49642980.00
2021/04/02	28.31	31.22	28.31	29.76	4814121	143338144.00
2021/04/06	29.46	29.63	29.06	29.48	2779541	81484368.00
2021/04/07	29.50	30.81	29.45	30.43	3677786	110678208.00
2021/04/08	30.19	30.82	29.50	29.62	2938629	88803648.00
2021/04/09	29.78	30.41	29.20	30.20	2382600	71253616.00
2021/04/12	30.29	30.75	29.20	30.01	2682408	80328312.00
2021/04/13	29.20	29.20	28.02	28.05	2877154	81895960.00
2021/04/14	28.00	30.28	27.88	29.50	3860953	113342152.00
2021/04/15	29.31	29.90	28.50	28.63	2028875	58689912.00
2021/04/16	29.18	29.18	28.42	28.81	1383832	39864264.00
2021/04/19	28.82	29.16	28.61	29.05	1640268	47359100.00
2021/04/20	28.90	28.94	28.21	28.26	1815189	51804516.00
2021/04/21	28.16	28.99	28.13	28.53	1339144	38237208.00
2021/04/22	28.51	29.10	28.35	29.01	1620548	46761804.00
2021/04/23	29.09	29.42	28.25	28.46	2253199	64749656.00
2021/04/26	28.46	28.46	27.20	27.28	1851719	50858312.00
2021/04/27	27.00	27.07	26.20	26.64	1468517	38957176.00
2021/04/28	26.55	26.86	26.30	26.74	709689	18943806.00
2021/04/29	26.43	26.92	26.43	26.68	570800	15272206.00
2021/04/30	26.68	26.75	26.05	26.12	931354	24480330.00
2021/05/06	26.12	26.46	26.06	26.35	494885	12985707.00
2021/05/07	26.35	26.35	26.01	26.09	580235	15173407.00
2021/05/10	26.09	26.28	25.53	25.57	911035	23448160.00
2021/05/11	25.50	25.84	25.42	25.72	462473	11880788.00
2021/05/12	25.70	26.18	25.66	26.18	537320	13965134.00
2021/05/13	26.03	26.25	25.91	25.96	439301	11448937.00
2021/05/14	25.85	26.29	25.85	26.18	402202	10515232.00
2021/05/17	26.33	26.34	26.08	26.08	420917	11004977.00
2021/05/18	26.09	26.19	25.72	26.03	433036	11215513.00
2021/05/19	26.00	26.13	25.88	26.10	339700	8842318.00
2021/05/20	26.11	26.12	25.86	26.08	396866	10301447.00
2021/05/21	26.10	26.31	26.01	26.19	567985	14871122.00
2021/05/24	26.18	26.25	26.00	26.06	361977	9439823.00
2021/05/25	26.18	26.30	26.07	26.21	569478	14912486.00
2021/05/26	26.29	26.50	26.16	26.40	734736	19379210.00
2021/05/27	26.40	26.94	26.37	26.76	1027102	27455214.00
2021/05/28	26.80	26.80	26.30	26.36	739740	19589254.00
2021/05/31	26.39	26.60	26.16	26.38	624400	16434009.00
2021/06/01	26.30	26.59	26.23	26.58	609301	16130275.00
2021/06/02	26.41	26.77	26.27	26.70	817702	21712684.00
2021/06/03	26.71	27.18	26.60	26.81	1077969	28999232.00
2021/06/04	26.57	26.79	26.43	26.45	655199	17409294.00
2021/06/07	26.36	27.00	26.35	26.84	558865	14931134.00
2021/06/08	26.92	26.92	26.51	26.58	603100	16033214.00
2021/06/09	26.56	26.59	26.38	26.47	425800	11264069.00
2021/06/10	26.51	26.81	26.47	26.74	887698	23677198.00
2021/06/11	26.68	26.75	26.30	26.36	790932	20934980.00
2021/06/15	26.15	26.27	25.61	25.69	848564	21912610.00
2021/06/16	25.70	25.95	25.62	25.74	422653	10899545.00
2021/06/17	25.77	26.14	25.77	26.07	440965	11464195.00
2021/06/18	26.25	26.30	25.97	26.19	366016	9549225.00
2021/06/21	26.19	26.58	26.12	26.57	626965	16557123.00
2021/06/22	26.50	26.88	26.40	26.69	750881	19955050.00
2021/06/23	26.00	26.45	26.00	26.19	773216	20305730.00
2021/06/24	26.21	26.21	25.82	25.87	559733	14495980.00
2021/06/25	25.90	26.09	25.82	25.96	402748	10453184.00
2021/06/28	26.00	26.30	25.96	26.19	543549	14204275.00
2021/06/29	26.19	26.19	25.66	25.66	566401	14663581.00
2021/06/30	25.80	27.98	25.66	27.06	2303536	61949164.00
2021/07/01	27.60	28.82	27.35	27.96	4329073	121703744.00
2021/07/02	27.38	27.51	26.39	26.70	2758269	73935192.00
2021/07/05	26.70	27.00	26.37	26.53	1166865	30966168.00
2021/07/06	26.52	26.58	26.00	26.55	1220020	32031194.00
2021/07/07	26.56	26.75	26.36	26.51	894208	23676366.00
2021/07/08	26.50	26.50	26.06	26.22	958872	25103204.00
2021/07/09	26.27	26.27	25.91	26.14	608680	15858015.00
2021/07/12	26.18	26.36	25.56	26.28	912034	23891892.00
2021/07/13	26.05	26.23	25.82	26.08	631710	16446407.00
2021/07/14	26.07	26.18	25.93	26.15	540157	14058656.00
2021/07/15	26.02	26.14	25.66	25.74	608432	15729593.00
2021/07/16	25.74	25.95	25.66	25.83	306980	7934649.50
2021/07/19	25.61	25.90	25.46	25.62	487016	12469906.00
2021/07/20	25.62	25.81	25.52	25.74	407425	10458433.00
2021/07/21	25.92	25.92	25.63	25.86	516021	13301851.00
2021/07/22	25.71	26.04	25.67	26.02	571517	14767589.00
2021/07/23	26.15	26.15	25.58	25.59	584749	15033015.00
2021/07/26	25.53	25.67	25.00	25.02	761500	19247826.00
2021/07/27	25.05	25.30	24.92	25.01	560900	14071754.00
2021/07/28	25.01	25.02	23.80	23.82	894800	21562962.00
2021/07/29	24.20	24.42	24.00	24.23	442700	10696965.00
2021/07/30	24.35	24.35	23.86	24.11	425016	10203972.00
2021/08/02	24.11	24.48	23.92	24.43	493801	11963966.00
2021/08/03	24.42	24.78	24.28	24.48	493200	12108210.00
2021/08/04	24.71	25.15	24.65	24.68	530300	13169461.00
2021/08/05	24.48	24.67	24.25	24.30	593034	14455860.00
2021/08/06	24.18	24.29	24.05	24.28	366923	8856603.00
2021/08/09	24.28	24.60	24.21	24.60	431992	10566671.00
2021/08/10	24.62	24.95	24.60	24.77	498014	12352456.00
2021/08/11	24.77	24.77	24.52	24.63	464704	11451931.00
2021/08/12	24.49	24.77	24.49	24.70	390360	9638616.00
2021/08/13	24.71	24.74	24.57	24.72	371858	9173277.00
2021/08/16	24.71	25.10	24.65	25.08	631308	15737316.00
2021/08/17	25.86	25.86	24.72	24.75	787192	19764046.00
2021/08/18	24.69	24.90	24.40	24.86	414609	10232979.00
2021/08/19	24.87	24.93	24.48	24.48	406518	10008992.00
2021/08/20	24.54	24.54	24.04	24.11	436317	10548420.00
2021/08/23	24.44	24.88	24.18	24.88	609378	14991504.00
2021/08/24	24.87	25.43	24.73	25.25	981944	24697412.00
2021/08/25	25.37	25.66	25.13	25.45	1072893	27300176.00
2021/08/26	25.45	25.49	24.90	25.03	551309	13841829.00
2021/08/27	25.08	25.37	24.91	25.20	897742	22524486.00
2021/08/30	25.00	25.11	24.21	24.26	1059307	26015188.00
2021/08/31	24.30	24.35	24.06	24.19	548164	13251516.00
2021/09/01	24.25	24.49	24.08	24.41	557572	13530616.00
2021/09/02	24.28	24.50	24.28	24.40	399632	9745883.00
2021/09/03	24.41	24.65	24.32	24.51	530400	12989123.00
2021/09/06	24.51	24.63	24.38	24.61	451816	11070992.00
2021/09/07	24.62	24.87	24.45	24.78	534200	13192611.00
2021/09/08	24.78	25.15	24.68	24.93	625716	15611767.00
2021/09/09	24.93	27.29	24.90	26.90	4261442	112627256.00
2021/09/10	26.70	28.30	26.07	27.41	3931692	105651744.00
2021/09/13	27.90	28.00	26.37	26.68	2311183	62230728.00
2021/09/14	26.41	26.83	25.60	25.97	1832908	47947912.00
2021/09/15	26.07	26.30	25.76	26.21	960500	25030010.00
2021/09/16	26.01	26.15	25.51	25.51	998000	25757488.00
2021/09/17	25.51	25.97	25.31	25.74	884216	22676042.00
2021/09/22	25.37	25.95	25.34	25.64	618704	15850728.00
2021/09/23	25.65	25.89	25.61	25.67	599432	15401666.00
2021/09/24	25.65	25.73	25.31	25.31	561981	14299149.00
2021/09/27	25.30	25.30	24.41	24.65	836064	20659132.00
2021/09/28	24.50	24.95	24.42	24.85	411500	10170174.00
2021/09/29	24.84	24.84	24.42	24.42	356016	8737675.00
2021/09/30	24.50	24.95	24.48	24.77	297104	7343041.50
2021/10/08	25.06	25.39	24.87	25.24	383548	9658676.00
2021/10/11	25.40	25.40	24.99	24.99	366134	9171371.00
2021/10/12	25.08	25.08	24.40	24.58	400522	9871423.00
2021/10/13	25.50	27.00	25.50	25.79	1599093	41572980.00
2021/10/14	25.47	26.16	25.10	25.85	1078183	27673158.00
2021/10/15	25.75	26.10	25.40	25.42	551462	14142617.00
2021/10/18	25.19	25.94	25.00	25.81	637116	16238594.00
2021/10/19	25.81	25.81	25.49	25.60	436450	11188360.00
2021/10/20	25.61	25.65	25.25	25.43	342880	8691579.00
2021/10/21	25.56	26.85	25.44	26.52	2574417	68005192.00
2021/10/22	26.42	26.42	26.00	26.08	954701	24958492.00
2021/10/25	25.98	26.12	25.71	26.09	552003	14319649.00
2021/10/26	26.00	26.27	25.78	25.81	606301	15715347.00
2021/10/27	25.78	25.78	24.82	24.91	893000	22444926.00
2021/10/28	24.91	25.36	24.60	25.04	536500	13400554.00
2021/10/29	25.09	25.18	24.66	25.00	590400	14721222.00
2021/11/01	25.25	25.56	24.70	25.39	721945	18126724.00
2021/11/02	25.30	25.85	25.20	25.71	1154222	29531708.00
2021/11/03	25.69	26.75	25.54	26.62	2434824	63808684.00
2021/11/04	27.30	29.28	26.90	29.28	8559824	242370064.00
2021/11/05	30.30	32.21	30.01	32.21	8741971	274732544.00
2021/11/08	31.68	31.87	28.99	30.69	11184253	335658784.00
2021/11/09	29.00	29.70	28.31	29.20	9100594	263920944.00
2021/11/10	29.18	31.97	28.20	30.74	10834377	327940000.00
2021/11/11	29.80	32.30	29.63	31.96	9440491	294304352.00
2021/11/12	31.60	31.60	29.87	30.41	7049435	216644208.00
2021/11/15	30.18	31.00	29.78	30.80	6064748	184264176.00
2021/11/16	30.67	30.67	28.90	28.97	5380648	158706544.00
2021/11/17	28.81	29.65	28.70	29.55	3437267	100573208.00
2021/11/18	29.49	29.88	28.92	29.32	3468423	101848200.00
2021/11/19	29.10	29.54	28.88	29.28	2450400	71785160.00
2021/11/22	29.58	30.90	29.01	30.21	4556030	135230272.00
2021/11/23	29.87	30.60	29.31	29.37	3306200	98341072.00
2021/11/24	29.31	32.31	29.17	32.31	11078514	349256160.00
2021/11/25	33.90	35.54	33.60	35.54	19552796	689437952.00
2021/11/26	36.23	38.86	36.23	36.81	16536948	618080960.00
2021/11/29	36.27	38.18	35.15	35.32	9085889	326874560.00
2021/11/30	35.72	35.84	33.83	34.29	7094600	245086880.00
2021/12/01	34.28	35.12	33.66	34.42	5859572	201475792.00
2021/12/02	34.10	34.35	32.50	32.66	6234061	207649632.00
2021/12/03	32.50	33.06	31.88	31.94	4581961	148123712.00
2021/12/06	29.49	30.98	29.31	30.35	7534483	226800064.00
2021/12/07	30.00	30.28	28.80	28.95	4438694	130015528.00
2021/12/08	29.06	29.52	28.70	29.21	2978100	87023920.00
2021/12/09	29.23	29.82	29.23	29.42	3150501	92981672.00
2021/12/10	29.35	29.59	28.98	29.58	2955633	86703056.00
2021/12/13	29.68	29.80	28.91	29.20	3131636	91329200.00
2021/12/14	29.00	29.50	28.92	29.50	2891350	84580816.00
2021/12/15	29.58	30.09	29.41	29.99	4622516	137548576.00
2021/12/16	30.39	30.43	29.55	29.59	3773502	112507992.00
2021/12/17	29.75	29.79	28.76	28.80	3105800	90273000.00
2021/12/20	28.63	29.04	28.57	28.73	1970237	56772984.00
2021/12/21	28.84	28.85	27.90	28.37	2945100	83072184.00
2021/12/22	28.37	28.63	28.26	28.63	2150716	61125096.00
2021/12/23	28.70	29.39	28.31	29.30	4086890	118354272.00
2021/12/24	29.16	29.30	28.10	28.20	2965800	84539240.00
2021/12/27	28.07	28.48	28.01	28.22	1235535	34944632.00
2021/12/28	28.23	28.84	28.20	28.52	1543920	44046708.00
2021/12/29	28.40	28.95	28.32	28.65	1703834	48915088.00
2021/12/30	28.65	29.50	28.52	29.27	2503236	72741952.00
2021/12/31	29.39	29.54	28.91	29.23	2268176	66310656.00
2022/01/04	29.24	29.66	28.92	29.34	2241300	65561504.00
2022/01/05	29.35	29.48	28.30	28.43	2348216	67575192.00
2022/01/06	29.00	29.87	28.79	29.53	3722817	109188248.00
2022/01/07	29.48	29.60	28.58	28.60	2667416	77709152.00
2022/01/10	28.60	28.78	27.31	28.37	2375501	66696328.00
2022/01/11	28.43	29.22	28.13	28.47	1823516	52290276.00
2022/01/12	28.37	29.39	28.34	29.08	2039200	59149564.00
2022/01/13	29.00	29.20	28.80	28.96	1419300	41066496.00
2022/01/14	28.80	29.10	28.42	28.53	1720200	49564976.00
2022/01/17	28.47	30.26	28.38	30.11	5737614	170204560.00
2022/01/18	30.20	30.48	29.23	29.28	3116192	92613920.00
2022/01/19	29.30	29.80	28.91	29.23	2275416	66586684.00
2022/01/20	29.23	29.45	27.76	27.81	3177300	89915072.00
2022/01/21	27.82	28.28	27.70	27.97	1532400	42994176.00
2022/01/24	27.90	28.18	27.60	27.85	1142200	31921464.00
2022/01/25	27.85	29.21	27.05	28.34	5768339	163440752.00
2022/01/26	28.81	28.90	27.77	28.29	2048988	58132776.00
2022/01/27	28.38	28.45	27.07	27.07	2067220	56961024.00
2022/01/28	27.39	27.92	26.76	27.36	1321400	36297752.00
2022/02/07	28.00	28.49	27.38	27.84	1755616	49164164.00
2022/02/08	27.84	28.23	27.71	28.22	1192200	33369586.00
2022/02/09	28.18	28.55	27.96	28.41	1450367	41050552.00
2022/02/10	28.41	28.45	28.02	28.11	878900	24810742.00
2022/02/11	28.25	28.27	27.31	27.42	1306200	36411848.00
2022/02/14	27.42	27.93	27.12	27.25	1164686	31999624.00
2022/02/15	27.40	27.87	27.11	27.50	1131934	31160360.00
2022/02/16	27.84	28.20	27.66	27.80	1161002	32421580.00
2022/02/17	27.80	27.94	27.41	27.55	1097655	30403474.00
2022/02/18	27.30	27.77	27.27	27.71	764337	21081922.00
2022/02/21	27.71	27.94	27.54	27.87	1259900	35028212.00
2022/02/22	27.68	27.84	27.19	27.29	1382116	37820228.00
2022/02/23	27.43	29.10	27.31	28.48	2894719	81613248.00
2022/02/24	28.48	28.77	27.34	27.62	2261634	63394116.00
2022/02/25	27.81	28.46	27.81	28.09	1163118	32772086.00
2022/02/28	28.19	28.19	27.36	27.53	1526761	42113944.00
2022/03/01	27.70	27.74	27.25	27.42	1612003	44146964.00
2022/03/02	27.34	27.50	26.80	27.45	1442500	39143148.00
2022/03/03	27.49	27.55	26.80	26.99	1682577	45473700.00
2022/03/04	26.88	26.88	25.70	25.86	2249818	59151444.00
2022/03/07	25.86	25.95	25.45	25.55	896611	23028008.00
2022/03/08	25.55	25.68	24.50	24.60	1099700	27526956.00
2022/03/09	24.61	24.92	23.65	24.40	1713000	41662408.00
2022/03/10	24.70	25.07	24.56	24.59	1128600	28020668.00
2022/03/11	24.32	24.87	23.90	24.70	1185388	28819370.00
2022/03/14	24.55	24.59	23.81	23.82	1134577	27414080.00
2022/03/15	23.93	23.93	22.50	22.50	1550200	35905000.00
2022/03/16	22.74	22.99	21.82	22.83	1254606	28303376.00
2022/03/17	23.43	23.45	23.02	23.04	1232600	28634318.00
2022/03/18	23.00	23.42	22.94	23.42	1040816	24202144.00
2022/03/21	23.42	23.58	23.17	23.36	1018006	23772982.00
2022/03/22	23.32	23.57	23.15	23.57	690993	16143783.00
2022/03/23	23.56	23.68	23.30	23.40	1061600	24868924.00
2022/03/24	23.26	23.35	23.00	23.02	632800	14624289.00
2022/03/25	22.99	23.38	22.97	23.16	712400	16545683.00
2022/03/28	23.25	23.25	22.43	22.92	766145	17520456.00
2022/03/29	23.10	23.11	22.57	22.76	676712	15420923.00
2022/03/30	22.80	23.34	22.78	23.20	956344	22058408.00
2022/03/31	23.20	23.56	23.05	23.48	841279	19670286.00
2022/04/01	23.47	23.47	23.20	23.45	863543	20123322.00
2022/04/06	23.32	24.17	23.32	23.81	1002446	23871164.00
2022/04/07	23.68	23.85	22.92	23.02	1063829	24777342.00
2022/04/08	23.13	23.13	22.61	22.86	796764	18219022.00
2022/04/11	22.69	23.68	22.22	22.27	1967464	44625256.00
2022/04/12	22.80	23.09	22.00	23.05	1349400	30429828.00
2022/04/13	22.98	23.12	22.60	22.60	696400	15814615.00
2022/04/14	22.73	23.10	22.51	22.72	1112900	25405752.00
2022/04/15	22.72	23.01	22.18	22.28	1735448	38835304.00
2022/04/18	22.27	22.48	21.96	22.41	1152445	25651724.00
2022/04/19	22.48	22.81	22.25	22.50	1181200	26610496.00
2022/04/20	22.43	22.68	22.06	22.16	960800	21469252.00
2022/04/21	22.08	22.14	20.99	21.04	1925433	41272828.00
2022/04/22	21.00	21.94	20.89	21.66	1715800	36617208.00
2022/04/25	22.16	22.38	20.36	20.36	2314916	49797272.00
2022/04/26	19.85	21.22	19.85	20.35	1877400	38714044.00
2022/04/27	20.22	21.96	20.11	21.82	2771600	58829136.00
2022/04/28	23.99	24.00	23.10	24.00	3493164	83423944.00
2022/04/29	24.78	26.40	24.72	26.40	3505864	89802000.00
2022/05/05	28.40	28.40	26.83	27.47	10270401	284713088.00
2022/05/06	25.51	27.85	25.51	26.69	6305025	168631648.00
2022/05/09	26.65	28.04	26.65	26.88	5556056	151840048.00
2022/05/10	27.12	27.50	26.70	27.40	3096116	84135248.00
2022/05/11	27.15	28.94	27.15	27.70	5029540	142506560.00
2022/05/12	27.95	28.30	27.40	27.85	3049416	85191688.00
2022/05/13	27.99	28.10	27.18	27.26	3747600	103439072.00
2022/05/16	27.34	27.60	26.55	26.70	2973518	80304152.00
2022/05/17	26.70	26.89	26.16	26.41	2413600	63783420.00
2022/05/18	26.52	27.03	26.30	26.75	1573300	42051584.00
2022/05/19	26.33	26.94	26.33	26.85	1483600	39637248.00
2022/05/20	26.94	27.00	26.32	26.58	2373000	63103096.00
2022/05/23	26.70	27.30	26.33	26.93	2368236	63440980.00
2022/05/24	26.81	27.20	25.31	25.33	2778300	72692720.00
2022/05/25	25.46	25.62	25.00	25.33	1213400	30658744.00
2022/05/26	25.35	25.57	24.67	25.25	1283261	32194536.00
2022/05/27	25.37	25.72	25.00	25.29	1208400	30687520.00
2022/05/30	25.46	26.26	25.08	26.06	2146001	55192724.00
2022/05/31	25.95	26.14	25.18	26.03	2344700	60210360.00
2022/06/01	25.90	26.94	25.70	26.90	2743001	72679592.00
2022/06/02	26.92	27.07	26.46	26.91	1669139	44656948.00
2022/06/06	26.91	27.98	26.83	27.58	3032512	83141912.00
2022/06/07	27.64	27.93	27.00	27.21	2239800	61380024.00
2022/06/08	27.45	27.47	26.55	26.98	1573510	42503976.00
2022/06/09	26.68	26.90	25.84	26.02	1492416	39220664.00
2022/06/10	26.01	26.63	25.92	26.48	1687264	44520212.00
2022/06/13	26.48	26.84	26.16	26.59	1612400	42822816.00
2022/06/14	26.55	27.95	26.41	27.86	5002119	135969792.00
2022/06/15	27.86	28.11	27.50	27.65	3031947	84317872.00
2022/06/16	27.51	28.09	27.45	27.76	2239947	62259948.00
2022/06/17	27.75	28.10	27.38	28.00	2109417	58765500.00
2022/06/20	28.18	28.64	27.81	27.82	2078517	58353928.00
2022/06/21	28.28	28.53	27.65	27.86	2435900	68270176.00
2022/06/22	27.58	28.10	27.40	27.40	2231400	61768528.00
2022/06/23	27.30	27.60	26.91	27.46	1561017	42582484.00
2022/06/24	27.55	28.53	27.50	28.10	2397700	67525272.00
2022/06/27	27.46	27.70	26.40	27.33	4039190	108900760.00
2022/06/28	23.59	25.71	23.35	25.71	10168474	255565744.00
2022/06/29	25.68	25.80	24.19	24.30	10891633	268915040.00
2022/06/30	24.55	26.00	23.86	25.24	9323617	230462416.00
2022/07/01	25.35	27.60	25.35	26.91	11993657	320518336.00
2022/07/04	27.09	28.45	27.00	27.31	10252648	283212192.00
2022/07/05	27.31	27.40	26.23	27.15	7168391	191603664.00
2022/07/06	28.52	28.66	25.38	26.16	14665282	393487744.00
2022/07/07	26.00	27.15	25.31	25.38	9792091	254491312.00
2022/07/08	25.10	26.18	25.01	25.67	7220587	186187296.00
2022/07/11	25.76	25.90	24.70	25.10	4376165	110426896.00
2022/07/12	25.10	25.33	24.19	24.27	4569723	112419696.00
2022/07/13	24.70	25.07	24.28	25.00	3878838	95824696.00
2022/07/14	25.02	25.62	24.71	25.37	3522595	88635064.00
2022/07/15	25.42	27.18	25.20	26.05	6857464	180385664.00
2022/07/18	26.20	26.96	25.60	26.70	5942720	156184320.00
2022/07/19	26.41	26.88	26.36	26.75	4132151	110167856.00
2022/07/20	26.91	27.09	26.45	26.75	3597396	96139424.00
2022/07/21	26.79	27.41	26.62	26.88	3722500	100697536.00
2022/07/22	26.73	26.88	26.10	26.44	4330060	114553072.00
2022/07/25	26.40	26.50	25.65	25.81	2823425	73341272.00
2022/07/26	25.95	25.97	25.13	25.75	2756815	70594920.00
2022/07/27	25.76	26.49	25.76	26.25	2808319	73457480.00
2022/07/28	26.18	26.77	26.18	26.47	2795655	74138432.00
2022/07/29	26.41	26.67	26.15	26.20	1846340	48579596.00
2022/08/01	26.20	26.55	25.67	26.45	2870555	75290096.00
2022/08/02	25.99	25.99	24.80	25.05	4194965	105947216.00
2022/08/03	25.16	26.08	25.03	25.18	3525397	90444248.00
2022/08/04	25.44	25.60	24.55	25.09	2905830	72757520.00
2022/08/05	24.93	25.58	24.93	25.42	3212377	81543536.00
2022/08/08	25.54	25.58	25.16	25.35	3082674	78135592.00
2022/08/09	25.34	25.66	25.13	25.65	3018460	76780824.00
2022/08/10	25.55	26.28	25.30	25.85	3172990	82164192.00
2022/08/11	26.05	26.88	25.91	26.58	3673882	97349536.00
2022/08/12	26.66	26.66	25.90	26.00	2970450	78001448.00
2022/08/15	25.30	26.17	24.31	26.10	4722348	119563104.00
2022/08/16	25.95	26.23	25.43	25.57	3070036	78838072.00
2022/08/17	25.61	25.77	25.14	25.57	2208471	56251964.00
2022/08/18	25.50	26.48	25.20	26.30	4179611	108638008.00
2022/08/19	26.51	27.15	26.10	26.15	4699995	124736424.00
2022/08/22	26.25	26.92	25.73	26.61	5219020	138467856.00
2022/08/23	26.56	27.15	26.48	26.89	4139325	110845256.00
2022/08/24	27.00	27.10	25.46	25.68	5140065	133475480.00
2022/08/25	25.83	25.94	24.84	25.43	3111848	78483808.00
2022/08/26	25.50	26.44	25.35	25.53	3727593	96652880.00
2022/08/29	25.44	25.88	24.86	25.83	3038790	77738016.00
2022/08/30	25.67	26.19	25.17	25.52	3250765	83028512.00
2022/08/31	25.49	25.84	23.71	23.75	6588185	161263408.00
2022/09/01	24.05	24.58	23.80	23.92	3584295	86421560.00
2022/09/02	23.81	24.39	23.53	24.27	3125655	75307096.00
2022/09/05	24.20	24.40	23.71	23.90	2701965	64930688.00
2022/09/06	23.95	24.34	23.68	24.24	3158235	76132672.00
2022/09/07	24.25	24.53	24.07	24.23	2593890	62976624.00
2022/09/08	24.22	24.33	23.61	23.68	2481950	59336540.00
2022/09/09	23.68	23.79	23.25	23.34	2110028	49304496.00
2022/09/13	23.49	23.71	23.22	23.43	2218445	51968376.00
2022/09/14	23.05	23.32	22.80	22.97	1822105	41872844.00
2022/09/15	22.95	23.14	21.71	21.97	2668415	59380280.00
2022/09/16	21.88	22.18	21.60	21.65	2379070	51954200.00
2022/09/19	21.82	22.10	21.44	21.53	2118801	46041788.00
2022/09/20	21.69	21.97	21.64	21.80	1396547	30416118.00
2022/09/21	21.98	22.43	21.80	22.20	2784531	61722008.00
2022/09/22	22.10	22.55	22.06	22.33	1874550	41875020.00
2022/09/23	22.30	22.47	21.66	21.99	1763645	38858716.00
2022/09/26	21.77	22.28	21.59	21.95	1771331	38895864.00
2022/09/27	22.10	22.54	21.83	22.50	1809236	40228156.00
2022/09/28	22.37	22.78	22.15	22.19	2184662	48956732.00
2022/09/29	22.39	22.55	22.07	22.39	2108311	47055624.00
2022/09/30	22.19	22.29	21.46	21.49	2148949	46675884.00
2022/10/10	21.61	21.68	20.90	21.05	2083845	43992636.00
2022/10/11	21.00	21.15	20.75	20.96	1760301	36892736.00
2022/10/12	21.06	22.02	20.77	21.92	2886506	61525392.00
2022/10/13	21.75	22.54	21.55	22.35	2639794	58340716.00
2022/10/14	22.40	22.64	22.22	22.52	2452534	55085636.00
2022/10/17	22.40	22.95	22.30	22.88	2126900	48275780.00
2022/10/18	22.95	23.04	22.67	22.78	1924564	43965284.00
2022/10/19	22.77	23.55	22.73	22.95	3091515	71676192.00
2022/10/20	22.95	23.53	22.57	23.23	2994455	69260984.00
2022/10/21	23.11	23.65	22.63	23.02	2189242	50310800.00
2022/10/24	22.99	23.35	22.49	22.66	2125615	48849376.00
2022/10/25	22.50	22.66	21.85	22.31	2286390	50840916.00
2022/10/26	22.35	23.58	22.35	23.38	3889435	90132168.00
2022/10/27	23.26	23.76	23.25	23.55	2618922	61692616.00
2022/10/28	23.78	23.94	22.82	22.96	4563328	106684640.00
2022/10/31	22.90	23.77	22.90	23.30	3792045	88711744.00
2022/11/01	23.20	23.79	23.10	23.64	3434232	80666608.00
2022/11/02	23.65	24.17	23.56	23.98	4059759	97175856.00
2022/11/03	23.77	24.70	23.69	24.58	4566422	111015056.00
2022/11/04	24.68	24.75	24.42	24.75	3868046	95141152.00
2022/11/07	24.65	24.65	23.93	24.09	4132255	100029792.00
2022/11/08	24.23	24.55	23.95	24.50	2867010	69797624.00
2022/11/09	24.12	24.37	23.90	23.92	2699625	64939808.00
2022/11/10	23.87	24.08	23.74	23.88	2066850	49395824.00
2022/11/11	24.21	24.49	23.57	23.61	3224470	77357440.00
2022/11/14	23.53	24.07	23.45	23.58	2450210	58246368.00
2022/11/15	23.56	24.26	23.52	24.13	2534350	60849176.00
2022/11/16	24.15	24.45	24.07	24.21	2734628	66359416.00
2022/11/17	24.14	24.45	23.97	24.42	2461872	59654252.00
2022/11/18	24.50	25.00	24.33	24.39	3493574	86044576.00
2022/11/21	24.39	24.39	23.82	24.24	2482790	59621396.00
2022/11/22	24.23	24.50	23.87	23.93	2381241	57630608.00
2022/11/23	23.97	24.00	23.30	23.63	2279909	53712032.00
2022/11/24	23.64	23.92	23.60	23.73	1337301	31793528.00
2022/11/25	23.72	23.72	23.10	23.10	1760450	41017096.00
2022/11/28	23.02	23.18	22.59	22.77	1790760	40804756.00
2022/11/29	22.83	23.17	22.61	23.02	1707460	39280144.00
2022/11/30	23.13	23.13	22.77	23.02	1865785	42794960.00
2022/12/01	23.18	23.42	23.08	23.19	2019615	46973352.00
2022/12/02	23.20	23.51	23.03	23.29	1913734	44646140.00
2022/12/05	23.38	23.45	23.13	23.32	1852695	43057728.00
2022/12/06	23.27	23.47	23.16	23.21	1598976	37282840.00
2022/12/07	23.15	23.16	22.78	22.82	2499829	57351576.00
2022/12/08	22.81	22.89	22.49	22.50	1686175	38185376.00
2022/12/09	22.50	22.65	22.23	22.40	1719840	38530556.00
2022/12/12	22.40	22.53	22.10	22.48	2009760	44886432.00
2022/12/13	22.49	22.49	22.00	22.02	1530464	33916736.00
2022/12/14	22.10	22.24	21.70	21.80	1833565	40250252.00
2022/12/15	21.81	22.19	21.70	22.10	1522921	33567692.00
2022/12/16	21.90	22.10	21.61	21.74	1604130	34873832.00
2022/12/19	21.60	21.68	20.98	21.15	1646760	35000316.00
2022/12/20	21.15	21.49	21.04	21.37	1238990	26368206.00
2022/12/21	21.38	21.47	20.89	21.00	1514390	31921100.00
2022/12/22	21.23	21.23	20.49	20.54	1396410	29084004.00
2022/12/23	20.74	20.95	20.44	20.81	1453365	30116432.00
2022/12/26	20.81	21.09	20.69	21.05	1347330	28212992.00
2022/12/27	21.12	21.29	21.01	21.20	1377169	29109288.00
2022/12/28	21.16	21.20	20.92	21.03	1192431	25056716.00
2022/12/29	21.00	21.75	20.96	21.52	2731682	58639048.00
2022/12/30	21.50	21.50	21.22	21.31	1509648	32199330.00
2023/01/03	21.36	21.83	21.25	21.81	2207563	47706536.00
2023/01/04	21.85	22.10	21.68	21.82	2633940	57688392.00
2023/01/05	21.83	22.18	21.74	22.11	2187005	48101884.00
2023/01/06	22.07	22.49	21.94	22.46	2212793	49357272.00
2023/01/09	22.44	23.39	22.29	23.13	4252660	97274024.00
2023/01/10	23.20	23.68	22.65	23.50	5904590	136967280.00
2023/01/11	23.50	23.55	22.93	23.00	4160484	96786616.00
2023/01/12	23.00	23.21	22.87	23.14	2271916	52373516.00
2023/01/13	23.11	23.47	23.05	23.29	2527697	58788660.00
2023/01/16	23.28	23.40	23.12	23.35	2517445	58588084.00
2023/01/17	23.39	23.73	23.30	23.57	2131619	50203852.00
2023/01/18	23.47	23.55	23.20	23.38	1967445	45933828.00
2023/01/19	23.34	23.61	23.30	23.57	1836280	43151192.00
2023/01/20	23.58	23.75	23.32	23.46	1559710	36635972.00
2023/01/30	23.60	23.70	23.46	23.62	2315403	54594640.00
2023/01/31	23.26	23.55	22.53	23.34	4647925	107655648.00
2023/02/01	23.65	23.98	23.53	23.84	5190462	123486496.00
2023/02/02	23.92	24.15	23.78	23.93	3047543	72988344.00
2023/02/03	24.00	24.41	23.86	24.29	3476003	84060600.00
2023/02/06	24.41	24.58	24.22	24.37	3480393	84967088.00
2023/02/07	24.17	24.24	23.94	24.20	4144527	99802552.00
2023/02/08	24.34	24.44	23.88	23.97	2855016	68705088.00
2023/02/09	23.91	24.50	23.89	24.43	3477989	84461416.00
2023/02/10	24.43	24.69	24.26	24.46	3108766	76123520.00
2023/02/13	24.62	25.04	24.60	24.88	4192025	104161696.00
2023/02/14	24.88	25.01	24.70	24.75	2854569	70917032.00
2023/02/15	24.76	25.55	24.76	25.41	4152127	104971936.00
2023/02/16	25.60	25.80	24.73	24.96	6287660	159444832.00
2023/02/17	24.79	25.17	24.36	24.37	3969304	97718128.00
2023/02/20	24.30	25.02	24.27	24.87	3077539	75850768.00
2023/02/21	24.81	25.20	24.67	24.85	3022300	75442720.00
2023/02/22	24.69	24.99	24.55	24.75	2381180	58963960.00
2023/02/23	24.79	24.97	24.60	24.74	1875411	46428852.00
2023/02/24	24.77	25.02	24.70	24.88	2244198	55796972.00
2023/02/27	24.65	24.78	24.29	24.36	2783790	68233544.00
2023/02/28	24.53	24.94	24.30	24.63	2717838	66875444.00
2023/03/01	24.52	25.07	24.46	25.02	3305130	82268040.00
2023/03/02	25.10	25.24	24.87	24.92	2872050	71871744.00
2023/03/03	24.93	24.99	24.36	24.61	2687765	66211304.00
2023/03/06	24.66	24.84	24.44	24.70	2084627	51408588.00
2023/03/07	24.60	24.72	23.78	23.82	2895461	69838568.00
2023/03/08	23.80	24.45	23.80	24.37	2238545	54274588.00
2023/03/09	24.35	24.96	24.35	24.91	2819035	69785360.00
2023/03/10	24.78	25.08	24.66	24.72	2522996	62785968.00
2023/03/13	24.53	24.92	24.03	24.91	2363067	58345204.00
2023/03/14	24.90	25.00	24.13	24.40	2197513	53783452.00
2023/03/15	24.60	25.10	24.56	24.90	2989725	74490440.00
2023/03/16	24.80	25.20	24.39	24.43	2412491	59653096.00
2023/03/17	24.59	25.10	24.44	24.96	3371048	83970136.00
2023/03/20	25.02	25.52	24.96	25.40	4558935	115371072.00
2023/03/21	25.40	25.87	25.16	25.75	4008587	102884088.00
2023/03/22	26.02	26.23	25.71	26.11	3899355	101249776.00
2023/03/23	26.00	26.22	25.79	26.19	3780282	98468848.00
2023/03/24	26.22	26.43	25.85	26.40	3727915	97734624.00
2023/03/27	26.64	27.10	26.04	26.35	4229133	112281392.00
2023/03/28	26.48	26.48	25.96	26.03	2494190	65258388.00
2023/03/29	26.00	26.44	25.80	26.15	2413864	63129064.00
2023/03/30	25.99	26.48	25.90	26.09	2027070	53075120.00
2023/03/31	26.09	26.20	25.71	26.13	2104355	54723160.00
2023/04/03	26.11	26.51	26.00	26.34	2291905	60264768.00
2023/04/04	26.34	26.60	26.11	26.26	2214243	58259552.00
2023/04/06	26.12	26.36	26.05	26.25	2157645	56558268.00
2023/04/07	26.25	26.35	25.90	26.26	1991178	51979988.00
2023/04/10	26.31	26.97	25.96	26.00	3997323	105975032.00
2023/04/11	26.00	26.28	25.58	25.62	3795788	98133792.00
2023/04/12	25.72	26.23	25.61	26.13	2834470	73383504.00
2023/04/13	26.13	26.13	25.39	25.48	2685130	68875680.00
2023/04/14	25.85	25.85	25.16	25.67	2295810	58617788.00
2023/04/17	25.49	25.76	25.20	25.29	2030595	51620104.00
2023/04/18	25.27	25.43	24.96	25.05	1988768	49950768.00
2023/04/19	25.00	26.66	24.91	25.83	4001695	103466728.00
2023/04/20	25.90	26.18	25.65	26.11	2563970	66530008.00
2023/04/21	26.01	26.03	24.25	24.43	4938170	122988664.00
2023/04/24	24.33	24.56	23.76	23.95	2205570	53096452.00
2023/04/25	24.10	24.13	22.67	23.02	2870273	66496716.00
2023/04/26	23.01	23.34	22.67	22.82	2286527	52540756.00
2023/04/27	22.86	23.28	22.75	22.92	1911495	43933716.00
2023/04/28	22.00	22.31	21.51	22.05	5880442	128775768.00
2023/05/05	21.46	21.46	21.46	21.46	0	0.00
数据来源:通达信
