002890 弘宇股份 日线 不复权
      日期	    开盘	    最高	    最低	    收盘	    成交量	    成交额
2017/08/02	15.31	18.37	15.31	18.37	9900	180772.00
2017/08/03	20.21	20.21	20.21	20.21	2400	48504.00
2017/08/04	22.23	22.23	22.23	22.23	3800	84474.00
2017/08/07	24.45	24.45	24.45	24.45	11100	271395.00
2017/08/08	26.90	26.90	26.90	26.90	12100	325490.00
2017/08/09	29.59	29.59	29.59	29.59	34600	1023814.00
2017/08/10	32.55	32.55	30.50	31.08	9659251	302768704.00
2017/08/11	30.01	32.16	30.00	31.10	6077316	187934368.00
2017/08/14	31.00	33.98	30.52	32.35	5375616	171594368.00
2017/08/15	32.37	35.39	32.05	34.96	6329569	213022480.00
2017/08/16	34.00	35.96	33.60	34.03	5146153	177475712.00
2017/08/17	33.75	35.00	33.36	33.45	3778638	128678496.00
2017/08/18	33.38	35.04	33.01	34.80	4044196	138176256.00
2017/08/21	34.58	36.49	34.22	35.89	4538227	162144304.00
2017/08/22	36.39	36.88	34.90	34.98	4793861	171530656.00
2017/08/23	34.77	38.48	34.76	38.48	6376363	235955312.00
2017/08/24	38.00	41.45	37.50	37.50	7353811	286873184.00
2017/08/25	36.30	40.86	36.30	39.41	5907045	227913536.00
2017/08/28	39.61	43.35	39.60	43.01	6900220	283478272.00
2017/08/29	41.58	46.60	40.80	42.08	7547537	328583712.00
2017/08/30	40.75	42.29	39.00	39.86	4879830	197219664.00
2017/08/31	39.85	41.79	39.10	41.23	3859066	158031056.00
2017/09/01	41.23	42.38	40.20	40.47	3301523	135322128.00
2017/09/04	40.00	40.00	37.00	37.37	3925485	151004512.00
2017/09/05	37.62	38.73	37.60	38.58	2247129	85985544.00
2017/09/06	38.01	38.50	37.16	38.27	1875220	70823376.00
2017/09/07	37.91	39.20	37.90	38.31	2109217	81438416.00
2017/09/08	38.13	38.49	37.13	37.67	1768888	66745108.00
2017/09/11	37.61	39.05	37.61	39.00	2155000	83325872.00
2017/09/12	39.00	40.16	38.50	38.58	2533047	99696768.00
2017/09/13	37.93	39.01	37.58	39.01	1925947	73571168.00
2017/09/14	38.61	39.09	38.00	38.35	1514600	58520244.00
2017/09/15	38.53	38.55	37.22	37.37	1350900	50977104.00
2017/09/18	37.00	37.43	36.61	36.95	1066947	39365492.00
2017/09/19	37.33	38.00	37.08	37.56	1225800	46034388.00
2017/09/20	37.69	40.45	37.55	40.00	4402957	173381632.00
2017/09/21	39.79	39.95	38.50	38.63	2592280	101036704.00
2017/09/22	38.59	38.92	36.88	38.83	2089200	79540832.00
2017/09/25	38.42	39.12	38.15	38.31	1507930	58379856.00
2017/09/26	38.12	38.31	36.20	37.00	1890493	69941096.00
2017/09/27	36.70	37.34	36.70	37.14	1069980	39635288.00
2017/09/28	36.99	37.42	36.83	37.10	841900	31250908.00
2017/09/29	37.08	37.37	36.94	37.20	690602	25673394.00
2017/10/09	37.63	37.85	37.21	37.70	876000	32910412.00
2017/10/10	37.11	38.97	37.11	38.93	1861401	71500216.00
2017/10/11	40.20	40.20	37.90	38.20	1485671	57517684.00
2017/10/12	38.25	38.73	37.82	38.37	1102473	42334616.00
2017/10/13	38.49	40.05	38.18	39.55	2479301	97537984.00
2017/10/16	39.36	39.40	37.78	38.09	1602332	61810428.00
2017/10/17	38.07	38.89	37.58	38.84	1222969	46991224.00
2017/10/18	38.84	39.28	36.98	37.28	1711604	65267752.00
2017/10/19	37.15	37.28	36.26	36.43	1424486	52232940.00
2017/10/20	36.20	37.17	36.20	36.98	866794	32014438.00
2017/10/23	37.57	40.59	37.57	39.17	2782661	109537352.00
2017/10/24	39.25	40.20	38.55	40.20	3040726	119840912.00
2017/10/25	39.82	43.25	39.66	42.26	4906003	202919488.00
2017/10/26	41.75	42.47	41.14	42.02	3048389	127611928.00
2017/10/27	42.10	43.15	41.32	42.60	2544389	107585040.00
2017/10/30	42.21	42.45	39.18	40.43	2502102	101828768.00
2017/10/31	41.04	41.49	40.11	41.49	1855637	76051872.00
2017/11/01	41.12	44.00	40.70	42.25	3836874	162841776.00
2017/11/02	42.19	45.98	41.79	43.52	5825556	255710528.00
2017/11/03	42.91	43.50	40.05	40.55	4340459	181452784.00
2017/11/06	40.83	41.72	40.50	41.42	2504162	103073272.00
2017/11/07	41.26	41.60	40.30	40.94	2388862	97319176.00
2017/11/08	40.87	41.96	40.70	41.33	2913301	120510144.00
2017/11/09	41.00	41.80	40.50	41.66	2095954	86172720.00
2017/11/10	41.69	43.99	41.36	43.54	3989654	171782592.00
2017/11/13	43.50	45.30	42.67	43.50	4440854	194500192.00
2017/11/14	43.99	46.58	43.99	44.47	5109482	230589408.00
2017/11/15	43.30	46.10	42.77	45.50	4946874	220905520.00
2017/11/16	45.11	45.39	41.68	42.44	3814581	166619152.00
2017/11/17	41.98	42.39	38.20	38.20	3177871	126682328.00
2017/11/20	38.21	39.35	37.20	39.18	1580351	60782416.00
2017/11/21	38.89	39.10	36.60	38.12	1676788	63635520.00
2017/11/22	37.60	38.79	37.30	37.50	1229905	46501540.00
2017/11/23	37.01	37.85	36.22	36.23	1153600	42671744.00
2017/11/24	36.19	36.60	36.00	36.00	679700	24641548.00
2017/11/27	36.00	36.00	33.86	34.20	953242	33481446.00
2017/11/28	34.31	35.13	34.22	35.09	758700	26409232.00
2017/11/29	35.15	35.19	33.80	34.42	869760	29803690.00
2017/11/30	34.35	35.20	34.12	34.75	752900	26241260.00
2017/12/01	34.50	35.42	34.50	35.22	793100	27799052.00
2017/12/04	35.00	35.05	31.85	32.21	1529800	51040728.00
2017/12/05	32.30	32.70	30.51	31.07	893300	28255776.00
2017/12/06	31.09	31.99	30.80	31.89	811000	25494204.00
2017/12/07	32.01	32.20	31.59	31.95	574712	18359650.00
2017/12/08	32.10	33.15	31.85	32.72	683651	22313044.00
2017/12/11	32.46	33.14	32.46	32.99	432700	14235763.00
2017/12/12	32.99	33.96	32.31	32.54	841150	27995656.00
2017/12/13	32.18	33.15	31.85	33.03	598700	19468912.00
2017/12/14	33.03	33.43	32.76	33.38	497900	16469255.00
2017/12/15	33.20	33.35	32.31	32.73	530400	17377320.00
2017/12/18	32.83	32.90	32.10	32.43	253200	8219546.00
2017/12/19	32.30	33.12	32.21	33.04	496400	16352205.00
2017/12/20	33.85	33.85	32.53	32.70	531600	17649804.00
2017/12/21	32.65	32.98	32.20	32.75	459500	14988610.00
2017/12/22	32.73	32.82	32.20	32.26	488763	15869001.00
2017/12/25	32.24	32.25	31.00	31.87	555563	17551740.00
2017/12/26	31.80	33.91	31.51	33.40	1274046	42328876.00
2017/12/27	33.70	34.50	32.90	33.66	1459546	48999972.00
2017/12/28	33.45	34.19	33.10	33.71	878546	29624586.00
2017/12/29	33.78	34.20	33.55	34.07	701700	23813348.00
2018/01/02	34.40	34.60	33.72	34.03	519360	17663298.00
2018/01/03	34.04	34.04	33.47	33.72	617400	20791244.00
2018/01/04	33.53	33.99	33.42	33.60	460706	15497944.00
2018/01/05	33.56	33.74	33.35	33.38	498600	16702081.00
2018/01/08	33.50	33.95	33.10	33.93	703100	23587140.00
2018/01/09	33.98	34.52	33.81	34.40	998405	34245436.00
2018/01/10	34.42	34.42	32.60	33.20	864288	28825458.00
2018/01/11	33.11	33.75	32.61	33.60	548300	18371828.00
2018/01/12	33.59	33.74	33.11	33.49	415200	13894410.00
2018/01/15	33.16	33.23	31.80	31.87	574500	18626308.00
2018/01/16	31.87	32.92	31.65	32.64	586560	19071290.00
2018/01/17	32.64	33.88	32.49	33.59	793760	26513076.00
2018/01/18	33.18	34.34	33.18	33.97	738000	24987944.00
2018/01/19	33.65	34.30	33.18	33.24	792400	26811816.00
2018/01/22	32.90	33.63	31.98	32.98	578900	18998166.00
2018/01/23	32.96	33.32	32.61	33.11	448200	14814560.00
2018/01/24	33.40	33.91	32.90	33.75	638300	21436178.00
2018/01/25	34.00	34.00	33.32	33.34	632300	21310400.00
2018/01/26	33.11	34.40	33.11	33.43	1210100	40916036.00
2018/01/29	33.13	33.43	32.20	32.70	721400	23624792.00
2018/01/30	32.70	32.74	31.90	32.35	429100	13845955.00
2018/01/31	32.25	32.25	30.53	30.94	798246	24855196.00
2018/02/01	30.90	31.15	28.71	29.10	755246	22487360.00
2018/02/02	29.01	29.01	27.10	28.38	487100	13749234.00
2018/02/05	27.99	28.63	27.76	28.00	375000	10599114.00
2018/02/06	27.60	27.74	25.73	25.75	547900	14645233.00
2018/02/07	26.63	26.94	25.22	26.30	588100	15505143.00
2018/02/08	26.50	26.98	26.40	26.78	379400	10167359.00
2018/02/09	26.00	26.45	25.57	25.95	370400	9625081.00
2018/02/12	26.20	27.29	26.20	26.94	437860	11770675.00
2018/02/13	27.03	27.28	26.66	26.82	421260	11351881.00
2018/02/14	26.81	27.00	26.51	26.89	252200	6756608.00
2018/02/22	27.46	27.46	26.89	27.13	302360	8191938.00
2018/02/23	27.15	27.57	26.76	27.48	398300	10831603.00
2018/02/26	27.71	28.73	27.71	28.61	595360	16854128.00
2018/02/27	28.78	28.80	28.30	28.48	402260	11506857.00
2018/02/28	28.21	28.22	27.69	27.72	527900	14711952.00
2018/03/01	27.50	28.29	27.50	28.26	465500	13072517.00
2018/03/02	28.23	28.39	27.71	27.85	436600	12229658.00
2018/03/05	27.86	28.58	27.40	28.47	542000	15254396.00
2018/03/06	28.47	29.14	28.47	28.83	580388	16730850.00
2018/03/07	28.74	29.15	28.59	28.94	397188	11466619.00
2018/03/08	28.96	30.06	28.63	30.06	759300	22450620.00
2018/03/09	30.16	30.70	29.83	30.51	707700	21464436.00
2018/03/12	30.51	31.46	30.35	30.68	748300	23064982.00
2018/03/13	30.86	30.89	30.00	30.16	512100	15513974.00
2018/03/14	30.02	30.59	29.99	30.01	404700	12238675.00
2018/03/15	29.70	29.82	27.70	28.26	971600	27786034.00
2018/03/16	28.33	28.98	27.81	28.48	487300	13913688.00
2018/03/19	28.32	29.49	28.32	29.23	600600	17510132.00
2018/03/20	29.00	30.18	28.80	29.98	626300	18558460.00
2018/03/21	29.90	30.89	29.51	29.70	745788	22638200.00
2018/03/22	29.89	30.63	29.76	29.98	513488	15507893.00
2018/03/23	29.11	29.90	27.60	28.23	808687	23238412.00
2018/03/26	27.76	29.80	27.15	29.43	768000	21845514.00
2018/03/27	29.80	30.90	29.60	30.88	1095300	33328800.00
2018/03/28	30.80	31.59	30.02	31.00	1087800	33812068.00
2018/03/29	31.00	31.72	30.70	31.45	908088	28460316.00
2018/03/30	31.45	33.28	31.45	33.09	1691006	55281956.00
2018/04/02	33.05	33.79	32.60	33.30	1421600	47130056.00
2018/04/03	32.88	34.10	32.52	33.88	1334335	44713660.00
2018/04/04	34.10	37.27	33.87	37.27	2733389	97997680.00
2018/04/09	35.00	38.60	34.67	37.50	3797394	136830224.00
2018/04/10	37.28	37.28	35.22	36.50	2919560	105273736.00
2018/04/11	36.05	40.15	35.55	38.90	4241008	160233008.00
2018/04/12	38.30	38.31	36.65	37.20	1909946	71358288.00
2018/04/13	36.98	37.90	36.60	37.15	1244800	46106972.00
2018/04/16	37.10	37.35	36.00	37.20	874000	32109432.00
2018/04/17	37.50	38.99	36.66	38.18	2229090	84587328.00
2018/04/18	38.19	41.35	37.10	41.35	2332790	90417176.00
2018/04/19	40.28	42.20	37.22	38.99	8843037	351180352.00
2018/04/20	35.09	35.80	35.09	35.09	888600	31185556.00
2018/04/23	31.58	35.49	31.58	35.11	4571339	149029392.00
2018/04/24	33.40	34.95	33.03	33.87	3914839	132621440.00
2018/04/25	33.45	33.51	32.30	32.47	1764800	57732412.00
2018/04/26	32.48	35.69	32.25	35.68	2829546	94731856.00
2018/04/27	34.77	34.77	33.14	34.02	1447400	49304944.00
2018/05/02	34.02	36.79	33.62	36.15	2877300	101291408.00
2018/05/03	36.15	36.90	35.15	36.12	2507800	90419664.00
2018/05/04	36.50	37.89	35.40	37.15	1925900	70849664.00
2018/05/07	36.21	37.01	36.00	36.02	3817846	138586592.00
2018/05/08	35.61	35.90	35.02	35.80	1297300	46093376.00
2018/05/09	35.50	37.50	35.00	35.00	1944900	69505632.00
2018/05/10	35.20	35.25	34.65	34.91	863900	30180692.00
2018/05/11	37.00	38.00	33.75	33.77	2503500	89412672.00
2018/05/14	33.50	35.90	33.12	35.57	2687400	93806640.00
2018/05/15	35.40	36.99	34.80	36.60	2162399	77429136.00
2018/05/16	36.30	38.49	36.10	38.25	3847906	144406272.00
2018/05/17	37.78	42.00	37.65	41.75	5568352	221867552.00
2018/05/18	41.00	43.55	40.00	43.55	5279305	222455056.00
2018/05/21	43.30	43.30	39.95	41.40	8214293	337215968.00
2018/05/22	41.50	41.50	37.30	37.78	7159199	273378304.00
2018/05/23	36.89	37.25	35.80	36.31	3612700	132157592.00
2018/05/24	36.18	36.86	36.00	36.09	2032100	74071048.00
2018/05/25	36.10	36.57	35.28	35.32	2103300	75368680.00
2018/05/28	35.32	35.90	34.65	35.79	1962500	69482984.00
2018/05/29	35.59	36.78	35.31	36.75	2738299	99677736.00
2018/05/30	36.16	36.58	33.08	33.08	2512648	86223952.00
2018/05/31	33.20	33.79	32.77	33.50	1594400	53146380.00
2018/06/01	34.77	35.05	33.55	33.80	1800300	61914416.00
2018/06/04	33.11	33.80	32.32	33.13	1462600	48283888.00
2018/06/05	33.20	34.37	33.14	34.16	1456300	49281704.00
2018/06/06	34.16	35.47	33.81	34.94	1925398	67316032.00
2018/06/07	34.99	35.30	34.03	34.15	1458800	50192484.00
2018/06/08	33.80	34.16	32.82	33.58	1159800	38752392.00
2018/06/11	33.20	34.09	33.20	33.68	758200	25530838.00
2018/06/12	33.51	34.06	31.34	32.74	1426100	46424052.00
2018/06/13	32.70	32.79	31.32	31.52	1019200	32763272.00
2018/06/14	31.01	32.66	30.61	32.66	1174800	37603340.00
2018/06/15	32.36	32.40	30.81	31.08	1221198	38482568.00
2018/06/19	30.29	30.40	27.97	27.97	1057398	30431460.00
2018/06/20	27.24	28.66	27.24	28.41	1055700	29779122.00
2018/06/21	28.47	28.66	26.10	26.69	1026500	28165500.00
2018/06/22	26.00	27.70	26.00	27.08	778400	21023540.00
2018/06/25	27.30	27.80	27.18	27.37	701100	19273752.00
2018/06/26	26.98	28.29	26.98	28.10	849393	23646688.00
2018/06/27	27.97	28.77	27.95	28.37	1126200	32107216.00
2018/06/28	28.44	28.80	28.03	28.27	846394	24124982.00
2018/06/29	28.26	29.15	28.05	29.09	1142094	32717626.00
2018/07/02	29.30	29.30	27.88	28.12	1022400	29250686.00
2018/07/03	28.20	28.88	28.00	28.76	944600	26952408.00
2018/07/04	28.20	28.68	26.91	27.38	1003100	27901420.00
2018/07/05	27.91	27.95	27.01	27.09	790500	21792596.00
2018/07/06	28.40	29.80	28.01	29.41	3381900	99312848.00
2018/07/09	28.50	29.88	28.40	29.75	2488500	72383832.00
2018/07/10	29.40	29.70	29.03	29.49	1730200	50654232.00
2018/07/11	29.43	29.43	27.51	28.29	1492600	42280616.00
2018/07/12	28.01	29.32	28.01	29.04	1479300	42845280.00
2018/07/13	29.00	29.27	28.60	28.73	967700	27911926.00
2018/07/16	28.31	28.73	28.15	28.55	625200	17776528.00
2018/07/17	28.56	29.01	28.10	29.01	862000	24559306.00
2018/07/18	29.01	29.50	28.40	28.49	811500	23362696.00
2018/07/19	28.03	28.59	27.51	27.76	819500	22906454.00
2018/07/20	27.73	28.40	27.55	28.20	635600	17829426.00
2018/07/23	28.09	28.19	27.40	27.79	1180200	32748436.00
2018/07/24	27.61	28.57	27.56	28.38	1471898	41458464.00
2018/07/25	28.38	28.55	27.71	27.71	979700	27560750.00
2018/07/26	27.80	28.36	26.91	27.13	897500	24471520.00
2018/07/27	27.11	27.17	26.50	26.70	567200	15194693.00
2018/07/30	26.67	27.11	25.90	26.09	651600	17190628.00
2018/07/31	25.97	25.97	25.26	25.78	758600	19457076.00
2018/08/01	25.77	26.00	24.89	25.00	736300	18790684.00
2018/08/02	23.21	24.90	22.51	23.30	1551082	36037272.00
2018/08/03	22.85	23.00	22.10	22.18	1133453	25695006.00
2018/08/06	22.02	22.02	20.64	20.92	1528900	32428210.00
2018/08/07	20.93	21.45	20.33	21.40	1725465	36514924.00
2018/08/08	21.39	21.60	20.42	20.42	1253846	26306640.00
2018/08/09	20.44	21.35	20.35	21.15	1177966	24792886.00
2018/08/10	21.22	21.70	21.08	21.58	1320028	28243640.00
2018/08/13	21.24	21.63	20.90	21.49	1022512	21752066.00
2018/08/14	21.76	21.76	21.32	21.56	775760	16700926.00
2018/08/15	21.35	21.80	20.90	20.99	881649	18767710.00
2018/08/16	20.82	22.00	20.49	20.98	975431	20620828.00
2018/08/17	21.18	21.37	20.09	20.25	949703	19718024.00
2018/08/20	20.20	20.60	19.70	20.55	816753	16537567.00
2018/08/21	20.55	20.90	20.21	20.60	595776	12265030.00
2018/08/22	20.60	20.85	20.20	20.34	551039	11280657.00
2018/08/23	20.48	20.70	20.16	20.57	691907	14194662.00
2018/08/24	20.50	20.70	20.37	20.40	625623	12836918.00
2018/08/27	20.47	21.08	20.39	20.93	870529	18090736.00
2018/08/28	21.19	21.19	20.70	20.94	725800	15173931.00
2018/08/29	20.80	20.98	20.72	20.83	433100	9009546.00
2018/08/30	20.90	20.92	20.48	20.58	800900	16559815.00
2018/08/31	20.50	20.69	20.20	20.35	379353	7765691.00
2018/09/03	20.36	20.50	19.55	19.91	720000	14299391.00
2018/09/04	19.92	20.39	19.81	20.28	730145	14744574.00
2018/09/05	20.07	20.60	20.07	20.11	581853	11852115.00
2018/09/06	20.01	20.43	19.98	20.05	474700	9575786.00
2018/09/07	20.00	20.48	20.00	20.25	662909	13415364.00
2018/09/10	20.25	20.27	19.80	19.81	635609	12690215.00
2018/09/11	19.70	20.25	19.70	19.89	533300	10638290.00
2018/09/12	20.00	20.24	19.75	19.89	735298	14721326.00
2018/09/13	20.01	20.17	19.82	20.16	607649	12182973.00
2018/09/14	20.22	20.42	20.07	20.19	810148	16392150.00
2018/09/17	20.22	20.22	19.05	19.10	1087321	21129806.00
2018/09/18	19.05	19.43	18.93	19.36	753294	14429263.00
2018/09/19	19.30	19.92	19.15	19.92	960972	18905216.00
2018/09/20	19.95	19.99	19.65	19.81	626482	12418665.00
2018/09/21	19.94	20.78	19.75	20.53	1249740	25276286.00
2018/09/25	20.25	20.40	19.90	19.94	1016366	20438344.00
2018/09/26	20.09	20.12	19.81	19.94	771497	15389284.00
2018/09/27	20.45	21.00	19.75	19.76	2081173	42567728.00
2018/09/28	19.35	19.70	19.03	19.64	1347299	26135046.00
2018/10/08	19.20	19.20	18.33	18.40	1243091	23287672.00
2018/10/09	18.40	18.67	18.30	18.50	673951	12452749.00
2018/10/10	18.54	18.85	18.47	18.75	820566	15352815.00
2018/10/11	18.25	18.25	16.88	16.90	1154366	20234098.00
2018/10/12	16.77	16.95	15.85	16.78	1248152	20713944.00
2018/10/15	16.83	17.24	16.69	16.77	661500	11222755.00
2018/10/16	16.78	17.04	16.64	16.79	643552	10832289.00
2018/10/17	18.02	18.47	18.02	18.45	4632446	85407184.00
2018/10/18	17.59	17.79	17.00	17.28	3172321	55482676.00
2018/10/19	16.48	17.50	16.48	17.39	2047016	34876596.00
2018/10/22	17.69	18.40	17.50	18.19	2462335	44384308.00
2018/10/23	17.94	18.62	17.71	18.40	2423867	44310556.00
2018/10/24	18.29	18.99	18.02	18.42	1923679	35719424.00
2018/10/25	17.78	18.26	17.50	18.20	1397351	25025002.00
2018/10/26	18.33	18.60	18.00	18.34	1078821	19849066.00
2018/10/29	18.35	19.58	18.33	18.83	2261494	42813580.00
2018/10/30	18.86	19.14	18.08	18.86	1947994	36099924.00
2018/10/31	18.67	19.15	18.61	18.86	1495347	28223836.00
2018/11/01	18.95	19.18	18.77	18.87	1393900	26387418.00
2018/11/02	19.00	19.28	18.85	19.18	1559560	29690466.00
2018/11/05	19.29	19.75	18.71	19.02	2411300	46301056.00
2018/11/06	18.85	18.97	18.23	18.70	1681200	31095240.00
2018/11/07	18.65	18.89	18.45	18.55	1047400	19610056.00
2018/11/08	18.63	19.29	18.56	19.08	1988966	37771348.00
2018/11/09	19.01	19.19	18.85	19.11	1532030	29167682.00
2018/11/12	18.88	19.72	18.88	19.58	2408760	46650932.00
2018/11/13	19.23	20.20	19.23	20.17	2704890	53615476.00
2018/11/14	20.14	20.32	19.90	20.17	1494961	30079478.00
2018/11/15	20.58	21.44	20.22	21.04	2887124	60127212.00
2018/11/16	20.82	21.67	20.82	21.04	2405660	51015432.00
2018/11/19	21.02	21.35	20.76	21.25	1522794	32153716.00
2018/11/20	21.01	21.16	20.28	20.50	1660200	34436444.00
2018/11/21	20.32	21.10	20.25	20.62	1159600	23913440.00
2018/11/22	20.80	20.98	20.61	20.81	943300	19609240.00
2018/11/23	20.68	20.97	19.27	19.27	1687200	33449146.00
2018/11/26	19.01	19.37	18.66	18.86	971130	18501572.00
2018/11/27	19.00	19.78	18.90	19.21	791094	15183320.00
2018/11/28	19.24	19.63	18.70	19.55	1206447	23168564.00
2018/11/29	19.70	19.87	18.88	19.03	1069844	20726820.00
2018/11/30	18.99	19.32	18.75	19.21	614706	11725141.00
2018/12/03	19.59	20.07	19.50	19.94	1376047	27236758.00
2018/12/04	19.97	20.04	19.72	19.93	972745	19306612.00
2018/12/05	19.50	19.75	19.17	19.61	809606	15774828.00
2018/12/06	19.49	19.58	19.07	19.26	801421	15440174.00
2018/12/07	19.31	20.98	19.26	20.50	2750131	55127704.00
2018/12/10	20.15	20.99	19.92	20.63	2115290	43352172.00
2018/12/11	20.44	20.58	20.10	20.26	1326879	26938042.00
2018/12/12	20.30	20.59	20.11	20.30	1274700	25946134.00
2018/12/13	20.87	21.00	20.00	20.31	1936393	39666288.00
2018/12/14	20.10	20.10	19.24	19.24	1943079	38065044.00
2018/12/17	18.88	19.28	18.88	19.24	641400	12254968.00
2018/12/18	18.90	19.29	18.88	18.94	487051	9271399.00
2018/12/19	18.99	19.14	18.26	18.46	787700	14733222.00
2018/12/20	18.45	18.62	18.39	18.55	727620	13446587.00
2018/12/21	18.46	18.65	18.32	18.57	494591	9154426.00
2018/12/24	18.50	18.96	18.45	18.88	623800	11752217.00
2018/12/25	18.58	18.90	18.30	18.86	1031930	19145688.00
2018/12/26	18.56	19.40	18.55	19.06	1087500	20770800.00
2018/12/27	19.21	19.37	18.50	18.50	711800	13526844.00
2018/12/28	18.60	18.86	18.40	18.45	515100	9588302.00
2019/01/02	18.51	18.77	18.47	18.51	559104	10408965.00
2019/01/03	18.45	18.80	18.45	18.47	400000	7441167.00
2019/01/04	18.34	18.85	17.80	18.77	810100	15028056.00
2019/01/07	18.87	19.30	18.79	19.19	971899	18559998.00
2019/01/08	19.03	19.19	18.79	19.14	700921	13324611.00
2019/01/09	19.22	19.51	19.10	19.16	979691	18931466.00
2019/01/10	19.18	19.32	18.94	18.98	630559	12064803.00
2019/01/11	19.15	19.44	18.98	19.37	628620	12053444.00
2019/01/14	19.37	19.49	18.92	19.00	611700	11692109.00
2019/01/15	18.89	19.25	18.80	19.23	594300	11362809.00
2019/01/16	19.21	19.48	19.21	19.31	586304	11339334.00
2019/01/17	19.25	19.35	18.86	18.88	618504	11765067.00
2019/01/18	18.95	19.10	18.70	18.97	478700	9069758.00
2019/01/21	19.10	19.25	19.04	19.18	551900	10577356.00
2019/01/22	19.13	19.24	18.91	19.02	485102	9249427.00
2019/01/23	18.91	19.07	18.84	19.04	453700	8597443.00
2019/01/24	19.04	19.20	18.83	19.14	612070	11669761.00
2019/01/25	19.09	19.18	18.76	18.85	594890	11307673.00
2019/01/28	18.86	19.00	18.35	18.39	786700	14685732.00
2019/01/29	18.39	18.39	17.32	17.62	540891	9603037.00
2019/01/30	17.62	17.68	17.12	17.16	576500	10056377.00
2019/01/31	17.16	17.30	16.22	16.53	755400	12661977.00
2019/02/01	16.70	17.17	16.62	17.13	610589	10356324.00
2019/02/11	17.15	18.84	17.15	18.01	842329	15036495.00
2019/02/12	18.17	18.25	17.85	18.18	665799	12035106.00
2019/02/13	18.20	18.71	18.02	18.62	952199	17572278.00
2019/02/14	18.61	18.86	18.40	18.75	674100	12617260.00
2019/02/15	18.50	19.48	18.50	18.90	913939	17378484.00
2019/02/18	18.91	19.37	18.91	19.30	1004247	19280068.00
2019/02/19	19.31	19.47	19.00	19.22	740100	14229306.00
2019/02/20	19.60	19.88	19.12	19.21	1053319	20445956.00
2019/02/21	19.25	19.39	18.96	19.00	919630	17648820.00
2019/02/22	19.09	19.28	18.94	19.25	806899	15452302.00
2019/02/25	19.40	20.19	19.31	19.96	1619099	32011134.00
2019/02/26	19.97	20.47	19.73	20.10	1643341	33051956.00
2019/02/27	19.96	20.26	19.58	19.90	1456060	29074880.00
2019/02/28	19.88	20.37	19.66	20.11	1163969	23379336.00
2019/03/01	20.12	21.32	20.12	21.07	3032641	62825300.00
2019/03/04	20.96	21.28	20.70	20.87	2519872	52684552.00
2019/03/05	20.70	21.16	20.70	21.10	2164145	45226420.00
2019/03/06	21.12	21.30	20.84	21.29	1694834	35732756.00
2019/03/07	21.19	21.68	20.90	21.56	2451727	52441884.00
2019/03/08	21.21	21.37	20.09	20.16	2085299	43607968.00
2019/03/11	20.29	21.58	20.28	21.54	1994724	41883596.00
2019/03/12	21.74	22.14	21.59	21.90	2117700	46309372.00
2019/03/13	21.93	22.12	21.21	21.62	1813652	39638272.00
2019/03/14	21.69	21.82	20.43	20.60	1424200	29833492.00
2019/03/15	20.70	21.09	20.49	20.87	1105629	23040902.00
2019/03/18	21.09	21.67	21.09	21.57	1227593	26242050.00
2019/03/19	21.61	22.49	21.42	21.88	1551506	34041584.00
2019/03/20	21.91	22.47	21.20	22.10	1746992	38111132.00
2019/03/21	22.10	22.42	21.98	22.00	1868300	41487032.00
2019/03/22	22.10	22.25	21.78	22.23	1356200	29881020.00
2019/03/25	21.88	21.95	21.60	21.63	1282800	27924400.00
2019/03/26	21.73	21.99	20.85	20.90	1112760	23894060.00
2019/03/27	20.94	21.38	20.66	21.36	1006639	21177236.00
2019/03/28	21.27	22.04	21.12	21.55	1035530	22457768.00
2019/03/29	21.50	21.99	20.90	21.99	1271222	27329454.00
2019/04/01	22.08	22.63	21.93	22.63	1758238	39354624.00
2019/04/02	22.63	23.65	22.35	22.73	2071500	47226920.00
2019/04/03	22.76	23.38	22.55	23.13	1473487	33860448.00
2019/04/04	23.13	23.19	22.65	23.06	1357694	31193738.00
2019/04/08	23.00	23.24	22.46	22.74	1105600	25287390.00
2019/04/09	22.75	23.30	22.75	23.30	1156800	26660488.00
2019/04/10	23.64	23.64	22.79	22.96	1348153	31056660.00
2019/04/11	23.00	23.00	22.21	22.53	866365	19650984.00
2019/04/12	21.90	22.30	21.90	22.08	1381862	30517320.00
2019/04/15	22.15	22.49	21.50	21.72	1008200	22481016.00
2019/04/16	21.74	22.22	21.02	22.17	1062800	23080004.00
2019/04/17	22.23	22.43	22.03	22.28	939598	20893734.00
2019/04/18	22.27	22.57	22.14	22.14	703103	15719083.00
2019/04/19	22.34	22.70	22.16	22.61	1000531	22463112.00
2019/04/22	22.68	22.84	21.99	22.13	806700	18110890.00
2019/04/23	22.26	22.26	21.18	21.20	901800	19555466.00
2019/04/24	21.32	21.93	21.10	21.73	893700	19252654.00
2019/04/25	21.76	22.09	20.53	20.59	1138946	24530138.00
2019/04/26	20.84	20.84	20.18	20.41	1053580	21544730.00
2019/04/29	20.29	20.46	19.27	19.32	1213000	23957790.00
2019/04/30	19.39	19.85	19.11	19.56	872322	17088260.00
2019/05/06	19.01	19.02	17.72	17.95	1071985	19732306.00
2019/05/07	18.17	18.48	18.00	18.33	721352	13184997.00
2019/05/08	18.02	18.63	18.02	18.43	479225	8839662.00
2019/05/09	18.44	18.76	18.18	18.42	464800	8636596.00
2019/05/10	18.55	19.08	18.23	19.07	622237	11726164.00
2019/05/13	18.96	19.34	18.65	19.25	521103	9944742.00
2019/05/14	19.19	19.25	18.86	18.99	608703	11613806.00
2019/05/15	19.00	19.54	19.00	19.46	556776	10759689.00
2019/05/16	19.46	19.59	19.38	19.55	431132	8403612.00
2019/05/17	19.65	19.86	18.65	18.73	932720	18068650.00
2019/05/20	18.70	19.19	18.38	18.98	503029	9428123.00
2019/05/21	18.86	19.49	18.86	19.36	529606	10180379.00
2019/05/22	19.34	19.52	19.24	19.38	545941	10583862.00
2019/05/23	19.25	19.46	18.85	19.05	474691	9094761.00
2019/05/24	19.00	19.23	18.76	18.95	390437	7411536.00
2019/05/27	19.15	19.57	18.92	19.51	623762	12055518.00
2019/05/28	19.44	19.68	19.44	19.60	673147	13186112.00
2019/05/29	19.43	19.91	19.41	19.70	492010	9711408.00
2019/05/30	19.61	20.05	19.35	19.97	909253	17868354.00
2019/05/31	19.81	20.46	19.71	20.26	683787	13730225.00
2019/06/03	20.28	20.35	19.71	19.92	589900	11799810.00
2019/06/04	19.93	19.93	19.35	19.63	486000	9544494.00
2019/06/05	19.85	20.00	19.55	19.86	405723	8044111.00
2019/06/06	19.94	19.94	19.11	19.51	520949	10081032.00
2019/06/10	19.71	19.75	19.42	19.75	455025	8927051.00
2019/06/11	19.75	21.14	19.65	20.37	1496604	30227568.00
2019/06/12	20.36	20.36	20.00	20.10	945503	19047264.00
2019/06/13	20.07	20.58	19.91	20.57	1126644	22821476.00
2019/06/14	20.55	20.61	20.07	20.50	1163700	23684380.00
2019/06/17	20.22	20.75	20.18	20.67	980089	20072990.00
2019/06/18	20.56	22.45	20.50	21.80	2736868	58586144.00
2019/06/19	22.12	22.13	21.45	21.74	2345466	50930384.00
2019/06/20	21.46	21.46	19.88	20.43	3578951	72940336.00
2019/06/21	20.76	21.68	20.65	21.12	3546013	74451696.00
2019/06/24	21.00	22.90	20.55	22.42	5240810	113655568.00
2019/06/25	21.55	22.00	21.01	21.13	2898003	61743472.00
2019/06/26	20.60	20.96	20.53	20.83	1400598	29117504.00
2019/06/27	20.82	21.11	20.55	20.86	1303908	27164560.00
2019/06/28	20.87	20.90	20.31	20.38	1060501	21806898.00
2019/07/01	20.65	20.88	20.51	20.78	1589200	32894662.00
2019/07/02	20.68	21.21	20.65	20.74	1049404	21941348.00
2019/07/03	20.78	20.78	20.22	20.26	813104	16555418.00
2019/07/04	20.30	20.51	20.22	20.25	814900	16572461.00
2019/07/05	20.30	20.55	20.23	20.45	589304	12034617.00
2019/07/08	20.40	20.63	19.50	19.68	738100	14701869.00
2019/07/09	19.88	19.96	19.66	19.84	368208	7289335.00
2019/07/10	19.72	20.04	19.72	19.83	363800	7232685.00
2019/07/11	19.89	20.17	19.75	19.90	295700	5914709.00
2019/07/12	20.06	20.15	19.90	19.91	323703	6479151.00
2019/07/15	19.91	20.14	19.65	19.98	286300	5698389.00
2019/07/16	19.91	20.06	19.90	19.96	299508	5982758.00
2019/07/17	19.96	20.35	19.93	20.10	414470	8341465.50
2019/07/18	20.03	20.04	19.59	19.60	430225	8476584.00
2019/07/19	19.69	20.05	19.60	19.70	315017	6245352.50
2019/07/22	19.76	19.77	18.85	19.11	562800	10745801.00
2019/07/23	18.88	19.40	18.79	19.38	450000	8660808.00
2019/07/24	19.50	20.00	19.45	19.84	695000	13771144.00
2019/07/25	19.94	19.99	19.71	19.75	283800	5626745.00
2019/07/26	19.75	19.96	19.65	19.80	283900	5626685.00
2019/07/29	19.87	19.94	19.45	19.52	555606	10909934.00
2019/07/30	19.58	19.87	19.58	19.72	387800	7653508.00
2019/07/31	19.62	19.64	19.31	19.44	425100	8278067.00
2019/08/01	19.40	19.55	19.15	19.41	439200	8504563.00
2019/08/02	19.23	19.35	18.84	19.06	540000	10270882.00
2019/08/05	18.86	19.34	18.85	19.05	427210	8186162.50
2019/08/06	18.92	18.92	18.00	18.48	803100	14823595.00
2019/08/07	18.50	18.84	18.32	18.44	595800	11080756.00
2019/08/08	18.34	18.67	18.34	18.52	389300	7198948.00
2019/08/09	18.53	18.71	18.32	18.34	406100	7509084.00
2019/08/12	18.33	18.57	18.21	18.50	284664	5240939.50
2019/08/13	18.45	18.51	18.26	18.32	270100	4957420.00
2019/08/14	18.56	18.88	18.38	18.59	598700	11151168.00
2019/08/15	18.19	18.87	18.16	18.80	503900	9308454.00
2019/08/16	18.62	19.10	18.62	18.77	403700	7626138.00
2019/08/19	18.96	19.35	18.84	19.28	425368	8145373.50
2019/08/20	19.13	19.44	19.13	19.33	229900	4441798.00
2019/08/21	19.33	19.65	19.19	19.33	394994	7671902.00
2019/08/22	19.30	19.53	19.20	19.42	295300	5728504.00
2019/08/23	19.40	19.64	19.36	19.45	265200	5167858.00
2019/08/26	19.29	19.48	19.02	19.25	265600	5105596.00
2019/08/27	19.10	19.70	19.10	19.60	413000	8082988.00
2019/08/28	19.62	19.77	19.41	19.60	348100	6824240.00
2019/08/29	20.60	20.60	19.46	19.50	487400	9595174.00
2019/08/30	19.45	19.70	18.82	19.04	491000	9472548.00
2019/09/02	18.92	19.63	18.92	19.53	372300	7231944.00
2019/09/03	19.53	19.66	19.40	19.65	254868	4982479.50
2019/09/04	19.57	19.60	19.40	19.57	330900	6458388.00
2019/09/05	19.67	20.16	19.56	19.85	744006	14775987.00
2019/09/06	19.75	20.24	19.75	20.00	621000	12451943.00
2019/09/09	20.14	20.27	20.00	20.27	511752	10308093.00
2019/09/10	20.17	20.31	20.07	20.20	286600	5783204.00
2019/09/11	20.30	20.45	20.20	20.31	333500	6784656.00
2019/09/12	20.43	20.43	20.09	20.29	389799	7902229.00
2019/09/16	20.44	20.77	20.14	20.64	800053	16442718.00
2019/09/17	20.59	20.74	19.92	20.69	1091453	22207420.00
2019/09/18	21.63	21.63	20.23	20.35	2301038	48392944.00
2019/09/19	19.94	20.34	19.90	20.32	1004784	20224878.00
2019/09/20	20.25	20.45	20.10	20.21	668800	13564493.00
2019/09/23	20.16	20.43	19.95	20.32	668899	13537579.00
2019/09/24	20.30	20.60	20.07	20.55	734003	15014448.00
2019/09/25	20.54	20.55	20.18	20.24	425300	8659060.00
2019/09/26	20.38	20.49	19.41	19.60	499452	9915715.00
2019/09/27	19.60	19.93	19.32	19.82	341800	6750845.00
2019/09/30	19.89	20.19	19.65	19.79	321604	6445750.50
2019/10/08	19.79	20.47	19.79	20.18	405121	8210331.50
2019/10/09	20.00	20.53	20.00	20.48	370052	7516583.50
2019/10/10	20.39	20.78	20.39	20.64	364500	7524915.00
2019/10/11	20.63	20.94	20.56	20.69	461092	9567004.00
2019/10/14	20.75	21.02	20.75	20.89	464068	9706677.00
2019/10/15	20.80	21.06	20.46	20.81	629517	13021456.00
2019/10/16	20.83	20.92	20.20	20.44	600500	12280994.00
2019/10/17	20.38	20.66	20.27	20.33	537500	10962860.00
2019/10/18	20.28	20.45	19.93	20.01	519600	10489093.00
2019/10/21	19.93	20.17	19.76	20.00	389797	7797561.00
2019/10/22	19.87	20.60	19.87	20.59	586857	11905668.00
2019/10/23	20.51	20.80	20.35	20.39	516400	10635039.00
2019/10/24	20.57	20.60	20.34	20.54	342800	7015503.00
2019/10/25	20.43	20.72	20.23	20.72	410639	8421907.00
2019/10/28	20.55	21.11	20.55	20.98	625128	13076128.00
2019/10/29	21.09	21.09	20.63	20.83	542500	11312240.00
2019/10/30	20.57	20.83	20.31	20.70	674118	13882480.00
2019/10/31	20.70	21.07	20.61	20.81	617822	12889639.00
2019/11/01	20.65	21.17	20.32	21.15	843014	17558026.00
2019/11/04	21.08	21.15	20.85	21.02	736274	15436691.00
2019/11/05	21.07	21.20	20.80	20.86	514200	10795561.00
2019/11/06	20.74	21.29	20.74	20.81	571998	12006911.00
2019/11/07	20.72	21.12	20.66	21.08	522014	10949437.00
2019/11/08	21.08	21.33	20.93	21.02	459000	9729020.00
2019/11/11	20.92	20.92	20.17	20.30	684800	13971236.00
2019/11/12	20.45	20.79	20.18	20.40	534638	10940641.00
2019/11/13	20.55	21.28	20.49	21.18	1027109	21659824.00
2019/11/14	21.01	21.49	20.86	21.48	972102	20729534.00
2019/11/15	21.47	21.47	20.66	20.69	620199	13045050.00
2019/11/18	20.65	21.62	20.52	21.50	632800	13398661.00
2019/11/19	21.51	21.85	21.43	21.85	964206	20924968.00
2019/11/20	21.85	21.85	21.30	21.40	728300	15702584.00
2019/11/21	21.28	21.96	21.26	21.92	705186	15349187.00
2019/11/22	21.92	22.07	21.41	21.54	676939	14686035.00
2019/11/25	21.38	22.20	21.38	22.18	1239445	27222920.00
2019/11/26	22.22	22.23	21.83	22.05	861486	18964956.00
2019/11/27	22.10	22.10	21.20	21.95	719700	15599551.00
2019/11/28	21.86	22.84	21.50	22.17	1594445	35413216.00
2019/11/29	22.54	22.65	21.96	22.52	1176332	26308554.00
2019/12/02	22.50	22.50	21.45	21.80	1188266	25977366.00
2019/12/03	21.61	22.00	21.37	21.90	791460	17242078.00
2019/12/04	21.83	22.21	21.60	21.90	671530	14742983.00
2019/12/05	22.14	22.14	21.61	21.78	594100	12945581.00
2019/12/06	21.80	21.88	21.60	21.83	653517	14207144.00
2019/12/09	21.73	21.94	21.15	21.36	722400	15535252.00
2019/12/10	21.38	21.63	21.01	21.44	699100	14918173.00
2019/12/11	21.44	21.70	21.25	21.57	648052	13885776.00
2019/12/12	21.62	21.71	21.05	21.29	582811	12453448.00
2019/12/13	21.26	21.65	21.20	21.62	494017	10628900.00
2019/12/16	21.76	22.10	21.56	21.95	724600	15795453.00
2019/12/17	21.83	22.11	21.81	22.07	709900	15573695.00
2019/12/18	22.06	22.35	21.83	22.08	617022	13616189.00
2019/12/19	22.09	22.32	22.01	22.15	607200	13433950.00
2019/12/20	22.23	22.39	22.03	22.20	451100	10010457.00
2019/12/23	21.98	22.74	21.88	22.30	909833	20299176.00
2019/12/24	22.15	22.95	22.10	22.95	1141267	25940596.00
2019/12/25	22.71	24.46	22.71	23.81	2142139	50552768.00
2019/12/26	24.07	24.45	23.50	24.35	1449410	34765420.00
2019/12/27	24.35	26.06	24.10	25.64	1830926	46594220.00
2019/12/30	25.95	26.50	24.98	25.61	2011997	51613112.00
2019/12/31	25.50	26.10	25.40	25.68	1052866	27037796.00
2020/01/02	26.00	26.45	25.50	26.37	1094975	28507088.00
2020/01/03	26.37	28.89	26.00	28.72	2434495	67266496.00
2020/01/06	27.67	28.98	27.30	27.95	1546831	43341368.00
2020/01/07	27.67	28.30	27.50	28.09	728997	20276902.00
2020/01/08	27.80	28.74	27.29	27.63	1136050	31702300.00
2020/01/09	27.20	28.40	27.20	27.80	1540575	42920448.00
2020/01/10	27.86	28.39	27.86	28.15	1840626	51655456.00
2020/01/13	27.99	28.88	27.30	27.58	1217200	33759088.00
2020/01/14	27.88	27.88	26.61	26.88	1824015	49108004.00
2020/01/15	26.90	27.49	26.70	26.77	856500	23119744.00
2020/01/16	26.80	27.40	26.80	27.05	654830	17748104.00
2020/01/17	27.05	27.45	26.81	27.25	960300	26072964.00
2020/01/20	27.25	27.74	26.80	27.50	995146	27177814.00
2020/01/21	27.55	27.72	27.05	27.61	544361	14970953.00
2020/01/22	27.55	28.79	27.17	28.13	1337165	37717468.00
2020/01/23	28.50	28.62	26.00	27.30	1016506	27908276.00
2020/02/03	24.76	24.76	24.57	24.57	695200	17105308.00
2020/02/04	24.00	26.64	24.00	26.20	948874	24291080.00
2020/02/05	26.48	26.78	25.98	26.20	750100	19782128.00
2020/02/06	25.55	26.45	25.55	26.22	470600	12315141.00
2020/02/07	26.00	26.39	25.60	26.30	618600	16115859.00
2020/02/10	26.36	26.64	26.05	26.38	434820	11448493.00
2020/02/11	26.44	26.92	26.29	26.73	519151	13817548.00
2020/02/12	26.75	27.81	26.50	27.70	671139	18369878.00
2020/02/13	27.17	28.68	27.17	28.45	899262	25377438.00
2020/02/14	28.58	28.77	28.21	28.70	540823	15428567.00
2020/02/17	28.55	29.76	28.17	29.68	816705	23897936.00
2020/02/18	29.65	30.00	29.36	29.99	543545	16172154.00
2020/02/19	29.93	29.95	28.88	29.25	1600515	46774716.00
2020/02/20	29.25	29.86	28.52	29.66	708267	20884528.00
2020/02/21	29.97	32.55	29.52	32.42	1757412	55222964.00
2020/02/24	32.01	33.47	31.80	32.98	1197627	39060852.00
2020/02/25	32.00	34.70	31.80	34.70	1304800	43453828.00
2020/02/26	35.66	37.60	34.99	35.00	2121376	76922728.00
2020/02/27	34.71	35.49	31.50	31.50	2433415	80698880.00
2020/02/28	28.35	29.28	28.35	28.35	1782300	50739160.00
2020/03/02	27.90	29.05	26.85	28.11	2352965	65587304.00
2020/03/03	28.39	28.39	27.41	27.70	2214950	61552380.00
2020/03/04	27.70	30.47	27.19	30.47	1999243	58176176.00
2020/03/05	31.54	33.52	31.30	33.36	1918535	62340876.00
2020/03/06	32.85	32.93	30.71	31.39	1593421	50413988.00
2020/03/09	30.80	30.80	29.79	29.83	777800	23483892.00
2020/03/10	30.39	32.81	29.47	32.00	1905782	60942516.00
2020/03/11	31.60	32.49	30.50	30.72	1214064	38066456.00
2020/03/12	29.60	31.28	29.60	30.81	691547	21156526.00
2020/03/13	29.89	32.55	29.89	31.90	795147	24723668.00
2020/03/16	31.99	32.68	30.53	30.60	809489	25626744.00
2020/03/17	31.30	31.30	30.02	30.40	620800	18947958.00
2020/03/18	30.60	31.33	29.50	29.64	400200	12135079.00
2020/03/19	29.35	30.70	28.60	30.38	484000	14489727.00
2020/03/20	30.73	31.44	29.80	30.05	379189	11521619.00
2020/03/23	29.43	29.83	28.50	28.71	883147	25664172.00
2020/03/24	28.83	29.88	28.51	29.19	387200	11255938.00
2020/03/25	29.34	30.55	29.34	30.55	1145400	34438864.00
2020/03/26	30.38	31.25	29.59	30.84	554000	17015860.00
2020/03/27	31.05	31.50	29.97	29.97	1371723	41518444.00
2020/03/30	29.07	29.76	28.51	29.16	407200	11801287.00
2020/03/31	29.52	29.98	29.50	29.68	489100	14547085.00
2020/04/01	29.68	29.76	28.90	29.31	370700	10946266.00
2020/04/02	29.07	29.89	28.89	29.83	751323	22069294.00
2020/04/03	29.98	31.79	29.59	31.16	1195089	37179864.00
2020/04/07	32.05	32.05	31.11	31.24	761000	23992040.00
2020/04/08	31.25	31.86	30.90	31.48	748400	23594612.00
2020/04/09	31.75	33.01	31.35	32.17	917091	29614104.00
2020/04/10	32.05	32.31	30.75	31.39	745700	23364022.00
2020/04/13	30.81	31.52	30.81	31.14	308500	9633511.00
2020/04/14	31.14	31.67	30.71	31.38	443900	13892046.00
2020/04/15	31.30	31.64	30.73	30.73	440500	13666707.00
2020/04/16	31.08	32.21	30.50	32.06	604800	18918582.00
2020/04/17	32.06	32.43	31.20	31.33	572723	18215614.00
2020/04/20	31.70	34.30	31.25	33.99	1222800	40356544.00
2020/04/21	34.50	34.71	33.66	34.69	964100	33007424.00
2020/04/22	34.69	35.58	33.98	35.14	1062000	37045728.00
2020/04/23	35.50	36.90	35.20	36.85	902000	32443266.00
2020/04/24	36.53	37.68	35.58	35.88	901491	32902460.00
2020/04/27	35.61	37.20	35.61	36.93	558300	20491962.00
2020/04/28	36.95	37.85	36.10	36.72	608400	22321656.00
2020/04/29	36.61	36.86	35.89	35.89	556300	20190068.00
2020/04/30	36.42	36.55	35.50	35.81	570400	20525376.00
2020/05/06	35.81	36.20	35.15	36.10	364400	13027890.00
2020/05/07	36.10	36.66	35.32	35.50	352600	12580207.00
2020/05/08	35.70	35.99	35.22	35.67	263684	9380906.00
2020/05/11	35.88	36.70	35.63	35.75	613200	22141430.00
2020/05/12	35.75	36.24	35.14	36.10	305100	10886946.00
2020/05/13	36.20	36.45	35.22	35.47	405800	14405152.00
2020/05/14	35.40	35.86	35.17	35.20	238900	8455040.00
2020/05/15	35.25	35.50	34.90	35.35	506300	17800942.00
2020/05/18	35.30	35.48	34.80	35.15	322000	11287223.00
2020/05/19	35.22	35.32	35.02	35.23	209091	7352648.50
2020/05/20	35.40	35.40	34.41	34.42	392700	13637302.00
2020/05/21	34.06	34.80	34.01	34.36	230909	7927256.50
2020/05/22	34.22	35.47	33.87	35.03	483022	16842920.00
2020/05/25	35.03	36.44	35.03	35.91	462300	16576862.00
2020/05/26	35.93	36.80	35.73	36.56	423800	15364459.00
2020/05/27	36.79	38.50	36.10	38.28	1068858	40437580.00
2020/05/28	38.28	38.78	37.94	38.23	490700	18782368.00
2020/05/29	37.51	38.79	37.51	38.01	458250	17472176.00
2020/06/01	38.53	38.53	37.04	37.42	817200	30683478.00
2020/06/02	37.50	37.72	36.70	36.91	411300	15287768.00
2020/06/03	36.50	37.89	36.50	37.58	280500	10486462.00
2020/06/04	38.03	38.04	37.30	37.60	178600	6729221.00
2020/06/05	37.61	37.75	37.17	37.41	192300	7196333.00
2020/06/08	37.42	37.79	36.65	36.78	498700	18522824.00
2020/06/09	36.89	36.90	35.40	36.11	973700	35136832.00
2020/06/10	36.40	36.40	35.57	35.87	351300	12596861.00
2020/06/11	35.99	37.38	35.76	36.24	765300	28106808.00
2020/06/12	35.78	37.15	35.00	36.55	504400	18290632.00
2020/06/15	36.55	37.00	35.54	35.65	514400	18504448.00
2020/06/16	35.56	37.60	35.55	36.80	603900	22229356.00
2020/06/17	36.80	37.31	36.50	36.61	1105200	40868280.00
2020/06/18	36.50	37.49	36.31	37.38	683400	25459534.00
2020/06/19	37.55	38.70	37.26	38.15	1004792	38497340.00
2020/06/22	38.32	38.69	37.62	37.71	741800	28130878.00
2020/06/23	37.73	37.89	37.23	37.69	351000	13173496.00
2020/06/24	37.25	38.16	36.88	37.03	407400	15172416.00
2020/06/29	36.84	37.59	36.37	36.90	681000	25286144.00
2020/06/30	37.37	37.85	37.07	37.63	324200	12181330.00
2020/07/01	37.42	38.55	37.16	37.54	435100	16315577.00
2020/07/02	37.48	37.72	36.50	36.81	584700	21597616.00
2020/07/03	37.03	37.43	36.62	37.22	342600	12705414.00
2020/07/06	37.23	37.91	37.11	37.22	801648	29922606.00
2020/07/07	37.21	37.70	36.36	36.63	952248	35036080.00
2020/07/08	36.74	37.85	36.42	37.81	490109	18172086.00
2020/07/09	37.70	39.49	37.30	37.60	1938073	74197320.00
2020/07/10	37.61	37.82	36.00	36.30	1683600	61640272.00
2020/07/13	36.00	36.58	35.60	36.33	1187129	42825712.00
2020/07/14	36.60	39.96	36.30	39.96	2353162	89834776.00
2020/07/15	39.99	42.63	39.97	40.20	2767809	112584560.00
2020/07/16	39.69	39.70	36.18	36.18	2052907	76834064.00
2020/07/17	35.00	36.19	33.00	35.17	1136650	39794920.00
2020/07/20	35.97	38.69	35.60	38.69	1387714	52738092.00
2020/07/21	40.30	40.70	38.21	40.61	2191687	86973848.00
2020/07/22	41.07	42.30	39.31	40.90	1780368	73627168.00
2020/07/23	41.31	43.50	39.65	43.00	2103436	88606968.00
2020/07/24	43.00	44.20	40.87	40.95	2332792	98932400.00
2020/07/27	41.62	43.20	41.50	42.49	1233596	52441964.00
2020/07/28	42.49	42.97	41.64	42.00	841762	35459132.00
2020/07/29	42.01	42.32	40.62	41.23	831000	34334044.00
2020/07/30	41.42	41.70	40.70	41.25	758072	31166448.00
2020/07/31	41.00	41.50	40.34	41.33	697680	28663408.00
2020/08/03	41.56	44.54	41.54	44.12	1447509	63214432.00
2020/08/04	44.21	45.96	44.21	45.10	1557706	70373312.00
2020/08/05	45.00	45.98	44.60	45.94	1068900	48741532.00
2020/08/06	46.05	48.20	45.10	46.73	1939531	91423120.00
2020/08/07	47.05	51.40	46.80	51.40	2347257	115842168.00
2020/08/10	51.40	52.89	50.37	52.62	2039537	105846360.00
2020/08/11	52.68	54.80	50.04	51.30	2188628	116141792.00
2020/08/12	51.30	52.55	50.00	51.00	1582222	80801472.00
2020/08/13	52.06	52.58	50.67	51.61	1505736	77684928.00
2020/08/14	51.60	52.39	50.30	51.04	763800	39056000.00
2020/08/17	52.02	52.02	49.80	50.01	1269000	63873696.00
2020/08/18	50.55	50.80	49.49	50.00	969300	48618520.00
2020/08/19	49.98	50.50	48.35	48.71	980500	48460232.00
2020/08/20	48.75	48.75	46.86	47.35	884647	42181104.00
2020/08/21	47.60	50.50	47.59	50.01	940146	46643964.00
2020/08/24	50.01	54.05	50.00	53.60	1037549	53837096.00
2020/08/25	53.60	56.75	53.59	54.92	1048476	57880388.00
2020/08/26	55.59	55.59	49.43	49.43	2530264	130487440.00
2020/08/27	48.67	52.55	46.50	49.06	1761963	86151144.00
2020/08/28	50.00	51.95	48.85	51.14	913184	46151568.00
2020/08/31	51.20	52.59	50.59	52.12	987100	51040184.00
2020/09/01	51.60	52.50	50.75	50.90	780900	40285280.00
2020/09/02	50.99	50.99	48.67	49.00	869600	42989996.00
2020/09/03	49.42	49.42	48.20	48.88	585100	28496256.00
2020/09/04	48.00	49.29	47.20	48.80	772800	37160936.00
2020/09/07	48.80	48.94	45.60	45.96	1138175	53492448.00
2020/09/08	46.00	46.33	44.00	44.79	1142700	51460016.00
2020/09/09	44.50	44.92	43.41	44.19	841400	37109524.00
2020/09/10	45.05	45.05	42.46	42.79	819400	35610040.00
2020/09/11	42.45	43.88	39.51	43.88	2426096	102576616.00
2020/09/14	44.44	44.53	39.49	41.33	4017274	167711328.00
2020/09/15	41.18	41.18	37.20	38.93	3950460	151736400.00
2020/09/16	38.50	39.37	35.04	35.04	6071976	217187360.00
2020/09/17	34.09	37.09	34.09	36.45	4030662	145151808.00
2020/09/18	36.45	36.46	33.95	35.42	2787247	97769720.00
2020/09/21	35.50	35.76	34.29	35.19	3570560	125101216.00
2020/09/22	34.69	35.48	33.77	35.20	3217510	112463472.00
2020/09/23	35.09	35.52	35.00	35.00	3170960	111232744.00
2020/09/24	34.85	34.85	33.57	34.00	1849900	63261048.00
2020/09/25	33.80	34.35	32.60	33.35	1926415	64218584.00
2020/09/28	33.25	33.26	32.10	32.47	1653000	53939036.00
2020/09/29	32.97	33.61	32.05	32.60	2452615	79927144.00
2020/09/30	32.71	32.71	31.95	32.05	1431000	45976024.00
2020/10/09	32.30	33.50	32.02	32.30	1928600	62848752.00
2020/10/12	32.56	33.75	32.10	33.42	4649700	154671360.00
2020/10/13	33.42	33.87	32.64	33.70	2779000	92644688.00
2020/10/14	34.00	34.18	33.30	33.69	3892900	131403280.00
2020/10/15	33.44	34.16	32.85	33.70	3964600	133993960.00
2020/10/16	33.50	33.75	32.96	33.08	2507400	83354520.00
2020/10/19	33.01	33.04	32.23	32.30	1544300	50360488.00
2020/10/20	32.17	32.78	31.76	32.60	1733145	56253332.00
2020/10/21	32.77	32.90	31.95	32.03	1923472	62074132.00
2020/10/22	32.02	32.02	31.44	31.70	1219500	38644636.00
2020/10/23	31.46	31.98	30.50	31.03	2419304	75479792.00
2020/10/26	31.01	31.96	30.24	31.05	2505623	78354464.00
2020/10/27	31.44	31.55	30.89	31.21	1892644	59127992.00
2020/10/28	31.20	31.40	30.80	31.21	2008400	62546816.00
2020/10/29	30.83	30.84	30.11	30.28	1194716	36327656.00
2020/10/30	30.33	30.48	28.30	28.30	1824844	53229136.00
2020/11/02	28.34	30.20	28.01	29.45	2347540	68901496.00
2020/11/03	29.50	30.24	29.31	29.73	1485800	44170552.00
2020/11/04	29.70	29.88	28.96	28.98	1147802	33542668.00
2020/11/05	29.36	30.10	29.02	29.89	2673000	79468288.00
2020/11/06	29.89	30.50	28.74	28.85	1798000	53079164.00
2020/11/09	28.87	30.47	28.86	30.10	3255592	97493632.00
2020/11/10	30.20	30.38	29.07	29.29	1769600	52325224.00
2020/11/11	29.29	29.43	28.18	28.30	1232200	35425588.00
2020/11/12	28.39	28.65	27.74	27.85	1005900	28219016.00
2020/11/13	28.23	28.59	27.48	28.20	1230900	34392512.00
2020/11/16	28.20	28.49	27.61	28.33	1179900	33223342.00
2020/11/17	28.29	28.29	27.18	27.45	1444000	39666444.00
2020/11/18	27.45	28.75	27.45	27.92	1513827	42593936.00
2020/11/19	28.15	28.26	27.62	28.22	910200	25410228.00
2020/11/20	28.04	28.52	28.02	28.27	3265291	92432200.00
2020/11/23	28.37	28.70	27.90	28.29	4975174	140380992.00
2020/11/24	28.27	28.27	27.29	27.50	3969907	109293232.00
2020/11/25	27.49	27.49	25.55	25.67	3683205	96182920.00
2020/11/26	25.68	25.81	24.80	25.01	2191000	55177548.00
2020/11/27	25.14	25.16	24.58	24.93	1358800	33805856.00
2020/11/30	24.63	25.45	24.63	25.21	1584400	39842548.00
2020/12/01	25.30	25.70	25.10	25.52	1150805	29336974.00
2020/12/02	25.67	25.69	25.40	25.62	868200	22192190.00
2020/12/03	25.62	25.95	25.44	25.61	1382000	35382124.00
2020/12/04	25.61	25.73	25.23	25.49	1267527	32305042.00
2020/12/07	25.48	25.74	24.99	25.04	1076200	27203440.00
2020/12/08	25.04	25.29	24.95	25.07	676700	16984068.00
2020/12/09	25.19	25.19	24.23	24.30	977952	24067862.00
2020/12/10	24.30	25.13	23.90	24.54	1359400	33365796.00
2020/12/11	24.53	24.80	23.29	23.73	1203302	28696422.00
2020/12/14	23.73	24.42	23.32	24.33	1412700	34024180.00
2020/12/15	24.34	24.50	24.13	24.19	508200	12332797.00
2020/12/16	24.19	24.26	23.50	23.52	1009403	23992456.00
2020/12/17	23.52	24.70	23.00	24.36	1592800	38175376.00
2020/12/18	24.12	24.48	23.67	23.73	892800	21443324.00
2020/12/21	23.73	24.39	23.47	24.25	970900	23343816.00
2020/12/22	24.05	24.30	23.01	23.19	1235945	29057896.00
2020/12/23	23.06	23.67	22.66	22.88	1107500	25562032.00
2020/12/24	22.88	22.96	21.81	21.99	1244300	27746660.00
2020/12/25	22.24	22.89	21.85	22.52	1108000	24889948.00
2020/12/28	22.31	22.62	21.76	21.95	1197702	26406392.00
2020/12/29	22.00	22.40	21.70	21.89	893300	19697690.00
2020/12/30	22.73	24.08	22.28	24.08	1046900	24667462.00
2020/12/31	25.00	25.49	24.20	24.45	4498869	111659896.00
2021/01/04	24.00	24.36	23.30	24.00	3321503	78521792.00
2021/01/05	23.50	23.75	22.81	22.84	2616348	60608300.00
2021/01/06	22.90	23.36	22.01	22.06	1872303	42133484.00
2021/01/07	21.92	22.05	19.90	21.09	3160700	65944796.00
2021/01/08	20.80	21.00	20.02	20.75	1129800	23289536.00
2021/01/11	20.77	20.80	20.10	20.21	927200	18934512.00
2021/01/12	20.19	20.46	19.84	20.08	1004500	20191480.00
2021/01/13	20.88	21.22	20.25	20.29	1561100	32215438.00
2021/01/14	19.85	20.60	19.70	20.26	1256714	25362982.00
2021/01/15	20.23	21.23	20.13	20.94	1733100	36054968.00
2021/01/18	20.82	21.45	20.70	21.09	1052900	22254354.00
2021/01/19	21.16	21.75	21.16	21.75	1678200	36126552.00
2021/01/20	21.82	21.82	21.21	21.35	1065900	22833318.00
2021/01/21	21.15	21.45	20.93	21.19	988500	20948810.00
2021/01/22	21.20	21.20	20.70	20.76	986900	20581524.00
2021/01/25	20.78	20.89	20.01	20.10	946200	19112450.00
2021/01/26	19.95	20.34	19.78	20.02	562000	11321569.00
2021/01/27	19.92	20.30	19.92	20.26	593800	11970918.00
2021/01/28	20.19	20.65	20.03	20.33	965100	19708600.00
2021/01/29	20.32	20.55	19.90	20.00	964600	19422040.00
2021/02/01	20.25	20.28	19.34	19.45	1125900	22175078.00
2021/02/02	19.46	19.46	18.81	19.13	806000	15405319.00
2021/02/03	19.03	19.95	18.78	19.45	1199900	23117094.00
2021/02/04	19.15	19.30	18.28	18.49	974075	18267024.00
2021/02/05	18.49	18.74	18.04	18.07	645200	11800416.00
2021/02/08	18.07	18.30	17.77	18.16	685100	12396425.00
2021/02/09	18.19	18.44	18.09	18.30	517200	9455475.00
2021/02/10	18.25	18.50	18.22	18.29	533900	9781004.00
2021/02/18	18.51	19.31	18.45	19.21	1031700	19519646.00
2021/02/19	19.21	19.92	18.97	19.86	936400	18349760.00
2021/02/22	20.21	21.19	20.15	20.72	1822400	37904080.00
2021/02/23	20.72	20.97	20.10	20.19	1210200	24738856.00
2021/02/24	20.17	20.69	20.17	20.39	698800	14298439.00
2021/02/25	20.39	20.60	20.12	20.22	724800	14718398.00
2021/02/26	20.19	21.85	20.08	21.22	2602302	55336132.00
2021/03/15	23.34	23.34	23.34	23.34	438500	10234590.00
2021/03/16	25.67	25.67	25.67	25.67	789200	20258764.00
2021/03/17	28.22	28.22	26.23	27.59	8153555	223319264.00
2021/03/18	26.90	30.35	26.44	27.00	6676489	188606560.00
2021/03/19	25.10	26.37	24.37	24.95	5354864	134221664.00
2021/03/22	24.59	24.93	23.88	24.76	4013001	97690816.00
2021/03/23	24.30	27.24	23.98	27.24	4550311	116950824.00
2021/03/24	28.40	29.55	25.80	25.82	6334300	175483344.00
2021/03/25	25.85	28.20	25.38	26.77	4731803	127236808.00
2021/03/26	25.38	26.40	25.38	26.03	3523300	91354776.00
2021/03/29	25.90	26.52	24.08	24.80	3925200	97469680.00
2021/03/30	24.77	24.77	23.70	24.30	2061003	49809432.00
2021/03/31	24.32	25.25	24.13	24.68	1972600	48779408.00
2021/04/01	24.14	24.15	23.01	23.39	2537303	59446076.00
2021/04/02	23.28	24.07	23.28	23.65	1541800	36375804.00
2021/04/06	23.87	23.87	23.43	23.65	1156300	27310528.00
2021/04/07	23.75	26.02	23.54	25.14	3241400	81408216.00
2021/04/08	24.94	25.18	24.26	24.66	1941300	47774196.00
2021/04/09	25.26	25.29	24.58	25.12	1410000	35284192.00
2021/04/12	24.98	24.98	23.72	23.94	1577100	38057636.00
2021/04/13	23.80	24.31	23.46	24.16	1048300	25161854.00
2021/04/14	24.16	24.86	23.90	24.69	1240600	30323630.00
2021/04/15	24.87	24.87	24.03	24.10	874000	21249528.00
2021/04/16	24.53	25.79	24.53	25.40	2515200	63723152.00
2021/04/19	25.45	25.88	25.18	25.47	1450000	36893632.00
2021/04/20	25.46	26.13	25.26	25.80	1439100	37044664.00
2021/04/21	25.59	25.73	24.89	25.00	1051402	26462150.00
2021/04/22	24.95	25.24	24.68	24.83	768000	19065822.00
2021/04/23	24.83	25.96	24.60	25.23	1428486	36131948.00
2021/04/26	25.12	25.23	23.91	23.91	1389200	33876260.00
2021/04/27	24.21	24.92	23.35	24.70	1479902	35790184.00
2021/04/28	24.67	24.67	23.83	23.99	921902	22141738.00
2021/04/29	23.99	24.27	23.13	23.21	865800	20335000.00
2021/04/30	23.58	24.32	23.08	23.17	961102	22682058.00
2021/05/06	23.53	23.65	23.11	23.22	596800	13897241.00
2021/05/07	23.15	23.25	22.69	22.93	661800	15176499.00
2021/05/10	22.81	23.10	22.70	22.90	404200	9242116.00
2021/05/11	22.99	23.01	22.60	22.91	509900	11637126.00
2021/05/12	22.92	23.23	22.71	23.20	561300	12887360.00
2021/05/13	23.59	23.65	23.09	23.11	805400	18766068.00
2021/05/14	23.09	23.32	22.72	23.18	493400	11376627.00
2021/05/17	23.29	23.29	22.75	22.82	525500	12026187.00
2021/05/18	22.83	23.35	22.66	23.25	696300	16009607.00
2021/05/19	23.25	23.25	22.93	23.08	383000	8821431.00
2021/05/20	17.18	18.03	16.40	18.03	1481883	26149602.00
2021/05/21	19.68	19.83	19.15	19.83	5224960	103377032.00
2021/05/24	18.36	19.25	18.36	18.56	6829380	127827200.00
2021/05/25	18.25	19.30	18.25	18.85	5348747	100526672.00
2021/05/26	18.85	19.79	18.22	19.50	5499112	104065520.00
2021/05/27	19.13	19.27	18.54	18.78	4051869	76381152.00
2021/05/28	18.82	18.90	18.37	18.90	2738724	51080464.00
2021/05/31	18.83	19.68	18.83	19.21	4014588	77096440.00
2021/06/01	19.20	20.88	18.42	19.75	6004938	117144208.00
2021/06/02	19.38	19.54	18.62	18.66	4291393	81812224.00
2021/06/03	18.68	18.90	18.25	18.61	2090120	38813356.00
2021/06/04	18.58	18.75	18.39	18.65	1528700	28392470.00
2021/06/07	18.79	18.90	18.26	18.30	2013023	37091072.00
2021/06/08	18.22	18.67	18.11	18.50	1613353	29763436.00
2021/06/09	18.35	18.70	18.20	18.66	1405260	26042360.00
2021/06/10	18.61	18.64	18.36	18.44	1228300	22648162.00
2021/06/11	18.44	18.44	16.81	17.50	2769283	48758136.00
2021/06/15	17.31	17.38	16.89	17.05	1318284	22506992.00
2021/06/16	17.00	17.19	16.91	17.07	725695	12383607.00
2021/06/17	17.08	17.20	16.50	16.61	1697360	28403336.00
2021/06/18	16.61	16.74	16.40	16.70	1161375	19207254.00
2021/06/21	16.61	17.24	16.16	17.18	1440040	24422044.00
2021/06/22	17.18	17.48	17.02	17.04	984320	16934606.00
2021/06/23	17.10	17.30	16.95	17.07	730220	12482441.00
2021/06/24	17.10	17.22	16.75	16.80	849380	14322646.00
2021/06/25	16.98	16.98	16.57	16.83	820060	13736149.00
2021/06/28	16.88	18.51	16.86	18.51	1786500	32221116.00
2021/06/29	18.10	20.15	18.10	18.47	5915313	111493432.00
2021/06/30	18.36	18.44	17.68	17.89	3283671	58986508.00
2021/07/01	17.72	17.87	17.37	17.39	1929154	33943724.00
2021/07/02	17.30	17.30	16.90	17.08	1382043	23544996.00
2021/07/05	16.95	17.38	16.93	17.19	1197655	20565952.00
2021/07/06	17.19	17.35	16.94	17.33	1007680	17302380.00
2021/07/07	17.15	17.60	17.15	17.32	1077600	18755432.00
2021/07/08	17.45	17.45	16.95	16.98	1103280	18868450.00
2021/07/09	17.04	17.44	16.92	17.29	979140	16885150.00
2021/07/12	15.71	16.63	15.71	16.39	4599171	74325144.00
2021/07/13	16.15	16.33	15.92	16.07	2637851	42540588.00
2021/07/14	16.07	16.23	15.86	15.89	1517020	24348574.00
2021/07/15	15.81	15.85	15.12	15.41	2485476	38227332.00
2021/07/16	15.38	15.47	14.76	14.89	2889528	43486564.00
2021/07/19	14.89	14.92	14.67	14.75	1265680	18704992.00
2021/07/20	14.98	14.99	14.65	14.91	1052123	15625931.00
2021/07/21	14.90	15.35	14.85	15.24	1090299	16567792.00
2021/07/22	15.24	15.63	15.24	15.46	1219300	18880050.00
2021/07/23	15.46	15.46	15.09	15.10	1268260	19306192.00
2021/07/26	15.10	15.14	14.60	14.83	853463	12641080.00
2021/07/27	14.83	15.03	14.45	14.48	970840	14296824.00
2021/07/28	14.53	14.62	13.48	14.13	1052555	14836239.00
2021/07/29	14.40	14.50	14.18	14.36	682220	9802161.00
2021/07/30	14.36	14.69	14.29	14.63	942360	13687070.00
2021/08/02	14.70	14.97	14.51	14.93	899460	13353719.00
2021/08/03	14.93	15.20	14.77	14.93	906080	13644741.00
2021/08/04	15.00	15.94	14.95	15.05	1508900	23011100.00
2021/08/05	14.96	15.14	14.90	14.92	759340	11381820.00
2021/08/06	14.88	15.07	14.84	14.98	693483	10377511.00
2021/08/09	15.00	15.55	15.00	15.48	1163120	17826328.00
2021/08/10	15.47	15.89	15.43	15.80	1421780	22367574.00
2021/08/11	15.86	16.45	15.83	16.24	1881719	30426698.00
2021/08/12	16.24	16.49	15.92	15.99	1229860	19806232.00
2021/08/13	15.99	16.24	15.70	16.03	1189127	18934348.00
2021/08/16	16.05	16.18	15.90	15.90	821560	13152642.00
2021/08/17	15.90	15.90	15.46	15.49	802080	12574807.00
2021/08/18	15.50	16.05	15.41	16.05	934880	14778379.00
2021/08/19	16.13	16.13	15.52	15.61	844920	13258932.00
2021/08/20	15.62	15.69	15.14	15.34	836380	12796398.00
2021/08/23	15.34	16.18	15.34	16.12	2014897	32056178.00
2021/08/24	16.17	16.69	16.10	16.16	1455180	23750636.00
2021/08/25	16.10	16.36	15.83	15.93	1262240	20261400.00
2021/08/26	15.91	16.08	15.55	15.79	1213340	19126714.00
2021/08/27	15.78	15.80	15.43	15.51	873840	13602732.00
2021/08/30	15.49	15.82	15.23	15.73	1158417	18029724.00
2021/08/31	15.73	16.06	15.41	15.90	1075418	17107784.00
2021/09/01	15.91	16.70	15.91	16.35	2376480	38972668.00
2021/09/02	16.37	16.61	16.08	16.13	1499560	24399674.00
2021/09/03	16.23	16.42	15.89	16.26	1222900	19825516.00
2021/09/06	16.24	16.78	16.04	16.65	1541220	25458600.00
2021/09/07	16.65	16.67	16.43	16.50	1208220	19981566.00
2021/09/08	16.57	17.39	16.47	17.32	2180320	37120960.00
2021/09/09	17.30	17.80	17.06	17.47	1677420	29340170.00
2021/09/10	17.46	17.48	16.73	16.86	1674400	28487856.00
2021/09/13	16.86	17.10	16.65	16.80	914040	15377765.00
2021/09/14	16.80	16.80	16.38	16.42	905287	14961839.00
2021/09/15	18.06	18.06	18.06	18.06	1058260	19112176.00
2021/09/16	19.86	19.86	17.89	18.22	6705314	124445272.00
2021/09/17	17.65	17.74	16.83	16.89	3618073	61886944.00
2021/09/22	16.50	17.17	15.94	17.12	2447449	40436096.00
2021/09/23	17.06	17.11	16.61	16.70	1466265	24601860.00
2021/09/24	16.53	16.84	15.90	15.90	1656205	26953276.00
2021/09/27	16.08	16.08	15.01	15.16	1313728	20176828.00
2021/09/28	15.33	15.75	15.09	15.64	738186	11403958.00
2021/09/29	15.39	15.85	15.31	15.41	711928	11038487.00
2021/09/30	15.41	15.80	15.35	15.73	506169	7920667.50
2021/10/08	15.98	16.26	15.72	16.15	718317	11513645.00
2021/10/11	16.30	16.30	15.77	15.86	807320	12817164.00
2021/10/12	15.85	15.96	15.44	15.58	556700	8675780.00
2021/10/13	16.10	16.10	15.66	15.88	472940	7518152.00
2021/10/14	16.00	16.00	15.69	15.87	335240	5309462.50
2021/10/15	15.87	16.08	15.81	15.92	512820	8166638.00
2021/10/18	15.96	16.56	15.76	16.44	1089180	17718274.00
2021/10/19	16.30	16.47	16.16	16.23	608140	9921029.00
2021/10/20	16.23	16.28	15.87	15.94	471480	7552383.00
2021/10/21	15.82	16.00	15.71	15.75	342141	5406156.00
2021/10/22	15.75	15.96	15.67	15.84	348840	5524982.00
2021/10/25	15.84	15.90	15.51	15.64	330900	5182452.50
2021/10/26	15.71	15.74	15.30	15.38	366300	5669867.00
2021/10/27	15.39	15.40	14.82	15.03	472100	7121259.00
2021/10/28	15.04	15.21	14.70	14.84	478969	7127191.00
2021/10/29	14.84	15.32	14.71	15.30	497620	7500869.50
2021/11/01	15.26	15.37	15.05	15.31	541980	8265825.00
2021/11/02	15.30	15.43	14.83	14.99	406400	6141899.50
2021/11/03	14.91	15.26	14.91	15.11	257540	3892584.00
2021/11/04	15.18	15.26	14.90	15.03	612700	9217173.00
2021/11/05	15.04	15.04	14.88	14.96	306920	4598063.50
2021/11/08	15.07	15.15	14.96	15.11	339340	5114652.00
2021/11/09	15.19	15.48	15.11	15.31	364340	5566970.50
2021/11/10	15.31	15.43	15.11	15.43	463268	7078720.50
2021/11/11	15.45	15.61	15.32	15.56	457579	7082991.00
2021/11/12	15.56	15.66	15.41	15.60	339379	5276413.00
2021/11/15	15.58	15.81	15.52	15.77	351860	5523468.00
2021/11/16	15.81	16.38	15.70	16.06	1208180	19379162.00
2021/11/17	16.05	16.29	15.90	16.20	773180	12457906.00
2021/11/18	16.24	16.39	15.85	15.92	701100	11280641.00
2021/11/19	15.73	16.36	15.73	16.25	797734	12902471.00
2021/11/22	16.20	16.39	16.15	16.16	584320	9484518.00
2021/11/23	16.19	16.33	16.06	16.21	429280	6945698.50
2021/11/24	16.21	16.26	16.06	16.19	503240	8128097.00
2021/11/25	16.24	16.53	16.13	16.25	575560	9393996.00
2021/11/26	16.27	16.27	16.00	16.04	477800	7685764.00
2021/11/29	15.88	16.37	15.77	16.05	857360	13779853.00
2021/11/30	16.05	16.49	16.05	16.37	729171	11924850.00
2021/12/01	16.58	18.01	16.50	18.01	2446395	42874848.00
2021/12/02	18.33	18.40	17.08	17.10	4441469	77774944.00
2021/12/03	17.11	17.39	16.95	17.02	1886315	32269192.00
2021/12/06	17.00	17.00	16.53	16.53	1407568	23497936.00
2021/12/07	16.56	16.72	16.25	16.40	1055609	17372998.00
2021/12/08	16.50	16.65	16.30	16.55	743340	12257331.00
2021/12/09	16.47	16.75	16.47	16.65	886280	14730742.00
2021/12/10	16.60	17.00	16.50	16.95	1230804	20687302.00
2021/12/13	17.20	17.28	16.72	16.85	1209380	20457512.00
2021/12/14	16.85	17.09	16.47	16.93	1419124	23711456.00
2021/12/15	16.88	16.95	16.68	16.69	1002199	16826178.00
2021/12/16	16.71	17.06	16.70	16.99	1065400	18052050.00
2021/12/17	17.20	17.20	16.70	16.79	831040	13988021.00
2021/12/20	16.70	17.09	16.67	16.80	969259	16403459.00
2021/12/21	16.81	17.46	16.73	17.33	1699804	29237698.00
2021/12/22	17.30	17.56	17.12	17.13	963820	16646216.00
2021/12/23	17.12	17.12	16.66	16.79	994340	16749179.00
2021/12/24	16.79	17.00	16.32	16.34	964800	15940680.00
2021/12/27	16.50	16.69	16.01	16.58	1016440	16637033.00
2021/12/28	16.74	17.68	16.59	17.10	2010840	34529136.00
2021/12/29	17.05	17.13	16.61	17.02	1275543	21558292.00
2021/12/30	17.02	17.50	16.95	17.45	1316787	22823728.00
2021/12/31	17.45	17.53	17.22	17.43	1039920	18125470.00
2022/01/04	17.50	17.78	17.48	17.68	1471900	25969000.00
2022/01/05	17.57	18.72	17.41	17.99	2435660	43597960.00
2022/01/06	17.85	17.98	17.58	17.81	1631760	28990680.00
2022/01/07	17.81	18.00	17.34	17.35	1462240	25738580.00
2022/01/10	17.44	17.68	17.25	17.64	849540	14924370.00
2022/01/11	17.67	18.05	17.51	17.59	941100	16688532.00
2022/01/12	17.50	18.33	17.50	18.13	1764580	31904692.00
2022/01/13	17.95	18.40	17.90	18.05	979080	17750450.00
2022/01/14	18.05	18.39	17.73	17.75	1160516	20896984.00
2022/01/17	17.70	18.09	17.70	17.97	693309	12421714.00
2022/01/18	18.68	18.68	17.30	17.42	1583420	27817524.00
2022/01/19	17.25	18.19	17.25	17.87	1425200	25428260.00
2022/01/20	17.76	17.87	16.91	16.92	1152740	19898480.00
2022/01/21	16.99	17.42	16.90	17.15	915560	15712137.00
2022/01/24	17.22	17.27	16.73	16.90	527760	8969898.00
2022/01/25	16.98	17.08	15.37	16.14	746400	12291565.00
2022/01/26	16.14	16.48	16.00	16.30	591080	9609375.00
2022/01/27	16.19	16.25	15.57	15.60	866160	13643447.00
2022/01/28	15.62	16.59	15.62	16.32	784020	12656258.00
2022/02/07	16.83	17.14	16.27	16.93	838660	14041234.00
2022/02/08	17.06	17.41	16.81	17.25	927400	15908750.00
2022/02/09	17.34	17.40	17.05	17.20	511380	8809215.00
2022/02/10	17.10	17.27	16.85	16.99	609440	10340556.00
2022/02/11	16.92	16.96	16.46	16.51	524600	8732130.00
2022/02/14	16.85	17.17	16.59	16.68	867880	14610776.00
2022/02/15	16.69	17.04	16.46	16.68	701020	11679776.00
2022/02/16	16.77	17.19	16.75	17.19	1034320	17613694.00
2022/02/17	17.17	17.50	17.05	17.38	1178140	20437166.00
2022/02/18	17.43	17.48	17.07	17.47	781800	13522083.00
2022/02/21	17.45	17.76	17.32	17.71	812860	14316508.00
2022/02/22	17.79	17.82	17.33	17.49	1177580	20618056.00
2022/02/23	18.09	18.87	17.50	17.65	3458560	62212588.00
2022/02/24	17.15	18.63	17.15	17.77	3443083	61657496.00
2022/02/25	17.77	18.06	17.52	17.56	1596820	28290904.00
2022/02/28	17.66	17.66	17.08	17.43	1006340	17476162.00
2022/03/01	17.45	17.90	17.43	17.85	1347680	23982104.00
2022/03/02	17.80	18.03	17.70	17.90	1033920	18501214.00
2022/03/03	17.95	18.17	17.55	17.70	998320	17707000.00
2022/03/04	17.55	17.77	17.27	17.35	902900	15762213.00
2022/03/07	17.33	17.48	16.95	17.00	780740	13408644.00
2022/03/08	17.02	17.13	16.36	16.43	1045520	17410450.00
2022/03/09	16.58	16.64	15.42	16.15	1049200	16939418.00
2022/03/10	16.25	16.69	16.25	16.41	804240	13292553.00
2022/03/11	16.30	16.68	16.01	16.62	684820	11164751.00
2022/03/14	16.51	16.68	16.18	16.19	628440	10305300.00
2022/03/15	16.12	16.12	15.24	15.25	1007060	15858592.00
2022/03/16	15.33	15.76	15.28	15.72	740780	11500475.00
2022/03/17	15.75	16.06	15.62	15.78	723200	11501659.00
2022/03/18	15.80	16.33	15.70	16.26	726380	11699987.00
2022/03/21	16.35	16.62	16.26	16.59	879600	14493038.00
2022/03/22	16.70	16.70	16.23	16.37	762080	12509930.00
2022/03/23	16.55	16.56	16.26	16.36	562020	9221855.00
2022/03/24	16.35	16.35	16.07	16.09	503700	8134665.00
2022/03/25	16.15	16.32	15.92	15.92	1046500	16894872.00
2022/03/28	15.90	16.04	15.60	15.84	588920	9289118.00
2022/03/29	16.00	16.00	15.55	15.67	738940	11618192.00
2022/03/30	15.71	15.82	15.55	15.74	488534	7673144.00
2022/03/31	15.75	16.11	15.70	16.04	659180	10509137.00
2022/04/01	15.93	16.04	15.63	15.84	794440	12530088.00
2022/04/06	15.75	16.33	15.75	16.18	895212	14435420.00
2022/04/07	16.10	16.21	15.68	15.75	564260	8961170.00
2022/04/08	15.82	15.91	15.32	15.54	656620	10181706.00
2022/04/11	15.54	15.54	14.72	15.08	874460	13198672.00
2022/04/12	15.08	15.64	14.80	15.63	1047000	15900344.00
2022/04/13	15.63	15.89	15.62	15.68	1552500	24481758.00
2022/04/14	15.64	16.04	15.58	15.95	1307620	20694036.00
2022/04/15	16.09	16.09	15.76	15.98	1083820	17262682.00
2022/04/18	15.80	16.58	15.60	16.52	1251700	20383830.00
2022/04/19	16.60	17.00	16.41	16.98	1568560	26367324.00
2022/04/20	16.96	18.68	16.96	18.68	3923840	71023072.00
2022/04/21	19.68	20.55	17.50	18.16	12821509	246948320.00
2022/04/22	16.34	16.99	16.34	16.34	5235309	85631968.00
2022/04/25	15.35	15.97	14.71	14.71	4794275	71673328.00
2022/04/26	14.00	14.40	13.24	13.24	3729560	51245240.00
2022/04/27	12.42	13.51	12.42	13.29	2518889	32605028.00
2022/04/28	13.24	13.34	12.71	13.00	1764500	22997480.00
2022/04/29	13.12	13.92	13.12	13.71	1815600	24736496.00
2022/05/05	13.83	14.30	13.55	13.96	1332760	18678092.00
2022/05/06	13.93	13.94	13.53	13.65	998240	13707360.00
2022/05/09	13.64	14.03	13.55	13.86	787200	10940087.00
2022/05/10	13.74	13.94	13.64	13.86	786700	10877161.00
2022/05/11	13.90	14.21	13.87	14.03	1981880	27902780.00
2022/05/12	14.18	14.54	13.91	14.19	1015580	14471143.00
2022/05/13	14.30	14.54	14.13	14.36	974420	13979150.00
2022/05/16	14.99	15.00	14.31	14.38	1290077	18786834.00
2022/05/17	14.38	14.57	14.04	14.40	816400	11657666.00
2022/05/18	14.40	14.69	14.39	14.53	991760	14454618.00
2022/05/19	14.24	14.70	14.23	14.63	747740	10882201.00
2022/05/20	14.63	14.98	14.63	14.85	773540	11447510.00
2022/05/23	14.88	15.25	14.79	15.00	540500	8090953.00
2022/05/24	15.00	15.11	14.35	14.36	903640	13239952.00
2022/05/25	14.38	14.66	14.30	14.66	915080	13291511.00
2022/05/26	14.71	15.88	14.16	14.82	2388680	35428532.00
2022/05/27	14.81	15.05	14.57	14.73	1321709	19569798.00
2022/05/30	14.73	14.86	14.54	14.64	1271580	18639364.00
2022/05/31	14.65	14.74	14.41	14.72	1049040	15347748.00
2022/06/01	14.75	14.99	14.60	14.90	1166560	17327546.00
2022/06/02	14.85	15.15	14.65	15.10	993760	14857662.00
2022/06/06	15.06	15.50	15.06	15.33	1196480	18341764.00
2022/06/07	15.48	15.48	15.04	15.08	856040	12964788.00
2022/06/08	15.05	15.13	14.80	15.04	889780	13340212.00
2022/06/09	15.06	15.10	14.67	14.74	838120	12418651.00
2022/06/10	14.66	15.05	14.57	14.98	764709	11431040.00
2022/06/13	14.81	15.20	14.80	15.12	801260	12059015.00
2022/06/14	15.10	15.16	14.70	15.10	1172167	17467218.00
2022/06/15	15.09	15.24	14.95	14.95	788040	11890165.00
2022/06/16	14.95	15.30	14.95	15.09	964806	14597865.00
2022/06/17	15.02	15.24	14.81	15.00	567420	8500864.00
2022/06/20	15.09	15.35	14.97	15.23	927820	14111066.00
2022/06/21	15.27	15.39	15.05	15.23	1051760	15990506.00
2022/06/22	15.26	15.26	14.91	14.93	610200	9182638.00
2022/06/23	14.92	15.31	14.92	15.25	880600	13395517.00
2022/06/24	15.35	15.96	15.21	15.94	1833280	28838168.00
2022/06/27	15.90	15.90	15.56	15.63	1003960	15736259.00
2022/06/28	15.56	17.19	15.56	17.19	3121640	52107916.00
2022/06/29	16.33	17.29	16.32	16.42	4167820	69677720.00
2022/06/30	16.42	17.00	16.21	16.73	2476580	40948952.00
2022/07/01	16.65	17.05	16.53	16.77	1666680	27899904.00
2022/07/04	16.84	16.99	16.45	16.66	1163800	19281774.00
2022/07/05	16.60	16.69	16.15	16.36	1195120	19557670.00
2022/07/06	16.29	16.45	16.10	16.35	801520	13024296.00
2022/07/07	16.40	17.13	16.29	16.59	1562340	26109374.00
2022/07/08	16.72	16.78	16.40	16.44	1050652	17378886.00
2022/07/11	16.38	16.52	16.15	16.40	581200	9467423.00
2022/07/12	16.41	16.54	16.07	16.11	800640	12969173.00
2022/07/13	16.11	16.55	15.97	16.48	1031680	16887802.00
2022/07/14	16.65	16.65	16.28	16.37	464320	7617964.00
2022/07/15	16.37	16.47	15.98	15.98	882200	14237887.00
2022/07/18	15.95	16.55	15.95	16.39	959200	15732391.00
2022/07/19	16.41	16.73	16.31	16.69	863600	14318157.00
2022/07/20	16.69	16.82	16.51	16.72	623660	10417790.00
2022/07/21	16.70	16.85	16.50	16.56	594338	9907011.00
2022/07/22	16.57	16.86	16.57	16.77	938460	15711925.00
2022/07/25	16.76	17.12	16.66	16.82	1035340	17505630.00
2022/07/26	16.72	16.96	16.35	16.96	867338	14473875.00
2022/07/27	16.89	17.13	16.81	17.07	715888	12190722.00
2022/07/28	17.14	17.80	17.07	17.55	1639434	28600812.00
2022/07/29	17.50	17.87	17.30	17.46	1448640	25486818.00
2022/08/01	17.83	18.64	17.51	18.63	3407856	62294232.00
2022/08/02	18.55	19.00	18.00	18.41	3548528	65660236.00
2022/08/03	18.77	19.88	18.42	19.58	4020077	77853208.00
2022/08/04	19.36	19.66	19.05	19.66	2229816	43122004.00
2022/08/05	19.75	20.56	19.30	20.18	3110460	62353000.00
2022/08/08	20.13	20.45	19.87	20.33	1624284	32800600.00
2022/08/09	20.40	21.38	20.14	21.18	2037220	42751772.00
2022/08/10	21.36	21.78	20.92	21.78	1752956	37688868.00
2022/08/11	22.01	22.67	20.81	21.24	4074668	87443128.00
2022/08/12	20.96	23.10	20.93	22.70	3442080	76215632.00
2022/08/15	22.13	23.58	22.13	23.36	2559540	59037492.00
2022/08/16	23.40	23.79	22.90	23.59	1734886	40513052.00
2022/08/17	23.67	23.77	22.40	22.62	3055400	69725872.00
2022/08/18	22.62	23.33	22.20	22.98	2437900	55789300.00
2022/08/19	23.08	23.56	22.89	23.06	1422820	32963990.00
2022/08/22	23.05	23.39	22.43	22.67	1337460	30315172.00
2022/08/23	22.92	23.17	22.16	22.62	1074160	24161130.00
2022/08/24	22.65	22.81	21.71	21.95	1028180	22797746.00
2022/08/25	22.30	22.30	20.85	21.17	1489060	31688968.00
2022/08/26	19.97	21.80	19.97	20.72	1332520	27947174.00
2022/08/29	20.93	21.66	20.11	21.43	1196000	25381688.00
2022/08/30	21.29	21.79	20.40	20.50	1949280	40949636.00
2022/08/31	20.92	20.99	19.68	19.86	1925886	38420304.00
2022/09/01	19.80	20.25	19.44	19.91	752460	14940654.00
2022/09/02	20.00	20.41	19.46	20.22	1197660	24030654.00
2022/09/05	20.48	21.40	20.18	21.07	1524060	31799854.00
2022/09/06	20.99	21.03	20.56	20.72	977980	20297902.00
2022/09/07	21.00	21.35	20.70	21.04	1053900	22065824.00
2022/09/08	21.04	21.53	20.92	21.04	775500	16440694.00
2022/09/09	20.81	21.05	20.46	20.53	626900	12937865.00
2022/09/13	20.54	21.20	20.39	21.18	797760	16613907.00
2022/09/14	21.11	21.12	20.46	20.76	682460	14151127.00
2022/09/15	20.85	20.95	20.10	20.26	763480	15479913.00
2022/09/16	20.85	20.85	19.00	19.79	768600	15257181.00
2022/09/19	19.72	19.93	19.25	19.65	648480	12633386.00
2022/09/20	19.50	19.80	18.81	19.04	1199960	23005968.00
2022/09/21	19.07	19.18	18.18	18.63	1205560	22336150.00
2022/09/22	18.69	19.10	18.59	18.75	1209600	22757702.00
2022/09/23	18.76	18.76	17.97	18.10	881820	16179267.00
2022/09/26	18.13	18.14	17.15	17.15	1480696	25997454.00
2022/09/27	18.10	18.44	16.65	17.53	2774678	48377796.00
2022/09/28	17.53	17.59	16.70	16.70	1440220	24692768.00
2022/09/29	16.90	17.16	16.50	16.71	1156058	19359004.00
2022/09/30	16.71	16.94	15.86	16.40	2396280	39197696.00
2022/10/10	16.55	17.08	16.37	16.50	1080760	18044520.00
2022/10/11	16.57	16.65	15.88	16.05	727720	11725558.00
2022/10/12	16.28	16.80	15.74	16.80	719100	11722605.00
2022/10/13	16.80	17.12	16.51	17.02	688600	11607098.00
2022/10/14	17.02	17.45	16.80	17.22	947040	16220555.00
2022/10/17	17.22	17.41	17.01	17.37	595420	10303854.00
2022/10/18	17.30	17.80	17.14	17.53	885100	15483887.00
2022/10/19	17.44	17.72	17.21	17.33	690800	12088355.00
2022/10/20	17.37	17.64	17.01	17.30	776300	13451087.00
2022/10/21	17.53	17.53	17.18	17.37	363540	6319284.50
2022/10/24	17.34	17.86	17.20	17.36	1169584	20509630.00
2022/10/25	17.34	17.44	16.90	17.17	590700	10155082.00
2022/10/26	17.35	18.12	17.23	17.93	1105901	19556782.00
2022/10/27	17.76	18.55	17.76	18.34	1185780	21699084.00
2022/10/28	17.95	18.65	17.58	17.62	991740	17935762.00
2022/10/31	17.81	18.06	17.17	17.28	1504100	26424640.00
2022/11/01	17.48	18.36	17.28	18.36	1358060	24446864.00
2022/11/02	18.36	18.72	18.04	18.20	1184620	21723518.00
2022/11/03	18.01	19.56	18.00	19.12	1852820	35056728.00
2022/11/04	19.09	19.79	18.68	19.36	2797901	54111564.00
2022/11/07	19.36	19.71	18.94	19.40	1467580	28306276.00
2022/11/08	19.52	19.95	19.20	19.80	1312920	25799954.00
2022/11/09	19.73	20.18	19.55	20.18	1283020	25619276.00
2022/11/10	19.85	20.80	19.51	19.59	2371360	47538776.00
2022/11/11	19.32	20.21	19.32	19.75	1828455	36271348.00
2022/11/14	19.70	19.75	19.15	19.18	1050660	20399326.00
2022/11/15	19.24	19.34	19.00	19.06	736866	14094991.00
2022/11/16	19.33	19.43	18.81	18.90	1047100	19977728.00
2022/11/17	19.07	19.09	18.68	19.04	1089400	20546776.00
2022/11/18	19.04	19.15	18.80	18.87	568660	10775859.00
2022/11/21	19.01	19.88	18.61	19.78	1555240	29801612.00
2022/11/22	19.74	20.00	19.20	19.25	991760	19455372.00
2022/11/23	19.30	19.53	18.71	19.12	733500	13924232.00
2022/11/24	19.12	19.19	18.77	18.97	568760	10771752.00
2022/11/25	18.98	19.11	18.83	18.99	554120	10515839.00
2022/11/28	18.90	18.98	18.46	18.80	635064	11908331.00
2022/11/29	19.08	19.08	18.35	18.63	1458380	27179672.00
2022/11/30	18.60	19.08	18.60	18.93	934860	17618938.00
2022/12/01	19.06	19.37	18.77	19.26	1021300	19506820.00
2022/12/02	19.39	20.10	19.25	19.51	1143600	22371944.00
2022/12/05	19.65	19.80	19.37	19.71	528940	10374263.00
2022/12/06	19.99	19.99	19.15	19.37	723760	14030281.00
2022/12/07	19.37	19.61	19.00	19.28	928420	17901412.00
2022/12/08	19.39	19.58	19.19	19.34	807220	15659180.00
2022/12/09	19.43	19.59	19.02	19.19	1382440	26550008.00
2022/12/12	19.15	19.46	18.63	19.02	945780	18124478.00
2022/12/13	19.10	19.39	18.80	18.96	987940	18847572.00
2022/12/14	18.96	19.18	18.10	18.91	723440	13660085.00
2022/12/15	18.79	19.22	18.69	19.16	746460	14213101.00
2022/12/16	19.33	19.33	18.35	18.41	1030880	19216532.00
2022/12/19	18.42	18.59	17.57	17.67	869120	15483735.00
2022/12/20	18.16	18.17	17.37	17.99	826640	14773231.00
2022/12/21	18.09	18.18	17.55	17.68	787160	13955544.00
2022/12/22	17.67	18.00	17.25	17.43	782800	13750520.00
2022/12/23	17.43	17.60	17.00	17.22	500480	8616662.00
2022/12/26	17.36	17.71	17.16	17.61	923220	16118084.00
2022/12/27	17.75	17.84	17.44	17.82	500580	8819323.00
2022/12/28	17.80	17.87	17.28	17.38	463600	8132001.00
2022/12/29	17.47	17.48	17.00	17.05	563720	9651965.00
2022/12/30	17.29	17.62	16.87	17.52	686100	11875929.00
2023/01/03	17.57	18.00	17.32	18.00	567220	10110762.00
2023/01/04	17.96	18.16	17.72	17.93	606440	10888671.00
2023/01/05	18.12	18.38	17.81	18.23	565940	10268324.00
2023/01/06	18.23	18.80	18.01	18.45	926360	17133986.00
2023/01/09	18.47	18.55	18.17	18.39	524980	9669054.00
2023/01/10	18.29	18.58	18.19	18.33	481478	8822192.00
2023/01/11	18.39	18.48	17.92	17.96	686140	12479222.00
2023/01/12	17.86	18.16	17.73	17.94	564800	10110785.00
2023/01/13	18.12	18.12	17.66	17.80	408280	7272790.00
2023/01/16	18.01	18.10	17.65	17.89	585240	10478130.00
2023/01/17	18.22	18.22	17.81	18.18	702760	12712394.00
2023/01/18	18.15	18.39	18.05	18.22	554100	10099806.00
2023/01/19	18.22	18.59	18.09	18.46	549480	10124987.00
2023/01/20	18.61	18.77	18.42	18.59	452600	8420978.00
2023/01/30	18.91	19.36	18.70	19.13	807726	15415136.00
2023/01/31	19.00	19.30	18.97	19.29	617526	11844411.00
2023/02/01	19.29	19.63	19.28	19.57	873760	17031154.00
2023/02/02	19.57	19.72	19.31	19.43	727860	14172878.00
2023/02/03	19.43	19.58	19.16	19.41	659194	12758589.00
2023/02/06	19.38	19.65	19.28	19.41	765980	14883150.00
2023/02/07	19.41	19.60	19.15	19.47	698160	13535094.00
2023/02/08	19.58	20.05	19.38	19.71	1150182	22666128.00
2023/02/09	19.61	20.07	18.90	19.84	1037900	20575090.00
2023/02/10	19.70	19.98	19.49	19.59	1089700	21443646.00
2023/02/13	19.65	20.45	19.58	20.12	1357304	27214576.00
2023/02/14	20.39	20.39	19.60	19.87	1297400	25766388.00
2023/02/15	20.00	20.08	19.72	19.93	781820	15555738.00
2023/02/16	19.99	19.99	18.95	19.27	1458200	28414804.00
2023/02/17	19.03	19.60	19.03	19.30	1033460	19973600.00
2023/02/20	19.22	19.39	18.99	19.32	830214	15939813.00
2023/02/21	19.34	19.55	19.08	19.32	996094	19254584.00
2023/02/22	19.32	19.40	19.00	19.29	906360	17410800.00
2023/02/23	19.48	19.48	19.07	19.26	762940	14695507.00
2023/02/24	19.52	19.52	19.00	19.14	524766	10043812.00
2023/02/27	19.14	19.35	19.00	19.03	678100	12998899.00
2023/02/28	19.03	19.25	18.89	19.12	689500	13148414.00
2023/03/01	19.20	19.98	19.12	19.68	1549960	30409544.00
2023/03/02	19.98	19.98	19.41	19.50	740842	14557910.00
2023/03/03	19.62	19.77	19.26	19.51	715400	13951307.00
2023/03/06	19.73	19.75	19.00	19.10	761562	14609265.00
2023/03/07	19.10	19.29	18.70	18.71	1029200	19459580.00
2023/03/08	18.71	19.00	18.59	18.94	649400	12247823.00
2023/03/09	18.94	19.24	18.83	19.13	441900	8430056.00
2023/03/10	19.27	19.42	18.64	18.92	708880	13526290.00
2023/03/13	18.84	19.27	18.76	19.06	889820	16879988.00
2023/03/14	19.06	19.09	18.30	18.47	758522	14079409.00
2023/03/15	18.39	19.07	18.36	18.88	659900	12385788.00
2023/03/16	18.92	19.14	18.65	18.71	439080	8262337.00
2023/03/17	18.91	19.00	18.48	18.56	481660	8996162.00
2023/03/20	18.56	18.84	18.50	18.73	543060	10149045.00
2023/03/21	18.71	19.40	18.71	19.40	695200	13308881.00
2023/03/22	19.47	19.75	19.34	19.66	880722	17262820.00
2023/03/23	19.67	19.68	19.00	19.20	1003200	19309864.00
2023/03/24	19.03	19.38	18.96	19.15	912640	17491988.00
2023/03/27	19.15	19.30	18.96	19.14	836874	15980323.00
2023/03/28	19.20	19.20	18.61	18.74	598660	11310010.00
2023/03/29	18.75	18.97	18.38	18.41	690460	12810066.00
2023/03/30	18.50	18.50	17.92	17.98	610200	11043670.00
2023/03/31	18.02	18.57	17.94	18.28	840300	15322369.00
2023/04/03	18.37	18.64	18.00	18.47	724774	13258006.00
2023/04/04	18.47	18.56	17.87	18.13	889900	16114997.00
2023/04/06	18.00	18.00	17.65	17.84	896714	15961709.00
2023/04/07	17.92	18.15	17.80	18.07	638480	11509478.00
2023/04/10	17.91	18.20	17.50	17.53	846900	15060044.00
2023/04/11	17.45	17.63	17.01	17.43	862300	15004704.00
2023/04/12	17.31	17.76	17.31	17.73	472180	8316514.00
2023/04/13	17.95	18.60	17.68	17.89	1543800	27935440.00
2023/04/14	17.85	17.97	17.59	17.64	482600	8554568.00
2023/04/17	17.65	17.92	17.44	17.52	623180	10974925.00
2023/04/18	17.53	17.53	17.13	17.22	584600	10085991.00
2023/04/19	17.28	17.48	17.11	17.29	400080	6930292.00
2023/04/20	17.22	17.48	17.00	17.33	655940	11286499.00
2023/04/21	17.32	17.45	16.66	16.74	666020	11294890.00
2023/04/24	16.76	17.02	16.25	16.97	823400	13744930.00
2023/04/25	16.99	17.00	16.20	16.37	881140	14504101.00
2023/04/26	16.37	16.76	16.31	16.53	865040	14310739.00
2023/04/27	16.56	16.97	16.39	16.71	720840	12089382.00
2023/04/28	17.05	17.56	16.80	17.47	1098920	19054378.00
2023/05/05	17.83	17.83	17.83	17.83	0	0.00
数据来源:通达信
