001299 美能能源 日线 不复权
      日期	    开盘	    最高	    最低	    收盘	    成交量	    成交额
2022/10/31	12.83	15.39	12.83	15.39	3352647	51420916.00
2022/11/01	16.93	16.93	16.93	16.93	222121	3760508.50
2022/11/02	18.62	18.62	18.62	18.62	801878	14930968.00
2022/11/03	20.48	20.48	19.11	20.48	33135063	667369856.00
2022/11/04	19.51	22.23	19.12	19.99	28919578	588284352.00
2022/11/07	19.50	21.99	19.20	21.99	21576165	450894208.00
2022/11/08	22.80	24.19	22.00	22.69	33477551	775199552.00
2022/11/09	21.00	21.36	20.42	20.42	25725180	530320096.00
2022/11/10	19.74	20.59	19.58	20.36	14760419	298104256.00
2022/11/11	20.41	20.61	19.66	19.76	14014717	279621312.00
2022/11/14	19.80	20.45	19.31	20.31	13841415	276623136.00
2022/11/15	20.00	20.17	19.79	20.10	10049994	200688320.00
2022/11/16	20.21	22.11	20.19	22.11	20579496	435963936.00
2022/11/17	21.30	24.00	21.00	21.74	27490609	615476672.00
2022/11/18	21.38	22.30	20.75	20.88	19580529	418976768.00
2022/11/21	20.41	20.94	19.88	20.70	11582604	237014176.00
2022/11/22	20.48	21.88	20.48	20.84	15179318	321991680.00
2022/11/23	20.38	22.92	20.30	22.92	22184244	497757888.00
2022/11/24	23.68	24.50	22.11	22.57	31843017	740204928.00
2022/11/25	21.70	24.83	21.70	24.83	25842543	609357824.00
2022/11/28	24.75	27.31	23.50	27.31	25303975	645167168.00
2022/11/29	28.06	29.59	25.72	26.93	32750776	883820352.00
2022/11/30	26.35	29.49	26.01	27.58	29451490	822080640.00
2022/12/01	26.00	27.23	24.82	26.22	22416150	580525760.00
2022/12/02	25.75	26.88	25.58	26.30	16110047	424010848.00
2022/12/05	26.05	27.55	26.04	26.75	17725340	475139392.00
2022/12/06	26.51	27.56	26.11	27.53	18667517	505160768.00
2022/12/07	27.59	27.59	25.30	25.35	20266595	527680224.00
2022/12/08	24.46	26.23	24.46	25.11	13540622	344755360.00
2022/12/09	24.76	25.64	24.40	24.63	10870011	269789824.00
2022/12/12	24.85	25.04	24.00	25.03	9763265	239135136.00
2022/12/13	24.77	24.86	23.43	23.71	10382440	249685856.00
2022/12/14	23.43	24.18	23.12	23.86	9766316	230961328.00
2022/12/15	23.45	23.59	22.52	22.64	10737723	243579040.00
2022/12/16	22.36	22.89	22.30	22.46	6204719	139823008.00
2022/12/19	22.69	23.05	21.82	21.91	8448004	189286896.00
2022/12/20	21.55	22.10	21.50	21.64	4882171	105815488.00
2022/12/21	21.60	21.68	20.74	21.10	6795660	143632624.00
2022/12/22	20.94	21.30	20.25	20.30	5393833	111619776.00
2022/12/23	20.01	20.62	20.00	20.60	5119875	104667368.00
2022/12/26	20.60	20.96	20.50	20.84	3691270	76572904.00
2022/12/27	20.81	21.35	20.45	21.09	7907947	165145760.00
2022/12/28	20.80	20.95	20.39	20.44	5729651	118037520.00
2022/12/29	20.33	20.55	20.18	20.22	3664177	74379672.00
2022/12/30	20.21	20.48	20.04	20.20	2835292	57223572.00
2023/01/03	20.12	21.10	20.12	20.47	6158983	126365984.00
2023/01/04	20.36	20.47	19.61	20.00	6634131	133088448.00
2023/01/05	20.20	20.99	19.96	20.39	8516752	174382464.00
2023/01/06	20.18	20.78	20.10	20.55	6720418	138092112.00
2023/01/09	20.55	21.48	20.23	21.46	11447604	240793472.00
2023/01/10	21.58	21.60	20.70	20.99	9654818	201853680.00
2023/01/11	20.98	22.60	20.84	21.79	11694406	251219600.00
2023/01/12	21.36	21.65	21.20	21.52	7147406	153168544.00
2023/01/13	21.31	21.45	20.80	20.80	6691925	140479200.00
2023/01/16	20.81	20.98	20.41	20.47	4666316	96046232.00
2023/01/17	20.42	20.57	20.00	20.02	4064656	82046336.00
2023/01/18	20.06	20.22	20.00	20.05	2655987	53337628.00
2023/01/19	19.98	20.05	19.62	19.65	3845804	75866120.00
2023/01/20	19.70	19.85	19.63	19.81	2309214	45637600.00
2023/01/30	19.89	20.47	19.89	20.38	4963416	100473872.00
2023/01/31	20.39	20.49	20.20	20.48	3293810	67078720.00
2023/02/01	20.48	20.57	20.31	20.50	3339946	68208744.00
2023/02/02	20.53	20.56	20.33	20.38	2915457	59439728.00
2023/02/03	20.38	20.55	20.30	20.36	2877823	58696644.00
2023/02/06	20.30	20.36	20.05	20.08	2656285	53465760.00
2023/02/07	20.11	20.27	20.00	20.21	2411371	48395428.00
2023/02/08	20.23	20.90	20.13	20.72	6614398	136131216.00
2023/02/09	20.52	20.70	20.35	20.63	4032335	82907704.00
2023/02/10	20.63	20.79	20.52	20.75	3735865	77147008.00
2023/02/13	20.79	20.87	20.57	20.69	3153161	65154340.00
2023/02/14	20.61	20.65	20.27	20.40	3419162	69996216.00
2023/02/15	20.36	20.40	20.16	20.20	2256492	45657432.00
2023/02/16	20.21	20.27	19.60	19.67	3679070	73533424.00
2023/02/17	19.65	19.92	19.60	19.77	2159436	42628608.00
2023/02/20	19.80	19.94	19.15	19.50	3148467	60995224.00
2023/02/21	19.50	19.57	19.40	19.54	1757312	34232800.00
2023/02/22	19.42	19.56	19.32	19.50	1384882	26942154.00
2023/02/23	19.50	19.67	19.43	19.50	1822442	35582420.00
2023/02/24	19.48	19.55	19.20	19.47	1402747	27195198.00
2023/02/27	19.40	20.16	19.33	20.05	4851583	96562632.00
2023/02/28	20.30	20.30	19.72	19.88	2948966	58641692.00
2023/03/01	19.89	19.92	19.72	19.82	2015149	39831920.00
2023/03/02	19.82	19.83	19.54	19.55	1890500	37181452.00
2023/03/03	19.53	19.53	19.28	19.44	1723746	33416350.00
2023/03/06	19.43	19.53	19.32	19.42	1288414	24972662.00
2023/03/07	19.47	19.76	19.30	19.35	2157779	42078532.00
2023/03/08	19.20	19.32	18.71	18.86	2902857	54759736.00
2023/03/09	18.85	18.88	18.55	18.60	1960167	36573648.00
2023/03/10	18.51	18.55	18.05	18.17	2383658	43411288.00
2023/03/13	18.29	18.40	18.01	18.19	1537583	27931346.00
2023/03/14	18.26	18.26	17.44	17.65	2310021	40943916.00
2023/03/15	17.65	17.92	17.65	17.78	1326077	23598306.00
2023/03/16	17.68	18.67	17.39	18.00	3724004	67235184.00
2023/03/17	17.93	17.93	17.56	17.62	2451504	43402228.00
2023/03/20	17.55	17.58	17.02	17.10	2109723	36243672.00
2023/03/21	17.10	17.45	17.02	17.34	1708735	29440252.00
2023/03/22	17.35	17.45	17.21	17.25	1315052	22756370.00
2023/03/23	17.22	17.22	17.05	17.12	1301027	22258528.00
2023/03/24	17.16	17.28	17.09	17.15	1051734	18062356.00
2023/03/27	17.15	17.25	17.02	17.24	1292282	22123738.00
2023/03/28	17.25	17.72	17.24	17.54	3257215	57119896.00
2023/03/29	17.44	17.44	17.04	17.07	2070809	35503160.00
2023/03/30	17.02	17.10	16.58	16.59	2272276	38097752.00
2023/03/31	16.69	16.90	16.36	16.78	1369176	22886332.00
2023/04/03	16.85	16.93	16.67	16.88	1634611	27462328.00
2023/04/04	17.05	17.05	16.46	16.55	1925887	32100146.00
2023/04/06	16.54	16.63	16.38	16.41	1210995	19933326.00
2023/04/07	16.41	16.85	16.41	16.73	1858715	30960766.00
2023/04/10	16.73	17.00	16.53	16.70	2014768	33685580.00
2023/04/11	16.70	16.74	16.18	16.35	1890142	30970766.00
2023/04/12	16.40	16.52	16.29	16.49	1033780	16971016.00
2023/04/13	16.46	16.56	16.19	16.20	1464729	23913586.00
2023/04/14	16.27	16.37	16.03	16.21	1354063	21880278.00
2023/04/17	16.20	16.51	16.16	16.40	1637928	26819728.00
2023/04/18	16.48	16.48	16.02	16.06	1632812	26401078.00
2023/04/19	16.06	16.07	15.72	15.75	1529568	24166218.00
2023/04/20	15.74	15.74	15.07	15.39	2571938	39384688.00
2023/04/21	15.45	15.51	14.96	15.01	1580477	23982424.00
2023/04/24	15.00	15.30	14.80	15.18	1440282	21734924.00
2023/04/25	15.23	15.24	14.51	14.80	1767449	26116788.00
2023/04/26	14.75	15.29	14.73	15.17	1717985	25966502.00
2023/04/27	15.23	15.45	15.18	15.32	1656857	25449548.00
2023/04/28	15.34	15.54	15.32	15.52	1327552	20511344.00
2023/05/05	15.79	15.79	15.79	15.79	0	0.00
数据来源:通达信
