003001 中岩大地 日线 不复权
      日期	    开盘	    最高	    最低	    收盘	    成交量	    成交额
2020/10/13	36.19	43.43	36.19	43.43	175512	7587604.00
2020/10/14	47.77	47.77	44.01	47.77	10902237	508904224.00
2020/10/15	46.44	46.80	43.04	43.09	8126836	362670688.00
2020/10/16	41.02	43.89	40.11	41.94	5761341	239760240.00
2020/10/19	41.13	41.80	39.25	39.45	4755371	191779232.00
2020/10/20	38.80	39.19	38.27	39.12	3401723	131528352.00
2020/10/21	38.99	40.25	38.63	40.12	3562230	140736608.00
2020/10/22	39.53	39.75	38.66	38.68	2562511	100144216.00
2020/10/23	38.93	38.95	37.31	37.40	2644083	100931592.00
2020/10/26	37.01	37.75	36.93	37.62	1768637	65997996.00
2020/10/27	37.41	37.87	37.23	37.56	1322037	49516620.00
2020/10/28	37.56	37.68	36.60	37.28	1808875	67055416.00
2020/10/29	36.51	36.95	36.50	36.55	1625163	59641472.00
2020/10/30	36.51	37.29	36.31	36.39	1818527	66850036.00
2020/11/02	36.24	36.58	34.36	34.90	2600879	91182648.00
2020/11/03	34.95	35.75	34.79	35.45	1616017	57008984.00
2020/11/04	35.50	35.99	35.30	35.58	1448834	51626124.00
2020/11/05	35.58	36.24	35.58	36.12	1430509	51481268.00
2020/11/06	35.92	36.07	35.27	35.44	1499561	53243292.00
2020/11/09	35.55	37.00	35.55	36.94	2457384	89903288.00
2020/11/10	36.96	37.85	36.25	36.94	2055245	76105832.00
2020/11/11	36.91	37.96	36.61	37.65	2982846	111744232.00
2020/11/12	37.31	37.60	36.45	37.08	1863848	68785464.00
2020/11/13	36.67	36.87	36.32	36.77	1084434	39639736.00
2020/11/16	36.77	38.80	36.38	38.80	3809551	144809776.00
2020/11/17	38.60	38.99	37.90	38.70	2858874	109966824.00
2020/11/18	38.45	40.49	38.06	40.06	4325370	169537152.00
2020/11/19	39.97	40.40	38.33	38.46	3814172	149610896.00
2020/11/20	38.13	38.60	37.42	37.85	2644230	100112632.00
2020/11/23	37.85	37.87	37.16	37.71	1418959	53273744.00
2020/11/24	37.58	37.80	37.22	37.41	1355537	50669272.00
2020/11/25	37.50	37.83	36.65	37.34	2104588	78490224.00
2020/11/26	37.25	37.59	36.82	37.06	1163763	43293944.00
2020/11/27	36.97	37.90	36.70	37.80	1883782	70244648.00
2020/11/30	37.90	39.80	37.89	39.24	4555781	177387248.00
2020/12/01	38.92	38.93	38.10	38.14	3623564	139041184.00
2020/12/02	38.10	39.50	37.50	38.73	3669689	142015040.00
2020/12/03	38.59	40.19	37.97	38.20	2406770	92843736.00
2020/12/04	38.02	38.19	37.27	37.29	1948002	73178272.00
2020/12/07	37.20	37.24	36.51	36.52	1577303	58110232.00
2020/12/08	36.50	36.76	36.25	36.30	984322	35906064.00
2020/12/09	36.30	36.50	35.80	35.82	806580	29191052.00
2020/12/10	35.66	36.42	35.66	35.92	765905	27578716.00
2020/12/11	35.92	35.92	34.85	35.19	1162967	40968800.00
2020/12/14	35.12	35.34	34.82	35.05	644960	22629964.00
2020/12/15	35.15	35.15	34.59	34.72	980272	34159468.00
2020/12/16	34.76	35.12	34.50	34.78	733758	25533524.00
2020/12/17	34.77	34.77	33.81	34.43	996541	34117984.00
2020/12/18	34.43	34.47	33.46	33.49	1020518	34595272.00
2020/12/21	33.46	33.47	32.83	33.13	823214	27232418.00
2020/12/22	33.12	33.43	32.39	32.39	999223	32879934.00
2020/12/23	32.29	32.53	31.11	31.45	1518577	48102896.00
2020/12/24	31.55	31.86	30.30	30.42	1166069	36092020.00
2020/12/25	30.52	31.07	30.40	30.89	841510	25887724.00
2020/12/28	30.82	31.22	30.18	30.21	820680	25137440.00
2020/12/29	30.08	30.47	30.02	30.30	744963	22507074.00
2020/12/30	30.30	31.13	30.10	30.79	770161	23624754.00
2020/12/31	30.84	31.21	30.68	30.89	731033	22611750.00
2021/01/04	30.78	31.48	30.77	31.23	788778	24623920.00
2021/01/05	31.23	31.38	30.75	30.93	852942	26386188.00
2021/01/06	30.93	31.00	30.26	30.33	748125	22831600.00
2021/01/07	30.38	30.44	28.68	28.70	1281076	37572172.00
2021/01/08	28.68	29.09	27.62	28.80	803448	22873484.00
2021/01/11	28.90	28.98	27.90	27.90	632078	17917532.00
2021/01/12	27.91	28.49	27.81	28.23	583259	16387352.00
2021/01/13	28.13	28.31	27.04	27.12	896311	24571172.00
2021/01/14	27.10	27.74	26.69	27.45	756867	20648176.00
2021/01/15	27.45	28.96	27.17	28.70	1124571	31959434.00
2021/01/18	28.35	29.21	28.35	28.93	846673	24482036.00
2021/01/19	28.52	29.63	28.52	29.05	850995	24865488.00
2021/01/20	29.05	29.19	28.55	28.78	553818	15945293.00
2021/01/21	28.66	29.00	28.60	28.64	570260	16390463.00
2021/01/22	28.49	29.00	27.81	28.56	836396	23726512.00
2021/01/25	28.55	28.57	27.75	27.84	621374	17404706.00
2021/01/26	27.84	28.99	27.73	28.86	1058847	30334082.00
2021/01/27	28.70	29.57	28.30	29.50	1241486	36048964.00
2021/01/28	29.13	29.85	28.37	28.41	1014956	29572482.00
2021/01/29	28.70	28.78	27.82	28.18	666712	18761736.00
2021/02/01	27.90	29.38	27.90	28.86	713039	20429452.00
2021/02/02	28.90	29.60	28.51	29.18	997424	29110138.00
2021/02/03	28.88	29.10	28.52	28.56	727915	20903520.00
2021/02/04	28.23	28.66	27.52	27.82	674316	18827522.00
2021/02/05	27.74	29.48	27.74	28.78	1183170	34136260.00
2021/02/08	28.50	29.39	28.40	29.02	797989	23091650.00
2021/02/09	28.69	29.19	28.43	29.05	761115	21924338.00
2021/02/10	28.98	30.15	28.80	30.13	1586064	46999552.00
2021/02/18	30.35	30.75	29.91	30.54	1480754	44787976.00
2021/02/19	30.35	30.95	30.21	30.75	1233083	37724872.00
2021/02/22	30.63	31.42	30.38	30.38	1631748	50142372.00
2021/02/23	30.00	30.00	29.22	29.36	1335050	39436724.00
2021/02/24	29.36	29.60	29.25	29.39	670860	19725528.00
2021/02/25	29.50	29.78	29.05	29.17	675133	19851674.00
2021/02/26	28.97	29.48	28.50	29.31	636866	18543854.00
2021/03/01	29.60	29.69	29.36	29.65	659070	19482596.00
2021/03/02	29.60	29.79	28.82	29.03	924293	26967070.00
2021/03/03	28.83	29.18	28.77	29.15	510099	14790859.00
2021/03/04	29.10	29.32	28.96	29.14	539593	15729866.00
2021/03/05	29.14	29.30	28.88	29.30	497078	14491791.00
2021/03/08	29.50	29.95	29.36	29.78	1074203	31889694.00
2021/03/09	29.70	29.70	28.15	28.66	892767	25818740.00
2021/03/10	28.60	28.80	27.90	28.16	633700	17963844.00
2021/03/11	28.00	28.45	28.00	28.41	322807	9145296.00
2021/03/12	28.41	28.60	28.22	28.45	324607	9223941.00
2021/03/15	28.34	28.59	28.20	28.29	359577	10183794.00
2021/03/16	28.30	28.87	28.25	28.72	506154	14472298.00
2021/03/17	28.66	29.68	28.61	29.33	858974	25142114.00
2021/03/18	29.31	29.40	29.05	29.28	600696	17549492.00
2021/03/19	29.28	30.39	29.01	30.30	1845585	55372704.00
2021/03/22	30.20	31.28	29.97	30.66	1912610	58706964.00
2021/03/23	30.85	33.73	30.23	32.10	4165323	134313872.00
2021/03/24	30.90	32.50	30.61	31.37	2926248	91310112.00
2021/03/25	30.96	31.37	30.34	30.35	1446351	44262516.00
2021/03/26	30.81	31.56	30.30	31.50	1643925	51018336.00
2021/03/29	32.00	32.66	31.48	31.51	1861489	59391452.00
2021/03/30	31.80	34.66	31.52	34.66	4252182	144759344.00
2021/03/31	37.30	38.13	37.00	38.13	3185528	120328408.00
2021/04/01	41.94	41.94	41.94	41.94	2062537	86502800.00
2021/04/02	41.00	46.13	39.44	46.13	15028515	652507008.00
2021/04/06	44.05	50.74	44.04	50.74	12955168	618354048.00
2021/04/07	53.00	55.81	46.02	55.81	15492831	837554880.00
2021/04/08	56.50	61.39	50.23	60.80	17029117	966844544.00
2021/04/09	54.72	54.72	54.72	54.72	1380500	75540960.00
2021/04/12	50.05	57.80	49.25	49.25	13871555	724583744.00
2021/04/13	46.14	51.09	44.51	46.44	14703568	696861504.00
2021/04/14	45.60	46.84	42.45	43.15	12047333	529837376.00
2021/04/15	42.98	43.26	40.38	41.00	9799688	408106784.00
2021/04/16	40.90	41.96	39.58	41.10	9991598	406154976.00
2021/04/19	41.00	41.88	40.18	40.77	7949729	326072192.00
2021/04/20	40.48	41.65	39.62	40.06	7497514	304603488.00
2021/04/21	39.50	39.53	38.52	38.85	5748330	224213664.00
2021/04/22	39.09	39.88	38.80	39.73	5988332	236028464.00
2021/04/23	39.60	39.60	37.00	37.25	6884734	261378272.00
2021/04/26	37.25	37.79	36.78	36.87	3546473	132113864.00
2021/04/27	36.55	37.50	36.25	37.30	3757990	138702672.00
2021/04/28	37.00	38.32	36.86	37.55	4083088	153709120.00
2021/04/29	36.85	37.98	36.80	37.00	3439673	128813800.00
2021/04/30	36.79	37.00	35.52	36.43	4149079	150115760.00
2021/05/06	36.35	37.20	36.12	37.20	3045602	111904768.00
2021/05/07	37.10	37.25	36.00	36.25	2817583	102696320.00
2021/05/10	36.29	36.88	36.05	36.85	2482752	90777928.00
2021/05/11	36.63	38.10	36.41	37.93	4467519	167674016.00
2021/05/12	37.95	38.77	37.12	38.33	4099454	155294192.00
2021/05/13	37.50	38.00	36.63	36.70	3387919	126171952.00
2021/05/14	28.07	28.35	27.50	28.02	2969357	83008544.00
2021/05/17	27.61	27.81	26.78	27.43	4258488	115867336.00
2021/05/18	27.16	29.19	27.15	28.46	5557425	157229056.00
2021/05/19	28.46	28.88	28.07	28.48	3977542	113057128.00
2021/05/20	28.61	29.25	27.95	29.19	5167198	148746832.00
2021/05/21	29.36	29.46	28.29	28.39	4376352	125471992.00
2021/05/24	28.58	29.09	28.30	28.89	3448174	99194392.00
2021/05/25	28.85	30.05	28.03	29.28	7060633	205433744.00
2021/05/26	29.11	30.31	28.72	30.25	7693641	228822944.00
2021/05/27	30.55	30.57	29.50	29.52	6479659	193497632.00
2021/05/28	29.02	29.95	28.50	28.54	5312585	154735168.00
2021/05/31	28.13	29.06	27.91	28.72	3882913	110783088.00
2021/06/01	28.91	28.91	27.95	28.12	3555499	100212384.00
2021/06/02	28.01	30.93	27.76	30.93	11689490	350213408.00
2021/06/03	31.00	32.08	29.88	29.88	14834058	460490784.00
2021/06/04	29.51	29.58	28.28	28.41	8081079	232487904.00
2021/06/07	28.13	28.85	27.85	28.62	4340225	123373544.00
2021/06/08	28.50	28.51	27.90	28.12	3509134	98724456.00
2021/06/09	28.22	28.23	27.21	27.21	4000280	110449784.00
2021/06/10	27.05	27.38	26.50	26.51	4135979	110738768.00
2021/06/11	26.75	26.80	26.38	26.52	2301258	61176748.00
2021/06/15	26.48	26.48	25.00	25.00	3429997	87433056.00
2021/06/16	24.90	25.70	24.86	25.06	2122485	53735352.00
2021/06/17	25.07	25.35	24.78	25.28	1616840	40724104.00
2021/06/18	25.46	25.66	25.01	25.52	1927099	48852760.00
2021/06/21	25.30	25.88	25.30	25.54	1544938	39488672.00
2021/06/22	25.50	26.25	25.42	25.91	2334316	60411488.00
2021/06/23	25.93	26.17	25.33	25.56	2190804	55978532.00
2021/06/24	25.40	25.53	25.01	25.01	1662794	41783152.00
2021/06/25	25.00	25.46	24.86	25.18	1471805	37164152.00
2021/06/28	25.15	26.18	25.15	25.89	2783642	71483808.00
2021/06/29	25.60	25.83	25.15	25.21	1641865	41658856.00
2021/06/30	25.03	25.37	25.03	25.20	912073	22985418.00
2021/07/01	25.20	25.39	24.68	24.69	1872769	46932364.00
2021/07/02	24.53	24.64	23.71	23.82	2194186	52701432.00
2021/07/05	23.56	24.08	23.56	24.01	996121	23816032.00
2021/07/06	24.10	24.24	23.79	24.07	1103307	26495970.00
2021/07/07	24.08	24.67	23.88	24.38	1361939	33208034.00
2021/07/08	24.48	24.50	23.73	23.79	1534837	36870624.00
2021/07/09	23.90	24.28	23.60	24.16	1033717	24866436.00
2021/07/12	24.26	24.51	24.22	24.28	1156524	28139394.00
2021/07/13	24.26	24.76	24.17	24.59	1629315	39966748.00
2021/07/14	24.59	24.60	24.01	24.02	1333062	32296170.00
2021/07/15	24.14	24.18	23.63	23.67	1237134	29357240.00
2021/07/16	23.78	23.85	23.58	23.62	830279	19681230.00
2021/07/19	23.51	23.55	22.81	22.88	1602549	36833360.00
2021/07/20	22.80	23.80	22.69	23.27	1526714	35308308.00
2021/07/21	23.28	23.49	23.18	23.26	1081738	25189014.00
2021/07/22	23.26	23.44	23.00	23.31	880186	20483490.00
2021/07/23	23.35	23.44	22.42	22.53	1598998	36349060.00
2021/07/26	22.53	22.65	21.52	21.76	1446828	31737566.00
2021/07/27	21.77	22.10	21.36	21.66	1315661	28518794.00
2021/07/28	21.80	21.80	20.58	20.86	1105510	23177904.00
2021/07/29	21.10	21.22	20.94	20.96	845458	17836120.00
2021/07/30	20.87	21.48	20.80	21.42	1209512	25696834.00
2021/08/02	21.65	22.10	21.12	21.88	1197964	26029202.00
2021/08/03	21.62	22.27	21.60	22.11	1004822	22191516.00
2021/08/04	22.10	22.24	21.83	22.15	967430	21338568.00
2021/08/05	22.09	22.11	21.55	21.64	1055704	23003266.00
2021/08/06	21.58	21.90	21.37	21.61	817690	17636404.00
2021/08/09	21.67	22.68	21.67	22.49	1761241	39196092.00
2021/08/10	22.10	22.88	22.10	22.51	1374179	30958196.00
2021/08/11	22.49	22.86	22.30	22.62	916600	20640202.00
2021/08/12	22.62	22.63	22.19	22.30	851394	19014324.00
2021/08/13	22.26	22.40	22.01	22.09	716428	15872894.00
2021/08/16	22.11	22.78	22.05	22.31	1266847	28471264.00
2021/08/17	22.31	23.54	22.22	22.48	2713505	62060976.00
2021/08/18	22.68	24.73	22.50	24.73	3130021	75250944.00
2021/08/19	25.99	26.66	24.80	25.04	11162820	287670304.00
2021/08/20	24.39	24.41	22.82	23.19	6123791	142769408.00
2021/08/23	23.01	23.36	22.44	23.16	3300739	76036360.00
2021/08/24	23.16	23.22	22.70	23.20	2725900	62606236.00
2021/08/25	23.10	24.16	23.10	23.93	3544351	84291024.00
2021/08/26	23.71	24.06	23.23	23.39	2161241	50878556.00
2021/08/27	23.00	23.58	21.75	23.39	3832005	87085488.00
2021/08/30	23.11	23.43	22.78	22.83	1820442	42094576.00
2021/08/31	22.98	23.89	22.98	23.32	2165099	50723264.00
2021/09/01	23.01	24.65	22.75	24.65	5667981	135649584.00
2021/09/02	24.50	24.76	23.90	24.20	3223528	78060440.00
2021/09/03	24.21	24.27	23.60	23.94	2267124	54051540.00
2021/09/06	23.87	24.55	23.70	24.50	2587607	62680492.00
2021/09/07	24.68	24.68	24.10	24.41	2157207	52465000.00
2021/09/08	24.25	24.41	24.02	24.15	1770063	42755288.00
2021/09/09	24.11	24.69	23.98	24.22	2693488	65624472.00
2021/09/10	24.10	24.34	23.28	23.30	2716021	64656172.00
2021/09/13	23.10	23.45	22.42	22.56	2293918	52218624.00
2021/09/14	22.56	22.77	22.29	22.39	1399696	31542996.00
2021/09/15	22.32	22.55	22.23	22.37	938088	20973566.00
2021/09/16	22.51	23.00	22.26	22.79	1849951	42061668.00
2021/09/17	22.56	22.75	21.98	22.18	1364561	30438682.00
2021/09/22	22.08	22.08	21.60	21.68	1035319	22487276.00
2021/09/23	21.70	21.95	21.62	21.83	807733	17590884.00
2021/09/24	21.94	21.94	21.35	21.40	888948	19203594.00
2021/09/27	21.40	21.41	20.69	20.88	771789	16167742.00
2021/09/28	20.89	21.13	20.85	20.92	447827	9389827.00
2021/09/29	20.90	22.81	20.73	21.63	1837099	40178940.00
2021/09/30	22.00	22.18	21.36	21.75	857657	18669320.00
2021/10/08	21.75	22.08	21.52	21.86	597297	13020509.00
2021/10/11	21.85	21.99	21.47	21.55	646485	13997673.00
2021/10/12	21.55	21.77	21.01	21.20	669945	14217570.00
2021/10/13	21.19	21.50	21.01	21.32	475949	10121478.00
2021/10/14	21.20	21.49	21.20	21.44	463502	9919399.00
2021/10/15	21.65	21.65	20.92	20.97	736700	15523026.00
2021/10/18	20.89	20.89	20.50	20.53	682332	14031910.00
2021/10/19	20.97	20.97	20.57	20.66	501281	10374065.00
2021/10/20	20.06	20.48	19.63	19.81	1424613	28269384.00
2021/10/21	19.76	19.98	19.66	19.72	539551	10664337.00
2021/10/22	19.71	19.85	19.60	19.75	477582	9411706.00
2021/10/25	19.67	19.87	19.63	19.77	474780	9378185.00
2021/10/26	19.73	19.87	19.63	19.70	463179	9139529.00
2021/10/27	19.70	19.77	18.51	18.60	1285499	24216776.00
2021/10/28	18.61	18.68	17.68	17.83	942355	16949604.00
2021/10/29	17.88	18.37	17.88	18.20	579103	10506071.00
2021/11/01	18.31	18.75	18.06	18.64	619686	11411822.00
2021/11/02	18.54	18.79	18.00	18.13	628473	11550075.00
2021/11/03	18.14	18.60	18.04	18.40	486385	8934250.00
2021/11/04	18.36	18.52	18.30	18.44	484301	8914566.00
2021/11/05	18.44	18.68	18.41	18.57	527625	9793433.00
2021/11/08	18.72	19.19	18.43	18.91	807093	15211187.00
2021/11/09	18.91	19.28	18.81	18.97	699801	13321135.00
2021/11/10	18.96	19.15	18.73	19.06	711193	13459492.00
2021/11/11	19.14	19.48	19.01	19.35	924919	17859862.00
2021/11/12	19.40	19.40	19.08	19.22	823663	15794792.00
2021/11/15	19.23	19.67	19.11	19.46	1307719	25371190.00
2021/11/16	19.46	19.54	19.08	19.25	1013768	19530802.00
2021/11/17	19.14	19.36	19.12	19.21	670125	12853389.00
2021/11/18	19.20	19.78	19.09	19.60	1701945	33096226.00
2021/11/19	19.47	19.64	19.31	19.57	751896	14623369.00
2021/11/22	19.57	19.59	19.40	19.52	546197	10631745.00
2021/11/23	19.45	19.76	19.42	19.60	1060674	20765816.00
2021/11/24	19.72	19.85	19.54	19.74	1001459	19728302.00
2021/11/25	19.64	19.84	19.51	19.70	671596	13219172.00
2021/11/26	19.68	19.68	19.22	19.22	785959	15235592.00
2021/11/29	18.98	19.30	18.81	19.13	599290	11411400.00
2021/11/30	19.12	19.54	19.03	19.41	589500	11428293.00
2021/12/01	19.47	19.75	19.32	19.72	971541	19071410.00
2021/12/02	19.68	19.93	19.58	19.78	950923	18814286.00
2021/12/03	19.64	19.98	19.60	19.88	829376	16421147.00
2021/12/06	19.86	19.86	19.33	19.35	917752	17967364.00
2021/12/07	19.64	19.95	19.29	19.95	1156266	22816812.00
2021/12/08	19.94	19.94	19.71	19.76	759611	15037277.00
2021/12/09	19.72	19.90	19.61	19.78	742481	14697992.00
2021/12/10	19.78	19.95	19.56	19.87	767478	15198409.00
2021/12/13	19.90	21.86	19.90	21.86	2141802	45965080.00
2021/12/14	21.67	21.67	21.00	21.00	4994434	105980936.00
2021/12/15	21.00	21.51	20.89	21.17	2902957	61666680.00
2021/12/16	21.17	21.45	20.87	21.38	2357467	50024280.00
2021/12/17	21.38	21.38	21.00	21.18	1333935	28139128.00
2021/12/20	21.20	21.45	20.85	21.08	1600875	33867144.00
2021/12/21	21.06	21.45	20.88	21.41	1758343	37460296.00
2021/12/22	21.38	21.47	21.03	21.19	1341575	28467006.00
2021/12/23	21.15	21.15	20.36	20.43	1831462	37633476.00
2021/12/24	20.52	20.77	20.11	20.58	1406034	28824488.00
2021/12/27	20.43	20.76	20.25	20.64	1072484	22033682.00
2021/12/28	20.79	20.79	20.40	20.67	852290	17579798.00
2021/12/29	20.67	20.82	20.26	20.26	1103770	22481240.00
2021/12/30	20.25	21.25	20.20	20.78	2034098	42353360.00
2021/12/31	20.78	20.97	20.56	20.57	1146769	23750278.00
2022/01/04	20.58	20.97	20.36	20.93	1008115	20980988.00
2022/01/05	21.03	21.08	20.59	20.70	819090	16981948.00
2022/01/06	20.58	21.33	20.58	21.17	1405375	29601448.00
2022/01/07	21.33	22.14	21.18	21.22	3091249	66976388.00
2022/01/10	21.30	21.78	21.11	21.76	2021076	43584600.00
2022/01/11	21.66	21.84	21.25	21.34	1575627	33902184.00
2022/01/12	21.46	21.73	21.32	21.54	1210692	26058546.00
2022/01/13	21.83	21.83	21.30	21.30	1021437	21881822.00
2022/01/14	21.30	21.50	20.82	20.84	1295084	27373162.00
2022/01/17	20.86	21.28	20.86	21.11	913009	19269994.00
2022/01/18	21.11	21.22	20.56	20.62	1176841	24408024.00
2022/01/19	20.62	22.68	20.62	22.68	3673911	82034480.00
2022/01/20	23.00	23.88	21.88	23.49	10851962	248940448.00
2022/01/21	22.31	22.99	22.12	22.14	4947371	111196272.00
2022/01/24	21.95	24.35	21.28	24.35	7930062	186375680.00
2022/01/25	23.86	26.01	22.83	23.43	12348684	297476480.00
2022/01/26	23.59	23.65	22.30	23.40	6546494	150350624.00
2022/01/27	23.40	25.74	22.58	23.45	9354546	226788064.00
2022/01/28	23.58	24.74	23.30	24.14	7362637	177488944.00
2022/02/07	24.21	26.55	24.21	26.55	2803455	72829592.00
2022/02/08	29.21	29.21	29.21	29.21	2156332	62986456.00
2022/02/09	30.76	32.13	29.32	29.94	24320566	751872064.00
2022/02/10	27.18	29.60	27.18	28.60	17753493	500785536.00
2022/02/11	27.30	29.90	26.50	28.28	16224546	459620096.00
2022/02/14	27.05	30.00	26.86	28.18	13978558	397329920.00
2022/02/15	28.32	28.39	25.36	25.36	12527542	326539456.00
2022/02/16	24.66	26.44	24.50	26.17	11860607	303698592.00
2022/02/17	26.17	27.50	25.50	25.70	11656751	308354080.00
2022/02/18	24.94	26.12	24.67	25.51	8217977	208401568.00
2022/02/21	25.26	26.20	25.26	25.88	7204019	186218304.00
2022/02/22	25.63	25.86	24.05	24.20	8804147	216759712.00
2022/02/23	24.46	24.49	23.54	23.72	6663633	158948208.00
2022/02/24	23.64	24.03	21.89	22.30	8320615	191270816.00
2022/02/25	22.50	23.27	22.50	22.70	5339323	122399264.00
2022/02/28	22.80	22.99	21.97	22.17	3836846	85121552.00
2022/03/01	22.17	22.41	22.05	22.27	2914630	64806224.00
2022/03/02	22.24	22.30	21.98	22.19	2664763	58976056.00
2022/03/03	22.27	22.39	21.58	21.71	3946938	86312472.00
2022/03/04	21.85	21.85	21.05	21.14	2975994	63476800.00
2022/03/07	21.13	21.50	20.90	20.99	2930110	62071788.00
2022/03/08	21.19	21.19	20.20	20.36	2873009	59257204.00
2022/03/09	20.37	20.53	19.06	19.97	3491180	69477000.00
2022/03/10	20.21	20.80	20.00	20.54	4036297	82175152.00
2022/03/11	20.20	20.29	19.51	20.18	3319703	65991368.00
2022/03/14	19.91	20.13	19.51	19.51	2116089	41831724.00
2022/03/15	19.30	19.90	18.51	18.51	3349870	64290928.00
2022/03/16	18.75	19.08	18.13	18.98	2880523	54112352.00
2022/03/17	19.04	19.65	19.04	19.35	3168593	61481168.00
2022/03/18	19.30	20.10	19.22	19.92	3826782	75743840.00
2022/03/21	20.13	21.46	19.89	20.79	7840322	161465728.00
2022/03/22	20.64	20.66	20.01	20.20	5624917	114017424.00
2022/03/23	20.22	20.81	20.01	20.23	2989983	60635200.00
2022/03/24	20.05	20.32	19.86	20.00	2684879	53801520.00
2022/03/25	20.01	20.70	19.82	20.18	3779382	76387936.00
2022/03/28	20.01	20.17	19.57	19.87	2435500	48303328.00
2022/03/29	20.32	20.32	19.13	19.17	2782103	54207700.00
2022/03/30	19.50	19.70	19.23	19.55	2742632	53385112.00
2022/03/31	19.58	20.18	19.46	19.68	2863496	56832068.00
2022/04/01	19.55	19.59	18.73	18.74	3815600	72549320.00
2022/04/06	18.66	19.43	18.64	19.41	3087145	59210700.00
2022/04/07	19.22	19.68	18.85	19.25	2651393	50940596.00
2022/04/08	19.48	21.18	19.27	21.18	3424631	70810080.00
2022/04/11	23.28	23.30	21.76	21.90	18568660	423791520.00
2022/04/12	20.97	21.50	19.71	21.20	12422299	254010496.00
2022/04/13	20.64	20.70	19.28	19.42	10124122	200442512.00
2022/04/14	19.20	19.80	18.90	19.58	6133255	118787744.00
2022/04/15	19.41	19.41	17.91	18.01	6500577	120425496.00
2022/04/18	17.83	18.08	17.22	17.82	3489338	61779616.00
2022/04/19	17.97	18.50	17.69	18.40	3111026	56701136.00
2022/04/20	18.50	19.61	18.49	18.69	5267564	99941856.00
2022/04/21	18.50	18.78	17.66	17.71	3660026	66351168.00
2022/04/22	17.70	18.05	17.31	17.42	3147808	55469380.00
2022/04/25	17.16	18.04	16.50	16.80	4863144	84203304.00
2022/04/26	16.69	17.64	16.03	17.25	5260492	88847480.00
2022/04/27	17.50	17.88	16.80	17.60	5846538	101679136.00
2022/04/28	17.00	17.44	16.21	16.72	4887833	82546352.00
2022/04/29	16.45	17.39	16.35	17.11	4582256	78073952.00
2022/05/05	17.20	17.70	17.03	17.34	3660021	63548176.00
2022/05/06	16.92	17.14	16.73	16.78	2425586	41015312.00
2022/05/09	16.98	17.66	16.81	17.49	3448778	60064460.00
2022/05/10	17.49	18.29	17.22	18.29	5315122	95369128.00
2022/05/11	18.29	18.55	17.89	17.91	5158607	93852616.00
2022/05/12	17.80	18.53	17.70	18.24	3342882	60734044.00
2022/05/13	18.27	18.30	17.88	18.04	2440476	44010620.00
2022/05/16	18.10	18.17	17.78	17.87	2278800	40904820.00
2022/05/17	17.89	17.97	17.12	17.29	3336711	57896068.00
2022/05/18	17.60	17.78	17.16	17.20	2851496	49693548.00
2022/05/19	16.96	18.08	16.86	18.00	4172803	72986256.00
2022/05/20	18.16	19.80	17.99	19.80	2329200	45050744.00
2022/05/23	19.80	19.96	18.72	19.75	11224734	218683488.00
2022/05/24	19.64	20.06	19.22	19.67	8385023	164082608.00
2022/05/25	19.52	21.42	19.50	21.42	9869559	209298544.00
2022/05/26	21.38	21.48	19.90	19.90	16088310	332045536.00
2022/05/27	19.30	19.38	18.15	18.41	11509052	216041936.00
2022/05/30	18.40	18.54	17.72	17.97	5983271	107547704.00
2022/05/31	17.93	17.97	17.43	17.88	4291248	75887480.00
2022/06/01	17.81	18.14	17.67	17.98	4392099	78794792.00
2022/06/02	17.98	17.99	17.40	17.85	3785305	66909488.00
2022/06/06	17.79	18.07	17.63	18.00	3105711	55568960.00
2022/06/07	18.07	18.09	17.55	17.91	3192506	56759896.00
2022/06/08	17.92	18.03	17.45	17.65	3137242	55641252.00
2022/06/09	17.64	17.88	17.48	17.66	2788322	49363196.00
2022/06/10	17.60	17.72	17.49	17.67	2183639	38425436.00
2022/06/13	17.50	17.65	17.30	17.35	2461543	42869864.00
2022/06/14	17.31	17.48	17.00	17.39	2335132	40135336.00
2022/06/15	17.42	17.76	17.36	17.48	2885299	50658732.00
2022/06/16	17.52	17.87	17.43	17.73	2425183	42795452.00
2022/06/17	17.54	17.63	17.39	17.55	1914640	33534564.00
2022/06/20	17.55	17.80	17.49	17.71	2004014	35428904.00
2022/06/21	17.70	17.89	17.44	17.61	2232872	39502336.00
2022/06/22	17.61	17.74	17.30	17.35	2146152	37580808.00
2022/06/23	17.37	17.48	17.11	17.43	1739685	30100748.00
2022/06/24	17.50	18.18	17.37	17.99	3901079	69447104.00
2022/06/27	17.99	18.07	17.85	17.90	2156534	38610784.00
2022/06/28	17.88	18.48	17.73	18.25	3040624	55039340.00
2022/06/29	18.20	18.87	18.06	18.64	5710431	105936208.00
2022/06/30	18.57	18.57	18.26	18.42	3129299	57526684.00
2022/07/01	18.39	18.39	18.03	18.08	2359669	42828636.00
2022/07/04	18.08	18.15	17.76	18.04	1757220	31528858.00
2022/07/05	18.05	19.19	17.93	18.63	5056545	93780408.00
2022/07/06	18.36	18.48	17.91	18.16	2719008	49448228.00
2022/07/07	18.13	18.30	17.96	17.99	1607730	29111064.00
2022/07/08	18.00	18.38	17.99	18.17	1546190	28074506.00
2022/07/11	18.12	18.12	17.66	17.77	1880600	33565512.00
2022/07/12	17.72	18.28	17.52	17.93	2388029	42682516.00
2022/07/13	17.82	18.35	17.82	18.18	2646975	48118916.00
2022/07/14	18.07	18.18	17.87	17.93	1968089	35372508.00
2022/07/15	17.59	17.59	16.14	16.14	5979695	98220648.00
2022/07/18	15.89	16.37	15.77	16.30	2213254	35973060.00
2022/07/19	16.39	17.48	16.30	16.94	3884847	65321048.00
2022/07/20	16.98	17.32	16.78	16.87	1748674	29540054.00
2022/07/21	16.87	17.03	16.51	16.52	1863718	31104944.00
2022/07/22	16.53	16.87	16.51	16.65	1478859	24618438.00
2022/07/25	16.60	16.86	16.55	16.55	1477023	24627416.00
2022/07/26	16.49	16.67	16.30	16.67	1263351	20819552.00
2022/07/27	16.67	16.78	16.58	16.77	994785	16590653.00
2022/07/28	16.75	16.92	16.75	16.85	1547329	26059090.00
2022/07/29	16.84	16.89	16.62	16.70	1139655	19039180.00
2022/08/01	16.69	16.79	16.56	16.63	1052938	17543404.00
2022/08/02	16.60	16.60	15.55	15.68	2732405	43272960.00
2022/08/03	15.55	15.98	15.55	15.59	1813682	28625462.00
2022/08/04	15.87	15.93	15.62	15.90	1258518	19898432.00
2022/08/05	15.90	16.00	15.79	15.98	1121071	17829530.00
2022/08/08	15.97	16.15	15.86	16.13	1154978	18554146.00
2022/08/09	16.13	16.40	15.99	16.21	956200	15502285.00
2022/08/10	16.15	16.39	16.02	16.26	1303186	21144164.00
2022/08/11	16.26	17.31	16.23	16.95	4340696	72763672.00
2022/08/12	16.73	18.20	16.60	17.25	5267871	91059136.00
2022/08/15	17.08	17.51	16.76	17.13	4054526	69003104.00
2022/08/16	17.48	17.48	16.96	17.25	2919694	50140328.00
2022/08/17	17.40	17.86	16.98	17.00	3783995	65473528.00
2022/08/18	16.96	17.00	16.73	16.73	1697130	28530738.00
2022/08/19	16.80	16.97	16.64	16.71	1465619	24590544.00
2022/08/22	16.70	16.76	16.50	16.74	987945	16447551.00
2022/08/23	16.70	16.71	16.55	16.62	989361	16443287.00
2022/08/24	16.62	16.68	16.17	16.20	1484165	24308046.00
2022/08/25	16.20	16.39	15.93	16.16	1460933	23534828.00
2022/08/26	16.22	16.24	15.87	15.88	1115007	17876494.00
2022/08/29	15.64	16.10	15.46	16.01	1167255	18501520.00
2022/08/30	16.09	16.20	16.02	16.10	1011891	16309009.00
2022/08/31	16.09	16.09	15.70	15.73	1039104	16440953.00
2022/09/01	15.73	16.45	15.73	16.40	3081905	49940444.00
2022/09/02	16.25	16.85	16.25	16.51	2833429	47019068.00
2022/09/05	16.50	16.90	16.35	16.55	1570216	26003342.00
2022/09/06	16.55	16.80	16.43	16.63	1391175	23114614.00
2022/09/07	16.64	17.16	16.51	16.75	3091749	52174536.00
2022/09/08	16.75	16.83	16.46	16.50	1346614	22327812.00
2022/09/09	16.56	17.09	16.41	16.51	2321830	38672360.00
2022/09/13	16.50	16.62	16.31	16.36	1419762	23305722.00
2022/09/14	16.16	18.00	16.06	17.25	9173585	158575968.00
2022/09/15	17.02	17.49	16.83	17.29	5694916	97405856.00
2022/09/16	17.05	17.57	16.60	16.60	5999391	103062168.00
2022/09/19	16.99	17.20	16.01	16.49	5158796	86749768.00
2022/09/20	16.45	17.13	16.40	16.69	3795254	63612692.00
2022/09/21	16.50	17.15	16.14	16.98	5186785	86544448.00
2022/09/22	16.88	17.65	16.78	16.99	4359372	74969704.00
2022/09/23	17.11	17.55	16.62	16.65	3654785	62118260.00
2022/09/26	16.37	16.50	15.32	15.51	4019237	64016720.00
2022/09/27	15.52	16.39	15.50	16.30	5067934	80921536.00
2022/09/28	16.42	16.57	15.82	15.82	2782333	44997452.00
2022/09/29	15.99	16.11	15.25	15.37	3347178	52588000.00
2022/09/30	15.80	15.80	14.88	14.90	2239424	34170324.00
2022/10/10	14.88	15.48	14.71	14.86	2436379	36771960.00
2022/10/11	14.90	15.20	14.76	15.09	1494929	22421370.00
2022/10/12	15.05	15.26	14.79	15.25	2263100	34110088.00
2022/10/13	15.15	15.85	15.12	15.51	2674667	41376284.00
2022/10/14	15.83	15.88	15.46	15.46	2432026	37936244.00
2022/10/17	15.40	15.82	15.40	15.70	1667255	26096396.00
2022/10/18	15.70	15.81	15.59	15.62	1258019	19676374.00
2022/10/19	15.88	16.00	15.56	16.00	3395611	53507332.00
2022/10/20	16.00	16.00	15.59	15.71	2625500	41330356.00
2022/10/21	15.79	17.28	15.72	17.28	7556696	129159680.00
2022/10/24	17.03	18.00	16.68	17.05	11477135	197125680.00
2022/10/25	16.00	16.70	15.70	16.50	6549042	106209616.00
2022/10/26	16.45	16.79	16.16	16.72	5963400	98185640.00
2022/10/27	16.51	17.23	16.27	16.47	6530145	109064888.00
2022/10/28	16.31	16.32	14.93	15.01	5765989	89959768.00
2022/10/31	14.77	15.48	14.65	15.20	3217939	48680592.00
2022/11/01	15.38	16.48	15.37	15.94	5874032	93011160.00
2022/11/02	16.10	16.57	15.94	16.20	4458256	71920568.00
2022/11/03	15.96	16.85	15.96	16.38	3549765	57906924.00
2022/11/04	16.48	16.48	16.20	16.25	2855238	46430304.00
2022/11/07	16.30	16.65	16.22	16.58	2882505	47506956.00
2022/11/08	16.46	16.87	16.34	16.50	2495249	41380928.00
2022/11/09	16.51	16.85	16.51	16.58	2238047	37271192.00
2022/11/10	16.47	16.77	16.45	16.47	2393132	39746280.00
2022/11/11	16.69	17.22	16.54	16.80	3689095	62256368.00
2022/11/14	16.88	17.08	16.56	16.68	2981948	50155860.00
2022/11/15	16.56	16.75	16.46	16.67	2219420	36923796.00
2022/11/16	16.68	16.75	16.41	16.48	1838711	30434252.00
2022/11/17	16.40	16.47	16.18	16.35	1847910	30153278.00
2022/11/18	16.42	16.44	15.98	16.03	2238379	36190712.00
2022/11/21	16.00	16.11	15.82	16.02	1384609	22144594.00
2022/11/22	16.09	16.57	16.00	16.19	2853645	46406172.00
2022/11/23	16.16	16.58	16.05	16.47	3948264	64786296.00
2022/11/24	16.42	16.70	16.23	16.27	3217409	53018016.00
2022/11/25	16.28	16.45	16.11	16.36	1677397	27382484.00
2022/11/28	16.10	16.20	15.82	15.90	1985740	31702038.00
2022/11/29	16.01	16.83	16.01	16.60	3746112	61823412.00
2022/11/30	16.93	16.93	16.36	16.50	2195962	36351768.00
2022/12/01	16.60	16.71	16.41	16.58	1518312	25196884.00
2022/12/02	16.55	16.65	16.48	16.60	1435385	23764348.00
2022/12/05	16.62	16.90	16.54	16.84	2180288	36567920.00
2022/12/06	16.80	16.92	16.38	16.43	1907571	31558184.00
2022/12/07	16.44	16.44	16.14	16.24	1630326	26494490.00
2022/12/08	16.22	16.41	16.08	16.25	1274694	20715240.00
2022/12/09	16.25	16.40	15.95	15.96	1680511	27016986.00
2022/12/12	15.96	15.96	15.62	15.74	1643233	25903522.00
2022/12/13	15.81	15.93	15.57	15.60	1533593	24049884.00
2022/12/14	15.55	15.66	15.44	15.50	1363837	21227588.00
2022/12/15	15.50	15.76	15.42	15.62	1330079	20803388.00
2022/12/16	15.59	15.78	15.45	15.55	1258015	19623130.00
2022/12/19	15.56	15.56	15.03	15.07	1526028	23168316.00
2022/12/20	15.14	15.23	14.92	15.21	813998	12312515.00
2022/12/21	15.31	15.31	15.00	15.09	698922	10551895.00
2022/12/22	15.29	15.29	14.77	14.78	1326033	19876924.00
2022/12/23	14.71	15.16	14.70	15.09	1647826	24694428.00
2022/12/26	14.97	15.20	14.88	15.09	983578	14787278.00
2022/12/27	15.10	15.35	15.00	15.11	1481609	22486318.00
2022/12/28	15.10	15.11	14.78	14.85	1464564	21808318.00
2022/12/29	14.75	14.90	14.70	14.71	887399	13116290.00
2022/12/30	14.87	14.89	14.70	14.80	691833	10242738.00
2023/01/03	14.75	15.07	14.69	15.02	1238687	18502264.00
2023/01/04	15.15	15.17	14.93	15.13	1162007	17545408.00
2023/01/05	15.18	15.27	15.05	15.12	800948	12112860.00
2023/01/06	15.13	15.26	15.08	15.13	846300	12840731.00
2023/01/09	15.16	15.35	15.13	15.24	931859	14185522.00
2023/01/10	15.23	15.24	15.05	15.08	837800	12655451.00
2023/01/11	15.08	15.20	15.01	15.01	796709	12025675.00
2023/01/12	15.07	15.09	14.86	14.91	793078	11862229.00
2023/01/13	15.02	15.02	14.87	14.97	564812	8424933.00
2023/01/16	14.97	15.15	14.78	15.14	866107	13041598.00
2023/01/17	15.14	15.21	15.04	15.07	578041	8736093.00
2023/01/18	15.20	15.20	15.06	15.14	754997	11438252.00
2023/01/19	15.14	15.34	15.14	15.26	1277722	19500904.00
2023/01/20	15.29	15.39	15.24	15.34	836380	12822616.00
2023/01/30	15.49	15.54	15.40	15.43	1151108	17783780.00
2023/01/31	15.40	15.71	15.37	15.65	1627060	25294896.00
2023/02/01	15.65	16.06	15.60	15.97	2376365	37761612.00
2023/02/02	15.97	16.12	15.86	15.99	1478835	23584502.00
2023/02/03	15.90	16.19	15.76	15.94	1438452	22879332.00
2023/02/06	15.94	16.08	15.77	16.00	1476048	23567748.00
2023/02/07	15.99	16.17	15.92	16.13	1260249	20256116.00
2023/02/08	16.19	16.19	16.02	16.04	1049385	16887462.00
2023/02/09	16.04	16.17	15.93	16.15	1066334	17190026.00
2023/02/10	16.15	16.31	16.12	16.30	1361839	22115438.00
2023/02/13	16.29	16.58	16.16	16.36	1628000	26621668.00
2023/02/14	16.40	16.50	16.23	16.31	1178654	19247382.00
2023/02/15	16.39	16.44	16.24	16.37	1108741	18116306.00
2023/02/16	16.41	16.84	15.90	16.10	3587395	58956408.00
2023/02/17	16.19	16.48	16.08	16.35	2804752	45635456.00
2023/02/20	16.27	16.72	16.27	16.52	1965300	32465376.00
2023/02/21	16.50	17.25	16.44	16.98	4556953	76918032.00
2023/02/22	16.82	17.25	16.73	17.09	3688028	62643328.00
2023/02/23	17.08	17.17	16.57	16.63	3255474	54581216.00
2023/02/24	16.75	16.80	16.47	16.58	1829978	30303530.00
2023/02/27	16.50	16.56	16.13	16.17	1702130	27787492.00
2023/02/28	16.30	16.50	16.12	16.34	1423215	23235836.00
2023/03/01	16.26	17.15	16.25	16.93	3635635	60990908.00
2023/03/02	16.97	17.49	16.79	17.21	3943823	67758136.00
2023/03/03	17.16	17.60	17.06	17.23	2735534	47331964.00
2023/03/06	17.34	17.50	17.11	17.20	1946800	33613744.00
2023/03/07	17.12	17.92	17.11	17.11	4461325	77870128.00
2023/03/08	17.08	17.43	16.80	17.40	3046282	52650928.00
2023/03/09	17.34	17.76	17.09	17.58	2913356	50865048.00
2023/03/10	17.44	17.54	17.21	17.22	1670940	28972780.00
2023/03/13	17.50	18.94	17.49	18.94	4422400	82007616.00
2023/03/14	20.83	20.83	20.83	20.83	7770366	161856720.00
2023/03/15	20.84	22.38	19.79	20.84	27050212	565497088.00
2023/03/16	19.64	19.84	18.76	18.76	21342370	410684128.00
2023/03/17	18.25	18.98	18.25	18.60	14917656	277627904.00
2023/03/20	18.71	19.38	17.85	17.89	14941197	278254048.00
2023/03/21	18.09	18.50	17.77	18.22	10715109	194241584.00
2023/03/22	18.22	18.49	17.79	17.94	9291656	167538928.00
2023/03/23	17.81	17.84	17.18	17.46	7988350	138994960.00
2023/03/24	17.46	17.50	16.93	17.00	6681117	114405432.00
2023/03/27	17.01	17.14	16.83	17.07	4158164	70616464.00
2023/03/28	17.10	17.14	16.61	16.68	4215400	70986480.00
2023/03/29	16.80	16.85	16.36	16.48	3803403	62823468.00
2023/03/30	16.74	16.78	16.22	16.28	3662929	59981680.00
2023/03/31	16.22	16.36	16.22	16.29	2544588	41415760.00
2023/04/03	16.29	16.40	16.25	16.34	2918528	47658168.00
2023/04/04	16.36	16.37	16.03	16.07	3633048	58705944.00
2023/04/06	16.04	16.17	15.83	15.88	2784055	44324264.00
2023/04/07	15.87	15.94	15.81	15.82	2118603	33628564.00
2023/04/10	15.90	15.98	15.48	15.50	2827009	44283384.00
2023/04/11	15.47	15.62	15.37	15.61	2107644	32705310.00
2023/04/12	15.61	15.69	15.56	15.64	1551963	24264196.00
2023/04/13	15.57	15.90	15.48	15.80	2993574	47105148.00
2023/04/14	15.73	16.10	15.66	16.00	3281775	52202516.00
2023/04/17	15.94	16.44	15.87	16.24	4710754	76379984.00
2023/04/18	16.12	16.19	15.70	15.72	3434110	54340812.00
2023/04/19	15.68	15.76	15.46	15.47	2255470	35096092.00
2023/04/20	15.42	15.56	15.13	15.26	1882640	28698588.00
2023/04/21	15.26	15.33	14.71	14.80	2805004	41984976.00
2023/04/24	14.72	15.73	14.46	15.32	4424293	67080428.00
2023/04/25	15.28	15.44	14.73	14.88	2706455	40648944.00
2023/04/26	14.79	15.09	14.79	15.05	1289374	19322294.00
2023/04/27	14.95	15.20	14.90	14.90	1311974	19732454.00
2023/04/28	15.00	15.57	14.98	15.48	2192240	33618356.00
2023/05/05	15.88	15.88	15.88	15.88	0	0.00
数据来源:通达信
