301377 鼎泰高科 日线 不复权
      日期	    开盘	    最高	    最低	    收盘	    成交量	    成交额
2022/11/22	26.00	33.80	26.00	33.78	28045080	784973696.00
2022/11/23	29.25	32.71	28.44	29.27	22208265	672447104.00
2022/11/24	28.01	29.20	27.07	27.61	17684282	492034784.00
2022/11/25	27.09	27.44	25.30	25.45	14861436	390315232.00
2022/11/28	24.73	24.88	24.10	24.45	10307931	251798848.00
2022/11/29	24.51	24.88	24.30	24.55	8874021	218040144.00
2022/11/30	24.49	24.49	23.53	23.60	10001551	238008800.00
2022/12/01	23.80	24.27	23.60	23.87	7764470	185960832.00
2022/12/02	23.65	24.10	23.65	23.97	5620696	134300976.00
2022/12/05	23.97	24.55	23.72	24.32	7575735	183369664.00
2022/12/06	24.33	24.33	23.69	23.82	7111885	169861856.00
2022/12/07	23.68	24.20	23.52	24.20	6863342	163815728.00
2022/12/08	24.08	24.49	23.97	24.38	7384677	179404048.00
2022/12/09	24.48	24.49	23.69	23.74	6846266	163649088.00
2022/12/12	23.60	23.63	22.86	23.10	6085047	140955632.00
2022/12/13	23.24	23.24	22.72	22.82	3967840	90986104.00
2022/12/14	22.95	23.35	22.90	22.98	3735381	86081056.00
2022/12/15	22.92	23.49	22.73	23.29	4028210	93406840.00
2022/12/16	23.10	23.10	22.01	22.04	5783274	129688752.00
2022/12/19	22.08	22.16	21.12	21.30	3931815	84928352.00
2022/12/20	21.39	21.52	21.08	21.51	2152415	45933484.00
2022/12/21	21.65	21.77	20.80	20.97	2923864	61806772.00
2022/12/22	20.85	21.06	20.04	20.09	3232313	66055216.00
2022/12/23	20.00	20.11	19.50	19.74	2927087	57903304.00
2022/12/26	19.74	20.42	19.74	20.22	2629986	52781512.00
2022/12/27	20.28	20.38	19.87	20.10	2497630	50114328.00
2022/12/28	20.03	20.03	19.59	19.60	2023982	40012608.00
2022/12/29	19.73	20.09	19.50	19.78	2120772	42001684.00
2022/12/30	19.98	19.98	19.58	19.67	1916346	37774596.00
2023/01/03	19.67	20.31	19.60	20.22	2558864	51307872.00
2023/01/04	20.10	20.47	20.00	20.20	2570517	51948080.00
2023/01/05	20.20	20.34	19.98	20.30	2175816	43902200.00
2023/01/06	20.36	21.49	20.21	21.45	7741174	162041232.00
2023/01/09	21.56	23.37	21.56	22.64	9971802	225682608.00
2023/01/10	22.35	22.93	21.89	22.38	6241488	139173552.00
2023/01/11	22.37	23.30	22.06	22.60	6560103	150093968.00
2023/01/12	22.62	22.95	21.70	21.85	4699541	103757600.00
2023/01/13	21.80	22.99	21.76	22.18	4979276	111446672.00
2023/01/16	22.38	23.18	22.00	22.83	5005939	113327688.00
2023/01/17	23.05	24.18	22.90	24.00	8676148	205447952.00
2023/01/18	23.91	24.06	23.02	23.13	6364552	148769760.00
2023/01/19	23.00	23.60	22.89	23.19	3542976	82561808.00
2023/01/20	23.19	23.80	22.91	23.01	3188969	74187608.00
2023/01/30	23.31	23.49	22.84	22.91	3199543	73847768.00
2023/01/31	22.93	23.88	22.71	23.59	5088391	119461384.00
2023/02/01	23.55	23.79	23.30	23.77	3305790	78031656.00
2023/02/02	23.76	24.08	23.38	24.00	4521597	107122792.00
2023/02/03	23.87	23.95	22.95	23.35	4876045	113784520.00
2023/02/06	23.11	23.50	23.00	23.35	2237712	51981160.00
2023/02/07	23.55	24.30	23.55	24.04	5803456	139193984.00
2023/02/08	23.80	23.97	23.45	23.57	3103452	73310712.00
2023/02/09	23.27	23.71	23.27	23.70	2517090	59247632.00
2023/02/10	23.80	24.10	23.61	24.00	4022739	96143600.00
2023/02/13	24.04	25.35	24.04	25.06	8665872	215860528.00
2023/02/14	25.30	26.38	24.61	26.04	8420921	214847520.00
2023/02/15	25.82	26.28	25.35	25.52	4884918	125491344.00
2023/02/16	25.47	25.50	23.80	24.08	6021198	148621168.00
2023/02/17	24.27	24.39	23.24	23.24	3337050	79173984.00
2023/02/20	23.12	23.57	22.96	23.38	2285871	53187276.00
2023/02/21	23.31	23.65	22.86	23.09	2425005	56365852.00
2023/02/22	23.03	23.48	23.02	23.48	2065918	48201312.00
2023/02/23	23.70	23.80	22.86	22.95	3338625	77217000.00
2023/02/24	23.08	23.11	22.37	22.55	2790810	63050672.00
2023/02/27	22.45	22.48	22.05	22.11	1970426	43782124.00
2023/02/28	22.05	22.54	22.05	22.42	1668800	37314644.00
2023/03/01	22.50	22.63	22.08	22.54	1739721	38976884.00
2023/03/02	22.58	22.72	22.26	22.33	2000590	44969656.00
2023/03/03	22.40	22.61	22.20	22.48	1315689	29480142.00
2023/03/06	22.46	22.48	22.15	22.31	1051083	23419376.00
2023/03/07	22.39	22.39	21.25	21.26	3035600	65850280.00
2023/03/08	21.15	21.68	21.15	21.66	1531074	32739836.00
2023/03/09	21.76	22.70	21.41	22.39	3572088	79390736.00
2023/03/10	22.15	22.90	21.88	22.37	3202472	71501144.00
2023/03/13	22.31	22.44	21.81	21.89	1882243	41468944.00
2023/03/14	21.99	21.99	21.20	21.56	1972643	42351464.00
2023/03/15	21.70	22.09	21.51	21.59	1274200	27741482.00
2023/03/16	21.50	21.65	21.21	21.26	1050020	22470902.00
2023/03/17	21.59	21.59	21.28	21.39	1078890	23123600.00
2023/03/20	21.42	21.97	21.15	21.74	1697415	36704504.00
2023/03/21	21.72	21.95	21.62	21.90	1153209	25195600.00
2023/03/22	21.84	22.47	21.84	22.39	2364219	52678428.00
2023/03/23	22.40	22.82	22.26	22.56	2912536	65684448.00
2023/03/24	22.60	22.74	22.18	22.27	2046279	45729172.00
2023/03/27	22.27	22.38	21.94	22.08	1355517	29997942.00
2023/03/28	22.50	22.66	21.73	21.76	1494900	32965854.00
2023/03/29	21.66	22.00	21.63	21.65	1296844	28233374.00
2023/03/30	21.68	21.71	21.15	21.22	1958502	41704764.00
2023/03/31	21.30	21.43	21.16	21.27	1294500	27531314.00
2023/04/03	21.29	21.55	21.25	21.43	1394682	29835586.00
2023/04/04	21.43	21.43	20.40	20.60	3433056	71377048.00
2023/04/06	20.57	21.26	20.33	21.25	1980575	41584416.00
2023/04/07	21.35	23.13	21.33	22.78	7708271	173917456.00
2023/04/10	22.58	22.80	22.24	22.40	3546397	79594056.00
2023/04/11	22.28	22.59	21.85	22.05	2065325	45783600.00
2023/04/12	22.10	22.78	22.05	22.66	2858082	64170708.00
2023/04/13	22.65	22.68	21.98	22.01	2483233	55153440.00
2023/04/14	22.35	22.94	21.88	22.87	4252046	96124392.00
2023/04/17	22.48	22.80	22.12	22.35	2752800	61576908.00
2023/04/18	22.25	22.30	21.50	21.85	2520749	55103328.00
2023/04/19	21.73	22.20	21.72	21.92	1435000	31484812.00
2023/04/20	21.86	21.97	21.31	21.46	1858419	39968680.00
2023/04/21	21.55	21.56	20.50	20.57	2059303	42979840.00
2023/04/24	20.72	20.89	19.86	19.94	1848547	37133040.00
2023/04/25	20.06	20.06	17.11	17.73	5857051	106145680.00
2023/04/26	17.72	18.35	17.59	17.97	2291702	41404416.00
2023/04/27	18.17	19.19	18.13	18.55	2888875	54085480.00
2023/04/28	18.50	18.97	18.50	18.97	1536068	28914396.00
2023/05/05	18.75	18.75	18.75	18.75	0	0.00
数据来源:通达信
