300472 新元科技 日线 不复权
      日期	    开盘	    最高	    最低	    收盘	    成交量	    成交额
2015/06/11	13.67	16.40	13.67	16.40	5501	88369.04
2015/06/12	18.04	18.04	18.04	18.04	500	9020.00
2015/06/15	19.84	19.84	19.84	19.84	2100	41664.00
2015/06/16	21.82	21.82	21.82	21.82	2600	56732.00
2015/06/17	24.00	24.00	24.00	24.00	4500	108000.00
2015/06/18	26.40	26.40	26.40	26.40	1000	26400.00
2015/06/19	29.04	29.04	29.04	29.04	31923	927043.94
2015/06/23	31.94	31.94	31.94	31.94	7400	236356.00
2015/06/24	35.13	35.13	35.13	35.13	4200	147546.00
2015/06/25	38.64	38.64	38.64	38.64	3900	150696.00
2015/06/26	42.50	42.50	42.50	42.50	534715	22725388.00
2015/06/29	46.75	46.75	38.25	42.00	9434298	399901088.00
2015/06/30	39.00	46.20	39.00	46.19	7939756	340422272.00
2015/07/01	44.05	50.81	43.98	47.21	8243786	395568192.00
2015/07/02	46.00	48.80	42.49	42.49	5579744	247985600.00
2015/07/03	39.35	44.28	38.24	38.24	4062284	162387024.00
2015/07/06	42.06	42.06	35.00	38.01	5082088	202729296.00
2015/07/07	35.50	36.87	34.21	34.21	1536307	53782500.00
2015/07/08	30.79	32.33	30.79	30.79	3313240	102533320.00
2015/07/09	30.13	33.87	30.08	33.87	2563732	85113232.00
2015/07/10	37.17	37.26	36.30	37.26	860492	31999248.00
2015/07/13	40.99	40.99	40.04	40.99	2048894	83937584.00
2015/07/14	44.57	45.09	42.95	45.09	3433997	152835152.00
2015/07/15	45.01	45.01	40.58	40.58	2623649	109250168.00
2015/07/16	36.52	42.30	36.52	39.00	3166351	123071920.00
2015/07/17	39.60	42.79	38.00	42.15	3150294	128042920.00
2015/07/20	41.00	43.65	40.44	42.00	2532679	105817824.00
2015/07/21	40.82	46.19	40.50	45.36	2587179	113120384.00
2015/07/22	45.15	49.88	43.61	48.62	3076617	140689616.00
2015/07/23	48.57	53.48	47.12	53.48	3436894	176112272.00
2015/07/24	57.00	58.60	50.88	51.50	4684395	256693536.00
2015/07/27	51.49	55.82	46.35	46.35	4145024	213611088.00
2015/07/28	44.00	48.80	41.72	45.40	2814607	124770720.00
2015/07/29	46.25	49.94	41.00	49.94	3596516	164635616.00
2015/07/30	48.30	53.66	47.00	47.30	3990524	200824320.00
2015/07/31	45.06	51.38	45.06	48.50	3998239	192049408.00
2015/08/03	48.30	52.38	46.98	52.12	4543381	226142384.00
2015/08/04	51.80	55.74	48.50	54.94	6118772	320136320.00
2015/08/05	54.50	60.43	52.22	60.43	6483789	375223584.00
2015/08/06	58.27	59.65	54.39	54.39	5988598	333138496.00
2015/08/07	52.12	54.96	52.12	52.88	3271622	174481776.00
2015/08/10	53.51	55.13	52.20	54.26	2531219	137000912.00
2015/08/11	54.35	58.10	53.50	56.40	3545327	199553008.00
2015/08/12	56.50	56.63	50.77	51.93	3238538	172812912.00
2015/08/13	51.05	53.39	50.79	52.44	1747296	90743776.00
2015/08/14	53.10	53.17	51.58	51.89	1575217	82353472.00
2015/08/17	51.50	52.08	47.96	48.02	2156307	105722232.00
2015/08/18	47.86	49.63	43.36	43.61	1670833	78666024.00
2015/08/19	42.76	45.64	40.60	44.97	1792983	77780856.00
2015/08/20	44.00	46.00	42.84	42.90	1150184	50720976.00
2015/08/21	42.00	43.29	40.20	40.42	1243840	52036184.00
2015/08/24	38.90	39.89	36.38	36.38	1414897	52246384.00
2015/08/25	32.90	38.18	32.74	33.43	2951527	100563792.00
2015/08/26	34.21	36.77	33.00	36.50	3635958	129933360.00
2015/08/27	37.01	39.00	34.51	39.00	2941016	107535448.00
2015/08/28	38.00	41.14	37.60	41.00	2637491	103518368.00
2015/08/31	40.10	41.05	38.33	38.80	2011394	79866448.00
2015/09/01	38.70	38.70	34.92	34.92	1663026	60046020.00
2015/09/02	31.82	36.16	31.50	31.70	2227933	73905448.00
2015/09/07	32.23	34.60	31.91	32.98	1652799	54714936.00
2015/09/08	32.00	36.28	32.00	36.28	1728330	59518676.00
2015/09/09	36.20	38.69	35.80	38.60	2405589	90594976.00
2015/09/10	37.47	38.48	36.60	37.00	1314564	49406124.00
2015/09/11	36.52	37.97	36.30	37.45	1062244	39633264.00
2015/09/14	38.00	38.00	33.71	33.71	1089297	38223216.00
2015/09/15	31.38	33.30	30.34	30.34	1923304	60004452.00
2015/09/16	31.28	33.37	30.20	33.37	2782779	88340480.00
2015/09/17	30.03	34.55	30.03	32.03	3731831	120744608.00
2015/09/18	31.98	34.50	31.88	34.10	2360974	77001984.00
2015/09/21	33.48	37.46	32.93	37.40	3497912	123874368.00
2015/09/22	37.70	38.61	36.50	37.97	4056731	153035776.00
2015/09/23	37.22	39.43	37.01	38.22	3597429	137248112.00
2015/09/24	38.80	38.80	36.58	36.93	2781065	104913424.00
2015/09/25	36.80	37.09	33.89	34.49	2488516	88374344.00
2015/09/28	34.41	36.60	34.41	36.58	1648357	58934560.00
2015/09/29	36.03	36.43	34.70	35.15	1541156	54852360.00
2015/09/30	35.80	35.87	34.90	35.81	1071154	38112408.00
2015/10/08	37.40	37.96	36.60	37.54	1887056	70515704.00
2015/10/09	37.54	38.34	37.17	38.07	1541953	58405168.00
2015/10/12	38.34	41.80	38.32	41.76	2381852	95920144.00
2015/10/13	41.66	43.49	40.60	42.97	3000728	126615352.00
2015/10/14	42.88	43.73	41.13	41.69	2473543	104590408.00
2015/10/15	41.70	44.79	41.00	43.95	3237772	140192848.00
2015/10/16	44.00	45.86	43.35	45.50	3373624	150628992.00
2015/10/19	45.88	47.38	44.20	46.30	3509963	160569648.00
2015/10/20	46.01	47.89	45.10	47.00	3300005	154717904.00
2015/10/21	47.00	47.00	42.30	42.30	3389299	150406912.00
2015/10/22	42.00	43.97	40.71	43.50	3002774	127336920.00
2015/10/23	43.60	45.59	43.01	44.42	2714997	120790800.00
2015/10/26	45.00	45.00	43.00	43.89	2395223	104406152.00
2015/10/27	43.30	43.90	41.05	43.31	1630317	69341568.00
2015/10/28	43.40	43.97	42.75	43.30	1726530	74878376.00
2015/10/29	44.00	44.40	43.00	43.98	1485310	64986072.00
2015/10/30	43.98	45.18	42.31	44.30	1574557	69412184.00
2015/11/02	43.50	48.30	42.50	45.78	2829471	130772304.00
2015/11/03	45.60	47.50	44.95	46.72	2442079	113055616.00
2015/11/04	47.01	48.57	46.80	48.55	2709027	129645984.00
2015/11/05	48.15	49.80	47.60	48.52	2757060	133746288.00
2015/11/06	48.01	51.43	48.01	50.80	2440072	121952728.00
2015/11/09	51.00	54.90	50.18	52.88	3023002	159662480.00
2015/11/10	52.00	55.86	51.80	54.92	2702779	145765552.00
2015/11/11	54.53	60.41	54.53	60.41	4453861	260485104.00
2015/11/12	63.00	66.45	60.47	66.45	5084939	324000480.00
2015/11/13	65.28	66.45	59.81	59.81	5014391	309178112.00
2015/11/16	57.00	62.42	56.56	61.01	3138566	188633008.00
2015/11/17	61.66	62.95	57.81	58.10	2974319	181725312.00
2015/11/18	58.11	58.11	53.90	54.30	2645508	148380864.00
2015/11/19	55.00	58.87	54.59	58.45	2082037	118110032.00
2015/11/20	58.77	59.96	57.10	58.90	1884604	110368976.00
2015/11/23	58.40	58.80	54.66	55.17	1653267	94239416.00
2015/11/24	55.83	60.69	55.64	60.69	3827970	221377424.00
2015/11/25	61.59	61.70	58.89	59.67	3020352	180884176.00
2015/11/26	59.68	62.50	58.53	59.11	2616211	158147792.00
2015/11/27	58.40	60.60	56.22	57.30	2367328	138988688.00
2015/11/30	57.10	62.87	57.00	61.89	2983602	178176304.00
2015/12/01	61.18	62.95	57.70	59.28	2828325	172299984.00
2015/12/02	58.88	61.60	54.00	59.81	2433099	141240720.00
2015/12/03	60.03	65.79	60.01	65.79	3716034	240269344.00
2015/12/04	66.12	69.51	63.18	66.60	4154814	274089600.00
2015/12/07	66.60	67.86	64.28	66.18	2449557	161651488.00
2015/12/08	65.55	72.80	65.02	71.58	4494656	313626848.00
2015/12/09	69.51	69.90	64.80	65.44	3396739	227703856.00
2015/12/10	65.32	65.99	61.80	62.18	1858259	117778024.00
2015/12/11	62.11	63.47	60.00	60.85	1459755	90742384.00
2015/12/14	59.03	63.59	58.98	63.50	1231209	75583112.00
2015/12/15	62.99	64.00	61.20	62.33	1078142	67800976.00
2015/12/16	63.43	65.00	62.56	63.15	1326290	84803848.00
2015/12/17	63.98	66.80	63.53	66.51	1989202	129542496.00
2015/12/18	66.00	66.97	63.97	64.39	1317301	85927600.00
2015/12/21	64.39	65.55	63.00	65.39	1095497	70382096.00
2015/12/22	65.39	66.66	64.78	65.67	942111	61792112.00
2015/12/23	65.65	68.00	65.02	66.05	1612144	107477832.00
2015/12/24	66.07	69.00	65.55	68.68	1836026	124172128.00
2015/12/25	69.00	69.15	65.70	67.00	1579911	106778224.00
2015/12/28	66.80	67.00	62.78	62.80	1382955	89484760.00
2015/12/29	62.80	63.79	62.22	63.10	952195	59854740.00
2015/12/30	63.30	63.77	62.46	62.59	1016367	63918044.00
2015/12/31	62.00	62.00	58.20	58.20	1870732	111385432.00
2016/01/04	58.20	58.50	52.38	52.38	897232	49175660.00
2016/01/05	50.02	53.88	49.00	52.20	1409370	72878136.00
2016/01/06	52.22	55.00	52.00	54.52	1288750	69008304.00
2016/01/07	53.22	54.19	49.07	49.07	384800	19480052.00
2016/01/08	49.80	51.50	46.50	49.20	1133182	56452248.00
2016/01/11	47.81	49.96	44.34	44.35	1144320	54365004.00
2016/01/12	44.42	45.98	44.00	45.30	784904	35388312.00
2016/01/13	45.80	46.33	42.58	42.61	720751	32257840.00
2016/01/14	41.01	45.35	40.30	44.89	991963	42825752.00
2016/01/15	44.50	45.00	41.07	41.90	833675	36263844.00
2016/01/18	41.00	44.79	40.80	44.20	1146743	49636312.00
2016/01/19	43.51	46.00	43.51	45.72	944105	42373124.00
2016/01/20	45.75	47.95	45.48	47.72	1469701	68333360.00
2016/01/21	46.52	48.36	45.30	45.30	1264733	59382156.00
2016/01/22	45.60	46.98	44.14	46.70	955720	43924588.00
2016/01/25	47.38	47.72	46.58	47.08	736117	34722732.00
2016/01/26	46.05	46.81	42.53	43.50	931845	41688960.00
2016/01/27	43.49	43.78	40.28	42.70	887909	37319968.00
2016/01/28	41.85	42.25	38.80	38.80	867588	35452996.00
2016/01/29	39.00	41.13	38.52	40.35	730475	29259432.00
2016/02/01	40.03	40.80	38.88	40.28	491058	19778186.00
2016/02/02	40.28	42.47	40.14	42.28	655913	27524246.00
2016/02/03	41.51	42.26	41.01	41.92	459929	19088398.00
2016/02/04	42.26	43.88	41.99	43.40	735943	31766798.00
2016/02/05	43.41	44.50	43.00	44.19	696250	30377032.00
2016/02/15	42.80	44.77	42.20	44.60	636971	27907522.00
2016/02/16	44.65	46.73	44.65	46.40	712317	32950206.00
2016/02/17	46.50	46.64	45.60	46.41	788083	36331836.00
2016/02/18	46.60	47.07	45.88	46.01	702939	32671718.00
2016/02/19	45.88	46.58	45.60	46.23	462056	21309284.00
2016/02/22	46.58	48.10	46.37	47.83	837875	39488948.00
2016/02/23	47.51	48.33	46.88	48.04	685762	32752014.00
2016/02/24	48.10	48.10	44.03	46.70	757212	35334040.00
2016/02/25	47.00	47.00	42.03	42.03	806819	35304440.00
2016/02/26	42.02	42.97	40.15	41.15	514884	21704644.00
2016/02/29	41.18	41.18	37.18	38.30	764868	29358000.00
2016/03/01	38.30	40.88	37.90	40.53	624683	24610960.00
2016/03/02	40.97	42.80	40.02	42.40	551486	22899522.00
2016/03/03	42.70	43.29	41.51	41.54	510849	21686282.00
2016/03/04	41.40	41.66	38.73	39.00	536516	21541774.00
2016/03/07	40.37	41.94	39.50	40.40	342889	13947305.00
2016/03/08	40.46	41.90	38.48	41.43	525809	21208292.00
2016/03/09	40.60	41.81	39.39	41.78	479829	19653906.00
2016/03/10	41.40	41.93	40.40	41.20	519879	21458948.00
2016/03/11	40.82	42.25	40.05	42.25	516781	21554660.00
2016/03/14	42.11	45.50	42.03	44.75	812585	36005716.00
2016/03/15	44.72	44.72	43.04	43.84	623352	27388794.00
2016/03/16	44.51	45.13	42.51	43.36	582840	25427428.00
2016/03/17	43.55	46.01	43.17	45.90	1037274	46617120.00
2016/03/18	44.84	47.19	44.40	46.15	1850957	84706664.00
2016/03/21	46.94	46.94	45.90	46.70	1275677	59319492.00
2016/03/22	46.70	47.50	46.35	46.92	1109020	52131112.00
2016/03/23	46.90	47.38	46.45	47.38	830950	39070120.00
2016/09/20	32.99	34.68	32.88	34.68	4908884	168299008.00
2016/09/21	34.78	37.22	34.59	35.66	7682946	274469664.00
2016/09/22	35.19	36.50	34.23	36.40	5757078	203147040.00
2016/09/23	35.91	36.26	33.89	33.95	6608470	232290496.00
2016/09/26	33.79	33.79	31.77	32.00	3637718	119503784.00
2016/09/27	31.98	31.98	30.30	31.17	3790057	117842920.00
2016/09/28	31.13	31.90	30.81	31.69	2585667	81436632.00
2016/09/29	31.80	32.60	31.62	32.39	2701120	86934096.00
2016/09/30	32.01	32.97	31.98	32.55	2106231	68583816.00
2016/10/10	32.60	33.88	32.30	33.69	2983109	98667744.00
2016/10/11	33.52	35.34	33.30	34.60	3630521	125966888.00
2016/10/12	34.34	35.18	34.09	34.80	2397063	83122648.00
2016/10/13	34.60	36.16	34.52	35.90	3697325	131685360.00
2016/10/14	35.60	35.85	34.86	35.53	2713605	95779504.00
2016/10/17	35.39	36.23	35.07	35.52	3119881	111585568.00
2016/10/18	35.65	35.88	35.17	35.78	1826540	64818844.00
2016/10/19	35.57	36.00	35.52	35.54	1676900	59908232.00
2016/10/20	35.35	35.84	35.16	35.50	2119630	75049960.00
2016/10/21	35.43	35.57	34.49	35.41	2146817	75275176.00
2016/10/24	35.48	35.86	35.20	35.79	1540194	54793788.00
2016/10/25	35.80	37.49	35.63	36.33	5952885	218324928.00
2016/10/26	36.00	36.17	35.38	35.54	2805557	100166200.00
2016/10/27	35.45	35.88	35.20	35.46	1252217	44455120.00
2016/10/28	35.50	35.63	34.72	35.00	1805323	63404712.00
2016/10/31	34.73	35.29	34.73	35.28	792959	27782340.00
2016/11/01	35.35	36.29	35.10	36.10	2276859	81715992.00
2016/11/02	36.11	36.28	35.65	35.65	1700500	61148768.00
2016/11/03	35.85	37.48	35.65	37.11	3797706	139826096.00
2016/11/04	37.11	37.88	36.70	37.66	3568738	133416848.00
2016/11/07	37.61	37.80	36.33	37.05	2905615	107517976.00
2016/11/08	37.05	38.29	36.87	38.00	2932499	110916880.00
2016/11/09	38.20	38.35	37.02	37.85	2679198	100946824.00
2016/11/10	37.85	38.97	37.85	38.95	3053613	118186208.00
2016/11/11	38.99	39.48	38.53	39.01	2289635	89010272.00
2016/11/14	39.25	40.50	38.82	39.47	3105563	123107408.00
2016/11/15	39.56	39.58	38.52	39.08	2105281	81909984.00
2016/11/16	39.39	39.40	38.48	38.55	1766231	68958984.00
2016/11/17	38.60	38.68	37.51	38.04	1508833	57204584.00
2016/11/18	38.06	39.12	38.01	38.70	1921098	74504888.00
2016/11/21	38.49	40.39	38.38	40.14	2867142	113684320.00
2016/11/22	40.17	40.99	39.75	40.94	2965135	120014216.00
2016/11/23	40.94	41.88	40.03	40.42	2864110	117909968.00
2016/11/24	40.63	41.77	40.00	40.82	2319749	95050664.00
2016/11/25	40.58	41.34	39.60	41.30	1923974	78186768.00
2016/11/28	41.77	42.16	41.03	41.24	1295176	53815808.00
2016/11/29	41.05	41.05	38.90	39.88	2101177	84105944.00
2016/11/30	39.48	40.96	39.48	40.10	1375745	55211388.00
2016/12/01	39.90	40.55	39.84	40.06	893858	35950684.00
2016/12/02	40.38	40.38	37.82	37.85	1430850	55607636.00
2016/12/05	37.50	38.27	37.06	37.40	1030663	38727096.00
2016/12/06	37.66	38.68	37.66	38.20	1192596	45770860.00
2016/12/07	38.20	41.30	38.20	40.89	2367306	94663936.00
2016/12/08	41.30	41.63	40.01	40.38	1486999	60505608.00
2016/12/09	40.18	40.90	38.53	38.99	1416578	56490332.00
2016/12/12	42.89	42.89	37.89	38.01	5888266	240814144.00
2016/12/13	35.18	36.30	34.21	35.34	4222226	147749680.00
2016/12/14	34.70	36.18	34.20	34.20	2154805	75775192.00
2016/12/15	33.70	35.50	33.58	34.37	1591898	54864504.00
2016/12/16	34.38	35.33	34.22	35.02	1146996	39929216.00
2016/12/19	34.90	35.79	34.81	35.10	1074362	37887352.00
2016/12/20	35.12	35.45	34.88	35.45	767846	27000922.00
2016/12/21	35.45	35.98	35.45	35.73	643904	23002142.00
2016/12/22	35.69	35.78	35.10	35.34	741761	26237760.00
2016/12/23	35.00	35.37	34.50	34.50	823412	28693908.00
2016/12/26	34.50	35.27	33.51	35.06	655278	22523184.00
2016/12/27	35.00	35.36	34.92	35.00	689977	24232488.00
2016/12/28	35.10	35.45	34.84	35.10	593996	20850738.00
2016/12/29	35.20	35.30	34.96	35.00	493205	17340694.00
2016/12/30	35.00	35.18	34.87	35.00	434146	15205381.00
2017/01/03	35.10	36.60	34.85	36.59	1453817	52356636.00
2017/01/04	36.59	36.94	36.10	36.67	1031071	37566548.00
2017/01/05	36.60	36.80	36.35	36.47	766197	28037620.00
2017/01/06	36.60	36.60	35.60	35.60	1168631	42182216.00
2017/01/09	35.35	36.31	35.33	35.80	751456	26960136.00
2017/01/10	36.23	36.28	35.55	35.55	945700	33925244.00
2017/01/11	35.56	35.90	34.69	34.69	796301	27972632.00
2017/01/12	34.57	34.78	33.70	33.90	1223330	41678720.00
2017/01/13	33.90	33.90	32.37	33.20	1184760	39074584.00
2017/01/16	32.71	33.07	30.43	31.08	1124497	35424708.00
2017/01/17	31.11	31.89	29.71	31.75	747281	23023194.00
2017/01/18	31.86	31.88	30.67	31.48	505929	15737834.00
2017/01/19	31.38	32.30	29.91	30.88	688381	21088870.00
2017/01/20	30.88	31.66	30.60	31.37	517530	16182169.00
2017/01/23	31.43	32.22	31.42	32.01	687122	22024066.00
2017/01/24	32.17	32.70	31.69	31.94	580411	18545310.00
2017/01/25	32.13	32.37	31.73	32.16	499840	16036618.00
2017/01/26	32.16	32.79	32.11	32.30	369750	11952746.00
2017/02/03	32.30	32.74	31.93	32.10	343500	11054015.00
2017/02/06	32.11	33.16	32.11	33.03	900544	29528640.00
2017/02/07	33.43	33.78	33.25	33.60	864333	29038058.00
2017/02/08	33.62	34.30	33.36	34.20	807203	27307066.00
2017/02/09	34.49	34.49	33.90	33.99	536617	18330860.00
2017/02/10	34.25	34.25	33.60	33.60	452746	15263339.00
2017/02/13	33.57	34.49	33.11	34.10	411272	13942543.00
2017/02/14	34.10	34.43	33.91	34.04	345363	11789585.00
2017/02/15	34.19	34.47	33.00	33.30	542730	18413684.00
2017/02/16	33.26	33.50	32.53	32.76	651239	21494104.00
2017/02/17	32.94	33.81	32.50	32.78	781783	26008608.00
2017/02/20	32.97	33.50	31.56	32.06	773591	24929122.00
2017/02/21	32.30	33.76	32.06	33.23	928846	30600752.00
2017/02/22	33.00	34.00	32.88	33.13	539926	17934170.00
2017/02/23	33.02	33.70	32.86	33.64	1149857	38178716.00
2017/02/24	33.63	34.38	33.12	33.95	880194	29736432.00
2017/02/27	33.95	34.16	33.25	33.45	695554	23476986.00
2017/02/28	33.45	33.45	33.02	33.15	440292	14622485.00
2017/03/01	33.20	33.75	33.00	33.65	738661	24743204.00
2017/03/02	33.71	33.95	33.01	33.06	553270	18460046.00
2017/03/03	32.95	34.12	32.67	33.95	922074	31033900.00
2017/03/06	33.90	35.24	33.90	35.19	1178377	41170196.00
2017/03/07	35.21	35.42	34.65	34.85	824285	28693986.00
2017/03/08	34.87	34.87	34.40	34.50	667886	23109080.00
2017/03/09	34.54	34.84	34.30	34.55	658918	22821176.00
2017/03/10	34.51	34.98	34.10	34.75	700534	24145548.00
2017/03/13	34.49	36.49	34.26	36.05	1693632	60292028.00
2017/03/14	35.86	36.99	35.72	35.79	1061356	38508912.00
2017/03/15	35.81	36.90	35.81	36.66	1319544	48142500.00
2017/03/16	36.70	37.26	36.26	36.76	1250065	46048404.00
2017/03/17	36.85	39.99	36.81	37.88	2606379	99936232.00
2017/06/23	34.07	34.07	34.07	34.07	147500	5025325.00
2017/06/26	30.66	30.66	30.66	30.66	207900	6374214.00
2017/06/27	28.52	30.66	28.40	29.20	4162487	121454968.00
2017/06/28	28.50	28.55	27.07	27.22	3014790	83732920.00
2017/06/29	27.30	27.87	27.05	27.19	1181520	32324700.00
2017/06/30	26.97	27.47	26.62	27.30	1115753	30113300.00
2017/07/03	27.20	27.45	26.96	27.09	837212	22731464.00
2017/07/04	27.10	27.80	27.10	27.63	1168367	32099060.00
2017/07/05	27.60	27.60	27.15	27.32	967137	26401820.00
2017/07/06	27.35	27.80	27.24	27.57	1099965	30258500.00
2017/07/07	27.70	27.75	27.43	27.60	819401	22627878.00
2017/07/10	27.60	27.60	26.50	26.70	991819	26788918.00
2017/07/11	26.33	26.69	25.12	25.44	1061407	27644632.00
2017/07/12	25.49	25.62	24.27	25.28	1062117	26509960.00
2017/07/13	25.40	25.40	24.67	24.71	776609	19276120.00
2017/07/14	24.76	25.35	24.30	25.00	750301	18601642.00
2017/07/17	24.62	24.62	22.50	22.76	1686077	38802768.00
2017/07/18	22.51	23.79	22.27	23.43	878436	20218412.00
2017/07/19	23.38	23.88	22.88	23.32	660186	15408675.00
2017/07/20	23.45	24.67	23.41	23.76	1376917	32962366.00
2017/07/21	23.31	23.97	23.19	23.25	686750	16170163.00
2017/07/24	23.00	23.76	23.00	23.48	512373	12016236.00
2017/07/25	23.45	23.95	23.45	23.71	610755	14462363.00
2017/07/26	23.75	23.92	23.30	23.41	410300	9702157.00
2017/07/27	23.60	24.35	23.12	24.25	1220804	29387374.00
2017/07/28	24.12	24.66	23.68	23.68	961007	23103876.00
2017/07/31	23.93	23.93	23.30	23.51	468700	11006043.00
2017/08/01	23.23	23.61	23.21	23.44	472650	11005516.00
2017/08/02	23.27	23.56	22.50	22.61	774589	17783336.00
2017/08/03	22.59	23.49	22.01	23.22	1014089	23299728.00
2017/08/04	23.22	23.40	22.81	22.83	574889	13251652.00
2017/08/07	22.68	23.32	22.68	23.20	549850	12731848.00
2017/08/08	23.28	23.34	22.68	23.29	566800	13026832.00
2017/08/09	23.48	23.48	22.82	22.94	541400	12479152.00
2017/08/10	22.94	23.11	21.91	22.00	1231850	27495842.00
2017/08/11	21.87	21.88	21.41	21.67	1001216	21672340.00
2017/08/14	21.65	22.18	21.55	22.10	614400	13510593.00
2017/08/15	22.75	23.99	22.50	23.45	2209925	51737064.00
2017/08/16	23.35	23.78	23.15	23.76	1280162	30130456.00
2017/08/17	23.78	23.90	23.51	23.69	975513	23127466.00
2017/08/18	23.31	23.74	23.31	23.65	557507	13136328.00
2017/08/21	23.66	24.96	23.62	24.96	1743144	42502300.00
2017/08/22	25.01	25.40	24.51	25.38	1318483	32907588.00
2017/08/23	25.38	26.79	25.20	26.41	2675789	70176384.00
2017/08/24	26.71	26.73	25.95	26.08	1714568	44990464.00
2017/08/25	26.11	26.36	25.82	26.03	927657	24147344.00
2017/08/28	26.20	26.59	25.42	26.30	1165833	30394778.00
2017/08/29	26.40	26.40	25.46	25.63	1182583	30543442.00
2017/08/30	25.63	25.79	25.00	25.32	877967	22263392.00
2017/08/31	25.61	26.23	25.35	26.04	1123614	29159156.00
2017/09/01	25.92	26.15	25.82	26.01	667481	17347820.00
2017/09/04	26.20	28.61	26.12	28.61	2150224	59846800.00
2017/09/05	28.23	29.97	28.03	28.73	2300724	66968300.00
2017/09/06	29.29	29.65	28.32	29.47	1703476	49250428.00
2017/09/07	28.89	29.25	28.58	28.71	1393926	40241004.00
2017/09/20	30.88	30.88	28.73	28.92	2396348	70653760.00
2017/09/21	28.87	28.88	26.82	26.86	2557170	70128736.00
2017/09/22	26.88	27.46	26.30	26.80	1325050	35677212.00
2017/09/25	26.86	27.74	26.86	27.14	976084	26776598.00
2017/09/26	27.19	27.54	26.51	26.60	798900	21576108.00
2017/09/27	26.51	27.17	26.47	26.99	564350	15189450.00
2017/09/28	27.13	27.63	26.76	26.78	529686	14296536.00
2017/09/29	26.88	27.26	26.80	27.02	413904	11181801.00
2017/10/09	27.38	27.60	26.90	27.15	511011	13839104.00
2017/10/10	27.15	27.92	27.03	27.88	726832	19906316.00
2017/10/11	27.88	28.18	27.58	27.85	696999	19382844.00
2017/10/12	27.98	27.98	26.61	27.12	468098	12836930.00
2017/10/13	27.01	27.43	27.01	27.28	402850	10988108.00
2017/10/16	26.93	27.55	25.32	25.32	885450	23293920.00
2017/10/17	25.32	25.88	24.60	25.60	597927	15151788.00
2017/10/18	25.61	28.16	25.61	26.78	1237074	33618052.00
2017/10/19	26.93	27.50	26.00	26.00	622750	16650274.00
2017/10/20	25.98	26.55	25.96	26.50	427500	11233724.00
2017/10/23	26.50	26.79	26.04	26.35	281250	7463208.50
2017/10/24	26.13	26.54	25.71	25.99	293204	7653568.50
2017/10/25	25.51	26.19	25.51	26.05	354100	9191857.00
2017/10/26	26.00	26.55	25.84	26.45	415926	10868836.00
2017/10/27	26.47	26.71	26.08	26.14	375500	9867054.00
2017/10/30	26.00	26.00	24.66	24.90	467924	11812789.00
2017/10/31	24.88	25.48	24.78	25.31	333850	8400002.00
2017/11/01	25.28	25.91	25.27	25.71	386450	9925355.00
2017/11/02	25.15	25.69	25.10	25.10	350762	8866636.00
2017/11/03	25.10	26.79	24.92	26.24	936200	24389998.00
2017/11/06	26.24	26.35	25.72	25.97	572788	14843433.00
2017/11/07	26.02	26.04	25.51	25.55	419950	10786280.00
2017/11/08	25.55	25.80	25.37	25.67	381950	9790484.00
2017/11/09	25.30	25.81	25.30	25.81	254300	6534823.50
2017/11/10	25.60	27.77	25.59	27.24	1630926	44275884.00
2017/11/13	27.01	27.37	26.86	27.10	921400	24881262.00
2017/11/14	27.09	27.19	26.83	26.88	563914	15231667.00
2017/11/15	26.91	26.91	26.07	26.26	447775	11841720.00
2017/11/16	26.26	26.81	26.03	26.17	332650	8764959.00
2017/11/17	26.20	28.55	26.19	27.56	2582150	71784648.00
2017/11/20	27.13	29.95	26.90	29.50	2540417	71999272.00
2017/11/21	29.14	29.48	28.06	28.70	2123294	61012584.00
2017/11/22	28.87	29.47	28.10	29.35	1601250	45962304.00
2017/11/23	28.99	29.45	27.10	27.49	1126000	31989428.00
2017/11/24	27.06	27.97	26.92	26.99	761000	20871932.00
2017/11/27	26.28	26.85	24.29	24.64	1230800	31002544.00
2017/11/28	24.40	25.10	24.40	24.90	432798	10694767.00
2017/11/29	24.80	25.08	23.60	24.09	534250	12971391.00
2017/11/30	24.20	24.75	24.20	24.49	324200	7930418.00
2017/12/01	24.35	25.48	24.34	25.42	451050	11322384.00
2017/12/04	25.50	25.55	24.47	24.90	279300	6971264.00
2017/12/05	24.86	24.96	23.98	24.00	435600	10571978.00
2017/12/06	23.85	24.43	23.60	24.40	291700	7063223.00
2017/12/07	24.21	24.80	24.20	24.63	219300	5398402.00
2017/12/08	24.67	26.42	24.54	25.91	974216	24860202.00
2017/12/11	25.93	26.77	25.93	26.45	833748	22049542.00
2017/12/12	26.28	26.80	25.78	26.20	838732	21908980.00
2017/12/13	26.70	26.70	26.05	26.22	531482	13961570.00
2017/12/14	26.56	26.58	25.11	25.45	667166	16948298.00
2017/12/15	25.20	26.38	25.12	26.07	511050	13064269.00
2017/12/18	26.07	26.27	25.66	26.03	295000	7647488.00
2017/12/19	26.00	26.32	25.80	26.32	507200	13250484.00
2017/12/20	26.32	27.17	26.32	26.83	845000	22639586.00
2017/12/21	26.83	27.60	26.41	27.50	942975	25782630.00
2017/12/22	27.50	27.65	27.23	27.26	731850	20054964.00
2017/12/25	27.27	27.84	26.75	27.62	522432	14281982.00
2017/12/26	27.44	28.79	27.44	28.48	622932	17517642.00
2017/12/27	28.05	28.80	28.02	28.65	730364	20812136.00
2017/12/28	28.51	29.23	27.50	29.15	940735	26878430.00
2017/12/29	29.01	29.84	28.72	29.84	1118850	32842530.00
2018/01/02	29.71	30.39	29.27	29.63	530985	15801489.00
2018/01/03	29.39	30.00	28.61	29.60	1089357	32051480.00
2018/01/04	29.35	30.49	28.90	29.50	2155615	63432028.00
2018/01/05	29.38	29.40	27.87	27.99	1111050	31620890.00
2018/01/08	28.06	28.40	26.90	27.21	742296	20384024.00
2018/01/09	27.43	28.38	27.07	27.90	580132	16092476.00
2018/01/10	27.90	28.32	27.36	27.70	423450	11743475.00
2018/01/11	27.31	28.50	27.31	28.25	1262028	35352308.00
2018/01/12	28.10	28.10	26.70	27.36	1216000	33346860.00
2018/01/15	26.83	27.35	26.34	26.37	427646	11409765.00
2018/01/16	26.07	26.43	25.31	25.48	636287	16422574.00
2018/01/17	25.48	26.60	25.46	26.22	480850	12586309.00
2018/01/18	26.51	27.78	26.01	26.42	485700	12999619.00
2018/01/19	26.35	26.95	26.11	26.25	258381	6882032.00
2018/01/22	26.25	26.69	25.67	26.26	295385	7746316.50
2018/01/23	26.37	26.65	25.90	26.32	191700	5052821.50
2018/01/24	26.06	26.60	26.00	26.49	228000	6020874.00
2018/01/25	26.75	26.75	26.00	26.03	286550	7535825.00
2018/01/26	26.03	27.18	25.58	26.75	543157	14425418.00
2018/01/29	26.64	26.96	25.93	26.50	380700	10057657.00
2018/01/30	26.17	26.56	25.88	26.48	212650	5579400.00
2018/01/31	26.30	26.45	25.72	26.00	220400	5758380.00
2018/02/01	25.99	26.45	23.40	26.05	2417870	58604080.00
2018/02/02	25.01	25.19	23.45	23.45	1374450	32449212.00
2018/02/05	21.11	23.60	21.11	23.47	2102500	46169588.00
2018/02/06	21.98	22.41	21.12	22.00	718150	15781230.00
2018/02/07	22.28	22.50	21.50	21.92	628820	13861528.00
2018/02/08	21.53	22.08	21.51	22.00	346300	7556775.00
2018/02/09	21.61	22.04	20.01	22.01	385250	8375142.50
2018/02/12	22.00	22.49	21.70	22.17	312650	6927973.00
2018/02/13	22.00	22.47	22.00	22.11	226150	5025806.50
2018/02/14	22.35	22.35	22.11	22.30	239450	5307216.00
2018/02/22	22.39	23.00	22.39	22.79	252350	5748446.50
2018/02/23	22.51	22.97	22.39	22.64	180850	4099837.00
2018/02/26	22.86	23.31	22.65	23.30	324950	7469065.50
2018/02/27	23.32	23.45	22.89	23.21	184800	4303243.50
2018/02/28	23.33	23.33	23.00	23.12	175450	4063937.00
2018/03/01	22.90	23.22	22.72	23.22	239750	5528585.00
2018/03/02	22.84	23.35	22.81	23.19	196400	4543875.50
2018/03/05	22.90	25.22	20.87	24.90	928100	22738700.00
2018/03/06	24.77	24.95	24.30	24.45	515996	12691958.00
2018/03/07	24.75	24.75	24.25	24.33	244246	5975511.50
2018/03/08	23.90	24.70	23.90	24.24	177700	4304755.50
2018/03/09	24.08	24.82	24.08	24.65	278246	6834567.50
2018/03/12	24.81	25.51	24.70	25.34	481750	12180986.00
2018/03/13	25.34	25.40	24.82	24.89	249600	6247480.50
2018/03/14	24.40	25.02	24.20	24.68	262000	6457321.50
2018/03/15	23.51	24.62	23.51	24.29	325850	7877105.00
2018/03/16	24.95	24.95	24.00	24.29	253950	6195408.00
2018/03/19	24.58	25.15	24.41	24.72	301550	7463478.50
2018/03/20	24.67	24.92	24.44	24.89	230350	5701577.50
2018/03/21	24.89	25.35	24.85	25.22	486946	12236593.00
2018/03/22	25.43	27.04	25.23	25.98	763496	20006438.00
2018/03/23	25.06	25.49	24.00	24.48	445446	10979228.00
2018/03/26	24.48	24.48	23.71	24.32	245696	5918798.00
2018/03/27	24.34	24.88	24.32	24.65	469800	11587217.00
2018/03/28	24.56	24.56	23.90	24.03	516800	12475701.00
2018/03/29	24.03	24.29	23.16	23.89	659125	15546738.00
2018/03/30	23.80	24.13	23.00	23.88	863600	20459020.00
2018/04/02	23.93	24.05	23.67	23.79	854550	20442428.00
2018/04/03	23.68	23.68	23.18	23.35	552550	12880165.00
2018/04/04	23.40	23.73	23.20	23.20	414600	9695790.00
2018/04/09	23.20	23.42	22.50	23.30	336835	7741135.50
2018/04/10	23.08	23.45	22.68	23.00	554850	12705279.00
2018/04/11	23.01	23.57	22.95	23.28	457439	10677044.00
2018/04/12	23.16	23.52	23.11	23.33	579085	13512557.00
2018/04/13	23.35	24.87	23.35	24.05	1307623	31493950.00
2018/04/16	24.01	26.00	23.80	25.74	2123100	53452628.00
2018/04/17	25.43	25.85	24.50	24.82	1185435	29855190.00
2018/04/18	25.00	25.34	23.96	25.20	790825	19581830.00
2018/04/19	24.24	25.00	24.01	24.71	766563	18966586.00
2018/04/20	24.79	24.79	24.10	24.20	368800	9002981.00
2018/04/23	24.23	26.62	24.22	25.25	1010183	25643958.00
2018/04/24	25.15	26.90	25.15	26.74	1607341	42138596.00
2018/04/25	26.28	27.63	26.12	26.38	1295650	34584144.00
2018/04/26	26.02	27.35	25.89	27.20	1927228	51493432.00
2018/04/27	27.60	28.50	26.32	26.56	1535609	41674752.00
2018/05/02	26.16	26.56	26.00	26.01	624199	16345701.00
2018/05/03	25.99	26.55	25.21	26.55	846372	22026336.00
2018/05/04	26.73	28.86	26.31	28.01	2813914	78028960.00
2018/05/07	27.92	28.27	27.49	28.02	1357005	37882380.00
2018/05/08	28.00	28.78	27.81	28.30	1317567	37094248.00
2018/05/09	28.10	29.50	27.99	28.38	1426030	40827584.00
2018/05/10	28.04	28.85	27.86	28.37	826900	23385980.00
2018/05/11	28.36	28.77	27.85	27.85	744800	20981264.00
2018/05/14	27.50	27.98	27.41	27.65	723050	20097638.00
2018/05/15	27.17	27.90	27.17	27.61	663743	18305222.00
2018/05/16	27.60	28.80	27.60	28.27	824650	23339404.00
2018/05/17	28.15	29.50	27.62	27.62	822750	23423424.00
2018/05/18	28.30	28.51	27.52	28.40	892523	24986932.00
2018/05/21	28.22	28.60	28.13	28.19	569357	16083202.00
2018/05/22	27.90	31.01	27.90	29.42	2573943	76216640.00
2018/05/23	29.60	30.00	28.76	28.98	1212454	35495336.00
2018/05/24	29.30	29.50	28.38	28.42	777839	22325178.00
2018/05/25	28.60	28.85	27.19	27.80	1292180	35684848.00
2018/05/28	27.60	27.60	27.00	27.13	552550	15022548.00
2018/05/29	27.08	27.25	26.80	27.14	329750	8934832.00
2018/05/30	27.08	27.10	25.88	26.70	751150	19988590.00
2018/05/31	27.05	27.21	26.59	26.92	418723	11254813.00
2018/06/01	26.99	27.28	26.50	26.96	495400	13304384.00
2018/06/04	27.20	27.50	26.70	27.39	645977	17501364.00
2018/06/05	27.40	27.62	26.50	26.50	1074900	28758162.00
2018/06/06	26.54	29.15	25.91	26.13	2966135	79654016.00
2018/06/07	26.10	26.10	23.52	23.52	4089216	100886784.00
2018/06/08	23.43	23.43	21.17	21.19	3009511	65316008.00
2018/06/11	21.12	21.39	20.75	21.01	1281161	26933114.00
2018/06/12	20.50	21.46	19.34	21.44	2603320	52713392.00
2018/06/13	20.92	21.32	20.60	21.00	1160120	24347364.00
2018/06/14	20.78	21.43	20.45	20.70	708750	14886323.00
2018/06/15	20.55	20.94	20.24	20.47	614450	12643958.00
2018/06/19	19.79	20.56	18.42	18.42	1163570	22386680.00
2018/06/20	18.58	19.76	18.09	19.58	869520	16523020.00
2018/06/21	19.90	19.90	18.59	18.73	645320	12385973.00
2018/06/22	18.94	19.22	18.40	18.94	452751	8584338.00
2018/06/25	19.22	19.45	18.99	19.07	474200	9113503.00
2018/06/26	18.89	19.48	18.10	19.43	453499	8669867.00
2018/06/27	19.49	19.50	19.04	19.23	525900	10107646.00
2018/06/28	19.32	19.50	18.90	19.03	464550	8905174.00
2018/06/29	19.01	19.79	18.96	19.58	708878	13781438.00
2018/07/02	19.86	20.28	19.59	19.77	900700	17915974.00
2018/07/03	19.77	20.30	19.51	20.25	583050	11677244.00
2018/07/04	20.28	20.30	19.60	19.79	448200	8904117.00
2018/07/05	19.79	19.98	18.68	18.83	477025	9197416.00
2018/07/06	19.03	19.37	18.66	19.24	505570	9686569.00
2018/07/09	19.11	20.00	19.01	19.81	444991	8782123.00
2018/07/10	19.81	20.13	19.81	20.00	447976	8951163.00
2018/07/11	19.70	20.00	19.37	19.94	506987	10007632.00
2018/07/12	19.94	20.80	19.85	20.53	643012	13149264.00
2018/07/13	20.35	20.75	20.08	20.39	460332	9358293.00
2018/07/16	20.38	20.60	19.88	20.17	626288	12574843.00
2018/07/17	20.40	20.40	19.84	20.09	299883	6002733.00
2018/07/18	19.39	20.19	19.39	19.94	309029	6167712.50
2018/07/19	20.03	20.09	19.48	19.88	297645	5879591.50
2018/07/20	19.70	19.88	19.13	19.78	405253	7896926.50
2018/07/23	19.93	20.17	19.24	20.10	473870	9449096.00
2018/07/24	20.21	20.21	19.80	20.14	502850	10081577.00
2018/07/25	20.20	20.20	19.81	20.00	589107	11779296.00
2018/07/26	19.82	20.03	19.81	19.89	259199	5162780.50
2018/07/27	19.97	20.80	19.66	20.45	890122	18182194.00
2018/07/30	20.44	20.65	19.52	19.72	696310	13850421.00
2018/07/31	19.50	19.92	19.40	19.60	347371	6832410.00
2018/08/01	19.69	19.84	19.25	19.25	315100	6160940.00
2018/08/02	19.20	19.31	17.66	18.12	461135	8467223.00
2018/08/03	19.33	19.93	19.29	19.92	3158092	62516012.00
2018/08/06	19.00	19.02	17.93	18.16	2480715	45498924.00
2018/08/07	17.72	18.39	17.00	18.30	1491379	26384792.00
2018/08/08	17.90	18.18	17.11	17.16	814070	14368124.00
2018/08/09	16.96	17.75	16.96	17.38	736302	12878983.00
2018/08/10	17.83	17.83	17.40	17.60	584066	10294018.00
2018/08/13	17.58	18.00	17.51	17.89	676804	11999287.00
2018/08/14	17.70	18.43	17.53	18.30	778734	14197675.00
2018/08/15	18.43	18.43	17.50	17.64	721900	12879176.00
2018/08/16	17.26	17.96	17.01	17.45	672976	11837136.00
2018/08/17	17.36	17.73	16.92	16.96	493817	8552191.00
2018/08/20	17.38	17.38	16.41	16.85	437000	7338793.50
2018/08/21	16.74	17.20	16.74	16.89	370980	6295460.50
2018/08/22	16.98	17.07	16.52	16.60	296801	4973120.50
2018/08/23	16.68	17.05	16.60	16.84	267100	4500861.00
2018/08/24	16.62	16.84	16.43	16.43	304600	5072177.00
2018/08/27	16.48	16.95	16.48	16.89	418580	7035619.00
2018/08/28	17.15	17.15	16.80	16.97	309950	5243507.50
2018/08/29	16.83	16.97	16.56	16.71	284800	4762401.00
2018/08/30	16.38	16.70	15.95	16.02	914936	14790888.00
2018/08/31	16.06	16.17	15.58	15.66	547221	8643267.00
2018/09/03	15.71	15.80	15.26	15.49	426800	6601487.00
2018/09/04	15.99	16.44	15.66	16.15	641418	10327404.00
2018/09/05	16.31	16.31	15.74	15.76	511118	8211793.00
2018/09/06	15.82	15.98	15.55	15.68	402700	6343794.50
2018/09/07	15.80	15.99	15.42	15.73	331250	5245660.00
2018/09/10	15.52	15.88	15.40	15.58	341500	5327352.00
2018/09/11	15.54	15.77	15.50	15.69	473200	7405949.00
2018/09/12	15.67	15.72	15.37	15.40	587400	9133380.00
2018/09/13	15.57	15.68	15.25	15.48	474662	7312787.00
2018/09/14	15.49	15.60	15.10	15.20	459700	7043259.00
2018/09/17	15.30	15.38	14.66	14.89	345800	5184169.00
2018/09/18	14.73	15.15	14.73	15.11	442800	6646974.00
2018/09/19	15.08	15.37	15.02	15.10	814250	12341832.00
2018/09/20	15.08	15.13	14.85	14.91	597793	8937169.00
2018/09/21	14.96	15.30	13.65	15.20	599721	8964420.00
2018/09/25	15.14	15.23	15.00	15.07	455600	6877740.00
2018/09/26	14.81	15.18	14.81	14.92	429900	6440245.00
2018/09/27	14.97	15.00	14.07	14.14	861800	12478361.00
2018/09/28	14.20	14.52	14.06	14.24	553800	7870501.00
2018/10/08	14.21	14.21	13.32	13.41	633300	8690350.00
2018/10/09	13.80	13.88	13.43	13.80	754807	10354601.00
2018/10/10	13.80	14.60	13.67	13.90	486191	6813723.50
2018/10/11	13.68	13.68	12.51	12.51	1061220	13756856.00
2018/10/12	12.71	12.85	11.89	12.50	765463	9600276.00
2018/10/15	12.30	12.90	12.18	12.32	759609	9562127.00
2018/10/16	12.89	12.89	11.88	12.32	1023261	12566534.00
2018/10/17	12.59	12.77	12.25	12.61	705366	8825184.00
2018/10/18	12.49	12.66	12.19	12.30	745850	9276460.00
2018/10/19	12.49	12.96	12.05	12.91	1326143	16678279.00
2018/10/22	12.91	14.19	12.70	13.70	1407758	19086600.00
2018/10/23	13.54	13.60	13.13	13.25	842200	11273851.00
2018/10/24	13.11	13.45	13.02	13.18	475559	6303998.00
2018/10/25	13.09	13.57	12.40	13.50	1032267	13572798.00
2018/10/26	14.60	14.85	13.80	14.85	1141124	16796310.00
2018/10/29	15.19	15.60	14.20	14.33	2646409	39415588.00
2018/10/30	13.85	14.42	13.85	14.30	1477063	20916398.00
2018/10/31	14.12	14.29	14.00	14.14	1305640	18454648.00
2018/11/01	14.15	14.41	14.08	14.21	1182750	16856676.00
2018/11/02	14.29	14.59	14.22	14.38	1141092	16364020.00
2018/11/05	14.38	14.89	14.38	14.81	1304659	19116078.00
2018/11/06	14.59	14.76	14.32	14.58	639197	9256148.00
2018/11/07	14.34	14.61	14.34	14.34	682300	9887777.00
2018/11/08	14.34	14.49	14.09	14.13	575900	8227751.50
2018/11/09	14.13	14.34	13.98	14.13	648166	9209444.00
2018/11/12	14.13	14.62	14.03	14.62	1047157	15137565.00
2018/11/13	14.55	14.90	14.27	14.71	922250	13542500.00
2018/11/14	14.30	15.07	14.30	14.79	860068	12729025.00
2018/11/15	15.49	15.49	15.00	15.39	2038056	31098322.00
2018/11/16	15.18	16.90	15.18	16.05	2059859	33286122.00
2018/11/19	15.71	16.33	15.65	16.22	1534020	24654884.00
2018/11/20	15.92	16.27	15.36	15.68	1252728	19980238.00
2018/11/21	15.18	16.42	15.18	16.42	1224981	19678536.00
2018/11/22	16.51	17.68	16.50	16.65	1968194	33514880.00
2018/11/23	16.57	17.58	16.28	17.20	2390022	40422316.00
2018/11/26	16.80	17.15	15.95	16.85	2481113	40876988.00
2018/11/27	16.70	17.27	16.50	16.90	1675035	28277514.00
2018/11/28	16.61	17.10	16.01	17.00	1487565	24728650.00
2018/11/29	17.19	17.34	16.38	16.40	1252450	21133630.00
2018/11/30	16.14	16.75	16.14	16.48	889721	14626278.00
2018/12/03	17.08	17.08	16.61	16.70	1203357	20295746.00
2018/12/04	16.73	16.89	16.38	16.65	759921	12602621.00
2018/12/05	16.02	16.60	16.02	16.41	744050	12213872.00
2018/12/06	15.94	16.50	15.94	15.95	708450	11473982.00
2018/12/07	15.95	16.23	15.95	16.05	511400	8262139.00
2018/12/10	16.30	16.52	15.32	15.36	857400	13532618.00
2018/12/11	15.60	16.17	15.50	16.13	811120	12884449.00
2018/12/12	16.06	16.79	16.06	16.27	646800	10618652.00
2018/12/13	16.20	16.58	16.06	16.19	531800	8669896.00
2018/12/14	16.10	16.32	15.15	15.48	825900	12879124.00
2018/12/17	15.45	15.52	15.07	15.38	358000	5486101.50
2018/12/18	15.48	15.76	15.21	15.38	340156	5269688.00
2018/12/19	16.88	16.92	16.88	16.92	2171925	36740636.00
2018/12/20	17.00	18.61	16.50	17.76	5792200	101466504.00
2018/12/21	16.70	16.97	15.98	16.01	4502179	74005808.00
2018/12/24	16.06	16.16	14.95	15.11	2759740	42327916.00
2018/12/25	14.65	14.81	14.12	14.55	1936250	27981906.00
2018/12/26	14.47	15.12	14.33	14.59	1616900	23770608.00
2018/12/27	14.68	14.69	13.58	13.62	1569751	22234738.00
2018/12/28	13.83	13.87	12.88	13.61	824700	11272350.00
2019/01/02	13.68	14.26	13.68	13.92	1091350	15317081.00
2019/01/03	14.30	14.30	13.70	13.70	595746	8312269.00
2019/01/04	13.64	14.08	13.10	14.05	999150	13898831.00
2019/01/07	14.29	14.44	14.07	14.28	846000	12095667.00
2019/01/08	14.40	14.40	14.02	14.04	659900	9328387.00
2019/01/09	14.04	14.20	13.97	14.00	930450	13100844.00
2019/01/10	14.00	14.09	13.70	13.73	849100	11803565.00
2019/01/11	13.92	14.08	13.76	14.02	761200	10642277.00
2019/01/14	14.10	14.15	13.69	13.84	633492	8855368.00
2019/01/15	14.00	14.04	13.70	14.02	573791	8000259.50
2019/01/16	14.07	14.17	13.99	14.05	601847	8488438.00
2019/01/17	14.08	14.08	13.78	13.78	579074	8050247.50
2019/01/18	14.08	14.10	13.88	14.10	642392	8993187.00
2019/01/21	13.92	14.18	13.88	13.93	735682	10254293.00
2019/01/22	13.99	13.99	13.69	13.75	591707	8152853.50
2019/01/23	13.75	13.84	13.62	13.75	437200	6006494.50
2019/01/24	13.75	13.83	13.61	13.70	441650	6063215.00
2019/01/25	13.74	14.07	13.74	13.89	659700	9180798.00
2019/01/28	13.90	14.18	13.74	13.85	638000	8916770.00
2019/01/29	13.70	13.77	12.87	13.18	832300	10932327.00
2019/01/30	13.19	13.39	13.04	13.24	564800	7494233.00
2019/01/31	13.50	13.68	13.21	13.33	595428	8029952.00
2019/02/01	13.48	13.68	12.94	13.43	815383	10882411.00
2019/02/11	13.31	13.85	13.18	13.85	637255	8672914.00
2019/02/12	13.87	14.33	13.82	14.22	768504	10831160.00
2019/02/13	14.40	15.55	13.85	14.75	2261263	33121148.00
2019/02/14	14.61	14.76	14.43	14.52	1219482	17768462.00
2019/02/15	14.36	14.65	14.35	14.59	819655	11927045.00
2019/02/18	14.59	15.22	14.59	15.16	1800755	26941136.00
2019/02/19	15.13	15.49	14.92	15.29	1881900	28671236.00
2019/02/20	15.35	15.88	15.14	15.30	2217832	34114820.00
2019/02/21	15.50	16.21	15.50	15.88	2392482	37992676.00
2019/02/22	15.62	16.99	15.62	16.99	2402906	39468088.00
2019/02/25	16.99	17.77	16.30	17.49	3665013	62528764.00
2019/02/26	17.08	17.55	17.08	17.17	1779400	30696902.00
2019/02/27	17.00	17.85	17.00	17.65	1854250	32302012.00
2019/02/28	17.40	17.89	17.35	17.82	1148310	20306918.00
2019/03/01	17.80	18.10	17.54	17.90	1015600	18138800.00
2019/03/04	18.80	19.69	18.55	19.69	2878954	54940364.00
2019/03/05	19.69	21.66	19.48	21.59	5156211	107031128.00
2019/03/06	22.50	22.97	20.51	21.16	3809396	81169504.00
2019/03/07	20.86	23.00	20.60	21.95	2835810	60929212.00
2019/03/08	21.19	21.97	20.60	20.85	2858282	59956328.00
2019/03/11	20.61	21.22	20.61	20.90	1664265	34894940.00
2019/03/12	21.47	21.50	20.86	20.93	2032650	42849432.00
2019/03/13	21.05	21.14	20.60	20.60	2073950	43265632.00
2019/03/14	20.40	21.26	19.52	20.39	1876849	38700832.00
2019/03/15	20.90	21.80	20.42	20.96	2756691	57342860.00
2019/03/18	20.96	21.44	20.70	21.32	2111300	44757016.00
2019/03/19	21.38	21.72	21.28	21.60	1342249	28834440.00
2019/03/20	22.00	23.26	21.61	22.91	3659750	80876256.00
2019/03/21	22.90	23.33	22.66	23.20	2375199	54569504.00
2019/03/22	23.85	25.52	22.99	25.40	4284335	105977472.00
2019/03/25	25.00	27.03	24.59	25.53	2171000	55677480.00
2019/03/26	25.59	26.00	24.60	25.00	1349827	33783808.00
2019/03/27	25.17	26.49	24.80	26.17	1924401	49236644.00
2019/03/28	26.08	26.98	24.03	25.17	2763442	69674952.00
2019/03/29	24.88	24.88	23.01	23.69	2947601	70097984.00
2019/04/01	23.80	25.23	23.18	24.07	5280046	126180848.00
2019/04/02	23.75	24.61	23.62	23.91	3617833	86985400.00
2019/04/03	23.90	24.30	23.68	24.12	2298544	55141896.00
2019/04/04	24.12	24.30	23.40	23.50	2187250	51695072.00
2019/04/08	23.80	25.85	23.40	25.85	6473204	158572688.00
2019/04/09	26.00	26.00	24.06	25.30	6510514	161757072.00
2019/04/10	25.18	25.48	24.34	24.77	2329675	58123852.00
2019/04/11	24.51	26.95	23.30	25.49	17105324	427365376.00
2019/04/12	23.80	23.80	22.94	22.94	9045213	208124640.00
2019/04/15	21.81	21.81	20.65	20.65	6434250	133452104.00
2019/04/16	19.38	20.47	19.01	19.96	5390518	106625528.00
2019/04/17	19.88	20.62	19.81	20.08	2717010	55098736.00
2019/04/18	19.97	20.30	19.83	19.85	2171152	43457640.00
2019/04/19	20.06	20.34	19.75	20.26	3266392	65287252.00
2019/04/22	20.07	20.48	20.06	20.32	1981289	40244988.00
2019/04/23	20.32	20.92	19.99	20.70	2553585	52370264.00
2019/04/24	20.80	21.46	20.16	21.43	3485461	72634792.00
2019/04/25	21.07	21.65	20.85	21.06	2362961	50268440.00
2019/04/26	21.00	21.29	20.81	20.97	1284500	27059698.00
2019/04/29	20.80	21.37	20.06	20.90	1890822	39593096.00
2019/04/30	20.90	21.35	20.72	21.15	1329450	28061802.00
2019/05/06	20.60	20.70	19.20	20.43	3340600	67446992.00
2019/05/07	20.52	21.25	20.51	20.92	1603439	33543700.00
2019/05/08	20.93	22.00	20.50	21.58	2285800	48973868.00
2019/05/09	21.50	21.86	20.80	21.21	1247400	26796992.00
2019/05/10	21.30	21.81	20.78	21.81	2204250	47236680.00
2019/05/13	21.66	21.78	21.05	21.36	1305050	27964556.00
2019/05/14	21.20	21.78	20.52	21.23	1318700	28125356.00
2019/05/15	21.38	22.58	21.25	22.13	4434750	97113992.00
2019/05/16	21.99	22.66	21.77	22.46	3447188	76529608.00
2019/05/17	22.46	22.85	22.03	22.03	2728100	61484284.00
2019/05/20	22.20	22.20	21.10	21.32	1640800	35155440.00
2019/05/21	21.31	21.78	20.80	21.42	2400850	50943240.00
2019/05/22	21.41	22.30	21.11	21.20	1755722	37947788.00
2019/05/23	21.20	21.30	20.25	20.60	1425100	29356514.00
2019/05/24	20.56	21.29	20.22	20.60	1127000	23226308.00
2019/05/27	20.72	21.00	20.35	20.60	1239422	25662820.00
2019/05/28	20.55	20.83	20.30	20.47	1249056	25648564.00
2019/05/29	20.47	20.67	20.11	20.30	1208858	24546252.00
2019/05/30	20.30	22.33	20.30	20.96	2010800	42167812.00
2019/05/31	21.30	21.30	20.70	21.15	1302556	27354010.00
2019/06/03	21.10	21.36	20.77	20.95	663200	13926812.00
2019/06/04	20.96	20.97	20.56	20.82	514100	10644134.00
2019/06/05	20.83	21.20	20.68	20.77	605600	12631119.00
2019/06/06	20.77	20.93	20.50	20.66	634500	13081677.00
2019/06/10	20.65	20.99	20.46	20.80	787650	16379010.00
2019/06/11	20.85	21.58	20.66	21.40	1477122	31275416.00
2019/06/12	21.38	21.38	20.84	21.01	1212800	25460578.00
2019/06/13	20.82	21.10	20.60	21.03	1540800	32285642.00
2019/06/14	21.07	21.45	20.72	21.14	1391700	29345212.00
2019/06/17	21.10	21.42	20.81	21.15	547100	11527348.00
2019/06/18	21.13	21.85	20.88	21.28	1165200	24854260.00
2019/06/19	21.74	22.30	21.40	21.86	2430000	53015216.00
2019/06/20	21.88	22.38	21.60	22.02	2359138	51943620.00
2019/06/21	22.02	22.46	21.91	22.09	2028950	44959860.00
2019/06/24	22.05	22.58	21.92	22.13	1923500	42522636.00
2019/06/25	22.14	22.14	21.55	21.68	817585	17787256.00
2019/06/26	21.71	21.99	21.55	21.65	714685	15543178.00
2019/06/27	21.71	21.94	21.65	21.71	723100	15738606.00
2019/06/28	21.92	21.92	21.16	21.43	900800	19244030.00
2019/07/01	21.48	22.03	21.48	21.90	1249018	27220994.00
2019/07/02	21.92	21.98	21.70	21.77	704500	15356826.00
2019/07/03	21.77	21.82	21.42	21.59	554050	11977236.00
2019/07/04	21.62	21.70	21.47	21.68	1832289	39579128.00
2019/07/05	21.66	21.84	21.60	21.82	713244	15499341.00
2019/07/08	21.95	21.95	21.12	21.40	740527	15833613.00
2019/07/09	21.36	21.45	20.81	21.04	529995	11175446.00
2019/07/10	20.91	21.41	20.80	20.97	426800	8961536.00
2019/07/11	20.77	21.31	20.77	20.78	755721	15875485.00
2019/07/12	12.91	12.98	12.67	12.93	525869	6777810.00
2019/07/15	12.90	13.39	12.79	13.14	1070580	14014198.00
2019/07/16	13.18	13.30	13.00	13.12	1027353	13504040.00
2019/07/17	13.12	13.87	12.91	13.42	4243178	56540704.00
2019/07/18	13.48	13.48	13.02	13.20	1916918	25287922.00
2019/07/19	13.13	13.25	12.88	13.01	2080378	27062738.00
2019/07/22	13.00	13.00	12.43	12.72	945360	12012545.00
2019/07/23	12.70	12.89	12.38	12.73	1253087	15973344.00
2019/07/24	12.85	12.85	12.58	12.67	733600	9358152.00
2019/07/25	12.66	12.76	12.64	12.68	454820	5763417.00
2019/07/26	12.71	12.71	11.97	12.55	1086980	13595346.00
2019/07/29	12.45	12.71	12.38	12.70	1232220	15514046.00
2019/07/30	12.61	12.82	12.60	12.75	980067	12481986.00
2019/07/31	12.75	12.84	12.63	12.76	662840	8441328.00
2019/08/01	12.74	13.08	12.60	12.84	1021980	13122346.00
2019/08/02	12.80	12.80	12.46	12.68	1029560	13035941.00
2019/08/05	12.51	12.78	12.46	12.58	763240	9615156.00
2019/08/06	12.40	12.70	12.21	12.29	1256120	15557835.00
2019/08/07	12.50	12.50	12.18	12.25	363220	4455553.50
2019/08/08	12.24	12.37	11.84	12.31	469300	5774083.50
2019/08/09	12.17	12.35	12.10	12.21	783980	9567110.00
2019/08/12	12.10	13.32	12.08	12.95	2569800	32722278.00
2019/08/13	12.95	13.23	12.60	12.83	1229958	15817749.00
2019/08/14	12.83	13.09	12.80	12.82	645020	8351171.50
2019/08/15	12.58	12.78	12.41	12.67	606880	7635080.00
2019/08/16	12.73	12.95	12.61	12.73	668420	8575932.00
2019/08/19	12.72	13.08	12.69	13.00	1477744	19136518.00
2019/08/20	13.00	13.04	12.81	12.83	815453	10503006.00
2019/08/21	12.80	12.89	12.54	12.66	1102440	13941090.00
2019/08/22	12.61	12.63	12.28	12.40	983100	12211818.00
2019/08/23	12.63	12.63	12.33	12.38	477285	5922268.50
2019/08/26	12.29	12.37	12.07	12.11	463660	5650702.50
2019/08/27	12.24	12.70	12.15	12.30	1438592	17879972.00
2019/08/28	12.30	12.47	12.25	12.28	365040	4486621.00
2019/08/29	12.26	12.38	12.16	12.17	729592	8911121.00
2019/08/30	12.22	12.28	11.90	12.06	1431300	17273280.00
2019/09/02	11.93	12.56	11.93	12.18	1134640	13898481.00
2019/09/03	12.27	12.27	12.03	12.17	853860	10354289.00
2019/09/04	12.23	13.00	12.18	12.98	3603300	45733488.00
2019/09/05	13.21	14.28	13.21	13.76	6561835	89881896.00
2019/09/06	13.30	15.07	13.26	13.62	6207814	86428480.00
2019/09/09	13.64	13.65	13.30	13.57	2417820	32569132.00
2019/09/10	13.57	13.68	13.39	13.56	1712740	23089936.00
2019/09/11	13.61	13.68	13.33	13.37	1903700	25606104.00
2019/09/12	13.31	14.20	12.03	14.02	4432220	60678064.00
2019/09/16	13.97	14.68	13.82	13.94	3680220	51868012.00
2019/09/17	13.91	14.18	13.41	13.66	1932522	26389138.00
2019/09/18	13.61	14.19	13.53	13.79	3025800	42152968.00
2019/09/19	13.84	13.92	13.61	13.81	1240200	17057614.00
2019/09/20	13.80	14.10	13.65	13.82	2805580	38698824.00
2019/09/23	13.70	13.83	13.35	13.52	1592320	21533980.00
2019/09/24	13.44	13.63	13.35	13.48	1062854	14357932.00
2019/09/25	13.43	13.97	13.15	13.55	2844856	38624072.00
2019/09/26	13.35	13.56	13.15	13.36	1182980	15759259.00
2019/09/27	13.24	13.56	13.24	13.44	903360	12163033.00
2019/09/30	13.38	13.49	13.16	13.28	681280	9048456.00
2019/10/08	13.34	13.34	12.88	13.01	803820	10489500.00
2019/10/09	13.01	13.10	12.78	12.88	595682	7682963.50
2019/10/10	12.81	12.94	12.76	12.82	746922	9586915.00
2019/10/11	12.83	13.00	12.56	12.96	954620	12223176.00
2019/10/14	12.93	13.35	12.93	13.15	1060963	13958405.00
2019/10/15	13.07	13.19	12.76	12.90	688751	8879531.00
2019/10/16	12.83	12.95	12.45	12.86	1074043	13723999.00
2019/10/17	12.89	13.10	12.78	13.02	1077103	13993043.00
2019/10/18	12.78	13.08	12.77	12.95	505754	6541245.00
2019/10/21	12.95	13.11	12.68	13.08	837780	10882994.00
2019/10/22	12.91	13.12	12.90	13.05	713043	9261674.00
2019/10/23	13.05	13.10	12.90	13.00	759800	9852251.00
2019/10/24	13.01	13.05	12.90	13.02	777380	10095814.00
2019/10/25	13.02	13.09	12.94	13.09	747580	9734622.00
2019/10/28	13.12	13.22	12.98	13.08	1261500	16519464.00
2019/10/29	13.02	13.12	12.77	12.99	1310500	16962528.00
2019/10/30	12.95	13.89	12.70	13.15	2589429	34165428.00
2019/10/31	13.15	13.47	13.14	13.27	1711080	22713174.00
2019/11/01	13.27	13.43	13.02	13.29	1721580	22876442.00
2019/11/04	13.29	13.43	13.08	13.26	1670780	22149754.00
2019/11/05	13.24	13.44	13.06	13.15	1538780	20348842.00
2019/11/06	13.07	13.21	12.80	12.95	1340380	17369044.00
2019/11/07	12.95	13.07	12.78	12.96	915060	11843392.00
2019/11/08	13.34	13.52	12.89	12.91	1528240	20159896.00
2019/11/11	12.99	14.20	12.90	14.20	6006485	83534552.00
2019/11/12	15.39	15.39	13.82	14.17	15356748	227538448.00
2019/11/13	13.90	14.28	13.20	13.55	6810724	93011144.00
2019/11/14	13.83	14.37	13.10	13.38	10196392	139333312.00
2019/11/15	13.12	13.50	12.31	12.56	6135039	78493624.00
2019/11/18	12.59	13.15	12.46	13.15	5529000	71424776.00
2019/11/19	13.48	13.77	13.34	13.67	6936412	93665184.00
2019/11/20	13.67	13.84	13.26	13.65	4524810	61040864.00
2019/11/21	13.76	13.80	13.30	13.52	5829620	78757216.00
2019/11/22	13.52	13.55	13.26	13.43	2786960	37266924.00
2019/11/25	13.56	13.66	13.30	13.44	5370630	72379608.00
2019/11/26	13.44	13.52	13.15	13.41	3881560	51786520.00
2019/11/27	13.38	13.99	12.68	13.77	9475260	126067376.00
2019/11/28	13.56	13.97	13.28	13.75	6150520	83811848.00
2019/11/29	13.76	13.76	13.45	13.65	3244320	44000760.00
2019/12/02	13.60	13.91	13.52	13.66	3115960	42726916.00
2019/12/03	13.67	13.96	13.45	13.74	2736200	37444484.00
2019/12/04	13.70	13.70	13.41	13.49	2175000	29424084.00
2019/12/05	13.42	13.64	13.27	13.50	2389452	32124428.00
2019/12/06	13.50	13.62	13.29	13.29	2191100	29350404.00
2019/12/09	13.44	13.57	13.29	13.40	3790920	50808796.00
2019/12/10	13.40	13.50	12.81	13.41	5567120	73246976.00
2019/12/11	13.24	13.31	13.07	13.19	2197380	28939116.00
2019/12/12	13.18	13.25	13.02	13.12	4160439	54646668.00
2019/12/13	13.12	13.23	13.08	13.18	2827900	37260960.00
2019/12/16	13.23	13.40	13.13	13.35	2872160	38035524.00
2019/12/17	13.35	14.22	13.24	13.72	4916580	66912380.00
2019/12/18	13.70	13.91	13.49	13.63	3345820	45635064.00
2019/12/19	13.75	13.98	13.68	13.78	4669400	64556340.00
2019/12/20	13.73	13.79	13.48	13.70	3417920	46563492.00
2019/12/23	13.63	13.81	13.43	13.55	2398900	32683382.00
2019/12/24	13.53	13.58	13.03	13.51	2445380	32652540.00
2019/12/25	13.46	13.47	13.20	13.22	3493725	46593384.00
2019/12/26	13.21	13.48	13.10	13.25	2829743	37524688.00
2019/12/27	13.18	13.25	12.90	13.16	3350200	43851620.00
2019/12/30	13.15	13.47	13.05	13.29	4388825	58085680.00
2019/12/31	13.30	13.83	13.18	13.66	5352220	72213632.00
2020/01/02	13.82	14.20	13.63	13.85	5833360	80435600.00
2020/01/03	13.85	13.85	13.66	13.70	2583860	35455948.00
2020/01/06	13.66	15.07	13.58	15.07	16532408	243898928.00
2020/01/07	15.72	16.58	15.50	16.58	13583309	220792064.00
2020/01/08	16.60	18.00	16.51	17.98	21538838	371280384.00
2020/01/09	17.65	19.35	17.62	19.30	13838812	257587664.00
2020/01/10	19.30	19.98	17.50	18.78	18236647	343560864.00
2020/01/13	20.50	20.50	16.90	16.90	20685600	382078816.00
2020/01/14	15.21	15.99	15.21	15.21	27819863	424370144.00
2020/01/15	14.71	14.77	13.90	14.01	31754683	451114272.00
2020/01/16	13.88	14.20	13.81	14.06	14887220	208507984.00
2020/01/17	14.04	14.10	13.51	13.55	13542255	186638944.00
2020/01/20	13.50	13.50	13.16	13.26	9346145	124077720.00
2020/01/21	13.27	13.41	13.17	13.29	7635850	101414112.00
2020/01/22	13.21	13.22	12.84	13.00	6920332	90015560.00
2020/01/23	13.00	13.18	12.13	12.25	9501233	119984432.00
2020/02/03	11.03	11.03	11.03	11.03	606800	6693004.00
2020/02/04	9.93	10.41	9.93	10.23	13278753	134529472.00
2020/02/05	10.19	10.70	10.15	10.44	10307783	107834712.00
2020/02/06	10.48	10.95	10.33	10.87	12005099	128532016.00
2020/02/07	10.80	11.10	10.71	11.00	9540701	103914376.00
2020/02/10	11.26	11.50	11.09	11.26	8864871	99849384.00
2020/02/11	11.31	11.66	11.24	11.60	9889552	113596640.00
2020/02/12	11.55	11.56	11.32	11.55	8195880	93980520.00
2020/02/13	11.50	11.73	11.30	11.35	8889920	102206184.00
2020/02/14	11.36	11.44	11.16	11.20	6020042	67970584.00
2020/02/17	11.25	11.68	11.22	11.66	8175719	94477688.00
2020/02/18	11.87	12.31	11.66	12.22	11440795	136700960.00
2020/02/19	12.19	12.60	12.01	12.11	10991287	134477392.00
2020/02/20	12.31	12.44	12.07	12.37	8352379	102567592.00
2020/02/21	12.29	12.81	12.28	12.63	9595260	121062864.00
2020/02/24	12.51	12.85	12.45	12.74	8053433	102378104.00
2020/02/25	12.30	12.61	12.10	12.43	8556964	105857152.00
2020/02/26	12.39	12.45	12.06	12.08	6490740	79594256.00
2020/02/27	12.21	12.35	12.03	12.09	4728625	57638244.00
2020/02/28	12.19	12.50	11.13	11.38	10342118	122728600.00
2020/03/02	11.48	11.69	11.30	11.61	6978921	80465592.00
2020/03/03	11.67	11.89	11.42	11.54	6374761	74551440.00
2020/03/04	11.52	11.66	11.36	11.63	4893024	56456820.00
2020/03/05	11.70	11.89	11.65	11.82	5862740	68946432.00
2020/03/06	11.68	12.11	11.64	11.92	6579018	78204720.00
2020/03/09	11.75	11.94	11.36	11.42	6394960	74203160.00
2020/03/10	11.20	12.07	11.16	11.96	8471538	98180680.00
2020/03/11	12.21	13.06	12.21	12.34	16771002	210803600.00
2020/03/12	12.00	12.28	11.74	12.25	9915131	119307512.00
2020/03/13	11.35	12.04	11.34	11.88	7490022	88352840.00
2020/03/16	12.15	12.34	11.55	11.58	7419760	88840264.00
2020/03/17	11.55	11.80	10.80	11.22	5951560	67093404.00
2020/03/18	11.23	11.48	10.81	10.83	4708920	52636296.00
2020/03/19	11.20	11.25	10.81	11.19	4935960	54521136.00
2020/03/20	11.20	11.42	11.11	11.27	3735426	41983652.00
2020/03/23	11.00	12.36	10.90	11.95	12436104	147413328.00
2020/03/24	12.07	12.46	11.90	12.35	14672296	179826384.00
2020/03/25	12.45	12.45	11.50	12.14	11852858	143299664.00
2020/03/26	12.14	12.14	11.60	11.64	8090336	95326656.00
2020/03/27	11.81	11.83	11.40	11.41	4683340	54069188.00
2020/03/30	11.24	11.24	10.92	11.11	3960100	43837652.00
2020/03/31	11.18	11.28	11.07	11.12	2652260	29608468.00
2020/04/01	11.01	11.22	11.01	11.06	2194216	24414500.00
2020/04/02	10.94	11.36	10.94	11.36	3223536	36116984.00
2020/04/03	11.37	11.39	11.09	11.11	2979258	33343240.00
2020/04/07	11.24	11.44	11.22	11.38	3759078	42623920.00
2020/04/08	11.38	11.40	11.25	11.33	2604740	29504296.00
2020/04/09	11.42	11.42	11.31	11.38	2254920	25632070.00
2020/04/10	11.32	11.33	10.86	10.95	4348196	47941620.00
2020/04/13	10.89	11.05	10.51	11.00	3526709	37930184.00
2020/04/14	10.97	11.04	10.86	11.01	2827860	30956728.00
2020/04/15	11.06	11.06	10.84	11.02	2381369	26039578.00
2020/04/16	10.92	11.03	10.85	10.98	2829467	30985308.00
2020/04/17	10.98	11.00	10.88	10.89	2350220	25700532.00
2020/04/20	10.88	10.88	10.66	10.77	2128600	22845680.00
2020/04/21	10.74	10.96	10.67	10.83	2308100	25033654.00
2020/04/22	10.70	10.83	10.69	10.81	1805620	19442048.00
2020/04/23	10.80	10.87	10.70	10.76	1956360	21027624.00
2020/04/24	10.72	10.88	10.56	10.85	4125272	44188740.00
2020/04/27	10.85	11.01	10.68	10.77	2283800	24800948.00
2020/04/28	10.71	10.77	10.11	10.70	3219400	33771480.00
2020/04/29	10.69	10.75	10.52	10.55	1716700	18243568.00
2020/04/30	10.55	10.70	10.50	10.62	1573160	16721286.00
2020/05/06	10.56	10.78	10.53	10.77	2445933	26068328.00
2020/05/07	10.74	11.04	10.74	10.91	3650792	39819796.00
2020/05/08	10.86	11.03	10.85	10.94	2550559	27991804.00
2020/05/11	11.01	11.02	10.79	10.82	1744000	18996496.00
2020/05/12	10.82	10.85	10.71	10.78	1617000	17422700.00
2020/05/13	10.79	10.81	10.70	10.79	1086480	11684066.00
2020/05/14	10.74	10.81	10.60	10.75	1725760	18471628.00
2020/05/15	10.78	10.83	10.76	10.77	1416600	15283118.00
2020/05/18	10.76	10.79	10.61	10.77	1865720	19957264.00
2020/05/19	10.77	10.83	10.69	10.78	1338500	14415659.00
2020/05/20	10.71	10.77	10.65	10.67	1224360	13096890.00
2020/05/21	10.71	10.72	10.40	10.40	2851560	30110008.00
2020/05/22	10.41	10.41	10.06	10.14	1759862	17945676.00
2020/05/25	10.12	10.81	10.04	10.76	4222559	44326856.00
2020/05/26	10.78	10.96	10.70	10.77	2321708	25047410.00
2020/05/27	10.76	10.79	10.63	10.79	2072735	22214224.00
2020/05/28	10.79	10.94	10.75	10.90	2970240	32286794.00
2020/05/29	10.84	10.90	10.78	10.86	1539992	16699314.00
2020/06/01	10.87	10.96	10.81	10.92	3117580	33999260.00
2020/06/02	10.92	10.94	10.87	10.90	2591022	28268030.00
2020/06/03	10.94	10.95	10.75	10.79	2590400	28013920.00
2020/06/04	10.79	10.87	10.75	10.80	1498800	16192006.00
2020/06/05	10.84	10.87	10.73	10.85	1875380	20221492.00
2020/06/08	10.80	10.82	10.32	10.38	3898040	40757068.00
2020/06/09	10.38	10.54	10.35	10.48	1270100	13284641.00
2020/06/10	10.55	10.55	10.36	10.39	1164840	12128030.00
2020/06/11	10.42	10.61	10.37	10.44	1643540	17272668.00
2020/06/12	10.45	10.67	10.28	10.66	2453620	25716744.00
2020/06/15	10.59	10.78	10.54	10.78	2217396	23724810.00
2020/06/16	10.79	10.83	10.70	10.81	1477900	15901202.00
2020/06/17	10.80	10.84	10.65	10.74	1713400	18364308.00
2020/06/18	10.76	10.79	10.62	10.62	1861280	19835984.00
2020/06/19	10.64	10.69	10.58	10.60	1167838	12421688.00
2020/06/22	10.63	10.66	10.53	10.54	1227940	13000963.00
2020/06/23	10.54	10.62	10.48	10.55	1499480	15814387.00
2020/06/24	10.69	11.58	10.63	11.00	10055559	112241264.00
2020/06/29	10.93	11.35	10.76	11.28	6973308	77324824.00
2020/06/30	11.25	11.38	11.10	11.14	4515853	50564384.00
2020/07/01	11.19	11.19	10.82	11.00	4371680	47912724.00
2020/07/02	10.95	11.05	10.89	11.04	2845960	31255700.00
2020/07/03	11.04	11.28	10.98	11.13	4135940	46144480.00
2020/07/06	11.12	11.42	11.09	11.36	6918961	78029632.00
2020/07/07	11.41	11.55	11.23	11.45	6909099	78936024.00
2020/07/08	11.48	11.66	11.35	11.66	6586416	75837920.00
2020/07/09	11.70	12.12	11.58	11.98	8213149	97070928.00
2020/07/10	12.08	12.08	11.18	11.64	7056464	82981088.00
2020/07/13	11.59	12.00	11.52	11.96	5954080	70635632.00
2020/07/14	12.00	12.34	11.81	12.31	8510270	102676208.00
2020/07/15	12.36	12.37	11.70	11.84	6700728	80431656.00
2020/07/16	11.80	12.00	11.34	11.45	6870718	81085904.00
2020/07/17	11.48	11.70	11.17	11.32	3624920	41355064.00
2020/07/20	11.25	11.63	11.25	11.60	2529660	29059758.00
2020/07/21	11.55	11.71	11.41	11.49	2929644	33802956.00
2020/07/22	11.40	11.48	11.22	11.32	4756878	53945408.00
2020/07/23	11.29	11.29	10.79	11.03	3852583	42495156.00
2020/07/24	11.02	11.13	10.41	10.53	3968864	42820072.00
2020/07/27	10.70	10.74	10.25	10.37	2301420	23974550.00
2020/07/28	10.45	10.74	10.36	10.45	2998529	31411284.00
2020/07/29	10.44	10.64	10.31	10.62	2873431	30206788.00
2020/07/30	10.61	10.71	10.51	10.53	2256820	23878974.00
2020/07/31	10.49	10.66	10.45	10.55	2883760	30366474.00
2020/08/03	10.58	10.81	10.57	10.80	3652260	39112692.00
2020/08/04	10.79	10.90	10.64	10.69	2695900	28840024.00
2020/08/05	10.71	10.80	10.60	10.73	2244840	23998726.00
2020/08/06	10.73	10.76	10.56	10.64	2390080	25465464.00
2020/08/07	10.66	10.68	10.34	10.36	3903360	40815664.00
2020/08/10	10.42	10.61	10.36	10.56	2547900	26812952.00
2020/08/11	10.57	10.62	10.28	10.37	2700636	28308420.00
2020/08/12	10.37	10.49	10.22	10.45	2178689	22450898.00
2020/08/13	10.45	10.64	10.45	10.60	2336046	24703514.00
2020/08/14	10.61	10.98	10.54	10.89	5138749	55729848.00
2020/08/17	10.79	10.93	10.79	10.90	3310843	35946152.00
2020/08/18	10.89	10.94	10.72	10.84	2726840	29490452.00
2020/08/19	10.84	10.84	10.63	10.64	2325940	24838984.00
2020/08/20	10.64	10.64	10.46	10.55	1569740	16553039.00
2020/08/21	10.57	10.82	10.57	10.62	1951443	20846078.00
2020/08/24	10.59	10.86	10.32	10.78	3454660	36555952.00
2020/08/25	10.71	11.33	10.68	11.15	6094420	67236296.00
2020/08/26	11.06	11.36	10.91	11.17	5822101	64874196.00
2020/08/27	11.09	11.68	10.96	11.63	9084941	103762568.00
2020/08/28	11.56	11.56	11.28	11.43	5418101	61749080.00
2020/08/31	11.44	11.70	11.21	11.23	4589160	52517324.00
2020/09/01	11.30	11.50	11.20	11.49	3139980	35587952.00
2020/09/02	11.49	11.87	11.42	11.78	8537680	100022240.00
2020/09/03	11.81	11.86	11.40	11.70	6723458	78347664.00
2020/09/04	11.45	12.22	11.36	11.94	10935203	129556776.00
2020/09/07	12.20	12.45	11.77	11.92	11708740	141927232.00
2020/09/08	11.98	12.44	11.82	12.44	11914939	145251376.00
2020/09/09	12.80	13.50	11.80	11.90	21620767	278587264.00
2020/09/10	11.68	11.69	10.33	10.36	14273918	156156576.00
2020/09/11	10.36	10.79	10.22	10.60	5877880	62010212.00
2020/09/14	10.90	11.61	10.70	11.18	10359498	116164624.00
2020/09/15	11.14	11.49	11.05	11.11	6338660	71125576.00
2020/09/16	11.10	11.20	10.72	10.83	5338933	58312312.00
2020/09/17	10.90	11.40	10.75	11.22	7894348	88442032.00
2020/09/18	11.20	11.29	11.02	11.23	4673862	52124480.00
2020/09/21	11.25	11.34	11.03	11.09	3602980	40191416.00
2020/09/22	11.04	11.08	10.82	10.89	3157340	34548520.00
2020/09/23	10.89	11.14	10.84	11.07	3580260	39406064.00
2020/09/24	10.99	11.10	10.59	10.59	3603800	38637492.00
2020/09/25	10.70	10.79	10.40	10.48	2450700	25821808.00
2020/09/28	10.51	10.75	10.41	10.49	2589000	27373280.00
2020/09/29	10.50	10.77	10.48	10.66	2140560	22819546.00
2020/09/30	10.70	10.80	10.60	10.74	1830640	19576012.00
2020/10/09	10.88	11.14	10.81	11.06	2646540	29116908.00
2020/10/12	11.23	11.37	11.13	11.28	5038340	56658476.00
2020/10/13	11.35	11.55	11.20	11.40	4930049	56012612.00
2020/10/14	11.35	11.53	11.14	11.25	4153080	46913292.00
2020/10/15	11.25	11.37	11.18	11.22	2713900	30603144.00
2020/10/16	11.32	11.50	11.24	11.42	3812600	43373892.00
2020/10/19	11.43	11.58	11.18	11.24	4188580	47555256.00
2020/10/20	11.27	11.53	11.17	11.50	4311380	49152844.00
2020/10/21	11.46	11.46	11.20	11.31	4330360	48907928.00
2020/10/22	11.28	11.66	11.10	11.53	4831240	55126448.00
2020/10/23	11.57	11.85	11.41	11.46	5902280	68585120.00
2020/10/26	11.42	12.05	11.38	11.76	8267800	97335576.00
2020/10/27	11.76	12.27	11.60	11.90	10727760	127415728.00
2020/10/28	12.01	12.35	11.44	11.97	15248820	181544400.00
2020/10/29	11.41	11.92	11.40	11.56	10690500	124992944.00
2020/10/30	11.72	13.87	11.65	12.63	44585423	582456128.00
2020/11/02	12.60	13.39	12.00	13.09	37944979	480069280.00
2020/11/03	12.80	13.37	12.53	13.37	31835358	412247552.00
2020/11/04	13.22	13.80	12.78	12.97	22748792	297336864.00
2020/11/05	13.03	13.84	12.70	13.66	29838525	395962208.00
2020/11/06	13.38	13.47	12.20	12.30	22743025	291963104.00
2020/11/09	12.35	12.70	12.28	12.41	17418293	217305552.00
2020/11/10	12.45	12.47	11.70	11.81	13954118	167908352.00
2020/11/11	11.80	11.83	11.26	11.32	10882794	124781568.00
2020/11/12	11.33	11.51	11.22	11.47	7977094	90783288.00
2020/11/13	11.35	11.43	11.15	11.27	5113894	57778600.00
2020/11/16	11.35	11.36	10.94	11.03	6116700	67685088.00
2020/11/17	11.00	11.24	10.82	11.15	6569900	72774840.00
2020/11/18	11.07	11.31	10.99	11.16	5152414	57513664.00
2020/11/19	11.21	11.21	10.98	11.08	5267896	58234436.00
2020/11/20	11.07	11.07	10.85	10.97	4790900	52440536.00
2020/11/23	10.94	11.07	10.93	10.95	4165520	45784984.00
2020/11/24	10.99	11.02	10.83	10.85	3952400	43105600.00
2020/11/25	10.86	10.91	10.60	10.66	4723120	50739492.00
2020/11/26	10.66	10.87	10.52	10.85	4743627	50763428.00
2020/11/27	10.77	10.83	10.59	10.75	3705891	39733960.00
2020/11/30	10.71	10.87	10.71	10.77	3003591	32392744.00
2020/12/01	10.70	10.98	10.68	10.92	4179354	45453028.00
2020/12/02	10.88	11.16	10.86	11.05	4671600	51392704.00
2020/12/03	11.00	11.20	10.92	10.95	4030500	44473076.00
2020/12/04	10.88	11.05	10.88	10.97	2044980	22458274.00
2020/12/07	10.97	11.02	10.68	10.73	3675360	39672396.00
2020/12/08	10.69	10.74	10.62	10.66	2331920	24913906.00
2020/12/09	10.71	10.71	10.27	10.30	4080200	42641528.00
2020/12/10	10.28	10.48	10.22	10.40	2090900	21690280.00
2020/12/11	10.38	10.44	10.10	10.16	4447000	45403808.00
2020/12/14	10.18	10.39	10.16	10.31	2668060	27507028.00
2020/12/15	10.35	10.47	10.19	10.27	2328800	23990516.00
2020/12/16	10.24	10.28	9.76	9.83	4243820	42368280.00
2020/12/17	9.82	9.94	9.47	9.86	4487720	43432572.00
2020/12/18	9.95	10.19	9.77	9.80	3648240	36395248.00
2020/12/21	9.76	9.94	9.61	9.84	2583660	25351376.00
2020/12/22	9.84	9.84	9.47	9.48	3091700	29686610.00
2020/12/23	9.49	9.63	9.44	9.47	1977880	18818466.00
2020/12/24	9.47	9.49	8.94	9.00	4607220	42099572.00
2020/12/25	8.90	9.26	8.90	9.20	3169960	29039438.00
2020/12/28	9.09	9.20	8.87	8.92	3544000	31797232.00
2020/12/29	8.92	9.18	8.87	9.10	2875800	26135204.00
2020/12/30	9.04	10.90	9.04	9.99	10610740	103896800.00
2020/12/31	9.98	9.98	9.67	9.77	4964200	48718908.00
2021/01/04	9.66	9.78	9.55	9.75	3370520	32638936.00
2021/01/05	9.51	10.24	9.51	10.12	6368620	63026908.00
2021/01/06	10.18	10.57	10.05	10.17	6350720	65473216.00
2021/01/07	10.01	10.22	9.62	9.82	4800100	47405728.00
2021/01/08	9.82	10.15	9.54	9.98	3322660	32999188.00
2021/01/11	9.98	10.34	9.92	10.00	4418160	44777368.00
2021/01/12	9.88	10.07	9.45	9.63	4290500	41651300.00
2021/01/13	9.48	9.61	9.13	9.18	4056383	37590480.00
2021/01/14	9.13	10.09	9.12	9.96	5262060	51392744.00
2021/01/15	9.97	10.45	9.97	10.19	5276483	54341076.00
2021/01/18	10.27	10.29	9.72	9.82	7353340	73157920.00
2021/01/19	9.74	10.27	9.74	9.94	4454840	44505540.00
2021/01/20	9.83	9.94	9.72	9.75	2558200	25026012.00
2021/01/21	9.65	9.77	9.50	9.63	2217700	21389850.00
2021/01/22	9.55	9.68	9.30	9.34	2670640	25137334.00
2021/01/25	9.34	9.47	9.23	9.35	1967260	18314212.00
2021/01/26	9.30	9.45	9.20	9.39	1622380	15153770.00
2021/01/27	9.35	9.77	9.35	9.59	4214120	40400960.00
2021/01/28	9.62	9.75	9.35	9.38	2844840	27104584.00
2021/01/29	9.38	9.71	9.25	9.41	2761700	26132244.00
2021/02/01	10.70	10.70	9.51	9.67	4449212	43445108.00
2021/02/02	9.57	9.66	9.29	9.37	2541832	23895868.00
2021/02/03	9.28	9.38	8.96	8.96	2964660	26796892.00
2021/02/04	8.95	9.00	8.70	8.85	2255460	19889096.00
2021/02/05	8.80	9.00	8.70	8.71	1091380	9618631.00
2021/02/08	8.71	8.76	8.61	8.75	971920	8451823.00
2021/02/09	8.89	8.97	8.76	8.90	1118332	9940665.00
2021/02/10	8.90	9.04	8.80	8.90	1087700	9657967.00
2021/02/18	8.92	9.17	8.92	9.09	1438420	13060931.00
2021/02/19	9.18	9.30	9.15	9.29	1346380	12434926.00
2021/02/22	9.38	9.49	9.24	9.30	2039740	19148032.00
2021/02/23	9.32	9.38	9.12	9.19	1307640	12052426.00
2021/02/24	9.25	9.50	9.20	9.30	1841693	17153122.00
2021/02/25	9.35	9.35	9.12	9.14	1336700	12293046.00
2021/02/26	9.09	9.30	9.05	9.22	1372800	12648780.00
2021/03/01	9.20	9.39	9.20	9.23	2318280	21432890.00
2021/03/02	9.23	9.24	8.96	9.00	1733660	15725727.00
2021/03/03	9.15	9.19	9.01	9.16	1580240	14399027.00
2021/03/04	9.12	9.22	8.96	8.99	2249480	20370862.00
2021/03/05	8.99	9.23	8.94	9.14	2290480	20858938.00
2021/03/08	9.40	9.40	8.98	8.98	3357320	30600400.00
2021/03/09	8.93	9.04	8.66	8.72	2851260	25055276.00
2021/03/10	8.78	8.79	8.45	8.48	2230660	19104688.00
2021/03/11	8.49	8.75	8.37	8.66	1282220	10994922.00
2021/03/12	8.63	8.77	8.62	8.72	1299760	11310492.00
2021/03/15	8.67	8.81	8.61	8.72	1239120	10786701.00
2021/03/16	9.10	9.44	9.02	9.11	4574593	42055792.00
2021/03/17	9.07	10.40	9.07	9.72	9882320	95977416.00
2021/03/18	9.76	10.09	9.58	9.82	7891120	77635600.00
2021/03/19	10.00	10.00	9.61	9.74	4156760	40518556.00
2021/03/22	9.75	10.01	9.75	9.86	4062969	40255384.00
2021/03/23	9.78	9.86	9.46	9.59	4115160	39680000.00
2021/03/24	9.60	10.37	9.59	10.13	11059920	110545120.00
2021/03/25	10.16	10.29	9.66	9.77	7632669	75317192.00
2021/03/26	9.71	9.84	9.60	9.65	4108660	39894952.00
2021/03/29	9.70	10.27	9.68	9.88	6024380	60074196.00
2021/03/30	9.74	9.79	9.44	9.46	4101800	39191220.00
2021/03/31	9.45	9.88	9.44	9.58	4531280	43908484.00
2021/04/01	9.67	10.18	9.50	10.03	7852540	78046048.00
2021/04/02	10.23	10.23	9.98	9.99	4762540	48080196.00
2021/04/06	10.00	10.20	9.86	9.88	3907480	39020932.00
2021/04/07	9.96	9.97	9.80	9.89	2539200	25054928.00
2021/04/08	9.98	9.99	9.66	9.68	3157800	30811170.00
2021/04/09	9.70	9.81	9.62	9.75	1807200	17561030.00
2021/04/12	9.71	9.77	9.39	9.45	2953340	28141968.00
2021/04/13	9.39	9.48	9.15	9.23	2358460	21896156.00
2021/04/14	9.23	9.32	9.18	9.23	1674220	15449958.00
2021/04/15	9.23	9.23	9.01	9.06	2064396	18800188.00
2021/04/16	9.12	9.64	9.07	9.61	4923795	46479332.00
2021/04/19	9.50	10.08	9.48	9.99	7031913	69522944.00
2021/04/20	10.30	11.43	10.21	10.86	19882643	213798096.00
2021/04/21	10.77	11.94	10.77	11.72	19492613	224561744.00
2021/04/22	11.88	12.18	11.65	11.82	16174726	192355904.00
2021/04/23	11.61	12.06	11.57	12.02	10361460	122830024.00
2021/04/26	12.10	12.64	11.93	11.93	11591330	142558704.00
2021/04/27	12.29	12.32	11.78	11.83	7288271	87234352.00
2021/04/28	11.98	12.14	11.27	11.39	7881381	91788800.00
2021/04/29	11.16	11.53	10.88	11.00	7401431	82320520.00
2021/04/30	11.19	11.20	10.80	10.91	4585920	50360664.00
2021/05/06	10.91	11.42	10.88	10.96	5697800	63400236.00
2021/05/07	10.93	11.09	10.63	10.77	4771760	51636072.00
2021/05/10	10.79	11.36	10.73	11.22	8417820	93420872.00
2021/05/11	11.14	11.16	10.74	10.86	5945020	64918336.00
2021/05/12	10.80	10.82	10.51	10.62	4263840	45351024.00
2021/05/13	10.50	10.97	10.41	10.83	6112020	65646304.00
2021/05/14	10.82	11.37	10.65	11.14	8535860	94727496.00
2021/05/17	10.92	11.09	10.11	10.15	10029812	104583024.00
2021/05/18	10.18	10.77	10.12	10.58	6935260	72280344.00
2021/05/19	10.46	10.59	10.26	10.29	3617780	37494368.00
2021/05/20	10.26	10.33	10.13	10.13	3147740	32128928.00
2021/05/21	10.16	10.30	10.01	10.20	3005200	30552164.00
2021/05/24	10.18	10.18	9.94	10.06	3687600	37096876.00
2021/05/25	10.18	10.39	10.00	10.13	5361560	54517664.00
2021/05/26	10.09	10.25	10.04	10.07	4309500	43652940.00
2021/05/27	10.17	10.24	10.06	10.18	4864800	49420276.00
2021/05/28	10.14	10.46	10.01	10.03	6956121	71006072.00
2021/05/31	9.99	10.07	9.83	9.95	5273820	52668272.00
2021/06/01	10.04	10.11	9.86	10.04	2860700	28659652.00
2021/06/02	10.10	10.11	9.81	9.85	4000066	39686700.00
2021/06/03	9.86	10.05	9.85	10.02	3560746	35510808.00
2021/06/04	9.98	10.11	9.84	9.92	3842300	38174632.00
2021/06/07	9.99	9.99	9.62	9.74	3893700	38102400.00
2021/06/08	9.79	10.30	9.68	9.94	7259240	72708896.00
2021/06/09	9.86	10.02	9.73	9.92	3988143	39433436.00
2021/06/10	9.92	10.16	9.87	10.09	4658300	46764544.00
2021/06/11	10.17	10.37	10.08	10.13	5960842	60857108.00
2021/06/15	10.10	10.34	10.03	10.20	5022220	51190248.00
2021/06/16	10.12	10.18	9.80	9.89	4345180	43363844.00
2021/06/17	9.91	9.96	9.72	9.81	2526684	24789416.00
2021/06/18	9.73	9.94	9.73	9.91	2203080	21744618.00
2021/06/21	9.90	10.10	9.80	10.00	2811380	27996204.00
2021/06/22	10.00	10.16	9.99	10.03	3812020	38366012.00
2021/06/23	10.10	10.18	9.97	10.12	3236800	32680708.00
2021/06/24	10.03	10.24	10.01	10.19	3990120	40507244.00
2021/06/25	10.16	10.19	9.84	9.90	4375400	43523812.00
2021/06/28	9.99	10.05	9.90	9.92	2477800	24659340.00
2021/06/29	9.87	9.92	9.66	9.66	3638400	35439144.00
2021/06/30	9.62	9.72	9.58	9.65	2249110	21688718.00
2021/07/01	9.66	9.70	9.31	9.31	3580360	33954612.00
2021/07/02	9.28	9.48	9.25	9.37	1948070	18337702.00
2021/07/05	9.37	9.70	9.37	9.65	2908530	27807550.00
2021/07/06	9.65	10.57	9.57	10.18	10904969	110933344.00
2021/07/07	10.18	10.32	10.04	10.18	5390798	54760952.00
2021/07/08	10.20	10.32	10.14	10.21	5114588	52254972.00
2021/07/09	10.18	10.58	10.08	10.56	7647736	79668720.00
2021/07/12	10.56	11.92	10.56	11.79	16632760	190110352.00
2021/07/13	11.55	12.13	11.45	11.76	16156016	189611808.00
2021/07/14	11.73	11.81	11.47	11.56	7298140	84885792.00
2021/07/15	11.52	11.68	11.08	11.14	8865240	100105984.00
2021/07/16	11.15	11.18	10.83	10.88	5442316	59669776.00
2021/07/19	10.92	11.15	10.71	11.07	5705260	62386300.00
2021/07/20	10.98	11.07	10.72	10.88	3498360	37943820.00
2021/07/21	10.88	11.12	10.82	10.92	3332500	36493724.00
2021/07/22	10.96	11.13	10.85	10.96	3607580	39540696.00
2021/07/23	10.99	11.02	10.66	10.68	4055060	43770744.00
2021/07/26	10.67	10.86	10.54	10.79	4908860	52431312.00
2021/07/27	10.93	10.93	10.14	10.16	5445520	57152328.00
2021/07/28	10.10	10.31	9.65	9.79	4454420	44373076.00
2021/07/29	10.22	10.33	9.88	10.09	4867460	49014664.00
2021/07/30	10.05	10.51	10.00	10.47	5844720	60147244.00
2021/08/02	10.34	11.20	10.34	10.97	7054865	76499808.00
2021/08/03	10.97	11.35	10.85	11.08	7379530	82528928.00
2021/08/04	11.73	11.95	10.96	11.32	11172980	126447744.00
2021/08/05	11.05	11.34	11.00	11.15	6304420	70276152.00
2021/08/06	11.14	11.45	11.11	11.35	4936420	55848012.00
2021/08/09	11.25	11.51	11.12	11.14	3873360	43531684.00
2021/08/10	11.19	11.44	11.11	11.31	4065672	45958956.00
2021/08/11	11.25	11.38	11.09	11.32	3456480	38892312.00
2021/08/12	11.32	11.38	11.14	11.28	3344280	37629376.00
2021/08/13	11.28	11.90	11.19	11.73	7737060	90087744.00
2021/08/16	11.63	12.48	11.59	12.18	9954633	121180088.00
2021/08/17	12.13	12.50	11.93	12.05	8611080	105312192.00
2021/08/18	11.64	12.50	11.56	11.93	9433936	113508896.00
2021/08/19	11.78	11.96	11.60	11.70	5734760	67295528.00
2021/08/20	11.80	11.80	11.20	11.51	4226240	48527468.00
2021/08/23	11.60	12.77	11.60	12.63	9173000	113770560.00
2021/08/24	12.80	12.87	12.36	12.66	6492240	81801760.00
2021/08/25	12.60	12.70	12.28	12.63	5875800	73614568.00
2021/08/26	12.53	12.89	12.26	12.33	4485940	56066008.00
2021/08/27	12.23	12.39	11.88	11.98	4717980	56834976.00
2021/08/30	11.95	12.29	11.78	11.84	5700740	68241960.00
2021/08/31	11.89	11.89	11.49	11.64	3663860	42694296.00
2021/09/01	11.60	11.75	11.21	11.42	4373580	50156108.00
2021/09/02	11.62	11.69	11.22	11.30	4197200	47876664.00
2021/09/03	11.40	11.70	11.12	11.39	5207400	59473672.00
2021/09/06	11.45	11.48	11.10	11.30	3890475	43729888.00
2021/09/07	11.35	11.38	11.13	11.26	3936552	44126252.00
2021/09/08	11.25	12.15	11.17	12.15	12700119	150074544.00
2021/09/09	11.81	11.86	10.67	10.72	17627235	196879616.00
2021/09/10	10.63	10.72	10.41	10.47	6944260	73190008.00
2021/09/13	10.42	10.77	10.31	10.71	5923460	62618012.00
2021/09/14	10.71	10.99	10.57	10.66	6145860	66284640.00
2021/09/15	10.67	11.35	10.54	11.20	9469003	104539192.00
2021/09/16	11.22	11.26	10.84	10.84	5867123	64726728.00
2021/09/17	10.86	11.03	10.55	10.75	3511399	37599996.00
2021/09/22	10.60	11.32	10.60	11.15	5715635	63319544.00
2021/09/23	11.21	11.73	11.15	11.64	8094625	92757928.00
2021/09/24	11.82	13.97	11.60	13.97	38732061	523663072.00
2021/09/27	13.70	15.97	13.70	14.65	49373164	720887040.00
2021/09/28	14.43	15.02	13.72	14.27	30266133	433663872.00
2021/09/29	14.49	14.60	13.14	13.30	20752150	282726240.00
2021/09/30	13.70	15.96	13.70	15.96	52640950	796658752.00
2021/10/08	16.68	18.48	15.86	16.17	58390072	992577600.00
2021/10/11	16.31	19.40	16.17	18.58	59014810	1056168320.00
2021/10/12	18.22	19.22	15.87	16.20	50652130	870149504.00
2021/10/13	16.65	17.59	15.00	16.90	39048490	638049600.00
2021/10/14	16.95	20.28	16.76	20.28	59280071	1100847104.00
2021/10/15	20.85	20.95	18.62	19.44	44247838	868431168.00
2021/10/18	19.85	23.33	18.56	22.55	50619992	1074913408.00
2021/10/19	21.43	23.30	21.26	22.47	43581039	963275776.00
2021/10/20	23.43	26.90	21.88	24.53	56284561	1358791296.00
2021/10/21	24.97	29.44	24.18	29.44	58701410	1616101248.00
2021/10/22	30.02	30.82	27.49	29.32	49600491	1440592256.00
2021/10/25	29.00	30.60	27.58	29.90	43064617	1246360064.00
2021/10/26	29.20	29.68	25.60	25.70	54597579	1467841024.00
2021/10/27	25.02	26.44	23.88	25.94	48890541	1225212160.00
2021/10/28	24.50	24.60	22.26	22.52	45047921	1044563392.00
2021/10/29	22.57	23.20	21.68	22.82	35809235	804149568.00
2021/11/01	22.80	24.30	22.55	23.75	43434595	1015471040.00
2021/11/02	23.20	24.00	22.20	22.78	33609982	774981504.00
2021/11/03	22.81	24.20	22.28	23.99	39178303	922030656.00
2021/11/04	23.79	26.64	23.49	25.57	51205667	1284172288.00
2021/11/05	24.70	25.30	21.83	21.88	52670745	1245173632.00
2021/11/08	21.46	22.15	20.80	21.05	36003967	766748096.00
2021/11/09	21.28	21.85	21.07	21.73	27220313	586108800.00
2021/11/10	21.66	22.49	21.09	21.48	31247474	676911424.00
2021/11/11	21.59	23.33	21.35	22.43	36051257	810262912.00
2021/11/12	22.77	23.33	21.91	22.45	30566684	690227712.00
2021/11/15	21.80	21.90	18.90	19.06	49178615	965304896.00
2021/11/16	19.06	19.25	18.63	18.69	29079291	550657600.00
2021/11/17	18.77	19.16	18.37	19.07	25129569	473760032.00
2021/11/18	18.99	19.34	18.78	18.91	19591533	373368672.00
2021/11/19	19.01	19.08	18.41	18.63	18167934	339907712.00
2021/11/22	18.45	18.98	18.34	18.95	17000058	317610944.00
2021/11/23	18.88	19.94	18.25	19.00	35547868	680599424.00
2021/11/24	18.79	19.10	18.13	18.15	25655740	474469472.00
2021/11/25	18.18	18.35	17.87	18.29	17361864	314760288.00
2021/11/26	18.32	19.88	17.82	18.89	41999702	799441472.00
2021/11/29	18.30	19.45	18.30	19.41	28897285	549521024.00
2021/11/30	19.51	19.97	18.80	18.89	29104129	563422272.00
2021/12/01	18.90	19.39	18.48	18.93	19677617	371004672.00
2021/12/02	18.90	18.90	16.48	16.52	41094997	709114496.00
2021/12/03	16.53	16.69	16.30	16.56	17484200	288456864.00
2021/12/06	16.56	16.75	16.18	16.30	12791360	209957888.00
2021/12/07	16.37	16.45	15.99	16.17	11884295	192047632.00
2021/12/08	16.06	16.45	16.06	16.35	8108700	132128760.00
2021/12/09	16.44	16.66	16.26	16.40	9987100	163953056.00
2021/12/10	16.36	16.75	16.31	16.60	13162267	218355872.00
2021/12/13	16.60	17.15	16.51	16.94	13920040	234417824.00
2021/12/14	16.70	17.25	16.40	16.95	15199332	257140640.00
2021/12/15	16.85	17.40	16.79	16.85	16533160	282595392.00
2021/12/16	16.81	17.27	16.81	17.00	11665962	198967968.00
2021/12/17	17.12	17.14	16.44	16.50	13108910	218618704.00
2021/12/20	16.44	16.55	16.05	16.19	9230900	149951056.00
2021/12/21	16.11	16.49	16.10	16.41	7740880	126495896.00
2021/12/22	16.42	16.60	16.18	16.22	8740600	142613552.00
2021/12/23	16.20	16.85	15.96	16.39	15747857	257834544.00
2021/12/24	16.45	16.67	15.41	15.52	17712002	281380128.00
2021/12/27	15.35	16.04	15.28	15.63	12659846	198518528.00
2021/12/28	15.77	16.26	15.63	16.15	12969280	208081312.00
2021/12/29	16.20	16.63	16.08	16.16	11759051	191573952.00
2021/12/30	16.04	16.53	16.03	16.21	9996131	163157664.00
2021/12/31	16.30	16.44	16.04	16.06	7780500	125724816.00
2022/01/04	16.10	16.65	16.04	16.47	12625383	206973824.00
2022/01/05	16.40	16.46	15.70	16.10	14022311	224494944.00
2022/01/06	16.02	16.72	15.92	16.64	16746480	275657536.00
2022/01/07	16.73	16.95	16.07	16.17	15332928	251429424.00
2022/01/10	16.18	16.25	15.55	15.74	9381499	148368800.00
2022/01/11	15.80	16.00	15.63	15.85	6767097	106768616.00
2022/01/12	15.76	16.35	15.69	16.35	11385050	182980800.00
2022/01/13	16.42	16.65	16.15	16.18	11011940	180325968.00
2022/01/14	16.11	16.26	15.70	15.73	10802151	172204048.00
2022/01/17	15.54	16.33	15.53	16.28	16060486	256753632.00
2022/01/18	16.28	16.49	15.72	15.73	16943381	273286144.00
2022/01/19	15.70	16.80	15.60	16.59	23637136	387247520.00
2022/01/20	16.33	16.45	15.75	16.01	17336908	277102208.00
2022/01/21	15.89	16.08	15.66	15.71	8224037	130020712.00
2022/01/24	15.43	15.64	13.70	14.11	18248780	264205696.00
2022/01/25	13.87	13.94	12.33	12.36	19735194	257064608.00
2022/01/26	12.50	13.08	12.50	13.00	14148180	181691328.00
2022/01/27	12.93	13.13	12.35	12.35	10481874	132687656.00
2022/01/28	12.48	12.81	12.14	12.44	10930990	137035488.00
2022/02/07	12.71	12.80	12.42	12.50	8458280	106503096.00
2022/02/08	12.63	12.92	12.37	12.90	8487136	107929592.00
2022/02/09	12.81	13.31	12.70	13.28	7973666	104382264.00
2022/02/10	13.25	13.29	12.80	12.93	7868027	102152648.00
2022/02/11	12.92	12.92	12.33	12.39	6936460	86948928.00
2022/02/14	12.40	12.57	12.29	12.52	5721600	71333704.00
2022/02/15	12.40	12.62	12.04	12.49	7050734	87544456.00
2022/02/16	12.54	12.99	12.49	12.87	8344195	106706800.00
2022/02/17	12.87	12.93	12.69	12.75	7194800	92029840.00
2022/02/18	12.77	13.11	12.61	13.05	8477201	109109288.00
2022/02/21	13.91	14.39	13.46	14.10	29386219	409802048.00
2022/02/22	13.90	14.80	13.60	14.28	26666139	377235360.00
2022/02/23	14.28	14.60	13.92	14.36	20182200	288209568.00
2022/02/24	14.76	15.67	14.12	14.80	37261174	559981120.00
2022/02/25	14.50	14.95	14.27	14.33	22004969	319748352.00
2022/02/28	14.20	14.23	13.71	14.15	15896401	222401632.00
2022/03/01	14.07	14.63	14.04	14.36	12979336	186667216.00
2022/03/02	14.10	14.48	13.78	14.03	13875856	195959296.00
2022/03/03	13.90	14.08	13.62	13.66	13059603	180011136.00
2022/03/04	13.59	13.78	13.30	13.39	8342400	112927064.00
2022/03/07	13.22	13.50	13.04	13.16	6888600	91448312.00
2022/03/08	13.17	13.30	12.46	12.48	9943396	127450080.00
2022/03/09	12.55	12.65	11.39	12.17	11308100	136919024.00
2022/03/10	13.00	13.51	12.48	12.66	14544622	186458928.00
2022/03/11	12.53	12.75	12.15	12.67	11419104	142782880.00
2022/03/14	12.61	12.74	11.94	11.94	10253060	125903896.00
2022/03/15	11.88	12.06	11.20	11.20	9498200	111351648.00
2022/03/16	11.52	11.70	11.16	11.60	11171100	128453832.00
2022/03/17	11.80	12.07	11.64	11.69	11285660	134101080.00
2022/03/18	11.69	12.06	11.65	11.86	9417100	111759376.00
2022/03/21	11.87	12.19	11.80	12.05	8164898	98173824.00
2022/03/22	12.09	12.12	11.72	11.88	7426500	87814624.00
2022/03/23	11.92	12.12	11.82	11.92	9830300	117497872.00
2022/03/24	11.83	11.84	11.50	11.59	7759900	90149512.00
2022/03/25	11.77	11.99	11.59	11.59	9703500	114554432.00
2022/03/28	11.47	11.65	11.26	11.39	7498000	85578168.00
2022/03/29	11.30	11.44	11.03	11.15	7518160	84248656.00
2022/03/30	11.32	11.42	11.13	11.19	5316200	59723428.00
2022/03/31	11.18	11.32	11.03	11.23	7080700	79287864.00
2022/04/01	11.35	11.44	10.91	11.13	8488960	94082160.00
2022/04/06	11.05	11.60	10.92	11.42	10922680	124239296.00
2022/04/07	11.39	11.46	10.84	10.86	8176900	90349808.00
2022/04/08	10.87	10.93	10.51	10.62	6587700	70351008.00
2022/04/11	10.52	10.59	10.05	10.21	7344700	75492872.00
2022/04/12	10.16	10.40	10.00	10.32	6206560	63456432.00
2022/04/13	10.22	10.38	10.02	10.28	7956660	80918536.00
2022/04/14	10.55	10.55	10.00	10.10	9820600	100299520.00
2022/04/15	9.66	9.96	9.60	9.70	10540160	102730792.00
2022/04/18	9.65	10.21	9.53	10.10	8993800	89788928.00
2022/04/19	10.15	10.27	10.01	10.18	5877260	59582424.00
2022/04/20	10.21	10.30	9.88	9.92	6146500	62009972.00
2022/04/21	9.95	9.96	9.22	9.30	7152800	68446944.00
2022/04/22	9.30	9.30	9.00	9.07	5061200	46183536.00
2022/04/25	8.90	8.92	8.10	8.10	8166003	69343800.00
2022/04/26	8.08	8.21	7.58	7.66	10586416	83990624.00
2022/04/27	7.65	7.85	7.28	7.78	17068166	129400864.00
2022/04/28	8.33	8.60	7.83	7.97	24446600	198683264.00
2022/04/29	7.88	8.52	7.88	8.37	19459224	161075760.00
2022/05/05	8.38	8.95	8.23	8.80	15299584	132751984.00
2022/05/06	8.62	9.13	8.51	8.87	12896280	113344512.00
2022/05/09	8.86	9.03	8.72	8.83	10201480	90458784.00
2022/05/10	8.74	9.05	8.67	9.03	7693820	68696424.00
2022/05/11	9.04	9.37	8.87	8.99	11136780	102135016.00
2022/05/12	8.90	9.30	8.88	9.05	8109240	73696008.00
2022/05/13	9.07	9.14	8.90	9.07	5824600	52605192.00
2022/05/16	9.09	9.40	8.96	9.06	6622700	60289896.00
2022/05/17	9.05	9.07	8.80	9.01	6081860	54278996.00
2022/05/18	9.06	9.32	9.05	9.21	8394530	77499000.00
2022/05/19	9.09	9.66	9.04	9.49	12615800	118438752.00
2022/05/20	9.45	9.58	9.38	9.49	8983300	85175168.00
2022/05/23	9.47	9.79	9.41	9.73	8261500	79871048.00
2022/05/24	9.72	9.82	9.06	9.08	9130200	86132128.00
2022/05/25	9.00	9.34	9.00	9.31	7246060	67007824.00
2022/05/26	9.43	9.48	9.13	9.27	6057200	56140692.00
2022/05/27	9.28	9.47	9.09	9.21	6738700	62451080.00
2022/05/30	9.22	9.26	8.98	9.12	5866500	53311692.00
2022/05/31	9.06	9.20	8.90	9.12	6172669	55835692.00
2022/06/01	9.12	9.52	9.02	9.28	8302820	77131952.00
2022/06/02	9.26	9.59	9.15	9.55	8564800	80735264.00
2022/06/06	9.52	9.77	9.51	9.74	7084000	68491984.00
2022/06/07	9.82	9.82	9.36	9.45	7758100	73601744.00
2022/06/08	9.50	9.61	9.12	9.41	8163810	76378128.00
2022/06/09	9.31	9.37	8.98	9.02	8219300	74856280.00
2022/06/10	9.00	9.41	8.98	9.38	8911342	82622456.00
2022/06/13	9.21	9.63	9.21	9.62	10881618	103827952.00
2022/06/14	9.60	9.99	9.35	9.84	18778873	182824576.00
2022/06/15	9.96	10.12	9.70	9.73	14971330	147821328.00
2022/06/16	9.71	10.11	9.67	10.03	14059640	139672032.00
2022/06/17	9.97	10.85	9.88	10.38	25930056	269565728.00
2022/06/20	10.25	10.64	10.21	10.44	16834260	174917856.00
2022/06/21	10.42	10.84	10.31	10.84	22011300	234035568.00
2022/06/22	10.95	10.95	10.28	10.32	22493052	236282192.00
2022/06/23	10.50	10.55	10.12	10.53	14226980	147266320.00
2022/06/24	10.64	10.94	10.54	10.74	15867200	170872560.00
2022/06/27	10.69	10.96	10.62	10.89	14378436	155119648.00
2022/06/28	10.90	11.46	10.75	11.30	18557583	208468608.00
2022/06/29	11.28	11.38	10.84	10.84	15272343	168483040.00
2022/06/30	10.87	10.98	10.70	10.75	9217600	99605888.00
2022/07/01	10.73	12.30	10.68	11.91	32706964	376280992.00
2022/07/04	11.98	12.64	11.41	12.28	42888453	513589600.00
2022/07/05	12.10	12.20	11.53	11.80	25100452	297023328.00
2022/07/06	11.85	12.47	11.55	12.01	31041797	374982112.00
2022/07/07	12.00	12.00	11.31	11.57	23203140	267778096.00
2022/07/08	11.51	11.72	11.11	11.29	19892310	226693936.00
2022/07/11	11.37	11.39	10.70	10.89	15404760	168814288.00
2022/07/12	10.82	10.89	10.37	10.41	11992940	126719128.00
2022/07/13	10.43	10.73	10.43	10.58	9381910	99337160.00
2022/07/14	10.57	11.05	10.45	10.89	10988333	119046008.00
2022/07/15	10.75	10.93	10.51	10.51	9652600	103227032.00
2022/07/18	10.57	11.50	10.52	11.45	18935128	211081408.00
2022/07/19	11.60	11.67	11.19	11.35	13694800	154926624.00
2022/07/20	11.35	11.44	11.22	11.43	10558249	119515984.00
2022/07/21	11.38	11.40	11.17	11.18	9582300	108019856.00
2022/07/22	11.19	11.64	11.19	11.37	13922300	159148000.00
2022/07/25	11.56	12.42	11.52	11.61	22211423	262589936.00
2022/07/26	11.45	11.89	11.04	11.68	17985758	206302096.00
2022/07/27	11.64	12.07	11.42	11.95	19810030	233947632.00
2022/07/28	11.97	12.26	11.83	12.25	23288346	282061184.00
2022/07/29	12.55	12.92	12.09	12.20	38329343	478799008.00
2022/08/01	12.08	12.72	11.90	12.60	28524440	352933408.00
2022/08/02	12.28	12.28	11.50	11.66	25198777	298217440.00
2022/08/03	11.76	12.30	11.42	11.49	17211750	203631072.00
2022/08/04	11.61	12.00	11.52	11.83	12238000	143470752.00
2022/08/05	11.76	11.85	11.28	11.58	15301212	175755168.00
2022/08/08	11.45	11.74	11.41	11.68	10135930	117713328.00
2022/08/09	11.68	12.23	11.66	12.11	16713708	201415280.00
2022/08/10	12.01	12.35	11.89	12.33	15474196	187099232.00
2022/08/11	12.53	13.95	12.27	13.58	50836424	669283456.00
2022/08/12	13.70	14.50	13.59	13.80	43859345	616412480.00
2022/08/15	13.89	14.20	13.70	14.00	23786588	330946848.00
2022/08/16	14.08	15.22	13.70	14.96	43474029	630933312.00
2022/08/17	14.90	15.28	14.31	14.62	29765724	437357152.00
2022/08/18	14.02	15.13	13.75	14.84	32549453	470556032.00
2022/08/19	14.70	14.80	13.80	13.85	21260078	300818208.00
2022/08/22	13.90	14.06	13.26	13.81	16245918	221804592.00
2022/08/23	13.87	14.48	13.67	14.25	16094989	228859072.00
2022/08/24	14.08	14.41	13.52	13.89	14573224	201972448.00
2022/08/25	13.94	13.96	12.66	12.82	19808770	258762400.00
2022/08/26	12.78	12.97	12.38	12.46	9712085	122868776.00
2022/08/29	12.14	12.55	11.94	12.37	6972990	85940848.00
2022/08/30	12.30	12.49	11.88	12.03	10023736	121470608.00
2022/08/31	11.98	12.03	11.46	11.50	11038685	128741344.00
2022/09/01	11.43	11.67	11.25	11.33	6110204	69977856.00
2022/09/02	11.40	12.45	11.30	12.42	14414755	172784640.00
2022/09/05	12.42	14.10	12.30	13.80	26767035	354482080.00
2022/09/06	14.09	14.42	13.52	13.84	30190912	422607008.00
2022/09/07	13.90	14.43	13.64	14.18	21493030	302527360.00
2022/09/08	14.01	14.38	13.61	13.66	14520464	202501984.00
2022/09/09	13.74	13.79	12.90	13.02	14499436	191165760.00
2022/09/13	13.27	13.39	12.71	12.93	8357347	108611952.00
2022/09/14	12.62	13.16	12.53	12.89	9966417	127919256.00
2022/09/15	12.91	13.05	12.25	12.40	11322500	142023696.00
2022/09/16	12.40	12.68	12.22	12.40	9169900	114011880.00
2022/09/19	12.22	12.74	11.95	12.00	9084314	111399000.00
2022/09/20	12.26	14.40	12.10	14.40	38608022	522958880.00
2022/09/21	14.30	14.37	13.78	13.96	31181657	438169120.00
2022/09/22	13.96	14.35	13.75	14.05	19280277	271859552.00
2022/09/23	14.06	14.22	13.27	13.44	16975337	230473776.00
2022/09/26	13.33	14.37	13.30	14.27	29856163	419011680.00
2022/09/27	14.26	14.39	13.85	14.20	18436776	259968864.00
2022/09/28	14.35	14.35	13.61	13.85	11867980	164137376.00
2022/09/29	13.89	14.10	13.31	13.31	15338883	209037824.00
2022/09/30	13.42	13.77	12.72	13.13	13483977	176996176.00
2022/10/10	13.07	13.11	12.56	12.61	9075960	116336392.00
2022/10/11	12.80	13.26	12.23	13.21	14376407	182296608.00
2022/10/12	13.19	14.08	13.05	14.00	24109158	329561056.00
2022/10/13	13.75	14.11	13.73	14.09	16342358	227675472.00
2022/10/14	14.10	14.79	13.91	14.66	23980710	348559328.00
2022/10/17	14.55	14.65	13.26	14.10	29963822	418916960.00
2022/10/18	14.17	15.76	13.88	15.34	35545050	522879424.00
2022/10/19	15.16	15.26	14.80	14.80	20339948	305546848.00
2022/10/20	14.76	15.24	14.38	14.48	18711755	277366688.00
2022/10/21	14.54	15.15	14.28	14.81	17988564	267196912.00
2022/10/24	14.77	15.18	14.05	14.11	17596357	257040352.00
2022/10/25	14.00	14.88	13.55	14.51	16804017	241507280.00
2022/10/26	14.65	15.18	14.35	15.11	21265635	317146720.00
2022/10/27	14.99	16.11	14.83	14.88	27876300	433414976.00
2022/10/28	14.88	15.24	14.10	14.33	19808407	289458912.00
2022/10/31	14.08	14.75	13.86	14.44	11036616	158474416.00
2022/11/01	14.21	14.98	14.21	14.87	13704473	201079456.00
2022/11/02	14.75	15.70	14.71	15.25	18691561	285775456.00
2022/11/03	15.08	15.45	14.98	15.02	13982754	212113392.00
2022/11/04	15.08	15.39	14.88	15.20	13785812	209048304.00
2022/11/07	15.10	16.08	15.01	15.88	20593202	322720544.00
2022/11/08	15.88	15.93	15.35	15.80	12450265	194585728.00
2022/11/09	15.68	16.37	15.42	16.32	17498626	278946368.00
2022/11/10	16.03	16.42	15.40	15.40	19049444	302363648.00
2022/11/11	15.70	15.83	14.71	14.79	21102880	318860448.00
2022/11/14	14.63	15.00	14.20	14.36	16862018	244181184.00
2022/11/15	14.27	14.97	14.25	14.97	11231560	165266112.00
2022/11/16	14.93	15.07	14.62	14.82	8158504	120862216.00
2022/11/17	14.82	14.88	14.41	14.75	7510181	109517912.00
2022/11/18	14.77	15.10	14.41	14.44	9657881	142365328.00
2022/11/21	14.44	15.48	14.27	15.30	15215978	228477536.00
2022/11/22	15.19	15.50	15.17	15.25	10262300	157160064.00
2022/11/23	15.20	15.65	14.91	14.98	12724952	194230928.00
2022/11/24	14.90	15.11	14.54	14.56	9422334	138916288.00
2022/11/25	14.54	14.70	14.05	14.05	7934759	113198856.00
2022/11/28	13.79	14.09	13.50	13.64	7568831	104163520.00
2022/11/29	13.59	13.59	13.16	13.53	10972569	147318544.00
2022/11/30	13.50	13.55	13.01	13.16	9384664	124589688.00
2022/12/01	13.35	13.80	13.17	13.69	8563691	116447016.00
2022/12/02	13.55	13.82	13.31	13.33	7881463	106620688.00
2022/12/05	13.33	13.41	12.73	12.91	12699610	164982528.00
2022/12/06	12.91	13.20	12.61	12.95	8808466	113788408.00
2022/12/07	12.98	13.28	12.80	12.98	7420799	96905456.00
2022/12/08	12.99	13.15	12.81	12.92	4614870	59823684.00
2022/12/09	13.08	13.09	12.80	12.87	4377234	56569660.00
2022/12/12	12.77	12.86	12.43	12.66	5257105	66423988.00
2022/12/13	12.79	12.83	12.26	12.29	5732128	71517352.00
2022/12/14	12.25	12.40	12.06	12.14	4233016	51691068.00
2022/12/15	12.25	12.46	12.00	12.44	3899313	48072580.00
2022/12/16	12.33	12.36	12.08	12.09	3567700	43392648.00
2022/12/19	12.05	12.20	11.71	11.79	4191900	49894968.00
2022/12/20	11.76	12.00	11.70	11.94	2531784	30044880.00
2022/12/21	11.96	11.96	11.40	11.52	5207447	60307316.00
2022/12/22	11.59	11.59	10.89	10.94	8667771	96260000.00
2022/12/23	11.04	11.04	10.37	10.49	6932692	73600720.00
2022/12/26	10.51	11.08	10.51	11.06	5855949	63803908.00
2022/12/27	11.10	11.30	10.84	11.05	5006103	55287484.00
2022/12/28	11.07	11.07	10.72	10.79	3311163	35894728.00
2022/12/29	10.83	10.94	10.61	10.62	3515100	37715172.00
2022/12/30	10.75	10.77	10.52	10.60	3536695	37609568.00
2023/01/03	10.76	11.28	10.64	11.25	5908870	65323244.00
2023/01/04	11.25	11.33	11.12	11.21	4292327	48135480.00
2023/01/05	11.18	11.33	11.08	11.19	4615923	51743528.00
2023/01/06	11.28	11.48	11.12	11.26	5539775	62683736.00
2023/01/09	11.25	11.47	11.18	11.22	4569265	51615316.00
2023/01/10	11.27	11.33	11.04	11.10	5328413	59348876.00
2023/01/11	11.13	11.14	10.81	10.87	4284085	47025248.00
2023/01/12	10.92	11.11	10.85	10.91	3577380	39207608.00
2023/01/13	11.00	11.00	10.76	10.88	2765698	29998744.00
2023/01/16	10.92	11.10	10.83	10.93	5756725	63236152.00
2023/01/17	10.91	11.02	10.71	10.77	5502870	59550028.00
2023/01/18	10.80	10.97	10.72	10.86	3350670	36480516.00
2023/01/19	10.88	11.02	10.75	11.02	3313500	36259016.00
2023/01/20	11.10	11.98	11.10	11.76	15817927	183991120.00
2023/01/30	11.92	12.17	11.91	11.97	10932571	131552800.00
2023/01/31	11.81	11.98	11.79	11.96	6923412	82183792.00
2023/02/01	11.96	12.17	11.90	12.14	6881699	82875848.00
2023/02/02	12.15	12.39	12.14	12.23	8101468	99349016.00
2023/02/03	12.17	12.30	11.86	12.02	8270712	99329176.00
2023/02/06	12.00	12.12	11.91	12.01	4598600	55165456.00
2023/02/07	12.06	12.58	11.95	12.47	10439067	128671744.00
2023/02/08	12.54	12.54	12.25	12.26	5906000	72747448.00
2023/02/09	12.30	12.85	12.30	12.84	13141214	167268896.00
2023/02/10	12.84	13.12	12.63	13.00	12232486	157933680.00
2023/02/13	13.03	13.10	12.80	12.97	10068338	130281120.00
2023/02/14	13.00	13.05	12.81	12.84	5387336	69403640.00
2023/02/15	12.84	13.26	12.81	13.18	8056394	105426840.00
2023/02/16	13.23	13.47	12.66	12.71	13384591	174717472.00
2023/02/17	12.73	12.89	12.41	12.41	8259775	104394752.00
2023/02/20	12.59	12.70	12.30	12.58	4828252	60294228.00
2023/02/21	12.56	12.67	12.33	12.43	4608800	57496660.00
2023/02/22	12.43	12.60	12.33	12.38	4510767	56017192.00
2023/02/23	12.40	12.44	12.20	12.28	4263200	52411776.00
2023/02/24	12.28	12.91	12.28	12.71	14409658	182305568.00
2023/02/27	12.66	12.67	12.32	12.33	7673000	95916056.00
2023/02/28	12.48	12.68	12.10	12.33	5095330	62819572.00
2023/03/01	12.33	12.45	12.16	12.41	5590825	69011880.00
2023/03/02	12.89	13.14	12.41	12.60	13114029	165996144.00
2023/03/03	12.32	12.46	12.14	12.19	8153269	99819680.00
2023/03/06	12.20	12.26	11.83	12.04	7173954	86277448.00
2023/03/07	11.99	12.01	11.38	11.39	8120487	94610520.00
2023/03/08	11.33	11.83	11.33	11.72	6016696	70259152.00
2023/03/09	11.77	11.87	11.55	11.57	3620278	42177804.00
2023/03/10	11.50	11.59	11.30	11.34	5359657	61122896.00
2023/03/13	11.34	11.38	11.09	11.32	4844660	54406768.00
2023/03/14	11.39	11.39	10.91	11.13	5272881	58509996.00
2023/03/15	11.30	11.55	11.20	11.23	4513187	51316116.00
2023/03/16	11.18	11.22	10.94	11.04	4072960	45053168.00
2023/03/17	11.13	11.28	11.06	11.19	4132965	46184160.00
2023/03/20	11.15	11.52	10.97	11.42	5754834	64927744.00
2023/03/21	11.38	11.51	11.31	11.48	4004600	45671540.00
2023/03/22	11.52	12.19	11.45	11.92	12577469	149038192.00
2023/03/23	11.80	12.37	11.62	12.34	17161238	207314096.00
2023/03/24	12.25	12.67	12.12	12.58	16735939	207552288.00
2023/03/27	12.59	12.69	12.12	12.26	14309728	176102944.00
2023/03/28	12.29	12.32	11.81	11.87	9303500	111701480.00
2023/03/29	11.88	12.03	11.71	11.93	5655100	67216360.00
2023/03/30	11.98	11.98	11.56	11.57	5226569	60962916.00
2023/03/31	11.57	11.86	11.47	11.71	4397227	51511772.00
2023/04/03	11.84	11.84	11.58	11.84	5109600	59961520.00
2023/04/04	11.77	12.09	11.58	11.60	8569368	101463824.00
2023/04/06	11.51	11.52	11.26	11.31	6490715	73657624.00
2023/04/07	11.31	11.80	11.27	11.64	5195649	59963148.00
2023/04/10	11.60	11.82	11.30	11.34	5374700	62056744.00
2023/04/11	11.27	11.38	11.18	11.24	3581991	40333848.00
2023/04/12	11.28	11.77	11.16	11.54	6990052	80316136.00
2023/04/13	11.43	11.53	11.13	11.13	6569871	74061456.00
2023/04/14	11.15	11.27	10.97	11.09	3858600	42816416.00
2023/04/17	11.04	11.16	10.90	11.00	3584114	39457460.00
2023/04/18	10.98	11.00	10.56	10.77	5265313	56311544.00
2023/04/19	10.72	10.81	10.63	10.66	2606000	27896224.00
2023/04/20	10.70	10.70	10.43	10.54	3242800	34091224.00
2023/04/21	10.52	10.67	10.06	10.07	4982450	51061900.00
2023/04/24	10.02	10.35	10.00	10.18	4094700	41807952.00
2023/04/25	10.20	10.26	9.59	9.80	5509656	54171268.00
2023/04/26	9.60	9.94	9.51	9.82	3789303	37107884.00
2023/04/27	9.82	9.88	9.52	9.58	3674331	35568516.00
2023/04/28	9.82	10.15	9.66	10.09	4391826	43783392.00
2023/05/05	10.22	10.22	10.22	10.22	0	0.00
数据来源:通达信
