300427 *ST红相 日线 不复权
      日期	    开盘	    最高	    最低	    收盘	    成交量	    成交额
2015/02/17	12.55	15.06	12.55	15.06	16600	249120.00
2015/02/25	16.57	16.57	16.57	16.57	8700	144159.00
2015/02/26	18.23	18.23	18.23	18.23	1200	21876.00
2015/02/27	20.05	20.05	20.05	20.05	17500	350875.00
2015/03/02	22.06	22.06	22.06	22.06	20400	450024.00
2015/03/03	24.27	24.27	24.27	24.27	128750	3124762.50
2015/03/04	26.70	26.70	25.50	26.70	9141373	242075952.00
2015/03/05	27.20	29.37	26.71	29.37	9616930	275232672.00
2015/03/06	30.10	31.98	27.92	28.02	13451846	406460256.00
2015/03/09	26.82	27.00	25.88	26.13	8773650	231269456.00
2015/03/10	26.15	26.93	26.02	26.68	5075141	133956904.00
2015/03/11	26.39	28.85	26.19	27.78	6442991	177980560.00
2015/03/12	27.74	27.74	26.00	26.56	4702273	125181312.00
2015/03/13	26.50	27.18	26.40	27.01	2936304	78844264.00
2015/03/16	27.40	28.18	27.21	27.86	3653843	101569928.00
2015/03/17	28.29	28.80	27.73	28.38	5140301	144924448.00
2015/03/18	28.04	29.60	28.04	29.46	4953087	143107712.00
2015/03/19	29.60	30.78	28.82	30.30	4959330	147252816.00
2015/03/20	30.01	30.47	29.54	30.00	3702394	110855496.00
2015/03/23	30.08	30.47	29.91	30.44	3505546	105824696.00
2015/03/24	30.49	30.49	28.83	30.00	4218491	125517832.00
2015/03/25	29.71	30.57	29.51	30.25	3816592	114908320.00
2015/03/26	29.85	30.22	29.25	29.70	2974616	88389112.00
2015/03/27	29.51	29.85	29.27	29.75	2037669	60303880.00
2015/03/30	29.75	30.60	29.70	30.06	2673791	80682688.00
2015/03/31	30.09	30.35	29.73	29.82	2185088	65503208.00
2015/04/01	29.91	32.80	29.91	32.80	6134008	195029008.00
2015/04/02	33.09	34.89	32.23	33.50	6034664	202197920.00
2015/04/03	34.00	35.13	33.52	34.50	4942794	169380144.00
2015/04/07	34.69	34.69	33.69	34.42	4291204	145927024.00
2015/04/08	34.33	34.60	32.80	33.49	3613267	121679104.00
2015/04/09	33.14	36.16	32.13	35.72	5015027	170443328.00
2015/04/10	35.00	37.17	34.70	36.66	3941589	141831264.00
2015/04/13	36.61	40.20	36.20	38.64	4121649	158697904.00
2015/04/14	38.10	42.50	38.05	42.50	4854008	203152752.00
2015/04/15	42.82	44.35	38.25	39.90	5620153	231824128.00
2015/04/16	38.00	40.99	36.91	40.50	4036427	157997232.00
2015/04/17	40.10	40.76	38.56	39.31	3369603	132555440.00
2015/04/20	38.65	39.86	37.56	37.60	2724499	104788032.00
2015/04/21	37.58	39.86	37.52	38.98	2476215	95826184.00
2015/04/22	39.26	40.66	38.35	38.93	3674004	143020576.00
2015/04/23	39.00	39.08	37.75	38.22	2618973	100045056.00
2015/04/24	37.60	38.36	36.18	38.11	2657638	99517520.00
2015/04/27	38.25	39.86	38.20	38.94	3565887	139135616.00
2015/04/28	38.76	38.78	36.78	37.00	2381760	89946264.00
2015/04/29	37.50	39.20	36.80	38.49	2095448	80369264.00
2015/04/30	38.34	40.80	38.34	39.22	3850190	153994256.00
2015/05/04	38.82	43.14	38.48	43.14	4149599	172178912.00
2015/05/05	44.60	47.45	43.00	44.99	5089947	232569680.00
2015/05/06	45.80	49.49	45.18	49.49	2526707	122226880.00
2015/05/07	51.90	51.90	44.54	44.54	4694661	221845616.00
2015/05/08	43.10	48.99	43.00	48.69	5571084	255516992.00
2015/05/11	48.20	53.56	48.00	53.56	4119209	209566704.00
2015/05/12	57.00	58.92	55.56	58.92	5151743	298974880.00
2015/05/13	57.00	64.81	55.00	63.50	4251609	256802288.00
2015/05/14	62.14	66.78	60.80	61.01	3565713	226308256.00
2015/05/15	60.00	64.30	56.02	63.00	3247909	198549248.00
2015/05/18	61.95	69.30	60.12	69.30	2458564	167135424.00
2015/05/19	72.36	76.23	68.88	76.23	2648216	193913920.00
2015/05/20	76.50	83.85	73.88	79.10	2289219	183961632.00
2015/05/21	79.00	85.10	74.75	80.35	2804963	219697232.00
2015/05/22	84.98	84.98	74.00	76.40	3110741	240220192.00
2015/05/25	74.40	74.40	68.84	70.90	3986061	285404096.00
2015/05/26	70.91	77.56	70.91	75.94	3954580	293907840.00
2015/05/27	76.24	83.52	73.14	83.52	3885274	310536960.00
2015/05/28	87.75	91.87	82.81	83.02	4561842	402757632.00
2015/05/29	76.50	86.50	74.72	77.12	2941442	232666304.00
2015/06/01	76.00	79.99	72.35	76.40	3028608	231450000.00
2015/06/02	78.00	78.00	73.80	75.29	2497440	188675520.00
2015/06/03	75.80	81.18	75.30	79.00	2510004	195328224.00
2015/06/04	80.99	80.99	71.10	71.80	2514441	186193824.00
2015/06/05	73.80	74.90	68.53	71.79	2282795	164793904.00
2015/06/08	72.00	72.90	64.90	66.05	2272800	153309280.00
2015/06/09	66.20	72.66	66.20	72.66	2805045	201138896.00
2015/06/10	73.96	79.88	72.66	79.01	3116648	241501216.00
2015/06/11	79.00	86.91	75.98	86.91	2506454	208218336.00
2015/06/12	95.60	95.60	84.31	84.50	3908491	358025120.00
2015/06/15	80.29	90.00	78.32	82.00	2724572	227522992.00
2015/06/16	80.00	80.80	73.80	74.10	2377797	178991904.00
2015/06/17	79.45	81.51	75.03	81.51	2115997	166545968.00
2015/06/18	82.89	86.68	78.00	81.60	1634169	134321152.00
2015/06/19	75.01	86.49	75.01	77.88	2308723	186818336.00
2015/06/23	77.03	82.90	70.33	82.66	2169220	170620896.00
2015/06/24	83.97	90.00	80.88	86.72	3174598	272788928.00
2015/06/25	85.00	86.00	78.50	79.80	2311749	191567056.00
2015/06/26	77.00	79.50	71.82	71.82	1420136	105662776.00
2015/06/29	73.36	73.36	64.64	64.64	1200490	79072792.00
2015/09/29	58.01	58.01	58.01	58.01	15900	922359.00
2015/09/30	52.21	52.21	52.21	52.21	22100	1153841.00
2015/10/08	47.47	55.05	46.99	52.50	6658006	331535584.00
2015/10/09	50.00	52.29	49.73	50.40	3370499	170816624.00
2015/10/12	50.44	55.38	50.44	53.60	3180535	169782000.00
2015/10/13	52.51	56.66	52.51	56.22	3893488	211811040.00
2015/10/14	56.23	61.84	56.22	61.84	4124179	248395808.00
2015/10/15	61.50	65.75	61.00	65.00	2932584	184926944.00
2015/10/16	65.02	65.98	60.90	65.40	3396062	215520832.00
2015/10/19	64.02	65.40	60.94	61.36	1810849	113558904.00
2015/10/20	61.98	63.97	61.98	63.14	1744066	109880288.00
2015/10/21	62.80	62.95	57.50	60.00	1983484	120772120.00
2015/10/22	60.40	66.00	59.88	66.00	1864352	118160472.00
2015/10/23	66.48	72.60	66.00	72.60	2161253	153334176.00
2015/10/26	71.88	76.00	70.00	71.56	1402966	101830512.00
2015/10/27	72.10	78.58	72.00	78.58	1650089	125779592.00
2015/10/28	76.32	80.05	74.00	74.01	1573877	119183208.00
2015/10/29	75.49	76.10	71.01	75.90	1373813	102117384.00
2015/10/30	73.98	79.89	73.98	75.20	1195358	92071296.00
2015/11/02	72.01	79.50	71.20	74.25	1452988	109342384.00
2015/11/03	73.10	75.00	71.00	74.00	1661330	120871616.00
2015/11/04	73.78	78.11	73.55	78.00	1692802	129232216.00
2015/11/05	77.25	79.47	75.00	75.70	1149272	88108648.00
2015/11/06	75.07	82.88	74.97	78.97	1597698	125983872.00
2015/11/09	79.70	83.97	77.00	82.08	1404138	113897720.00
2015/11/10	82.50	90.00	81.20	89.59	1553261	134416688.00
2015/11/11	88.98	94.98	87.61	94.00	1520625	140385376.00
2015/11/12	93.96	94.50	90.00	92.40	1291706	118666672.00
2015/11/13	91.00	91.00	83.16	83.16	1655965	141934144.00
2015/11/16	79.88	84.85	76.88	81.00	1158320	93437336.00
2015/11/17	82.70	82.98	80.13	81.47	987604	80337192.00
2015/11/18	82.94	83.00	76.60	77.95	829530	66556556.00
2015/11/19	77.50	80.98	76.01	80.60	1245544	97736400.00
2015/11/20	80.60	83.40	78.51	81.78	1510016	121477160.00
2015/11/23	80.50	81.98	73.60	75.80	1170802	92420008.00
2015/11/24	76.98	79.90	76.10	79.90	1295190	101494400.00
2015/11/25	80.00	82.80	78.50	82.13	1502563	120796752.00
2015/11/26	81.99	87.68	81.00	83.80	1906289	160726064.00
2015/11/27	84.00	84.98	75.42	76.00	1435492	114854576.00
2015/11/30	75.00	77.90	68.40	75.69	2114655	153138896.00
2015/12/01	77.08	78.34	68.12	68.96	2425959	179640064.00
2015/12/02	70.00	70.00	64.00	68.93	1466583	98326680.00
2015/12/03	68.01	70.98	68.01	70.32	697150	48864352.00
2015/12/04	70.00	71.97	69.00	69.90	714989	50395408.00
2015/12/07	70.98	73.70	70.04	72.88	833564	60128972.00
2015/12/08	73.00	73.20	70.09	70.20	756639	53993428.00
2015/12/09	70.40	70.50	67.00	68.10	881447	60387796.00
2015/12/10	67.30	68.96	67.12	68.05	461900	31352278.00
2015/12/11	67.85	67.98	67.01	67.50	349622	23576104.00
2015/12/14	66.59	71.48	65.10	71.00	1010153	69482352.00
2015/12/15	70.90	73.75	70.01	73.08	849865	61890496.00
2015/12/16	72.20	78.10	72.20	76.40	1108991	84345400.00
2015/12/17	75.95	79.95	75.95	77.94	830543	64961948.00
2015/12/18	77.20	78.48	73.40	74.82	830110	63064644.00
2015/12/21	74.70	75.50	72.56	73.83	620280	45640544.00
2015/12/22	73.80	78.80	73.55	77.30	791293	60833600.00
2015/12/23	76.73	79.69	76.58	76.83	619281	48279104.00
2015/12/24	77.70	78.90	75.00	78.90	765640	58853904.00
2015/12/25	78.80	79.97	77.19	77.92	499700	39332084.00
2015/12/28	77.77	85.00	77.21	83.03	1362000	110940840.00
2015/12/29	84.10	84.10	79.24	80.91	782566	63006828.00
2015/12/30	80.88	86.00	80.38	81.02	921786	76124352.00
2015/12/31	80.01	81.02	76.01	76.01	715662	55756912.00
2016/01/04	75.01	76.01	68.41	68.41	993950	68918040.00
2016/01/05	61.68	66.78	61.57	62.30	1997278	126438088.00
2016/01/06	62.50	66.58	61.50	66.48	1105132	70239904.00
2016/01/07	64.01	65.44	60.00	60.03	354488	22113488.00
2016/01/08	62.03	65.98	60.21	65.10	1573575	99635808.00
2016/01/11	64.05	66.77	62.39	62.70	950717	61549744.00
2016/01/12	62.69	68.50	62.02	66.65	885735	57950552.00
2016/01/13	66.65	67.48	64.40	67.19	851025	55939920.00
2016/01/14	65.01	70.49	60.80	69.78	1094802	73816696.00
2016/01/15	68.40	74.78	68.40	71.19	1591043	114685840.00
2016/01/18	70.98	73.30	69.15	72.38	1400093	99474160.00
2016/01/19	71.49	74.28	70.12	72.88	1344611	97511600.00
2016/01/20	72.34	72.79	69.25	69.90	1007461	71505848.00
2016/01/21	68.16	71.60	67.80	69.15	2386396	166237424.00
2016/01/22	68.66	70.49	67.70	69.38	1116162	76923304.00
2016/01/25	69.50	69.98	68.40	69.60	840013	58264724.00
2016/01/26	69.37	69.38	62.64	62.64	1125631	73089232.00
2016/01/27	60.50	62.60	56.50	58.49	1712243	100155392.00
2016/01/28	64.34	64.34	58.00	59.19	3845458	238219840.00
2016/01/29	57.00	60.16	54.60	58.40	2347603	135277856.00
2016/02/01	57.50	58.10	52.56	52.56	1967147	108507344.00
2016/02/02	52.19	55.16	52.19	54.50	1784110	96768664.00
2016/02/03	53.20	54.34	51.90	53.98	1760510	93739648.00
2016/02/04	54.32	57.00	53.86	56.47	3029474	167897552.00
2016/02/05	56.85	59.77	56.42	56.67	2755695	158465504.00
2016/02/15	53.21	56.75	53.21	56.74	1779431	98333968.00
2016/02/16	57.40	60.25	56.75	59.85	2180102	128007960.00
2016/02/17	59.60	63.00	58.70	62.02	3084313	187436672.00
2016/02/18	62.88	66.50	62.04	63.00	3057959	194822624.00
2016/02/19	62.49	65.90	62.12	63.81	2035601	130645624.00
2016/02/22	64.21	65.36	62.70	63.50	1880758	119263256.00
2016/02/23	63.66	65.18	62.10	63.42	1987493	127015472.00
2016/02/24	61.45	62.79	57.08	58.40	3117188	183779888.00
2016/02/25	57.55	58.00	52.56	52.56	2797318	151893120.00
2016/02/26	52.90	53.49	48.68	50.80	2142453	109923440.00
2016/02/29	50.32	51.48	45.72	45.72	2597654	121295856.00
2016/03/01	45.82	48.38	45.09	47.75	2248940	105535416.00
2016/03/02	47.80	50.83	47.30	50.28	2097076	102715352.00
2016/03/03	50.05	52.40	49.29	49.30	2107849	106995872.00
2016/03/04	48.30	49.50	45.60	45.70	1572734	74288648.00
2016/03/07	46.99	48.50	46.51	46.92	1326484	62789764.00
2016/03/08	46.95	47.39	43.00	46.86	1560745	70556240.00
2016/03/09	45.91	46.86	45.03	46.02	987616	45467692.00
2016/03/10	46.20	46.98	45.20	45.56	1032269	47560528.00
2016/03/11	44.46	46.08	44.40	45.38	974067	44065020.00
2016/03/14	46.01	49.44	46.01	48.30	2082250	100164152.00
2016/03/15	48.00	48.72	46.80	47.23	1391425	66524332.00
2016/03/16	48.40	49.03	46.50	47.17	1155405	54848364.00
2016/03/17	47.20	49.80	46.82	49.47	2001044	97434296.00
2016/03/18	49.51	52.60	49.25	52.10	2353609	120658176.00
2016/03/21	53.43	54.85	52.66	53.99	2163983	115906432.00
2016/03/22	53.66	56.44	53.01	55.52	1840962	100829352.00
2016/03/23	55.01	59.50	54.90	59.21	2810851	162966240.00
2016/03/24	58.80	63.52	57.63	59.95	3337112	203502144.00
2016/03/25	59.50	61.30	56.20	57.69	2258976	131679544.00
2016/03/28	59.00	59.98	55.60	56.49	2109777	123115032.00
2016/03/29	56.48	57.98	55.65	57.09	1646703	93656496.00
2016/03/30	57.70	62.80	57.59	62.80	3300113	200613904.00
2016/03/31	64.50	66.12	62.00	63.00	3715810	236713280.00
2016/04/01	62.08	64.57	61.63	64.57	2521948	159460192.00
2016/04/05	65.00	69.00	64.98	67.51	2607322	175218320.00
2016/04/06	67.50	71.80	66.46	71.75	2893216	198582112.00
2016/04/07	71.10	73.00	69.64	70.00	2432099	172286944.00
2016/04/08	69.00	70.85	63.16	65.70	4852768	322453920.00
2016/04/11	65.29	67.20	64.53	65.95	3395491	223489280.00
2016/04/12	65.19	65.94	60.00	61.56	3256559	201720688.00
2016/04/13	62.16	64.80	61.01	63.20	2400611	151764528.00
2016/04/14	64.00	65.40	62.81	64.36	2318863	148302192.00
2016/04/15	65.90	70.00	65.36	67.50	6660759	452909952.00
2016/04/18	66.02	66.28	62.53	64.17	2938127	188525264.00
2016/04/19	64.20	65.47	63.81	64.10	1871098	121103104.00
2016/04/20	64.11	65.50	58.70	59.01	3300699	204301952.00
2016/04/21	59.49	59.97	57.50	57.70	1708912	100755344.00
2016/04/22	57.70	60.00	57.21	60.00	1588892	93038904.00
2016/04/25	59.50	59.55	57.11	58.30	1485713	86534288.00
2016/04/26	58.70	59.87	58.30	59.49	1343571	79396240.00
2016/04/27	59.35	59.40	57.10	57.30	1990401	115903808.00
2016/04/28	57.69	58.23	55.88	58.10	1589153	90340480.00
2016/04/29	57.80	59.47	57.21	58.70	1448177	85205992.00
2016/05/03	58.90	63.76	57.83	62.68	2454958	148997296.00
2016/05/04	62.40	64.50	61.61	63.04	2304038	145978368.00
2016/05/05	63.50	67.88	63.20	67.70	2876035	188884608.00
2016/05/06	67.75	70.40	64.75	65.04	4813623	325004800.00
2016/05/09	64.15	65.81	62.00	65.07	2568427	164807776.00
2016/05/10	64.20	65.20	61.65	62.00	2982178	189487584.00
2016/05/11	62.58	63.86	61.07	61.55	2168544	135474320.00
2016/05/12	59.00	59.00	55.69	58.05	2927830	167728192.00
2016/05/13	58.18	60.39	58.18	58.96	2315941	137241200.00
2016/05/16	59.00	61.05	57.33	61.05	1961130	117138512.00
2016/05/17	61.50	64.66	61.21	63.28	3484044	221127776.00
2016/05/18	18.71	19.17	17.75	17.75	9072056	163219776.00
2016/05/19	17.22	17.88	17.00	17.29	9037990	157313776.00
2016/05/20	16.97	16.97	16.10	16.49	7680032	126516152.00
2016/05/23	16.70	17.37	16.50	17.15	5377680	91377888.00
2016/05/24	17.26	17.82	16.60	17.80	9215195	158877360.00
2016/05/25	17.86	18.48	17.47	17.62	7655794	137917392.00
2016/05/26	17.38	17.75	17.01	17.63	4981828	86429504.00
2016/05/27	17.60	18.20	17.43	17.97	5720501	102356600.00
2016/05/30	17.97	19.26	17.80	18.82	10004039	187211872.00
2016/05/31	18.60	19.95	18.50	19.60	9731395	187712112.00
2016/06/01	19.42	20.65	19.40	19.71	9099929	183303424.00
2016/06/02	19.75	20.04	19.47	19.97	5873451	115985072.00
2016/06/03	20.05	20.63	19.78	20.28	7192917	145815696.00
2016/06/06	20.20	20.69	19.92	20.26	4796977	97339024.00
2016/06/07	20.02	20.18	19.51	19.90	5029268	99632752.00
2016/06/08	19.95	21.89	19.90	21.89	12137574	255653952.00
2016/12/22	23.00	24.08	21.10	22.03	26572227	601185280.00
2016/12/23	21.36	24.07	19.83	22.59	27800011	597766656.00
2016/12/26	21.40	21.94	20.55	20.66	13742370	289723072.00
2016/12/27	20.30	21.21	19.91	20.20	11059205	224545808.00
2016/12/28	20.01	20.40	19.51	19.69	7720414	153562640.00
2016/12/29	19.81	20.58	19.63	19.97	10588994	212868656.00
2016/12/30	19.80	19.99	18.41	18.50	10040110	192198784.00
2017/01/03	18.80	19.20	18.02	18.90	8591921	159388320.00
2017/01/04	18.89	19.19	18.65	18.85	6707377	127040736.00
2017/01/05	18.71	18.97	18.28	18.39	5157871	95981344.00
2017/01/06	18.50	18.60	17.70	17.73	5831175	105107368.00
2017/01/09	17.92	19.50	17.79	19.50	9104068	172130480.00
2017/01/10	20.39	21.25	19.70	20.48	20684731	425185664.00
2017/01/11	20.60	22.53	20.00	21.80	30749452	672120512.00
2017/01/12	20.98	21.59	20.50	20.75	20742979	435042240.00
2017/01/13	20.68	20.84	19.00	19.00	13962794	277501248.00
2017/01/16	18.83	18.85	17.31	18.75	13130498	237298064.00
2017/01/17	18.43	19.30	17.82	19.16	10702799	198780864.00
2017/01/18	19.20	19.25	18.03	18.32	7199600	133164096.00
2017/01/19	17.80	18.22	17.60	18.07	6134794	109499368.00
2017/01/20	17.80	18.59	17.80	18.14	6981732	127523928.00
2017/01/23	18.14	19.95	18.12	19.95	6274289	121434384.00
2017/01/24	20.50	21.73	20.43	20.70	19236797	402241376.00
2017/01/25	20.51	21.31	19.99	19.99	13202392	270801600.00
2017/01/26	20.33	20.93	19.75	20.13	9099899	184414064.00
2017/02/03	20.01	22.14	19.95	22.14	19325364	413861664.00
2017/02/06	22.25	23.98	21.58	23.06	25932050	589363520.00
2017/02/07	23.06	24.17	22.48	22.72	22948136	530747552.00
2017/02/08	22.50	24.00	22.30	23.16	21830939	507611008.00
2017/02/09	22.75	23.30	22.30	22.98	18113729	411707552.00
2017/02/10	22.67	22.81	21.05	21.20	19708701	432112416.00
2017/02/13	21.50	21.78	21.00	21.68	11030305	237199712.00
2017/02/14	21.87	21.88	21.23	21.38	7805775	167751072.00
2017/02/15	21.19	23.52	21.19	23.52	27568271	630212928.00
2017/02/16	24.00	25.87	23.83	25.38	41543358	1046048704.00
2017/02/17	25.22	27.49	24.70	25.93	44957773	1162959104.00
2017/02/20	24.70	25.63	24.08	24.45	26083115	644997504.00
2017/02/21	24.59	26.90	24.59	26.90	31770054	820161216.00
2017/02/22	26.91	27.98	25.80	27.19	37981215	1023000896.00
2017/02/23	26.05	26.48	25.58	26.18	23353924	609353216.00
2017/02/24	25.86	27.88	25.32	26.47	26381859	711726912.00
2017/02/27	26.30	28.36	26.00	27.97	31043117	851196160.00
2017/02/28	27.10	27.95	27.00	27.34	20199656	553388160.00
2017/03/01	27.36	27.86	26.40	27.19	19025736	514974560.00
2017/03/02	26.80	27.17	26.05	26.07	16707322	441100544.00
2017/03/03	25.75	27.36	25.55	26.54	17054533	454022496.00
2017/03/06	26.10	26.46	25.70	26.32	11201393	292450912.00
2017/03/07	26.41	27.50	26.41	27.03	19051074	515789568.00
2017/03/08	26.82	27.18	26.48	26.52	11180756	298396416.00
2017/03/09	26.20	26.45	25.50	25.89	9515455	246441696.00
2017/03/10	26.03	26.83	25.90	26.25	10714358	282882624.00
2017/03/13	26.35	26.57	25.32	25.84	10237653	263591360.00
2017/03/14	25.65	26.12	25.22	25.38	9227658	235804080.00
2017/03/15	25.45	27.37	24.90	26.70	19099049	496118848.00
2017/03/16	26.60	27.80	26.41	27.34	22758598	620273728.00
2017/03/17	27.10	29.10	26.75	27.57	29172809	812777216.00
2017/03/20	26.95	28.33	26.88	27.30	15562136	427171424.00
2017/03/21	27.05	27.29	26.60	26.97	10175459	273580640.00
2017/03/22	26.62	27.19	26.55	27.09	8762054	235281824.00
2017/03/23	27.00	27.00	25.50	25.72	15525945	405229408.00
2017/03/24	25.70	25.94	25.02	25.25	9170093	231947232.00
2017/03/27	25.26	26.55	25.25	26.50	12143294	317291072.00
2017/03/28	26.56	26.70	25.58	25.65	8469879	219589792.00
2017/03/29	25.45	26.25	25.40	25.67	7046508	182187712.00
2017/03/30	25.51	25.71	23.63	24.25	9830194	243591728.00
2017/03/31	24.20	24.86	24.16	24.51	5142242	126343696.00
2017/04/05	24.52	24.95	23.83	24.76	6742455	165377072.00
2017/04/06	24.71	27.00	24.38	25.89	13896673	358065280.00
2017/04/07	25.87	26.40	25.24	25.39	8728007	224632784.00
2017/04/10	24.98	25.35	24.61	24.90	5883758	146586352.00
2017/04/11	24.78	25.85	24.45	25.79	9983896	253178496.00
2017/04/12	26.07	26.75	25.54	26.08	14182968	370882048.00
2017/04/13	25.75	25.88	24.52	25.43	8475665	214002880.00
2017/04/14	25.30	25.71	24.65	24.86	5724013	143717376.00
2017/04/17	24.49	24.50	22.44	22.60	9448077	219843808.00
2017/04/18	22.62	22.97	20.70	21.28	8802920	192406032.00
2017/04/19	21.48	21.48	20.32	20.71	5652477	116834520.00
2017/04/20	20.74	21.35	20.74	21.07	4913668	103319952.00
2017/04/21	20.90	21.22	20.73	20.99	3199962	67198736.00
2017/04/24	20.81	21.05	19.71	19.71	4352986	88208144.00
2017/04/25	19.75	20.22	19.70	19.80	3390356	67662728.00
2017/04/26	20.11	20.16	19.80	20.02	3161744	63282660.00
2017/04/27	20.12	20.12	18.67	19.93	5462311	105997968.00
2017/04/28	19.91	20.15	19.70	20.00	2968446	59226396.00
2017/05/02	20.33	20.94	20.19	20.56	4653210	96058128.00
2017/05/03	20.56	20.86	20.34	20.43	3391922	69626152.00
2017/05/04	20.43	20.43	19.75	19.80	3752665	75017168.00
2017/05/05	19.79	20.10	19.45	19.48	2637970	52211028.00
2017/05/08	19.21	19.38	17.53	17.54	6588349	121022264.00
2017/05/09	17.56	18.30	17.55	18.11	4534072	81687888.00
2017/05/10	18.29	18.59	17.84	18.05	3374361	61235548.00
2017/05/11	17.81	18.37	17.50	18.36	3752854	67723552.00
2017/05/12	18.44	18.45	17.92	18.36	2630403	47750048.00
2017/05/15	18.12	18.38	18.03	18.20	1889886	34401020.00
2017/05/16	18.10	18.99	17.61	18.83	4016524	73968240.00
2017/05/17	18.79	19.65	18.76	18.96	6095017	117016288.00
2017/05/18	18.71	19.48	18.62	18.97	4131070	78989704.00
2017/05/19	18.97	19.44	18.70	19.14	2979556	56970768.00
2017/05/22	19.14	19.41	18.52	18.59	2586493	48741936.00
2017/05/23	18.59	18.59	17.86	18.10	2647876	47878812.00
2017/05/24	17.56	18.20	17.46	18.09	2436807	43355740.00
2017/05/25	18.08	18.35	17.77	18.20	2793218	50502332.00
2017/05/26	18.15	18.30	17.86	17.88	1516342	27377730.00
2017/05/31	18.11	18.35	17.83	17.84	1225800	22158014.00
2017/06/01	17.85	18.08	17.57	17.78	2557716	45556040.00
2017/06/02	17.78	18.20	17.53	18.15	2228826	39928788.00
2017/06/05	18.16	18.57	18.16	18.39	2268878	41748688.00
2017/06/06	18.39	18.54	18.18	18.34	1324335	24271644.00
2017/06/07	18.42	18.72	18.21	18.60	2974441	55220732.00
2017/06/08	18.59	18.65	18.19	18.20	2272721	41769492.00
2017/06/09	18.21	18.39	17.88	18.11	1875092	33876480.00
2017/06/12	18.00	19.92	17.91	19.92	7561735	145053280.00
2017/06/13	20.28	20.62	19.43	20.14	11508365	231329520.00
2017/06/14	20.06	20.48	19.74	19.90	7907485	158646096.00
2017/06/22	20.70	21.87	20.00	20.12	12401741	259225392.00
2017/06/23	19.08	19.99	19.07	19.80	5962800	116159864.00
2017/06/26	19.49	19.79	19.06	19.39	4528028	87585200.00
2017/06/27	19.45	21.00	19.28	20.40	9678427	197005472.00
2017/06/28	20.16	20.49	19.84	20.48	5658038	113954808.00
2017/06/29	20.40	20.49	20.10	20.21	3710957	75135544.00
2017/06/30	20.05	20.50	19.78	19.95	4268889	85983224.00
2017/07/03	19.86	20.08	19.60	19.95	3180350	63165632.00
2017/07/04	19.95	19.98	19.56	19.60	3242080	64037152.00
2017/07/05	19.51	19.83	19.41	19.77	2880572	56673520.00
2017/07/06	19.67	19.93	19.61	19.93	4371639	86541752.00
2017/07/07	19.99	20.48	19.89	20.27	7260484	146871632.00
2017/07/10	20.30	20.78	19.67	19.97	5944173	120068104.00
2017/07/11	19.62	19.73	19.15	19.18	4717304	91718776.00
2017/07/12	19.15	19.17	17.82	18.49	5696838	104997648.00
2017/07/13	18.48	18.50	18.05	18.18	3108432	56593308.00
2017/07/14	18.24	18.87	18.16	18.23	5114686	94551944.00
2017/07/17	17.85	17.99	16.41	16.41	6998531	117440536.00
2017/07/18	16.35	16.88	16.04	16.85	3903465	64747816.00
2017/07/19	16.80	16.87	16.50	16.75	2474727	41321028.00
2017/07/20	16.75	17.58	16.69	17.18	4793686	81584528.00
2017/07/21	17.18	17.22	16.76	16.79	2755624	46715044.00
2017/07/24	16.77	17.28	16.40	17.21	3525829	59426168.00
2017/07/25	17.21	17.48	16.88	16.98	2953015	50526356.00
2017/07/26	16.97	17.09	16.61	16.74	1957740	32838382.00
2017/07/27	16.74	17.26	16.51	17.14	3900011	66323252.00
2017/07/28	17.15	17.15	16.81	16.82	2487797	42203360.00
2017/07/31	16.90	17.25	16.82	16.91	1794161	30372956.00
2017/08/01	16.90	17.08	16.71	16.79	2299224	38804140.00
2017/08/02	16.85	16.86	16.27	16.56	3547376	58678728.00
2017/08/03	16.55	16.83	16.41	16.61	1998965	33181746.00
2017/08/04	16.82	17.27	16.52	16.92	4167061	70505280.00
2017/08/07	16.81	16.93	16.70	16.74	2203741	36961660.00
2017/08/08	16.70	16.87	16.52	16.67	1896887	31641064.00
2017/08/09	16.58	16.82	16.58	16.61	1551436	25880844.00
2017/08/10	16.59	16.72	16.23	16.68	2654303	43731432.00
2017/08/11	16.51	16.78	16.42	16.46	1806700	29998506.00
2017/08/14	16.43	16.79	16.40	16.71	1991764	33133402.00
2017/08/15	16.63	16.99	16.60	16.81	2210100	37107608.00
2017/08/16	16.81	17.45	16.71	17.17	5162420	88521328.00
2017/08/17	17.15	17.30	17.02	17.12	3454100	59313952.00
2017/08/18	17.18	17.18	16.75	16.75	3387340	57179976.00
2017/08/21	16.81	17.10	16.75	16.98	2322030	39251856.00
2017/08/22	16.85	17.22	16.83	16.90	2789987	47472968.00
2017/08/23	16.85	17.04	16.76	16.79	2094329	35299004.00
2017/08/24	16.79	16.94	16.56	16.63	1633020	27307170.00
2017/08/25	16.60	17.40	16.60	17.09	4755620	81442944.00
2017/08/28	17.03	17.40	16.88	17.21	4488696	77045264.00
2017/08/29	17.23	17.31	16.96	17.04	3438836	58836864.00
2017/08/30	17.08	17.37	16.97	17.09	3080706	52824812.00
2017/08/31	17.27	17.27	16.98	17.07	2814260	48106504.00
2017/09/01	17.23	17.39	17.17	17.34	4611743	79709904.00
2017/09/04	17.34	17.56	17.05	17.22	3566218	61403288.00
2017/09/05	17.22	17.38	17.10	17.17	3029639	52065428.00
2017/09/06	17.09	17.18	16.93	17.16	2623856	44771364.00
2017/09/07	17.16	17.29	17.03	17.21	3861342	66287160.00
2017/09/08	17.22	17.24	17.01	17.08	2264549	38741212.00
2017/09/11	17.08	17.26	16.96	17.15	2287061	39139160.00
2017/09/12	17.17	17.23	16.92	16.95	2795319	47675288.00
2017/09/13	16.86	17.33	16.70	17.19	4357326	74307680.00
2017/09/14	17.26	17.28	17.10	17.25	3386993	58224908.00
2017/09/15	17.23	17.25	16.94	16.96	2564787	43796020.00
2017/09/18	16.96	16.99	16.80	16.90	2565040	43272264.00
2017/09/19	16.92	16.99	16.61	16.66	2732926	45819672.00
2017/09/20	16.65	16.78	16.53	16.77	1946344	32434536.00
2017/09/21	16.78	16.80	16.39	16.39	2286042	37973400.00
2017/09/22	16.39	16.73	16.35	16.55	2128691	35327444.00
2017/09/25	16.55	16.79	16.40	16.45	1388380	23029950.00
2017/09/26	16.44	16.48	16.15	16.30	1696960	27642908.00
2017/09/27	16.30	16.61	16.30	16.48	1360900	22388452.00
2017/09/28	16.45	16.59	16.35	16.46	1309180	21614378.00
2017/09/29	16.53	16.59	16.46	16.56	1237145	20435556.00
2017/10/09	16.79	16.80	16.61	16.72	1480482	24669664.00
2017/10/10	16.78	16.87	16.60	16.87	2143632	35901696.00
2017/10/11	16.78	18.56	16.77	18.56	13929194	251990544.00
2017/10/12	18.34	20.35	17.68	19.22	23275147	434845024.00
2017/10/13	18.46	19.50	18.35	18.47	13749936	258218656.00
2017/10/16	18.62	18.67	17.58	17.70	8447239	151422160.00
2017/10/17	17.66	18.05	17.46	17.76	5705562	101596536.00
2017/10/18	17.50	18.18	17.47	17.81	5898045	105623120.00
2017/10/19	17.58	18.06	17.58	17.62	5238413	93302760.00
2017/10/20	17.85	17.85	17.28	17.70	4371373	76643184.00
2017/10/23	17.57	17.96	17.42	17.89	4559723	80655920.00
2017/10/24	17.71	17.82	17.43	17.63	3710496	65258964.00
2017/10/25	17.61	17.76	17.50	17.63	2666945	47034020.00
2017/10/26	17.64	18.11	17.51	18.10	6472239	115543448.00
2017/10/27	18.20	18.49	17.77	17.88	5396115	97449392.00
2017/10/30	17.73	17.81	16.50	16.60	5529316	93953792.00
2017/10/31	16.72	16.93	16.58	16.77	2184086	36503792.00
2017/11/01	16.73	16.85	16.56	16.56	2487391	41530556.00
2017/11/02	16.45	16.88	16.08	16.33	3427100	56261220.00
2017/11/03	16.30	16.57	16.13	16.17	2164188	35179024.00
2017/11/06	16.12	16.38	16.12	16.29	1442634	23484626.00
2017/11/07	16.32	16.40	16.18	16.21	1968993	31978420.00
2017/11/08	16.20	16.40	16.20	16.22	1736020	28309962.00
2017/11/09	16.13	16.37	16.13	16.21	1567700	25447914.00
2017/11/10	16.21	16.37	16.18	16.36	1905464	31044848.00
2017/11/13	16.47	16.47	16.13	16.13	2066513	33506336.00
2017/11/14	16.13	16.20	15.55	15.60	3609644	57276216.00
2017/11/15	15.47	15.65	15.04	15.11	2858376	43553556.00
2017/11/16	15.01	15.21	14.78	14.79	2475440	37049876.00
2017/11/17	14.77	14.78	13.33	13.71	4388444	61527836.00
2017/11/20	14.27	15.08	13.95	15.08	4337016	62690304.00
2017/11/21	15.60	15.96	14.90	14.92	6796887	105000616.00
2017/11/22	15.00	15.49	14.80	15.20	4397917	66555360.00
2017/11/23	15.45	15.45	13.91	13.91	4506459	65608872.00
2017/11/24	13.80	14.42	13.60	14.30	2891858	41042496.00
2017/11/27	14.12	14.21	13.68	13.85	3095799	43019476.00
2017/11/28	13.80	14.05	13.58	13.96	1802200	25008492.00
2017/11/29	13.95	14.48	13.63	14.20	2805095	39437740.00
2017/11/30	14.00	14.25	13.92	13.93	1600869	22514340.00
2017/12/01	13.93	14.18	13.93	13.95	1481020	20744590.00
2017/12/04	13.90	14.08	13.42	13.49	2140880	29312478.00
2017/12/05	13.49	13.78	13.22	13.55	1748534	23614712.00
2017/12/06	12.85	13.10	12.46	12.92	4277918	54509868.00
2017/12/07	12.81	13.28	12.50	12.90	2306243	29854156.00
2017/12/08	12.72	13.12	12.65	13.10	2011213	26035322.00
2017/12/11	13.00	13.78	13.00	13.60	3244899	43788020.00
2017/12/12	13.42	13.70	13.42	13.66	2088014	28370530.00
2017/12/13	13.54	13.88	13.54	13.86	1856077	25562782.00
2017/12/14	13.93	14.23	13.63	14.19	2330358	32511438.00
2017/12/15	14.15	14.27	14.00	14.21	1476800	20859228.00
2017/12/18	14.19	14.23	13.62	13.69	1366841	19011266.00
2017/12/19	13.61	14.07	13.58	14.00	1179690	16395566.00
2017/12/20	14.00	14.00	13.67	13.95	1448195	20012988.00
2017/12/21	13.82	14.26	13.71	14.12	1911297	26849112.00
2017/12/22	14.25	14.28	13.98	14.17	2085907	29451286.00
2017/12/25	14.16	14.20	13.85	13.96	1085800	15187422.00
2017/12/26	14.07	14.14	13.83	13.95	1341960	18750180.00
2017/12/27	13.88	14.12	13.76	13.95	1351996	18810418.00
2017/12/28	13.95	14.12	13.83	14.04	1339026	18825178.00
2017/12/29	14.09	14.88	13.93	14.61	3635512	52541328.00
2018/01/02	14.61	14.72	14.47	14.51	1327700	19331602.00
2018/01/03	14.61	14.95	14.50	14.70	2132081	31342328.00
2018/01/04	14.60	14.93	14.57	14.86	2042360	30126590.00
2018/01/05	14.85	15.28	14.72	15.11	2980176	44752096.00
2018/01/08	15.01	15.55	14.97	15.43	4873395	74885896.00
2018/01/09	15.42	15.68	15.29	15.64	2576240	40017800.00
2018/01/10	15.68	15.75	15.30	15.38	2320920	36001264.00
2018/01/11	15.23	15.45	14.70	14.96	3049340	45669572.00
2018/01/12	15.02	15.20	14.71	14.82	1645598	24602440.00
2018/01/15	14.88	15.09	14.11	14.29	1967561	28852590.00
2018/01/16	14.50	15.00	14.25	14.74	2201640	32603788.00
2018/01/17	14.80	14.82	14.31	14.62	1305260	18975522.00
2018/01/18	14.51	14.89	14.51	14.76	1537380	22626150.00
2018/01/19	14.80	15.00	14.62	15.00	1374900	20376470.00
2018/01/22	15.34	15.34	14.75	14.86	1877287	28097162.00
2018/01/23	14.91	14.91	14.38	14.60	2006106	29248022.00
2018/01/24	14.60	14.67	14.28	14.60	1151436	16705532.00
2018/01/25	14.78	14.78	14.50	14.50	1317960	19292356.00
2018/01/26	14.50	14.56	13.90	14.08	2262440	32021128.00
2018/01/29	14.21	14.22	13.90	13.90	1277400	17918968.00
2018/01/30	14.05	14.10	13.76	13.90	1183365	16439882.00
2018/01/31	13.88	13.88	13.02	13.30	1681560	22509724.00
2018/02/01	13.34	13.40	11.97	12.60	5813836	71517976.00
2018/02/02	12.33	12.75	11.68	12.60	2819877	34502344.00
2018/02/05	12.22	12.75	12.11	12.60	1456380	18301176.00
2018/02/06	12.49	12.60	12.12	12.48	1560660	19304892.00
2018/02/07	12.65	13.00	12.39	12.70	1664444	21150336.00
2018/02/08	12.90	12.90	12.72	12.80	874719	11184108.00
2018/02/09	12.50	12.64	11.99	12.44	1122800	13887235.00
2018/02/12	12.48	12.80	12.48	12.79	987541	12517302.00
2018/02/13	13.67	14.07	13.33	13.37	4050541	55914488.00
2018/02/14	13.00	13.30	12.74	12.98	3107897	40407240.00
2018/02/22	12.93	13.26	12.93	13.00	1278617	16789428.00
2018/02/23	12.91	13.07	12.91	12.95	793100	10300425.00
2018/02/26	12.92	13.85	12.92	13.83	3072089	41705900.00
2018/02/27	13.83	14.59	13.79	14.21	3037938	43346840.00
2018/02/28	14.02	14.75	14.02	14.53	2867713	41521732.00
2018/03/01	14.46	15.25	14.46	15.17	3716319	55921252.00
2018/03/02	15.10	15.44	14.90	14.91	4103920	62529716.00
2018/03/05	14.92	15.33	14.91	14.96	3376296	50988096.00
2018/03/06	15.16	15.22	14.80	15.05	2164988	32534862.00
2018/03/07	14.93	15.55	14.93	15.09	2686100	41010508.00
2018/03/08	15.04	15.88	15.04	15.74	3867370	60282872.00
2018/03/09	15.65	15.96	15.55	15.90	3796306	59900044.00
2018/03/12	15.88	16.20	15.46	15.61	6237807	98296864.00
2018/03/13	15.61	15.76	15.39	15.50	3197495	49612272.00
2018/03/14	15.50	15.59	14.88	15.10	2374780	36128348.00
2018/03/15	15.04	15.26	15.00	15.18	2422835	36719688.00
2018/03/16	15.19	15.55	15.17	15.34	1902907	29291516.00
2018/03/19	15.40	15.50	14.83	14.96	1754547	26402116.00
2018/03/20	14.94	15.20	14.37	15.00	1327847	19952828.00
2018/03/21	14.87	15.16	14.28	14.30	2046507	30292638.00
2018/03/22	14.34	14.66	14.28	14.34	2051329	29627806.00
2018/03/23	14.00	14.06	13.00	13.40	2530800	34309448.00
2018/03/26	13.00	14.10	13.00	13.96	2344897	31901206.00
2018/03/27	13.98	15.36	13.98	15.36	4966960	74106080.00
2018/03/28	15.35	15.85	15.03	15.45	5376120	83367000.00
2018/03/29	15.30	16.10	15.19	15.47	7763414	121860504.00
2018/03/30	15.53	15.98	15.21	15.70	5665561	88890512.00
2018/04/02	15.88	16.20	15.64	15.95	4825730	77015448.00
2018/04/03	15.70	16.20	15.50	15.88	4240932	67577152.00
2018/04/04	15.85	16.15	15.50	15.50	3157086	49798488.00
2018/04/09	15.65	15.78	15.32	15.67	2161380	33700020.00
2018/04/10	15.66	15.97	15.55	15.86	2821345	44439424.00
2018/04/11	15.80	16.78	15.72	16.62	6854773	111671704.00
2018/04/12	16.46	16.59	15.88	15.89	4811197	77609464.00
2018/04/13	16.08	16.08	15.40	15.53	3042692	47608948.00
2018/04/16	15.48	15.82	15.28	15.63	2601851	40440148.00
2018/04/17	15.57	15.80	14.87	14.89	2700461	41247240.00
2018/04/18	15.06	15.38	14.61	15.29	2469579	37423592.00
2018/04/19	15.20	15.58	14.71	14.79	3951474	59970448.00
2018/04/20	14.67	15.07	14.10	14.19	4236224	61989940.00
2018/04/23	14.40	14.69	14.12	14.25	3916148	56168820.00
2018/04/24	14.27	15.04	14.12	15.02	2814340	41525596.00
2018/04/25	14.98	15.38	14.90	15.06	2322126	35044528.00
2018/04/26	15.02	15.05	14.68	14.72	1631385	24152240.00
2018/04/27	14.72	14.96	13.56	14.07	4353340	61552964.00
2018/05/02	14.09	15.10	13.88	14.93	5358941	77945952.00
2018/05/03	15.09	15.09	14.33	14.95	5708630	84696512.00
2018/05/04	14.85	15.48	14.63	15.30	5395503	82019824.00
2018/05/07	15.65	15.94	15.36	15.91	6045824	94794112.00
2018/05/08	15.75	15.93	15.64	15.85	3339790	52777668.00
2018/05/09	15.80	16.00	15.54	15.70	2760736	43557076.00
2018/05/10	15.63	15.90	15.43	15.67	2468605	38619056.00
2018/05/11	15.75	15.85	15.33	15.34	1932340	29887182.00
2018/05/14	15.30	15.65	14.91	15.07	2680048	40950628.00
2018/05/15	15.19	15.96	15.07	15.92	4877916	76212128.00
2018/05/16	15.79	16.10	15.56	15.62	3730723	58924408.00
2018/05/17	15.59	15.80	15.22	15.48	2426099	37622412.00
2018/05/18	15.41	15.78	15.31	15.62	2386494	37131320.00
2018/05/21	15.66	15.96	15.57	15.62	3246571	51090904.00
2018/05/22	15.65	16.07	15.41	16.07	4942111	78147800.00
2018/05/23	16.12	16.33	15.90	16.05	5661128	91263264.00
2018/05/24	15.85	16.07	15.70	15.82	3477703	55225244.00
2018/05/25	16.02	16.02	15.61	15.74	2573300	40742924.00
2018/05/28	15.73	15.73	15.15	15.56	2906028	44930020.00
2018/05/29	15.45	15.97	15.30	15.83	2946875	46201352.00
2018/05/30	15.50	16.28	15.39	15.45	5532110	87778504.00
2018/05/31	15.36	15.65	14.30	15.41	5636027	85116000.00
2018/06/01	15.15	15.38	14.65	14.78	2762676	41386628.00
2018/06/04	14.88	14.95	14.56	14.60	1653721	24422920.00
2018/06/05	14.62	14.89	14.43	14.89	2148191	31555910.00
2018/06/06	14.90	15.18	14.82	14.91	1923571	28795296.00
2018/06/07	14.89	15.10	14.63	14.85	2163111	32146248.00
2018/06/08	14.76	14.90	14.57	14.75	1156909	17052186.00
2018/06/11	14.62	14.63	14.08	14.57	2438237	35139740.00
2018/06/12	14.57	14.77	14.30	14.47	1460712	21207652.00
2018/06/13	14.38	14.65	14.30	14.30	1154790	16747805.00
2018/06/14	14.47	14.47	14.00	14.09	1297216	18352718.00
2018/06/15	13.93	14.17	13.40	13.50	1676573	22956628.00
2018/06/19	13.30	13.40	12.27	12.38	2101064	26975998.00
2018/06/20	12.25	13.62	12.25	13.38	3043909	39765744.00
2018/06/21	13.28	13.74	12.70	12.79	1966015	25811614.00
2018/06/22	12.70	13.25	12.61	12.97	1134567	14742646.00
2018/06/25	13.30	13.30	13.05	13.08	1244660	16402244.00
2018/06/26	13.00	13.59	12.85	13.30	1264656	16819728.00
2018/06/27	13.28	13.48	13.10	13.10	1151907	15281039.00
2018/06/28	13.29	13.45	13.02	13.25	1019759	13582031.00
2018/06/29	13.25	14.40	13.25	14.40	2384326	32920990.00
2018/07/02	14.33	14.33	13.65	13.90	2123972	29614928.00
2018/07/03	14.46	14.48	13.83	14.20	3113816	44282376.00
2018/07/04	13.95	14.28	13.92	14.12	2014049	28428822.00
2018/07/05	14.12	14.26	13.78	13.80	1853564	25991810.00
2018/07/06	13.80	14.16	13.66	13.94	1797472	25042008.00
2018/07/09	13.94	14.24	13.94	14.17	1419130	20046810.00
2018/07/10	14.18	14.44	14.06	14.27	1553434	22125680.00
2018/07/11	13.01	14.00	12.92	13.68	1585925	21705384.00
2018/07/12	13.66	14.35	13.64	14.15	2088167	29607326.00
2018/07/13	14.35	14.39	14.16	14.20	1155772	16484099.00
2018/07/16	14.23	14.50	14.10	14.36	1636875	23500334.00
2018/07/17	14.20	14.45	14.00	14.18	1281005	18134566.00
2018/07/18	14.39	14.39	14.04	14.11	1540204	21862246.00
2018/07/19	14.10	14.27	14.00	14.14	1591751	22475604.00
2018/07/20	14.14	14.18	13.95	14.08	1936744	27174702.00
2018/07/23	14.08	14.28	14.02	14.24	1579412	22409640.00
2018/07/24	14.27	14.45	14.13	14.29	2265159	32340644.00
2018/07/25	14.28	14.35	14.10	14.16	1546925	21945578.00
2018/07/26	14.12	14.15	13.96	13.99	1118963	15699963.00
2018/07/27	13.99	14.29	13.90	14.25	1680416	23875764.00
2018/07/30	14.25	14.40	14.12	14.19	1522960	21655374.00
2018/07/31	14.26	14.26	13.70	13.75	1743345	24124906.00
2018/08/01	13.64	13.92	13.64	13.69	1006983	13864365.00
2018/08/02	13.69	13.69	13.01	13.39	1499500	19927056.00
2018/08/03	13.36	13.92	13.05	13.48	1078876	14587594.00
2018/08/06	13.30	13.76	13.30	13.32	705694	9463102.00
2018/08/07	13.31	13.59	13.17	13.35	1798240	23959878.00
2018/08/08	13.35	13.40	12.30	12.60	2165188	28173238.00
2018/08/09	12.98	13.16	12.66	12.95	1935239	25164432.00
2018/08/10	12.86	13.24	12.84	13.20	996120	13112841.00
2018/08/13	13.07	13.28	12.97	13.25	1435425	18905292.00
2018/08/14	13.15	13.38	13.14	13.29	1207800	16044149.00
2018/08/15	13.19	13.49	12.92	12.95	1018011	13332033.00
2018/08/16	12.80	13.18	12.70	12.94	883456	11467667.00
2018/08/17	12.95	13.18	12.71	12.73	885741	11506544.00
2018/08/20	12.79	12.85	12.45	12.80	1236940	15587224.00
2018/08/21	12.81	13.10	12.65	13.06	904400	11743561.00
2018/08/22	13.06	13.20	12.72	13.06	1011338	13150419.00
2018/08/23	12.94	13.09	12.74	13.05	1403880	18121196.00
2018/08/24	13.18	13.38	13.01	13.15	2021543	26598580.00
2018/08/27	13.07	13.25	12.93	13.22	2339964	30664474.00
2018/08/28	13.22	13.23	13.01	13.15	1482417	19428044.00
2018/08/29	13.09	13.14	12.98	13.00	1250445	16290291.00
2018/08/30	13.06	13.06	12.87	12.87	1302358	16901220.00
2018/08/31	12.87	12.93	12.41	12.50	1528831	19251136.00
2018/09/03	12.45	12.65	12.32	12.47	1117610	13901934.00
2018/09/04	12.40	12.63	12.40	12.60	1847544	23185662.00
2018/09/05	12.58	12.58	12.28	12.28	1270500	15784369.00
2018/09/06	12.26	12.50	12.25	12.32	709600	8777037.00
2018/09/07	12.35	12.49	12.21	12.33	1025847	12688275.00
2018/09/10	12.39	12.39	11.75	11.78	1182180	14189116.00
2018/09/11	11.80	11.92	11.51	11.84	921880	10821310.00
2018/09/12	11.86	11.96	11.77	11.90	665496	7907537.00
2018/09/13	11.95	12.08	11.70	11.92	1228475	14539412.00
2018/09/14	11.90	12.25	11.77	11.88	1403788	16859192.00
2018/09/17	11.88	11.95	11.09	11.09	2178587	24828486.00
2018/09/18	11.10	11.77	11.01	11.65	2094550	23951490.00
2018/09/19	11.68	11.85	11.62	11.71	1315361	15472735.00
2018/09/20	11.62	11.97	11.62	11.77	1416379	16708460.00
2018/09/21	11.77	11.92	11.67	11.88	1027179	12164949.00
2018/09/25	11.88	11.94	11.65	11.82	1023331	12068861.00
2018/09/26	11.85	11.93	11.70	11.89	1211380	14286855.00
2018/09/27	11.89	11.89	11.31	11.34	2183079	24954168.00
2018/09/28	11.26	11.47	11.15	11.30	1578806	17835082.00
2018/10/08	11.18	11.22	10.96	11.04	2031960	22504904.00
2018/10/09	11.15	11.33	10.98	11.16	1384371	15419691.00
2018/10/10	11.12	11.20	11.00	11.10	1602825	17774578.00
2018/10/11	10.84	10.85	9.99	10.00	2516649	25850080.00
2018/10/12	10.00	10.25	9.59	10.20	1880348	18797416.00
2018/10/15	10.21	10.34	9.96	10.02	1649558	16789838.00
2018/10/16	10.03	10.15	9.50	9.70	1440975	14217219.00
2018/10/17	9.72	9.96	9.38	9.76	1084500	10549157.00
2018/10/18	9.56	9.87	9.44	9.61	1091400	10553417.00
2018/10/19	9.37	9.90	9.37	9.86	1140337	11131217.00
2018/10/22	10.33	10.53	10.07	10.31	1833878	18893850.00
2018/10/23	10.48	10.49	10.10	10.19	2125020	21941186.00
2018/10/24	10.18	10.45	10.10	10.14	938388	9597831.00
2018/10/25	9.66	10.32	9.48	10.28	2077347	21104438.00
2018/10/26	10.35	10.36	10.15	10.20	1227895	12589824.00
2018/10/29	10.12	10.47	10.00	10.24	1193200	12193599.00
2018/10/30	9.76	10.29	9.76	10.09	1443595	14470794.00
2018/10/31	10.20	10.32	10.10	10.28	1674282	17142698.00
2018/11/01	10.28	10.49	10.21	10.26	2302093	23914688.00
2018/11/02	10.35	10.68	10.30	10.45	2178754	22722292.00
2018/11/05	10.51	10.64	10.33	10.60	2494723	26256802.00
2018/11/06	10.45	10.52	10.21	10.34	1602440	16568072.00
2018/11/07	10.24	10.55	10.24	10.40	1594480	16663016.00
2018/11/08	10.40	10.56	10.28	10.29	975920	10156807.00
2018/11/09	10.28	10.40	10.22	10.28	746216	7702220.50
2018/11/12	10.25	10.63	10.19	10.58	1723985	18123962.00
2018/11/13	10.50	11.40	10.48	11.06	3903131	43263604.00
2018/11/14	11.06	11.20	10.90	10.97	1758520	19503470.00
2018/11/15	10.91	11.27	10.82	11.18	1748500	19394708.00
2018/11/16	11.19	12.07	11.19	11.85	3796397	44758340.00
2018/11/19	11.98	12.00	11.57	11.68	2349208	27487180.00
2018/11/20	11.67	11.69	11.20	11.30	2033980	23245880.00
2018/11/21	11.16	11.43	11.11	11.35	1274707	14390238.00
2018/11/22	11.41	11.50	11.30	11.46	1052497	12010422.00
2018/11/23	11.38	11.38	10.68	10.87	1803485	19884748.00
2018/11/26	10.82	11.14	10.82	11.01	1291214	14200757.00
2018/11/27	11.10	11.20	10.88	10.93	1457287	15999192.00
2018/11/28	10.93	11.33	10.81	11.27	1403727	15577536.00
2018/11/29	11.25	11.25	10.94	10.94	1457513	16134699.00
2018/11/30	10.94	11.00	10.72	10.83	1208325	13091409.00
2018/12/03	11.09	11.50	11.03	11.34	2246047	25493120.00
2018/12/04	11.39	11.48	11.25	11.34	1637599	18539412.00
2018/12/05	11.14	11.40	10.98	11.28	1134080	12755725.00
2018/12/06	11.17	11.60	11.02	11.48	3280006	37553436.00
2018/12/07	11.50	11.60	11.22	11.40	2082584	23820552.00
2018/12/10	11.31	11.49	11.12	11.20	1295497	14558751.00
2018/12/11	11.20	11.49	11.20	11.43	1435828	16340626.00
2018/12/12	11.50	11.56	11.32	11.35	983855	11236504.00
2018/12/13	11.35	11.62	11.27	11.46	1278100	14712122.00
2018/12/14	11.33	11.36	11.12	11.13	1831600	20580666.00
2018/12/17	11.00	11.42	10.95	11.11	859587	9583790.00
2018/12/18	11.15	11.29	11.01	11.15	887301	9878146.00
2018/12/19	11.27	11.29	10.97	10.97	835900	9248412.00
2018/12/20	10.97	11.17	10.97	11.06	602670	6668285.50
2018/12/21	11.17	11.18	10.87	10.93	530800	5832116.00
2018/12/24	10.95	11.40	10.93	11.25	1219741	13712654.00
2018/12/25	11.20	11.22	10.86	11.05	1015100	11192974.00
2018/12/26	10.97	11.31	10.93	11.24	1008940	11341089.00
2018/12/27	11.31	11.46	11.01	11.01	845922	9509332.00
2018/12/28	11.01	11.15	10.88	11.04	603576	6624911.00
2019/01/02	11.06	11.10	10.52	10.55	1471000	15745730.00
2019/01/03	10.58	10.78	10.53	10.65	1157100	12318978.00
2019/01/04	10.00	10.80	9.99	10.63	1655871	17425764.00
2019/01/07	10.67	11.47	10.67	11.21	3049895	33934036.00
2019/01/08	11.40	12.33	11.17	12.05	7842119	93489000.00
2019/01/09	11.78	11.78	11.46	11.59	5209052	60405528.00
2019/01/10	11.50	11.66	11.40	11.42	3117470	35948400.00
2019/01/11	11.36	11.74	11.27	11.60	3306128	38009888.00
2019/01/14	11.58	11.59	11.18	11.21	2607149	29562718.00
2019/01/15	11.23	11.46	11.23	11.39	2170251	24709772.00
2019/01/16	11.51	11.57	11.26	11.27	2100593	23947304.00
2019/01/17	11.28	11.36	11.00	11.02	2333000	26010700.00
2019/01/18	11.02	11.07	10.66	10.90	2684257	29061188.00
2019/01/21	10.90	10.99	10.77	10.92	2168055	23601412.00
2019/01/22	10.92	10.92	10.54	10.71	1954636	20922674.00
2019/01/23	10.68	10.75	10.52	10.61	1365978	14487044.00
2019/01/24	10.60	10.78	10.57	10.69	1372006	14670603.00
2019/01/25	10.68	10.78	10.55	10.58	1447535	15458006.00
2019/01/28	10.61	10.83	10.60	10.66	1469164	15746024.00
2019/01/29	10.60	10.76	10.03	10.20	2140447	22001540.00
2019/01/30	10.20	10.36	10.06	10.08	1743281	17732092.00
2019/01/31	10.08	10.25	9.88	9.90	1853259	18662954.00
2019/02/01	10.16	10.48	10.08	10.48	1763144	18171474.00
2019/02/11	10.48	10.82	10.46	10.77	1932697	20719722.00
2019/02/12	10.67	10.86	10.67	10.76	2080048	22427850.00
2019/02/13	10.79	11.13	10.75	11.01	2719439	29801924.00
2019/02/14	11.01	11.31	10.96	11.10	2730811	30488178.00
2019/02/15	11.13	11.25	10.88	10.94	2969898	32669684.00
2019/02/18	10.97	11.32	10.97	11.31	3059800	34266116.00
2019/02/19	11.43	11.48	11.15	11.28	2264540	25537300.00
2019/02/20	11.20	11.32	11.13	11.23	2000820	22417274.00
2019/02/21	11.23	12.30	11.23	11.72	10039765	120086816.00
2019/02/22	11.51	12.06	11.32	12.00	7083197	83415040.00
2019/02/25	12.02	12.52	12.02	12.39	6882744	84417760.00
2019/02/26	12.65	13.55	12.65	13.01	9521517	125440456.00
2019/02/27	13.20	13.99	13.10	13.50	8298952	112730024.00
2019/02/28	13.70	13.77	13.02	13.23	5964557	78969880.00
2019/03/01	13.29	14.43	13.27	14.15	9530818	132058992.00
2019/03/04	14.21	14.78	13.88	14.50	9687269	138495536.00
2019/03/05	14.29	14.58	14.15	14.51	5868665	84295376.00
2019/03/06	14.48	14.80	14.20	14.64	6810666	98509672.00
2019/03/07	14.21	14.45	13.86	14.19	8915967	125620320.00
2019/03/08	13.60	14.22	13.50	13.62	5162819	71630888.00
2019/03/11	14.18	14.80	13.90	14.47	8985814	129143920.00
2019/03/12	15.20	15.40	14.53	14.81	12240941	182606544.00
2019/03/13	14.55	14.88	13.89	14.20	7592884	109432184.00
2019/03/14	14.05	14.15	13.41	13.52	4508637	61694592.00
2019/03/15	13.52	13.85	13.47	13.62	2036175	27795132.00
2019/03/18	13.75	14.20	13.49	14.08	4382171	61078032.00
2019/03/19	14.12	14.23	13.83	13.84	2631227	36744936.00
2019/03/20	13.84	13.97	13.52	13.82	2922727	40170744.00
2019/03/21	13.73	14.20	13.73	14.08	4127503	58044792.00
2019/03/22	14.08	14.11	13.62	13.99	2696827	37497072.00
2019/03/25	13.90	14.70	13.72	14.31	6546139	94055552.00
2019/03/26	14.33	14.51	13.56	13.70	5120092	71522200.00
2019/03/27	13.80	13.81	13.17	13.39	3459817	46248836.00
2019/03/28	13.42	13.60	13.01	13.35	2937230	39295892.00
2019/03/29	13.30	13.90	13.13	13.89	3208830	43577176.00
2019/04/01	13.99	14.55	13.98	14.49	6440583	92930360.00
2019/04/02	14.49	15.40	14.33	15.27	10485638	156684976.00
2019/04/03	15.05	15.85	15.00	15.38	5772530	88839912.00
2019/04/04	15.40	15.59	14.97	15.06	4782219	72369608.00
2019/04/08	15.24	15.30	14.43	14.74	6390521	94604832.00
2019/04/09	14.78	15.38	14.58	15.08	4174278	63044092.00
2019/04/10	14.82	15.22	14.81	15.06	2471620	37108972.00
2019/04/11	14.81	15.08	14.61	14.78	2493800	37006840.00
2019/04/12	14.78	15.43	14.78	15.07	3354738	50874724.00
2019/04/15	15.15	15.42	14.76	14.78	3144700	47401076.00
2019/04/16	14.78	15.41	14.62	15.37	3825146	57657048.00
2019/04/17	15.31	15.67	15.24	15.58	3429295	53092624.00
2019/04/18	15.58	17.14	15.35	17.14	9100927	151821520.00
2019/04/19	17.70	18.85	17.28	18.85	12724272	229650816.00
2019/04/22	19.41	19.97	18.30	18.60	14691118	282555520.00
2019/04/23	18.61	18.80	16.74	16.75	10025802	175650320.00
2019/04/24	16.94	17.69	16.82	16.98	6234509	106961744.00
2019/04/25	17.30	17.40	15.98	16.00	5881244	98239840.00
2019/04/26	16.28	16.84	16.24	16.33	5057712	83547848.00
2019/04/29	16.49	16.81	16.06	16.09	4864364	80052432.00
2019/04/30	15.56	16.76	15.56	16.35	3762110	61660748.00
2019/05/06	15.89	15.89	14.72	14.72	4238100	63288872.00
2019/05/07	14.33	14.87	13.70	14.24	4863048	69836176.00
2019/05/08	14.19	15.66	13.70	15.66	5072570	75603384.00
2019/05/09	16.44	16.44	14.66	14.91	5824500	90821960.00
2019/05/10	15.25	16.11	14.91	15.81	7143283	111423040.00
2019/05/13	15.70	16.60	15.30	16.50	7217591	116691656.00
2019/05/14	16.20	17.35	16.16	17.02	9249063	155578672.00
2019/05/15	16.91	17.28	16.30	16.90	6376219	106929424.00
2019/05/16	16.89	16.89	16.46	16.56	4455044	73969752.00
2019/05/17	16.56	16.66	15.50	15.75	5373257	86176680.00
2019/05/20	15.88	15.97	14.82	15.59	2641883	40896416.00
2019/05/21	15.70	15.90	15.57	15.72	3370784	53187096.00
2019/05/22	15.71	15.80	15.14	15.36	3375454	52068668.00
2019/05/23	15.18	15.68	14.90	14.93	3914960	59402024.00
2019/05/24	14.93	15.14	14.60	14.77	1701764	25415424.00
2019/05/27	14.77	15.67	14.77	15.61	4602744	70735368.00
2019/05/28	15.97	17.17	15.84	17.17	10077194	171100800.00
2019/05/29	17.10	18.89	17.09	18.89	17719444	322626080.00
2019/05/30	19.70	19.98	17.30	17.83	15690592	288498720.00
2019/05/31	17.92	19.12	17.40	18.15	13094994	240147792.00
2019/06/03	17.68	19.97	17.68	19.97	17874827	341859712.00
2019/06/04	19.59	19.59	18.08	18.86	11277062	213370288.00
2019/06/05	18.83	19.35	17.45	18.07	10998330	200036528.00
2019/06/06	18.07	18.23	17.00	17.31	6960880	122172184.00
2019/06/10	17.33	18.09	17.25	17.99	8316492	147197712.00
2019/06/11	17.90	19.00	17.42	18.49	15238503	277919296.00
2019/06/12	18.11	18.16	17.21	17.44	10101344	178860256.00
2019/06/13	17.44	17.71	17.10	17.37	5138695	89506416.00
2019/06/14	17.37	18.06	17.20	17.47	6391399	112909760.00
2019/06/17	17.00	17.10	16.30	16.80	7018529	117178648.00
2019/06/18	16.79	16.95	16.36	16.56	3147572	52298664.00
2019/06/19	17.04	18.22	16.73	18.22	9896322	176134144.00
2019/06/20	18.10	18.59	16.40	16.40	23849640	407467808.00
2019/06/21	15.40	15.87	14.76	15.65	24952436	378784960.00
2019/06/24	15.13	15.38	15.01	15.20	10290520	156269536.00
2019/06/25	15.26	15.42	15.10	15.22	7648619	116624672.00
2019/06/26	15.16	15.21	14.85	15.00	6500202	97660288.00
2019/06/27	14.97	15.22	14.96	15.07	5249000	79026520.00
2019/06/28	15.02	15.35	14.99	15.10	5360211	81312464.00
2019/07/01	15.42	15.52	15.22	15.48	8446328	129876856.00
2019/07/02	15.40	15.64	15.28	15.41	5510598	85074928.00
2019/07/03	15.38	15.39	15.08	15.10	3621300	54837952.00
2019/07/04	15.11	15.25	15.09	15.16	2742440	41526972.00
2019/07/05	15.15	15.15	14.58	14.86	4620360	68561872.00
2019/07/08	14.69	14.87	14.16	14.18	4063200	58416264.00
2019/07/09	14.17	14.17	14.05	14.13	2035620	28721704.00
2019/07/10	14.15	14.20	14.01	14.03	2086500	29409406.00
2019/07/11	14.09	14.43	14.07	14.12	2559840	36435084.00
2019/07/12	14.12	14.26	14.08	14.11	1645240	23298562.00
2019/07/15	14.11	14.23	13.75	14.17	3323277	46518084.00
2019/07/16	14.18	14.65	14.12	14.44	3867960	55939472.00
2019/07/17	14.40	14.78	14.33	14.54	3067320	44767524.00
2019/07/18	14.46	14.46	14.06	14.08	2910240	41369540.00
2019/07/19	14.25	14.27	14.05	14.09	2031620	28736020.00
2019/07/22	14.15	14.20	13.00	13.35	2944980	39779904.00
2019/07/23	13.43	13.65	13.39	13.64	2780680	37763000.00
2019/07/24	13.70	14.06	13.70	14.01	3536037	49497448.00
2019/07/25	14.01	14.01	13.82	13.82	2461830	34219860.00
2019/07/26	13.85	14.04	13.82	13.88	1963846	27335834.00
2019/07/29	13.84	14.08	13.82	13.88	1623480	22591060.00
2019/07/30	13.88	14.03	13.82	13.93	1874300	26174168.00
2019/07/31	13.93	13.93	13.71	13.71	2255500	31119144.00
2019/08/01	13.78	13.84	13.47	13.55	2130170	29063282.00
2019/08/02	13.28	13.39	13.01	13.34	2335600	30886884.00
2019/08/05	13.13	14.21	13.13	13.67	4791021	66161920.00
2019/08/06	13.37	13.65	12.68	13.23	4669445	61390240.00
2019/08/07	13.20	13.35	13.04	13.07	2411740	31823372.00
2019/08/08	13.08	13.22	13.06	13.10	1853443	24312858.00
2019/08/09	13.06	13.21	12.60	12.67	3007661	38747072.00
2019/08/12	12.62	13.19	12.62	13.18	3556679	46382520.00
2019/08/13	13.28	13.41	13.05	13.25	2494240	32878234.00
2019/08/14	13.36	13.46	13.21	13.23	2478509	33061740.00
2019/08/15	12.99	13.30	12.84	13.22	1913400	25010632.00
2019/08/16	13.14	13.41	13.14	13.28	1995100	26566204.00
2019/08/19	13.30	13.85	13.30	13.85	4117505	56399120.00
2019/08/20	13.87	14.18	13.71	13.85	3328121	46365556.00
2019/08/21	13.87	13.92	13.65	13.72	2460503	33798012.00
2019/08/22	13.79	13.90	13.53	13.82	2324521	31978082.00
2019/08/23	13.79	13.95	13.59	13.65	1826200	25012886.00
2019/08/26	13.42	13.57	13.31	13.37	2207045	29590358.00
2019/08/27	13.47	14.16	13.46	14.06	4874458	67776352.00
2019/08/28	14.05	14.47	13.95	14.16	5809725	82812008.00
2019/08/29	14.19	14.45	14.17	14.18	3959505	56545540.00
2019/08/30	14.17	14.35	13.80	13.90	4121479	57886184.00
2019/09/02	13.94	14.50	13.90	14.50	5779879	82732920.00
2019/09/03	14.46	14.70	14.31	14.41	5061720	73075368.00
2019/09/04	14.31	14.59	14.31	14.53	4532993	65517376.00
2019/09/05	14.65	14.88	14.42	14.69	7341149	107413488.00
2019/09/06	14.78	14.87	14.63	14.78	4559359	67121000.00
2019/09/09	14.83	15.25	14.83	15.23	6291431	94738256.00
2019/09/10	15.30	15.66	15.20	15.31	6687485	103128808.00
2019/09/11	15.33	15.54	15.09	15.15	4410142	67368416.00
2019/09/12	15.15	15.28	14.90	15.09	3479462	52452596.00
2019/09/16	15.09	15.34	15.03	15.09	3224466	48959464.00
2019/09/17	15.20	15.20	14.27	14.58	3839080	56226068.00
2019/09/18	14.56	14.72	14.42	14.47	2589702	37697788.00
2019/09/19	14.48	14.72	14.41	14.69	2195660	32011520.00
2019/09/20	14.70	15.09	14.64	14.67	2961372	43954124.00
2019/09/23	14.60	14.77	14.36	14.65	2224936	32424206.00
2019/09/24	14.66	14.73	14.36	14.46	3308259	48016864.00
2019/09/25	14.40	14.51	13.82	14.01	3312739	46508872.00
2019/09/26	14.00	14.08	13.25	13.32	2875000	38885128.00
2019/09/27	13.33	13.88	13.33	13.78	3318200	45583040.00
2019/09/30	13.85	13.93	13.44	13.57	2174652	29624840.00
2019/10/08	13.64	13.80	13.44	13.54	1340100	18257088.00
2019/10/09	13.49	13.73	13.26	13.64	1532210	20760916.00
2019/10/10	13.62	13.78	13.56	13.67	1657794	22645440.00
2019/10/11	13.62	13.72	13.50	13.51	1601424	21756872.00
2019/10/14	13.69	13.77	13.56	13.71	2094500	28670452.00
2019/10/15	13.76	14.08	13.65	13.89	3783544	52537752.00
2019/10/16	13.90	13.97	13.74	13.80	2469970	34170292.00
2019/10/17	13.81	13.81	13.48	13.67	2612370	35525292.00
2019/10/18	13.64	13.74	13.37	13.61	1760653	23915012.00
2019/10/21	13.61	13.61	13.08	13.23	1987100	26266888.00
2019/10/22	13.24	13.76	13.24	13.64	2561740	34565924.00
2019/10/23	13.66	13.89	13.65	13.78	2581300	35643112.00
2019/10/24	13.83	15.16	13.72	15.16	14756208	222005056.00
2019/10/25	15.78	16.00	14.66	14.85	18358346	278607872.00
2019/10/28	16.34	16.34	16.34	16.34	3877639	63360620.00
2019/10/29	17.97	17.97	16.06	16.18	46243672	807725696.00
2019/10/30	15.00	15.46	14.56	14.56	20704652	304799680.00
2019/10/31	14.12	14.30	13.31	13.60	19517146	269751296.00
2019/11/01	13.40	13.69	13.35	13.51	10935505	148380976.00
2019/11/04	13.57	13.79	13.42	13.48	9118372	123997776.00
2019/11/05	13.40	13.40	13.10	13.33	9086051	120418952.00
2019/11/06	13.33	13.36	13.01	13.06	6155250	81110240.00
2019/11/07	13.10	13.35	13.03	13.26	5280301	69877824.00
2019/11/08	13.26	13.35	13.05	13.08	5083866	67095036.00
2019/11/11	12.98	12.98	12.68	12.79	4716900	60433304.00
2019/11/12	12.76	12.95	12.70	12.88	2851960	36516180.00
2019/11/13	12.85	13.13	12.79	13.04	3529102	45919416.00
2019/11/14	13.00	13.13	12.96	13.05	3270936	42625864.00
2019/11/15	13.05	13.05	12.65	12.66	2929102	37550544.00
2019/11/18	12.63	12.74	12.35	12.45	4630964	57676248.00
2019/11/19	12.45	12.67	12.35	12.67	3528158	44282196.00
2019/11/20	12.58	12.75	12.39	12.42	3672464	46013460.00
2019/11/21	12.37	12.53	12.26	12.36	2409923	29792600.00
2019/11/22	12.39	12.48	12.10	12.13	3253663	39847324.00
2019/11/25	11.96	11.96	11.70	11.85	4549894	53729296.00
2019/11/26	11.80	11.98	11.80	11.92	2585810	30791936.00
2019/11/27	11.87	12.07	11.82	11.92	2358800	28133248.00
2019/11/28	11.90	12.03	11.90	11.92	2062155	24675958.00
2019/11/29	12.02	12.07	11.91	12.06	2131600	25567646.00
2019/12/02	12.02	12.29	11.93	12.18	2819183	34318736.00
2019/12/03	12.25	12.48	12.16	12.43	3258300	40239088.00
2019/12/04	12.36	12.55	12.26	12.50	2952280	36669364.00
2019/12/05	12.53	12.93	12.44	12.71	4905239	62319836.00
2019/12/06	12.72	12.82	12.63	12.76	3191271	40587016.00
2019/12/09	12.84	12.97	12.76	12.88	2408943	31034864.00
2019/12/10	12.88	13.08	12.76	13.05	3080220	39938460.00
2019/12/11	13.00	13.62	12.94	13.38	6988760	93287256.00
2019/12/12	13.40	13.49	13.22	13.26	4796181	63939240.00
2019/12/13	13.30	13.58	13.28	13.50	4014025	53998788.00
2019/12/16	13.63	13.76	13.45	13.72	3854100	52656080.00
2019/12/17	13.71	13.93	13.65	13.86	4853300	67011604.00
2019/12/18	13.85	14.11	13.76	14.09	4721271	65873548.00
2019/12/19	14.18	14.83	14.05	14.33	7728982	111720408.00
2019/12/20	14.46	14.46	13.98	13.98	4808536	68323032.00
2019/12/23	13.91	14.31	13.56	13.74	5507397	76743168.00
2019/12/24	13.80	14.43	13.80	14.35	4431700	62872544.00
2019/12/25	14.30	14.42	14.10	14.30	4256506	60562632.00
2019/12/26	14.20	14.34	14.10	14.22	3670700	52113876.00
2019/12/27	14.30	14.32	13.93	13.95	4215691	59511892.00
2019/12/30	13.81	14.28	13.51	14.19	5012920	69913176.00
2019/12/31	14.02	14.26	13.96	14.08	2940615	41358640.00
2020/01/02	14.19	14.90	14.06	14.65	5670378	82397688.00
2020/01/03	14.69	14.75	14.34	14.57	4677939	68017560.00
2020/01/06	14.65	14.97	14.41	14.62	5210720	76704184.00
2020/01/07	14.65	14.75	14.50	14.73	4398000	64354676.00
2020/01/08	14.73	14.86	14.47	14.62	5975930	87710224.00
2020/01/09	14.62	14.90	14.62	14.76	4788663	70652400.00
2020/01/10	14.78	15.34	14.75	15.12	8556350	128971080.00
2020/01/13	15.08	15.19	14.86	15.07	4254395	63714540.00
2020/01/14	15.04	15.38	15.01	15.07	4958614	75233096.00
2020/01/15	15.07	15.60	15.00	15.54	6783458	103812240.00
2020/01/16	15.58	15.68	15.24	15.59	5441928	84056272.00
2020/01/17	15.62	16.15	15.54	15.90	6171444	98162832.00
2020/01/20	15.84	16.15	15.30	15.75	6891020	108403768.00
2020/01/21	15.20	15.85	15.20	15.40	5326555	82601832.00
2020/01/22	15.46	15.67	15.02	15.46	4355365	67087756.00
2020/01/23	15.47	15.49	14.38	14.61	5862649	87696976.00
2020/02/03	13.15	13.40	13.15	13.15	3888800	51198752.00
2020/02/04	12.60	13.59	12.60	13.32	6273725	83044136.00
2020/02/05	13.48	14.13	13.30	13.79	4959608	68188648.00
2020/02/06	13.70	14.27	13.66	14.05	5154722	72237968.00
2020/02/07	13.93	14.30	13.71	14.21	5386764	75426848.00
2020/02/10	14.30	14.88	14.25	14.39	4004507	57905164.00
2020/02/11	14.39	14.52	14.12	14.27	3485975	49817848.00
2020/02/12	14.19	14.77	14.19	14.60	4336932	63188688.00
2020/02/13	14.49	14.80	14.20	14.29	5717092	82327112.00
2020/02/14	14.11	14.27	13.71	13.90	6643650	93200960.00
2020/02/17	14.00	15.29	13.92	15.29	7866748	116132696.00
2020/02/18	15.38	16.46	15.20	15.86	17529120	276795552.00
2020/02/19	15.72	16.88	15.60	16.36	13729899	222075696.00
2020/02/20	16.38	18.00	16.38	18.00	20628390	362298848.00
2020/02/21	19.00	19.80	18.21	19.80	27345132	529605216.00
2020/02/24	19.62	21.78	17.82	20.45	40995662	784524352.00
2020/02/25	21.00	22.50	20.00	22.50	32584370	695894464.00
2020/02/26	21.21	21.68	20.25	20.25	25544563	532187872.00
2020/02/27	20.66	20.80	19.10	19.77	16961283	339787840.00
2020/02/28	18.74	19.45	18.12	18.45	14194050	266560000.00
2020/03/02	19.00	20.03	18.50	19.74	15770483	304911520.00
2020/03/03	20.06	20.95	19.56	19.60	16590742	333827712.00
2020/03/04	19.23	20.65	18.94	20.40	12248726	240610912.00
2020/03/05	20.60	21.50	20.27	20.99	13484272	281555744.00
2020/03/06	20.10	20.80	19.90	20.30	7853778	159333328.00
2020/03/09	19.83	19.84	18.30	18.36	10012500	189498784.00
2020/03/10	18.49	19.37	17.74	19.25	10020619	187342352.00
2020/03/11	19.42	20.61	19.26	19.53	11259434	225488960.00
2020/03/12	18.91	19.89	18.88	19.06	8400999	161331392.00
2020/03/13	17.65	19.53	17.59	19.15	8658940	162614960.00
2020/03/16	20.35	20.50	17.55	17.68	13939753	265605808.00
2020/03/17	17.78	18.24	16.58	17.46	10490514	181960000.00
2020/03/18	17.53	18.20	16.62	16.62	10876000	190392096.00
2020/03/19	16.58	17.13	16.43	17.01	10324180	173318880.00
2020/03/20	17.33	17.67	16.92	17.39	8819440	152581728.00
2020/03/23	16.88	17.55	16.41	16.70	8354140	141580160.00
2020/03/24	17.19	17.40	16.60	17.31	7310424	124886272.00
2020/03/25	17.72	18.35	17.28	18.07	11208604	199947536.00
2020/03/26	17.88	18.00	17.56	17.71	5835000	103700376.00
2020/03/27	18.00	18.07	17.02	17.13	7620756	133381672.00
2020/03/30	16.97	16.97	16.25	16.53	6512709	107996976.00
2020/03/31	16.83	17.10	16.40	16.65	5148800	86091160.00
2020/04/01	16.88	18.32	16.76	18.32	12007703	213494176.00
2020/04/02	18.31	19.75	18.28	19.40	17073162	324552256.00
2020/04/03	19.20	19.63	18.76	18.90	14099162	269314880.00
2020/04/07	19.28	19.74	18.84	19.32	13138250	252384528.00
2020/04/08	19.04	19.98	18.93	19.37	10648549	207206560.00
2020/04/09	19.30	19.78	19.21	19.47	7877426	153565120.00
2020/04/10	19.40	19.45	18.70	18.89	7129744	135569040.00
2020/04/13	19.00	19.05	18.20	18.73	5777742	108051960.00
2020/04/14	18.80	18.96	18.46	18.85	6728202	125988256.00
2020/04/15	19.12	19.17	18.37	18.42	6305620	117747000.00
2020/04/16	18.50	20.26	18.27	20.26	18121190	356198208.00
2020/04/17	20.50	21.82	20.20	21.17	27178349	566429056.00
2020/04/20	20.78	21.58	20.50	21.05	18088720	379551200.00
2020/04/28	21.00	21.00	18.95	18.96	15677815	300704128.00
2020/04/29	18.89	19.37	18.11	18.42	8953238	166729904.00
2020/04/30	18.25	19.55	18.02	19.05	10549438	199848240.00
2020/05/06	19.45	19.45	18.50	19.36	8350122	158840176.00
2020/05/07	19.36	19.97	18.95	19.13	9476297	183824176.00
2020/05/08	19.13	19.53	18.70	19.19	9307477	177760336.00
2020/05/11	19.15	19.39	18.78	19.19	10146977	193493040.00
2020/05/12	19.10	19.10	17.27	17.30	27528543	489968384.00
2020/05/13	16.80	17.55	16.75	17.11	14428024	246972144.00
2020/05/14	16.91	17.07	16.27	16.53	17556191	292547296.00
2020/05/15	16.65	17.03	16.41	16.86	11132000	186290912.00
2020/05/18	16.85	17.24	16.61	17.00	8751900	148978336.00
2020/05/19	17.09	17.38	16.90	17.06	7565121	129295392.00
2020/05/20	17.09	17.10	16.69	16.86	6669700	112544960.00
2020/05/21	17.00	17.00	16.42	16.55	6062400	100823192.00
2020/05/22	16.37	16.53	15.93	16.09	5063479	82071296.00
2020/05/25	16.09	16.35	15.77	16.31	5281340	85220456.00
2020/05/26	16.35	16.79	16.19	16.68	6909384	113737736.00
2020/05/27	16.69	16.70	16.11	16.36	4598367	75183504.00
2020/05/28	16.50	16.75	16.20	16.59	7706721	127484704.00
2020/05/29	16.50	16.80	16.31	16.74	5030225	83170616.00
2020/06/01	16.74	17.46	16.74	17.32	10577539	181803200.00
2020/06/02	17.48	17.48	17.03	17.16	6236067	106975816.00
2020/06/03	17.25	17.29	16.80	16.83	9012167	154188992.00
2020/06/04	16.93	16.97	16.65	16.75	6185440	103714400.00
2020/06/05	16.73	16.79	16.39	16.47	8610537	141961904.00
2020/06/08	16.54	16.80	16.46	16.51	7932075	132076304.00
2020/06/09	16.60	16.60	16.29	16.38	4846197	79334704.00
2020/06/10	16.39	16.43	16.11	16.22	4021499	65235508.00
2020/06/11	16.28	16.50	16.05	16.14	5636059	91906472.00
2020/06/12	15.81	16.28	15.69	16.16	5079311	81188736.00
2020/06/15	16.00	16.20	15.78	15.88	4631784	73872608.00
2020/06/16	16.00	16.41	15.91	16.37	6195256	100679928.00
2020/06/17	16.43	16.72	16.41	16.58	5647820	93534232.00
2020/06/18	16.52	16.52	16.21	16.30	4238804	69147992.00
2020/06/19	16.30	16.95	16.23	16.72	9643243	161158384.00
2020/06/22	16.75	16.94	16.59	16.74	5921451	99125416.00
2020/06/23	16.78	16.92	16.50	16.80	5748631	96113800.00
2020/06/24	16.74	16.98	16.57	16.69	4191029	70082016.00
2020/06/29	16.75	16.75	16.28	16.55	4727900	77995632.00
2020/06/30	16.66	16.77	16.47	16.66	8326229	138294224.00
2020/07/01	16.95	18.33	16.95	18.33	24199227	436471360.00
2020/07/02	18.00	18.17	17.80	18.06	16987737	305316640.00
2020/07/03	18.02	18.02	17.62	17.82	12307677	218936336.00
2020/07/06	17.95	18.64	17.83	18.59	17375100	318934624.00
2020/07/07	18.60	19.65	18.36	19.26	22740046	432891008.00
2020/07/08	19.10	20.16	18.82	19.92	18603083	363822656.00
2020/07/09	19.70	20.33	19.43	20.10	18604618	368694144.00
2020/07/10	19.91	20.15	19.39	19.39	13392100	264044496.00
2020/07/13	19.22	20.03	19.22	19.89	15611045	309240992.00
2020/07/14	19.89	20.30	19.10	19.56	16362500	323478592.00
2020/07/15	19.71	20.27	19.18	19.43	11630757	229161664.00
2020/07/16	19.45	19.68	17.79	17.80	16425945	304130880.00
2020/07/17	17.85	18.08	17.01	17.60	12672984	222111264.00
2020/07/20	17.87	19.36	17.86	19.36	21179707	405116384.00
2020/07/21	20.05	20.96	19.89	20.20	47755083	972436800.00
2020/07/22	20.30	21.81	20.00	21.34	39409686	825886976.00
2020/07/23	23.47	23.47	22.49	23.47	28952472	675315904.00
2020/07/24	24.60	25.70	22.68	22.86	62388664	1515653120.00
2020/07/27	22.58	23.57	21.17	21.93	31830388	717615040.00
2020/07/28	22.37	23.75	21.73	23.34	28297758	646767616.00
2020/07/29	24.50	25.60	23.31	25.18	34914485	855249408.00
2020/07/30	25.21	25.68	23.80	23.93	29245751	719797440.00
2020/07/31	24.12	24.48	23.58	24.05	18794198	451476960.00
2020/08/03	25.10	26.46	24.61	26.46	27930312	725336256.00
2020/08/04	26.49	28.05	25.90	26.08	31815686	856292992.00
2020/08/05	26.08	28.65	25.70	27.52	24417881	662788288.00
2020/08/06	27.51	28.36	26.80	27.75	24328700	669397696.00
2020/08/07	27.06	28.02	26.05	27.32	19819936	538869312.00
2020/08/10	27.98	29.65	27.33	27.54	24218941	685945216.00
2020/08/11	27.35	29.18	27.35	27.71	17784980	500834784.00
2020/08/12	27.70	27.80	25.01	26.19	22761694	598903680.00
2020/08/13	26.12	27.98	26.00	27.48	19250260	519530016.00
2020/08/14	27.90	30.23	27.59	30.23	29564864	857975168.00
2020/08/17	31.97	33.25	31.60	32.80	34676192	1133010560.00
2020/08/18	32.00	33.54	31.77	32.24	22594905	735463296.00
2020/08/19	32.39	34.66	31.50	32.51	25856492	852580288.00
2020/08/20	31.95	32.86	30.80	31.02	18071900	571831936.00
2020/08/21	31.14	32.24	30.61	31.10	14314360	449004256.00
2020/08/24	31.90	33.28	30.73	32.30	14036260	451931360.00
2020/08/25	31.88	32.50	29.60	30.10	19582960	602789376.00
2020/08/26	30.00	30.77	29.07	29.45	13870138	414857664.00
2020/08/27	29.46	30.77	28.90	30.10	12581025	374994016.00
2020/08/28	29.70	31.98	29.49	30.72	15560940	479484704.00
2020/08/31	30.49	30.91	29.89	30.08	11096820	335488192.00
2020/09/01	30.02	31.50	29.59	31.11	16897260	517812704.00
2020/09/02	30.80	30.98	29.63	30.03	12760727	383046592.00
2020/09/03	29.80	29.83	28.36	29.03	11254880	325040032.00
2020/09/04	28.54	29.00	28.03	28.50	7065238	200266224.00
2020/09/07	28.53	28.92	27.58	27.85	6954059	196161520.00
2020/09/08	28.51	28.59	26.65	27.63	10333164	283853664.00
2020/09/09	27.25	29.51	27.05	27.66	14238508	401920512.00
2020/09/10	27.50	27.85	26.01	26.01	13624340	364011744.00
2020/09/11	25.90	26.70	25.14	26.32	10343335	268200320.00
2020/09/14	26.25	27.05	25.92	27.05	8083388	214510176.00
2020/09/15	26.71	26.92	26.02	26.52	5472480	145137216.00
2020/09/16	26.75	26.77	25.54	25.90	6718334	174749168.00
2020/09/17	25.85	27.03	25.50	26.39	8080500	212424480.00
2020/09/18	26.61	27.36	26.24	27.00	8277551	222916496.00
2020/09/21	27.20	29.63	26.85	28.39	15176615	434110400.00
2020/09/22	27.92	27.97	26.73	26.99	9209281	251627408.00
2020/09/23	26.88	27.22	26.41	27.00	5774727	154753120.00
2020/09/24	26.55	26.95	25.81	25.90	5488449	143439024.00
2020/09/25	25.93	26.37	25.40	25.55	4293988	111153016.00
2020/09/28	25.65	26.09	24.97	25.25	4525453	115746224.00
2020/09/29	25.49	27.98	25.10	26.83	13248492	358611552.00
2020/09/30	26.95	27.08	26.10	26.55	7044009	186963312.00
2020/10/09	27.01	27.47	26.26	26.64	10278086	274500448.00
2020/10/12	26.60	28.46	26.46	27.85	12330567	339732960.00
2020/10/13	27.76	29.75	27.35	29.39	15157117	437255584.00
2020/10/14	29.59	29.98	28.70	28.85	10761503	313790432.00
2020/10/15	28.94	29.26	27.93	28.06	8597135	244619840.00
2020/10/16	28.08	28.20	26.36	26.98	11503631	312404320.00
2020/10/19	26.92	27.25	26.31	26.32	6784753	180861248.00
2020/10/20	26.32	26.82	26.11	26.78	5129405	135406800.00
2020/10/21	26.71	26.80	25.38	25.70	6923361	178546384.00
2020/10/22	25.41	25.95	25.00	25.53	3670718	93533384.00
2020/10/23	25.54	26.26	25.37	25.61	4262650	110005296.00
2020/10/26	25.61	26.26	25.10	25.97	3986512	102821112.00
2020/10/27	25.70	26.66	25.66	26.11	3995765	104831128.00
2020/10/28	26.18	26.35	25.15	25.96	4864473	124454784.00
2020/10/29	25.46	26.39	25.30	26.23	5020605	130344112.00
2020/10/30	26.31	26.58	24.80	24.93	7057496	180747552.00
2020/11/02	24.80	25.07	24.04	24.30	5367370	131436736.00
2020/11/03	24.40	25.10	24.07	24.97	4201606	103382504.00
2020/11/04	25.01	25.57	24.35	25.53	5988400	150530064.00
2020/11/05	25.49	25.65	24.73	25.10	5876393	147539504.00
2020/11/06	25.06	25.16	24.31	24.40	4485285	110098424.00
2020/11/09	24.43	25.40	24.05	25.20	5298486	132438304.00
2020/11/10	25.30	25.80	24.66	24.97	5027166	126823808.00
2020/11/11	24.20	24.42	23.28	23.85	11645679	277385632.00
2020/11/12	23.85	23.96	23.03	23.10	5516553	128886312.00
2020/11/13	23.22	23.47	22.80	23.30	3455240	79983200.00
2020/11/16	23.29	23.39	22.34	23.30	6413704	146667168.00
2020/11/17	23.38	23.53	22.39	22.62	4054000	92113368.00
2020/11/18	22.80	22.86	22.40	22.43	2870153	64836636.00
2020/11/19	22.34	24.28	22.10	24.00	7995926	187130896.00
2020/11/20	23.89	24.29	23.59	23.81	5482765	131067824.00
2020/11/23	23.69	24.77	23.20	24.56	6639840	160167120.00
2020/11/24	24.30	24.82	24.15	24.24	4379500	106726184.00
2020/11/25	24.02	24.37	23.31	23.59	4090600	96993984.00
2020/11/26	23.59	23.97	23.11	23.63	3012000	71098472.00
2020/11/27	23.70	24.65	23.19	23.79	6801273	163089632.00
2020/11/30	23.80	25.52	23.60	24.44	8199972	202169696.00
2020/12/01	24.88	24.89	24.08	24.37	6057995	147755504.00
2020/12/02	24.37	24.49	23.54	23.90	4887079	116811800.00
2020/12/03	24.09	24.33	23.56	24.03	3498100	83864648.00
2020/12/04	23.85	24.78	23.71	24.45	4903997	118937224.00
2020/12/07	24.55	24.55	23.80	23.85	3169519	76481464.00
2020/12/08	23.77	24.18	23.63	23.81	2955203	70750336.00
2020/12/09	24.00	24.00	22.88	22.93	3695400	86462368.00
2020/12/10	22.91	23.26	22.63	22.90	2518720	57722000.00
2020/12/11	22.90	22.97	21.86	22.20	5285259	117726152.00
2020/12/14	22.22	24.67	22.22	24.15	8931007	213647248.00
2020/12/15	23.86	24.65	23.62	24.25	6312578	152444048.00
2020/12/16	24.40	24.76	24.09	24.38	5189358	126730768.00
2020/12/17	24.75	25.68	24.61	25.28	8675104	217751600.00
2020/12/18	25.42	25.42	24.62	24.85	5528973	137539408.00
2020/12/21	24.70	25.22	24.45	24.71	5997344	149040448.00
2020/12/22	24.58	24.82	22.91	23.20	9066696	216313072.00
2020/12/23	23.00	24.93	22.99	24.00	9544745	229079920.00
2020/12/24	25.00	26.18	24.88	24.96	17056978	433903520.00
2020/12/25	25.30	25.80	24.06	25.14	9323225	231604896.00
2020/12/28	24.96	25.50	23.79	24.01	8299184	202944672.00
2020/12/29	23.71	24.30	22.99	23.02	7908236	184902560.00
2020/12/30	23.00	23.41	22.68	22.85	6399727	147301856.00
2020/12/31	22.83	24.68	22.73	24.39	9373038	222984544.00
2021/01/04	24.64	26.50	24.31	26.00	14740650	376599840.00
2021/01/05	25.98	26.49	25.21	25.42	13651909	351364320.00
2021/01/06	24.80	24.80	22.54	23.80	22916264	536210720.00
2021/01/07	23.50	23.51	22.41	22.91	12718511	292101984.00
2021/01/08	22.78	23.26	21.88	22.24	13241286	297233728.00
2021/01/11	22.25	22.48	21.85	21.92	7012037	154948704.00
2021/01/12	21.84	22.51	21.84	22.17	6758026	149965872.00
2021/01/13	23.11	23.63	22.31	22.38	10725028	245741184.00
2021/01/14	22.28	22.28	21.00	21.46	9245937	198946480.00
2021/01/15	21.45	21.84	21.04	21.77	5251805	112831648.00
2021/01/18	21.97	22.34	21.91	22.08	4517508	99876752.00
2021/01/19	22.00	22.13	21.31	21.38	5227728	112816664.00
2021/01/20	21.38	21.75	21.19	21.33	4048409	86537200.00
2021/01/21	21.38	22.74	21.12	22.37	9375572	206830176.00
2021/01/22	22.38	22.86	22.04	22.76	8523831	191820032.00
2021/01/25	22.64	22.86	22.08	22.16	5214220	116378528.00
2021/01/26	22.00	22.12	21.10	21.21	6020611	129038008.00
2021/01/27	21.20	21.55	20.96	21.10	3086210	65608564.00
2021/01/28	20.90	21.25	19.90	19.96	6809801	138224880.00
2021/01/29	20.01	20.23	18.80	19.15	5139834	100074096.00
2021/02/01	18.61	19.07	18.20	18.61	5965433	110918152.00
2021/02/02	18.74	20.27	18.15	20.07	10010359	193462432.00
2021/02/03	19.98	19.99	18.67	18.88	10711945	206882656.00
2021/02/04	18.80	18.80	17.18	17.59	9759666	173549920.00
2021/02/05	15.87	16.18	14.07	14.46	27381383	402771168.00
2021/02/08	14.35	14.40	13.86	13.86	11714948	165103888.00
2021/02/09	13.89	14.73	13.89	14.49	10482739	150926016.00
2021/02/10	14.57	14.82	14.28	14.56	7699075	112014056.00
2021/02/18	14.77	15.98	14.77	15.71	11988033	186298704.00
2021/02/19	15.60	16.75	15.50	16.61	10867718	177049136.00
2021/02/22	16.68	18.18	16.68	17.27	11637479	203647232.00
2021/02/23	17.15	17.69	16.52	16.97	7635791	130200288.00
2021/02/24	16.94	17.65	16.66	17.01	7346141	125755752.00
2021/02/25	17.21	17.26	16.32	16.52	6618352	109716096.00
2021/02/26	16.38	16.78	16.27	16.45	5037160	83364880.00
2021/03/01	16.33	16.93	16.33	16.69	4414300	73647456.00
2021/03/02	16.77	16.78	16.10	16.38	4696900	76933552.00
2021/03/03	16.31	16.65	16.20	16.29	3512100	57366636.00
2021/03/04	16.21	16.40	15.64	15.70	6416700	102131560.00
2021/03/05	15.95	15.97	15.55	15.83	5018169	79386552.00
2021/03/08	15.88	16.09	15.13	15.13	6508580	101262664.00
2021/03/09	15.23	15.33	14.40	14.57	6454585	95550312.00
2021/03/10	14.75	14.87	14.15	14.24	5752986	82863472.00
2021/03/11	14.40	14.85	14.16	14.75	5517120	80473104.00
2021/03/12	14.81	15.10	14.38	14.69	5387300	78978096.00
2021/03/15	14.58	14.73	14.26	14.41	4465553	64576144.00
2021/03/16	14.43	15.16	14.43	14.83	6446985	95224080.00
2021/03/17	14.93	14.96	14.52	14.72	4173868	61278392.00
2021/03/18	14.73	14.99	14.66	14.75	4671944	69154856.00
2021/03/19	14.64	14.93	14.30	14.63	5580837	82116000.00
2021/03/22	14.79	14.92	14.57	14.81	4386370	64878192.00
2021/03/23	14.88	14.92	14.23	14.35	6566397	94877576.00
2021/03/24	14.26	14.41	13.91	14.00	4693546	66260184.00
2021/03/25	13.93	14.11	13.72	13.95	3124862	43587884.00
2021/03/26	14.03	14.37	14.00	14.31	4430268	63037448.00
2021/03/29	14.30	14.49	14.25	14.38	4556250	65449412.00
2021/03/30	14.61	14.98	14.11	14.16	9634679	139591184.00
2021/03/31	14.04	14.13	13.72	13.84	5899233	81606656.00
2021/04/01	13.85	13.96	13.72	13.92	3561799	49310300.00
2021/04/02	13.92	13.98	13.79	13.86	3703300	51359528.00
2021/04/06	13.84	14.48	13.81	14.47	7802032	111093424.00
2021/04/07	14.48	14.60	14.25	14.39	4119109	59154008.00
2021/04/08	14.40	14.44	14.09	14.11	4891801	69539456.00
2021/04/09	14.13	14.30	13.96	14.12	3383296	47830036.00
2021/04/12	13.13	13.23	12.18	12.35	14892855	186168128.00
2021/04/13	12.33	12.43	12.04	12.04	7540731	92137072.00
2021/04/14	12.04	12.30	11.99	12.30	5400555	65705028.00
2021/04/15	12.48	12.48	12.10	12.32	4555933	55885000.00
2021/04/16	12.22	12.64	12.22	12.60	5910511	73725624.00
2021/04/19	12.67	12.87	12.51	12.84	5109173	65166016.00
2021/04/20	12.84	12.97	12.71	12.72	4399630	56319344.00
2021/04/21	12.84	12.84	12.55	12.67	3387740	42955208.00
2021/04/22	12.63	12.86	12.59	12.69	3229258	40984244.00
2021/04/23	12.70	12.79	12.33	12.53	3990933	50169296.00
2021/04/26	12.63	12.92	12.55	12.56	4753040	60583156.00
2021/04/27	12.56	12.57	12.23	12.30	3486863	43021476.00
2021/04/28	12.24	12.44	12.06	12.35	2646659	32571676.00
2021/04/29	12.28	12.46	12.15	12.18	3253799	39938564.00
2021/04/30	12.19	12.24	11.68	11.82	5918416	70387176.00
2021/05/06	11.88	12.53	11.84	12.30	5283104	64767520.00
2021/05/07	12.31	12.38	12.00	12.03	3362492	40765920.00
2021/05/10	12.13	12.13	11.66	11.69	4958622	58532684.00
2021/05/11	11.79	12.24	11.71	11.97	5665088	67750808.00
2021/05/12	11.99	12.03	11.76	11.86	3740930	44315700.00
2021/05/13	11.78	12.29	11.71	11.89	6199504	74610880.00
2021/05/14	11.98	12.35	11.84	12.26	6647858	80760144.00
2021/05/17	12.30	12.57	12.16	12.53	8560834	106236584.00
2021/05/18	12.34	12.56	12.26	12.39	5191159	64414728.00
2021/05/19	12.34	12.49	12.23	12.47	3761330	46623976.00
2021/05/20	12.47	13.02	12.32	12.76	8736052	111119824.00
2021/05/21	12.81	12.81	12.20	12.27	8746678	108705736.00
2021/05/24	12.18	12.97	12.06	12.78	9970700	126269488.00
2021/05/25	12.71	12.88	12.52	12.83	7301600	92701216.00
2021/05/26	12.62	13.04	12.62	12.91	8163712	105199160.00
2021/05/27	12.83	13.38	12.75	13.27	9741152	128527744.00
2021/05/28	13.27	13.49	12.91	13.04	8273606	108547120.00
2021/05/31	13.04	13.17	12.90	13.00	5979456	77711456.00
2021/06/01	13.01	13.20	12.86	13.12	5531045	72405872.00
2021/06/02	13.15	13.15	12.73	12.74	5400848	69748512.00
2021/06/03	12.79	12.96	12.60	12.61	4133679	52828028.00
2021/06/04	12.63	12.80	12.55	12.68	3446443	43753392.00
2021/06/07	12.69	13.07	12.67	13.01	5734048	74211504.00
2021/06/08	13.01	13.16	12.88	13.11	4982842	64950624.00
2021/06/09	13.19	13.69	13.16	13.26	8633500	115618024.00
2021/06/10	13.26	14.45	13.08	14.18	16674452	232380656.00
2021/06/11	14.24	14.35	13.72	13.75	10918057	152280384.00
2021/06/15	13.65	14.28	13.65	14.00	10380552	145263536.00
2021/06/16	14.01	14.17	13.60	13.67	7704082	106654672.00
2021/06/17	13.63	13.81	13.19	13.78	8151058	109522008.00
2021/06/18	13.69	14.18	13.49	14.10	8467629	118138400.00
2021/06/21	14.01	14.52	13.98	14.29	10117392	144319536.00
2021/06/22	14.29	14.46	13.90	14.31	9168800	129615184.00
2021/06/23	14.27	15.15	14.16	14.83	16497270	243743712.00
2021/06/24	14.31	14.32	13.50	13.67	17369832	240706048.00
2021/06/25	13.46	13.48	12.92	13.07	14255686	186964176.00
2021/06/28	13.15	13.27	12.98	13.09	6170888	80891080.00
2021/06/29	13.08	13.23	12.70	13.22	8404716	109012160.00
2021/06/30	13.19	13.26	13.03	13.16	5887478	77386152.00
2021/07/01	13.09	13.34	12.95	13.06	4972983	64995156.00
2021/07/02	13.05	13.24	12.80	12.85	4218580	54665112.00
2021/07/05	12.74	12.89	12.51	12.85	4457072	56669984.00
2021/07/06	12.82	13.09	12.71	13.00	3760038	48494744.00
2021/07/07	12.82	13.14	12.80	13.00	4468491	58181188.00
2021/07/08	12.96	13.24	12.86	13.21	6327298	82963328.00
2021/07/09	13.40	13.88	13.20	13.60	11597125	157335184.00
2021/07/12	13.41	14.20	13.30	13.90	11146111	152725936.00
2021/07/13	13.97	14.08	13.69	13.90	6424303	89080048.00
2021/07/14	13.80	13.90	13.30	13.34	7585886	102673568.00
2021/07/15	13.11	13.36	12.86	12.93	7106961	92584472.00
2021/07/16	12.94	13.51	12.89	13.21	6365633	84016112.00
2021/07/19	13.19	13.21	12.66	12.77	6032053	77423592.00
2021/07/20	12.77	12.99	12.62	12.98	3514400	44898944.00
2021/07/21	12.97	13.07	12.80	12.92	4346590	56238532.00
2021/07/22	12.95	13.05	12.73	12.92	4170940	53910068.00
2021/07/23	12.84	12.91	12.33	12.37	7440462	93252616.00
2021/07/26	12.36	12.66	12.10	12.51	5224262	64893472.00
2021/07/27	12.51	12.76	12.38	12.42	5405319	68025888.00
2021/07/28	12.23	12.25	11.63	11.87	6614368	78291280.00
2021/07/29	11.91	12.07	11.85	12.02	4555200	54598820.00
2021/07/30	12.00	12.32	11.78	12.24	5429302	65815268.00
2021/08/02	12.29	12.74	12.15	12.72	6420638	80523104.00
2021/08/03	12.59	12.88	12.53	12.60	5507325	69874928.00
2021/08/04	12.54	12.80	12.54	12.72	5003460	63640712.00
2021/08/05	12.68	14.10	12.48	13.45	21232919	286572800.00
2021/08/06	13.33	14.35	13.27	14.00	21052428	292664192.00
2021/08/09	13.86	14.28	13.66	13.94	15134905	210206128.00
2021/08/10	14.00	16.02	13.87	15.69	29439139	437820352.00
2021/08/11	15.58	17.15	15.10	16.04	35925906	580245376.00
2021/08/12	15.71	16.58	15.18	16.26	26600187	421504928.00
2021/08/13	16.00	16.78	15.80	15.88	19874225	321205600.00
2021/08/16	15.76	15.78	14.74	15.07	19764863	299966656.00
2021/08/17	15.07	16.54	14.85	16.02	25554701	400249824.00
2021/08/18	15.65	17.50	15.56	17.08	36296316	613644544.00
2021/08/19	16.70	16.99	16.10	16.39	21428475	354362592.00
2021/08/20	16.42	16.95	15.88	16.43	16795740	277999168.00
2021/08/23	16.33	17.49	16.28	17.30	21483365	363090784.00
2021/08/24	16.84	17.08	15.02	15.81	28910592	467819520.00
2021/08/25	15.83	15.90	15.31	15.52	12822396	199199696.00
2021/08/26	15.48	15.97	15.10	15.34	12598360	194741344.00
2021/08/27	15.34	15.86	15.14	15.76	12774348	198415488.00
2021/08/30	15.76	16.53	15.52	15.84	13541867	217586016.00
2021/08/31	15.69	16.06	14.48	14.69	17401497	263688896.00
2021/09/01	14.60	14.92	14.21	14.85	9658084	141601568.00
2021/09/02	14.87	15.67	14.40	15.65	14814594	225901520.00
2021/09/03	15.80	16.80	15.61	16.50	23265413	381480640.00
2021/09/06	16.62	16.65	16.01	16.26	11957714	194467536.00
2021/09/07	16.20	16.65	15.99	16.17	9383219	152145808.00
2021/09/08	16.20	16.48	16.11	16.25	9018072	146586288.00
2021/09/09	16.10	16.17	14.60	15.02	19354854	295449504.00
2021/09/10	14.99	15.35	14.88	14.91	8603186	129571640.00
2021/09/13	14.80	15.05	14.70	15.03	6515335	96956560.00
2021/09/14	14.99	15.15	14.52	14.54	7269423	107293760.00
2021/09/15	14.76	15.11	14.39	15.09	7922653	117949816.00
2021/09/16	15.08	15.23	14.60	14.62	6578251	97501136.00
2021/09/17	14.65	15.20	14.61	14.96	6447668	96324088.00
2021/09/22	14.71	15.50	14.60	15.30	11938833	182087792.00
2021/09/23	15.50	15.65	14.80	15.09	10577046	160091136.00
2021/09/24	15.01	15.09	13.87	13.88	13188119	189550576.00
2021/09/27	13.96	14.12	12.83	13.07	9013095	120528528.00
2021/09/28	12.93	14.00	12.93	13.69	7635497	103251968.00
2021/09/29	13.40	13.81	13.24	13.27	5313570	71734200.00
2021/09/30	13.27	14.00	13.25	13.94	6700658	92144472.00
2021/10/08	13.89	14.18	13.61	13.72	5309955	73137352.00
2021/10/11	13.60	13.74	13.19	13.32	4285382	57409880.00
2021/10/12	13.41	13.41	12.72	12.93	4999770	64790980.00
2021/10/13	13.10	13.14	12.74	12.95	2846722	36697048.00
2021/10/14	12.91	13.18	12.83	12.99	2814030	36661076.00
2021/10/15	13.04	13.28	12.98	13.01	2931597	38449820.00
2021/10/18	12.52	13.14	12.52	13.04	3514428	45366160.00
2021/10/19	13.02	13.21	12.81	12.83	3500381	45428184.00
2021/10/20	12.85	13.06	12.70	12.91	2593978	33518822.00
2021/10/21	12.93	12.99	12.60	12.62	3349881	42603524.00
2021/10/22	12.62	12.67	12.28	12.35	3545780	44123236.00
2021/10/25	12.29	12.64	12.23	12.52	2712400	33916096.00
2021/10/26	12.52	12.72	12.42	12.44	3453500	43466184.00
2021/10/27	12.44	12.76	12.35	12.64	4447731	55980168.00
2021/10/28	12.60	12.60	11.82	11.92	5687844	68603712.00
2021/10/29	12.00	12.20	11.82	12.16	3289942	39669900.00
2021/11/01	12.20	12.79	12.01	12.74	5361617	67286936.00
2021/11/02	12.77	13.34	12.61	13.08	8539512	111094240.00
2021/11/03	12.95	12.95	12.66	12.80	4409104	56363256.00
2021/11/04	12.80	13.40	12.78	13.30	7420103	98097088.00
2021/11/05	13.24	13.48	13.03	13.16	5883022	77639704.00
2021/11/08	13.11	13.11	12.78	12.93	4504042	58059628.00
2021/11/09	12.88	13.40	12.88	13.35	6963191	92351288.00
2021/11/10	13.39	13.40	13.15	13.34	4020948	53325548.00
2021/11/11	13.35	13.43	13.12	13.24	5409900	71895648.00
2021/11/12	13.35	13.78	13.35	13.54	6528105	88124536.00
2021/11/15	13.48	13.73	13.36	13.55	5476133	73910320.00
2021/11/16	13.49	13.55	13.11	13.14	4747617	63109880.00
2021/11/17	13.15	13.73	13.11	13.70	7689500	104284856.00
2021/11/18	13.62	13.95	13.52	13.68	6637700	91208344.00
2021/11/19	13.69	14.04	13.56	13.93	7330450	101574048.00
2021/11/22	14.06	14.09	13.74	13.83	5979495	82717472.00
2021/11/23	13.77	13.87	13.61	13.70	5343852	73264056.00
2021/11/24	13.70	13.74	13.34	13.50	4909181	66174892.00
2021/11/25	13.47	14.42	13.47	14.32	16089405	226745200.00
2021/11/26	14.20	14.25	13.90	14.00	9510182	133366520.00
2021/11/29	13.81	14.46	13.53	14.28	10732200	151973472.00
2021/11/30	14.48	14.55	14.18	14.38	9307674	133673144.00
2021/12/01	14.37	15.13	14.21	14.74	11239102	164497440.00
2021/12/02	14.58	14.59	13.95	13.99	10919072	155086432.00
2021/12/03	13.99	14.37	13.97	14.13	6712728	95050192.00
2021/12/06	14.17	14.28	13.79	13.84	6180082	86755816.00
2021/12/07	13.97	14.00	13.05	13.31	7249563	97034840.00
2021/12/08	13.30	14.10	13.30	13.70	7030779	96761488.00
2021/12/09	13.70	13.82	13.41	13.49	5024000	67948816.00
2021/12/10	13.57	13.57	13.32	13.43	3093635	41491248.00
2021/12/13	13.46	13.66	13.20	13.52	4380095	58873736.00
2021/12/14	13.52	13.84	13.45	13.75	4415167	60544980.00
2021/12/15	13.75	14.39	13.61	14.15	8412626	118412600.00
2021/12/16	14.15	14.29	14.00	14.22	6261190	88565112.00
2021/12/17	14.22	14.66	14.09	14.17	10882320	156501472.00
2021/12/20	14.11	14.32	13.63	13.64	7123908	99098864.00
2021/12/21	13.68	13.81	13.50	13.74	4099617	55973148.00
2021/12/22	13.73	13.85	13.52	13.57	4081300	55668992.00
2021/12/23	13.55	13.71	13.38	13.48	3964692	53587704.00
2021/12/24	13.49	13.54	12.80	12.82	7913701	102957288.00
2021/12/27	12.75	13.09	12.75	12.94	3102300	40201048.00
2021/12/28	12.92	13.14	12.84	13.07	3373400	43952052.00
2021/12/29	13.02	13.27	12.94	13.11	2973600	38961648.00
2021/12/30	13.03	13.38	13.03	13.24	3200932	42412360.00
2021/12/31	13.24	13.45	13.20	13.32	3129206	41703740.00
2022/01/04	13.50	13.58	13.27	13.51	4515078	60859216.00
2022/01/05	13.66	13.66	13.03	13.19	4884230	64717620.00
2022/01/06	13.16	13.39	13.06	13.29	2830206	37635320.00
2022/01/07	13.29	13.41	13.13	13.19	3363900	44535564.00
2022/01/10	13.16	13.22	12.94	13.05	3324346	43355352.00
2022/01/11	13.06	13.18	12.90	12.91	2909688	37845100.00
2022/01/12	13.05	13.22	13.01	13.16	3057000	40136184.00
2022/01/13	13.14	13.14	12.90	12.91	3928900	50901504.00
2022/01/14	12.91	12.95	12.55	12.56	4393675	55881112.00
2022/01/17	12.56	12.93	12.56	12.86	3250315	41603980.00
2022/01/18	12.95	12.95	12.56	12.64	3369100	42764396.00
2022/01/19	12.66	12.82	12.52	12.72	2600500	32927018.00
2022/01/20	12.66	12.71	12.40	12.42	3104500	38830384.00
2022/01/21	12.40	12.51	12.23	12.40	1752600	21733214.00
2022/01/24	10.65	12.50	10.65	12.00	17250961	202194864.00
2022/01/25	12.15	13.15	12.06	12.43	12566280	157318480.00
2022/01/26	12.49	13.40	12.41	12.93	12467965	161736480.00
2022/01/27	13.05	13.08	12.72	12.74	7706922	99112192.00
2022/01/28	12.79	13.03	12.56	12.84	5466806	70137872.00
2022/02/07	12.96	13.25	12.85	13.15	4976103	64817468.00
2022/02/08	13.12	13.54	13.03	13.45	5492845	73287648.00
2022/02/09	13.46	13.54	13.28	13.43	4501600	60411224.00
2022/02/10	13.40	13.59	13.28	13.44	3201400	42924324.00
2022/02/11	13.43	13.44	13.14	13.26	4285700	56917976.00
2022/02/14	13.24	13.55	13.10	13.37	2445052	32658622.00
2022/02/15	13.36	13.45	13.14	13.19	2644800	34992016.00
2022/02/16	13.28	13.30	12.99	13.14	3570800	46812780.00
2022/02/17	13.05	13.26	12.92	13.07	3415951	44671736.00
2022/02/18	13.01	13.66	13.00	13.58	8557053	115421168.00
2022/02/21	13.57	13.90	13.42	13.82	5603700	76830032.00
2022/02/22	13.62	14.06	13.60	13.77	5899240	81516368.00
2022/02/23	13.82	13.90	13.60	13.74	4245100	58322112.00
2022/02/24	13.60	13.90	13.30	13.78	6016660	81834448.00
2022/02/25	13.99	14.07	13.71	13.84	4266175	59241744.00
2022/02/28	13.84	14.27	13.80	13.98	4405283	61610380.00
2022/03/01	14.05	14.57	13.98	14.40	7731456	110521552.00
2022/03/02	14.30	14.48	14.22	14.48	4478956	64474736.00
2022/03/03	14.50	14.56	14.29	14.37	3854700	55403084.00
2022/03/04	14.24	14.49	13.93	14.00	4187020	59309668.00
2022/03/07	13.99	14.15	13.83	13.94	3913946	54631508.00
2022/03/08	13.94	14.06	13.63	13.71	3607800	49920500.00
2022/03/09	13.93	14.00	13.25	13.70	4842060	66144016.00
2022/03/10	14.11	14.26	13.69	13.70	4552320	63784404.00
2022/03/11	13.55	13.96	13.33	13.90	3752384	51090056.00
2022/03/14	14.00	14.00	13.61	13.61	2709600	37057800.00
2022/03/15	13.60	13.82	13.05	13.12	4514966	60497468.00
2022/03/16	13.40	13.64	13.11	13.60	5033546	67406648.00
2022/03/17	13.73	13.95	13.49	13.58	4183114	57452784.00
2022/03/18	13.46	13.85	13.46	13.75	2281863	31334374.00
2022/03/21	13.74	13.85	13.57	13.80	3402703	46751340.00
2022/03/22	13.84	13.94	13.68	13.84	2680929	37054828.00
2022/03/23	13.74	13.88	13.50	13.56	3105258	42402668.00
2022/03/24	13.49	13.99	13.38	13.84	3685500	50351220.00
2022/03/25	13.85	14.29	13.74	13.82	4495112	62992924.00
2022/03/28	13.77	14.14	13.50	14.13	3771023	52563640.00
2022/03/29	13.99	14.38	13.88	14.30	6146940	87136240.00
2022/03/30	14.39	14.65	14.17	14.56	8186523	118255472.00
2022/03/31	14.51	14.63	14.35	14.47	5685008	82270224.00
2022/04/01	14.50	14.68	14.33	14.45	4428257	64301568.00
2022/04/06	14.42	14.45	14.14	14.19	3607866	51496264.00
2022/04/07	14.20	14.29	14.05	14.08	2285806	32371170.00
2022/04/08	14.13	14.25	14.00	14.23	2130065	30113798.00
2022/04/11	14.22	14.30	13.75	13.80	3325553	46470756.00
2022/04/12	13.74	14.29	13.74	14.21	4347549	61291852.00
2022/04/13	14.10	14.22	13.82	13.82	2306458	32302300.00
2022/04/14	13.94	14.07	13.72	13.94	1661120	23060494.00
2022/04/15	13.94	13.98	13.57	13.98	2306400	31658786.00
2022/04/18	14.03	14.03	13.76	13.89	1583100	21937952.00
2022/04/19	13.80	14.03	13.75	13.84	1175469	16283595.00
2022/04/20	13.75	14.18	13.75	14.03	2906050	40752932.00
2022/04/21	14.03	14.15	13.62	13.79	3400796	46918568.00
2022/04/22	13.77	13.81	13.49	13.53	1978834	27036734.00
2022/04/25	13.30	13.55	12.93	13.31	4087128	54167372.00
2022/04/26	13.28	13.50	13.20	13.40	2161300	28899354.00
2022/04/27	13.34	13.55	13.05	13.44	2897984	38519052.00
2022/04/28	13.43	14.09	13.34	14.07	4519537	61904148.00
2022/04/29	14.17	14.33	13.93	14.23	5049820	71491832.00
2022/05/05	14.24	14.70	14.00	14.58	7391548	106766096.00
2022/05/06	14.50	14.80	14.21	14.51	5828182	84194704.00
2022/05/09	14.49	14.68	14.29	14.29	5412268	78305544.00
2022/05/10	14.10	15.06	14.06	14.80	12115684	178577408.00
2022/05/11	14.80	15.08	14.56	14.59	9966171	147144352.00
2022/05/12	14.40	14.74	14.31	14.66	5196078	75253816.00
2022/05/13	14.64	14.65	14.35	14.47	3795496	54982408.00
2022/05/16	14.49	15.75	14.44	15.56	14741994	223502912.00
2022/05/17	15.45	15.91	15.03	15.16	11334052	174303680.00
2022/05/18	15.08	15.34	14.98	15.29	7822091	118516280.00
2022/05/19	15.00	15.26	14.80	15.12	6054084	90966512.00
2022/05/20	15.34	15.45	14.99	15.10	6321400	96168144.00
2022/05/23	14.95	15.10	14.74	14.90	7157591	106455752.00
2022/05/24	14.90	15.34	14.50	14.52	8223500	122174056.00
2022/05/25	14.40	14.74	14.32	14.69	4398600	64061756.00
2022/05/26	14.69	14.80	14.30	14.48	4738860	68783680.00
2022/05/27	14.57	14.70	14.21	14.60	5920060	85701272.00
2022/05/30	14.60	15.28	14.48	15.12	10292606	154407184.00
2022/05/31	15.24	15.24	14.76	14.81	6299031	93685768.00
2022/06/01	14.72	14.74	14.40	14.55	5411144	78726728.00
2022/06/02	14.54	14.73	14.40	14.55	3459906	50404688.00
2022/06/06	14.55	15.01	14.46	14.99	6832648	100973192.00
2022/06/07	15.01	15.05	14.52	14.62	5042592	74106080.00
2022/06/08	14.53	14.89	14.28	14.89	7181721	104929080.00
2022/06/09	14.82	14.89	14.47	14.62	4102296	59956016.00
2022/06/10	14.62	14.75	14.42	14.66	3496172	51109228.00
2022/06/13	14.55	14.63	14.34	14.36	3649896	52642548.00
2022/06/14	14.31	14.74	13.90	14.74	5562000	79662480.00
2022/06/15	14.75	14.94	14.32	14.32	4575400	66662156.00
2022/06/16	14.32	14.53	14.23	14.34	2437831	35033708.00
2022/06/17	14.34	14.70	14.28	14.48	3091773	44833604.00
2022/06/20	14.54	14.89	14.42	14.84	5600400	82648944.00
2022/06/21	14.95	15.10	14.46	15.02	7414171	109338152.00
2022/06/22	14.93	15.23	14.80	14.88	5422207	81416728.00
2022/06/23	14.76	15.12	14.75	15.03	4141791	62114680.00
2022/06/24	15.09	15.50	14.93	15.04	6886036	104410976.00
2022/06/27	15.16	15.18	14.84	14.89	5320860	79683664.00
2022/06/28	14.89	15.78	14.89	15.75	12353707	191601856.00
2022/06/29	15.69	15.70	15.21	15.22	7925500	122379448.00
2022/06/30	15.21	15.41	15.11	15.15	5069900	77326656.00
2022/07/01	15.15	15.38	15.08	15.29	3991297	60843704.00
2022/07/04	15.29	15.62	14.94	15.40	4499947	69189376.00
2022/07/05	15.49	15.49	15.02	15.23	4174100	63372432.00
2022/07/06	15.29	15.37	14.99	15.11	3581687	54187128.00
2022/07/07	15.16	15.37	15.04	15.28	3701038	56198312.00
2022/07/08	15.30	15.53	15.04	15.07	3739439	56790936.00
2022/07/11	15.01	15.48	14.94	15.31	4570232	69586880.00
2022/07/12	15.41	15.60	15.12	15.16	4577400	70164176.00
2022/07/13	15.06	15.67	15.06	15.54	6219086	95982968.00
2022/07/14	15.53	16.11	15.35	15.80	8616276	136022464.00
2022/07/15	15.65	16.32	15.64	15.93	9410434	150898576.00
2022/07/18	15.96	16.88	15.80	16.70	14264702	235598960.00
2022/07/19	16.75	17.15	16.50	16.92	11469243	193464096.00
2022/07/20	16.88	17.70	16.70	17.64	14532698	251648112.00
2022/07/21	17.39	17.79	17.25	17.65	10581915	185703312.00
2022/07/22	17.59	17.70	16.91	16.97	10950502	188216704.00
2022/07/25	16.97	17.05	16.65	16.75	6014794	101322480.00
2022/07/26	16.75	17.25	16.46	17.19	6548192	111094392.00
2022/07/27	17.19	18.15	17.03	17.85	8674707	154159232.00
2022/07/28	17.86	17.97	17.52	17.53	4764215	84142504.00
2022/07/29	17.50	18.15	17.41	17.62	5930989	105333632.00
2022/08/01	17.85	17.90	17.31	17.68	4734717	83240216.00
2022/08/02	17.32	17.90	17.10	17.11	8063004	139875792.00
2022/08/03	17.14	17.52	16.67	16.85	6648700	113557416.00
2022/08/04	16.85	17.43	16.81	17.31	4823380	82970648.00
2022/08/05	17.40	17.43	16.70	16.97	5633680	95624472.00
2022/08/08	16.85	17.80	16.63	17.69	7823300	136688480.00
2022/08/09	17.69	17.78	17.29	17.48	4313020	75425024.00
2022/08/10	17.39	17.66	17.23	17.53	3153420	54888932.00
2022/08/11	17.60	18.30	17.43	18.16	9718594	174966672.00
2022/08/12	18.05	18.19	17.57	17.63	5890100	105065344.00
2022/08/15	17.68	17.83	17.31	17.68	3655145	64423084.00
2022/08/16	17.83	18.22	17.76	18.08	4542885	81789160.00
2022/08/17	18.09	18.65	17.81	17.83	6173225	112235888.00
2022/08/18	17.84	18.15	17.71	17.90	3279360	58740788.00
2022/08/19	18.08	18.24	17.45	17.45	4290065	76064240.00
2022/08/22	17.41	17.75	17.18	17.53	2623112	45942484.00
2022/08/23	17.68	18.48	17.51	18.23	7362784	133645840.00
2022/08/24	18.32	18.44	17.34	17.34	6693690	118577528.00
2022/08/25	17.77	17.77	16.95	17.16	4067253	69744128.00
2022/08/26	17.13	17.52	17.00	17.11	2350840	40411104.00
2022/08/29	16.81	17.59	16.54	17.29	3180653	55174476.00
2022/08/30	17.44	17.44	16.85	17.05	2541400	43377092.00
2022/08/31	17.05	17.19	16.11	16.23	4433494	73171704.00
2022/09/01	16.19	16.61	16.03	16.24	2286692	37340932.00
2022/09/02	16.29	16.45	16.00	16.30	3136111	50840232.00
2022/09/05	16.23	16.77	16.21	16.60	2953095	48987892.00
2022/09/06	16.68	17.08	16.45	16.90	2884595	48447648.00
2022/09/07	16.92	17.69	16.80	17.54	5071811	88455552.00
2022/09/08	17.54	17.66	17.14	17.21	2735900	47431668.00
2022/09/09	17.36	17.36	16.93	17.36	3025380	51843988.00
2022/09/13	17.27	17.38	17.09	17.20	2048020	35229536.00
2022/09/14	17.00	17.28	16.70	17.10	1595536	27227056.00
2022/09/15	17.16	17.30	16.26	16.74	3872966	64319272.00
2022/09/16	16.30	16.74	16.21	16.37	2191346	36088420.00
2022/09/19	16.35	16.37	16.00	16.29	1959980	31627088.00
2022/09/20	16.44	16.58	16.26	16.45	1624189	26635492.00
2022/09/21	16.45	16.95	16.24	16.86	2919645	48675584.00
2022/09/22	16.86	17.42	16.64	17.14	2830500	48396760.00
2022/09/23	17.11	17.22	16.60	16.89	2237746	37757552.00
2022/09/26	16.70	17.12	16.65	16.77	1890500	31956710.00
2022/09/27	16.80	17.13	16.60	17.09	2222646	37484204.00
2022/09/28	17.10	17.17	16.56	16.69	1926200	32232276.00
2022/09/29	16.74	16.97	16.55	16.82	1411800	23748372.00
2022/09/30	17.18	17.20	16.83	17.07	1731600	29488112.00
2022/10/10	17.10	17.52	16.95	17.36	3562634	61874964.00
2022/10/11	17.38	18.17	17.21	17.85	4537295	80456104.00
2022/10/12	17.85	18.03	17.50	18.03	3730036	66572824.00
2022/10/13	17.89	18.04	17.72	17.79	2417720	43198564.00
2022/10/14	17.75	18.05	17.57	17.95	3136112	55992832.00
2022/10/17	17.96	18.30	17.80	18.26	3583780	64859672.00
2022/10/18	18.28	18.73	18.18	18.73	6520562	120987488.00
2022/10/19	18.78	18.78	17.75	17.76	4701000	85318320.00
2022/10/20	17.61	18.10	17.30	17.86	2709200	48022728.00
2022/10/21	17.86	18.29	17.65	17.76	2758300	49531044.00
2022/10/24	17.76	18.41	17.67	18.00	3824728	69367696.00
2022/10/25	17.85	18.17	17.54	17.84	2827300	50490280.00
2022/10/26	17.91	18.09	17.73	18.00	1901790	34042544.00
2022/10/27	18.01	18.27	17.20	17.83	4657049	82571696.00
2022/10/28	17.75	17.82	17.08	17.18	3290738	57061060.00
2022/10/31	17.18	17.82	17.09	17.61	2912800	51143408.00
2022/11/01	17.64	17.91	17.59	17.87	2439805	43399788.00
2022/11/02	17.86	18.15	17.68	18.02	2830000	50926668.00
2022/11/03	18.02	18.08	17.80	18.03	2149500	38631312.00
2022/11/04	18.14	18.56	17.93	18.49	4901095	89963232.00
2022/11/07	18.48	19.00	18.38	18.70	7294600	136622368.00
2022/11/08	18.79	19.18	18.54	18.84	4101100	77094152.00
2022/11/09	18.88	18.93	18.57	18.70	2471795	46285444.00
2022/11/10	18.62	19.02	18.62	18.91	2875700	54268000.00
2022/11/11	18.92	19.19	18.10	18.54	5526153	102426400.00
2022/11/14	18.49	18.70	17.97	18.15	3267408	59578808.00
2022/11/15	18.08	18.35	17.98	18.15	1988927	36188872.00
2022/11/16	18.30	18.52	17.71	17.80	2290232	41239712.00
2022/11/17	17.85	18.37	17.74	18.27	2653200	47946596.00
2022/11/18	18.33	18.38	17.92	17.96	1943300	35136864.00
2022/11/21	17.96	18.16	17.73	18.02	1166575	20938474.00
2022/11/22	18.12	18.12	17.60	17.68	1704200	30277464.00
2022/11/23	17.67	17.99	17.67	17.93	1584695	28375402.00
2022/11/24	17.90	18.09	17.87	17.97	1002400	18028074.00
2022/11/25	17.97	18.01	17.66	17.95	1952905	34807676.00
2022/11/28	17.81	17.95	17.60	17.80	1244397	22147922.00
2022/11/29	17.92	18.12	17.80	18.06	2275955	40997096.00
2022/11/30	18.06	18.09	17.80	17.94	1571097	28153388.00
2022/12/01	18.01	18.73	18.01	18.41	3778374	69625088.00
2022/12/02	18.44	18.70	18.26	18.52	2292386	42533788.00
2022/12/05	18.52	18.66	17.88	17.88	3232895	58740920.00
2022/12/06	17.85	17.99	17.25	17.86	4689300	82729496.00
2022/12/07	17.85	18.28	17.72	18.15	2741567	49533532.00
2022/12/08	18.15	18.38	17.93	18.33	1927284	35117040.00
2022/12/09	18.33	18.37	18.05	18.20	1878100	34225380.00
2022/12/12	18.25	18.36	17.80	18.02	2241900	40674116.00
2022/12/13	18.24	18.67	17.90	18.15	6329815	115860448.00
2022/12/14	18.18	18.24	17.89	18.00	2659567	48033980.00
2022/12/15	18.00	18.25	17.85	18.01	1697000	30602148.00
2022/12/16	18.00	18.00	17.26	17.30	3457313	60536712.00
2022/12/19	17.47	17.47	16.80	17.12	2347196	40004124.00
2022/12/20	17.06	17.25	16.91	17.11	1253120	21443724.00
2022/12/21	17.00	17.25	16.79	17.17	2153523	36720884.00
2022/12/22	17.21	17.21	16.65	16.86	1835491	31063946.00
2022/12/23	16.88	17.22	16.82	17.07	2092789	35687684.00
2022/12/26	17.07	17.28	16.93	17.04	957000	16323416.00
2022/12/27	17.06	17.18	16.72	16.95	1253240	21221508.00
2022/12/28	17.00	17.01	16.75	16.85	921597	15546858.00
2022/12/29	16.80	16.98	16.60	16.88	1540813	25990138.00
2022/12/30	17.03	17.20	16.59	16.82	1419200	23732458.00
2023/01/03	16.83	17.54	16.81	17.43	3127660	54098064.00
2023/01/04	17.45	18.08	17.44	17.83	2990000	53390568.00
2023/01/05	17.75	18.01	17.49	17.79	3152400	55902212.00
2023/01/06	17.81	18.21	17.77	18.00	3198910	57634284.00
2023/01/09	18.09	18.30	18.00	18.12	2908400	52762404.00
2023/01/10	18.02	18.35	18.02	18.25	3241487	59016680.00
2023/01/11	18.08	18.36	18.06	18.16	2341600	42705112.00
2023/01/12	18.22	18.42	18.06	18.20	2200000	40061028.00
2023/01/13	18.20	18.21	17.89	18.00	1820716	32892742.00
2023/01/16	17.95	18.11	17.87	17.95	2731500	49108844.00
2023/01/17	17.90	18.20	17.81	18.08	2585496	46667176.00
2023/01/18	18.06	18.36	18.00	18.27	2838653	51584104.00
2023/01/19	18.24	18.57	18.16	18.55	3094667	57108660.00
2023/01/20	18.46	18.75	18.46	18.65	2127320	39659340.00
2023/01/30	18.76	20.00	18.76	19.75	8192133	160392176.00
2023/01/31	19.84	20.19	19.47	19.53	4037506	79676808.00
2023/02/01	19.60	19.76	19.38	19.75	2992900	58576012.00
2023/02/02	19.79	19.95	19.56	19.71	2897900	57170392.00
2023/02/03	19.66	19.79	19.35	19.52	2835331	55414716.00
2023/02/06	19.54	19.74	19.39	19.61	1767100	34556180.00
2023/02/07	19.80	19.88	19.27	19.44	2674100	52102040.00
2023/02/08	19.44	19.69	19.27	19.43	1781771	34709824.00
2023/02/09	19.44	19.77	19.15	19.57	2164500	42225232.00
2023/02/10	19.59	19.96	19.53	19.69	1867100	36809564.00
2023/02/13	19.76	20.32	19.65	20.22	4112786	82637480.00
2023/02/14	20.23	20.37	19.52	19.60	4897400	97084736.00
2023/02/15	19.61	19.78	19.39	19.67	2746207	53811368.00
2023/02/16	19.59	19.82	19.01	19.12	2744685	53241608.00
2023/02/17	19.02	19.24	18.52	18.75	3247638	61081840.00
2023/02/20	18.88	18.97	18.52	18.86	2358000	44208632.00
2023/02/21	18.99	19.50	18.73	19.31	3143433	60320696.00
2023/02/22	19.26	19.39	19.13	19.31	1418700	27373752.00
2023/02/23	19.30	19.37	18.87	19.06	1620100	30838818.00
2023/02/24	19.06	19.26	18.90	19.15	1458467	27828724.00
2023/02/27	19.16	19.26	18.91	19.23	1276100	24397252.00
2023/02/28	19.24	19.32	18.95	19.20	1940200	37088252.00
2023/03/01	19.22	19.40	19.07	19.17	2200000	42339328.00
2023/03/02	19.10	19.17	17.91	17.93	8760352	160971728.00
2023/03/03	17.96	18.47	17.73	18.15	5764780	104641040.00
2023/03/06	18.16	18.80	18.15	18.78	4145780	77011416.00
2023/03/07	18.78	18.84	18.40	18.61	2490300	46381116.00
2023/03/08	18.63	18.66	18.35	18.53	1795400	33180516.00
2023/03/09	18.52	18.82	18.38	18.70	1530200	28494162.00
2023/03/10	18.70	18.76	18.11	18.20	1775620	32642146.00
2023/03/13	18.20	18.28	17.50	17.70	3767333	66967056.00
2023/03/14	17.60	17.74	17.10	17.58	4989660	86858416.00
2023/03/15	17.56	17.74	17.01	17.16	2930930	50669100.00
2023/03/16	17.15	17.28	14.45	14.52	19329982	296357312.00
2023/03/17	14.52	14.77	13.96	14.17	16148110	231164512.00
2023/03/20	14.12	14.16	13.48	13.66	13114995	179577600.00
2023/03/21	13.77	13.81	13.52	13.68	11200296	152998640.00
2023/03/22	13.66	13.73	13.38	13.45	13296000	179970656.00
2023/03/23	13.44	13.54	13.23	13.31	12254858	163586000.00
2023/03/24	13.32	13.39	13.10	13.34	14230457	188456800.00
2023/03/27	13.23	13.26	12.74	12.84	20246034	261953408.00
2023/03/28	12.85	12.90	12.60	12.64	13144729	167205344.00
2023/03/29	12.63	12.69	11.99	12.07	30724333	376172960.00
2023/03/30	12.05	12.06	11.55	11.65	28769562	337172032.00
2023/03/31	11.67	11.88	11.60	11.81	17431152	204939376.00
2023/04/03	11.81	12.02	11.75	11.98	18309550	218278464.00
2023/04/04	11.93	12.00	11.63	11.72	15266200	179232320.00
2023/04/06	11.70	11.95	11.65	11.92	12126554	143455152.00
2023/04/07	12.30	12.43	12.06	12.26	28677710	350773952.00
2023/04/10	12.22	12.58	12.18	12.56	23274587	289989216.00
2023/04/11	12.47	12.56	12.18	12.34	18093007	222708528.00
2023/04/12	12.27	12.44	12.26	12.38	11357553	140114112.00
2023/04/13	12.38	12.40	12.14	12.19	11073353	135675824.00
2023/04/14	12.22	12.32	12.18	12.22	8414109	102992808.00
2023/04/17	12.15	12.28	12.04	12.11	11591199	140747296.00
2023/04/18	12.11	12.14	11.97	12.02	7816588	93987120.00
2023/04/19	11.97	12.12	11.93	12.04	6640800	79939648.00
2023/04/20	12.08	12.09	11.74	11.90	9442500	111869704.00
2023/04/21	11.88	11.99	11.55	11.57	10502008	123171768.00
2023/04/24	11.40	11.65	11.30	11.59	7309400	83991424.00
2023/04/25	11.52	11.55	10.95	11.17	11459320	128160320.00
2023/04/26	11.10	11.68	11.10	11.56	9450594	108265560.00
2023/04/27	11.60	11.74	11.41	11.43	8354500	96577664.00
2023/04/28	11.42	11.67	11.35	11.65	9350720	107832344.00
2023/05/05	11.65	11.65	11.65	11.65	0	0.00
数据来源:通达信
