300877 金春股份 日线 不复权
      日期	    开盘	    最高	    最低	    收盘	    成交量	    成交额
2020/08/24	48.00	61.24	48.00	58.80	16462397	884717632.00
2020/08/25	65.00	104.00	65.00	104.00	19668112	1493557376.00
2020/08/26	90.61	103.00	85.00	85.40	17190295	1578803200.00
2020/08/27	81.60	84.99	71.12	71.41	11639283	886891840.00
2020/08/28	69.97	73.99	63.41	68.00	10138248	695365568.00
2020/08/31	68.00	69.98	65.46	68.20	7128871	485560064.00
2020/09/01	66.90	67.29	61.82	62.15	8454597	545404416.00
2020/09/02	61.30	63.20	60.01	61.06	5910475	364052320.00
2020/09/03	62.00	63.78	58.28	58.58	6218572	380131328.00
2020/09/04	56.60	59.65	56.13	57.88	5326465	305915968.00
2020/09/07	56.80	57.54	55.30	55.80	4958672	279283648.00
2020/09/08	55.50	56.78	53.73	53.81	4510413	247717664.00
2020/09/09	52.98	53.86	49.71	49.75	4963565	255848864.00
2020/09/10	50.59	50.88	48.02	48.22	3947842	195960816.00
2020/09/11	48.05	55.59	47.07	55.18	7955694	413691584.00
2020/09/14	54.00	57.99	53.81	57.20	8481591	477465152.00
2020/09/15	56.15	62.77	54.50	57.93	9726558	568757120.00
2020/09/16	56.61	64.97	55.51	62.86	11141240	670951360.00
2020/09/17	60.98	66.30	58.70	59.72	12511484	784621760.00
2020/09/18	58.00	60.50	56.03	57.07	6316911	365025472.00
2020/09/21	57.25	61.30	56.35	60.30	6328236	374658464.00
2020/09/22	58.70	63.50	58.48	61.42	7635553	471602048.00
2020/09/23	61.43	64.00	60.28	62.00	7022930	438129984.00
2020/09/24	62.35	74.40	61.85	74.40	11950514	817680704.00
2020/09/25	76.92	78.90	66.90	67.99	13482208	956906944.00
2020/09/28	66.01	66.88	60.10	61.85	8580768	546396672.00
2020/09/29	62.56	63.06	58.22	58.39	6393134	381248704.00
2020/09/30	57.81	60.95	57.81	58.29	5365607	318783552.00
2020/10/09	59.84	66.41	59.21	64.34	7849764	493948288.00
2020/10/12	65.06	67.95	65.01	66.50	7822641	517091904.00
2020/10/13	66.33	68.95	65.16	67.30	7058600	474250208.00
2020/10/14	66.50	80.01	66.46	73.08	12566442	943980288.00
2020/10/15	71.50	85.85	69.00	79.25	13877258	1053535040.00
2020/10/16	76.28	78.99	73.81	75.70	9956884	761085312.00
2020/10/19	76.01	83.00	74.00	74.09	9410085	732382208.00
2020/10/20	71.09	77.56	71.07	76.81	8276259	616422080.00
2020/10/21	76.66	79.30	73.00	75.50	8762282	668745536.00
2020/10/22	73.01	75.38	70.51	70.95	6513816	476035744.00
2020/10/23	71.85	73.50	68.70	70.10	5424009	385035360.00
2020/10/26	70.18	74.98	69.19	73.89	5933126	431085312.00
2020/10/27	72.80	73.88	70.58	73.01	4435927	321008480.00
2020/10/28	73.10	74.10	71.85	72.76	4193571	306260640.00
2020/10/29	71.50	74.86	70.85	71.10	5631635	410043392.00
2020/10/30	70.92	70.92	61.05	62.67	7063630	462941856.00
2020/11/02	62.99	64.20	62.35	64.02	3097204	195995104.00
2020/11/03	64.02	64.87	63.04	64.07	2800557	179476688.00
2020/11/04	64.08	65.18	61.50	63.15	3474224	219158784.00
2020/11/05	63.88	65.49	63.21	65.29	3948004	254764208.00
2020/11/06	65.45	65.66	62.23	63.14	3157942	200717888.00
2020/11/09	63.54	65.35	62.92	64.71	3211957	206319888.00
2020/11/10	64.50	65.01	62.21	62.76	2959890	186847840.00
2020/11/11	62.72	63.18	60.41	60.73	2532299	156113280.00
2020/11/12	60.61	61.00	58.58	59.63	2492117	148633536.00
2020/11/13	59.64	61.88	59.64	61.33	2309553	141049264.00
2020/11/16	62.53	65.00	62.06	63.20	4354439	276789344.00
2020/11/17	63.01	63.35	60.50	61.66	3021583	185989840.00
2020/11/18	61.03	61.44	59.80	60.19	2291400	138370464.00
2020/11/19	60.20	61.78	59.01	61.08	2466177	149586176.00
2020/11/20	60.23	60.60	59.01	59.21	2344619	139804976.00
2020/11/23	59.56	62.24	59.28	61.05	3614335	221064000.00
2020/11/24	60.49	60.88	59.30	59.39	2439696	146177808.00
2020/11/25	59.70	59.90	57.01	58.65	2770560	161336448.00
2020/11/26	57.99	59.27	57.50	57.67	1453564	84678816.00
2020/11/27	58.68	58.85	56.40	57.42	1622200	93190048.00
2020/11/30	56.89	59.30	56.88	58.26	1888509	109607920.00
2020/12/01	58.06	59.47	58.02	58.60	1797658	105692112.00
2020/12/02	58.32	59.38	58.21	59.38	1937521	114157016.00
2020/12/03	59.30	64.90	59.19	63.05	5445746	341669632.00
2020/12/04	61.60	63.04	61.30	62.17	2832450	175408416.00
2020/12/07	61.76	62.68	60.60	60.83	1964205	120325984.00
2020/12/08	60.40	61.30	59.21	59.64	1827517	109822904.00
2020/12/09	59.50	59.89	57.68	57.84	1880257	109787080.00
2020/12/10	57.56	58.97	57.00	57.70	1568830	91125120.00
2020/12/11	57.75	58.14	54.58	54.84	2288510	128474072.00
2020/12/14	55.14	55.78	54.50	55.42	1423415	78423624.00
2020/12/15	55.22	55.97	54.85	55.11	1115746	61852916.00
2020/12/16	55.00	55.15	52.32	52.56	2180364	115838224.00
2020/12/17	52.22	53.80	52.21	53.37	1671933	88846648.00
2020/12/18	53.18	53.54	51.23	51.38	1924823	100548040.00
2020/12/21	51.30	52.57	50.68	52.10	1440713	74959744.00
2020/12/22	52.11	57.60	52.11	54.88	4655125	257352224.00
2020/12/23	54.12	54.49	52.49	52.90	2858067	152254688.00
2020/12/24	52.82	52.82	50.68	50.68	2011115	103313736.00
2020/12/25	50.00	51.87	50.00	50.84	1494023	76253040.00
2020/12/28	51.00	54.47	50.90	52.51	2752345	145954976.00
2020/12/29	51.80	52.32	50.86	51.40	1688661	86804680.00
2020/12/30	51.93	51.93	50.14	51.09	1576326	80186984.00
2020/12/31	51.00	53.49	50.66	52.89	2200344	115543848.00
2021/01/04	53.06	54.55	53.00	53.93	2223365	119580352.00
2021/01/05	53.75	56.44	53.21	55.49	2748217	151915696.00
2021/01/06	55.29	55.31	52.81	53.76	2537531	137167616.00
2021/01/07	53.68	53.68	50.06	50.71	2636413	135122176.00
2021/01/08	50.94	51.03	48.94	49.53	1830052	91366024.00
2021/01/11	49.50	49.50	46.70	46.93	2399030	113879136.00
2021/01/12	46.93	48.56	46.92	47.52	1765260	84481632.00
2021/01/13	46.40	46.40	43.00	44.82	3358287	149522912.00
2021/01/14	44.96	47.20	43.75	46.71	2658740	121834288.00
2021/01/15	46.00	50.98	45.83	49.34	3366166	165528080.00
2021/01/18	48.82	50.50	48.01	48.91	2295430	112417800.00
2021/01/19	49.00	50.50	48.52	49.36	2272600	112826336.00
2021/01/20	48.74	49.96	48.27	48.92	1676600	81765336.00
2021/01/21	48.75	49.81	48.03	49.28	1741600	85291744.00
2021/01/22	49.28	49.29	47.27	47.36	1759733	84718952.00
2021/01/25	48.39	48.92	46.02	46.11	1855988	87852464.00
2021/01/26	45.86	48.77	45.86	47.27	1906450	90991160.00
2021/01/27	47.02	48.08	46.62	47.65	1291594	61139632.00
2021/01/28	47.00	48.15	45.80	45.80	1403108	65718028.00
2021/01/29	46.27	46.87	44.39	45.53	1249226	56698720.00
2021/02/01	44.60	47.56	44.60	47.50	1881307	87853704.00
2021/02/02	47.21	49.16	46.30	47.07	1753121	83306704.00
2021/02/03	46.56	46.60	44.82	45.06	1461005	66562804.00
2021/02/04	44.65	45.61	43.33	44.23	1168328	51820288.00
2021/02/05	44.25	46.50	43.80	43.81	1374820	61915224.00
2021/02/08	43.80	43.82	41.29	41.39	1600512	67344096.00
2021/02/09	41.40	42.68	41.03	41.79	1172358	49036080.00
2021/02/10	41.98	42.96	41.90	42.41	1142890	48428216.00
2021/02/18	43.01	44.00	43.01	43.42	1174255	51123608.00
2021/02/19	43.50	44.44	43.03	44.27	1242534	54474584.00
2021/02/22	44.27	45.33	43.40	43.42	1727534	76668400.00
2021/02/23	43.01	43.72	42.11	43.23	1294681	55570756.00
2021/02/24	43.23	44.16	42.61	43.19	1246114	54057272.00
2021/02/25	43.20	43.68	42.67	42.68	1114385	48064932.00
2021/02/26	41.90	43.26	41.63	42.82	986365	41907720.00
2021/03/01	42.61	44.40	42.61	43.93	1303606	57117024.00
2021/03/02	44.07	44.26	42.83	43.59	1186963	51506016.00
2021/03/03	42.06	43.63	42.00	43.53	1739513	74771592.00
2021/03/04	43.48	44.46	42.48	42.87	1999504	87088080.00
2021/03/05	42.70	43.87	42.23	43.56	1500381	64922668.00
2021/03/08	43.54	44.57	43.16	43.25	1998930	88113192.00
2021/03/09	43.42	50.25	42.45	48.20	6084855	281963392.00
2021/03/10	48.00	48.00	45.00	45.75	3700483	169812720.00
2021/03/11	45.40	45.96	44.25	45.57	2559512	115276480.00
2021/03/12	45.46	45.46	43.80	44.06	2146978	95316304.00
2021/03/15	43.80	45.09	43.63	44.61	1895961	84391944.00
2021/03/16	44.80	45.19	44.11	45.18	1551222	69361536.00
2021/03/17	45.34	47.99	45.18	46.83	3237863	152054704.00
2021/03/18	46.59	49.50	46.36	48.85	3617889	174818496.00
2021/03/19	48.80	52.98	48.30	50.51	5327467	270194560.00
2021/03/22	50.45	51.66	49.46	51.52	3453505	174420304.00
2021/03/23	51.00	51.03	48.95	49.76	2985367	149022864.00
2021/03/24	49.03	53.88	49.01	52.60	4048637	207963664.00
2021/03/25	49.88	53.20	47.61	47.79	5087298	255257168.00
2021/03/26	46.36	48.08	45.32	47.85	3383495	158624112.00
2021/03/29	47.62	47.98	46.64	46.88	2564108	120802520.00
2021/03/30	46.39	46.97	45.20	45.20	2814201	128648816.00
2021/03/31	44.96	45.96	44.95	45.37	1449120	65819692.00
2021/04/01	45.92	45.94	44.41	44.50	1851181	82928128.00
2021/04/02	43.78	45.19	43.66	44.95	1680657	75021280.00
2021/04/06	45.29	45.98	44.95	45.90	1565408	71371800.00
2021/04/07	45.96	47.20	45.31	47.20	2709313	125568104.00
2021/04/08	46.92	48.07	46.53	46.61	2947650	139192176.00
2021/04/09	45.90	46.50	45.23	45.60	1881813	86021792.00
2021/04/12	45.38	45.97	44.08	44.16	1563027	69733368.00
2021/04/13	44.15	44.83	43.88	44.31	1143549	50801408.00
2021/04/14	44.41	44.88	43.71	44.88	1040675	46165004.00
2021/04/15	44.85	44.85	43.09	43.30	1290601	56394096.00
2021/04/16	43.33	44.33	43.33	43.76	1127574	49356796.00
2021/04/19	43.78	44.96	43.51	44.95	1457062	64840516.00
2021/04/20	44.10	44.15	42.28	42.35	3353029	143312880.00
2021/04/21	42.00	42.66	41.89	42.13	1131041	47748104.00
2021/04/22	41.96	42.68	41.96	42.29	942339	39993600.00
2021/04/23	42.20	42.24	40.69	40.90	1798199	74001472.00
2021/04/26	40.93	41.73	40.93	41.34	1005881	41640220.00
2021/04/27	41.50	42.83	41.50	42.25	1545370	65163312.00
2021/04/28	41.78	41.98	40.69	41.70	1071372	44229324.00
2021/04/29	40.95	40.95	39.97	39.97	1144836	46037116.00
2021/04/30	40.15	40.15	37.74	37.79	1809998	69257072.00
2021/05/06	37.78	38.08	37.51	37.63	732554	27676630.00
2021/05/07	37.63	37.98	37.37	37.51	573433	21547406.00
2021/05/10	37.51	37.66	36.37	36.49	1044023	38376624.00
2021/05/11	36.55	36.96	36.33	36.86	636847	23399532.00
2021/05/12	36.67	37.27	36.30	37.04	840004	30880572.00
2021/05/13	37.04	38.18	36.80	37.44	1065862	39917312.00
2021/05/14	37.58	37.79	37.18	37.33	1004698	37530424.00
2021/05/17	37.30	37.97	37.20	37.56	906371	34115256.00
2021/05/18	37.28	37.44	36.81	37.11	803790	29818222.00
2021/05/19	37.11	37.27	36.52	36.65	725760	26719294.00
2021/05/20	36.58	36.86	36.37	36.72	581172	21256500.00
2021/05/21	36.72	36.93	36.51	36.62	561465	20598780.00
2021/05/24	36.42	36.83	36.00	36.62	845081	30714638.00
2021/05/25	36.56	37.09	36.22	36.94	1099061	40306548.00
2021/05/26	37.00	38.03	36.85	37.79	1560089	58628060.00
2021/05/27	37.79	37.99	37.31	37.68	1147241	43156464.00
2021/05/28	37.62	38.41	37.40	37.56	1317100	49903560.00
2021/05/31	37.55	38.21	37.13	38.10	1160033	43711588.00
2021/06/01	38.30	39.40	38.27	38.45	1493337	57761272.00
2021/06/02	38.31	39.37	38.02	39.03	1850841	71959544.00
2021/06/03	38.96	39.03	38.25	38.37	1231800	47576840.00
2021/06/04	38.18	41.87	37.57	39.68	2722568	106984960.00
2021/06/07	39.30	39.39	38.79	38.89	1332455	51932424.00
2021/06/08	38.79	38.80	38.18	38.38	811730	31163794.00
2021/06/09	38.34	38.55	38.12	38.43	507231	19452598.00
2021/06/10	38.46	38.46	37.73	37.90	921385	34992296.00
2021/06/11	38.18	39.00	38.06	38.21	1024339	39356788.00
2021/06/15	38.10	38.20	36.51	36.61	1237637	45793048.00
2021/06/16	36.56	36.87	36.12	36.22	612705	22309858.00
2021/06/17	36.44	36.56	36.12	36.15	596212	21613962.00
2021/06/18	36.25	36.53	35.83	36.40	821029	29676154.00
2021/06/21	36.40	37.06	36.21	36.93	766338	28205136.00
2021/06/22	36.75	37.17	36.75	37.08	783752	28979916.00
2021/06/23	37.10	37.15	36.61	36.79	645076	23730668.00
2021/06/24	36.95	37.62	36.86	37.40	1160277	43322932.00
2021/06/25	37.13	37.40	36.66	36.93	834046	30754260.00
2021/06/28	36.71	36.90	36.49	36.77	765187	28048696.00
2021/06/29	36.66	37.88	36.25	37.50	1836471	68568688.00
2021/06/30	37.00	37.23	36.30	36.77	1017094	37484304.00
2021/07/01	36.90	37.84	36.60	37.07	1467865	54836120.00
2021/07/02	36.73	38.17	36.73	37.38	1611978	60549612.00
2021/07/05	37.44	38.11	37.08	37.43	972572	36438788.00
2021/07/06	37.88	38.15	37.18	37.69	934928	35134512.00
2021/07/07	37.32	38.07	37.22	37.87	1043705	39331672.00
2021/07/08	37.52	37.74	36.77	36.77	1236964	45934436.00
2021/07/09	36.35	37.14	36.35	36.81	590135	21698314.00
2021/07/12	37.03	37.26	36.65	36.67	917613	33840456.00
2021/07/13	36.67	39.19	36.25	38.60	3690846	140308976.00
2021/07/14	38.39	38.58	37.38	37.41	2219378	83877176.00
2021/07/15	37.10	37.11	34.00	34.60	2794260	98668648.00
2021/07/16	34.53	34.78	33.97	34.03	1042558	35702204.00
2021/07/19	34.00	34.22	33.48	33.53	781338	26262942.00
2021/07/20	33.40	34.22	33.23	33.64	593668	20019182.00
2021/07/21	33.81	33.95	33.51	33.71	641477	21622230.00
2021/07/22	33.70	33.72	33.26	33.34	711642	23775402.00
2021/07/23	33.33	33.47	31.60	31.86	1332014	43190368.00
2021/07/26	31.85	32.04	31.02	31.44	811849	25521884.00
2021/07/27	31.43	32.20	30.88	31.28	812847	25534550.00
2021/07/28	31.29	32.17	30.05	31.66	1203213	37444596.00
2021/07/29	31.63	32.10	31.61	31.75	801936	25528602.00
2021/07/30	31.69	32.19	31.16	31.95	941202	29731522.00
2021/08/02	32.10	32.59	31.62	32.50	919727	29645894.00
2021/08/03	32.38	32.93	32.36	32.47	857576	28031306.00
2021/08/04	32.34	32.57	32.24	32.48	636984	20649464.00
2021/08/05	32.90	32.91	31.93	31.99	704500	22777824.00
2021/08/06	31.95	31.95	30.81	30.99	909213	28315342.00
2021/08/09	30.98	32.48	30.82	32.35	1222140	39011124.00
2021/08/10	32.35	32.47	32.02	32.33	697273	22484936.00
2021/08/11	32.30	32.40	31.90	31.96	654121	21012322.00
2021/08/12	31.80	32.37	31.60	31.70	669269	21417048.00
2021/08/13	31.70	32.00	31.31	31.41	675769	21349778.00
2021/08/16	31.27	32.78	31.26	32.34	1230357	39625496.00
2021/08/17	32.43	32.78	31.39	31.39	1098873	35165404.00
2021/08/18	31.31	31.97	31.15	31.60	670069	21090078.00
2021/08/19	31.59	32.51	31.59	32.36	1229839	39573352.00
2021/08/20	32.25	32.26	31.33	31.59	968725	30724300.00
2021/08/23	31.79	32.40	31.58	32.08	897037	28758726.00
2021/08/24	31.93	33.12	31.93	32.34	1383543	44928140.00
2021/08/25	32.20	32.87	31.81	32.67	1161544	37805980.00
2021/08/26	32.66	32.80	31.56	31.65	1302312	41602024.00
2021/08/27	31.45	31.45	29.50	29.51	2215700	66748684.00
2021/08/30	29.59	29.59	28.67	28.83	1248482	36166292.00
2021/08/31	28.80	29.16	28.50	29.15	848775	24485872.00
2021/09/01	28.90	29.49	28.25	29.33	1069433	30901704.00
2021/09/02	29.31	29.59	28.78	29.39	848963	24865922.00
2021/09/03	29.44	30.15	29.29	29.80	1021055	30452506.00
2021/09/06	29.95	30.00	29.48	29.86	712686	21183770.00
2021/09/07	29.70	29.97	29.70	29.85	676309	20162034.00
2021/09/08	29.92	30.39	29.83	30.13	671289	20220956.00
2021/09/09	30.05	30.50	29.91	29.96	601400	18119228.00
2021/09/10	29.72	29.88	29.15	29.18	884027	25948376.00
2021/09/13	29.29	29.68	28.72	29.54	919827	26931766.00
2021/09/14	29.84	30.49	29.31	29.50	1188750	35549592.00
2021/09/15	29.20	29.32	28.80	29.06	610869	17729256.00
2021/09/16	29.08	29.40	28.42	28.52	860000	24814704.00
2021/09/17	28.46	28.58	27.66	28.23	932390	26114500.00
2021/09/22	28.00	29.25	27.80	28.49	627800	17853958.00
2021/09/23	28.35	29.17	28.32	28.52	799900	23023800.00
2021/09/24	28.50	28.51	27.88	28.00	743600	20897268.00
2021/09/27	27.88	27.99	26.85	26.99	910648	24870896.00
2021/09/28	26.88	27.27	26.80	26.99	633569	17171782.00
2021/09/29	26.56	27.07	26.00	26.00	918377	24238638.00
2021/09/30	26.00	26.60	26.00	26.46	513646	13523163.00
2021/10/08	26.81	27.60	26.61	27.27	889900	24187968.00
2021/10/11	27.10	28.16	27.09	27.31	889700	24517162.00
2021/10/12	27.02	27.46	26.66	27.18	616345	16644292.00
2021/10/13	27.00	28.30	26.89	27.60	1572324	43387220.00
2021/10/14	27.49	27.67	27.10	27.27	910807	24896634.00
2021/10/15	26.75	26.75	25.40	25.44	2121600	54755060.00
2021/10/18	25.35	25.41	24.94	25.16	788769	19786872.00
2021/10/19	25.18	25.30	25.00	25.29	584151	14719552.00
2021/10/20	25.29	25.29	24.61	24.81	890637	22096352.00
2021/10/21	24.81	25.08	24.70	24.72	754900	18750694.00
2021/10/22	24.72	24.81	24.30	24.40	591400	14500534.00
2021/10/25	24.39	24.60	24.11	24.32	537500	13037651.00
2021/10/26	24.32	24.85	24.20	24.50	677351	16632982.00
2021/10/27	24.50	24.50	23.20	23.30	1276959	30071624.00
2021/10/28	23.45	23.45	22.80	22.84	811300	18646316.00
2021/10/29	23.19	23.41	22.65	23.30	812125	18802750.00
2021/11/01	23.26	23.70	23.07	23.54	685400	16098104.00
2021/11/02	23.61	23.93	22.90	23.08	807002	18945676.00
2021/11/03	22.96	24.05	22.96	24.05	1184371	28101452.00
2021/11/04	24.20	24.20	23.38	23.78	1477901	34844700.00
2021/11/05	23.63	24.01	23.51	23.78	945301	22480096.00
2021/11/08	23.88	23.95	23.39	23.81	697061	16471289.00
2021/11/09	23.40	24.06	23.40	23.76	674847	16071515.00
2021/11/10	23.60	24.33	23.43	24.26	1347205	32265542.00
2021/11/11	24.14	24.67	24.06	24.49	1306400	31909800.00
2021/11/12	24.21	24.72	24.21	24.57	901169	22103258.00
2021/11/15	24.50	25.32	24.46	25.25	1605312	40273216.00
2021/11/16	25.16	25.35	24.72	24.82	945200	23572872.00
2021/11/17	24.69	25.10	24.69	25.02	753439	18777576.00
2021/11/18	24.70	25.38	24.44	24.45	1295534	32188260.00
2021/11/19	24.50	26.00	24.41	25.77	2784811	70872240.00
2021/11/22	25.84	25.90	25.20	25.34	1736500	44028252.00
2021/11/23	25.32	25.54	25.18	25.32	1129806	28632260.00
2021/11/24	25.31	25.99	25.13	25.97	1797199	46179248.00
2021/11/25	25.78	26.15	25.56	26.02	1459511	37794920.00
2021/11/26	25.89	25.91	25.38	25.45	1277900	32672506.00
2021/11/29	25.07	25.69	25.07	25.26	844954	21453512.00
2021/11/30	25.39	25.87	25.09	25.38	1051538	26767632.00
2021/12/01	25.38	26.15	25.12	25.96	1556299	40229960.00
2021/12/02	25.96	26.25	25.44	25.53	1056267	27181550.00
2021/12/03	25.46	25.79	25.30	25.36	759400	19359110.00
2021/12/06	25.38	25.44	24.20	24.26	1513613	37301876.00
2021/12/07	24.37	24.66	24.26	24.33	763000	18650494.00
2021/12/08	24.34	24.64	24.12	24.37	549099	13353553.00
2021/12/09	24.43	25.98	24.29	25.47	2256500	57246888.00
2021/12/10	25.62	27.44	25.28	26.23	3779600	100047912.00
2021/12/13	26.22	26.38	25.75	25.86	1876745	48828412.00
2021/12/14	25.88	26.01	25.54	25.94	1090200	28074724.00
2021/12/15	25.97	26.83	25.76	26.59	2269759	59995984.00
2021/12/16	26.42	26.47	26.12	26.28	1342600	35249240.00
2021/12/17	26.41	26.41	25.44	25.44	1385446	35599336.00
2021/12/20	25.54	27.20	25.44	26.23	2634726	69987720.00
2021/12/21	26.18	27.36	26.18	27.10	2435322	65786108.00
2021/12/22	26.78	27.64	26.70	27.08	2110448	57425400.00
2021/12/23	27.00	27.33	26.18	26.29	1438100	38228848.00
2021/12/24	26.29	26.49	25.41	25.45	1313600	33817004.00
2021/12/27	25.58	25.74	25.16	25.30	1361716	34544468.00
2021/12/28	25.33	26.26	25.21	25.93	1989189	51043656.00
2021/12/29	25.97	25.97	25.16	25.57	1220900	31044924.00
2021/12/30	25.48	25.85	25.47	25.54	755745	19360728.00
2021/12/31	25.47	25.68	25.35	25.41	961676	24504502.00
2022/01/04	25.36	26.42	25.36	26.42	2219222	57934608.00
2022/01/05	26.36	26.53	25.93	26.24	1419069	37148876.00
2022/01/06	26.24	26.91	26.21	26.58	1541538	40979848.00
2022/01/07	26.43	27.13	26.20	26.32	1955769	52171280.00
2022/01/10	26.00	26.98	25.88	26.90	1708738	45637900.00
2022/01/11	26.92	27.15	26.57	26.63	1172011	31418716.00
2022/01/12	26.88	27.05	26.57	26.85	1140332	30649932.00
2022/01/13	26.88	27.08	26.74	26.79	1045613	28137222.00
2022/01/14	26.77	26.90	26.26	26.57	1255284	33448250.00
2022/01/17	26.65	29.66	26.40	28.39	5849000	166640080.00
2022/01/18	28.13	28.33	26.55	26.57	4984649	135940352.00
2022/01/19	26.22	26.77	26.22	26.58	1580806	41855252.00
2022/01/20	26.58	26.60	24.56	24.81	3361649	85583192.00
2022/01/21	24.92	25.08	24.14	24.30	1303971	31903288.00
2022/01/24	24.33	24.33	23.70	23.75	1378713	32944410.00
2022/01/25	23.75	23.88	22.46	22.50	1709800	39298392.00
2022/01/26	22.50	22.92	22.17	22.74	1333001	30132122.00
2022/01/27	22.79	22.79	21.48	21.58	1379069	30188300.00
2022/01/28	21.65	22.22	21.50	21.98	948737	20827366.00
2022/02/07	22.20	22.55	21.66	22.29	866100	19254716.00
2022/02/08	22.20	22.80	22.13	22.69	886700	20025208.00
2022/02/09	22.56	23.10	22.56	22.94	1056000	24206648.00
2022/02/10	22.88	22.99	22.66	22.81	614700	14001851.00
2022/02/11	22.81	22.85	22.04	22.21	972706	21712096.00
2022/02/14	22.18	22.60	22.01	22.51	513100	11510130.00
2022/02/15	22.52	22.67	22.23	22.34	659576	14775883.00
2022/02/16	22.42	22.81	22.34	22.75	721373	16334191.00
2022/02/17	22.75	23.08	22.58	22.59	902013	20553054.00
2022/02/18	22.40	22.84	22.31	22.83	702533	15893730.00
2022/02/21	22.80	23.32	22.80	23.18	1000331	23131854.00
2022/02/22	22.99	23.23	22.70	22.94	875297	20062940.00
2022/02/23	23.05	23.28	22.88	23.23	795873	18441060.00
2022/02/24	23.25	23.44	22.19	22.50	1376700	31421248.00
2022/02/25	22.67	23.21	22.65	22.73	824637	18877302.00
2022/02/28	22.83	22.83	22.06	22.48	866358	19327108.00
2022/03/01	22.52	22.78	22.42	22.63	600500	13581734.00
2022/03/02	22.76	22.99	22.41	22.90	641600	14625503.00
2022/03/03	22.89	23.19	22.68	22.78	582232	13311112.00
2022/03/04	22.78	23.06	22.67	22.73	797121	18206452.00
2022/03/07	22.51	22.92	22.36	22.50	768989	17395286.00
2022/03/08	22.39	22.63	21.31	21.34	1085400	23575126.00
2022/03/09	21.30	21.46	19.82	20.47	1145878	23636722.00
2022/03/10	20.81	21.45	20.75	20.83	935373	19702364.00
2022/03/11	20.78	21.24	20.28	21.20	736358	15285305.00
2022/03/14	21.18	21.34	20.76	20.79	700900	14716311.00
2022/03/15	20.64	20.66	19.43	19.43	1017300	20442444.00
2022/03/16	19.65	20.00	18.99	19.95	936603	18361810.00
2022/03/17	20.00	20.70	20.00	20.46	1255363	25722564.00
2022/03/18	20.01	20.72	20.01	20.63	652063	13417233.00
2022/03/21	20.58	20.99	20.53	20.86	736605	15303645.00
2022/03/22	20.85	21.44	20.57	21.19	1256949	26436222.00
2022/03/23	21.19	21.41	21.06	21.11	643200	13621272.00
2022/03/24	21.07	21.09	20.68	20.82	640600	13340248.00
2022/03/25	20.82	21.86	20.82	21.65	1974752	42582636.00
2022/03/28	21.50	21.50	20.74	20.80	1693105	35583532.00
2022/03/29	20.93	20.99	20.02	20.20	1292450	26430960.00
2022/03/30	20.58	20.63	20.08	20.36	1198169	24297664.00
2022/03/31	20.37	21.39	20.26	20.89	1780084	37195532.00
2022/04/01	20.89	20.89	20.30	20.52	1070300	21900260.00
2022/04/06	20.49	21.21	20.20	20.94	1176400	24625520.00
2022/04/07	20.86	20.96	20.20	20.22	922900	18915628.00
2022/04/08	20.31	20.31	19.64	19.91	847800	16895856.00
2022/04/11	19.92	20.25	19.30	19.30	824200	16269702.00
2022/04/12	19.30	19.79	18.98	19.67	702500	13636856.00
2022/04/13	19.65	19.66	19.25	19.33	517569	10066799.00
2022/04/14	19.47	19.69	19.30	19.54	504900	9841114.00
2022/04/15	19.49	19.49	18.78	19.03	750347	14314583.00
2022/04/18	18.96	19.18	18.44	19.15	500020	9448832.00
2022/04/19	19.10	19.30	19.06	19.25	380638	7307374.00
2022/04/20	19.26	19.77	19.16	19.27	762200	14866728.00
2022/04/21	19.08	20.77	19.08	19.66	3361855	66845768.00
2022/04/22	19.76	22.80	19.70	21.98	8417842	178315936.00
2022/04/25	21.08	21.20	19.19	19.34	5774009	117009712.00
2022/04/26	18.10	18.20	15.90	16.14	6017474	101292088.00
2022/04/27	15.32	15.69	14.65	15.35	3773273	56975372.00
2022/04/28	15.36	15.44	14.65	14.77	2691561	40239280.00
2022/04/29	14.89	15.84	14.89	15.48	2788861	43213384.00
2022/05/05	15.43	16.12	15.00	15.97	1996797	31473112.00
2022/05/06	15.51	16.45	15.40	15.85	1786600	28528250.00
2022/05/09	15.67	16.28	15.60	16.02	1263269	20316566.00
2022/05/10	15.87	16.24	15.74	16.19	1509700	24330592.00
2022/05/11	16.11	16.66	16.02	16.10	1625881	26653222.00
2022/05/12	16.11	16.59	15.85	16.59	1638454	26854294.00
2022/05/13	16.93	16.96	16.31	16.42	1424700	23565652.00
2022/05/16	16.51	16.58	16.15	16.35	1132300	18529684.00
2022/05/17	16.43	16.46	15.81	15.95	1080400	17240416.00
2022/05/18	15.94	16.56	15.92	16.43	1516736	24820270.00
2022/05/19	16.20	16.60	16.13	16.35	1143811	18692258.00
2022/05/20	16.25	16.95	16.25	16.55	1512300	25143960.00
2022/05/23	16.54	16.78	16.53	16.62	1236226	20575756.00
2022/05/24	16.60	16.66	15.50	15.52	1529237	24537626.00
2022/05/25	15.53	15.92	15.53	15.84	758193	11975662.00
2022/05/26	16.05	16.05	15.39	15.94	883600	13931239.00
2022/05/27	16.01	16.20	15.56	15.78	818500	13016209.00
2022/05/30	15.77	15.79	15.46	15.72	884800	13831754.00
2022/05/31	15.79	16.06	15.38	16.03	1103418	17342376.00
2022/06/01	15.99	16.35	15.92	16.16	1275000	20606760.00
2022/06/02	16.16	16.41	15.96	16.35	1188158	19275346.00
2022/06/06	16.35	16.76	16.21	16.64	1136658	18896188.00
2022/06/07	16.64	16.77	16.37	16.45	1013858	16756486.00
2022/06/08	16.45	16.56	16.04	16.28	825277	13437565.00
2022/06/09	16.28	16.45	15.96	16.06	1005365	16251778.00
2022/06/10	15.97	16.32	15.80	16.12	647413	10430834.00
2022/06/13	16.06	16.44	16.00	16.28	731900	11869146.00
2022/06/14	16.15	16.25	15.65	16.23	904100	14385647.00
2022/06/15	16.19	16.45	16.19	16.26	1259786	20563282.00
2022/06/16	16.28	16.60	16.26	16.50	1017000	16724924.00
2022/06/17	16.40	16.42	15.91	16.38	1382700	22453672.00
2022/06/20	16.40	16.67	16.30	16.63	1028616	17013874.00
2022/06/21	16.71	16.75	16.36	16.59	918975	15243714.00
2022/06/22	16.59	16.70	16.07	16.15	1081475	17576666.00
2022/06/23	16.15	16.43	16.05	16.39	797562	12973758.00
2022/06/24	16.52	16.66	16.38	16.62	1060600	17549836.00
2022/06/27	16.78	16.93	16.41	16.49	1265100	21000032.00
2022/06/28	16.59	16.80	16.36	16.78	1222600	20340806.00
2022/06/29	16.75	16.88	16.37	16.43	1223200	20260820.00
2022/06/30	16.36	16.78	16.36	16.56	1148300	19095808.00
2022/07/01	16.66	16.84	16.40	16.75	1416042	23594270.00
2022/07/04	16.65	16.98	16.52	16.66	1142000	18998666.00
2022/07/05	16.75	17.55	16.71	17.12	3849906	65740608.00
2022/07/06	17.06	17.26	16.43	16.88	3092506	51821940.00
2022/07/07	16.77	16.77	16.21	16.25	2564100	42033632.00
2022/07/08	16.26	16.66	16.20	16.51	1872137	30898048.00
2022/07/11	16.43	16.48	16.05	16.19	1259858	20425354.00
2022/07/12	16.25	16.25	15.61	15.63	1693565	26725884.00
2022/07/13	15.65	15.95	15.59	15.80	876382	13865121.00
2022/07/14	15.80	16.07	15.73	15.98	722781	11511517.00
2022/07/15	15.85	15.99	15.40	15.48	1349692	21023884.00
2022/07/18	15.42	16.15	15.42	16.08	1476111	23535282.00
2022/07/19	16.12	16.23	15.99	16.19	627800	10121506.00
2022/07/20	16.12	16.47	16.12	16.41	910369	14854147.00
2022/07/21	16.28	16.55	16.28	16.40	752000	12380133.00
2022/07/22	16.38	16.55	16.11	16.34	655769	10704028.00
2022/07/25	16.30	16.47	16.10	16.26	518800	8443654.00
2022/07/26	16.20	16.37	15.91	16.35	772482	12496422.00
2022/07/27	16.27	16.56	16.26	16.51	887800	14554071.00
2022/07/28	16.50	16.74	16.49	16.55	936721	15571197.00
2022/07/29	16.57	16.78	16.46	16.57	974400	16195794.00
2022/08/01	16.57	16.90	16.55	16.79	1316008	22090938.00
2022/08/02	16.70	17.11	15.72	16.70	3680639	60411588.00
2022/08/03	16.63	19.71	16.62	17.34	6631480	118286768.00
2022/08/04	17.39	17.39	16.63	16.79	4800819	80642568.00
2022/08/05	16.71	16.78	16.44	16.65	2458114	40704876.00
2022/08/08	16.52	16.83	16.52	16.83	1421214	23755384.00
2022/08/09	16.70	16.84	16.59	16.73	1446031	24122142.00
2022/08/10	16.68	16.73	16.52	16.66	834100	13870871.00
2022/08/11	16.70	17.05	16.70	16.91	1836879	31058472.00
2022/08/12	16.92	17.05	16.80	17.00	1549016	26220336.00
2022/08/15	17.01	17.04	16.60	16.85	1354894	22743178.00
2022/08/16	16.85	16.96	16.71	16.75	1270094	21395830.00
2022/08/17	16.78	16.83	16.47	16.78	1184214	19713878.00
2022/08/18	16.71	17.03	16.53	16.99	1490514	25023488.00
2022/08/19	16.90	17.22	16.70	16.72	1476312	25061316.00
2022/08/22	16.59	16.73	16.40	16.61	1334885	22133132.00
2022/08/23	16.48	16.56	16.00	16.26	1908941	30995930.00
2022/08/24	16.20	16.30	15.80	15.84	1393011	22329652.00
2022/08/25	15.81	15.97	15.40	15.68	1184204	18517726.00
2022/08/26	15.73	15.80	15.50	15.58	627000	9820966.00
2022/08/29	15.57	15.87	15.40	15.85	1001268	15698596.00
2022/08/30	15.82	16.17	15.82	15.95	1089921	17415694.00
2022/08/31	16.02	16.02	15.54	15.65	891380	14004310.00
2022/09/01	15.65	15.95	15.63	15.68	641347	10131007.00
2022/09/02	15.71	16.16	15.63	16.09	1022862	16333280.00
2022/09/05	16.09	16.24	15.97	16.20	797184	12835070.00
2022/09/06	16.43	16.43	16.06	16.13	598400	9669578.00
2022/09/07	16.07	16.36	16.07	16.26	814584	13217774.00
2022/09/08	16.25	16.31	16.02	16.12	624421	10075352.00
2022/09/09	16.14	16.18	16.00	16.17	458700	7380509.00
2022/09/13	16.17	16.37	16.08	16.25	622700	10135382.00
2022/09/14	16.14	16.28	15.90	16.16	799781	12830563.00
2022/09/15	16.16	16.17	15.64	15.80	725300	11508791.00
2022/09/16	15.69	15.93	15.20	15.29	895500	13871146.00
2022/09/19	15.30	15.30	14.80	14.92	768599	11485214.00
2022/09/20	15.03	15.35	14.99	15.32	624737	9496022.00
2022/09/21	15.27	16.84	15.15	16.00	4037465	65392960.00
2022/09/22	15.71	16.43	15.64	16.02	2109003	33993164.00
2022/09/23	16.05	16.63	15.83	16.46	2733719	44703604.00
2022/09/26	16.29	16.80	16.20	16.21	2106852	34664104.00
2022/09/27	16.30	16.91	16.20	16.91	2803060	46850240.00
2022/09/28	16.84	17.65	16.57	17.15	4222995	72684744.00
2022/09/29	17.01	17.02	16.26	16.28	2852136	47407676.00
2022/09/30	16.22	16.47	15.84	16.07	1819563	29316920.00
2022/10/10	16.11	16.60	15.74	15.81	1402869	22637106.00
2022/10/11	15.94	15.95	15.17	15.24	1452100	22323126.00
2022/10/12	15.11	15.87	15.05	15.85	1322400	20448024.00
2022/10/13	15.85	16.05	15.55	15.84	1091900	17271984.00
2022/10/14	15.92	16.76	15.86	16.75	2326286	38393728.00
2022/10/17	16.80	17.38	16.70	17.13	2309300	39403288.00
2022/10/18	17.10	17.20	16.71	16.78	1543500	26056078.00
2022/10/19	16.78	17.10	16.49	17.10	1687800	28432296.00
2022/10/20	17.00	17.49	16.74	17.41	2760997	47607248.00
2022/10/21	17.29	17.41	16.79	16.81	1624700	27519208.00
2022/10/24	17.05	17.05	16.48	16.79	1611424	27055160.00
2022/10/25	16.76	16.78	16.25	16.51	1383533	22778922.00
2022/10/26	16.04	16.72	16.04	16.55	1626733	26790702.00
2022/10/27	16.55	16.85	16.37	16.72	1454527	24183156.00
2022/10/28	16.69	16.69	15.33	15.38	2189188	34554776.00
2022/10/31	15.39	15.70	15.16	15.36	1469900	22715640.00
2022/11/01	15.64	15.79	15.35	15.76	1084746	16896108.00
2022/11/02	15.70	15.98	15.65	15.93	1098100	17423688.00
2022/11/03	15.83	16.00	15.50	15.93	928900	14696137.00
2022/11/04	15.76	16.10	15.76	16.04	1162086	18553100.00
2022/11/07	16.04	17.13	16.00	17.06	3178600	52935276.00
2022/11/08	17.04	17.26	16.70	17.23	2398151	40839484.00
2022/11/09	17.23	17.27	16.79	16.89	1815797	30910976.00
2022/11/10	16.90	17.29	16.81	17.14	2251177	38508724.00
2022/11/11	17.41	17.54	16.78	16.78	1881058	32207066.00
2022/11/14	16.98	17.33	16.93	17.04	1548000	26527500.00
2022/11/15	17.06	17.18	16.88	17.15	1112500	18956714.00
2022/11/16	17.08	18.66	17.06	17.77	4618000	82099024.00
2022/11/17	17.78	17.89	17.52	17.65	2273187	40209544.00
2022/11/18	17.80	17.88	17.18	17.20	2146900	37487456.00
2022/11/21	17.26	17.36	16.87	17.01	1235900	21006104.00
2022/11/22	17.01	17.30	16.81	16.89	1361393	23261846.00
2022/11/23	16.89	16.94	16.41	16.58	1328986	22024486.00
2022/11/24	16.52	17.05	16.49	16.75	1195700	20085388.00
2022/11/25	16.73	16.86	16.53	16.66	885000	14743066.00
2022/11/28	16.58	16.69	16.19	16.30	1049100	17132628.00
2022/11/29	16.37	16.85	16.37	16.78	1217200	20285670.00
2022/11/30	16.78	16.85	16.51	16.53	937500	15623302.00
2022/12/01	16.66	17.02	16.64	16.99	1779359	30018490.00
2022/12/02	17.08	17.35	16.93	17.23	1910653	32864210.00
2022/12/05	17.25	17.48	17.11	17.32	1464582	25305172.00
2022/12/06	17.30	17.33	17.02	17.10	1037200	17784404.00
2022/12/07	17.10	18.09	17.00	17.92	4445190	78837256.00
2022/12/08	17.81	17.93	17.50	17.82	2336720	41377416.00
2022/12/09	17.79	17.97	17.58	17.66	1363442	24181922.00
2022/12/12	17.83	18.10	17.67	17.88	2272686	40692740.00
2022/12/13	17.79	18.49	17.57	18.01	2089586	37639340.00
2022/12/14	17.88	18.35	17.70	18.35	2717343	49333360.00
2022/12/15	18.24	18.45	17.89	18.06	2363977	42828240.00
2022/12/16	17.60	18.88	17.60	18.49	4311258	79356904.00
2022/12/19	18.27	18.41	17.55	17.74	3172182	56652560.00
2022/12/20	17.75	17.79	17.25	17.41	1484660	25924490.00
2022/12/21	17.43	17.65	17.08	17.27	1079800	18648140.00
2022/12/22	17.30	17.95	17.18	17.41	2101352	36996656.00
2022/12/23	17.42	17.55	16.90	17.17	1335100	22815568.00
2022/12/26	17.16	17.57	17.05	17.39	1037127	18032806.00
2022/12/27	17.39	17.50	16.37	16.39	2830643	46928388.00
2022/12/28	16.52	16.56	15.78	16.05	1822462	29142482.00
2022/12/29	16.05	16.18	15.86	15.97	1144700	18319382.00
2022/12/30	15.95	16.17	15.90	16.03	898600	14380420.00
2023/01/03	15.95	16.28	15.95	16.28	838700	13546481.00
2023/01/04	16.32	16.49	16.19	16.32	927900	15141570.00
2023/01/05	16.23	16.29	16.02	16.18	919300	14825692.00
2023/01/06	16.13	16.20	15.87	16.03	1078400	17293996.00
2023/01/09	16.05	16.24	16.01	16.08	735700	11852955.00
2023/01/10	16.08	16.18	15.87	15.93	756700	12067508.00
2023/01/11	15.99	16.08	15.70	15.73	852733	13547135.00
2023/01/12	15.83	15.83	15.58	15.66	627233	9834635.00
2023/01/13	15.66	15.81	15.58	15.80	453300	7139049.00
2023/01/16	15.82	16.07	15.82	16.01	675900	10819734.00
2023/01/17	16.05	16.26	15.86	15.90	537200	8560263.00
2023/01/18	15.92	16.08	15.86	16.06	541600	8667092.00
2023/01/19	16.05	16.22	15.95	16.18	705600	11385015.00
2023/01/20	16.20	16.26	16.10	16.22	817300	13233682.00
2023/01/30	16.29	16.47	16.29	16.41	880730	14449319.00
2023/01/31	16.31	16.47	16.30	16.43	586492	9613844.00
2023/02/01	16.68	16.68	16.43	16.58	852567	14090403.00
2023/02/02	16.60	16.76	16.52	16.68	1039900	17318360.00
2023/02/03	16.70	16.82	16.42	16.59	1086300	18024504.00
2023/02/06	16.60	16.65	16.47	16.57	737900	12221256.00
2023/02/07	16.57	16.84	16.57	16.80	970500	16259306.00
2023/02/08	16.77	17.16	16.77	16.93	1301930	22128932.00
2023/02/09	16.95	17.09	16.76	17.08	1013624	17182824.00
2023/02/10	17.08	17.16	16.92	16.97	810100	13799136.00
2023/02/13	17.12	17.13	16.99	17.10	755400	12891600.00
2023/02/14	17.13	17.17	17.03	17.13	781781	13367539.00
2023/02/15	17.05	17.18	17.01	17.10	650269	11103169.00
2023/02/16	17.07	17.25	16.50	16.66	1498578	25377238.00
2023/02/17	16.70	17.08	16.70	16.73	1255767	21167076.00
2023/02/20	16.73	16.95	16.73	16.94	895976	15101440.00
2023/02/21	17.10	17.19	16.88	17.00	996969	16995004.00
2023/02/22	16.88	17.15	16.83	17.14	1023805	17418594.00
2023/02/23	17.15	17.32	17.07	17.17	1017647	17483114.00
2023/02/24	17.09	17.23	16.92	17.09	554500	9454280.00
2023/02/27	17.10	17.20	16.86	16.94	770500	13111646.00
2023/02/28	16.94	17.57	16.94	17.57	3130945	54435628.00
2023/03/01	17.50	17.50	17.24	17.38	1902300	32947818.00
2023/03/02	17.37	17.76	17.37	17.45	1888100	33118652.00
2023/03/03	17.54	17.54	17.08	17.17	1349400	23244232.00
2023/03/06	17.22	17.22	16.88	16.91	1194057	20317420.00
2023/03/07	16.93	17.06	16.64	16.66	1070970	17985920.00
2023/03/08	16.63	16.93	16.54	16.93	788205	13243247.00
2023/03/09	16.93	17.28	16.80	17.20	1362124	23302862.00
2023/03/10	17.09	17.37	17.05	17.13	1097700	18888276.00
2023/03/13	17.14	17.18	16.70	16.89	1016270	17192602.00
2023/03/14	16.86	16.89	16.33	16.45	1056000	17473098.00
2023/03/15	16.58	16.75	16.58	16.64	627900	10468394.00
2023/03/16	16.68	16.68	16.40	16.46	677300	11188678.00
2023/03/17	16.72	16.76	16.48	16.57	558700	9298252.00
2023/03/20	16.70	16.70	16.23	16.33	676200	11057884.00
2023/03/21	16.39	16.80	16.31	16.80	857569	14256716.00
2023/03/22	16.86	17.35	16.85	17.33	2269269	39106128.00
2023/03/23	17.31	17.38	17.11	17.24	1104000	19020362.00
2023/03/24	17.30	17.35	17.12	17.28	843127	14530862.00
2023/03/27	17.37	17.37	16.99	17.21	777400	13327525.00
2023/03/28	17.24	17.39	17.11	17.25	1097069	18923388.00
2023/03/29	17.29	17.29	16.86	16.99	843780	14370257.00
2023/03/30	17.01	17.04	16.40	16.74	991300	16545941.00
2023/03/31	16.65	16.82	16.61	16.72	617100	10307234.00
2023/04/03	16.66	16.94	16.66	16.93	776100	13066792.00
2023/04/04	16.92	16.96	16.60	16.63	777637	13013765.00
2023/04/06	16.73	16.75	16.27	16.31	1171569	19227464.00
2023/04/07	16.31	16.55	16.28	16.47	675384	11108410.00
2023/04/10	16.47	16.48	16.06	16.16	1140337	18477184.00
2023/04/11	16.16	16.16	15.88	16.04	898800	14368249.00
2023/04/12	16.10	16.23	15.96	16.16	721400	11597609.00
2023/04/13	16.23	16.23	15.98	16.06	556500	8931475.00
2023/04/14	16.14	16.25	15.98	16.00	902500	14505576.00
2023/04/17	15.82	15.97	15.80	15.89	786300	12482329.00
2023/04/18	15.92	15.93	15.75	15.83	538700	8523170.00
2023/04/19	15.78	15.96	15.70	15.71	766700	12137965.00
2023/04/20	15.71	15.71	15.30	15.37	966869	14921971.00
2023/04/21	15.35	15.49	15.06	15.08	818500	12449618.00
2023/04/24	15.08	15.26	14.80	15.14	914200	13753389.00
2023/04/25	15.52	15.78	15.06	15.15	1588992	24426238.00
2023/04/26	15.34	15.64	15.20	15.55	982067	15213961.00
2023/04/27	15.43	15.86	15.43	15.70	1068008	16786336.00
2023/04/28	15.67	15.93	15.52	15.89	1150652	18215278.00
2023/05/05	16.23	16.23	16.23	16.23	0	0.00
数据来源:通达信
