300781 因赛集团 日线 不复权
      日期	    开盘	    最高	    最低	    收盘	    成交量	    成交额
2019/06/06	19.84	23.80	19.84	23.80	26028	618080.38
2019/06/10	26.18	26.18	26.18	26.18	8300	217294.00
2019/06/11	28.80	28.80	28.80	28.80	11259	324259.19
2019/06/12	31.68	31.68	31.68	31.68	28659	907917.13
2019/06/13	34.85	34.85	34.85	34.85	45371	1581179.38
2019/06/14	38.34	38.34	38.34	38.34	225266	8636698.00
2019/06/17	42.17	42.17	42.17	42.17	395372	16672837.00
2019/06/18	46.39	46.39	43.56	46.39	13354083	606896320.00
2019/06/19	47.75	51.03	45.88	51.03	13874940	668417792.00
2019/06/20	47.50	51.30	46.98	48.88	13042767	634638144.00
2019/06/21	48.12	53.09	47.77	50.75	13539844	682843264.00
2019/06/24	50.69	53.68	49.14	52.86	13119890	677822528.00
2019/06/25	51.20	51.96	47.63	48.80	9776733	481803712.00
2019/06/26	49.50	53.68	49.50	53.68	15268572	804699136.00
2019/06/27	51.00	51.78	48.48	50.69	11778194	590511168.00
2019/06/28	49.61	49.90	45.62	45.62	9196335	432943008.00
2019/07/01	47.10	48.53	46.90	47.62	8497798	404135872.00
2019/07/02	47.25	48.30	43.71	48.30	9604281	444889760.00
2019/07/03	47.66	48.00	44.47	45.24	6373394	294341408.00
2019/07/04	45.19	45.47	43.30	43.99	5464883	241750080.00
2019/07/05	44.85	46.40	44.72	45.81	6884699	312917728.00
2019/07/08	45.25	45.39	42.71	42.72	6140895	268671712.00
2019/07/09	41.83	42.95	41.03	42.33	4573681	191266512.00
2019/07/10	42.80	43.33	41.38	41.71	4942574	210896256.00
2019/07/11	41.66	42.20	39.70	41.48	5026864	206415152.00
2019/07/12	41.01	41.47	40.07	40.71	3275386	133498952.00
2019/07/15	40.10	41.59	40.10	41.16	3793221	155590464.00
2019/07/16	41.78	42.78	41.66	42.08	5078683	214789520.00
2019/07/17	41.41	41.41	39.98	39.98	4671674	189726224.00
2019/07/18	40.06	40.24	37.02	37.70	4706227	180264192.00
2019/07/19	37.60	38.18	36.71	36.98	3367980	125921520.00
2019/07/22	37.20	37.26	33.68	34.14	4083201	142220576.00
2019/07/23	34.19	34.48	33.89	34.34	2512742	85963328.00
2019/07/24	34.70	35.65	34.60	35.01	3677369	129138984.00
2019/07/25	35.87	37.33	35.57	35.60	5229819	189592992.00
2019/07/26	35.23	36.48	34.80	35.66	3577408	127971848.00
2019/07/29	35.79	36.39	35.33	35.50	2891967	103599480.00
2019/07/30	35.50	36.39	35.24	35.65	2900593	104060112.00
2019/07/31	35.77	36.16	34.35	34.49	3620728	127223512.00
2019/08/01	33.83	34.99	33.49	34.99	2903826	100034992.00
2019/08/02	34.12	37.38	33.85	36.28	5798940	206955360.00
2019/08/05	36.66	38.00	36.35	36.85	5822794	215842880.00
2019/08/06	35.35	40.54	35.35	40.54	6939469	263956128.00
2019/08/07	42.28	43.83	39.68	40.50	11174336	466760192.00
2019/08/08	38.50	39.80	37.69	37.82	6233870	239766720.00
2019/08/09	38.21	39.67	37.15	38.33	5102378	196703312.00
2019/08/12	37.84	40.00	37.29	39.99	5347544	206695792.00
2019/08/13	39.01	39.65	38.40	38.97	4099128	160403888.00
2019/08/14	39.82	40.00	38.10	38.10	3569574	139074560.00
2019/08/15	36.12	37.00	35.38	36.70	4188224	151009696.00
2019/08/16	37.00	37.11	35.70	35.96	3666152	134007400.00
2019/08/19	36.40	37.10	35.51	37.00	4168144	151921552.00
2019/08/20	37.00	40.70	36.77	40.70	5525384	215036784.00
2019/08/21	41.00	41.00	38.86	39.10	6648110	262392928.00
2019/08/22	39.07	40.69	38.50	39.82	6353460	252623552.00
2019/08/23	39.30	39.93	38.40	38.66	3568281	138989424.00
2019/08/26	37.10	37.64	36.78	37.48	2414092	90007504.00
2019/08/27	37.77	38.65	37.51	38.65	2868026	109313248.00
2019/08/28	38.48	40.30	38.25	39.65	5419237	214582560.00
2019/08/29	39.30	39.65	37.86	38.00	3768775	145992400.00
2019/08/30	36.90	37.45	34.20	34.31	6853183	244115888.00
2019/09/02	33.80	35.49	33.61	34.96	3179840	109943152.00
2019/09/03	34.74	35.74	34.62	35.58	2936382	103254184.00
2019/09/04	35.41	35.79	34.50	35.24	2948188	103472736.00
2019/09/05	35.45	36.18	35.36	35.37	3338659	119213208.00
2019/09/06	35.32	36.30	35.30	35.93	3252218	116264432.00
2019/09/09	35.99	37.10	35.95	36.95	3552786	129446120.00
2019/09/10	36.74	37.59	36.43	37.24	3527081	130572176.00
2019/09/11	37.20	37.35	36.51	36.51	2601836	95698568.00
2019/09/12	36.63	37.56	36.63	37.45	3518814	130761872.00
2019/09/16	37.60	37.78	37.02	37.48	2937998	109772408.00
2019/09/17	37.38	37.55	35.56	35.76	3039957	110733728.00
2019/09/18	35.99	39.34	35.99	39.34	4007115	153169872.00
2019/09/19	40.31	41.97	40.10	40.25	11601628	474160576.00
2019/09/20	39.11	40.24	38.50	38.87	6611298	259553952.00
2019/09/23	38.38	42.76	38.38	42.76	7465462	306102848.00
2019/09/24	44.00	44.67	40.69	41.18	9675308	405558624.00
2019/09/25	39.88	40.63	39.53	39.88	4622146	184726656.00
2019/09/26	39.88	42.01	39.86	40.54	7841660	323089472.00
2019/09/27	39.26	39.99	36.49	39.41	6310509	241745952.00
2019/09/30	39.00	40.88	38.20	38.65	4047966	159777760.00
2019/10/08	39.14	41.25	37.37	40.69	5129325	204441584.00
2019/10/09	40.20	40.75	39.30	40.70	3872184	155052992.00
2019/10/10	40.49	41.80	39.65	40.58	4020984	162722544.00
2019/10/11	41.40	42.55	40.04	42.06	7493449	311729888.00
2019/10/14	41.80	42.58	41.21	42.20	5811647	243016672.00
2019/10/15	40.77	40.80	37.69	37.95	5372361	208544688.00
2019/10/16	38.00	38.29	36.16	36.55	3888128	143547728.00
2019/10/17	36.12	37.36	36.12	36.54	2253010	82842904.00
2019/10/18	36.57	36.59	35.00	35.35	2865959	102125856.00
2019/10/21	35.18	35.43	33.65	34.06	2231149	76215896.00
2019/10/22	34.30	34.93	34.10	34.80	1775066	61254464.00
2019/10/23	34.97	35.78	34.54	35.52	2266622	79746056.00
2019/10/24	35.50	35.60	34.50	34.72	1524925	53213264.00
2019/10/25	34.61	34.90	33.83	34.38	1572711	53900212.00
2019/10/28	34.10	35.05	34.06	35.02	1835466	63702248.00
2019/10/29	35.14	35.15	33.65	33.65	2300541	78610632.00
2019/10/30	33.76	33.76	31.32	31.56	2815930	90234664.00
2019/10/31	31.76	32.09	30.45	30.56	2015234	63052112.00
2019/11/01	30.39	30.97	30.18	30.86	1312744	40388452.00
2019/11/04	30.88	31.29	30.80	31.00	1096647	34042600.00
2019/11/05	31.03	31.48	30.56	31.26	1338300	41782944.00
2019/11/06	31.38	31.45	30.68	31.00	1207566	37375496.00
2019/11/07	31.04	31.40	30.58	31.38	1239547	38472892.00
2019/11/08	31.40	34.52	31.20	34.52	6536481	221167040.00
2019/11/11	33.00	35.40	32.80	33.95	5883918	199702464.00
2019/11/12	33.73	34.45	32.97	34.31	3603620	121470584.00
2019/11/13	33.92	35.18	33.80	34.78	3927097	135474528.00
2019/11/14	34.48	35.07	33.41	34.28	3538526	121042352.00
2019/11/15	33.76	34.29	32.58	32.70	2800504	93787192.00
2019/11/18	33.00	33.37	31.90	33.33	2257607	73716544.00
2019/11/19	32.94	34.49	32.94	33.94	2653471	89715832.00
2019/11/20	33.84	34.47	32.75	32.94	2687513	90394056.00
2019/11/21	32.73	33.49	32.41	33.15	1696504	56030264.00
2019/11/22	33.14	34.30	32.88	33.80	3158408	105941320.00
2019/11/25	33.99	34.33	31.99	32.05	2640457	86665216.00
2019/11/26	31.21	32.03	30.76	30.91	1778406	55687384.00
2019/11/27	30.91	31.23	30.41	30.51	1110066	34221648.00
2019/11/28	30.70	31.44	30.70	30.71	1138627	35267392.00
2019/11/29	30.99	33.50	30.40	31.60	2493603	79295880.00
2019/12/02	31.74	31.85	31.30	31.50	1412621	44554608.00
2019/12/03	31.50	31.70	30.87	31.60	1160364	36247836.00
2019/12/04	31.23	33.25	31.23	32.55	2938458	95530664.00
2019/12/05	32.31	33.26	32.25	32.97	2611100	85544936.00
2019/12/06	33.11	34.20	32.83	33.69	3691434	124222760.00
2019/12/09	33.38	34.16	33.22	33.31	2260474	75678664.00
2019/12/10	33.33	34.00	33.21	33.55	2463366	82494224.00
2019/12/11	33.27	35.70	33.21	34.60	4891272	168165232.00
2019/12/12	34.25	34.79	33.41	34.02	4023717	136818464.00
2019/12/13	34.09	34.65	33.88	34.24	3305090	113323584.00
2019/12/16	34.60	35.20	33.79	35.05	4519817	155742832.00
2019/12/17	34.88	35.55	34.71	35.40	3861166	135161248.00
2019/12/18	35.40	36.99	35.03	36.16	4916133	176604656.00
2019/12/19	35.70	38.30	35.60	36.63	8549740	314088128.00
2019/12/20	36.32	36.54	35.97	36.08	2636944	95522832.00
2019/12/23	35.30	35.62	32.47	32.47	3379266	114110296.00
2019/12/24	32.47	32.76	31.54	32.19	2441905	78094728.00
2019/12/25	32.20	32.54	32.02	32.32	1643477	53145264.00
2019/12/26	32.37	33.55	32.21	33.28	2308285	76178696.00
2019/12/27	33.28	33.74	29.95	32.00	2422926	79732920.00
2019/12/30	32.28	33.14	31.50	32.62	1819497	59179232.00
2019/12/31	32.56	32.83	32.35	32.48	1182928	38512600.00
2020/01/02	32.52	35.73	32.52	35.73	3345701	115534208.00
2020/01/03	37.27	37.94	35.25	35.85	7013102	255228416.00
2020/01/06	35.28	39.35	35.19	37.75	8014961	299539104.00
2020/01/07	38.70	40.58	37.81	39.90	7618090	299147264.00
2020/01/08	38.10	38.81	36.33	36.89	5695189	213819952.00
2020/01/09	37.50	38.26	36.98	37.91	4363753	164418080.00
2020/01/10	38.30	38.83	37.00	37.53	2739440	102856464.00
2020/01/13	37.98	38.00	36.72	37.40	2302120	85514992.00
2020/01/14	37.49	37.97	36.72	36.76	2510800	93604904.00
2020/01/15	37.23	38.83	36.98	37.20	2730600	102630624.00
2020/01/16	36.85	37.35	36.04	37.21	2250649	83220600.00
2020/01/17	36.60	37.16	36.10	36.16	2167397	79458952.00
2020/01/20	36.15	36.76	35.50	36.31	1914516	69217976.00
2020/01/21	36.20	36.77	35.60	35.72	1271929	45936724.00
2020/01/22	35.55	35.66	34.11	35.10	1514193	52797920.00
2020/01/23	35.13	35.24	33.11	33.35	1714114	58155536.00
2020/02/03	30.02	30.02	30.02	30.02	143600	4310872.00
2020/02/04	27.02	28.90	27.02	27.85	2604643	72472440.00
2020/02/05	27.90	29.32	27.90	28.60	2002343	57300900.00
2020/02/06	28.32	29.38	28.32	29.23	2050789	59500676.00
2020/02/07	29.13	30.80	27.71	29.93	2078702	61656596.00
2020/02/10	29.92	30.60	29.61	30.43	1423167	42985820.00
2020/02/11	30.59	30.87	29.81	30.13	1521227	45923848.00
2020/02/12	30.14	30.88	29.95	30.43	1561129	47588248.00
2020/02/13	30.43	30.60	29.52	29.84	1728968	51924644.00
2020/02/14	29.70	30.46	29.50	29.93	1333228	40029772.00
2020/02/17	29.90	31.66	29.90	31.13	2127128	65472616.00
2020/02/18	31.04	33.76	30.95	32.79	3156628	101663256.00
2020/02/19	32.38	32.69	31.70	32.17	1950569	62803388.00
2020/02/20	32.13	32.76	31.70	32.55	1814803	58664112.00
2020/02/21	32.40	32.94	32.40	32.55	1782666	58073264.00
2020/02/24	32.75	33.26	32.33	33.03	1839500	60527912.00
2020/02/25	32.00	32.60	30.25	32.26	1889200	60295556.00
2020/02/26	31.62	32.99	31.10	31.23	2063900	65702416.00
2020/02/27	31.24	32.19	30.70	31.05	1203300	37613720.00
2020/02/28	30.17	30.29	28.04	28.10	2085266	60762700.00
2020/03/02	28.30	30.58	28.30	30.50	1707106	50843440.00
2020/03/03	30.68	31.45	30.03	30.42	1283370	39554652.00
2020/03/04	30.00	30.80	29.82	30.60	1034400	31400916.00
2020/03/05	30.98	31.28	30.66	31.15	1354860	41971832.00
2020/03/06	30.84	31.49	30.55	31.15	1292166	40143204.00
2020/03/09	31.21	31.21	29.75	29.99	1133000	34364592.00
2020/03/10	29.40	30.75	29.40	30.64	1158038	34887396.00
2020/03/11	30.74	31.48	30.50	30.50	1863352	57656200.00
2020/03/12	30.49	30.49	28.90	29.30	1509900	44559444.00
2020/03/13	27.52	28.79	27.52	27.92	2773976	77434344.00
2020/03/16	28.08	28.39	26.21	26.30	2116641	58148328.00
2020/03/17	26.70	27.00	25.08	26.29	1678575	43775336.00
2020/03/18	26.57	26.95	25.70	25.72	1273479	33692580.00
2020/03/19	25.72	26.44	25.37	26.11	1195500	30860034.00
2020/03/20	26.56	27.31	26.20	26.66	1098778	29276594.00
2020/03/23	26.00	26.73	25.57	26.09	1155524	30198790.00
2020/03/24	26.70	26.98	25.80	26.69	1378868	36459000.00
2020/03/25	27.45	27.45	26.82	26.95	1298588	35110828.00
2020/03/26	26.60	27.20	26.31	26.72	1139220	30585562.00
2020/03/27	27.20	27.44	26.87	26.90	1530443	41538304.00
2020/03/30	26.40	26.40	25.46	26.05	1361892	35159936.00
2020/03/31	26.29	26.34	25.48	25.59	833887	21577170.00
2020/04/01	25.33	25.97	25.33	25.46	682279	17528180.00
2020/04/02	25.80	26.28	25.31	26.25	974500	25121304.00
2020/04/03	26.27	26.28	25.68	25.68	996527	25838226.00
2020/04/07	26.10	26.70	26.05	26.56	1465048	38773856.00
2020/04/08	26.50	27.12	26.40	26.96	1273527	34240188.00
2020/04/09	27.23	27.36	26.77	27.00	1110100	30003120.00
2020/04/10	26.83	26.99	26.00	26.20	1149400	30334230.00
2020/04/13	26.41	26.41	25.57	25.75	908300	23440080.00
2020/04/14	25.77	27.34	25.77	26.95	1512348	40167288.00
2020/04/15	26.98	27.04	26.42	26.49	1019600	27230084.00
2020/04/16	26.66	26.66	25.90	26.39	745000	19588016.00
2020/04/17	26.79	26.99	26.23	26.30	998800	26503420.00
2020/04/20	26.45	26.64	26.05	26.59	706500	18666752.00
2020/04/21	26.59	26.59	26.13	26.35	811700	21369992.00
2020/04/22	26.27	26.70	25.96	26.65	832120	22002890.00
2020/04/23	26.81	27.26	26.28	26.97	1717032	46016572.00
2020/04/24	27.00	28.39	26.70	27.35	3321432	91421216.00
2020/04/27	26.50	27.20	25.16	27.01	2695421	70288704.00
2020/04/28	26.99	27.95	25.60	27.48	3556552	96331952.00
2020/04/29	27.49	29.49	27.06	28.81	4640064	131612368.00
2020/04/30	28.38	29.43	28.22	28.91	3342965	96413848.00
2020/05/06	28.53	29.29	28.30	28.91	2325398	66974004.00
2020/05/07	29.15	30.40	28.71	29.93	3812333	113338976.00
2020/05/08	29.50	29.84	29.16	29.43	2631202	77513664.00
2020/05/11	29.43	29.49	28.58	28.90	2257886	65206920.00
2020/05/12	28.82	29.90	28.39	29.77	3307946	96910136.00
2020/05/13	29.76	32.75	29.45	31.78	6531320	203276816.00
2020/05/14	31.12	32.35	30.50	31.61	4012360	126250040.00
2020/05/15	31.61	32.50	31.15	32.24	2758686	87697448.00
2020/05/18	32.24	32.80	31.26	32.80	2858920	91473512.00
2020/05/19	32.35	33.26	31.30	31.65	3220286	103409320.00
2020/05/20	33.00	34.82	31.38	31.76	6150809	203828688.00
2020/05/21	30.22	30.43	28.58	28.58	4783017	139667216.00
2020/05/22	28.04	28.68	26.65	26.75	3154529	86682864.00
2020/05/25	27.04	27.21	26.51	26.60	1265074	33848948.00
2020/05/26	26.95	27.73	26.70	27.40	1614566	43935608.00
2020/05/27	27.55	27.60	26.73	26.75	1466866	39672284.00
2020/05/28	26.68	27.05	26.07	26.40	1349660	35688876.00
2020/05/29	26.41	27.40	26.41	26.93	1381144	37286236.00
2020/06/01	27.15	29.62	27.15	29.62	3522205	101983328.00
2020/06/02	29.62	29.80	28.51	28.92	4599293	133906032.00
2020/06/03	29.28	30.26	28.42	29.23	3927278	115430776.00
2020/06/04	28.89	31.70	28.83	30.28	4268026	128462704.00
2020/06/05	30.03	31.60	29.69	30.27	4439254	135519056.00
2020/06/08	29.90	30.72	29.28	30.23	2993012	90258392.00
2020/06/09	30.23	33.00	29.81	31.34	5075080	159796432.00
2020/06/10	31.03	31.87	30.65	31.00	3939886	123111712.00
2020/06/11	30.55	31.26	29.93	30.01	2714811	82785280.00
2020/06/12	29.35	31.60	29.19	30.91	3097551	95159296.00
2020/06/15	30.67	31.98	30.67	31.19	3744228	117925760.00
2020/06/16	34.31	34.31	34.01	34.31	3098491	106285496.00
2020/06/17	35.00	35.80	31.60	32.40	10093643	337932832.00
2020/06/18	30.76	32.16	30.38	30.83	5454866	169245616.00
2020/06/19	30.56	30.59	29.80	30.16	3190379	96355472.00
2020/06/22	29.92	30.16	29.38	29.61	2328641	69191088.00
2020/06/23	29.77	30.53	29.73	30.31	2795147	84591656.00
2020/06/24	30.24	30.24	29.39	29.50	2132750	63410312.00
2020/06/29	29.79	29.79	28.90	28.92	1472711	42892460.00
2020/06/30	29.16	29.68	28.98	29.55	1396254	41143068.00
2020/07/01	29.57	30.46	29.17	30.09	2115714	63360100.00
2020/07/02	29.80	30.13	29.33	29.78	1730543	51473700.00
2020/07/03	29.80	30.32	29.54	30.29	2150100	64650764.00
2020/07/06	30.11	31.27	30.11	31.15	2828775	87005424.00
2020/07/07	31.80	32.66	31.02	31.95	4273673	136792608.00
2020/07/08	31.58	32.33	31.57	31.90	2982844	95175416.00
2020/07/09	32.00	32.79	31.78	32.23	3406736	109801456.00
2020/07/10	32.11	33.00	31.90	32.08	3121932	101165224.00
2020/07/13	31.88	33.09	31.83	32.80	3308300	107821072.00
2020/07/14	32.94	33.90	32.01	32.96	3635852	120269896.00
2020/07/15	33.13	33.45	31.74	32.80	3092656	100591056.00
2020/07/16	32.50	32.92	30.00	30.10	2648781	83742872.00
2020/07/17	30.32	30.42	29.20	29.22	1914375	57048112.00
2020/07/20	29.43	30.19	29.19	30.09	1396600	41500560.00
2020/07/21	30.15	31.30	30.15	30.48	1349402	41283112.00
2020/07/22	30.48	31.44	30.00	30.90	2047869	63360668.00
2020/07/23	31.27	32.19	30.61	31.98	3067459	96767056.00
2020/07/24	31.42	32.59	30.00	31.03	3652575	116118248.00
2020/07/27	30.70	30.99	29.51	29.80	1992104	59811448.00
2020/07/28	29.90	30.28	29.51	29.97	1337501	40080056.00
2020/07/29	30.29	32.49	29.95	32.20	4036578	127989640.00
2020/07/30	32.00	32.91	31.87	31.92	3495104	113147344.00
2020/07/31	32.90	32.91	31.20	32.32	2899498	92995696.00
2020/08/03	32.50	33.68	32.13	32.77	3438600	112054832.00
2020/08/04	33.01	33.48	31.85	31.97	2785576	90258600.00
2020/08/05	32.20	33.35	31.41	32.80	4138166	135338224.00
2020/08/06	32.70	32.81	31.59	32.16	2708566	86915560.00
2020/08/07	32.30	32.30	30.50	31.01	1980108	61655920.00
2020/08/10	31.06	31.35	30.61	31.16	1058200	32889534.00
2020/08/11	31.20	31.32	30.20	30.27	1130530	34782668.00
2020/08/12	30.01	30.40	29.25	30.08	1269600	37738808.00
2020/08/13	30.08	30.82	29.84	30.63	977940	29725868.00
2020/08/14	30.63	30.84	29.93	30.36	698700	21173326.00
2020/08/17	30.49	30.99	30.27	30.67	880400	26975872.00
2020/08/18	30.68	31.48	30.50	31.40	1418300	44036704.00
2020/08/19	31.02	31.29	30.10	30.18	1578780	48173712.00
2020/08/20	29.96	30.18	29.60	29.86	608590	18188166.00
2020/08/21	29.86	31.38	29.86	30.10	918200	27750348.00
2020/08/24	30.40	30.65	29.00	30.28	967100	29230934.00
2020/08/25	30.32	31.34	30.17	31.06	1498800	46254192.00
2020/08/26	31.18	31.18	29.65	29.96	1312701	39939560.00
2020/08/27	30.00	30.68	29.55	30.51	1004300	30412648.00
2020/08/28	30.26	31.35	30.01	31.35	1939653	60019308.00
2020/08/31	31.18	31.88	30.74	30.82	1809700	56468812.00
2020/09/01	30.82	30.97	30.20	30.85	819300	25069676.00
2020/09/02	30.95	32.70	30.74	31.68	2597130	82214072.00
2020/09/03	32.00	33.25	31.35	32.86	4249396	138098160.00
2020/09/04	32.00	32.71	31.15	32.33	3068450	98614184.00
2020/09/07	32.33	33.48	32.02	32.65	3459217	113511304.00
2020/09/08	32.85	33.59	32.07	33.40	3805480	125146328.00
2020/09/09	32.71	35.48	32.50	33.64	6149212	209182080.00
2020/09/10	33.16	33.56	29.83	30.00	4209790	131402168.00
2020/09/11	28.72	30.45	28.72	30.11	2010400	60095836.00
2020/09/14	30.49	32.96	30.00	32.40	3558994	112802416.00
2020/09/15	33.02	34.79	32.10	32.58	3485457	115510696.00
2020/09/16	32.14	32.75	31.53	32.01	2357900	75353688.00
2020/09/17	32.43	34.75	31.90	33.72	5391000	181234736.00
2020/09/18	33.70	35.40	33.00	33.61	3937280	133304480.00
2020/09/21	34.28	35.07	33.31	33.90	3601346	122951104.00
2020/09/22	33.11	33.79	32.32	32.63	2387065	78649160.00
2020/09/23	32.62	33.17	32.37	32.73	1542080	50504424.00
2020/09/24	32.29	32.33	31.53	31.55	1660660	52984524.00
2020/09/25	31.50	32.13	31.00	31.79	1237200	39192916.00
2020/09/28	31.36	31.84	30.49	30.49	1217794	37688504.00
2020/09/29	30.89	31.14	30.60	30.82	639066	19731544.00
2020/09/30	30.86	31.07	30.29	30.35	626700	19217398.00
2020/10/09	30.55	31.26	30.55	31.20	721500	22420764.00
2020/10/12	31.29	32.79	31.25	32.79	1180433	37557840.00
2020/10/13	32.35	33.04	31.91	32.83	1329300	43125828.00
2020/10/14	32.88	34.13	32.52	33.27	2420732	80848184.00
2020/10/15	33.40	35.11	33.04	34.29	3569431	121851584.00
2020/10/16	34.29	34.75	33.36	33.96	2535260	86007968.00
2020/10/19	33.59	34.99	33.24	33.82	3526400	119810248.00
2020/10/20	33.83	40.58	33.62	40.58	12186160	466846496.00
2020/10/21	43.50	48.70	43.50	48.70	8846865	416259808.00
2020/10/22	52.00	58.44	50.00	54.20	19644068	1054175104.00
2020/10/23	53.99	63.99	53.81	58.00	17803956	1036319168.00
2020/10/26	55.10	61.68	53.92	58.98	14208749	814401152.00
2020/10/27	57.50	58.37	55.18	57.99	11538253	654961536.00
2020/10/28	57.00	62.88	54.38	60.20	14176746	823516800.00
2020/10/29	56.51	63.98	56.25	59.03	14287108	867818880.00
2020/10/30	58.60	64.82	57.18	63.50	14544697	893292032.00
2020/11/02	62.01	65.10	57.50	60.60	12384463	748015488.00
2020/11/03	59.00	59.90	49.38	50.01	14854513	790700864.00
2020/11/04	49.00	49.50	46.15	46.90	11706490	554951040.00
2020/11/05	47.06	47.77	45.85	47.40	9322159	437333472.00
2020/11/06	49.00	56.79	49.00	53.11	17043222	891055616.00
2020/11/09	51.17	55.19	51.17	54.08	13280844	704763136.00
2020/11/10	54.79	54.79	48.01	49.70	11184781	564460224.00
2020/11/11	48.77	48.77	43.33	43.56	9401646	426598048.00
2020/11/12	44.30	45.77	44.08	44.63	6595272	295723904.00
2020/11/13	44.80	45.60	42.60	43.09	6102704	266066912.00
2020/11/16	43.12	43.74	41.60	41.86	5259259	223308656.00
2020/11/17	41.86	43.19	41.08	43.19	6555900	276404416.00
2020/11/18	42.99	45.66	42.01	44.67	7468891	329486656.00
2020/11/19	44.01	47.09	43.40	44.62	7980800	360768096.00
2020/11/20	45.20	46.83	43.82	44.35	6132051	275972096.00
2020/11/23	42.67	45.36	42.67	45.21	6541051	286914208.00
2020/11/24	44.80	44.80	41.60	42.35	5658572	242871088.00
2020/11/25	43.00	43.00	41.20	41.20	4367132	183208000.00
2020/11/26	41.10	42.90	40.76	42.27	4747472	199827152.00
2020/11/27	42.89	43.19	41.25	41.92	4615700	194535344.00
2020/11/30	42.21	43.13	41.00	42.68	3933200	166179216.00
2020/12/01	42.70	44.40	42.20	43.35	5734474	249237392.00
2020/12/02	43.90	44.09	41.50	41.50	5053926	213563632.00
2020/12/03	40.48	42.85	39.99	42.21	5207471	217010112.00
2020/12/04	41.65	43.47	41.15	42.80	4630871	197385040.00
2020/12/07	42.65	42.95	41.00	41.28	3867228	161768448.00
2020/12/08	41.60	41.80	40.58	41.25	2411262	99513136.00
2020/12/09	41.86	43.63	41.50	41.88	6141362	261110128.00
2020/12/10	40.92	43.85	40.51	42.45	5606928	238716592.00
2020/12/11	42.69	44.64	42.69	44.07	8085076	353532384.00
2020/12/14	43.34	43.64	35.26	35.74	9562438	354906976.00
2020/12/15	35.70	36.78	34.68	35.55	5810574	206894592.00
2020/12/16	35.09	35.48	33.65	34.00	4803000	164342672.00
2020/12/17	33.45	34.70	33.05	34.66	3382540	115181008.00
2020/12/18	34.43	34.60	33.10	33.42	2681784	90738776.00
2020/12/21	33.41	33.82	32.70	33.00	2968984	98587440.00
2020/12/22	33.29	33.68	31.80	32.13	3653100	119688808.00
2020/12/23	32.48	32.57	31.20	31.45	2929800	92901792.00
2020/12/24	31.89	32.38	30.76	30.84	3164400	99619240.00
2020/12/25	30.45	31.33	30.30	30.95	2783800	85849136.00
2020/12/28	30.94	30.95	29.61	29.91	2391000	72000760.00
2020/12/29	29.92	30.88	29.80	30.00	2275600	69100248.00
2020/12/30	30.37	30.49	29.50	29.65	2384262	71256416.00
2020/12/31	29.75	30.83	29.44	30.23	2414446	73023056.00
2021/01/04	30.24	30.75	30.10	30.62	2041600	62159256.00
2021/01/05	30.49	30.49	29.34	29.82	2407300	71848744.00
2021/01/06	30.15	30.15	28.03	28.07	3121000	89707864.00
2021/01/07	28.23	28.39	26.03	26.30	3689600	99315688.00
2021/01/08	26.60	27.18	25.54	26.56	3383200	89818720.00
2021/01/11	26.38	26.93	25.01	25.08	3560800	91862432.00
2021/01/12	25.01	26.17	24.81	25.28	3213900	82210328.00
2021/01/13	25.57	25.63	23.80	23.91	3598688	87736280.00
2021/01/14	23.75	24.58	23.75	24.30	2816100	68193952.00
2021/01/15	24.85	29.16	24.85	29.16	4599900	126063152.00
2021/01/18	30.00	31.74	28.00	28.64	9264632	275211136.00
2021/01/19	27.62	30.99	27.62	30.25	8644178	255258160.00
2021/01/20	29.93	29.93	28.70	29.00	5672366	164932272.00
2021/01/21	28.80	33.54	28.66	30.82	8798746	270179456.00
2021/01/22	31.00	31.58	30.05	30.72	6092346	187028304.00
2021/01/25	31.02	31.82	29.00	29.69	4885574	146751664.00
2021/01/26	29.97	30.88	29.67	30.36	5325500	161905680.00
2021/01/27	30.86	35.33	30.24	33.00	9996374	331931232.00
2021/01/28	32.48	32.86	30.43	30.87	7633674	240618368.00
2021/01/29	30.87	31.42	28.50	29.06	5771200	169997760.00
2021/02/01	29.06	30.13	27.44	27.71	4428528	125085496.00
2021/02/02	27.69	29.40	26.64	28.62	5198266	146377936.00
2021/02/03	27.95	28.44	26.80	26.93	3949000	108065288.00
2021/02/04	27.20	31.31	26.05	30.54	7290928	207846656.00
2021/02/05	30.55	30.56	26.56	26.62	7141866	202042144.00
2021/02/08	25.67	26.12	24.22	24.35	5159428	128582136.00
2021/02/09	24.21	26.71	24.20	25.50	4893266	125218352.00
2021/02/10	25.81	26.62	24.83	25.03	3755566	95940120.00
2021/02/18	25.77	27.15	25.77	26.13	3699766	97011208.00
2021/02/19	26.34	27.31	25.67	27.13	3402300	90929760.00
2021/02/22	26.93	28.39	26.93	27.63	3897983	108469248.00
2021/02/23	27.60	27.60	26.28	26.51	2682800	71835688.00
2021/02/24	26.48	27.60	26.43	27.00	2834866	76615880.00
2021/02/25	27.25	27.38	25.94	26.30	2722400	71731616.00
2021/02/26	26.23	26.97	25.89	26.30	2425727	64146388.00
2021/03/01	26.33	27.06	26.33	26.93	2070200	55495168.00
2021/03/02	27.45	29.50	27.41	27.51	5294100	149055392.00
2021/03/03	27.26	28.46	27.18	27.91	3952366	110304520.00
2021/03/04	27.70	27.79	26.76	26.80	3304600	89545512.00
2021/03/05	26.89	28.49	26.35	27.91	4034400	110942296.00
2021/03/08	27.83	29.34	27.83	28.43	5089200	145580304.00
2021/03/09	28.25	29.22	26.80	29.15	5338700	151233040.00
2021/03/10	29.16	29.19	27.22	27.66	4183300	116610856.00
2021/03/11	27.03	27.71	26.00	27.35	3485700	93781440.00
2021/03/12	27.28	27.64	26.06	26.26	3111027	82914040.00
2021/03/15	26.32	26.32	25.32	25.50	2260727	57734120.00
2021/03/16	25.56	26.27	25.35	26.27	2180227	56523112.00
2021/03/17	26.10	26.78	25.85	26.65	2316800	61301552.00
2021/03/18	26.65	27.15	26.25	26.93	2534627	67813024.00
2021/03/19	27.51	28.92	27.35	27.59	4482327	125007288.00
2021/03/22	27.56	28.67	27.31	28.24	4367759	122529776.00
2021/03/23	28.77	29.19	27.61	27.73	2756600	77491936.00
2021/03/24	27.74	28.35	27.48	27.81	2195200	61144208.00
2021/03/25	27.44	28.18	27.20	27.54	1954300	54047344.00
2021/03/26	27.38	27.78	26.89	27.60	1699000	46557256.00
2021/03/29	27.62	27.69	26.70	26.72	1831400	49380672.00
2021/03/30	26.66	26.82	25.81	26.06	2036600	53170716.00
2021/03/31	26.00	26.34	25.76	26.13	1154500	30069984.00
2021/04/01	26.99	26.99	25.89	26.13	1734800	45589312.00
2021/04/02	25.85	27.98	25.61	27.06	3737100	100884480.00
2021/04/06	27.06	27.43	26.67	27.13	2195900	59465760.00
2021/04/07	26.86	27.40	26.86	27.36	1817700	49483232.00
2021/04/08	27.15	28.09	26.70	27.54	3358327	92426256.00
2021/04/09	27.40	29.18	27.10	28.24	5808300	164970496.00
2021/04/12	28.62	30.71	28.13	29.11	6854327	201583008.00
2021/04/13	28.51	29.35	28.01	28.58	3707700	105840032.00
2021/04/14	29.05	30.40	27.60	29.54	5403800	157199920.00
2021/04/15	28.93	29.13	27.91	27.99	3653400	103672728.00
2021/04/16	27.90	29.76	27.89	29.31	4597000	133294120.00
2021/04/19	29.44	30.50	29.01	29.15	3613100	106429184.00
2021/04/20	29.23	30.70	29.03	29.76	4699300	140856784.00
2021/04/21	29.49	29.95	28.73	28.90	3187800	92768032.00
2021/04/22	28.80	29.53	28.20	28.53	2590000	74543816.00
2021/04/23	28.30	28.52	27.18	27.19	2718200	75267880.00
2021/04/26	26.90	27.38	26.20	26.30	2908263	77501936.00
2021/04/27	26.26	26.28	25.31	25.68	2018107	51885592.00
2021/04/28	25.75	26.33	25.58	25.98	1334900	34822920.00
2021/04/29	26.64	26.66	25.89	25.91	1628270	42741948.00
2021/04/30	26.38	26.38	25.06	25.35	1841500	46838264.00
2021/05/06	25.02	25.65	25.02	25.51	924200	23495942.00
2021/05/07	25.93	26.15	25.24	26.14	1438300	37183472.00
2021/05/10	25.79	26.61	25.79	26.11	1558675	40837240.00
2021/05/11	25.87	26.39	25.87	26.10	1199800	31333292.00
2021/05/12	26.17	26.66	25.66	26.35	1464726	38272084.00
2021/05/13	26.07	26.59	25.90	25.90	1377000	36169640.00
2021/05/14	26.21	27.41	26.21	26.70	2245200	60278636.00
2021/05/17	26.51	26.88	25.52	25.71	1864500	48271040.00
2021/05/18	25.65	26.85	25.45	26.25	1682253	43958544.00
2021/05/19	26.24	26.25	25.82	25.86	1259400	32697144.00
2021/05/20	25.86	26.45	25.66	26.31	1501600	39181800.00
2021/05/21	27.27	27.90	26.56	26.57	2251800	60746260.00
2021/05/24	25.77	27.20	25.74	26.83	1705100	45561096.00
2021/05/25	27.18	27.58	26.30	27.35	2469600	66587324.00
2021/05/26	27.05	27.99	27.05	27.91	2838000	78202592.00
2021/05/27	27.78	28.08	27.40	27.73	2274600	63012340.00
2021/05/28	27.54	27.68	26.83	26.95	1959700	53157740.00
2021/05/31	27.10	27.87	26.71	27.43	2019800	55442648.00
2021/06/01	27.51	28.54	27.25	28.38	3361800	94183824.00
2021/06/02	29.41	30.99	27.68	27.92	5175341	150228976.00
2021/06/03	28.52	28.69	27.31	27.55	3159400	88205328.00
2021/06/04	27.28	27.67	26.93	27.27	2179900	59381016.00
2021/06/07	27.28	27.49	27.10	27.43	1432200	39140920.00
2021/06/08	27.43	27.99	27.00	27.77	2052598	56654244.00
2021/06/09	22.00	22.01	21.28	21.38	3736824	80893008.00
2021/06/10	22.40	23.60	21.94	22.19	6300000	141481680.00
2021/06/11	21.97	22.68	21.50	22.21	4794208	105269648.00
2021/06/15	22.15	22.15	21.09	21.87	3677690	79249944.00
2021/06/16	22.30	23.50	22.01	22.25	5624588	127183400.00
2021/06/17	21.72	22.29	21.60	22.26	3663390	79936600.00
2021/06/18	22.11	23.31	21.65	22.80	6046520	136413104.00
2021/06/21	22.46	24.62	22.39	23.75	7182330	168932256.00
2021/06/22	23.52	24.18	23.11	23.29	4684037	109462608.00
2021/06/23	23.15	23.54	22.89	23.15	3444335	79658600.00
2021/06/24	23.22	23.22	22.18	22.19	3559740	80172296.00
2021/06/25	22.38	22.40	21.75	21.99	2576066	56700720.00
2021/06/28	21.90	22.20	21.67	22.19	1538090	33831880.00
2021/06/29	22.14	22.20	21.35	21.37	2605623	56336464.00
2021/06/30	21.38	21.80	21.36	21.66	1709080	36943564.00
2021/07/01	21.80	21.83	20.99	21.05	1770538	37709680.00
2021/07/02	21.50	21.77	21.14	21.26	1774481	38022736.00
2021/07/05	21.01	21.78	21.01	21.67	1993024	42933884.00
2021/07/06	21.67	22.07	21.50	22.05	1958476	42709644.00
2021/07/07	22.08	22.60	21.75	21.87	2296647	50516260.00
2021/07/08	21.80	22.06	21.20	21.43	2244414	48162888.00
2021/07/09	21.20	21.50	21.18	21.38	1448898	30940308.00
2021/07/12	21.33	21.91	21.33	21.77	1875126	40685688.00
2021/07/13	21.68	22.30	21.52	22.16	2628687	57728484.00
2021/07/14	22.16	22.50	21.82	21.82	2688829	59610332.00
2021/07/15	21.80	23.44	21.69	22.81	6738314	152266304.00
2021/07/16	22.78	23.46	22.02	22.19	4904120	110085088.00
2021/07/19	21.81	21.81	21.02	21.44	3477573	74110744.00
2021/07/20	21.13	21.39	21.01	21.35	1695880	35943512.00
2021/07/21	21.35	21.85	21.20	21.48	1916190	41182212.00
2021/07/22	21.51	21.80	21.30	21.50	2015710	43532588.00
2021/07/23	21.40	21.50	20.20	20.25	3719080	76978744.00
2021/07/26	20.23	20.54	19.79	20.31	1916106	38683780.00
2021/07/27	20.29	20.43	19.60	19.64	1509911	30205948.00
2021/07/28	19.61	19.88	18.33	18.54	2049020	38447080.00
2021/07/29	18.60	19.13	18.60	18.91	1282300	24245298.00
2021/07/30	19.00	19.30	18.71	19.18	1385270	26378798.00
2021/08/02	19.01	19.66	18.81	19.52	1210960	23380244.00
2021/08/03	19.32	19.88	19.31	19.65	1390510	27296884.00
2021/08/04	19.68	19.86	19.47	19.66	1126600	22094872.00
2021/08/05	19.78	19.80	19.05	19.07	1407840	27142738.00
2021/08/06	18.93	19.24	18.55	18.71	1209940	22660804.00
2021/08/09	18.51	19.34	18.50	19.26	1522342	29014500.00
2021/08/10	19.29	19.58	19.12	19.48	1388221	26958916.00
2021/08/11	19.35	19.85	19.19	19.62	1598130	31288388.00
2021/08/12	19.51	19.78	19.41	19.50	1327870	25970106.00
2021/08/13	19.30	19.66	19.08	19.40	1401707	27040742.00
2021/08/16	19.38	19.68	19.20	19.61	1460360	28487142.00
2021/08/17	19.65	19.66	18.81	18.82	1544306	29626780.00
2021/08/18	18.95	19.61	18.95	19.59	2044386	39644948.00
2021/08/19	19.52	20.12	19.52	19.75	2148480	42612596.00
2021/08/20	19.58	19.67	19.12	19.35	1491070	28739150.00
2021/08/23	19.16	19.95	19.16	19.95	1892550	37291532.00
2021/08/24	19.96	19.99	19.63	19.82	1332616	26369956.00
2021/08/25	19.63	20.09	19.63	19.77	1228210	24390926.00
2021/08/26	19.74	19.75	19.15	19.15	1452736	28062842.00
2021/08/27	19.17	19.47	18.85	19.37	1644930	31501604.00
2021/08/30	20.15	21.17	20.15	20.37	4733957	97489856.00
2021/08/31	20.21	21.98	20.21	21.13	4729434	99754040.00
2021/09/01	21.00	21.76	20.66	20.91	3326132	70153928.00
2021/09/02	20.89	21.12	20.41	20.96	2546275	52668284.00
2021/09/03	21.12	21.29	20.71	21.03	2328478	48967356.00
2021/09/06	21.15	21.70	20.93	21.03	2295408	48722092.00
2021/09/07	20.90	21.30	20.76	21.22	2386131	50421016.00
2021/09/08	21.30	22.18	21.17	21.95	4052550	88230992.00
2021/09/09	21.65	21.76	21.21	21.30	2644710	56695228.00
2021/09/10	21.11	21.53	20.72	20.76	1948440	40868472.00
2021/09/13	20.70	21.14	20.54	20.86	1364870	28419452.00
2021/09/14	21.08	21.10	20.38	20.46	1788172	37019072.00
2021/09/15	20.38	20.75	20.21	20.54	1090910	22378284.00
2021/09/16	20.58	21.93	20.39	21.07	3551060	75618768.00
2021/09/17	21.00	21.00	20.21	20.68	2153029	44265228.00
2021/09/22	20.30	20.67	19.94	20.46	1312700	26640798.00
2021/09/23	20.66	21.70	20.48	21.21	2777963	58857376.00
2021/09/24	21.52	21.52	20.73	20.85	1776653	37190252.00
2021/09/27	20.65	20.85	19.87	20.15	1820053	36780436.00
2021/09/28	20.00	20.21	19.85	20.04	900970	18028974.00
2021/09/29	20.00	20.20	19.18	19.18	1426080	28095884.00
2021/09/30	19.33	20.67	19.32	20.55	2150290	43323796.00
2021/10/08	20.80	21.65	20.68	21.38	2933080	62392040.00
2021/10/11	21.35	22.08	21.22	21.63	4169298	90560040.00
2021/10/12	22.17	23.38	21.49	21.70	5969483	132547096.00
2021/10/13	21.57	22.10	21.26	21.34	2875450	61993768.00
2021/10/14	21.70	22.95	21.17	22.77	5180750	115395288.00
2021/10/15	22.40	23.18	22.20	22.53	4204580	95267936.00
2021/10/18	22.96	22.99	22.11	22.80	2983370	67481800.00
2021/10/19	22.80	23.24	22.42	22.78	2394043	54466836.00
2021/10/20	22.78	23.75	22.25	22.37	4457597	102019512.00
2021/10/21	22.52	22.88	21.70	22.00	4310666	95753120.00
2021/10/22	22.30	24.24	22.17	23.13	8582950	199552528.00
2021/10/25	22.92	23.00	21.70	21.97	6147160	135931920.00
2021/10/26	21.95	21.95	21.00	21.01	3560160	75989216.00
2021/10/27	21.90	22.10	20.88	21.01	3633190	77167704.00
2021/10/28	20.98	25.21	20.88	25.21	9757747	227332432.00
2021/10/29	24.88	26.60	24.13	25.60	16378580	416019168.00
2021/11/01	25.60	25.96	24.62	25.73	10340230	262682432.00
2021/11/02	25.68	27.82	25.08	25.76	13414980	351227008.00
2021/11/03	26.07	27.13	24.99	26.00	10325758	269448992.00
2021/11/04	25.26	25.76	24.92	25.35	8419030	213410480.00
2021/11/05	25.34	26.17	25.03	25.45	8817550	226000384.00
2021/11/08	25.11	26.77	25.02	26.77	9956414	261016656.00
2021/11/09	26.27	26.27	25.30	25.66	7171020	184141072.00
2021/11/10	25.14	25.14	24.01	24.73	6980640	170970224.00
2021/11/11	24.68	25.20	24.25	24.94	5397610	133917864.00
2021/11/12	24.94	25.17	24.22	24.22	5145890	126368944.00
2021/11/15	24.29	25.57	24.28	25.39	6743735	169666464.00
2021/11/16	25.39	25.39	24.40	24.47	4944700	122578056.00
2021/11/17	24.41	26.88	24.37	26.04	8442772	219083344.00
2021/11/18	25.65	26.35	24.65	24.85	6619512	168126352.00
2021/11/19	24.81	24.81	23.01	23.70	6264482	148555600.00
2021/11/22	23.61	23.90	23.23	23.90	3845800	90848904.00
2021/11/23	24.26	24.33	23.20	24.14	4636080	110365600.00
2021/11/24	24.44	25.99	23.66	25.09	7520280	187738096.00
2021/11/25	25.39	25.47	24.45	24.67	4148390	102754736.00
2021/11/26	24.52	25.25	24.26	24.53	3163250	78054344.00
2021/11/29	24.03	25.09	23.40	24.93	3136429	77397424.00
2021/11/30	24.93	25.45	24.53	25.16	3941019	98505728.00
2021/12/01	25.18	25.78	24.61	25.58	4346451	110369960.00
2021/12/02	25.42	25.65	23.90	23.98	4140559	101951744.00
2021/12/03	23.97	25.76	23.97	24.45	3824710	94832624.00
2021/12/06	24.28	25.17	23.28	23.57	3931394	93944312.00
2021/12/07	23.68	23.80	22.80	22.99	2615790	60646204.00
2021/12/08	22.99	23.48	22.68	23.10	1629590	37677112.00
2021/12/09	23.13	23.80	22.96	23.24	2129200	49653792.00
2021/12/10	23.41	23.88	23.01	23.64	2490160	58654412.00
2021/12/13	23.67	24.66	23.51	24.36	3840420	92882808.00
2021/12/14	24.25	26.45	24.25	25.98	9634140	247527472.00
2021/12/15	25.60	27.20	25.59	26.60	9177770	243072416.00
2021/12/16	26.60	27.97	26.00	26.34	8351914	223002224.00
2021/12/17	27.20	27.32	25.01	25.44	5348200	136644656.00
2021/12/20	25.48	26.30	25.00	25.18	4195470	107236624.00
2021/12/21	24.90	25.87	24.90	25.12	3472241	87856512.00
2021/12/22	25.13	26.07	24.91	25.73	3936050	101018056.00
2021/12/23	25.43	25.61	24.16	24.20	4438870	109624800.00
2021/12/24	24.48	24.78	23.04	23.14	4047160	95386464.00
2021/12/27	23.22	23.28	22.20	22.84	2979010	67611320.00
2021/12/28	22.78	23.38	22.78	23.02	2423200	55903444.00
2021/12/29	23.03	23.03	22.42	22.67	2249850	50908200.00
2021/12/30	22.70	24.27	22.70	23.58	4542949	107297416.00
2021/12/31	23.90	24.10	23.27	23.78	2921004	69222384.00
2022/01/04	24.50	27.10	23.85	26.00	9369660	239293936.00
2022/01/05	25.98	26.30	25.22	26.05	5763250	148360368.00
2022/01/06	26.26	26.60	25.59	25.72	3823010	98991176.00
2022/01/07	25.71	26.54	24.56	24.75	3845100	97790944.00
2022/01/10	24.80	25.65	23.89	25.26	3437230	85623424.00
2022/01/11	25.53	30.31	25.53	27.34	16817268	477075904.00
2022/01/12	28.10	28.30	26.44	27.55	11207820	304631200.00
2022/01/13	28.02	28.97	27.45	27.66	9081150	253864112.00
2022/01/14	27.49	28.84	27.07	27.90	7966173	224627104.00
2022/01/17	27.83	28.68	26.88	28.48	7362945	205724704.00
2022/01/18	28.00	28.48	27.00	27.23	6554564	179894064.00
2022/01/19	27.00	28.04	26.72	27.25	3620470	98466288.00
2022/01/20	27.23	27.40	25.40	25.50	5248180	136166752.00
2022/01/21	25.50	26.77	25.26	25.79	3794499	98168016.00
2022/01/24	25.40	25.92	25.11	25.53	2353310	59953700.00
2022/01/25	25.63	25.66	23.54	23.54	3980850	96721144.00
2022/01/26	24.14	24.37	23.15	23.70	2842370	67295168.00
2022/01/27	23.73	23.93	22.38	22.45	3626170	82763416.00
2022/01/28	22.63	23.60	22.55	23.28	3245814	75141336.00
2022/02/07	23.89	24.35	22.87	23.70	2545829	59761920.00
2022/02/08	23.82	24.00	23.19	23.90	3000340	70861544.00
2022/02/09	24.04	24.45	23.63	24.37	3242340	78593712.00
2022/02/10	24.26	24.45	23.80	24.19	2797050	67463512.00
2022/02/11	25.12	25.66	23.10	23.48	4818530	114835912.00
2022/02/14	23.05	23.80	22.90	23.56	3381300	79338064.00
2022/02/15	23.40	23.79	22.70	23.11	3066470	71063320.00
2022/02/16	23.27	23.65	23.12	23.47	2322200	54255404.00
2022/02/17	23.58	23.58	22.67	22.80	3022170	69408784.00
2022/02/18	22.71	22.94	22.45	22.86	1783690	40622188.00
2022/02/21	22.74	23.38	22.66	23.20	2208110	51113060.00
2022/02/22	23.06	23.14	21.88	22.03	3530190	78462024.00
2022/02/23	22.15	22.59	22.15	22.49	2384624	53475020.00
2022/02/24	22.30	22.66	21.01	21.43	3292030	72001224.00
2022/02/25	21.70	21.99	21.42	21.52	1809180	39339296.00
2022/02/28	21.76	21.78	20.69	21.08	2381200	50016560.00
2022/03/01	21.00	21.35	20.93	21.24	1848389	39111964.00
2022/03/02	21.08	21.58	21.00	21.41	1811474	38786884.00
2022/03/03	21.63	21.64	20.95	21.17	1701320	36151056.00
2022/03/04	21.17	21.40	20.91	21.19	1843494	38945328.00
2022/03/07	21.19	21.32	20.60	20.92	1771350	37100360.00
2022/03/08	20.71	21.07	19.95	20.05	1955390	39711224.00
2022/03/09	20.18	20.20	18.82	19.45	2831940	55211404.00
2022/03/10	19.75	20.27	19.75	19.90	2029320	40611100.00
2022/03/11	19.61	20.04	19.27	19.95	1690880	33179042.00
2022/03/14	19.95	19.95	19.15	19.25	1752350	34119284.00
2022/03/15	19.18	19.29	18.36	18.36	1861970	35196156.00
2022/03/16	18.65	18.98	18.12	18.88	1903410	35416812.00
2022/03/17	19.07	19.44	19.01	19.19	1945160	37429160.00
2022/03/18	19.16	19.44	19.08	19.36	1766010	34149576.00
2022/03/21	19.36	19.68	19.24	19.50	1558340	30315954.00
2022/03/22	19.50	19.70	19.16	19.67	2081580	40434180.00
2022/03/23	19.68	19.72	19.37	19.59	1788050	34896644.00
2022/03/24	19.50	19.50	19.08	19.12	1382880	26532892.00
2022/03/25	19.20	20.36	19.20	19.72	4004390	79694328.00
2022/03/28	19.39	20.04	19.21	19.58	2622080	51533124.00
2022/03/29	19.65	20.90	19.60	20.33	4626850	93631560.00
2022/03/30	20.33	20.34	19.76	20.05	3715409	74155216.00
2022/03/31	19.98	20.24	19.73	19.93	2847729	56841028.00
2022/04/01	19.85	20.42	19.60	20.09	3135894	62927652.00
2022/04/06	19.92	20.76	19.91	20.28	3172124	64791596.00
2022/04/07	20.20	20.37	19.67	19.72	2041220	40752412.00
2022/04/08	19.60	19.88	18.93	19.09	2315190	44517892.00
2022/04/11	19.23	19.23	18.30	18.41	1824830	34125140.00
2022/04/12	18.57	18.90	18.29	18.89	1448280	26923724.00
2022/04/13	18.93	18.94	18.19	18.33	1273660	23444656.00
2022/04/14	18.25	18.69	18.25	18.34	970320	17893918.00
2022/04/15	18.30	18.54	17.10	17.21	2319020	40574724.00
2022/04/18	17.27	17.74	16.77	17.71	1372520	23916470.00
2022/04/19	17.60	18.19	17.60	18.06	1326530	23802566.00
2022/04/20	18.27	18.45	17.77	18.00	1273430	23062050.00
2022/04/21	17.70	18.10	17.21	17.25	1440970	25404360.00
2022/04/22	17.25	17.34	16.83	16.94	1088810	18538446.00
2022/04/25	16.89	16.89	15.32	15.32	2122942	34115112.00
2022/04/26	15.35	15.85	14.94	15.17	2095590	32164946.00
2022/04/27	13.84	15.09	13.84	15.05	2391972	34777096.00
2022/04/28	14.82	15.09	14.06	14.17	1858310	26765414.00
2022/04/29	14.36	15.68	14.36	15.49	2166020	32725556.00
2022/05/05	15.45	15.50	14.86	15.35	1599950	24399224.00
2022/05/06	14.86	16.75	14.69	16.26	4576023	73527072.00
2022/05/09	17.33	17.88	16.13	17.20	7073383	120245264.00
2022/05/10	16.32	16.63	16.15	16.54	5083303	83590832.00
2022/05/11	16.30	16.72	16.13	16.16	4403786	72598008.00
2022/05/12	15.95	16.90	15.80	16.63	4493534	74139312.00
2022/05/13	16.46	16.68	16.13	16.22	2566330	41869932.00
2022/05/16	16.29	19.46	16.25	19.46	6927669	126312680.00
2022/05/17	19.86	21.35	18.80	18.98	14705454	293350304.00
2022/05/18	19.28	19.65	18.35	18.51	8051144	152052128.00
2022/05/19	18.09	18.37	17.56	18.24	5129479	92645752.00
2022/05/20	18.44	18.48	17.81	17.96	4134197	74445928.00
2022/05/23	18.10	18.40	17.84	18.19	4123508	74572704.00
2022/05/24	18.50	19.89	17.96	19.03	10187365	193615568.00
2022/05/25	18.90	20.60	18.45	20.32	10063646	200220112.00
2022/05/26	20.35	20.38	18.93	19.62	7033669	136105440.00
2022/05/27	19.12	19.40	18.31	18.45	5836700	110095648.00
2022/05/30	18.45	18.82	17.86	18.68	4587967	84021368.00
2022/05/31	18.46	18.48	17.85	18.18	3657837	66171820.00
2022/06/01	18.01	18.87	18.01	18.34	4670680	86075488.00
2022/06/02	18.40	18.40	17.40	17.84	5139852	91591952.00
2022/06/06	17.74	18.61	17.74	18.40	3387410	61954192.00
2022/06/07	18.60	18.60	17.59	17.68	3177780	56677092.00
2022/06/08	17.70	18.14	17.25	18.02	3238500	57621112.00
2022/06/09	18.08	18.20	17.40	17.40	2436220	43135288.00
2022/06/10	16.80	17.35	16.66	17.06	2458200	42036376.00
2022/06/13	16.99	17.64	16.90	17.62	2463790	42742076.00
2022/06/14	17.38	17.47	16.42	16.87	2466660	41513548.00
2022/06/15	16.98	17.26	16.80	16.80	1808750	30900644.00
2022/06/16	16.75	17.74	16.62	17.58	3473410	60537888.00
2022/06/17	17.56	17.88	17.10	17.18	2820520	49026120.00
2022/06/20	17.12	17.29	17.00	17.10	1852260	31730326.00
2022/06/21	17.23	17.74	17.14	17.67	3070880	53921836.00
2022/06/22	17.67	17.78	17.00	17.12	2454800	42303160.00
2022/06/23	17.15	17.15	16.66	17.15	1775110	30067120.00
2022/06/24	17.12	17.55	17.10	17.19	1487860	25693838.00
2022/06/27	17.21	17.63	17.21	17.28	1445240	25173102.00
2022/06/28	17.33	17.60	17.01	17.52	1864860	32484774.00
2022/06/29	17.57	18.19	17.40	18.13	4312194	77362104.00
2022/06/30	18.13	18.99	17.90	18.29	4749630	87442888.00
2022/07/01	18.28	18.50	17.81	18.32	2674546	48690608.00
2022/07/04	18.05	18.50	17.80	18.23	2550980	46154140.00
2022/07/05	18.11	18.27	17.40	17.55	2799530	49570820.00
2022/07/06	17.55	17.75	17.00	17.45	1554040	26961608.00
2022/07/07	17.40	17.53	17.18	17.19	1067310	18428762.00
2022/07/08	17.24	17.88	17.18	17.55	1519450	26778552.00
2022/07/11	17.26	18.25	17.16	17.71	1807040	32071126.00
2022/07/12	17.46	18.21	17.11	18.03	3368360	60108416.00
2022/07/13	17.79	18.15	17.71	17.90	2094950	37520304.00
2022/07/14	17.85	18.23	17.50	18.20	2738817	49221304.00
2022/07/15	18.12	18.17	17.40	17.45	2641510	46801732.00
2022/07/18	17.24	18.09	17.22	18.05	2836440	50887156.00
2022/07/19	18.00	18.54	17.93	18.50	3322880	60851332.00
2022/07/20	18.50	18.62	18.20	18.43	2204190	40609264.00
2022/07/21	18.50	18.76	18.22	18.48	2349580	43632808.00
2022/07/22	18.58	18.87	18.40	18.84	2812110	52582768.00
2022/07/25	19.00	19.00	18.20	18.26	1806670	33379990.00
2022/07/26	18.24	18.38	17.87	18.23	1670834	30307468.00
2022/07/27	18.18	18.50	18.02	18.33	1243280	22826602.00
2022/07/28	18.34	18.64	18.20	18.57	1736730	32173390.00
2022/07/29	18.51	18.73	18.27	18.30	1730680	32003988.00
2022/08/01	18.19	18.68	18.19	18.59	1776460	32697430.00
2022/08/02	18.59	18.59	17.32	17.38	2899980	51524840.00
2022/08/03	17.34	18.35	16.00	17.56	2245140	40338588.00
2022/08/04	17.70	18.85	17.70	18.70	3917080	72548864.00
2022/08/05	18.89	18.97	18.40	18.80	2900920	54474412.00
2022/08/08	18.79	19.15	18.75	19.02	2135030	40515100.00
2022/08/09	19.06	19.99	19.06	19.54	4007937	78664632.00
2022/08/10	19.68	19.82	19.25	19.65	2122297	41612712.00
2022/08/11	19.52	20.50	19.52	20.27	2960770	59419244.00
2022/08/12	20.10	20.49	20.10	20.11	2404360	48647328.00
2022/08/15	20.07	20.42	19.54	19.69	3045220	60176316.00
2022/08/16	19.98	19.98	19.46	19.84	2186940	43152912.00
2022/08/17	20.00	20.11	19.65	19.75	1499020	29646848.00
2022/08/18	19.99	19.99	19.40	19.63	1800560	35268736.00
2022/08/19	19.63	20.08	19.21	19.28	2218200	43564048.00
2022/08/22	19.20	19.45	18.92	19.28	2111410	40623556.00
2022/08/23	19.38	19.54	19.05	19.28	1633603	31384220.00
2022/08/24	19.33	19.33	18.43	18.49	2137110	39902940.00
2022/08/25	18.48	18.69	17.88	18.04	2073930	37618512.00
2022/08/26	18.09	18.36	17.81	17.90	1293270	23353346.00
2022/08/29	17.90	18.24	17.48	18.15	1342180	24074342.00
2022/08/30	18.27	18.88	17.88	18.70	2293729	42690488.00
2022/08/31	18.56	18.98	17.99	18.17	2115559	38854656.00
2022/09/01	18.25	18.25	14.54	17.77	1822590	32531722.00
2022/09/02	17.82	18.99	17.82	18.80	2894480	53510196.00
2022/09/05	19.04	19.06	18.06	18.33	1902400	34891420.00
2022/09/06	18.33	18.50	18.02	18.26	1143100	20816456.00
2022/09/07	18.13	18.30	17.45	17.66	2353570	41766116.00
2022/09/08	17.80	17.80	16.93	17.35	1857630	32004300.00
2022/09/09	17.30	17.49	17.02	17.25	1467730	25216696.00
2022/09/13	17.20	17.56	17.05	17.30	1105375	19194734.00
2022/09/14	17.26	17.40	17.02	17.22	808410	13908548.00
2022/09/15	17.33	17.33	16.57	16.86	1141590	19283212.00
2022/09/16	16.90	17.06	16.32	16.33	905000	15103837.00
2022/09/19	16.50	16.54	15.93	15.94	1007360	16277915.00
2022/09/20	15.95	16.97	15.95	16.34	1116607	18383144.00
2022/09/21	16.40	16.55	16.05	16.52	774770	12637286.00
2022/09/22	16.39	16.57	16.17	16.21	609090	9976638.00
2022/09/23	16.06	16.29	15.78	16.29	1127395	18079906.00
2022/09/26	15.80	16.29	15.50	15.56	1144480	17988710.00
2022/09/27	15.55	16.03	15.52	15.99	1052980	16668211.00
2022/09/28	16.05	16.69	15.73	16.01	2096325	34027808.00
2022/09/29	15.92	16.15	15.39	15.52	1669092	26184156.00
2022/09/30	15.64	15.74	15.34	15.34	819923	12728898.00
2022/10/10	15.39	15.68	15.28	15.32	813225	12550403.00
2022/10/11	15.47	15.47	15.06	15.33	385820	5909962.50
2022/10/12	15.33	15.65	15.13	15.64	490770	7569321.00
2022/10/13	15.64	16.30	15.45	16.05	1048260	16747921.00
2022/10/14	16.06	16.38	16.06	16.23	826491	13453480.00
2022/10/17	15.80	16.75	15.80	16.66	835560	13818318.00
2022/10/18	16.72	17.29	16.53	17.03	1289512	21842200.00
2022/10/19	16.90	17.09	16.66	16.90	765330	12926589.00
2022/10/20	17.20	17.25	16.85	16.91	908580	15473456.00
2022/10/21	17.00	17.08	16.55	16.70	718250	12084984.00
2022/10/24	16.99	17.05	16.35	16.38	818730	13641310.00
2022/10/25	16.31	16.54	16.19	16.45	830900	13575522.00
2022/10/26	16.78	17.68	16.46	17.45	2098250	36293308.00
2022/10/27	17.36	17.90	17.35	17.57	1462360	25876570.00
2022/10/28	17.48	17.62	16.94	17.02	1226720	21044242.00
2022/10/31	17.02	17.68	16.87	17.35	861600	14969121.00
2022/11/01	17.35	17.69	17.26	17.59	760604	13292716.00
2022/11/02	17.80	18.47	17.62	17.88	1961034	35434948.00
2022/11/03	17.60	17.81	17.35	17.60	1289501	22600408.00
2022/11/04	17.61	18.00	17.35	18.00	1378530	24507538.00
2022/11/07	17.65	18.50	17.62	18.27	1898090	34265808.00
2022/11/08	18.27	18.27	17.84	18.02	1093180	19654098.00
2022/11/09	18.16	18.16	17.80	17.96	804323	14442670.00
2022/11/10	17.97	19.14	17.62	18.32	2926383	54146756.00
2022/11/11	18.79	18.98	17.96	18.01	3262260	60424852.00
2022/11/14	18.04	18.47	18.04	18.28	1520500	27785616.00
2022/11/15	18.30	18.55	18.17	18.30	1293840	23689956.00
2022/11/16	18.19	19.25	18.19	19.24	3450410	65354360.00
2022/11/17	19.60	20.49	19.27	20.03	8913766	178053296.00
2022/11/18	20.00	20.66	19.31	19.70	6048776	120932552.00
2022/11/21	19.00	19.58	18.70	19.01	3548114	67186008.00
2022/11/22	18.98	19.20	18.49	18.59	2399420	45254020.00
2022/11/23	18.50	18.65	17.70	17.84	2067320	37110316.00
2022/11/24	18.20	21.41	18.15	21.24	12426409	256889360.00
2022/11/25	20.39	21.09	19.70	20.20	9355765	189421952.00
2022/11/28	19.94	20.29	19.35	19.47	3926350	77201136.00
2022/11/29	19.51	19.60	19.11	19.45	3231013	62720588.00
2022/11/30	19.98	19.98	18.98	19.24	2791637	53651504.00
2022/12/01	19.22	19.54	19.05	19.50	2457660	47699868.00
2022/12/02	19.63	19.65	19.25	19.52	2461250	48037064.00
2022/12/05	19.66	19.74	19.17	19.61	1854270	36186172.00
2022/12/06	19.51	19.78	19.30	19.64	1410283	27613696.00
2022/12/07	19.56	19.86	19.31	19.68	1622443	31837068.00
2022/12/08	19.86	20.22	19.40	19.79	3108010	61712464.00
2022/12/09	19.85	19.98	18.93	19.19	2386430	45939492.00
2022/12/12	19.08	19.35	18.91	19.16	744280	14239456.00
2022/12/13	19.16	19.38	18.83	18.97	1118710	21367590.00
2022/12/14	19.00	19.21	18.85	18.87	987130	18752004.00
2022/12/15	18.87	19.29	18.87	18.91	1143750	21808526.00
2022/12/16	18.88	19.03	18.45	18.51	995390	18547582.00
2022/12/19	18.70	18.74	18.05	18.16	784270	14292372.00
2022/12/20	18.16	18.38	17.60	17.68	958630	17101722.00
2022/12/21	17.73	17.98	17.17	17.26	972300	16913558.00
2022/12/22	17.36	17.52	17.00	17.00	830670	14307596.00
2022/12/23	17.25	17.70	17.00	17.64	1172740	20468934.00
2022/12/26	17.64	17.98	17.33	17.42	814050	14221539.00
2022/12/27	17.66	17.72	17.22	17.42	645430	11208012.00
2022/12/28	17.42	17.44	17.02	17.02	652200	11212862.00
2022/12/29	17.10	17.52	17.03	17.10	656040	11342286.00
2022/12/30	17.24	17.76	17.01	17.43	947580	16565988.00
2023/01/03	17.30	18.43	17.30	18.36	1794320	32581184.00
2023/01/04	18.36	18.87	18.30	18.76	1449980	27126752.00
2023/01/05	18.76	18.89	18.45	18.67	859160	16062432.00
2023/01/06	18.61	18.73	18.32	18.40	861060	15902247.00
2023/01/09	18.40	18.99	18.40	18.85	819530	15372611.00
2023/01/10	18.95	19.02	18.61	18.88	682600	12870967.00
2023/01/11	19.04	19.04	18.44	18.45	650050	12122212.00
2023/01/12	18.41	18.82	18.28	18.53	917360	16960382.00
2023/01/13	18.53	18.57	17.98	18.17	999230	18133824.00
2023/01/16	18.18	18.41	18.14	18.23	603550	11011381.00
2023/01/17	18.29	18.30	17.81	18.01	739440	13303758.00
2023/01/18	17.97	18.36	17.97	18.20	529670	9622946.00
2023/01/19	18.20	18.47	18.05	18.35	728030	13355802.00
2023/01/20	18.35	18.65	18.23	18.39	480390	8857830.00
2023/01/30	18.88	19.96	18.59	19.60	3432577	66520736.00
2023/01/31	19.41	19.67	19.13	19.40	1535957	29747096.00
2023/02/01	19.40	20.26	19.40	20.23	2227810	44400488.00
2023/02/02	20.16	20.74	20.00	20.17	2306315	46872076.00
2023/02/03	20.04	21.42	20.04	21.05	5088890	107228200.00
2023/02/06	21.58	22.49	20.99	21.75	7617540	165777232.00
2023/02/07	21.30	25.59	21.30	23.67	9528069	223494304.00
2023/02/08	23.00	25.30	22.22	23.71	9848605	232745632.00
2023/02/09	23.50	23.62	22.51	22.92	7255805	166826080.00
2023/02/10	22.96	25.15	22.95	23.23	11052546	264234448.00
2023/02/13	23.24	24.59	23.13	23.44	7800710	184249120.00
2023/02/14	23.26	24.09	22.86	23.45	4870554	113949536.00
2023/02/15	23.45	28.14	23.01	28.14	16050225	422441888.00
2023/02/16	27.98	27.98	25.44	25.89	19058969	503922560.00
2023/02/17	25.78	27.95	25.33	27.28	16950793	456138400.00
2023/02/20	27.97	32.74	27.67	31.31	17639834	543309952.00
2023/02/21	30.30	31.29	29.00	30.04	14245613	428953376.00
2023/02/22	29.50	32.53	28.88	31.60	14762447	454821952.00
2023/02/23	30.88	30.94	28.88	28.91	10761494	319734400.00
2023/02/24	28.92	29.35	27.56	28.30	9480424	269242208.00
2023/02/27	27.99	28.15	26.82	26.90	7415553	202823536.00
2023/02/28	27.15	28.50	26.91	27.47	8063580	223148336.00
2023/03/01	27.50	28.98	27.30	28.31	8070469	226533872.00
2023/03/02	27.81	30.85	27.72	29.79	10400574	304072448.00
2023/03/03	29.13	29.90	28.07	28.33	7188877	207220560.00
2023/03/06	28.52	28.52	27.34	27.60	5348505	148107392.00
2023/03/07	27.80	29.70	27.60	28.53	8413790	242197984.00
2023/03/08	27.81	28.37	27.01	27.95	6533980	180536048.00
2023/03/09	27.56	27.90	26.35	27.12	5345269	144104896.00
2023/03/10	26.83	27.46	26.66	26.68	3655370	98602520.00
2023/03/13	26.50	27.42	26.13	27.24	3783737	101954016.00
2023/03/14	27.20	27.72	26.37	26.62	3571868	96339136.00
2023/03/15	26.63	27.20	26.08	26.14	2844220	75017104.00
2023/03/16	25.62	26.70	25.45	26.28	3086338	80584248.00
2023/03/17	26.70	29.98	26.32	28.86	9082054	253318000.00
2023/03/20	28.90	33.40	28.90	32.01	14193348	437901440.00
2023/03/21	31.85	35.35	31.28	33.15	12714854	424285984.00
2023/03/22	33.00	33.49	31.80	33.18	9681482	316155936.00
2023/03/23	32.85	33.99	32.45	33.13	6723266	222569888.00
2023/03/24	33.75	34.40	32.94	33.59	8669600	290402240.00
2023/03/27	32.78	33.33	30.62	32.41	10816137	343893088.00
2023/03/28	31.90	31.90	30.49	30.60	5917410	183095344.00
2023/03/29	31.33	31.49	30.24	30.38	5196630	161146144.00
2023/03/30	30.55	30.86	29.45	29.79	4651059	139674352.00
2023/03/31	30.22	30.92	29.59	30.80	4395723	133256280.00
2023/04/03	30.80	31.58	29.57	31.33	6702199	205316000.00
2023/04/04	30.92	31.03	29.40	29.70	5814940	174321072.00
2023/04/06	28.94	28.94	27.72	28.05	4564340	129065960.00
2023/04/07	28.45	28.75	27.41	28.53	3723280	104963840.00
2023/04/10	28.50	28.53	26.88	26.90	4341156	119143056.00
2023/04/11	27.00	28.45	26.83	27.60	4048758	112047408.00
2023/04/12	27.82	28.73	27.75	28.30	3587270	101416416.00
2023/04/13	28.61	30.39	28.10	28.16	7258110	213470784.00
2023/04/14	28.35	29.33	27.28	27.42	5340836	150319664.00
2023/04/17	26.93	27.48	26.42	26.74	4159300	111712800.00
2023/04/18	26.70	26.81	25.75	26.41	3348010	88063680.00
2023/04/19	26.37	27.15	26.23	26.54	3109450	83286656.00
2023/04/20	26.46	27.76	26.00	27.63	3894200	105599784.00
2023/04/21	27.42	27.51	25.25	25.56	4449950	115906832.00
2023/04/24	25.49	26.17	25.13	25.77	2901680	74683048.00
2023/04/25	25.66	26.00	24.60	25.02	2848100	71358456.00
2023/04/26	24.70	25.54	24.06	24.44	3485340	85847392.00
2023/04/27	24.49	24.85	23.69	24.04	2577050	62601060.00
2023/04/28	24.04	27.11	24.00	26.79	4590740	119145120.00
2023/05/05	28.31	28.31	28.31	28.31	0	0.00
数据来源:通达信
