301118 恒光股份 日线 不复权
      日期	    开盘	    最高	    最低	    收盘	    成交量	    成交额
2021/11/18	48.00	62.39	47.89	59.00	18419546	1002908288.00
2021/11/19	53.31	57.79	53.00	57.00	13694633	760214464.00
2021/11/22	59.18	62.88	55.22	55.32	13453978	790581952.00
2021/11/23	53.90	59.98	53.31	57.90	12688108	727022208.00
2021/11/24	56.02	66.00	55.17	61.82	13933830	829748096.00
2021/11/25	61.00	65.58	58.90	59.25	12055370	749464896.00
2021/11/26	58.00	62.25	56.05	62.10	9952853	595707392.00
2021/11/29	60.93	64.66	60.37	62.52	8954341	558590208.00
2021/11/30	62.66	62.99	57.50	57.50	9393084	562268288.00
2021/12/01	57.00	57.42	55.08	55.88	6185163	346354400.00
2021/12/02	56.05	56.90	53.74	54.30	5649414	312828864.00
2021/12/03	53.40	55.55	52.95	54.48	4387632	238916960.00
2021/12/06	54.00	56.48	53.49	55.30	4836915	267943280.00
2021/12/07	57.49	59.48	55.78	56.18	6094355	350787040.00
2021/12/08	56.50	58.40	54.50	58.20	5999276	340682240.00
2021/12/09	57.46	57.65	54.85	54.88	5284506	296800480.00
2021/12/10	54.03	56.10	54.03	55.69	3235729	178902352.00
2021/12/13	55.95	58.20	55.80	57.46	4864152	278303840.00
2021/12/14	56.96	61.30	55.60	59.99	7924333	465317952.00
2021/12/15	59.01	61.69	58.59	59.13	7114200	427130176.00
2021/12/16	59.54	70.96	59.54	70.96	8500367	544498752.00
2021/12/17	75.90	79.65	66.95	67.23	14839243	1097671680.00
2021/12/20	67.87	72.99	65.05	68.30	10764276	739705728.00
2021/12/21	66.83	67.00	62.26	63.58	7782220	496353312.00
2021/12/22	63.58	65.79	62.50	63.92	5941341	380615008.00
2021/12/23	63.00	65.77	62.66	63.86	5273214	338950048.00
2021/12/24	63.20	63.55	57.50	58.04	7342953	439735424.00
2021/12/27	57.50	60.60	57.03	59.85	4924832	290704448.00
2021/12/28	59.50	61.73	59.31	60.50	4219682	255129264.00
2021/12/29	60.01	66.79	60.00	65.58	8386514	536218816.00
2021/12/30	64.82	66.17	64.04	65.10	4722831	306543328.00
2021/12/31	64.82	65.19	61.78	62.05	4659594	293765952.00
2022/01/04	61.99	62.78	60.09	60.56	3830707	234778576.00
2022/01/05	59.99	60.70	57.51	60.09	4241974	251608912.00
2022/01/06	61.00	65.76	60.09	63.96	6612207	420267520.00
2022/01/07	62.60	62.82	58.96	59.37	5153654	314713120.00
2022/01/10	58.75	60.98	58.21	59.77	2751932	164943424.00
2022/01/11	59.60	59.96	58.13	58.35	2976438	174838800.00
2022/01/12	58.84	59.60	58.28	59.52	2420715	143187776.00
2022/01/13	59.03	59.30	55.73	55.95	4379600	248488080.00
2022/01/14	55.70	56.59	55.44	56.02	2392035	134043568.00
2022/01/17	55.50	56.66	55.02	56.02	2040012	114260160.00
2022/01/18	56.13	56.13	53.12	53.50	3236351	175786112.00
2022/01/19	53.07	53.77	52.36	52.90	1860907	98585600.00
2022/01/20	54.50	54.78	52.81	52.88	2520256	135428016.00
2022/01/21	51.31	51.81	48.95	49.10	3058901	152487840.00
2022/01/24	49.99	50.89	49.58	50.30	2212567	111397360.00
2022/01/25	49.80	51.02	48.88	49.03	2160530	108281648.00
2022/01/26	49.15	51.98	49.15	51.65	2995425	153100608.00
2022/01/27	50.98	51.52	49.60	49.60	2187199	110577736.00
2022/01/28	50.59	51.09	49.20	50.26	1622532	81632880.00
2022/02/07	51.22	51.79	50.60	51.24	1422725	72753664.00
2022/02/08	51.80	53.45	51.30	53.20	2774572	146527648.00
2022/02/09	52.77	53.18	51.66	53.00	2211456	115904744.00
2022/02/10	52.96	52.96	51.50	51.52	1627054	84588232.00
2022/02/11	51.42	51.42	49.50	49.81	1753726	88196096.00
2022/02/14	49.50	50.38	49.01	50.15	880995	43934136.00
2022/02/15	50.48	51.78	50.20	50.71	1375511	69902608.00
2022/02/16	50.80	51.63	50.39	51.40	1542148	78956864.00
2022/02/17	51.40	53.86	50.87	53.08	3384204	178138320.00
2022/02/18	53.14	55.85	52.24	55.31	4290233	234299552.00
2022/02/21	54.41	54.76	53.44	53.93	3260061	175805968.00
2022/02/22	53.01	53.85	51.56	53.14	2782842	146360720.00
2022/02/23	53.13	55.01	52.81	54.46	2726417	147501072.00
2022/02/24	53.80	55.78	52.40	52.98	3845361	208477504.00
2022/02/25	53.68	54.55	52.83	53.01	2714508	145552160.00
2022/02/28	53.21	53.41	50.76	52.24	2343934	121439000.00
2022/03/01	52.82	53.77	52.39	53.19	1850438	98233632.00
2022/03/02	52.66	53.09	52.10	52.81	1304143	68601376.00
2022/03/03	53.41	54.03	51.92	53.85	3262116	173454768.00
2022/03/04	53.05	53.87	51.81	51.92	2445807	129246136.00
2022/03/07	51.25	51.36	49.20	49.52	2227690	112100640.00
2022/03/08	49.52	50.28	48.80	49.19	1592524	79037048.00
2022/03/09	49.77	50.40	47.60	50.01	2009569	99461160.00
2022/03/10	50.98	51.20	49.61	50.10	1807640	91301048.00
2022/03/11	49.00	49.40	46.68	48.37	2368245	113239352.00
2022/03/14	47.50	47.50	45.70	45.72	1575200	73573768.00
2022/03/15	45.12	45.69	42.00	42.54	1751327	77471008.00
2022/03/16	43.60	44.50	42.33	44.24	1844635	80293096.00
2022/03/17	44.65	47.58	44.05	46.89	2920877	135427616.00
2022/03/18	47.14	47.30	45.94	46.35	1635924	75818256.00
2022/03/21	46.01	46.99	45.80	46.90	1279491	59471248.00
2022/03/22	48.09	50.98	47.68	47.68	3252685	158907024.00
2022/03/23	57.22	57.22	57.22	57.22	4015149	229746832.00
2022/03/24	59.80	65.84	58.88	59.70	15524707	955950784.00
2022/03/25	56.68	57.96	51.80	52.00	10820167	591689792.00
2022/03/28	50.58	51.79	49.54	49.79	5283721	266799536.00
2022/03/29	49.90	51.62	48.84	50.98	5277589	265828720.00
2022/03/30	50.50	50.57	48.74	49.29	4503986	222884704.00
2022/03/31	48.91	49.42	47.55	47.56	3765114	182199760.00
2022/04/01	47.56	48.06	47.12	47.57	2109627	100542432.00
2022/04/06	47.98	50.85	47.65	50.71	4628067	226819216.00
2022/04/07	49.57	49.98	48.59	48.80	3255687	159957296.00
2022/04/08	49.24	53.68	48.80	51.48	6286410	323259488.00
2022/04/11	50.92	53.57	50.02	50.72	4875744	250907824.00
2022/04/12	50.70	50.70	47.51	49.51	3869217	188358688.00
2022/04/13	48.80	48.80	45.66	45.68	3957344	185006432.00
2022/04/14	45.55	47.81	45.55	46.53	2532824	117437280.00
2022/04/15	48.51	52.35	47.94	48.06	4611350	228714528.00
2022/04/18	45.99	48.48	45.67	48.45	2567438	120822904.00
2022/04/19	47.66	52.00	47.66	50.15	4263944	214342544.00
2022/04/20	48.70	49.23	46.70	47.06	3958023	190099408.00
2022/04/21	46.50	47.07	42.90	43.20	3755245	166553248.00
2022/04/22	42.23	44.25	42.10	43.70	2063352	89948352.00
2022/04/25	42.42	43.30	38.33	38.40	2973567	121315880.00
2022/04/26	38.60	39.26	36.69	36.72	2366219	90376456.00
2022/04/27	36.00	38.37	35.20	38.33	2278256	83907080.00
2022/04/28	37.60	38.75	36.65	37.17	1734471	65102336.00
2022/04/29	37.29	39.38	37.29	38.80	2285535	88168720.00
2022/05/05	38.90	40.40	38.44	39.83	2077014	82545776.00
2022/05/06	38.46	40.15	38.29	39.84	1936708	76283728.00
2022/05/09	39.70	40.29	39.50	40.29	1448354	57825464.00
2022/05/10	40.00	41.70	39.39	41.38	2151303	88140768.00
2022/05/11	41.37	42.68	41.05	41.41	2657267	111077744.00
2022/05/12	40.87	41.80	40.45	41.15	1807669	74203624.00
2022/05/13	41.46	41.60	40.51	40.51	1218547	49859688.00
2022/05/16	40.99	41.68	40.24	40.54	1325789	54225880.00
2022/05/17	40.55	40.76	39.29	40.25	1201400	48025700.00
2022/05/18	40.24	40.88	39.50	40.26	1701867	68623352.00
2022/05/19	39.70	40.95	39.30	40.68	1594412	64199780.00
2022/05/20	40.96	41.98	40.68	41.63	2006137	83366416.00
2022/05/23	41.52	42.87	41.41	42.87	1968772	83479328.00
2022/05/24	42.68	42.85	40.12	40.12	2140318	89349656.00
2022/05/25	40.25	41.33	40.12	41.32	1454966	59319876.00
2022/05/26	41.20	41.39	39.57	40.80	1605787	65001120.00
2022/05/27	40.29	40.71	39.68	40.00	1417576	57094692.00
2022/05/30	40.61	40.61	39.23	40.16	1028314	40930232.00
2022/05/31	40.36	40.63	39.30	40.51	1364040	54655924.00
2022/06/01	40.97	41.86	40.54	41.30	2119724	87589872.00
2022/06/02	41.10	41.82	40.84	41.57	1568153	64916744.00
2022/06/06	41.60	42.87	41.40	42.60	1888035	80032832.00
2022/06/07	42.66	43.55	41.80	42.34	2000269	85028808.00
2022/06/08	42.34	43.88	41.88	43.20	2650629	113786656.00
2022/06/09	43.04	45.30	41.68	44.02	5240712	229124016.00
2022/06/10	43.00	43.67	42.05	43.47	3656217	157777184.00
2022/06/13	42.60	44.73	42.46	43.76	3217088	140893424.00
2022/06/14	43.21	44.73	42.64	44.67	3775914	165518096.00
2022/06/15	44.62	44.74	43.45	43.45	3340056	146915952.00
2022/06/16	43.46	43.93	42.78	42.99	2240350	97229208.00
2022/06/17	42.71	43.65	42.63	43.45	1855330	80350448.00
2022/06/20	43.70	44.30	43.26	43.79	2378070	104155728.00
2022/06/21	43.93	44.15	42.62	43.40	2015854	87375592.00
2022/06/22	43.50	43.50	42.06	42.06	1623992	69300200.00
2022/06/23	42.09	43.19	41.75	43.03	1815143	77255880.00
2022/06/24	43.40	44.43	42.94	44.36	2759280	121420824.00
2022/06/27	44.80	44.97	43.87	43.96	1686429	74486400.00
2022/06/28	44.09	45.35	43.81	45.35	2679345	119586728.00
2022/06/29	45.20	45.23	43.50	43.51	2751732	121613944.00
2022/06/30	43.51	43.83	42.63	43.03	1918549	82828000.00
2022/07/01	43.35	43.76	42.78	43.15	1483752	64101388.00
2022/07/04	43.56	45.42	43.34	44.41	3403991	151436224.00
2022/07/05	44.00	46.20	43.71	45.86	4444498	200657712.00
2022/07/06	45.34	45.45	43.53	43.96	3012453	133455552.00
2022/07/07	43.88	43.88	43.18	43.33	1699758	73815872.00
2022/07/08	43.38	43.82	42.35	42.38	2101836	90250896.00
2022/07/11	41.70	42.29	39.88	40.30	2052259	83232944.00
2022/07/12	40.33	40.62	39.27	39.27	1167008	46360908.00
2022/07/13	39.68	41.22	39.68	40.63	1701445	69166624.00
2022/07/14	40.54	42.48	40.35	42.13	2642613	110241904.00
2022/07/15	42.10	43.09	41.71	42.26	1989353	84553328.00
2022/07/18	42.31	42.68	42.12	42.30	1317033	55823788.00
2022/07/19	42.41	44.15	42.26	43.80	2236606	97602928.00
2022/07/20	43.60	43.96	43.51	43.92	1324028	57980120.00
2022/07/21	44.08	44.08	43.33	43.61	1088053	47548792.00
2022/07/22	43.61	44.20	43.33	43.76	1390717	60892456.00
2022/07/25	43.76	43.92	42.90	43.03	1181950	51159272.00
2022/07/26	43.20	43.62	42.60	43.59	1162032	50044800.00
2022/07/27	43.68	44.37	43.47	44.18	1444945	63652568.00
2022/07/28	44.19	44.57	43.88	44.14	1171695	51755564.00
2022/07/29	44.31	44.58	43.68	43.88	1127425	49577408.00
2022/08/01	44.00	45.00	43.94	44.66	1617114	71961664.00
2022/08/02	44.17	44.17	41.41	41.87	1911869	81229688.00
2022/08/03	42.00	43.96	42.00	42.45	1721144	74158184.00
2022/08/04	42.99	43.30	41.89	42.72	965963	41115292.00
2022/08/05	42.94	43.61	42.73	43.59	989244	42654240.00
2022/08/08	43.44	44.13	43.15	44.01	919673	40273092.00
2022/08/09	44.08	44.27	43.70	44.07	934185	41069248.00
2022/08/10	43.75	44.27	43.75	44.13	885299	38989236.00
2022/08/11	44.44	45.66	44.13	45.31	2176710	98155264.00
2022/08/12	45.58	45.76	44.14	44.16	1746649	78307456.00
2022/08/15	44.19	44.48	43.43	43.98	1122241	49256404.00
2022/08/16	44.12	44.46	43.80	44.06	933475	41180664.00
2022/08/17	44.00	44.26	43.26	43.65	1210694	52709160.00
2022/08/18	43.59	44.16	43.30	44.06	1111886	48665300.00
2022/08/19	44.06	44.35	42.27	42.35	2051496	88471096.00
2022/08/22	41.92	43.48	41.80	43.18	1161594	49685588.00
2022/08/23	43.00	45.13	43.00	44.87	2461350	108883744.00
2022/08/24	45.00	45.19	43.37	44.18	2287366	101193464.00
2022/08/25	44.25	44.42	40.70	41.76	3459222	143995280.00
2022/08/26	41.40	45.29	41.36	44.34	4411188	193737008.00
2022/08/29	44.31	45.80	44.02	44.60	3839645	171927760.00
2022/08/30	44.98	45.05	42.88	42.92	2720669	118816384.00
2022/08/31	43.09	43.09	40.65	40.72	2633953	109100776.00
2022/09/01	40.72	41.03	39.41	39.75	1770154	71030872.00
2022/09/02	40.00	40.21	39.33	39.70	1080435	42911712.00
2022/09/05	39.50	40.44	39.45	40.00	1117100	44661640.00
2022/09/06	40.31	41.15	39.80	41.12	1608194	65529788.00
2022/09/07	40.80	41.19	40.49	40.69	1231621	50155844.00
2022/09/08	40.67	41.18	39.97	40.45	1268780	51531500.00
2022/09/09	40.44	40.46	39.66	39.90	1009485	40297468.00
2022/09/13	39.88	40.38	39.44	39.60	768475	30500410.00
2022/09/14	39.02	39.16	38.15	38.67	1206947	46617092.00
2022/09/15	38.75	38.87	37.38	37.80	937268	35663228.00
2022/09/16	37.79	37.85	36.85	36.89	663681	24752166.00
2022/09/19	36.98	37.15	36.19	36.76	548634	20154156.00
2022/09/20	36.85	37.44	36.85	37.24	539110	20060238.00
2022/09/21	37.22	37.59	36.25	37.54	525000	19482516.00
2022/09/22	37.21	37.73	37.02	37.10	584629	21833318.00
2022/09/23	37.00	37.33	35.68	35.92	754736	27431314.00
2022/09/26	35.88	36.08	35.09	35.11	670120	23808654.00
2022/09/27	35.22	36.19	35.20	36.19	801374	28572078.00
2022/09/28	36.20	36.20	34.40	34.46	1041094	36549320.00
2022/09/29	34.90	35.29	34.24	34.40	644251	22373514.00
2022/09/30	34.25	34.54	33.61	34.00	659516	22498276.00
2022/10/10	34.06	34.34	32.60	32.84	760968	25392698.00
2022/10/11	32.98	33.47	32.61	33.37	503843	16706940.00
2022/10/12	33.20	34.07	32.70	34.04	791553	26507002.00
2022/10/13	33.98	34.51	33.53	34.14	835889	28551872.00
2022/10/14	34.39	34.94	34.31	34.84	852911	29617798.00
2022/10/17	34.72	35.17	34.50	35.14	723828	25312554.00
2022/10/18	35.14	35.29	34.75	34.85	710600	24856312.00
2022/10/19	34.84	35.16	34.38	34.39	739432	25682822.00
2022/10/20	34.38	34.66	33.85	34.12	707972	24248162.00
2022/10/21	34.33	34.51	33.58	33.91	873471	29737642.00
2022/10/24	34.10	34.84	33.72	34.08	889127	30535196.00
2022/10/25	34.28	34.28	33.07	33.53	786514	26353118.00
2022/10/26	33.53	35.08	33.50	34.91	1113939	38576608.00
2022/10/27	34.88	35.48	34.66	35.06	911664	31999296.00
2022/10/28	33.00	33.33	30.60	30.90	2887308	91187480.00
2022/10/31	30.80	31.00	29.90	30.32	1543410	46910604.00
2022/11/01	30.43	31.11	30.13	31.09	1064570	32614628.00
2022/11/02	30.79	31.59	30.70	31.40	1141699	35715668.00
2022/11/03	31.19	31.58	31.03	31.22	745621	23327700.00
2022/11/04	31.23	32.07	31.23	32.00	1258477	39944440.00
2022/11/07	32.01	32.45	31.91	32.10	1052543	33871232.00
2022/11/08	32.32	32.39	31.67	31.85	787306	25109258.00
2022/11/09	31.95	31.95	31.52	31.56	651844	20645660.00
2022/11/10	31.49	31.60	31.00	31.18	797657	24925876.00
2022/11/11	31.66	31.81	31.20	31.30	1119577	35377816.00
2022/11/14	31.40	31.58	30.83	30.90	843884	26321990.00
2022/11/15	30.85	32.20	30.61	32.20	1532035	48548440.00
2022/11/16	32.82	33.00	32.03	32.08	1760304	57106020.00
2022/11/17	32.10	32.77	31.84	32.23	1538018	49636100.00
2022/11/18	32.35	32.55	30.15	30.41	6702018	206160896.00
2022/11/21	30.08	30.14	29.43	29.84	3753526	111358584.00
2022/11/22	29.64	30.72	29.64	30.31	4155198	125879416.00
2022/11/23	30.15	30.16	29.01	29.98	2712423	80425336.00
2022/11/24	29.97	31.00	29.89	30.78	3526784	107969968.00
2022/11/25	30.78	30.79	29.83	29.88	1816142	54840684.00
2022/11/28	29.80	29.80	29.18	29.41	1378494	40460152.00
2022/11/29	29.30	30.10	29.30	30.02	1288723	38455984.00
2022/11/30	29.96	30.49	29.82	29.86	1342723	40450092.00
2022/12/01	30.02	30.53	30.02	30.32	1720849	52193464.00
2022/12/02	30.25	30.62	30.19	30.52	1245556	37948568.00
2022/12/05	30.58	30.89	30.41	30.78	1577142	48275440.00
2022/12/06	30.59	30.70	30.40	30.46	1790715	54666772.00
2022/12/07	30.60	31.43	30.47	30.83	3539545	109273080.00
2022/12/08	31.90	35.19	31.44	32.98	10685841	353494176.00
2022/12/09	32.40	33.40	32.39	32.84	5795125	189904864.00
2022/12/12	32.46	33.80	31.98	33.00	5087360	167922032.00
2022/12/13	33.06	34.37	32.68	34.32	6398463	216351232.00
2022/12/14	34.05	34.19	33.48	33.83	4039147	136370768.00
2022/12/15	33.73	33.73	32.40	32.50	3885580	127309680.00
2022/12/16	32.37	32.97	32.12	32.59	2590268	84320672.00
2022/12/19	33.06	33.79	32.70	33.09	3543688	117589080.00
2022/12/20	32.80	35.40	32.15	34.52	6273410	215301936.00
2022/12/21	35.49	36.01	34.26	34.48	9258670	326963008.00
2022/12/22	34.82	35.24	33.10	33.30	6635359	228304368.00
2022/12/23	33.16	34.00	31.02	31.40	5895895	190503744.00
2022/12/26	31.24	32.88	30.76	32.00	3937643	125412512.00
2022/12/27	31.76	32.17	30.92	31.61	2982806	93764080.00
2022/12/28	31.41	31.55	30.16	30.34	3213669	98270480.00
2022/12/29	30.40	30.63	29.95	29.99	2096457	63463588.00
2022/12/30	30.10	30.28	29.59	30.21	2325154	69489992.00
2023/01/03	31.12	32.65	30.95	32.37	5330640	170376992.00
2023/01/04	32.45	32.60	31.55	31.84	3128687	100138776.00
2023/01/05	32.08	32.08	31.48	31.92	2422415	76850928.00
2023/01/06	31.81	33.47	31.60	32.63	4657355	152052560.00
2023/01/09	32.49	32.95	32.29	32.60	2970127	96960272.00
2023/01/10	32.50	32.58	31.85	31.92	2484200	79519928.00
2023/01/11	31.76	32.10	31.00	31.00	2489000	78270080.00
2023/01/12	31.09	31.21	30.68	30.80	1720929	53211304.00
2023/01/13	30.90	31.08	30.51	30.69	1367292	42008984.00
2023/01/16	30.60	31.32	30.60	31.11	1695007	52720312.00
2023/01/17	31.40	31.43	30.67	31.03	1528488	47414204.00
2023/01/18	31.03	32.15	31.03	31.51	2371116	74806680.00
2023/01/19	31.21	31.44	31.01	31.36	1484631	46474084.00
2023/01/20	31.58	31.78	31.35	31.72	1619213	51091104.00
2023/01/30	32.02	32.28	31.72	31.81	2704360	86422680.00
2023/01/31	31.78	32.13	31.53	32.13	1862683	59462840.00
2023/02/01	32.19	32.62	32.02	32.58	2501400	80892808.00
2023/02/02	32.50	32.88	32.36	32.72	2223932	72498440.00
2023/02/03	32.67	32.70	31.95	32.46	2349200	75859376.00
2023/02/06	32.34	32.59	32.08	32.20	1213000	39173624.00
2023/02/07	32.20	32.54	32.12	32.53	1341614	43408372.00
2023/02/08	32.62	32.62	32.20	32.20	1294586	41908004.00
2023/02/09	32.19	32.90	32.04	32.84	2267600	74054408.00
2023/02/10	32.68	33.22	32.48	32.81	1898355	62350112.00
2023/02/13	32.86	33.45	32.70	33.24	2147032	71178680.00
2023/02/14	33.24	34.16	33.06	34.12	3445160	116147248.00
2023/02/15	33.84	34.05	33.45	33.64	2768848	93141824.00
2023/02/16	33.58	33.83	32.08	32.35	3272161	108132664.00
2023/02/17	32.30	32.74	32.19	32.28	1820548	59068900.00
2023/02/20	32.28	32.74	31.76	32.71	1503276	48432532.00
2023/02/21	32.68	33.42	32.52	32.99	1597300	52589952.00
2023/02/22	32.61	32.91	32.42	32.62	1366842	44571640.00
2023/02/23	32.63	32.87	32.29	32.40	1040900	33870984.00
2023/02/24	32.79	32.85	32.20	32.53	1273419	41319608.00
2023/02/27	32.43	33.28	32.18	33.26	2606941	85697296.00
2023/02/28	32.98	33.81	32.98	33.75	3350356	112020360.00
2023/03/01	33.75	33.76	33.28	33.44	2177880	72788752.00
2023/03/02	33.26	33.66	33.02	33.04	1969443	65678128.00
2023/03/03	33.49	33.49	32.71	32.96	1387829	45748848.00
2023/03/06	32.97	33.12	32.41	32.68	1324600	43316916.00
2023/03/07	32.60	32.90	31.99	32.00	1679843	54398612.00
2023/03/08	31.90	32.11	31.79	32.06	1093715	34889288.00
2023/03/09	32.06	32.34	31.88	32.28	1051200	33838192.00
2023/03/10	32.13	32.23	31.53	31.55	1542829	48923028.00
2023/03/13	31.30	31.67	31.03	31.31	1031096	32207412.00
2023/03/14	31.31	31.70	30.93	31.40	1136791	35645428.00
2023/03/15	31.55	31.94	31.55	31.76	1028263	32699450.00
2023/03/16	31.58	31.60	31.04	31.14	932390	29185844.00
2023/03/17	31.50	31.57	31.05	31.19	837631	26191048.00
2023/03/20	31.33	31.41	30.62	30.95	854600	26387324.00
2023/03/21	30.98	31.55	30.79	31.51	912225	28569010.00
2023/03/22	31.53	31.73	31.32	31.40	894510	28153624.00
2023/03/23	31.28	31.59	31.26	31.56	739246	23216528.00
2023/03/24	31.53	31.82	31.45	31.60	808866	25591216.00
2023/03/27	31.68	31.90	31.20	31.81	1127320	35630708.00
2023/03/28	31.78	32.48	31.60	32.39	2104164	67698448.00
2023/03/29	32.40	33.53	32.12	32.88	2754938	90538032.00
2023/03/30	32.60	34.31	32.56	34.22	6414289	217359072.00
2023/03/31	33.81	34.15	33.12	33.31	3847489	128858056.00
2023/04/03	33.23	33.64	32.82	33.34	2790543	92591240.00
2023/04/04	33.20	33.24	32.50	32.91	2508767	82315328.00
2023/04/06	32.62	33.10	32.52	32.68	1711657	56049268.00
2023/04/07	32.70	33.07	32.60	32.72	1264973	41410344.00
2023/04/10	32.67	32.81	32.12	32.19	1617095	52493200.00
2023/04/11	32.27	32.28	30.90	31.23	2229937	69872072.00
2023/04/12	31.46	31.64	30.89	31.38	1418618	44284648.00
2023/04/13	31.40	31.71	31.18	31.61	1283345	40470984.00
2023/04/14	31.60	31.68	31.13	31.60	1303537	40925340.00
2023/04/17	31.53	31.91	31.53	31.73	967655	30664462.00
2023/04/18	31.74	31.74	31.25	31.26	817634	25680958.00
2023/04/19	31.11	31.28	30.91	31.07	772653	24020572.00
2023/04/20	31.07	31.07	30.26	30.29	1368751	41693776.00
2023/04/21	30.32	30.55	29.30	29.51	1263100	37709448.00
2023/04/24	29.49	29.68	29.15	29.38	731374	21503024.00
2023/04/25	29.50	29.50	28.03	28.31	1387177	39491928.00
2023/04/26	28.19	28.66	28.19	28.50	685600	19536962.00
2023/04/27	28.29	28.57	28.19	28.20	796742	22604240.00
2023/04/28	26.99	27.14	26.55	27.12	2090940	56087852.00
2023/05/05	27.12	27.12	27.12	27.12	0	0.00
数据来源:通达信
