301219 腾远钴业 日线 不复权
      日期	    开盘	    最高	    最低	    收盘	    成交量	    成交额
2022/03/17	217.50	230.00	183.02	185.82	17126791	3379717632.00
2022/03/18	188.90	194.00	179.00	185.03	9793039	1830317952.00
2022/03/21	181.00	199.66	178.00	190.50	9041282	1704444416.00
2022/03/22	189.66	198.88	185.20	186.14	6785087	1297555456.00
2022/03/23	188.02	188.84	178.80	179.35	4969895	906669568.00
2022/03/24	180.44	187.30	178.40	184.80	4785728	872517376.00
2022/03/25	185.00	186.80	177.21	177.21	3899814	704046912.00
2022/03/28	170.00	172.50	161.08	161.99	5229579	867925632.00
2022/03/29	160.88	163.81	158.00	158.80	2961243	475221760.00
2022/03/30	159.87	162.65	158.00	160.78	2396641	385139392.00
2022/03/31	160.90	162.60	155.60	155.81	2972255	471606432.00
2022/04/01	154.18	164.81	154.18	164.08	3260016	522240192.00
2022/04/06	163.88	167.67	161.66	165.60	2403628	395757056.00
2022/04/07	163.97	164.80	158.68	158.68	1967598	319165888.00
2022/04/08	163.00	171.18	161.61	166.02	3900992	648577472.00
2022/04/11	163.00	163.00	151.78	153.98	3140648	490945632.00
2022/04/12	152.93	157.62	151.21	156.93	1790098	277164704.00
2022/04/13	158.88	162.98	155.40	158.62	2056080	327826752.00
2022/04/14	159.16	159.68	154.50	156.82	1684310	264109984.00
2022/04/15	155.80	155.80	150.11	152.05	1545562	236201936.00
2022/04/18	150.00	152.38	146.86	152.00	1293928	193303152.00
2022/04/19	152.71	156.00	152.68	154.22	1155876	178171488.00
2022/04/20	154.00	158.71	153.51	156.78	1785889	279989824.00
2022/04/21	160.00	162.88	154.00	155.68	2466569	391524736.00
2022/04/22	154.00	166.00	154.00	164.31	2561606	413817600.00
2022/04/25	161.00	165.88	158.18	160.50	2474706	399953568.00
2022/04/26	160.61	161.77	151.50	152.35	2058710	319698592.00
2022/04/27	152.52	166.65	151.46	166.00	2940440	471659648.00
2022/04/28	163.50	173.70	163.10	167.89	3035666	511903776.00
2022/04/29	168.03	174.80	166.69	172.79	2698415	464588864.00
2022/05/05	171.11	174.85	170.05	170.45	2143606	368528896.00
2022/05/06	166.99	173.69	165.16	172.80	1678660	285021664.00
2022/05/09	171.56	174.80	171.05	171.98	1228349	211917232.00
2022/05/10	168.25	177.00	168.00	176.92	1691320	294766912.00
2022/05/11	176.96	190.77	176.00	182.81	2912087	532355680.00
2022/05/12	181.09	183.88	177.05	180.76	1594156	287646944.00
2022/05/13	180.83	181.60	176.30	176.61	1220876	217586336.00
2022/05/16	177.00	179.06	172.00	173.50	1328232	232543440.00
2022/05/17	173.33	178.78	172.52	177.15	1430692	251657840.00
2022/05/18	179.00	188.88	178.27	184.18	2112104	390866528.00
2022/05/19	181.72	190.80	181.28	190.26	2067381	386037056.00
2022/05/20	192.00	193.39	188.52	190.53	1569545	299048800.00
2022/05/23	190.50	192.35	188.22	190.68	1539735	293408960.00
2022/05/24	103.48	103.61	94.20	94.49	4517825	445410368.00
2022/05/25	94.61	95.37	92.20	93.30	2537316	236930816.00
2022/05/26	93.66	93.98	89.53	91.78	2574919	236081824.00
2022/05/27	92.00	94.31	89.90	91.15	2625274	242176016.00
2022/05/30	91.15	93.99	91.03	92.88	1893884	175900416.00
2022/05/31	92.32	92.99	89.00	92.09	2868677	260380960.00
2022/06/01	91.30	93.98	90.56	92.80	2511317	230992400.00
2022/06/02	91.91	95.60	91.21	94.66	3322843	312457344.00
2022/06/06	94.59	99.55	93.69	98.15	3685787	358673632.00
2022/06/07	98.10	98.76	95.62	97.51	3239697	314390208.00
2022/06/08	97.55	99.40	93.50	95.65	3433858	331338752.00
2022/06/09	94.20	96.20	91.58	92.23	2779853	259858496.00
2022/06/10	92.00	98.60	91.66	98.47	4429781	428552960.00
2022/06/13	97.58	104.75	97.56	102.36	4487926	458144960.00
2022/06/14	100.00	101.72	98.30	100.68	3245318	324783680.00
2022/06/15	100.81	101.80	98.69	99.06	2796673	278989664.00
2022/06/16	99.59	101.68	98.25	99.00	3099576	309125184.00
2022/06/17	98.00	103.59	97.10	103.00	4549756	464841920.00
2022/06/20	103.70	104.51	101.47	101.51	3439968	353134496.00
2022/06/21	101.40	101.81	97.03	98.20	3353320	331793632.00
2022/06/22	98.20	99.62	96.61	97.31	2755063	270761440.00
2022/06/23	97.15	98.50	95.00	97.53	2802053	271011936.00
2022/06/24	97.19	98.40	95.90	96.19	3039409	294837792.00
2022/06/27	95.59	99.68	94.39	98.30	4417266	431527296.00
2022/06/28	98.08	98.21	95.21	97.23	3691815	357457632.00
2022/06/29	96.99	96.99	92.40	92.45	4143466	390980608.00
2022/06/30	92.50	93.99	92.26	92.48	2550251	237329280.00
2022/07/01	91.85	94.66	91.36	93.24	2591901	241456992.00
2022/07/04	92.11	94.44	90.40	92.96	3331926	308061504.00
2022/07/05	93.09	96.35	93.02	95.81	4782750	454229856.00
2022/07/06	94.57	94.77	91.83	92.52	3284882	305731264.00
2022/07/07	92.50	93.34	91.09	92.72	2362851	218430384.00
2022/07/08	93.20	94.25	91.90	92.03	2118333	196876416.00
2022/07/11	91.32	91.33	85.01	85.20	4717576	409015328.00
2022/07/12	85.61	86.50	84.63	85.36	1902303	162642400.00
2022/07/13	85.01	85.37	83.30	84.96	1721737	145445296.00
2022/07/14	84.50	87.18	84.10	85.96	2084273	179469744.00
2022/07/15	85.01	87.18	85.00	85.06	1875873	161385776.00
2022/07/18	84.66	87.03	84.65	86.35	1679203	144363184.00
2022/07/19	87.05	87.58	85.30	86.35	1821834	156873920.00
2022/07/20	86.46	87.34	86.17	86.68	1674907	145191568.00
2022/07/21	86.65	86.65	85.15	85.25	1675001	143689360.00
2022/07/22	85.62	88.90	85.50	88.90	3516451	306253280.00
2022/07/25	88.98	91.63	88.01	89.64	3131368	281644544.00
2022/07/26	89.02	89.02	86.80	88.57	1973997	173910192.00
2022/07/27	88.50	88.55	87.32	87.84	1324031	116300456.00
2022/07/28	87.99	88.50	87.43	88.39	1476716	129965528.00
2022/07/29	88.64	88.71	85.51	85.88	2131182	185199440.00
2022/08/01	85.51	91.00	85.50	89.99	3769541	335244512.00
2022/08/02	88.88	88.88	84.15	86.09	3227474	278577536.00
2022/08/03	86.09	87.98	85.52	85.77	2192086	190382624.00
2022/08/04	86.07	88.19	85.91	87.20	1832385	159373536.00
2022/08/05	86.93	88.27	86.09	88.18	1980625	173090448.00
2022/08/08	87.99	88.88	87.50	88.48	1669430	147104128.00
2022/08/09	88.43	100.20	88.01	95.51	6855495	649007168.00
2022/08/10	98.06	99.98	94.63	94.76	5940561	580168256.00
2022/08/11	96.14	97.92	93.50	95.85	4204281	403135840.00
2022/08/12	95.60	96.55	92.34	93.00	3543199	334525792.00
2022/08/15	92.30	107.78	92.16	104.41	9642583	964384896.00
2022/08/16	105.50	111.80	104.46	109.00	8993710	971022656.00
2022/08/17	108.80	110.24	105.10	105.85	4285362	456401312.00
2022/08/18	106.01	108.58	104.37	106.65	3587351	382383424.00
2022/08/19	107.48	114.58	105.50	110.29	5936613	656983040.00
2022/08/22	109.89	111.80	104.68	107.21	4305163	461164800.00
2022/08/23	106.45	107.21	103.85	105.88	2897344	305576832.00
2022/08/24	105.80	108.79	100.09	100.60	4574509	473853888.00
2022/08/25	101.26	102.76	97.60	101.58	3563570	355832192.00
2022/08/26	95.70	98.78	89.51	95.38	5526320	524463232.00
2022/08/29	93.88	95.88	92.88	93.35	2342161	220883472.00
2022/08/30	93.07	94.55	92.20	92.75	1572403	146464800.00
2022/08/31	92.75	93.80	89.37	89.88	2220733	202307920.00
2022/09/01	89.88	91.86	89.55	90.27	1290668	116971224.00
2022/09/02	90.30	91.24	89.39	89.72	1567030	141577056.00
2022/09/05	89.70	89.77	86.69	88.50	2375394	208650304.00
2022/09/06	88.05	90.80	88.02	90.58	1934357	173317424.00
2022/09/07	90.68	92.73	89.97	91.49	1899748	174247408.00
2022/09/08	91.03	91.54	89.37	89.38	1333460	120109440.00
2022/09/09	89.38	93.55	89.35	93.01	2547647	234968112.00
2022/09/13	92.31	98.30	92.31	97.03	3499980	335324128.00
2022/09/14	95.97	98.43	94.20	94.72	2372530	226505360.00
2022/09/15	94.69	95.27	91.15	91.56	2090174	193859600.00
2022/09/16	91.50	91.50	88.38	90.06	1243662	111814496.00
2022/09/19	88.01	92.10	86.98	91.97	2719158	243615856.00
2022/09/20	91.89	94.27	90.88	90.90	1964530	182048464.00
2022/09/21	90.01	90.75	88.76	89.75	1281092	114824744.00
2022/09/22	89.00	93.47	88.67	91.41	1829265	167316608.00
2022/09/23	90.97	92.73	88.87	89.09	1639078	148191312.00
2022/09/26	88.31	89.99	87.66	88.06	1218169	108016640.00
2022/09/27	88.07	88.76	80.33	83.94	3561152	298234912.00
2022/09/28	83.11	83.63	80.01	80.13	2893540	235378832.00
2022/09/29	81.01	82.97	80.50	81.98	2097939	171601008.00
2022/09/30	81.02	81.95	79.31	79.44	1278971	103248472.00
2022/10/10	79.44	80.60	78.25	78.40	1220429	96709016.00
2022/10/11	78.40	80.20	78.40	79.78	1126034	89623320.00
2022/10/12	79.75	82.78	79.26	82.59	1556870	126206992.00
2022/10/13	81.61	83.50	81.10	81.30	1151784	94750200.00
2022/10/14	82.53	84.94	82.01	83.49	1566824	131185896.00
2022/10/17	83.12	83.99	82.88	83.77	939827	78410240.00
2022/10/18	84.20	84.20	82.15	82.40	1280305	105815336.00
2022/10/19	82.38	83.28	80.87	80.88	1028685	84377424.00
2022/10/20	80.20	81.60	79.52	80.53	1016531	81766904.00
2022/10/21	81.06	82.24	79.25	79.60	1141772	92204080.00
2022/10/24	80.56	81.43	79.00	79.52	1117614	89666712.00
2022/10/25	79.52	80.35	77.20	79.41	1218658	96399768.00
2022/10/26	76.00	76.00	70.56	72.17	3994694	289938336.00
2022/10/27	71.28	72.55	71.00	71.53	1764841	126869624.00
2022/10/28	71.37	71.37	66.66	66.87	2355092	161008800.00
2022/10/31	66.51	67.98	66.10	67.37	1180421	79321928.00
2022/11/01	67.50	71.28	67.50	70.97	2418525	169307248.00
2022/11/02	70.30	72.29	70.26	72.20	1870894	133925920.00
2022/11/03	71.31	73.18	71.10	72.36	1335730	96554680.00
2022/11/04	72.56	75.25	72.55	74.85	2357693	175533536.00
2022/11/07	75.19	77.44	74.98	77.11	2759717	210273440.00
2022/11/08	76.29	77.85	75.02	76.21	1928489	147142528.00
2022/11/09	77.00	77.35	75.41	75.70	1040379	79111256.00
2022/11/10	73.99	75.39	73.87	73.99	1639464	122101944.00
2022/11/11	76.00	76.72	74.73	74.78	1453654	109846224.00
2022/11/14	75.10	75.50	72.71	72.80	1614862	119363432.00
2022/11/15	72.80	74.58	72.10	73.70	1738005	127959080.00
2022/11/16	73.50	73.90	72.01	72.25	1873142	136342384.00
2022/11/17	72.00	72.50	71.30	72.27	1164878	83774064.00
2022/11/18	72.21	73.86	71.71	72.40	1678572	122417288.00
2022/11/21	72.40	73.59	70.69	73.41	1222818	89051424.00
2022/11/22	73.66	75.50	72.93	73.17	1968761	145581776.00
2022/11/23	73.20	73.97	71.87	73.77	1272992	92949784.00
2022/11/24	74.01	75.27	73.40	74.96	1792785	133670536.00
2022/11/25	74.50	74.70	72.31	72.32	1654183	121199312.00
2022/11/28	71.00	74.60	70.80	73.93	1810793	132953144.00
2022/11/29	74.00	74.76	73.41	74.61	1111295	82519080.00
2022/11/30	74.10	76.23	74.10	75.27	1574769	118906824.00
2022/12/01	76.08	76.70	74.84	74.88	1645731	124460056.00
2022/12/02	74.80	75.78	74.72	75.18	785516	59053808.00
2022/12/05	75.30	76.22	74.61	76.15	1211538	91495488.00
2022/12/06	75.91	76.40	75.30	76.05	1103846	83717896.00
2022/12/07	75.93	77.84	75.53	76.79	1452015	111752456.00
2022/12/08	76.33	77.66	75.50	75.50	1555164	118880568.00
2022/12/09	75.29	78.88	75.13	78.20	3914164	303432384.00
2022/12/12	77.60	78.43	76.43	76.66	1792252	138603472.00
2022/12/13	76.00	76.54	75.00	75.08	1144889	86407544.00
2022/12/14	75.12	75.60	74.63	74.93	888743	66651204.00
2022/12/15	75.11	75.49	73.05	74.25	1167425	86169160.00
2022/12/16	73.68	74.29	71.91	71.92	1039558	75337288.00
2022/12/19	71.92	73.16	71.16	71.16	783993	56599876.00
2022/12/20	70.85	71.69	70.41	71.31	556513	39499436.00
2022/12/21	71.49	71.69	69.60	69.87	765153	53889140.00
2022/12/22	70.18	70.31	67.90	68.20	803769	55425676.00
2022/12/23	68.00	68.46	67.61	68.35	422455	28746010.00
2022/12/26	68.11	70.00	68.00	69.22	563377	39078908.00
2022/12/27	69.50	70.50	69.28	70.10	621548	43497172.00
2022/12/28	69.90	69.90	68.31	68.87	616859	42489932.00
2022/12/29	68.49	69.40	68.01	68.51	479268	32986902.00
2022/12/30	68.81	69.48	68.53	68.93	504783	34766060.00
2023/01/03	69.00	70.82	68.11	70.57	796809	55530400.00
2023/01/04	70.05	70.56	69.69	70.29	461890	32386782.00
2023/01/05	70.45	71.48	69.92	70.97	1081245	76567832.00
2023/01/06	70.48	71.48	70.25	70.70	898043	63686272.00
2023/01/09	70.90	71.97	70.60	70.65	1111670	79040320.00
2023/01/10	70.42	70.43	68.56	69.28	1844260	127596664.00
2023/01/11	69.29	69.30	67.99	68.01	1260278	86380288.00
2023/01/12	68.19	69.38	68.19	68.52	1073355	73876808.00
2023/01/13	68.90	69.08	68.08	68.50	650675	44582008.00
2023/01/16	68.11	69.23	68.11	68.90	1325810	91205592.00
2023/01/17	69.11	70.09	68.78	69.31	1245968	86406424.00
2023/01/18	69.44	69.88	68.88	69.08	1472186	101909080.00
2023/01/19	69.12	69.44	68.52	69.42	1056344	72771208.00
2023/01/20	68.50	70.05	68.01	69.99	2174621	150389216.00
2023/01/30	71.33	71.52	70.60	70.65	1924796	136779472.00
2023/01/31	70.45	71.08	70.22	71.08	1150646	81482008.00
2023/02/01	71.33	74.48	71.09	74.14	3129480	229369648.00
2023/02/02	73.50	73.88	73.03	73.10	1691102	123905296.00
2023/02/03	72.94	73.15	71.70	72.62	1436326	103984112.00
2023/02/06	72.35	72.35	71.11	71.21	1397719	99964272.00
2023/02/07	71.10	72.20	71.10	72.05	1111441	79680480.00
2023/02/08	72.18	73.15	71.50	72.60	1666263	120901576.00
2023/02/09	72.62	73.69	72.61	73.41	1801696	131852784.00
2023/02/10	73.32	73.32	71.40	71.70	1826173	131947968.00
2023/02/13	71.70	73.25	71.70	72.40	1366603	99191064.00
2023/02/14	72.42	73.58	72.14	73.55	2109273	154244656.00
2023/02/15	73.56	73.78	72.45	72.94	1329119	96848560.00
2023/02/16	72.80	73.18	70.88	71.25	1801785	130072968.00
2023/02/17	71.20	71.70	70.17	70.42	1202390	85193896.00
2023/02/20	70.42	71.00	69.42	70.94	896521	62951272.00
2023/02/21	71.17	75.44	70.96	73.70	2914748	213854544.00
2023/02/22	73.12	73.46	72.50	73.08	1283732	93753664.00
2023/02/23	73.08	73.60	72.50	73.26	1021594	74575000.00
2023/02/24	73.25	73.27	72.38	72.79	822909	59866024.00
2023/02/27	72.50	72.50	71.38	71.48	857715	61680192.00
2023/02/28	71.61	72.22	71.02	71.99	683245	48923360.00
2023/03/01	72.01	72.26	71.60	72.12	721672	51951400.00
2023/03/02	72.15	72.15	70.60	70.61	1202994	85722992.00
2023/03/03	70.58	71.29	69.80	70.00	1180622	82866344.00
2023/03/06	70.00	70.29	68.80	68.89	1831051	126847272.00
2023/03/07	68.83	69.21	67.85	67.85	1353165	92739664.00
2023/03/08	67.76	68.32	67.39	67.91	1202524	81530160.00
2023/03/09	68.00	68.30	67.44	67.50	1632766	110681792.00
2023/03/10	67.31	67.31	64.71	65.10	3071640	201766640.00
2023/03/13	65.26	65.26	62.62	62.80	2503432	158465744.00
2023/03/14	62.80	63.30	61.13	62.56	2149725	133843168.00
2023/03/15	62.60	63.13	61.80	61.91	1974269	123132792.00
2023/03/16	61.04	61.52	60.23	60.39	1902382	115864608.00
2023/03/17	60.84	61.86	60.51	61.22	1601429	98344656.00
2023/03/20	61.02	62.48	61.01	62.25	1499295	92961072.00
2023/03/21	62.05	63.18	62.05	63.09	1486332	93436472.00
2023/03/22	63.21	63.63	62.50	62.85	1143432	72002840.00
2023/03/23	62.65	62.81	61.92	62.50	1095636	68332392.00
2023/03/24	62.51	62.96	62.36	62.57	957839	60044444.00
2023/03/27	62.18	62.18	61.29	61.58	1249421	76967176.00
2023/03/28	61.52	61.79	60.95	61.00	958906	58782016.00
2023/03/29	61.24	61.71	60.48	60.52	1239899	75539880.00
2023/03/30	60.65	60.65	59.38	59.83	1505287	89978528.00
2023/03/31	59.84	60.43	59.83	59.90	1125396	67582624.00
2023/04/03	59.80	61.09	59.70	60.82	1479837	89579688.00
2023/04/04	60.78	60.78	59.32	59.46	1822108	108914920.00
2023/04/06	59.45	59.58	58.38	58.91	1740357	102169752.00
2023/04/07	58.91	59.51	58.80	59.43	1210430	71718056.00
2023/04/10	59.38	60.17	59.21	59.88	1348671	80617952.00
2023/04/11	59.70	61.25	58.94	61.25	2370011	143001648.00
2023/04/12	61.18	61.43	60.07	60.28	1745393	105546312.00
2023/04/13	60.21	60.28	59.37	59.39	1245795	74373256.00
2023/04/14	59.28	61.89	59.27	61.38	3551750	216790672.00
2023/04/17	61.10	61.24	60.49	60.76	2292928	139265312.00
2023/04/18	60.64	61.65	60.30	60.50	1931744	117653784.00
2023/04/19	60.50	60.69	59.39	59.45	2009733	120060872.00
2023/04/20	59.11	59.69	57.06	57.07	2809769	162392064.00
2023/04/21	56.80	57.60	55.69	55.70	1666713	94469264.00
2023/04/24	55.60	55.66	52.21	52.49	3108719	165677840.00
2023/04/25	52.49	52.86	49.63	50.00	2930050	148266272.00
2023/04/26	49.89	52.30	49.50	51.32	2506931	128103184.00
2023/04/27	50.90	51.87	50.61	50.99	1682789	86127136.00
2023/04/28	51.29	52.45	51.20	52.12	1740967	90187840.00
2023/05/05	51.66	51.66	51.66	51.66	0	0.00
数据来源:通达信
