300565 科信技术 日线 不复权
      日期	    开盘	    最高	    最低	    收盘	    成交量	    成交额
2016/11/22	10.54	12.64	10.54	12.64	11803	147469.92
2016/11/23	13.90	13.90	13.90	13.90	6400	88960.00
2016/11/24	15.29	15.29	15.29	15.29	6682	102167.78
2016/11/25	16.82	16.82	16.82	16.82	6582	110709.24
2016/11/28	18.50	18.50	18.50	18.50	4048	74888.00
2016/11/29	20.35	20.35	20.35	20.35	3900	79365.00
2016/11/30	22.39	22.39	22.39	22.39	8071	180709.69
2016/12/01	24.63	24.63	24.63	24.63	5500	135465.00
2016/12/02	27.09	27.09	27.09	27.09	17300	468657.00
2016/12/05	29.80	29.80	29.80	29.80	53299	1588310.25
2016/12/06	32.78	32.78	32.78	32.78	26100	855558.00
2016/12/07	36.06	36.06	36.06	36.06	19930	718675.81
2016/12/08	39.67	39.67	39.67	39.67	28324	1123613.13
2016/12/09	43.64	43.64	43.64	43.64	45548	1987714.75
2016/12/12	48.00	48.00	46.50	47.50	3150955	150365760.00
2016/12/13	45.00	51.35	42.75	47.84	20771124	957536512.00
2016/12/14	45.78	46.68	43.10	43.14	14272936	645214464.00
2016/12/15	41.00	43.75	41.00	42.03	9206238	388618560.00
2016/12/16	41.73	43.31	41.01	41.68	7819824	328722720.00
2016/12/19	41.36	41.79	39.31	39.31	6536749	262206944.00
2016/12/20	39.31	40.54	39.30	39.56	4765556	189640752.00
2016/12/21	39.65	40.10	38.11	40.10	7136515	279827872.00
2016/12/22	39.60	40.76	39.15	39.71	5421129	216611040.00
2016/12/23	39.16	39.58	37.37	37.37	5415609	208001728.00
2016/12/26	36.96	41.11	36.30	41.11	5497165	214349280.00
2016/12/27	41.60	43.80	41.01	41.67	11622368	489891776.00
2016/12/28	40.85	41.67	39.79	40.81	6534184	265596400.00
2016/12/29	40.40	41.80	40.06	40.16	6326700	259540896.00
2016/12/30	39.60	40.02	38.32	39.68	5960054	234249968.00
2017/01/03	39.79	40.70	38.89	40.60	6312872	252090976.00
2017/01/04	40.38	40.38	39.55	39.86	4786664	190916832.00
2017/01/05	39.50	40.18	38.33	38.35	4789663	187744864.00
2017/01/06	37.99	38.28	36.50	36.55	4782571	177665856.00
2017/01/09	36.00	36.68	35.51	36.18	3054415	110047736.00
2017/01/10	35.90	36.50	34.80	34.89	3339612	119469400.00
2017/01/11	34.91	35.16	33.02	33.15	3929116	133744600.00
2017/01/12	33.15	33.70	32.05	32.33	3249682	106927688.00
2017/01/13	32.65	32.78	31.36	31.71	2660457	84980048.00
2017/01/16	31.45	31.80	29.10	30.19	3839309	118233520.00
2017/01/17	30.19	32.00	29.00	31.63	4528750	139110064.00
2017/01/18	31.21	31.26	30.32	30.39	2603875	80151024.00
2017/01/19	30.09	31.50	29.58	30.66	2922530	89791536.00
2017/01/20	30.40	31.88	30.21	31.35	3388197	106535864.00
2017/01/23	31.10	31.98	31.10	31.48	2631493	83056152.00
2017/01/24	31.52	31.56	30.15	30.16	2566124	78792664.00
2017/01/25	29.96	30.68	29.83	30.52	1564008	47646324.00
2017/01/26	30.70	31.45	30.45	31.32	2441331	75551224.00
2017/02/03	31.27	31.46	30.68	30.90	1436140	44499060.00
2017/02/06	30.92	32.60	30.92	32.44	4225971	135268800.00
2017/02/07	32.21	32.50	31.77	32.10	2785437	89433128.00
2017/02/08	32.12	34.76	31.86	33.90	5657720	189457232.00
2017/02/09	33.61	34.28	33.42	33.81	3291991	111307296.00
2017/02/10	33.66	33.94	32.60	32.60	3235424	107507568.00
2017/02/13	32.59	33.69	32.30	33.54	2729101	90856880.00
2017/02/14	33.47	34.56	33.46	33.68	3854470	131124208.00
2017/02/15	33.68	34.99	33.12	34.21	5002964	171891344.00
2017/02/16	34.00	34.00	33.21	33.69	2876103	96679280.00
2017/02/17	33.50	34.76	33.40	33.58	3532399	120289624.00
2017/02/20	33.60	33.99	31.24	32.03	3596881	116073656.00
2017/02/21	32.29	32.60	31.72	32.58	1920721	62133284.00
2017/02/22	32.55	32.75	31.88	32.22	1988989	64086416.00
2017/02/23	32.25	32.87	32.06	32.78	2448526	79704352.00
2017/02/24	32.85	34.36	32.61	33.97	4702415	158526112.00
2017/02/27	33.81	37.37	33.44	36.22	11150117	403688352.00
2017/02/28	35.55	36.18	34.81	36.15	6546803	232528816.00
2017/03/01	35.74	36.39	34.97	35.00	4748828	169279120.00
2017/03/02	34.75	35.90	34.75	35.18	3501171	123846280.00
2017/03/03	34.93	34.98	34.10	34.80	3109431	107474488.00
2017/03/06	34.80	36.11	34.59	36.11	4041897	143536688.00
2017/03/07	36.18	36.81	35.72	36.81	5856497	213206976.00
2017/03/08	36.56	37.96	36.51	37.38	7735724	288890784.00
2017/03/09	37.06	37.15	35.85	36.47	4618009	168169456.00
2017/03/10	36.50	36.93	36.02	36.61	3370551	123216008.00
2017/03/13	36.42	36.66	35.33	36.60	4692075	168587296.00
2017/03/14	36.35	37.06	36.00	36.26	4943021	180212512.00
2017/03/15	36.20	36.88	35.58	36.72	4268179	155012000.00
2017/03/16	36.62	38.30	36.62	37.83	7733621	291432928.00
2017/03/17	37.80	37.88	36.05	36.10	6766121	250931568.00
2017/03/20	36.00	36.97	35.80	36.94	3175759	116044568.00
2017/03/21	36.90	37.66	36.71	37.58	4299099	160489184.00
2017/03/22	37.24	38.28	37.06	38.00	6717116	254187040.00
2017/03/23	37.75	38.27	36.48	38.02	6568597	246796144.00
2017/03/24	37.91	39.20	37.76	38.80	7859444	302786016.00
2017/03/27	38.67	38.78	37.60	38.08	4401314	167589792.00
2017/03/28	38.00	38.00	36.85	36.92	3496578	130643624.00
2017/03/29	36.90	36.90	33.66	33.70	5966466	208630656.00
2017/03/30	33.01	33.45	31.58	32.07	3766526	122409888.00
2017/03/31	32.13	32.88	31.68	32.18	2176469	70431448.00
2017/04/05	31.99	33.15	31.99	32.89	1784285	58335796.00
2017/04/06	33.05	33.50	32.84	33.05	1727778	57328396.00
2017/04/07	32.98	33.33	32.41	32.64	1466144	48020280.00
2017/04/10	30.50	31.79	29.38	29.38	4420356	132222376.00
2017/04/11	29.00	29.67	28.22	29.60	3062614	88917008.00
2017/04/12	29.48	29.48	28.32	28.33	2093203	60272792.00
2017/04/13	28.33	29.11	28.26	28.54	1327332	38132836.00
2017/04/14	28.33	28.84	27.70	27.75	1517896	42709764.00
2017/04/17	26.95	26.95	25.71	25.99	2024806	53036980.00
2017/04/18	26.15	26.44	25.70	25.78	1133800	29576812.00
2017/04/19	25.71	26.55	25.48	26.48	1661928	43479300.00
2017/04/20	26.37	26.68	25.57	26.05	1614948	42150764.00
2017/04/21	26.08	26.35	25.65	25.77	1098796	28560716.00
2017/04/24	25.77	25.85	24.13	24.31	1432638	35290960.00
2017/04/25	24.58	24.94	24.41	24.63	1111082	27441806.00
2017/04/26	24.49	25.38	24.49	24.82	1133478	28210698.00
2017/04/27	24.77	25.66	23.61	25.50	2654836	65646368.00
2017/04/28	25.25	25.69	25.17	25.64	1514106	38617620.00
2017/05/02	25.80	25.80	25.33	25.50	1031580	26275166.00
2017/05/03	25.50	25.75	25.07	25.54	1345144	34163340.00
2017/05/04	25.49	25.62	25.00	25.14	1131892	28674408.00
2017/05/05	24.99	25.28	24.70	24.70	1185582	29649360.00
2017/05/08	24.59	24.85	23.72	23.78	1068830	26094718.00
2017/05/09	23.85	26.16	23.85	26.16	4243722	108453152.00
2017/05/10	26.90	27.88	26.20	26.33	7660557	207414016.00
2017/05/11	26.10	27.75	25.02	27.50	5135726	134348272.00
2017/05/12	27.14	27.27	26.42	26.70	3688602	98957936.00
2017/05/15	26.53	26.80	26.03	26.17	2144200	56409364.00
2017/05/16	26.20	27.48	26.04	27.36	3549888	94992632.00
2017/05/17	27.34	27.57	26.82	26.83	3466193	94118032.00
2017/05/18	26.31	27.46	26.15	27.39	2970623	80277056.00
2017/05/19	27.08	27.48	26.80	26.81	2193293	59346504.00
2017/05/22	26.10	26.77	24.17	24.31	3243184	81615832.00
2017/05/23	24.03	24.44	22.10	22.28	2713275	63110240.00
2017/05/24	22.05	22.85	21.88	22.60	1417193	31840880.00
2017/05/25	22.59	22.88	22.01	22.73	1591278	35731024.00
2017/05/26	22.80	23.43	22.57	22.91	1340849	30785134.00
2017/05/31	23.70	23.90	22.22	22.50	1866145	43549032.00
2017/06/01	22.50	23.09	20.88	20.95	2072827	45140128.00
2017/06/02	20.95	22.00	20.61	21.75	1472296	31557162.00
2017/06/05	22.01	22.44	21.72	22.08	1169748	25890482.00
2017/06/06	21.84	22.29	21.75	22.24	1058082	23350354.00
2017/06/07	22.20	23.21	22.00	23.10	1931682	44137036.00
2017/06/08	23.04	23.50	22.72	22.96	1808777	41839628.00
2017/06/09	22.96	23.50	22.61	23.34	1580020	36476704.00
2017/06/12	23.12	23.12	22.26	22.26	1346600	30546328.00
2017/06/13	22.38	23.20	22.38	22.98	1410700	32402090.00
2017/06/14	22.98	23.39	22.80	22.89	1239000	28538248.00
2017/06/15	22.90	24.16	22.90	23.85	3052830	72290592.00
2017/06/16	23.60	23.88	23.16	23.23	1606900	37506984.00
2017/06/19	23.35	23.50	23.10	23.41	869849	20278188.00
2017/06/20	23.64	23.67	23.11	23.19	1069800	25000722.00
2017/06/21	23.25	23.44	22.31	22.77	1398860	31989772.00
2017/06/22	22.61	23.10	22.04	22.05	1208395	27287694.00
2017/06/23	22.48	22.48	21.78	22.27	1014819	22394932.00
2017/06/26	22.15	22.66	22.13	22.60	930756	20876666.00
2017/06/27	22.88	22.90	22.44	22.46	843196	19121814.00
2017/06/28	22.35	22.38	21.77	22.04	1071412	23603438.00
2017/06/29	22.29	22.50	22.12	22.12	735983	16363940.00
2017/06/30	22.08	22.51	22.01	22.40	1071565	23915606.00
2017/07/03	22.55	22.70	22.30	22.65	1016169	22916524.00
2017/07/04	22.68	22.70	22.43	22.54	592466	13366298.00
2017/07/05	22.64	23.15	22.46	23.11	1863369	42687964.00
2017/07/06	23.00	23.35	22.78	23.10	1444499	33272462.00
2017/07/07	23.17	23.67	22.91	23.49	2095874	49129228.00
2017/07/10	23.19	23.29	22.80	22.86	1550064	35577344.00
2017/07/11	22.96	23.03	22.32	22.32	931286	21118806.00
2017/07/12	22.30	22.39	21.54	22.26	1207686	26584542.00
2017/07/13	22.10	22.30	21.78	21.89	878200	19249640.00
2017/07/14	21.75	21.83	21.26	21.37	1010978	21742442.00
2017/07/17	21.30	21.35	19.23	19.23	1842714	36624540.00
2017/07/18	19.11	19.28	18.43	19.02	1315300	24797288.00
2017/07/19	19.00	19.14	18.90	19.10	1007287	19171158.00
2017/07/20	19.15	19.63	19.00	19.00	1009120	19503822.00
2017/07/21	18.80	19.18	18.62	18.65	755982	14250058.00
2017/07/24	18.66	18.98	18.49	18.96	906100	16955446.00
2017/07/25	18.99	19.26	18.85	19.25	897854	17088676.00
2017/07/26	19.24	19.25	18.71	18.91	641534	12170225.00
2017/07/27	18.81	19.65	18.80	19.54	1553592	30106630.00
2017/07/28	19.39	19.61	19.04	19.06	858748	16582154.00
2017/07/31	19.06	19.33	19.00	19.09	547928	10494112.00
2017/08/01	19.20	19.30	19.01	19.20	659341	12593603.00
2017/08/02	19.08	19.23	18.65	18.67	816782	15421950.00
2017/08/03	18.70	19.35	18.70	19.18	1057099	20193210.00
2017/08/04	19.02	19.19	18.81	18.90	791748	15035634.00
2017/08/07	19.12	19.36	18.91	19.26	720783	13846379.00
2017/08/08	19.22	19.25	18.86	19.20	785856	14999048.00
2017/08/09	19.25	19.28	19.01	19.25	743485	14268444.00
2017/08/10	19.09	19.33	18.65	18.82	781400	14814374.00
2017/08/11	18.58	18.90	18.50	18.59	765632	14285667.00
2017/08/14	18.74	19.97	18.60	19.41	1607071	30982012.00
2017/08/15	19.50	19.50	19.20	19.35	941844	18174778.00
2017/08/16	19.39	20.18	19.16	19.90	2359643	46660200.00
2017/08/17	19.80	20.24	19.72	20.00	1614044	32228504.00
2017/08/18	19.90	19.94	19.68	19.70	905222	17891582.00
2017/08/21	19.70	20.15	19.70	20.09	1107800	22136212.00
2017/08/22	20.16	20.36	19.72	19.80	1213898	24334268.00
2017/08/23	19.80	20.66	19.47	20.50	2436658	49123896.00
2017/08/24	21.01	21.10	20.12	20.28	3393032	70167528.00
2017/08/25	19.93	22.31	19.80	22.31	3633817	79030296.00
2017/08/28	23.30	23.35	22.32	22.88	6623929	151732640.00
2017/08/29	22.31	24.50	22.20	23.59	7040608	166205024.00
2017/08/30	23.11	23.45	22.65	23.18	3518199	81013776.00
2017/08/31	22.82	23.96	22.82	23.62	3361256	79182112.00
2017/09/01	23.63	23.73	23.01	23.20	2606399	60564972.00
2017/09/04	23.14	23.99	23.01	23.83	3272007	77488000.00
2017/09/05	23.60	24.17	23.42	24.05	2739891	65242528.00
2017/09/06	23.90	23.90	23.11	23.60	2190453	51398192.00
2017/09/07	23.68	24.05	23.11	23.11	2930400	69174984.00
2017/09/08	23.00	23.33	22.51	22.73	2256975	51433572.00
2017/09/11	22.98	23.18	22.78	23.11	3011067	69323464.00
2017/09/12	23.12	23.19	22.39	22.57	2345113	53335940.00
2017/09/13	22.43	22.76	22.39	22.73	1174518	26540488.00
2017/09/14	22.74	22.99	22.52	22.70	1215869	27690460.00
2017/09/15	22.56	22.98	22.56	22.68	1121720	25602600.00
2017/09/18	22.67	22.67	21.93	22.40	1389982	30979792.00
2017/09/19	22.33	24.28	22.33	23.80	4950871	116045880.00
2017/09/20	23.60	25.30	23.40	25.25	8315248	204852832.00
2017/09/21	24.90	25.18	24.30	24.34	5073734	125354648.00
2017/09/22	24.43	26.77	24.40	26.77	10728533	279451200.00
2017/09/25	26.80	28.38	26.07	26.28	11462187	310419392.00
2017/09/26	25.98	26.00	24.41	25.10	7580975	189958592.00
2017/09/27	25.17	27.61	25.00	27.61	8596891	228611584.00
2017/09/28	27.07	30.36	27.06	28.74	14103214	403839328.00
2017/09/29	28.56	30.95	27.78	29.61	11941338	350553216.00
2017/10/09	29.97	30.85	28.72	28.75	9970511	296018784.00
2017/10/10	28.96	29.44	28.26	28.75	6600357	190460976.00
2017/10/11	28.24	28.60	26.40	26.70	7135987	196460128.00
2017/10/12	26.96	29.37	26.96	29.37	6288674	180751312.00
2017/10/13	30.80	31.80	29.88	30.90	16913867	520402144.00
2017/10/16	29.29	29.50	27.81	27.81	10448071	296012864.00
2017/10/17	27.07	28.47	26.87	26.87	7001948	192760272.00
2017/10/18	27.13	28.57	26.70	27.49	7430948	205912816.00
2017/10/19	27.02	27.36	25.60	26.22	5415748	142193056.00
2017/10/20	25.93	26.49	25.72	26.15	3459844	90090488.00
2017/10/23	26.18	26.25	25.52	26.03	3226486	83575120.00
2017/10/24	25.80	25.95	24.17	24.88	4887013	121994448.00
2017/10/25	24.80	25.17	24.75	25.04	2593019	64803284.00
2017/10/26	25.11	26.40	25.04	25.68	5314240	137131008.00
2017/10/27	25.50	26.20	25.10	25.31	2866665	73421072.00
2017/10/30	25.49	25.65	23.51	23.85	2936181	71043920.00
2017/10/31	23.90	24.94	23.80	24.80	2644723	65008708.00
2017/11/01	24.78	25.68	24.20	25.28	3773100	94780656.00
2017/11/02	25.28	25.40	24.51	25.21	2616407	65451068.00
2017/11/03	25.45	25.99	24.91	25.65	3583108	91413944.00
2017/11/06	25.55	26.30	25.32	26.23	3830208	99475616.00
2017/11/07	26.15	26.15	25.09	25.63	3525713	89814744.00
2017/11/08	25.70	25.80	24.81	24.91	3193108	81109424.00
2017/11/09	24.79	25.18	24.57	24.98	2055300	51192800.00
2017/11/10	24.80	27.43	24.70	26.80	7633183	201381968.00
2017/11/13	26.51	27.45	26.12	27.10	6676188	178911152.00
2017/11/14	27.00	27.38	26.57	26.81	4827229	130572272.00
2017/11/15	26.81	28.07	26.78	28.01	7611991	210668032.00
2017/11/16	27.80	27.80	26.31	26.98	4782057	129294024.00
2017/11/17	26.20	26.20	24.28	24.28	5110857	126398728.00
2017/11/20	23.20	24.15	21.90	23.80	3757660	85512824.00
2017/11/21	23.38	25.02	22.94	23.94	3438048	83238600.00
2017/11/22	23.01	23.95	23.01	23.35	2890847	67731312.00
2017/11/23	23.25	23.73	22.08	22.08	2457648	56255180.00
2017/11/24	21.19	22.00	20.80	20.80	2829763	60534388.00
2017/11/27	20.99	20.99	19.69	20.01	2250689	45320404.00
2017/11/28	19.93	20.56	19.71	20.40	1365742	27798894.00
2017/11/29	20.30	20.50	19.71	20.35	1539800	31013374.00
2017/11/30	20.28	20.84	20.22	20.69	1527248	31500804.00
2017/12/01	20.54	21.49	20.45	21.12	1681083	35412372.00
2017/12/04	20.94	20.94	20.05	20.10	1585251	32488640.00
2017/12/05	19.80	20.55	19.29	19.36	1262400	25055304.00
2017/12/06	19.25	20.26	19.25	20.20	1404698	27913916.00
2017/12/07	20.28	21.08	20.15	20.90	2258429	46780896.00
2017/12/08	20.60	21.90	20.48	21.34	3211058	68742504.00
2017/12/11	21.15	21.78	20.89	21.39	1783148	37896204.00
2017/12/12	21.10	21.38	20.70	20.71	1574209	32957804.00
2017/12/13	20.60	22.26	20.51	21.48	2203900	47408404.00
2017/12/14	21.30	21.67	21.09	21.29	1844927	39373128.00
2017/12/15	21.23	22.08	21.20	21.89	3960092	86100432.00
2017/12/18	21.79	21.79	20.96	20.99	2352418	50038668.00
2017/12/19	20.96	21.50	20.90	21.50	2708048	57351908.00
2017/12/20	21.35	21.35	20.40	20.53	2777649	57845232.00
2017/12/21	20.34	22.58	20.16	22.58	5373266	117138856.00
2017/12/22	23.06	23.38	22.51	22.82	8922049	204308720.00
2017/12/25	22.36	22.72	21.94	22.31	4534869	101185240.00
2017/12/26	22.35	22.88	21.96	22.66	5335517	120842824.00
2017/12/27	22.11	22.55	21.55	22.37	4836600	106843528.00
2017/12/28	22.20	22.67	21.85	22.00	3683686	82007576.00
2017/12/29	21.87	22.35	21.83	22.04	2118000	46787700.00
2018/01/02	22.35	22.35	21.86	22.12	1655248	36517008.00
2018/01/03	22.18	22.75	21.65	22.48	3914094	87089920.00
2018/01/04	22.39	22.39	21.92	22.14	2102116	46461972.00
2018/01/05	22.14	22.30	21.98	22.07	1834699	40573368.00
2018/01/08	22.08	22.19	21.37	21.79	2469048	53274256.00
2018/01/09	21.63	22.00	21.45	21.86	1805092	39252124.00
2018/01/10	21.90	21.90	21.02	21.30	2096196	44771004.00
2018/01/11	21.33	22.05	21.10	21.75	2422295	52715032.00
2018/01/12	21.48	21.66	20.62	20.90	2182996	46303220.00
2018/01/15	20.70	20.72	19.76	19.85	2120748	42855340.00
2018/01/16	19.75	20.21	19.75	20.14	1109196	22261018.00
2018/01/17	20.21	20.72	20.06	20.48	1585579	32409686.00
2018/01/18	20.30	20.56	20.11	20.22	912096	18494218.00
2018/01/19	20.25	20.68	20.15	20.20	1110879	22677822.00
2018/01/22	20.30	20.60	19.66	20.25	1371898	27635422.00
2018/01/23	20.27	20.59	20.13	20.31	904579	18399672.00
2018/01/24	20.42	20.76	20.05	20.73	1821998	37399252.00
2018/01/25	20.70	20.98	20.38	20.38	1590444	32852628.00
2018/01/26	20.28	20.54	20.07	20.12	890539	18044524.00
2018/01/29	20.03	20.19	19.50	19.70	1301518	25702006.00
2018/01/30	19.70	19.78	19.50	19.70	635376	12460851.00
2018/01/31	19.78	19.78	18.51	18.66	1428548	27022520.00
2018/02/01	18.70	18.87	17.62	17.95	983700	17981754.00
2018/02/02	17.80	17.87	17.00	17.29	1232900	21450436.00
2018/02/05	17.01	17.56	17.01	17.30	679596	11793021.00
2018/02/06	16.90	17.12	15.63	15.73	1273369	20806422.00
2018/02/07	16.11	16.39	15.18	15.92	781447	12459709.00
2018/02/08	15.96	16.96	15.92	16.94	1322941	22151520.00
2018/02/09	16.08	16.88	16.08	16.44	1122010	18508560.00
2018/02/12	16.44	16.98	16.44	16.80	708142	11909423.00
2018/02/13	17.01	17.01	16.41	16.51	659600	11025102.00
2018/02/14	16.75	16.77	16.51	16.66	396459	6612535.50
2018/02/22	16.88	17.40	16.73	17.12	550363	9431977.00
2018/02/23	17.00	17.27	16.83	16.98	553548	9430764.00
2018/02/26	17.28	17.79	17.15	17.63	1356448	23792170.00
2018/02/27	17.79	18.20	17.52	17.89	1529346	27360286.00
2018/02/28	17.65	18.10	17.50	17.72	914600	16228972.00
2018/03/01	17.61	18.26	17.56	18.08	1487598	26794960.00
2018/03/02	17.98	18.80	17.85	17.90	1809463	33191006.00
2018/03/05	17.82	18.10	17.76	18.05	892248	16018464.00
2018/03/06	18.27	18.69	18.11	18.23	1638400	30174476.00
2018/03/07	18.20	18.98	18.14	18.77	2759011	51449496.00
2018/03/08	18.58	19.15	18.55	19.15	2434700	45889364.00
2018/03/09	19.02	20.66	19.02	19.88	4941743	97947024.00
2018/03/12	19.90	20.42	19.55	19.89	3979900	79173672.00
2018/03/13	19.85	19.85	19.21	19.24	2525900	49035340.00
2018/03/14	19.11	19.36	18.90	18.95	1267700	24246754.00
2018/03/15	18.80	19.00	18.02	18.66	1737440	32042944.00
2018/03/16	18.53	18.84	18.48	18.48	832748	15545521.00
2018/03/19	18.50	18.96	18.31	18.65	973900	18278444.00
2018/03/20	18.60	18.95	18.38	18.89	1204600	22559562.00
2018/03/21	18.95	19.58	18.11	18.78	1786010	34402916.00
2018/03/22	18.77	19.03	18.50	18.90	1337710	25068114.00
2018/03/23	18.40	18.47	17.01	17.20	1967063	34880496.00
2018/03/26	16.80	17.68	16.57	17.62	1146163	19846578.00
2018/03/27	18.00	18.63	17.67	18.35	1595863	29220590.00
2018/03/28	18.02	19.46	18.01	18.61	2432500	45747924.00
2018/03/29	18.63	19.25	18.63	18.79	1863431	35267824.00
2018/03/30	18.90	20.67	18.90	20.67	5103093	102420728.00
2018/04/02	21.67	22.20	20.63	20.78	9149486	196312496.00
2018/04/03	20.07	20.67	20.00	20.33	4444975	90009296.00
2018/04/04	20.51	21.16	20.06	20.31	3767648	77974480.00
2018/04/09	19.79	20.94	19.66	20.56	2995200	61357188.00
2018/04/10	20.39	20.70	19.55	19.95	3068608	61289788.00
2018/04/11	19.85	21.09	19.82	20.80	3882810	79977400.00
2018/04/12	20.75	21.65	20.50	20.96	4267306	89530128.00
2018/04/13	21.58	21.58	20.16	20.25	2874648	59528516.00
2018/04/16	20.02	20.68	20.00	20.56	1864260	37978892.00
2018/04/17	20.90	21.45	19.87	19.90	2707148	55998280.00
2018/04/18	20.12	20.35	18.61	20.15	3638894	70970104.00
2018/04/19	20.01	20.45	19.75	19.99	2214542	44429220.00
2018/04/20	19.80	20.09	18.66	18.77	2278706	44144832.00
2018/04/23	18.99	20.65	18.70	20.65	7759929	157910288.00
2018/04/24	20.77	22.72	20.65	22.72	13154327	286264416.00
2018/04/25	22.21	24.99	22.21	24.99	10237847	245955296.00
2018/04/26	25.45	26.20	23.40	23.48	16126290	396104640.00
2018/04/27	23.40	23.68	22.29	22.96	9976618	228809168.00
2018/05/02	22.98	24.89	22.51	24.26	12715836	304115040.00
2018/05/03	23.29	23.72	21.83	23.59	9700969	220079872.00
2018/05/04	23.11	23.44	22.44	22.81	6164474	141223552.00
2018/05/07	22.70	24.26	22.70	23.90	7778062	183767728.00
2018/05/08	23.50	23.85	23.00	23.71	6080757	142466208.00
2018/05/09	23.51	23.71	22.71	23.13	4514192	104228560.00
2018/05/10	23.15	23.35	22.82	23.00	3332100	76839360.00
2018/05/11	22.99	23.10	22.21	22.42	3533199	79591544.00
2018/05/14	22.42	23.49	22.42	22.85	4975845	114825240.00
2018/05/15	22.54	22.81	21.93	22.79	3584105	79957288.00
2018/05/16	22.60	22.78	22.25	22.44	2192308	49276352.00
2018/05/17	22.43	23.43	22.31	23.38	4654407	107048616.00
2018/05/18	23.30	23.30	22.69	23.05	3481305	80075352.00
2018/05/21	23.18	24.37	23.15	24.03	6430200	153486304.00
2018/05/22	24.00	25.78	23.35	24.20	7991148	195109632.00
2018/05/23	23.91	23.96	22.82	22.93	5186908	122006888.00
2018/05/24	22.93	22.98	22.50	22.61	3082300	69950504.00
2018/05/25	22.52	22.97	22.35	22.90	2482900	56403700.00
2018/05/28	23.45	25.19	23.45	25.19	6008847	149280768.00
2018/05/29	26.20	27.71	26.00	27.71	23189225	631016064.00
2018/05/30	26.15	27.42	24.94	24.94	15640717	404273536.00
2018/05/31	24.79	25.96	23.82	25.91	12225142	305399680.00
2018/06/01	25.31	25.49	23.32	23.33	9902791	239417984.00
2018/06/04	18.10	18.88	17.33	18.40	9157346	166688640.00
2018/06/05	18.20	19.27	18.12	19.03	12105646	226655824.00
2018/06/06	19.20	19.31	18.25	18.72	9910060	185332368.00
2018/06/07	18.96	18.97	17.50	17.63	8471036	153599184.00
2018/06/08	17.63	19.39	17.63	19.39	8208486	155872784.00
2018/06/11	19.65	20.34	19.01	19.80	20463043	403470752.00
2018/06/12	19.75	19.80	18.12	19.15	12124800	231140384.00
2018/06/13	18.76	19.55	18.21	19.55	11637291	222724944.00
2018/06/14	19.06	20.20	18.38	19.84	14186311	276794656.00
2018/06/15	19.55	19.77	18.63	18.74	8901745	170904336.00
2018/06/19	17.70	17.74	16.87	16.87	6033980	103818680.00
2018/06/20	15.24	16.95	15.24	16.25	8099361	129756040.00
2018/06/21	16.00	16.47	14.66	14.68	6907890	107167264.00
2018/06/22	14.80	15.63	14.74	15.15	5400689	82274864.00
2018/06/25	15.39	15.58	14.99	15.24	4393700	67205544.00
2018/06/26	14.95	15.77	14.58	15.68	5443180	83708264.00
2018/06/27	15.68	15.87	15.38	15.45	4137980	64511728.00
2018/06/28	15.80	16.09	15.33	15.41	5003159	78579296.00
2018/06/29	15.30	16.00	15.20	15.91	5822752	91615008.00
2018/07/02	15.90	16.30	15.33	15.52	4870443	77070480.00
2018/07/03	15.50	16.69	15.33	16.42	7430498	119324368.00
2018/07/04	16.15	16.90	15.91	16.35	8879086	145669488.00
2018/07/05	16.02	16.15	14.78	14.81	6442531	99563328.00
2018/07/06	15.02	15.44	14.41	14.90	4817988	72356344.00
2018/07/09	15.09	15.38	15.06	15.32	3072930	46858456.00
2018/07/10	15.42	16.20	15.33	15.90	4840424	76681440.00
2018/07/11	15.54	15.60	14.81	15.20	4587082	69827904.00
2018/07/12	15.76	16.20	15.54	15.63	6075057	95673464.00
2018/07/13	15.68	15.75	15.31	15.36	3819189	59187996.00
2018/07/16	15.38	16.48	15.38	16.03	7417381	118920304.00
2018/07/17	15.88	16.07	15.60	16.02	4361630	69109200.00
2018/07/18	16.07	16.16	15.01	15.35	3688800	58119828.00
2018/07/19	15.40	15.68	14.85	15.07	3626530	55145692.00
2018/07/20	14.90	15.32	14.80	15.31	2373150	35857272.00
2018/07/23	15.21	15.52	15.05	15.26	2422490	36969756.00
2018/07/24	15.27	15.44	15.02	15.44	3195230	48855284.00
2018/07/25	15.30	15.58	15.24	15.35	2742580	42308108.00
2018/07/26	15.26	15.44	14.89	14.93	3089612	46466992.00
2018/07/27	14.95	14.95	14.56	14.56	2333760	34308100.00
2018/07/30	14.50	14.59	13.63	13.78	3113770	43754540.00
2018/07/31	13.70	13.98	13.65	13.90	1321657	18313640.00
2018/08/01	13.97	14.03	13.37	13.37	1357000	18623446.00
2018/08/02	13.59	13.59	12.30	12.81	2155699	27447848.00
2018/08/03	12.78	12.95	12.62	12.64	1395740	17878190.00
2018/08/06	12.45	12.67	12.16	12.29	1122440	13954486.00
2018/08/07	12.33	12.69	12.18	12.66	1522230	19068996.00
2018/08/08	12.69	12.79	12.36	12.36	1278791	16125370.00
2018/08/09	12.32	13.60	12.32	13.12	3295980	43226532.00
2018/08/10	12.90	13.88	12.88	13.55	3339000	44654164.00
2018/08/13	13.30	13.96	13.10	13.78	3514670	48054308.00
2018/08/14	13.61	13.74	13.49	13.57	1938970	26324230.00
2018/08/15	13.57	13.71	13.25	13.26	1667569	22393976.00
2018/08/16	13.08	14.40	12.42	13.68	4481876	61696176.00
2018/08/17	13.69	13.89	13.23	13.26	2298581	31180336.00
2018/08/20	13.01	14.48	13.01	14.30	6435064	89975192.00
2018/08/21	14.06	14.57	13.76	14.43	6516909	92518416.00
2018/08/22	14.43	14.43	13.92	13.92	3250530	45808224.00
2018/08/23	13.77	14.37	13.70	14.24	4306517	60870700.00
2018/08/24	14.09	14.20	13.85	13.85	2623697	36711572.00
2018/08/27	13.85	14.27	13.85	14.07	3813352	53876972.00
2018/08/28	14.15	14.47	14.03	14.37	5287162	75614056.00
2018/08/29	14.27	14.33	13.92	14.04	2847820	40107604.00
2018/08/30	14.10	14.15	13.55	13.60	2240800	30870100.00
2018/08/31	13.50	14.30	13.50	13.80	2927747	40905636.00
2018/09/03	13.65	13.75	13.02	13.46	2661680	35327988.00
2018/09/04	13.50	13.85	13.45	13.73	2458081	33603044.00
2018/09/05	13.74	14.27	13.62	13.70	4168937	58311488.00
2018/09/06	13.62	13.95	13.20	13.46	3049667	41400412.00
2018/09/07	13.40	14.10	13.40	13.59	3129427	43080920.00
2018/09/10	13.49	13.49	12.85	12.90	2928490	38214952.00
2018/09/11	12.99	13.26	12.80	13.04	2315240	30126158.00
2018/09/12	13.10	13.15	12.85	12.96	1684710	21940342.00
2018/09/13	13.20	13.44	12.96	13.41	3055420	40371308.00
2018/09/14	13.43	13.50	12.97	12.98	2132080	28029364.00
2018/09/17	12.85	12.86	12.44	12.46	1963040	24740744.00
2018/09/18	12.38	12.72	12.38	12.69	1529030	19248042.00
2018/09/19	12.66	13.38	12.61	13.06	3402970	44643944.00
2018/09/20	13.00	13.19	12.83	12.90	2121640	27498882.00
2018/09/21	12.90	13.30	12.71	13.10	2239300	29107454.00
2018/09/25	12.99	13.09	12.85	12.93	1322530	17123538.00
2018/09/26	12.99	13.10	12.86	12.95	1729851	22410220.00
2018/09/27	12.93	12.94	12.22	12.33	2311650	29163966.00
2018/09/28	12.38	12.58	12.38	12.49	1049271	13103191.00
2018/10/08	12.20	12.20	11.80	11.84	1985910	23789858.00
2018/10/09	11.99	12.01	11.80	11.89	874340	10406487.00
2018/10/10	11.99	12.20	11.88	12.07	1393880	16795448.00
2018/10/11	11.56	12.69	11.38	11.58	3996393	47549996.00
2018/10/12	11.60	11.60	10.42	11.22	2921200	32436708.00
2018/10/15	11.01	11.89	11.01	11.31	3151343	36132476.00
2018/10/16	11.22	11.62	10.87	11.00	1980396	22256552.00
2018/10/17	11.08	11.35	10.89	11.18	2141396	23913854.00
2018/10/18	11.21	11.21	10.61	10.61	1810310	19693482.00
2018/10/19	10.45	11.10	10.39	11.06	2436888	26594606.00
2018/10/22	11.29	11.74	11.18	11.53	2870928	32946952.00
2018/10/23	11.46	11.75	11.20	11.27	1639700	18724156.00
2018/10/24	11.20	11.42	11.10	11.20	1537740	17315426.00
2018/10/25	10.80	10.93	10.54	10.88	2083649	22375212.00
2018/10/26	10.94	11.60	10.83	11.20	2856860	31886862.00
2018/10/29	11.01	11.22	10.84	10.97	1686680	18620448.00
2018/10/30	10.91	11.13	10.58	10.96	1967598	21373826.00
2018/10/31	11.04	11.25	10.94	11.13	2343280	26010402.00
2018/11/01	11.25	12.24	11.18	12.24	5031720	59911224.00
2018/11/02	12.36	12.49	11.93	12.30	8535761	104088920.00
2018/11/05	12.07	12.29	11.97	12.18	4946878	59913064.00
2018/11/06	12.02	12.09	11.74	11.99	3571170	42471728.00
2018/11/07	11.90	12.50	11.90	12.00	5527200	67290080.00
2018/11/08	12.05	12.19	11.84	11.85	3247260	38998168.00
2018/11/09	11.75	12.37	11.75	12.10	4570100	55565544.00
2018/11/12	12.00	12.43	11.89	12.37	4464318	54628996.00
2018/11/13	12.10	12.49	12.09	12.42	4733480	58217256.00
2018/11/14	12.32	12.43	12.22	12.29	3224900	39708372.00
2018/11/15	12.36	12.82	12.21	12.72	5525490	69735816.00
2018/11/16	12.72	12.91	12.49	12.87	5223703	66222100.00
2018/11/19	12.79	12.85	12.54	12.65	3004987	37950424.00
2018/11/20	12.45	12.64	12.03	12.08	2790400	34478484.00
2018/11/21	11.89	12.36	11.83	12.36	2248067	27416700.00
2018/11/22	12.34	12.44	12.21	12.27	1686640	20745430.00
2018/11/23	12.32	12.36	11.42	11.47	2611507	30839916.00
2018/11/26	11.45	11.77	11.40	11.57	1436770	16671959.00
2018/11/27	11.68	12.73	11.68	12.73	6078899	76675024.00
2018/11/28	13.57	14.00	13.50	14.00	8799034	122240912.00
2018/11/29	14.88	15.04	13.06	13.18	17870736	252470352.00
2018/11/30	12.48	13.50	12.48	13.31	11733264	151095408.00
2018/12/03	13.58	14.42	13.45	13.80	12705720	176523216.00
2018/12/04	13.58	14.37	13.30	14.11	11001125	153263680.00
2018/12/05	13.59	13.77	13.40	13.56	6292182	85432304.00
2018/12/06	13.46	13.50	12.75	12.95	5945940	77573912.00
2018/12/07	13.15	13.48	13.04	13.15	5113266	67891576.00
2018/12/10	12.94	13.79	12.90	13.43	6115178	82036304.00
2018/12/11	13.50	14.50	13.23	14.23	8995603	124172328.00
2018/12/12	13.91	14.00	13.55	13.62	6082607	83412096.00
2018/12/13	13.59	14.49	13.55	14.24	10442770	147337600.00
2018/12/14	14.10	14.10	13.61	13.65	5673413	78606288.00
2018/12/17	13.41	13.92	13.15	13.91	4526007	61429164.00
2018/12/18	13.70	14.58	13.69	14.16	9530776	135682976.00
2018/12/19	14.09	14.80	13.85	13.92	8769786	125908648.00
2018/12/20	13.82	15.31	13.68	15.31	11473239	169152528.00
2018/12/21	15.53	16.15	14.73	14.80	18898479	293505504.00
2018/12/24	14.81	15.88	14.81	15.48	14512095	223445120.00
2018/12/25	14.99	16.39	14.81	15.94	15873868	247367008.00
2018/12/26	15.82	15.91	15.16	15.22	11038167	170297296.00
2018/12/27	15.40	15.54	14.84	14.85	8219743	124529152.00
2018/12/28	14.92	14.99	14.40	14.58	6466367	94838200.00
2019/01/02	14.63	15.09	14.58	15.00	7071010	105313640.00
2019/01/03	14.80	14.85	13.82	13.99	7868543	111506432.00
2019/01/04	13.53	14.36	13.45	14.31	5215038	73384312.00
2019/01/07	14.26	14.89	14.26	14.68	4982837	72933552.00
2019/01/08	14.60	15.17	14.41	14.72	5218414	77193848.00
2019/01/09	14.55	15.12	14.20	14.63	7446294	110151384.00
2019/01/10	14.59	15.52	14.43	15.20	9621667	145238016.00
2019/01/11	15.13	15.64	14.97	15.12	8140450	124012776.00
2019/01/14	15.06	15.15	14.38	14.78	5515310	80718240.00
2019/01/15	14.51	15.15	14.51	15.01	5436890	81305560.00
2019/01/16	14.86	15.02	14.49	14.52	4377630	64513968.00
2019/01/17	14.52	14.65	13.82	13.95	4609314	65256656.00
2019/01/18	14.01	14.10	13.57	13.90	3099920	42808104.00
2019/01/21	13.86	14.37	13.86	14.20	3180320	45099532.00
2019/01/22	14.26	14.26	13.90	14.00	2216040	31040184.00
2019/01/23	13.88	14.06	13.60	14.00	1950140	26978426.00
2019/01/24	13.96	14.24	13.80	14.14	2514400	35397220.00
2019/01/25	14.16	14.18	13.61	13.63	2643750	36642316.00
2019/01/28	13.66	13.93	12.32	12.61	4282630	55496588.00
2019/01/29	12.63	12.83	11.85	12.35	2959410	36532384.00
2019/01/30	12.07	12.45	11.98	12.00	1825010	22254552.00
2019/01/31	12.06	12.28	11.50	11.79	2400840	28639158.00
2019/02/01	11.90	12.28	11.86	12.26	1697610	20637000.00
2019/02/11	12.32	12.79	12.32	12.72	2707200	34243488.00
2019/02/12	12.79	13.07	12.66	12.82	3244009	41636760.00
2019/02/13	12.76	13.60	12.68	13.31	5337400	70404768.00
2019/02/14	13.24	13.40	13.11	13.25	3021300	39986520.00
2019/02/15	13.24	13.56	13.16	13.28	3488723	46570616.00
2019/02/18	13.31	13.80	13.31	13.77	3650874	49828772.00
2019/02/19	13.92	14.04	13.52	13.78	3644140	50151596.00
2019/02/20	13.71	13.98	13.50	13.84	3215670	44277608.00
2019/02/21	13.85	14.46	13.68	13.98	6693189	94691008.00
2019/02/22	13.96	14.50	13.75	14.44	6019549	86033808.00
2019/02/25	14.72	15.24	14.45	15.13	8241640	123069456.00
2019/02/26	15.08	15.12	14.50	14.54	7048470	104180464.00
2019/02/27	14.54	14.96	14.38	14.70	5013070	73710216.00
2019/02/28	14.67	14.85	14.38	14.75	3929832	57492208.00
2019/03/01	14.83	14.89	14.38	14.62	3242023	47300280.00
2019/03/04	14.80	15.24	14.71	14.83	5850135	87571144.00
2019/03/05	14.86	15.81	14.72	15.65	8246532	126150872.00
2019/03/06	15.65	15.80	15.30	15.58	8558123	132797368.00
2019/03/07	15.87	15.88	15.40	15.71	8168157	128126176.00
2019/03/08	15.11	16.12	15.05	15.13	8514787	132375232.00
2019/03/11	15.26	15.79	15.17	15.78	5804230	90247488.00
2019/03/12	15.98	16.89	15.26	16.44	12691821	205700208.00
2019/03/13	16.18	16.29	15.20	15.40	8361332	131890016.00
2019/03/14	15.25	15.80	14.30	15.24	6237566	95474232.00
2019/03/15	15.52	15.65	14.83	15.25	4594320	69940144.00
2019/03/18	15.26	15.50	15.07	15.44	3465120	53004828.00
2019/03/19	15.37	15.70	15.29	15.32	3821570	59100224.00
2019/03/20	15.26	15.56	14.88	15.17	3483840	53034712.00
2019/03/21	15.19	15.54	15.10	15.33	3903780	59966044.00
2019/03/22	15.33	15.65	15.00	15.38	3404988	52080304.00
2019/03/25	15.05	15.51	15.04	15.17	3776840	57561068.00
2019/03/26	15.21	15.30	14.58	14.62	3770438	56568324.00
2019/03/27	14.78	14.85	14.52	14.73	2300703	33792852.00
2019/03/28	14.56	15.28	14.56	14.78	3993183	59954196.00
2019/03/29	14.73	15.10	14.53	15.03	3541520	52641388.00
2019/04/01	15.09	16.53	15.09	16.53	8514328	136642736.00
2019/04/02	17.32	17.32	16.25	16.34	14211756	237513808.00
2019/04/03	16.40	16.55	16.00	16.44	7408930	120467944.00
2019/04/04	16.40	16.53	15.91	15.96	6139000	99273280.00
2019/04/08	16.12	16.15	15.21	15.49	5043830	78640848.00
2019/04/09	15.52	15.93	15.40	15.71	3799960	59769952.00
2019/04/10	14.96	15.23	14.76	15.08	5238820	78744384.00
2019/04/11	15.13	15.13	14.65	14.69	3457343	51244072.00
2019/04/12	14.72	15.05	14.63	14.90	2004150	29748506.00
2019/04/15	15.28	15.40	14.90	14.95	2736420	41510124.00
2019/04/16	14.98	16.10	14.75	15.95	7203430	112631472.00
2019/04/17	15.80	16.38	15.60	15.82	5255570	83649664.00
2019/04/18	15.80	16.71	15.70	16.15	9282570	151131104.00
2019/04/19	15.90	16.55	15.66	16.44	7110699	115020120.00
2019/04/22	16.44	17.10	16.15	16.22	7799648	129705216.00
2019/04/23	16.23	17.03	15.80	16.12	6824723	111677920.00
2019/04/24	16.21	17.73	14.51	16.83	17065421	294431264.00
2019/04/25	16.35	16.35	15.15	15.15	13734336	216774016.00
2019/04/26	14.73	15.68	14.56	14.80	6837209	104291144.00
2019/04/29	15.08	15.24	13.78	13.78	6469293	94049096.00
2019/04/30	13.67	14.44	13.67	13.98	3958494	55913132.00
2019/05/06	13.66	14.01	12.59	12.84	4397130	58185792.00
2019/05/07	13.03	13.23	12.37	12.82	3647464	46769872.00
2019/05/08	12.51	12.95	12.25	12.47	4118760	51934968.00
2019/05/09	12.25	12.74	12.23	12.29	3267777	40710280.00
2019/05/10	12.32	12.95	12.05	12.93	4480187	56616228.00
2019/05/13	12.71	12.99	12.57	12.78	2545127	32514190.00
2019/05/14	12.55	13.07	12.51	12.79	3043940	39096896.00
2019/05/15	12.99	13.08	12.76	12.95	2780157	35911184.00
2019/05/16	12.87	12.94	12.68	12.88	2431759	31208300.00
2019/05/17	12.91	13.20	12.25	12.43	3940217	50552916.00
2019/05/20	12.33	12.75	12.27	12.63	2135500	26748836.00
2019/05/21	12.65	12.98	12.53	12.82	2459580	31454438.00
2019/05/22	12.85	14.10	12.70	14.10	10847860	151419472.00
2019/05/23	14.00	14.00	13.20	13.47	9345832	126519032.00
2019/05/24	13.50	13.60	12.95	13.21	4389612	58289456.00
2019/05/27	13.32	13.80	13.01	13.71	4637117	62655648.00
2019/05/28	13.51	13.94	13.38	13.71	5443030	74154736.00
2019/05/29	13.52	13.83	13.41	13.56	3684570	50315556.00
2019/05/30	13.47	13.94	13.22	13.94	5585835	76363864.00
2019/05/31	13.75	14.09	13.61	13.69	3710440	51223476.00
2019/06/03	13.60	14.18	13.33	14.15	5260960	72912968.00
2019/06/04	14.17	14.79	13.63	13.84	7181550	102545824.00
2019/06/05	13.98	15.22	13.80	14.70	12399620	182825904.00
2019/06/06	14.30	14.30	13.42	13.67	9123591	126995832.00
2019/06/10	13.71	15.04	13.67	15.04	4448848	66154240.00
2019/06/11	15.47	16.18	15.05	15.70	14834678	231195664.00
2019/06/12	15.40	16.48	15.20	16.11	12804057	201924592.00
2019/06/13	15.90	16.09	15.51	15.60	7348397	115695200.00
2019/06/14	15.68	15.78	14.85	15.19	5134380	78280472.00
2019/06/17	15.11	15.40	15.03	15.21	3263260	49596156.00
2019/06/18	15.19	15.36	14.64	14.93	3186580	47503596.00
2019/06/19	15.36	15.55	14.88	14.94	4310958	65774524.00
2019/06/20	14.60	14.98	14.32	14.82	5115320	74951232.00
2019/06/21	14.99	15.80	14.99	15.29	6288110	96427736.00
2019/06/24	15.16	15.39	14.80	15.02	3511600	52980992.00
2019/06/25	15.03	15.89	14.73	15.70	8261380	127744168.00
2019/06/26	15.46	15.82	15.32	15.53	5801230	90446112.00
2019/06/27	15.53	15.95	15.41	15.72	6171693	96756968.00
2019/06/28	15.57	15.70	14.89	15.07	4671872	70820784.00
2019/07/01	15.50	16.58	15.27	16.58	4368493	71167016.00
2019/07/02	17.80	18.24	17.41	18.24	24633040	445860288.00
2019/07/03	18.24	20.06	16.85	17.16	28757839	528232800.00
2019/07/04	15.98	16.55	15.45	15.67	20857000	331998752.00
2019/07/05	15.58	15.58	14.87	14.99	12827192	193911440.00
2019/07/08	14.80	14.88	13.80	13.97	9659446	137378864.00
2019/07/09	13.86	14.11	13.68	13.98	5048319	70194504.00
2019/07/10	13.78	14.20	13.78	14.01	4605152	64443796.00
2019/07/11	13.93	14.12	13.69	13.78	3758860	52312000.00
2019/07/12	13.85	13.87	13.36	13.44	3587510	48656976.00
2019/07/15	13.10	13.54	12.76	13.42	4826262	63692840.00
2019/07/16	13.36	13.88	13.34	13.58	3792164	51739480.00
2019/07/17	13.52	13.69	13.44	13.51	3005260	40778792.00
2019/07/18	13.36	13.38	13.01	13.01	3109894	40951792.00
2019/07/19	13.05	13.35	13.05	13.15	2217250	29316510.00
2019/07/22	13.29	13.37	12.68	12.68	3083323	39742588.00
2019/07/23	12.82	13.10	12.68	13.09	2496099	32410900.00
2019/07/24	13.16	13.48	13.15	13.25	2920586	38923760.00
2019/07/25	13.34	13.57	13.27	13.44	2821090	37848936.00
2019/07/26	13.30	13.60	13.22	13.51	2430103	32510440.00
2019/07/29	13.52	13.57	13.28	13.39	2348744	31460600.00
2019/07/30	13.44	13.52	13.33	13.40	2174790	29185022.00
2019/07/31	13.47	14.74	13.45	14.74	6112787	88796224.00
2019/08/01	14.79	15.98	14.73	15.37	20173303	310789120.00
2019/08/02	14.28	15.62	14.28	15.51	12576201	186638864.00
2019/08/05	15.02	15.55	14.88	15.11	8729791	132658624.00
2019/08/06	14.70	15.88	14.00	15.84	13449591	201811296.00
2019/08/07	15.57	15.99	15.00	15.20	11968370	185962208.00
2019/08/08	14.98	15.48	14.91	15.28	7337950	111998088.00
2019/08/09	15.28	15.37	14.48	14.58	7686170	113874112.00
2019/08/12	14.71	15.90	14.71	15.74	13872754	215428832.00
2019/08/13	15.23	15.73	15.11	15.57	9742660	150863552.00
2019/08/14	15.90	15.94	15.28	15.34	8472280	131743944.00
2019/08/15	14.80	15.59	14.69	15.59	7062528	107533528.00
2019/08/16	15.72	16.46	15.39	15.85	11986420	189765920.00
2019/08/19	16.40	16.96	16.30	16.72	15454681	257489888.00
2019/08/20	16.40	17.59	16.22	16.65	15059294	252831632.00
2019/08/21	16.37	16.55	16.06	16.20	8580134	139483312.00
2019/08/22	16.20	16.80	15.92	16.63	8962241	146851728.00
2019/08/23	16.56	16.56	15.70	15.77	8371233	134210320.00
2019/08/26	15.28	15.74	15.11	15.28	5011630	77115304.00
2019/08/27	15.40	15.67	15.31	15.44	5094060	78920760.00
2019/08/28	15.29	15.66	15.10	15.48	4227129	65106012.00
2019/08/29	15.38	15.54	15.21	15.21	3846340	59153364.00
2019/08/30	15.30	15.55	14.52	14.65	5480750	82244744.00
2019/09/02	14.73	15.20	14.60	15.17	4401090	66022828.00
2019/09/03	15.19	15.52	15.09	15.45	4676380	71902232.00
2019/09/04	15.42	15.59	15.23	15.45	4089341	62892252.00
2019/09/05	15.46	15.98	15.46	15.66	6965010	109609240.00
2019/09/06	15.71	16.30	15.70	16.04	7652466	122350576.00
2019/09/09	16.06	16.80	15.88	16.78	10332707	170300544.00
2019/09/10	16.54	16.70	16.12	16.50	7522060	123298040.00
2019/09/11	16.52	16.65	16.05	16.08	4862354	79004752.00
2019/09/12	16.13	17.69	16.00	17.69	16015880	271871456.00
2019/09/16	18.00	18.00	17.00	17.14	13719864	236799264.00
2019/09/17	17.06	17.48	16.52	17.43	11346476	191656096.00
2019/09/18	17.20	17.78	17.08	17.45	13088544	229443984.00
2019/09/19	17.45	17.78	16.84	17.76	9443314	164311552.00
2019/09/20	17.60	17.60	17.13	17.13	6911430	119692464.00
2019/09/23	16.98	16.99	16.41	16.75	5364120	89106992.00
2019/09/24	16.78	17.15	16.62	16.80	5408277	91323136.00
2019/09/25	16.53	16.76	16.00	16.06	5304415	87085072.00
2019/09/26	16.17	16.43	15.27	15.31	5714040	90192192.00
2019/09/27	15.33	15.78	15.29	15.54	3709241	57815800.00
2019/09/30	15.54	15.69	15.08	15.29	2671650	41105620.00
2019/10/08	15.09	15.54	15.09	15.14	2626390	40263388.00
2019/10/09	15.04	15.60	14.98	15.58	2819680	43404512.00
2019/10/10	15.66	15.74	15.53	15.72	2524270	39467352.00
2019/10/11	15.65	15.90	15.34	15.73	3038030	47504704.00
2019/10/14	15.91	16.17	15.83	15.96	2986452	47791656.00
2019/10/15	15.60	15.60	14.70	14.70	5601775	84426528.00
2019/10/16	15.04	15.18	14.71	14.71	2630485	39310468.00
2019/10/17	14.61	15.02	14.61	14.71	2103550	31106382.00
2019/10/18	14.68	14.99	14.60	14.65	2288105	33891576.00
2019/10/21	14.65	14.79	14.01	14.43	2278060	32639458.00
2019/10/22	14.31	14.75	14.31	14.69	2029200	29581588.00
2019/10/23	14.76	14.77	14.40	14.47	1498330	21898900.00
2019/10/24	14.62	14.68	14.28	14.47	1474770	21386914.00
2019/10/25	14.41	14.56	14.11	14.51	2063630	29524988.00
2019/10/28	14.45	14.89	14.45	14.85	2743735	40421608.00
2019/10/29	14.98	14.98	14.30	14.30	2522585	36739368.00
2019/10/30	14.11	14.50	14.10	14.17	1841330	26282722.00
2019/10/31	14.16	14.34	13.54	13.71	2930130	40499744.00
2019/11/01	13.71	14.15	13.56	14.03	2585560	36134592.00
2019/11/04	13.99	14.28	13.99	14.22	1973075	27949466.00
2019/11/05	14.20	14.20	13.75	14.03	1907945	26612448.00
2019/11/06	14.06	14.07	13.60	13.70	1598542	21989452.00
2019/11/07	13.73	13.89	13.49	13.72	1898970	25936880.00
2019/11/08	13.76	13.95	13.55	13.60	1581345	21719860.00
2019/11/11	13.60	13.60	12.98	13.09	2347420	30882318.00
2019/11/12	13.09	13.19	12.91	13.13	1518740	19805328.00
2019/11/13	13.15	13.16	12.70	12.84	1477140	19023994.00
2019/11/14	12.80	13.03	12.77	12.88	1291956	16674198.00
2019/11/15	12.88	12.93	12.60	12.60	1410554	17972278.00
2019/11/18	12.59	12.73	12.39	12.44	1924534	24134590.00
2019/11/19	12.61	12.97	12.44	12.90	2783870	35615236.00
2019/11/20	12.89	13.05	12.67	12.67	1733388	22283024.00
2019/11/21	12.73	12.80	12.50	12.59	1642384	20733922.00
2019/11/22	12.96	12.96	11.90	12.14	3480950	42960640.00
2019/11/25	11.59	11.69	10.98	11.38	5068375	56998424.00
2019/11/26	11.35	11.49	11.11	11.13	3005328	33955632.00
2019/11/27	11.37	11.41	11.20	11.24	2075861	23409772.00
2019/11/28	11.21	11.43	11.18	11.22	1767372	19970318.00
2019/11/29	11.15	11.36	11.15	11.29	1521168	17115616.00
2019/12/02	11.29	11.43	11.16	11.21	1236900	13928082.00
2019/12/03	11.20	11.35	11.00	11.34	1968422	22024572.00
2019/12/04	11.38	12.16	11.36	11.58	4811275	56087076.00
2019/12/05	11.58	11.63	11.33	11.59	3427742	39311368.00
2019/12/06	11.50	11.54	11.35	11.48	2440047	27945678.00
2019/12/09	11.48	11.57	11.41	11.46	1875715	21522766.00
2019/12/10	11.52	11.56	11.35	11.53	2364687	27153580.00
2019/12/11	11.53	11.80	11.44	11.65	3256539	37909784.00
2019/12/12	11.68	11.75	11.50	11.55	2702490	31418344.00
2019/12/13	11.68	11.75	11.43	11.61	3173304	36685772.00
2019/12/16	11.70	11.70	11.47	11.66	5819240	67581464.00
2019/12/17	11.70	12.08	11.67	11.92	7789544	92596992.00
2019/12/18	11.92	12.44	11.81	12.39	8033512	97757888.00
2019/12/19	12.38	12.38	12.08	12.31	5075646	61959320.00
2019/12/20	12.29	12.30	11.91	11.95	3814864	46186016.00
2019/12/23	11.83	11.90	11.46	11.60	3150780	36795880.00
2019/12/24	11.60	11.76	11.40	11.70	3826870	44487304.00
2019/12/25	11.69	11.79	11.59	11.73	3773862	44234408.00
2019/12/26	11.77	11.80	11.66	11.79	2383850	27968552.00
2019/12/27	11.74	11.87	11.47	11.47	3921090	45861632.00
2019/12/30	11.30	11.30	10.68	11.03	5364456	58615748.00
2019/12/31	11.04	11.37	11.03	11.35	4114166	46320032.00
2020/01/02	11.40	11.97	11.40	11.93	7135950	83917720.00
2020/01/03	11.93	12.09	11.86	12.04	5167042	61938892.00
2020/01/06	12.04	12.14	11.87	11.96	4372193	52512016.00
2020/01/07	11.97	12.26	11.97	12.19	4315070	52392480.00
2020/01/08	12.14	12.14	11.76	11.91	3807719	45407576.00
2020/01/09	11.95	12.12	11.90	12.02	3779570	45393724.00
2020/01/10	12.01	12.18	11.88	12.00	3800120	45731404.00
2020/01/13	12.00	12.02	11.81	12.02	2992836	35611224.00
2020/01/14	12.04	12.11	11.85	11.89	3168960	37896340.00
2020/01/15	11.86	11.90	11.53	11.65	3483893	40700452.00
2020/01/16	11.79	11.80	11.44	11.49	3028198	35038120.00
2020/01/17	11.59	11.59	11.27	11.27	3200010	36462100.00
2020/01/20	11.37	11.41	11.06	11.23	2886860	32245608.00
2020/01/21	11.25	11.25	10.94	10.96	3367440	37164036.00
2020/01/22	11.07	11.14	10.72	11.13	3128519	34250772.00
2020/01/23	11.07	11.09	10.55	10.63	3284519	35511392.00
2020/02/03	9.57	9.57	9.57	9.57	505900	4841463.00
2020/02/04	8.61	9.06	8.61	8.83	6302817	55588304.00
2020/02/05	8.90	9.56	8.89	9.35	5800810	53760744.00
2020/02/06	9.40	9.69	9.27	9.38	4396552	41354956.00
2020/02/07	9.43	9.49	9.21	9.45	4773470	44736144.00
2020/02/10	9.46	9.65	9.37	9.64	3883867	37157792.00
2020/02/11	9.67	9.84	9.59	9.69	3804572	36967080.00
2020/02/12	9.64	10.09	9.60	10.06	4907084	48607520.00
2020/02/13	10.18	10.19	9.83	9.98	4047172	40491624.00
2020/02/14	9.88	10.07	9.81	9.94	3298074	32805756.00
2020/02/17	9.97	10.45	9.97	10.43	4978369	51231168.00
2020/02/18	10.40	10.65	10.36	10.61	4616420	48613888.00
2020/02/19	10.57	10.72	10.45	10.57	3769329	39808464.00
2020/02/20	10.60	10.70	10.37	10.65	3974737	41933364.00
2020/02/21	10.60	11.23	10.55	10.94	7391102	81157760.00
2020/02/24	10.98	11.93	10.88	11.55	9940634	113727352.00
2020/02/25	11.20	12.22	11.10	12.12	14736802	174402352.00
2020/02/26	11.91	11.95	11.34	11.34	9656497	112226944.00
2020/02/27	11.40	11.56	11.03	11.23	5678380	63964716.00
2020/02/28	10.75	10.96	10.11	10.16	7011396	73713544.00
2020/03/02	10.31	11.18	10.31	11.06	6314440	68558120.00
2020/03/03	11.33	11.51	10.96	11.11	5966055	67332488.00
2020/03/04	11.03	11.42	11.00	11.32	5070500	56835856.00
2020/03/05	12.00	12.45	11.61	12.45	20956264	257867664.00
2020/03/06	12.16	12.20	11.70	11.75	18784816	223471952.00
2020/03/09	11.43	12.88	11.38	11.94	17448272	213151952.00
2020/03/10	11.73	13.13	11.73	13.13	20352509	256327344.00
2020/03/11	13.14	13.55	12.55	12.63	20584256	268088944.00
2020/03/12	12.16	12.89	12.02	12.77	11163227	139223792.00
2020/03/13	12.02	13.55	12.00	13.16	16968584	219861616.00
2020/03/16	13.51	13.52	11.84	11.85	14075400	175231568.00
2020/03/17	11.86	12.10	10.77	11.21	10157707	115365184.00
2020/03/18	11.27	11.47	10.48	10.48	9479190	104778136.00
2020/03/19	10.43	11.53	10.41	11.53	10375897	115693584.00
2020/03/20	12.23	12.68	12.02	12.68	22377213	279527328.00
2020/03/23	12.20	13.95	12.18	13.95	27436466	364966112.00
2020/03/24	14.70	15.35	12.65	14.51	43325961	633726336.00
2020/03/25	14.46	14.48	13.21	13.34	31812090	435321952.00
2020/03/26	12.84	13.16	12.34	12.70	21224328	270934464.00
2020/03/27	12.83	12.95	11.88	11.88	17105833	210826208.00
2020/03/30	11.52	11.88	11.07	11.58	13244424	151053600.00
2020/03/31	11.71	12.01	11.40	11.88	12614833	148152320.00
2020/04/01	11.75	13.07	11.57	12.50	18274005	229175408.00
2020/04/02	12.50	13.30	12.45	12.99	20657786	266781776.00
2020/04/03	12.63	12.82	12.20	12.29	14136648	176734352.00
2020/04/07	12.55	12.90	12.50	12.69	11831314	149810592.00
2020/04/08	12.54	12.82	12.28	12.47	12027038	151181408.00
2020/04/09	12.59	12.91	12.42	12.59	10952358	138541280.00
2020/04/10	12.52	12.52	11.70	11.73	11628696	139437168.00
2020/04/13	11.86	11.86	11.19	11.26	6235653	71274712.00
2020/04/14	11.41	11.66	11.31	11.46	5465072	62604632.00
2020/04/15	11.46	11.52	11.00	11.17	6958919	78378960.00
2020/04/16	11.18	11.29	10.88	11.14	4642509	51598852.00
2020/04/17	11.24	11.44	10.84	10.95	6708798	74675352.00
2020/04/20	10.95	11.17	10.87	11.11	4383865	48332684.00
2020/04/21	10.96	11.44	10.88	11.29	6044793	67668864.00
2020/04/22	11.18	11.38	11.15	11.25	4583460	51599264.00
2020/04/23	11.31	11.34	10.81	10.83	5907789	64782288.00
2020/04/24	10.87	11.06	10.60	10.66	4631224	50299556.00
2020/04/27	10.59	10.90	10.25	10.66	4389577	46707768.00
2020/04/28	10.67	10.75	9.59	10.07	5731642	57529560.00
2020/04/29	10.27	10.33	10.00	10.04	3283926	33297776.00
2020/04/30	10.13	10.54	10.07	10.48	3838220	39759712.00
2020/05/06	10.24	11.06	10.24	11.02	5381335	58335992.00
2020/05/07	11.05	11.41	11.01	11.19	5751350	64289716.00
2020/05/08	11.23	11.42	11.20	11.32	4449993	50313236.00
2020/05/11	11.37	11.57	11.13	11.27	4751124	54017140.00
2020/05/12	11.36	11.45	11.05	11.27	2774930	31205282.00
2020/05/13	11.25	11.48	11.07	11.29	3338450	37806916.00
2020/05/14	11.28	11.38	11.16	11.18	2562337	28822932.00
2020/05/15	11.26	11.28	11.06	11.14	2260398	25258134.00
2020/05/18	11.07	11.15	10.71	10.93	3462442	37987784.00
2020/05/19	11.10	11.15	10.96	11.04	2406213	26566618.00
2020/05/20	11.10	11.10	10.72	10.76	2722423	29441796.00
2020/05/21	10.76	10.86	10.45	10.45	2497650	26503980.00
2020/05/22	10.37	10.62	10.19	10.34	2509270	26091990.00
2020/05/25	10.34	10.98	10.31	10.62	7541784	80524632.00
2020/05/26	10.58	10.90	10.48	10.85	5337431	57326168.00
2020/05/27	10.80	11.67	10.67	11.28	11098449	125222648.00
2020/05/28	11.32	11.32	10.81	11.01	6312652	69515856.00
2020/05/29	10.90	11.10	10.70	10.73	4457982	48432136.00
2020/06/01	10.78	11.29	10.78	11.25	5094877	56618596.00
2020/06/02	11.23	11.45	11.15	11.37	3684748	41739080.00
2020/06/03	11.54	11.54	11.16	11.23	3638370	41025904.00
2020/06/04	11.29	11.34	11.16	11.21	2737750	30819974.00
2020/06/05	11.22	11.54	11.18	11.45	4306800	49041360.00
2020/06/08	11.60	12.20	11.51	11.90	8705039	103717176.00
2020/06/09	11.87	12.01	11.69	11.81	4634220	54774496.00
2020/06/10	12.05	12.07	11.75	11.84	3660685	43510524.00
2020/06/11	11.84	11.97	11.68	11.77	3471224	41041068.00
2020/06/12	11.50	12.10	11.50	12.02	6368060	76179824.00
2020/06/15	12.02	12.39	12.00	12.11	5491290	67033740.00
2020/06/16	12.26	12.50	12.17	12.23	4724529	58135916.00
2020/06/17	12.40	13.45	12.39	13.01	11059430	143357904.00
2020/06/18	13.00	13.13	12.60	13.04	7388610	94817248.00
2020/06/19	12.98	13.26	12.73	12.86	4425465	57188432.00
2020/06/22	12.84	13.15	12.63	12.73	5044770	64834268.00
2020/06/23	12.78	12.87	12.59	12.73	2623420	33281962.00
2020/06/24	12.66	12.85	12.66	12.79	2223040	28332110.00
2020/06/29	12.79	12.85	12.45	12.74	3480470	44201248.00
2020/06/30	12.75	13.50	12.75	13.15	6157320	81545248.00
2020/07/01	13.21	13.30	12.97	13.21	3850808	50555816.00
2020/07/02	13.21	13.58	13.03	13.36	4569090	61097984.00
2020/07/03	13.63	14.70	13.31	14.70	10541942	149923296.00
2020/07/06	15.19	16.17	15.00	16.17	13285469	208211712.00
2020/07/07	16.00	17.28	16.00	16.05	16305710	268184416.00
2020/07/08	16.04	16.60	15.61	16.49	10085765	163586224.00
2020/07/09	16.26	16.86	16.08	16.45	12062656	197736032.00
2020/07/10	16.45	16.60	15.51	15.62	13250935	212397216.00
2020/07/13	15.67	15.78	15.28	15.63	14963166	232438496.00
2020/07/14	15.45	15.45	14.83	15.36	14354825	217456656.00
2020/07/15	15.49	15.55	14.51	14.53	9125740	136371040.00
2020/07/16	14.58	15.95	14.47	15.42	17913866	272999808.00
2020/07/17	16.34	16.95	15.68	16.08	19141184	310883296.00
2020/07/20	16.59	16.60	15.51	15.74	13845193	220180192.00
2020/07/21	15.63	17.31	15.41	17.31	19651376	330372672.00
2020/07/22	18.60	18.79	15.58	17.08	26964609	467744288.00
2020/07/23	16.51	17.13	15.42	16.44	21668267	350737472.00
2020/07/24	15.98	15.98	14.80	14.80	14149122	217989040.00
2020/07/27	14.80	15.55	14.11	15.36	10984039	164390016.00
2020/07/28	15.58	15.78	15.11	15.42	6825202	105654416.00
2020/07/29	15.60	15.68	15.02	15.62	7824224	120985992.00
2020/07/30	15.55	15.73	14.88	15.08	10087954	152874704.00
2020/07/31	15.66	16.47	15.28	15.60	13405995	210520576.00
2020/08/03	15.89	16.23	15.69	15.93	11679390	186494832.00
2020/08/04	16.07	16.64	15.81	16.03	10604350	171148320.00
2020/08/05	16.07	16.17	15.30	16.04	9839100	154681616.00
2020/08/06	15.92	16.18	15.54	15.78	6234990	98552328.00
2020/08/07	15.66	15.78	14.99	15.25	7112300	108762256.00
2020/08/10	15.54	15.54	14.71	14.82	6000200	89786912.00
2020/08/11	14.88	15.09	14.43	14.43	4525190	66784232.00
2020/08/12	14.39	14.78	14.20	14.70	4744330	68702752.00
2020/08/13	14.79	14.96	14.66	14.77	3292820	48640644.00
2020/08/14	14.57	14.87	14.55	14.81	2323150	34269748.00
2020/08/17	14.83	16.11	14.80	15.86	10696664	166895648.00
2020/08/18	15.80	16.17	15.60	15.66	4904180	77438872.00
2020/08/19	15.82	16.08	15.63	15.67	6343830	100442264.00
2020/08/20	15.48	15.85	15.32	15.63	3391611	53084020.00
2020/08/21	15.65	15.92	15.60	15.76	4551120	71770088.00
2020/08/24	15.89	16.79	15.46	16.65	11576594	189990016.00
2020/08/25	16.89	16.89	16.35	16.48	7070318	117471736.00
2020/08/26	16.59	16.68	15.80	15.88	4751460	77020368.00
2020/08/27	16.10	16.29	15.43	16.11	4803680	76649552.00
2020/08/28	16.19	17.81	15.72	17.43	11047693	185911920.00
2020/08/31	17.80	18.18	17.18	17.31	9734025	171400448.00
2020/09/01	17.39	17.58	16.80	17.31	6103860	104770648.00
2020/09/02	17.40	17.62	16.95	17.33	6751534	116761744.00
2020/09/03	17.37	17.39	16.56	16.68	5277320	88911456.00
2020/09/04	16.26	17.05	16.26	16.91	4972723	83409696.00
2020/09/07	17.01	17.35	16.49	16.52	5455174	92668544.00
2020/09/08	16.66	17.19	16.40	16.93	6171299	103798688.00
2020/09/09	16.61	16.80	15.51	15.58	6148632	98527496.00
2020/09/10	15.60	15.90	15.00	15.01	4388292	67160080.00
2020/09/11	14.98	15.18	14.85	15.12	2478160	37251100.00
2020/09/14	14.99	15.59	14.97	15.53	3451493	52741700.00
2020/09/15	15.50	15.74	15.12	15.29	2605472	39984504.00
2020/09/16	15.45	15.59	14.80	15.10	2418585	36628540.00
2020/09/17	15.00	15.43	14.86	15.20	2273632	34372180.00
2020/09/18	15.11	15.48	15.00	15.26	2317880	35373900.00
2020/09/21	15.39	15.39	14.92	15.04	2327275	35163968.00
2020/09/22	14.81	15.10	14.58	14.80	3152581	46862080.00
2020/09/23	14.79	14.91	14.45	14.50	2732558	39881584.00
2020/09/24	14.51	14.59	13.81	13.92	3672904	51760220.00
2020/09/25	14.16	14.17	13.67	13.84	2381560	32918308.00
2020/09/28	13.86	13.97	13.40	13.52	2253470	30653606.00
2020/09/29	13.47	14.12	13.42	14.00	2756175	38303840.00
2020/09/30	14.03	14.20	13.81	13.99	1951500	27226810.00
2020/10/09	14.04	14.35	14.04	14.20	1693260	24119434.00
2020/10/12	14.40	16.02	14.20	15.70	6516334	99569344.00
2020/10/13	15.77	16.28	15.43	16.05	6715040	106738248.00
2020/10/14	15.90	16.55	15.66	16.25	6989410	112929616.00
2020/10/15	16.15	16.20	15.70	15.92	4298475	68590848.00
2020/10/16	16.00	16.34	15.72	16.05	3652836	58606980.00
2020/10/19	16.29	16.48	15.81	15.92	3825210	61430016.00
2020/10/20	16.15	16.20	15.79	16.16	3108411	49867528.00
2020/10/21	16.18	16.35	15.91	16.05	2611650	42006308.00
2020/10/22	16.21	16.60	15.85	16.21	5704111	92614192.00
2020/10/23	16.26	17.33	15.60	16.12	8505240	139240128.00
2020/10/26	15.95	16.46	15.66	16.25	5331360	86171416.00
2020/10/27	16.25	16.70	15.88	16.62	6975653	114337496.00
2020/10/28	16.57	17.00	16.06	16.88	7985655	132422984.00
2020/10/29	16.65	16.65	16.10	16.26	6635013	108333160.00
2020/10/30	16.35	17.10	16.28	16.55	9731359	162949488.00
2020/11/02	16.10	17.29	15.76	17.12	11709109	196538064.00
2020/11/03	17.00	17.50	16.78	16.98	10954504	186339664.00
2020/11/04	17.01	17.31	16.59	16.95	6732681	113985976.00
2020/11/05	17.26	18.83	16.95	18.25	22780713	409299040.00
2020/11/06	17.77	18.13	16.80	16.81	15983561	280344576.00
2020/11/09	16.99	20.17	16.86	20.17	22316724	440598944.00
2020/11/10	22.25	24.20	20.67	21.45	54400540	1257686528.00
2020/11/11	19.23	19.58	17.80	17.93	39396925	736959360.00
2020/11/12	17.99	18.28	17.15	17.24	22836883	398792096.00
2020/11/13	17.26	17.30	16.55	16.85	13851065	233378624.00
2020/11/16	17.00	17.50	16.86	17.05	14920269	255087696.00
2020/11/17	16.77	16.96	16.18	16.42	13696639	226470592.00
2020/11/18	16.45	17.67	16.31	17.30	15278149	260030400.00
2020/11/19	17.15	17.67	16.92	17.34	11851071	205533456.00
2020/11/20	17.32	18.37	17.22	17.90	17740604	316730112.00
2020/11/23	17.55	18.50	17.22	17.90	17850350	320438080.00
2020/11/24	17.90	17.90	17.28	17.61	12066751	211651600.00
2020/11/25	17.50	18.10	17.11	17.52	11258340	198627232.00
2020/11/26	17.49	17.88	17.21	17.24	8841320	155000496.00
2020/11/27	17.05	17.37	16.68	17.14	8009862	136504112.00
2020/11/30	17.31	17.31	16.61	16.62	6636690	111610896.00
2020/12/01	16.74	16.93	16.61	16.65	5126530	85901808.00
2020/12/02	16.64	16.96	16.56	16.76	5433428	91061976.00
2020/12/03	16.76	16.98	16.40	16.55	4976776	82799152.00
2020/12/04	16.49	16.73	16.46	16.66	3583610	59482352.00
2020/12/07	16.58	16.83	16.51	16.51	3117692	51948800.00
2020/12/08	16.73	17.48	16.54	17.10	7778622	132589208.00
2020/12/09	16.84	17.50	16.84	17.00	7565842	130041904.00
2020/12/10	16.69	16.90	16.40	16.65	6137362	102016048.00
2020/12/11	16.64	18.02	16.35	17.66	13288065	230535024.00
2020/12/14	17.70	17.92	17.32	17.69	9661341	170331600.00
2020/12/15	17.62	17.62	16.62	16.82	7708341	131454464.00
2020/12/16	16.75	16.90	15.36	15.64	10423898	167161616.00
2020/12/17	15.76	16.46	15.68	15.80	4965627	79275712.00
2020/12/18	15.50	15.64	15.05	15.06	5989992	91715488.00
2020/12/21	15.33	15.56	15.00	15.42	5623730	85704248.00
2020/12/22	15.49	15.50	14.60	14.65	5232400	78159248.00
2020/12/23	14.64	14.94	14.49	14.51	3490820	51195296.00
2020/12/24	14.73	14.73	13.93	14.03	4894410	69288320.00
2020/12/25	14.17	14.33	13.75	13.80	3295620	46081352.00
2020/12/28	13.83	14.00	13.49	13.60	4066490	55653400.00
2020/12/29	13.59	14.58	13.53	14.12	6175000	86874840.00
2020/12/30	13.98	14.20	13.79	13.88	4442895	62052000.00
2020/12/31	13.84	14.36	13.80	14.19	3963009	56149120.00
2021/01/04	14.22	14.55	14.05	14.37	3912843	55962944.00
2021/01/05	14.15	14.51	13.90	14.41	4581589	65100168.00
2021/01/06	14.42	14.59	14.07	14.07	2971272	42165776.00
2021/01/07	14.04	14.04	12.79	12.95	5888777	78043864.00
2021/01/08	13.06	13.50	12.84	13.08	3433040	45306780.00
2021/01/11	13.60	14.13	13.00	13.30	5404969	73942472.00
2021/01/12	13.01	13.52	12.70	13.15	4381974	57737012.00
2021/01/13	13.03	13.20	12.16	12.42	5670105	71283136.00
2021/01/14	12.26	12.68	12.13	12.37	3852721	48060072.00
2021/01/15	12.43	13.35	12.40	12.73	4866357	62756228.00
2021/01/18	12.95	13.28	12.80	13.18	3450020	45336104.00
2021/01/19	13.48	13.97	13.31	13.54	5487097	74965424.00
2021/01/20	13.43	13.69	13.26	13.48	3127921	41993728.00
2021/01/21	13.35	13.63	13.23	13.37	2774118	37192000.00
2021/01/22	13.38	13.38	13.06	13.14	2819035	37195548.00
2021/01/25	13.03	13.93	12.65	13.44	4997630	66830856.00
2021/01/26	13.35	13.56	13.16	13.21	2504477	33300654.00
2021/01/27	13.08	13.30	12.66	12.74	2534940	32652570.00
2021/01/28	12.51	13.13	12.29	12.70	2652350	34076736.00
2021/01/29	12.70	12.90	12.17	12.70	3576777	44305880.00
2021/02/01	12.57	12.95	12.30	12.95	3063110	38754256.00
2021/02/02	12.95	13.65	12.70	13.48	4815337	64226032.00
2021/02/03	13.37	13.95	13.22	13.78	6960508	95274920.00
2021/02/04	13.70	13.97	13.45	13.92	6591290	90293080.00
2021/02/05	13.87	13.87	13.15	13.40	4041807	54318368.00
2021/02/08	13.13	13.53	12.74	13.03	3659200	48163272.00
2021/02/09	12.90	13.19	12.73	12.88	2911582	37422320.00
2021/02/10	12.97	12.97	12.50	12.75	2745810	34748696.00
2021/02/18	12.90	13.23	12.85	13.18	2464814	32275352.00
2021/02/19	13.16	13.79	12.96	13.71	3393051	45838188.00
2021/02/22	13.77	14.25	13.64	13.75	4800265	66978664.00
2021/02/23	13.75	14.56	13.44	14.06	6697863	94506584.00
2021/02/24	14.18	14.26	13.75	14.10	3823076	53589900.00
2021/02/25	13.99	14.13	13.58	13.96	3444832	47822608.00
2021/02/26	13.76	14.65	13.69	14.49	7320009	105229968.00
2021/03/01	14.50	14.77	14.31	14.63	5849846	85132928.00
2021/03/02	14.50	14.88	14.30	14.71	4856580	71147400.00
2021/03/03	15.52	16.20	14.82	14.90	10976650	168332144.00
2021/03/04	14.42	14.79	14.18	14.26	5887162	85190976.00
2021/03/05	14.20	14.54	14.14	14.19	3777892	54033108.00
2021/03/08	14.27	15.77	14.23	14.96	9764242	147841936.00
2021/03/09	15.36	15.50	14.34	14.60	7367036	109829592.00
2021/03/10	14.62	15.14	14.42	14.65	4499939	66335980.00
2021/03/11	14.60	14.82	14.23	14.82	3755346	54598432.00
2021/03/12	14.82	15.20	14.60	15.13	4606266	68778000.00
2021/03/15	15.00	15.27	14.70	15.14	3465408	51901472.00
2021/03/16	15.21	15.46	15.01	15.32	3647042	55420632.00
2021/03/17	15.30	15.36	15.01	15.03	2724490	41256492.00
2021/03/18	15.10	15.69	14.85	15.21	4705270	72128976.00
2021/03/19	14.94	15.27	14.80	14.83	3520750	52884080.00
2021/03/22	14.80	15.61	14.74	15.50	4806923	73627472.00
2021/03/23	15.31	15.60	15.21	15.50	3601860	55647684.00
2021/03/24	15.49	16.10	15.41	16.05	7154193	113316816.00
2021/03/25	15.91	16.03	15.55	15.74	3578020	56272684.00
2021/03/26	15.63	16.08	15.50	15.70	3016593	47551516.00
2021/03/29	15.68	16.11	15.48	15.98	3325278	52630852.00
2021/03/30	15.89	16.22	15.76	15.97	3284578	52705976.00
2021/03/31	15.87	16.05	15.62	15.68	2068532	32560732.00
2021/04/01	15.61	15.69	15.10	15.38	3263159	50133524.00
2021/04/02	15.28	15.49	15.00	15.01	2686457	40705084.00
2021/04/06	15.01	15.62	14.85	15.37	2555875	39106580.00
2021/04/07	15.52	15.59	15.02	15.11	1926927	29246480.00
2021/04/08	15.05	15.15	14.56	14.65	2531413	37635956.00
2021/04/09	14.65	15.20	14.53	14.91	2075187	31106578.00
2021/04/12	15.00	15.29	14.73	14.85	1816150	27353784.00
2021/04/13	14.99	15.15	14.68	14.89	1086183	16122096.00
2021/04/14	14.73	15.24	14.53	15.10	2342824	35071656.00
2021/04/15	15.12	15.22	14.96	15.03	1484873	22415786.00
2021/04/16	15.03	15.23	15.01	15.05	1254120	18927708.00
2021/04/19	15.08	15.55	14.88	15.53	3135874	48112940.00
2021/04/20	15.53	15.60	15.35	15.37	1728594	26713642.00
2021/04/21	15.50	15.50	15.26	15.37	1079220	16609182.00
2021/04/22	15.36	15.49	15.20	15.39	1336480	20505244.00
2021/04/23	15.51	15.55	15.03	15.16	1312623	19918726.00
2021/04/26	15.30	15.88	15.19	15.42	2797502	43463736.00
2021/04/27	15.27	15.60	15.24	15.55	2529780	39221268.00
2021/04/28	15.45	15.56	15.03	15.13	3490409	53032968.00
2021/04/29	15.05	15.22	14.50	14.56	3066300	45437720.00
2021/04/30	14.43	14.55	14.00	14.40	2135546	30468616.00
2021/05/06	14.38	14.38	13.80	13.80	2447946	34425588.00
2021/05/07	13.99	13.99	13.47	13.55	1642098	22489076.00
2021/05/10	13.52	13.79	13.50	13.59	1120015	15269352.00
2021/05/11	13.59	13.92	13.52	13.86	1082732	14958653.00
2021/05/12	13.87	14.23	13.76	14.14	1469665	20619604.00
2021/05/13	14.24	14.25	14.00	14.02	1456523	20562226.00
2021/05/14	14.02	15.00	14.01	14.60	2754451	39824244.00
2021/05/17	14.40	14.69	14.02	14.07	2794540	39730012.00
2021/05/18	14.00	14.13	13.72	13.90	1542729	21389710.00
2021/05/19	13.87	14.05	13.78	13.89	1155424	15997518.00
2021/05/20	13.91	14.24	13.85	14.00	1613906	22648632.00
2021/05/21	14.01	14.20	13.93	14.00	1037863	14590332.00
2021/05/24	14.15	14.65	13.96	14.31	1853791	26502944.00
2021/05/25	14.40	14.66	14.39	14.63	2722250	39593860.00
2021/05/26	14.63	15.00	14.54	14.95	2459870	36441792.00
2021/05/27	15.00	15.16	14.80	15.10	3861390	57919520.00
2021/05/28	15.50	15.79	14.98	15.19	4730747	71991328.00
2021/05/31	14.95	15.70	14.90	15.44	6523757	100463568.00
2021/06/01	15.23	15.84	15.23	15.79	6479770	101683288.00
2021/06/02	15.85	15.88	15.51	15.56	4694837	73600496.00
2021/06/03	15.66	15.95	15.55	15.90	4902143	77466480.00
2021/06/04	16.34	16.57	15.15	15.16	8441084	132512696.00
2021/06/07	14.71	15.45	14.71	15.00	5779944	86915104.00
2021/06/08	15.02	15.49	14.86	15.22	4669439	70853904.00
2021/06/09	15.23	15.30	14.86	15.01	4094026	61394928.00
2021/06/10	14.99	15.65	14.90	15.54	7299472	112343544.00
2021/06/11	15.50	15.80	15.06	15.17	6339444	97532696.00
2021/06/15	15.30	15.40	14.70	14.77	5168658	77627168.00
2021/06/16	14.71	15.19	14.62	14.75	3866238	57506512.00
2021/06/17	14.70	15.01	14.48	14.56	3505544	51390052.00
2021/06/18	14.60	14.92	14.41	14.88	2875447	42381396.00
2021/06/21	14.80	15.33	14.73	15.25	5886181	89491912.00
2021/06/22	15.26	15.44	15.10	15.31	5193424	79321864.00
2021/06/23	15.39	15.67	15.08	15.49	6328664	97827112.00
2021/06/24	15.45	15.56	15.27	15.51	4473334	68937488.00
2021/06/25	15.43	15.49	14.97	15.00	4855356	73577408.00
2021/06/28	14.98	15.30	14.67	15.17	4918576	73878088.00
2021/06/29	15.06	15.07	14.06	14.14	6903398	99777184.00
2021/06/30	14.09	14.46	14.09	14.21	3463302	49445692.00
2021/07/01	14.11	14.33	13.60	13.68	4447477	62004072.00
2021/07/02	13.63	13.72	12.92	13.08	5492801	72637824.00
2021/07/05	13.21	13.29	13.05	13.21	3497360	46029264.00
2021/07/06	13.35	13.46	12.86	13.40	4922307	65134992.00
2021/07/07	13.29	13.45	13.19	13.40	3705652	49352860.00
2021/07/08	13.41	13.45	13.11	13.15	4264999	56238400.00
2021/07/09	13.18	13.56	12.93	13.44	5249112	69903456.00
2021/07/12	13.55	14.70	13.48	13.98	13015780	183632000.00
2021/07/13	13.81	14.09	13.65	14.07	10390550	143843504.00
2021/07/14	14.10	14.11	13.77	13.99	7940488	110531128.00
2021/07/15	14.08	14.10	13.09	13.28	11357218	152675760.00
2021/07/16	13.32	13.38	13.06	13.07	6319218	83150800.00
2021/07/19	13.01	13.43	13.01	13.30	5180318	68514104.00
2021/07/20	13.23	13.34	13.00	13.15	4429075	58190780.00
2021/07/21	13.19	13.45	13.19	13.28	5257458	70193248.00
2021/07/22	13.31	13.43	13.16	13.40	4772421	63527624.00
2021/07/23	13.39	13.43	13.02	13.15	5421738	71630952.00
2021/07/26	13.11	13.32	12.95	13.28	5362440	70622128.00
2021/07/27	13.05	13.20	12.24	12.56	8086736	102483032.00
2021/07/28	12.43	12.88	12.06	12.67	6432507	80288048.00
2021/07/29	12.67	13.49	12.66	13.49	8779520	116148160.00
2021/07/30	14.68	16.19	14.68	15.19	40503695	638947712.00
2021/08/02	14.40	14.50	13.65	14.30	36478839	514116960.00
2021/08/03	14.06	14.94	13.77	14.60	29495055	423576352.00
2021/08/04	14.60	15.20	14.40	15.03	26727894	396564032.00
2021/08/05	14.90	14.90	14.06	14.07	18538382	264893184.00
2021/08/06	14.04	14.46	13.83	14.28	13247546	187025408.00
2021/08/09	14.27	14.61	13.96	14.09	11146215	158427168.00
2021/08/10	13.99	14.71	13.88	14.51	17672637	254888784.00
2021/08/11	14.27	15.89	14.05	15.28	25125240	379663424.00
2021/08/12	15.51	17.50	15.24	16.21	34811161	567373312.00
2021/08/13	16.40	17.34	16.12	16.49	30515748	507526528.00
2021/08/16	16.03	18.98	15.82	18.12	34964838	607265600.00
2021/08/17	17.50	17.74	16.23	16.80	25060717	423352992.00
2021/08/18	16.62	17.05	15.92	16.30	19470907	318380064.00
2021/08/19	16.08	17.10	16.08	16.57	20549314	340344992.00
2021/08/20	16.20	16.20	15.30	15.50	19385577	303009792.00
2021/08/23	15.40	15.97	15.22	15.60	16143142	251970976.00
2021/08/24	15.42	15.78	15.06	15.19	15150365	232402800.00
2021/08/25	15.00	15.45	14.87	15.05	12008732	181206608.00
2021/08/26	15.06	15.38	14.95	15.09	11920375	180843136.00
2021/08/27	14.90	14.90	13.00	13.23	22276673	304266080.00
2021/08/30	13.15	13.40	12.92	13.09	9426473	124223984.00
2021/08/31	13.05	13.08	12.60	12.81	7853730	100774152.00
2021/09/01	12.80	12.98	12.61	12.84	5971053	76446640.00
2021/09/02	12.90	13.14	12.55	13.01	6945581	89268416.00
2021/09/03	12.98	13.28	12.79	13.02	6858900	89656720.00
2021/09/06	13.03	13.12	12.87	13.03	5014308	65166984.00
2021/09/07	13.09	13.99	12.91	13.75	13420461	181384464.00
2021/09/08	13.70	13.70	13.41	13.50	7838291	105868536.00
2021/09/09	13.64	13.64	13.25	13.40	5491583	73532272.00
2021/09/10	13.50	13.50	13.18	13.27	4544770	60328044.00
2021/09/13	13.29	13.41	13.13	13.30	3600062	47819664.00
2021/09/14	13.20	13.49	13.20	13.33	4222047	56366176.00
2021/09/15	13.24	13.24	12.88	13.07	4567441	59451824.00
2021/09/16	13.02	13.14	12.69	12.70	4322750	55740884.00
2021/09/17	12.80	13.04	12.35	12.78	4613461	58499548.00
2021/09/22	12.55	12.70	12.50	12.61	2707698	34124608.00
2021/09/23	12.70	12.85	12.39	12.65	4489678	56815620.00
2021/09/24	12.60	12.70	12.28	12.28	3829800	47687828.00
2021/09/27	12.29	12.47	11.78	11.80	4814900	58052348.00
2021/09/28	11.80	11.96	11.60	11.92	3185696	37488368.00
2021/09/29	11.91	11.99	11.29	11.32	3532730	41026612.00
2021/09/30	11.36	11.65	11.34	11.59	2138988	24678616.00
2021/10/08	11.72	12.17	11.70	12.02	4213746	50398876.00
2021/10/11	12.10	12.34	11.90	12.18	3041430	36981264.00
2021/10/12	12.08	12.29	12.00	12.10	2507750	30411368.00
2021/10/13	12.15	12.41	12.00	12.30	2898750	35541036.00
2021/10/14	12.25	12.42	12.03	12.11	2863000	34924900.00
2021/10/15	11.80	11.83	11.33	11.73	4353596	50754112.00
2021/10/18	11.68	12.40	11.58	12.19	4153660	50241820.00
2021/10/19	12.16	12.45	12.08	12.26	3244030	39903300.00
2021/10/20	12.25	12.29	11.96	12.01	2911400	35240256.00
2021/10/21	11.96	11.98	11.68	11.69	2271550	26781276.00
2021/10/22	11.79	11.81	11.63	11.68	1500810	17581350.00
2021/10/25	11.66	12.09	11.42	11.93	2735450	32463352.00
2021/10/26	11.94	12.45	11.88	12.06	4327471	52725600.00
2021/10/27	11.91	12.19	11.59	11.62	3325610	39157576.00
2021/10/28	11.74	11.79	11.27	11.27	2693101	30736736.00
2021/10/29	11.28	11.57	11.28	11.45	1628500	18601212.00
2021/11/01	11.40	11.85	11.36	11.74	2187071	25488096.00
2021/11/02	11.71	11.95	11.40	11.45	2778450	32372638.00
2021/11/03	11.47	11.63	11.35	11.50	2260030	25927690.00
2021/11/04	11.50	11.88	11.46	11.73	2880706	33641100.00
2021/11/05	11.69	11.91	11.64	11.85	3203630	37798292.00
2021/11/08	11.73	11.82	11.59	11.77	2653250	30982696.00
2021/11/09	11.81	12.06	11.80	12.01	3187510	38157688.00
2021/11/10	12.17	12.58	12.01	12.39	8908253	109798200.00
2021/11/11	12.27	12.55	12.27	12.35	5859261	72696864.00
2021/11/12	12.33	12.50	12.26	12.45	3701375	45875316.00
2021/11/15	12.35	12.62	12.35	12.60	3721344	46583228.00
2021/11/16	12.55	12.59	12.24	12.26	3716182	46028116.00
2021/11/17	12.24	12.58	12.22	12.52	3303170	41210652.00
2021/11/18	12.63	12.71	12.26	12.28	3738730	46574012.00
2021/11/19	12.50	12.64	12.32	12.49	3201709	39961660.00
2021/11/22	12.49	12.68	12.41	12.54	3031090	38000924.00
2021/11/23	12.60	12.68	12.44	12.59	2996980	37668464.00
2021/11/24	12.50	12.73	12.38	12.60	3779390	47410676.00
2021/11/25	12.68	12.68	12.48	12.55	2457207	30845592.00
2021/11/26	12.59	12.59	12.13	12.25	3859500	47293404.00
2021/11/29	12.13	12.33	12.05	12.18	2477557	30241450.00
2021/11/30	12.18	12.77	12.18	12.57	5914840	74461640.00
2021/12/01	12.68	14.28	12.68	13.73	20315243	275733920.00
2021/12/02	13.47	13.65	12.80	13.10	15525871	206412240.00
2021/12/03	13.00	13.22	12.82	12.89	6976350	90523056.00
2021/12/06	12.45	12.63	11.88	12.00	11149720	135580000.00
2021/12/07	12.03	12.07	11.76	11.81	4360472	51618088.00
2021/12/08	11.86	12.11	11.84	11.94	3344767	40088480.00
2021/12/09	11.92	12.13	11.90	11.96	2939590	35227000.00
2021/12/10	11.99	12.09	11.78	12.02	2837075	33986072.00
2021/12/13	12.02	12.35	11.82	12.21	4585309	55552744.00
2021/12/14	12.15	12.32	12.05	12.30	3732676	45617808.00
2021/12/15	12.29	12.44	12.16	12.17	3154885	38708564.00
2021/12/16	12.18	12.40	12.18	12.30	3347900	41247016.00
2021/12/17	12.47	12.47	12.08	12.23	3164874	38831728.00
2021/12/20	12.16	12.35	12.04	12.06	2691552	32781762.00
2021/12/21	12.06	12.19	12.01	12.16	2506832	30408962.00
2021/12/22	12.25	12.26	12.08	12.13	2642450	32107802.00
2021/12/23	12.12	12.12	11.82	11.82	3688900	43903804.00
2021/12/24	11.86	11.89	11.38	11.46	3758288	43303316.00
2021/12/27	11.45	11.55	11.39	11.53	1556300	17890848.00
2021/12/28	11.54	11.77	11.51	11.73	2029970	23742314.00
2021/12/29	11.63	11.75	11.55	11.68	1918070	22345858.00
2021/12/30	11.70	11.87	11.65	11.82	2449110	28847420.00
2021/12/31	11.80	11.83	11.72	11.75	1421150	16722766.00
2022/01/04	11.70	11.93	11.68	11.90	2224010	26365480.00
2022/01/05	11.93	11.98	11.62	11.77	2408250	28287614.00
2022/01/06	11.77	11.92	11.74	11.84	2591000	30741432.00
2022/01/07	11.82	11.93	11.53	11.53	3060706	35752912.00
2022/01/10	11.58	11.68	11.44	11.53	2563650	29627104.00
2022/01/11	11.53	11.72	11.52	11.54	2350136	27251272.00
2022/01/12	11.55	11.78	11.55	11.66	2526123	29467750.00
2022/01/13	11.78	12.06	11.61	11.89	5383290	63907640.00
2022/01/14	11.86	11.98	11.62	11.63	3566094	42125320.00
2022/01/17	11.64	12.04	11.64	12.03	4184611	49956580.00
2022/01/18	12.39	12.49	11.76	11.77	5747620	68996792.00
2022/01/19	11.80	12.51	11.76	12.45	9423026	115314296.00
2022/01/20	12.39	12.39	11.88	11.89	6626290	79986880.00
2022/01/21	11.99	12.30	11.96	12.14	5784070	70406592.00
2022/01/24	12.07	12.10	11.55	11.69	4738876	55813112.00
2022/01/25	11.70	11.74	10.80	10.87	6487500	72162880.00
2022/01/26	10.87	11.35	10.87	11.03	2793931	30956460.00
2022/01/27	10.89	10.89	10.00	10.08	5836864	59932520.00
2022/01/28	10.23	10.74	10.13	10.56	3433754	36006564.00
2022/02/07	10.70	10.96	10.43	10.51	2123574	22466884.00
2022/02/08	10.51	10.86	10.43	10.86	2426650	26027484.00
2022/02/09	10.86	12.30	10.84	11.84	8110467	93543904.00
2022/02/10	11.77	11.88	11.34	11.49	6050507	70106208.00
2022/02/11	11.49	11.51	11.00	11.03	3520000	39401360.00
2022/02/14	11.07	11.24	10.93	11.01	1910750	21110430.00
2022/02/15	11.03	11.13	10.73	10.87	1798050	19604536.00
2022/02/16	10.95	11.09	10.84	10.95	1934150	21212094.00
2022/02/17	10.95	11.02	10.70	10.72	2471950	26762736.00
2022/02/18	10.98	11.43	10.94	11.22	5582700	62610792.00
2022/02/21	12.00	13.00	11.66	12.31	17392967	214872064.00
2022/02/22	12.04	13.13	11.94	12.82	21447375	268011984.00
2022/02/23	12.54	13.54	12.50	13.28	25250192	330320928.00
2022/02/24	13.11	13.90	12.40	13.10	23525634	310201120.00
2022/02/25	12.88	13.46	12.60	13.10	18522534	240638432.00
2022/02/28	12.72	12.96	12.09	12.79	12534180	158372320.00
2022/03/01	12.90	13.36	12.54	13.06	14124780	184219296.00
2022/03/02	12.70	13.16	12.70	12.98	10001870	129864304.00
2022/03/03	13.11	13.25	12.44	12.57	10156240	128564992.00
2022/03/04	12.49	12.60	12.07	12.21	6875400	84574072.00
2022/03/07	12.22	12.29	11.80	11.94	4984480	59691756.00
2022/03/08	12.06	12.50	11.90	12.00	9831850	120076984.00
2022/03/09	11.99	12.50	11.33	12.35	10615160	127783456.00
2022/03/10	12.60	12.72	12.00	12.15	11828760	145770880.00
2022/03/11	11.83	12.70	11.60	12.47	12369329	152856288.00
2022/03/14	12.16	12.35	11.58	11.59	10519276	126268944.00
2022/03/15	11.38	12.00	11.07	11.15	8120330	94386688.00
2022/03/16	11.47	11.98	11.15	11.94	9284322	107693904.00
2022/03/17	12.01	12.24	11.68	11.93	7506280	89674840.00
2022/03/18	12.09	12.89	12.09	12.45	12393660	154836752.00
2022/03/21	12.53	12.59	12.13	12.34	7740287	95448152.00
2022/03/22	12.49	12.78	12.13	12.24	7736281	96157632.00
2022/03/23	12.02	12.87	12.01	12.74	14162498	178388528.00
2022/03/24	12.42	12.58	12.02	12.02	9874400	120724560.00
2022/03/25	11.97	12.08	11.60	11.62	7083640	83648504.00
2022/03/28	11.58	11.78	11.30	11.71	3876420	44926752.00
2022/03/29	11.64	11.67	10.96	11.03	6571303	73584480.00
2022/03/30	11.07	11.13	10.84	11.00	3972510	43597608.00
2022/03/31	11.00	11.00	10.58	10.70	5213789	55984796.00
2022/04/01	10.66	10.66	10.28	10.38	4926459	51325624.00
2022/04/06	10.39	10.53	10.31	10.42	2819050	29444614.00
2022/04/07	10.44	10.45	10.03	10.06	3871130	39367028.00
2022/04/08	10.06	10.06	9.67	9.77	3828540	37616492.00
2022/04/11	9.77	9.77	9.20	9.27	3627027	34202656.00
2022/04/12	9.34	9.56	9.23	9.55	2326731	21841076.00
2022/04/13	9.55	9.56	9.13	9.18	2708302	25065742.00
2022/04/14	9.27	9.35	9.18	9.24	2032160	18849716.00
2022/04/15	9.25	9.30	8.85	8.94	3378580	30327074.00
2022/04/18	8.90	9.10	8.72	9.10	1952980	17541360.00
2022/04/19	9.07	9.19	8.95	9.04	2030900	18367700.00
2022/04/20	9.06	9.25	8.93	8.96	2138300	19421324.00
2022/04/21	8.98	9.02	8.49	8.51	2804960	24430098.00
2022/04/22	8.60	8.60	8.19	8.22	2409940	20079450.00
2022/04/25	8.17	8.17	7.33	7.38	3578406	27505746.00
2022/04/26	7.36	7.61	7.13	7.17	3576499	26459066.00
2022/04/27	6.92	7.52	6.81	7.45	3202160	23159532.00
2022/04/28	7.25	7.54	7.17	7.29	2800300	20577644.00
2022/04/29	7.48	7.59	7.33	7.57	3768150	28249174.00
2022/05/05	7.50	7.71	7.42	7.59	3173900	24166398.00
2022/05/06	7.48	7.65	7.33	7.48	2276100	17076230.00
2022/05/09	7.46	7.67	7.42	7.61	2211333	16778870.00
2022/05/10	7.51	7.69	7.45	7.69	2020050	15407669.00
2022/05/11	7.69	7.98	7.66	7.68	2960610	23182970.00
2022/05/12	7.61	7.97	7.61	7.90	3259899	25617344.00
2022/05/13	7.91	7.98	7.76	7.91	2048539	16102628.00
2022/05/16	7.94	7.99	7.80	7.84	1995269	15735056.00
2022/05/17	7.84	7.90	7.74	7.87	2222998	17371584.00
2022/05/18	7.87	8.16	7.82	8.00	2724419	21855806.00
2022/05/19	7.87	8.05	7.83	8.04	1709989	13597575.00
2022/05/20	8.08	8.17	7.97	8.06	1688600	13598775.00
2022/05/23	8.14	8.22	8.07	8.21	1915800	15613764.00
2022/05/24	8.15	8.20	7.70	7.70	2881250	22917652.00
2022/05/25	7.78	7.95	7.74	7.85	2291700	17996392.00
2022/05/26	7.97	8.03	7.67	7.93	2680330	21109856.00
2022/05/27	7.99	8.01	7.82	7.88	2260230	17892324.00
2022/05/30	7.99	7.99	7.70	7.95	2304590	18183874.00
2022/05/31	7.96	8.09	7.80	8.08	2561830	20405672.00
2022/06/01	8.53	9.28	8.42	8.46	12123110	106566808.00
2022/06/02	8.44	9.09	8.17	8.89	11480501	98064224.00
2022/06/06	8.65	8.90	8.65	8.78	6511902	57169448.00
2022/06/07	8.81	9.25	8.77	8.97	8708870	78591504.00
2022/06/08	8.89	8.92	8.52	8.69	5737750	50027356.00
2022/06/09	8.69	8.70	8.45	8.46	3210520	27350198.00
2022/06/10	8.40	8.57	8.36	8.53	2575415	21908956.00
2022/06/13	8.47	8.64	8.37	8.63	2333063	20023926.00
2022/06/14	8.55	8.83	8.43	8.75	4340292	37601880.00
2022/06/15	8.67	8.80	8.64	8.68	3063792	26694760.00
2022/06/16	8.69	8.84	8.64	8.67	2537800	22175180.00
2022/06/17	8.60	8.79	8.54	8.70	2410990	20908440.00
2022/06/20	8.75	8.81	8.61	8.71	1973600	17200820.00
2022/06/21	8.74	9.73	8.66	9.23	12549723	116782408.00
2022/06/22	9.18	9.44	9.10	9.42	7313991	67882456.00
2022/06/23	9.31	9.75	9.21	9.61	7812739	74616992.00
2022/06/24	9.71	9.90	9.53	9.75	5331700	51668440.00
2022/06/27	9.96	10.08	9.70	10.04	5109110	50717500.00
2022/06/28	9.95	11.14	9.95	10.92	12106690	129148560.00
2022/06/29	10.88	13.10	10.78	11.99	39111623	480701536.00
2022/06/30	11.40	12.82	11.25	12.58	29961587	358796864.00
2022/07/01	12.51	12.81	12.10	12.40	13124849	162530624.00
2022/07/04	12.49	14.88	12.40	14.88	31093126	452563904.00
2022/07/05	15.50	17.31	15.05	16.80	44766519	714300480.00
2022/07/06	16.37	17.35	15.90	17.12	27462334	455313728.00
2022/07/07	16.55	20.54	15.96	19.75	43074089	808834624.00
2022/07/08	19.84	22.20	19.71	20.31	42280813	878856832.00
2022/07/11	19.99	22.70	19.97	21.90	32999890	706962944.00
2022/07/12	21.61	22.22	20.11	21.10	25303670	536474592.00
2022/07/13	21.31	23.31	21.11	22.83	29860937	664478400.00
2022/07/14	22.60	27.40	22.11	26.50	33927032	852313984.00
2022/07/15	27.02	27.45	24.75	26.00	34012989	876761600.00
2022/07/18	24.96	25.00	22.26	22.82	45539926	1073019392.00
2022/07/19	22.99	23.84	22.36	23.23	35921399	830770240.00
2022/07/20	22.80	22.85	18.58	21.55	35121104	768568064.00
2022/07/21	22.00	23.00	21.15	22.00	29423650	650824448.00
2022/07/22	21.84	24.35	21.83	23.24	31401487	722542656.00
2022/07/25	23.40	24.36	21.88	21.99	21726483	494720192.00
2022/07/26	22.00	23.95	20.61	23.51	29470206	664948032.00
2022/07/27	23.99	25.90	23.58	25.60	31230252	771968064.00
2022/07/28	25.52	27.30	24.58	25.83	28848894	754328064.00
2022/07/29	25.99	26.83	24.50	25.00	22691055	580937536.00
2022/08/01	25.01	26.00	23.80	25.50	24991757	622320960.00
2022/08/02	25.00	29.78	24.23	28.80	38828000	1048622976.00
2022/08/03	28.44	31.90	28.01	29.40	35371712	1065366272.00
2022/08/04	29.71	30.43	27.75	30.35	26995324	788807872.00
2022/08/05	30.10	32.23	29.50	31.80	25952815	807043008.00
2022/08/08	33.07	38.16	33.07	38.16	36026787	1303327104.00
2022/08/09	36.99	38.99	36.05	38.00	21899670	821370688.00
2022/08/10	35.51	38.49	34.75	36.98	23792418	867480192.00
2022/08/11	37.15	39.14	34.92	35.28	24128714	891796928.00
2022/08/12	36.07	37.90	35.44	36.58	24456700	900998848.00
2022/08/15	36.44	42.70	36.44	41.80	26070115	1053461312.00
2022/08/16	43.00	43.77	40.00	43.07	19343839	816977600.00
2022/08/17	42.21	45.00	41.60	42.01	15924059	682953600.00
2022/08/18	42.50	46.86	42.50	45.94	16596214	738840960.00
2022/08/19	46.00	46.59	41.00	41.61	27418038	1172321536.00
2022/08/22	42.00	44.48	41.70	42.12	19788870	849545216.00
2022/08/23	44.77	49.88	41.19	48.80	31869200	1465415296.00
2022/08/24	50.87	52.88	48.91	51.36	27142497	1376667008.00
2022/08/25	49.60	54.90	47.89	51.20	24838479	1263778944.00
2022/08/26	52.16	58.39	51.50	53.30	28337571	1541534848.00
2022/08/29	52.63	55.54	50.87	53.83	22587194	1208213248.00
2022/08/30	52.10	53.44	47.38	49.93	22534948	1144394752.00
2022/08/31	50.01	50.33	41.50	42.00	37415902	1674189184.00
2022/09/01	42.42	44.28	41.01	42.12	22743784	977823360.00
2022/09/02	41.87	42.12	38.50	39.66	35752830	1427829632.00
2022/09/05	40.25	43.13	39.70	41.58	30046017	1252580352.00
2022/09/06	41.61	49.90	41.61	49.90	33343996	1508223104.00
2022/09/07	49.80	54.85	48.00	54.54	32037737	1634027264.00
2022/09/08	52.28	54.88	51.10	52.50	23665252	1254157056.00
2022/09/09	53.00	53.88	47.42	48.83	23434075	1167339520.00
2022/09/13	50.51	50.98	40.47	41.02	38782769	1686258432.00
2022/09/14	39.77	42.92	39.77	41.50	26125618	1089135488.00
2022/09/15	41.78	42.02	37.54	39.19	30099439	1175612160.00
2022/09/16	38.48	38.99	35.72	35.89	29211621	1083985280.00
2022/09/19	36.33	37.20	35.36	36.85	20885565	759997312.00
2022/09/20	37.96	40.85	37.10	38.79	32558207	1268863104.00
2022/09/21	37.50	40.70	37.50	40.09	27715556	1085675008.00
2022/09/22	39.13	42.09	37.62	38.73	29700598	1179216128.00
2022/09/23	39.14	39.50	36.10	36.44	28299219	1053531008.00
2022/09/26	36.09	40.30	36.09	38.92	30160307	1163373440.00
2022/09/27	39.15	39.95	37.72	39.65	20487846	791766016.00
2022/09/28	40.00	40.95	36.70	37.99	21539759	830921664.00
2022/09/29	37.99	38.50	34.18	34.61	28933812	1022165440.00
2022/09/30	34.32	35.28	31.70	31.88	27222768	899442176.00
2022/10/10	32.00	33.33	31.50	31.71	15849003	509787008.00
2022/10/11	32.14	34.37	31.82	33.50	24308739	810272960.00
2022/10/12	33.33	34.18	30.25	34.00	29216401	939333120.00
2022/10/13	33.05	34.75	32.60	32.88	25221677	850473984.00
2022/10/14	33.45	33.64	30.26	31.38	35037461	1104202624.00
2022/10/17	30.40	31.10	29.70	30.68	21924800	666717056.00
2022/10/18	31.05	33.59	30.61	31.71	38004364	1213495808.00
2022/10/19	31.03	36.22	31.00	33.79	42817433	1459716224.00
2022/10/20	32.76	32.77	30.31	30.45	31373442	976908992.00
2022/10/21	29.97	30.60	28.91	29.05	27525240	814865408.00
2022/10/24	29.23	30.33	28.11	29.02	21874400	638616064.00
2022/10/25	28.98	30.80	28.41	30.16	23255776	692844160.00
2022/10/26	30.00	30.49	29.20	29.65	22927740	681569216.00
2022/10/27	29.57	30.58	26.68	26.79	37266564	1062677696.00
2022/10/28	26.59	27.40	25.58	26.10	26067180	687708544.00
2022/10/31	26.28	26.60	25.82	26.51	17383920	455133472.00
2022/11/01	26.11	27.39	26.01	27.27	25625727	687450048.00
2022/11/02	27.05	27.95	26.30	27.63	27480853	749064000.00
2022/11/03	27.50	28.88	27.20	27.63	31992103	897291200.00
2022/11/04	27.95	29.50	27.60	29.06	37967306	1088736384.00
2022/11/07	28.72	29.52	28.00	28.36	26113945	747041216.00
2022/11/08	28.14	28.89	26.80	28.89	22018021	610563520.00
2022/11/09	29.42	29.58	28.40	28.94	29784841	863074688.00
2022/11/10	28.47	29.16	27.73	27.73	20128406	571498688.00
2022/11/11	28.55	28.83	27.41	27.42	18866519	529292416.00
2022/11/14	27.22	27.74	26.08	26.42	18436360	492607808.00
2022/11/15	26.63	29.85	26.42	29.46	34118582	958371328.00
2022/11/16	29.50	30.65	28.07	28.55	34310986	1000808384.00
2022/11/17	28.20	28.82	26.92	27.78	21025250	579486400.00
2022/11/18	27.61	28.45	26.76	27.17	20053256	556226368.00
2022/11/21	26.80	28.47	26.70	28.04	19136157	531049792.00
2022/11/22	28.01	28.04	26.26	26.37	19669605	530206208.00
2022/11/23	26.50	27.35	25.30	27.06	21138022	556910016.00
2022/11/24	27.12	31.50	27.12	29.85	50901204	1503633536.00
2022/11/25	29.30	29.45	27.50	27.56	32534659	922293056.00
2022/11/28	26.51	28.20	26.49	27.33	20005188	550233344.00
2022/11/29	27.00	27.91	26.70	27.58	19394407	528691424.00
2022/11/30	27.36	28.92	27.25	28.55	29158645	826705216.00
2022/12/01	28.49	31.30	28.31	30.09	38382687	1150867456.00
2022/12/02	28.80	32.27	28.80	30.90	40854514	1250411520.00
2022/12/05	30.30	31.26	29.66	30.42	27153065	822180864.00
2022/12/06	30.00	31.99	30.00	31.30	27694550	860427584.00
2022/12/07	31.10	31.10	29.34	29.38	26350288	792437952.00
2022/12/08	29.38	30.38	28.66	29.21	19507173	575447936.00
2022/12/09	28.93	29.30	28.26	28.46	14478098	415099072.00
2022/12/12	28.30	28.46	27.45	28.05	13570038	378597920.00
2022/12/13	28.06	28.76	26.65	26.94	18961165	521122432.00
2022/12/14	26.96	27.44	26.57	27.40	13665249	369509184.00
2022/12/15	27.30	27.90	26.81	27.86	14222750	390326848.00
2022/12/16	27.35	27.54	25.72	26.02	18381729	485401824.00
2022/12/19	25.80	26.52	25.67	25.82	8975486	233653152.00
2022/12/20	25.82	26.20	25.55	26.08	8468487	219230480.00
2022/12/21	25.98	26.03	23.50	23.75	20804344	505448608.00
2022/12/22	23.90	24.00	22.86	22.92	14789472	344052288.00
2022/12/23	22.75	23.11	22.15	22.37	12649607	284107360.00
2022/12/26	22.30	24.11	22.25	23.91	18885580	443543200.00
2022/12/27	24.00	24.50	23.33	24.23	17120925	409699072.00
2022/12/28	24.37	24.37	23.15	23.32	12341270	290235616.00
2022/12/29	23.40	23.57	22.75	22.81	9700400	224475056.00
2022/12/30	23.16	23.71	22.65	23.26	12835545	299601536.00
2023/01/03	23.00	24.45	22.80	24.26	15596660	370159520.00
2023/01/04	24.28	24.46	23.40	23.55	12212700	290972480.00
2023/01/05	23.60	24.58	23.55	24.21	14561315	351463360.00
2023/01/06	24.15	25.50	23.98	24.50	23539132	583130880.00
2023/01/09	24.99	25.16	24.31	24.55	18488372	456344832.00
2023/01/10	24.88	25.14	24.50	24.70	13204464	326993568.00
2023/01/11	24.98	25.40	24.17	24.76	17000920	420986112.00
2023/01/12	24.96	24.96	23.24	23.42	21049480	502148416.00
2023/01/13	23.99	24.88	23.75	23.77	20682586	502010336.00
2023/01/16	23.88	24.00	23.38	23.40	14681290	346599808.00
2023/01/17	23.48	23.87	23.08	23.16	11327687	265132320.00
2023/01/18	23.48	24.15	23.17	23.72	12200576	288805440.00
2023/01/19	23.70	23.70	22.85	22.90	12739300	294538240.00
2023/01/20	23.08	23.71	23.01	23.63	13069341	306078432.00
2023/01/30	23.95	24.57	23.81	24.01	14519850	350471168.00
2023/01/31	24.02	24.83	24.01	24.48	17888710	436735680.00
2023/02/01	24.50	24.65	24.07	24.57	16525207	402367328.00
2023/02/02	24.57	24.68	24.20	24.49	11582793	282335232.00
2023/02/03	24.60	24.60	23.73	24.23	13318677	321432096.00
2023/02/06	23.90	24.28	23.84	23.90	8346700	200293856.00
2023/02/07	23.91	24.88	23.91	24.88	21580250	529539872.00
2023/02/08	24.78	25.40	24.46	24.50	19158250	477590880.00
2023/02/09	24.42	25.63	24.12	25.56	26112850	659029568.00
2023/02/10	25.31	25.55	24.88	25.09	15706730	395934272.00
2023/02/13	25.09	25.40	24.93	25.16	12461515	313151840.00
2023/02/14	25.18	25.21	24.37	24.55	14226845	350600032.00
2023/02/15	24.45	24.74	24.21	24.34	10938336	266533056.00
2023/02/16	24.38	24.40	22.71	22.87	20246010	476899744.00
2023/02/17	22.90	22.95	22.15	22.35	13276357	298360960.00
2023/02/20	22.46	22.46	21.33	21.77	16815280	364447456.00
2023/02/21	21.72	22.23	21.60	22.15	11257918	247448544.00
2023/02/22	22.00	22.31	21.83	22.00	7421609	163394112.00
2023/02/23	22.13	22.28	21.90	22.15	8173542	180660720.00
2023/02/24	22.17	22.21	21.68	21.79	6197930	135560432.00
2023/02/27	21.51	22.19	21.51	21.70	6613300	144580064.00
2023/02/28	21.76	22.10	21.40	21.96	7735030	168405008.00
2023/03/01	21.96	22.55	21.78	22.55	14144899	316022880.00
2023/03/02	22.40	22.79	22.14	22.19	11179885	250678720.00
2023/03/03	22.19	22.46	21.75	21.89	8386808	184512288.00
2023/03/06	22.00	22.38	21.79	22.38	8822168	195816912.00
2023/03/07	22.45	22.60	21.66	21.76	9692143	213768976.00
2023/03/08	21.53	22.59	21.42	22.59	13121060	291814912.00
2023/03/09	22.58	22.64	22.05	22.32	9277710	206794896.00
2023/03/10	22.32	24.17	22.25	23.34	26340312	612249152.00
2023/03/13	23.02	23.47	22.63	23.15	16516117	379026496.00
2023/03/14	23.15	23.19	21.90	22.23	15108130	338481568.00
2023/03/15	22.18	22.49	21.51	21.60	13245061	289437152.00
2023/03/16	21.33	21.45	19.60	19.69	19481972	395967616.00
2023/03/17	19.98	20.07	19.43	19.70	11830118	233202672.00
2023/03/20	19.62	20.16	18.96	20.09	15436696	302995712.00
2023/03/21	19.81	20.10	19.63	20.08	10623710	211100016.00
2023/03/22	20.40	20.48	20.06	20.25	9562710	193680768.00
2023/03/23	20.09	20.43	20.01	20.21	8180510	165137600.00
2023/03/24	20.10	20.83	20.04	20.56	14287560	292067328.00
2023/03/27	20.21	20.70	20.14	20.48	10101480	206663152.00
2023/03/28	20.52	20.52	19.85	19.91	9198920	184987744.00
2023/03/29	19.80	21.17	19.78	20.47	15391620	318191712.00
2023/03/30	20.25	20.49	19.85	20.08	9946550	199992880.00
2023/03/31	20.10	20.65	19.90	20.37	9489010	192435952.00
2023/04/03	20.31	21.03	20.25	20.87	12305292	254880544.00
2023/04/04	20.90	20.93	19.90	20.07	12615582	255878976.00
2023/04/06	19.96	20.34	19.86	20.25	8180010	164398704.00
2023/04/07	20.20	20.25	19.89	19.94	7019460	140472128.00
2023/04/10	20.00	20.48	19.94	20.36	12311480	249382768.00
2023/04/11	20.48	20.49	19.40	19.50	13728220	270741088.00
2023/04/12	19.34	20.81	19.11	20.71	22542883	454216480.00
2023/04/13	20.45	20.70	19.70	19.80	14810643	297591424.00
2023/04/14	19.77	20.10	19.73	19.76	7491241	148888864.00
2023/04/17	19.65	19.87	19.33	19.43	7583590	148185520.00
2023/04/18	19.58	19.90	19.30	19.57	8550400	167523552.00
2023/04/19	19.49	19.98	19.21	19.43	9624360	188356096.00
2023/04/20	19.40	19.60	18.91	19.03	9047430	172890704.00
2023/04/21	19.00	19.21	18.29	18.30	9270000	173282176.00
2023/04/24	18.62	18.67	18.25	18.40	6362120	117496912.00
2023/04/25	18.43	18.59	17.17	17.38	10593913	187103504.00
2023/04/26	17.52	18.33	17.52	18.02	12128180	219346704.00
2023/04/27	17.00	17.00	15.70	15.88	19889170	323247936.00
2023/04/28	16.11	16.95	16.11	16.80	15153850	251408384.00
2023/05/05	16.70	16.70	16.70	16.70	0	0.00
数据来源:通达信
