300532 今天国际 日线 不复权
      日期	    开盘	    最高	    最低	    收盘	    成交量	    成交额
2016/08/18	19.58	23.50	19.58	23.50	5700	130618.00
2016/08/19	25.85	25.85	25.85	25.85	2100	54285.00
2016/08/22	28.44	28.44	28.44	28.44	2184	62112.96
2016/08/23	31.28	31.28	31.28	31.28	1200	37536.00
2016/08/24	34.41	34.41	34.41	34.41	3000	103230.00
2016/08/25	37.85	37.85	37.85	37.85	4344	164420.41
2016/08/26	41.64	41.64	41.64	41.64	4000	166560.00
2016/08/29	45.80	45.80	45.80	45.80	7517	344278.59
2016/08/30	50.38	50.38	50.38	50.38	7338	369688.44
2016/08/31	55.42	55.42	55.42	55.42	13387	741907.56
2016/09/01	60.96	60.96	60.96	60.96	23100	1408176.00
2016/09/02	67.06	67.06	67.06	67.06	22500	1508850.00
2016/09/05	73.77	73.77	73.77	73.77	15181	1119902.38
2016/09/06	81.15	81.15	81.15	81.15	34480	2798052.00
2016/09/07	89.27	89.27	89.27	89.27	67079	5988142.50
2016/09/08	98.20	98.20	98.20	98.20	463710	45536320.00
2016/09/09	103.00	103.12	93.55	93.82	12945514	1288704768.00
2016/09/12	85.50	94.46	85.50	92.21	7397374	657482880.00
2016/09/13	95.61	97.20	92.00	93.00	6668363	631550592.00
2016/09/14	92.01	98.65	92.01	96.44	6432054	620455168.00
2016/09/19	96.32	96.90	91.50	92.40	5179550	482933792.00
2016/09/20	91.98	93.25	86.40	87.33	5465827	489342624.00
2016/09/21	87.00	87.87	85.03	85.85	3914104	337011136.00
2016/09/22	86.55	86.70	84.03	84.46	3496492	297640736.00
2016/09/23	83.93	85.93	82.40	82.52	3347423	282805152.00
2016/09/26	81.80	85.78	79.69	82.54	4308814	358005248.00
2016/09/27	81.50	88.15	81.50	88.01	4875597	412886240.00
2016/09/28	87.60	87.90	83.77	83.77	3981192	340571488.00
2016/09/29	83.15	91.49	82.50	88.90	5488888	479048704.00
2016/09/30	87.70	90.97	86.78	90.41	4236745	376521952.00
2016/10/10	91.45	99.45	89.75	98.30	6283387	602351360.00
2016/10/11	97.99	99.91	96.01	98.77	5214316	513142880.00
2016/10/12	97.00	99.56	96.00	97.38	3929021	383426528.00
2016/10/13	96.83	98.80	92.60	93.44	4651308	441780992.00
2016/10/14	92.58	95.52	92.22	94.00	2978951	279873632.00
2016/10/17	96.00	98.99	94.80	94.90	4108892	397627072.00
2016/10/18	93.20	95.31	91.19	95.31	3925319	363775488.00
2016/10/19	94.80	97.20	93.59	94.55	3285850	312318464.00
2016/10/20	94.68	96.49	91.20	91.84	3555792	331498560.00
2016/10/21	91.35	93.18	88.91	92.09	3431849	312445696.00
2016/10/24	92.09	92.57	89.03	90.91	2416161	219034560.00
2016/10/25	90.99	97.00	90.98	93.70	4486779	422698144.00
2016/10/26	93.00	97.20	91.91	97.00	4322126	410400832.00
2016/10/27	97.00	101.00	96.01	99.60	5512404	542661504.00
2016/10/28	98.70	99.00	95.57	96.94	4055292	393652576.00
2016/10/31	95.11	95.37	92.06	92.77	2800174	261177552.00
2016/11/01	92.80	95.39	92.80	94.40	2460672	231553776.00
2016/11/02	94.00	95.33	92.78	93.21	2590298	243092096.00
2016/11/03	92.46	94.97	90.03	94.15	3766186	348636192.00
2016/11/04	93.05	95.30	93.05	94.48	2972552	280297856.00
2016/11/07	94.50	97.00	93.50	93.90	2777874	264822736.00
2016/11/08	94.50	94.80	92.51	94.29	1996055	187299536.00
2016/11/09	94.20	94.88	91.00	94.00	2966598	276349504.00
2016/11/10	94.15	98.58	93.66	97.32	4920309	474072224.00
2016/11/11	97.40	100.88	96.00	100.55	5597686	551887488.00
2016/11/14	103.73	107.30	98.66	98.74	5254567	538143808.00
2016/11/15	96.80	98.60	94.30	95.54	3295760	316087648.00
2016/11/16	95.70	95.80	92.18	92.27	2472985	232327952.00
2016/11/17	91.79	92.48	91.20	91.40	1749589	160652672.00
2016/11/18	92.38	94.35	91.60	93.06	2300858	214821552.00
2016/11/21	92.19	94.86	92.19	93.78	2363727	221491600.00
2016/11/22	98.90	103.16	98.11	100.48	5728880	582197184.00
2016/11/23	98.69	103.20	96.60	102.01	5637351	564765888.00
2016/11/24	100.31	106.20	99.02	103.63	4771838	489658848.00
2016/11/25	101.99	113.99	101.50	113.99	8331818	917279936.00
2016/11/28	111.00	115.90	107.10	107.10	5738653	637271680.00
2016/11/29	105.66	109.66	102.04	102.50	4298564	455176704.00
2016/11/30	102.10	106.38	101.70	105.15	3696449	385989280.00
2016/12/01	104.03	109.86	103.23	105.16	4112239	437172320.00
2016/12/02	105.00	105.00	98.22	98.36	3954852	398835136.00
2016/12/05	95.36	97.94	93.72	96.30	2559159	244697616.00
2016/12/06	96.68	97.00	95.20	95.45	1484629	142559840.00
2016/12/07	95.80	96.68	92.20	96.48	1922980	181907568.00
2016/12/08	96.00	96.00	90.70	91.05	2767693	257425680.00
2016/12/09	90.89	92.36	88.44	89.20	1922582	173903536.00
2016/12/12	88.88	89.80	80.28	80.40	2610764	219296960.00
2016/12/13	79.50	81.80	77.60	80.67	1918017	153230256.00
2016/12/14	80.55	80.86	77.11	77.88	1646726	130698552.00
2016/12/15	78.00	81.40	77.91	80.41	1800808	144042736.00
2016/12/16	80.10	81.18	79.56	80.60	1322254	106244744.00
2016/12/19	80.80	81.40	78.11	78.99	1210169	96428448.00
2016/12/20	79.00	79.24	77.77	78.78	1062073	83257512.00
2016/12/21	78.86	79.50	77.90	79.19	1244548	98072344.00
2016/12/22	78.90	81.87	77.98	80.85	1816038	144788688.00
2016/12/23	80.30	80.59	73.11	75.00	2386560	184904336.00
2016/12/26	74.01	76.11	71.50	75.68	1382379	102466944.00
2016/12/27	75.68	76.07	74.80	74.90	844105	63556716.00
2016/12/28	74.60	75.80	74.01	74.17	770321	57711352.00
2016/12/29	74.40	74.65	72.01	72.57	1107803	81316784.00
2016/12/30	72.57	72.95	69.83	70.33	1244939	88935704.00
2017/01/03	71.00	72.58	70.60	72.11	1133526	81067872.00
2017/01/04	72.10	74.06	71.68	73.64	1258996	92388904.00
2017/01/05	73.13	73.98	71.85	72.75	1134860	82412344.00
2017/01/06	72.59	72.70	68.10	70.50	1852113	129761464.00
2017/01/09	69.88	70.49	68.51	70.08	922219	64012752.00
2017/01/10	70.11	71.00	69.50	70.00	705287	49635676.00
2017/01/11	69.87	70.40	68.80	68.89	805302	55910260.00
2017/01/12	68.90	71.48	68.90	69.60	773123	54023056.00
2017/01/13	69.85	70.45	65.85	66.04	1518817	103045288.00
2017/01/16	65.31	65.50	59.44	59.44	1948137	119899536.00
2017/01/17	59.11	64.00	56.67	62.56	2391089	141602112.00
2017/01/18	58.80	58.90	56.50	56.93	2303142	133169248.00
2017/01/19	55.95	58.30	54.70	56.55	1912712	108211072.00
2017/01/20	56.40	58.44	55.56	58.30	1674624	96686984.00
2017/01/23	57.80	58.98	57.79	58.50	1227365	71668696.00
2017/01/24	58.20	58.61	57.11	57.25	1011225	58663164.00
2017/01/25	57.52	58.45	57.11	58.25	904413	52508556.00
2017/01/26	58.47	58.73	57.89	58.08	794161	46233524.00
2017/02/03	58.38	58.38	57.21	57.37	590202	33960764.00
2017/02/06	57.75	61.20	57.40	59.95	1461048	86174880.00
2017/02/07	59.70	59.95	58.43	59.79	1301264	77092000.00
2017/02/08	59.51	60.79	59.06	60.46	1256113	75285256.00
2017/02/09	60.25	61.48	60.00	60.51	1450455	88212640.00
2017/02/10	60.28	61.32	57.88	58.00	1218530	72297064.00
2017/02/13	57.80	60.94	57.07	60.92	1539434	91294096.00
2017/02/14	61.00	61.78	60.20	60.42	1309277	79555560.00
2017/02/15	60.02	61.79	59.74	60.50	1416764	86088152.00
2017/02/16	59.90	60.32	59.04	59.54	902118	53824880.00
2017/02/17	59.21	59.88	58.32	58.62	988443	58470528.00
2017/02/20	58.38	59.07	56.50	59.00	1505908	86783712.00
2017/02/21	58.65	60.12	58.32	59.81	1037263	61653368.00
2017/02/22	60.10	60.43	58.08	59.19	1098016	65042060.00
2017/02/23	59.27	60.03	58.87	60.02	1112566	66321524.00
2017/02/24	60.15	61.95	59.71	61.34	1912390	116753584.00
2017/02/27	60.86	62.70	60.51	60.85	1457888	89950952.00
2017/02/28	60.53	65.50	60.52	63.48	2368633	149656592.00
2017/03/01	63.80	63.86	62.11	62.28	1758746	110194408.00
2017/03/02	62.28	62.60	61.15	61.20	1025390	63156036.00
2017/03/03	61.00	61.59	60.31	61.50	808103	49219540.00
2017/03/06	61.58	62.90	61.58	62.43	1262106	78701416.00
2017/03/07	62.80	63.87	62.50	63.81	1837558	116195960.00
2017/03/08	63.60	63.60	62.32	62.69	1156135	72771152.00
2017/03/09	62.69	63.45	61.80	62.22	885322	55198460.00
2017/03/10	62.30	64.40	62.06	63.42	1847928	117242280.00
2017/03/13	63.49	65.47	63.49	64.70	2045205	132005272.00
2017/03/14	64.44	70.97	64.33	68.60	4322216	290404128.00
2017/03/15	67.30	67.85	66.66	67.60	2657809	178604800.00
2017/03/16	67.70	70.85	67.70	68.78	2973916	206432064.00
2017/03/17	68.58	70.68	66.62	67.08	2689728	184770128.00
2017/03/20	67.00	67.77	65.58	67.77	1625337	108269112.00
2017/03/21	67.67	67.68	66.50	67.50	1348391	90424456.00
2017/03/22	66.93	68.30	65.70	68.30	1784507	119702296.00
2017/03/23	68.56	70.30	67.56	69.63	2763102	191232240.00
2017/03/24	69.20	70.19	68.51	69.60	1946836	135490464.00
2017/03/27	68.96	69.50	67.15	67.40	1416802	96504112.00
2017/03/28	67.45	67.85	65.02	65.05	1278855	84722032.00
2017/03/29	64.80	65.77	60.58	61.15	1456884	91955520.00
2017/03/30	60.78	61.45	58.50	58.77	1425108	85370512.00
2017/03/31	58.95	60.55	58.10	59.42	1331329	79014080.00
2017/04/05	59.92	60.96	58.41	60.35	962294	57551224.00
2017/04/06	61.50	62.85	60.66	60.89	1571262	97158296.00
2017/04/07	61.45	61.45	59.81	59.93	961381	58089896.00
2017/04/10	59.10	59.10	54.45	55.00	1852203	104292136.00
2017/04/11	54.84	56.77	54.40	56.65	1115488	62269368.00
2017/04/12	57.20	61.70	57.20	60.01	2085959	124453736.00
2017/04/13	59.88	60.68	58.41	58.58	1301005	77384464.00
2017/04/14	58.04	59.20	57.90	58.50	837936	49096408.00
2017/04/17	57.01	57.66	55.51	56.65	896118	50786812.00
2017/04/18	56.82	57.78	55.80	56.00	628348	35744292.00
2017/04/19	55.31	57.67	54.90	57.65	1079242	60925956.00
2017/04/20	57.60	58.18	55.76	56.50	654387	37207652.00
2017/04/21	56.88	58.10	56.41	56.70	835106	47865256.00
2017/04/24	56.58	57.48	54.01	55.00	659559	36200516.00
2017/04/25	55.01	56.26	54.90	55.88	605263	33752644.00
2017/04/26	55.80	57.30	55.45	57.08	615850	34908876.00
2017/04/27	54.00	55.20	51.37	54.62	2154439	114292312.00
2017/04/28	53.50	53.85	51.88	52.40	1763620	93148704.00
2017/05/02	52.10	52.85	51.91	52.18	759478	39701484.00
2017/05/03	52.30	52.87	51.51	52.35	679534	35348308.00
2017/05/04	52.49	53.50	52.42	52.67	1218437	64694892.00
2017/05/05	52.00	54.30	51.50	53.55	1384383	74023768.00
2017/05/08	53.75	54.58	52.03	52.37	835495	44731312.00
2017/05/09	52.37	53.65	51.60	53.40	658229	34786876.00
2017/05/10	29.30	29.97	27.47	27.96	2388484	68991768.00
2017/05/11	27.11	27.79	26.00	27.45	1845588	49850984.00
2017/05/12	27.41	28.43	27.06	27.19	2174269	60227884.00
2017/05/15	27.18	27.65	26.28	26.60	1667390	44500772.00
2017/05/16	26.40	27.57	26.01	27.45	1872262	50125184.00
2017/05/17	27.48	27.98	27.10	27.62	1659990	45713836.00
2017/05/18	27.26	28.18	27.11	27.64	1427701	39636008.00
2017/05/19	27.60	27.93	27.01	27.32	1046130	28857122.00
2017/05/22	27.32	27.56	25.08	25.68	1454801	38237232.00
2017/05/23	25.60	25.87	23.95	24.37	1726293	42507980.00
2017/05/24	24.25	24.36	23.51	24.19	1052379	25213480.00
2017/05/25	24.20	24.37	23.11	24.00	1174601	27910472.00
2017/05/26	24.20	24.32	23.76	24.08	1348104	32408892.00
2017/05/31	24.88	24.98	23.60	23.89	1890542	46074672.00
2017/06/01	23.60	23.79	22.20	22.24	1540752	35295572.00
2017/06/02	22.19	23.10	21.61	22.98	1039891	23493538.00
2017/06/05	23.36	23.60	22.88	22.99	900798	20916632.00
2017/06/06	23.00	23.39	22.49	23.20	884523	20363060.00
2017/06/07	23.01	24.50	23.01	24.15	2549217	61218996.00
2017/06/08	24.15	25.87	23.88	25.13	3540913	88583928.00
2017/06/09	25.09	25.11	24.31	24.95	2127156	52583212.00
2017/06/12	24.47	24.50	23.41	23.60	1623287	38933676.00
2017/06/13	23.56	24.38	23.47	24.18	1440274	34697484.00
2017/06/14	24.09	24.43	23.92	24.10	1095420	26438932.00
2017/06/15	24.10	25.84	24.09	25.47	3345190	84338024.00
2017/06/16	25.49	26.48	25.42	25.49	3417462	88193672.00
2017/06/19	25.33	26.19	25.30	25.55	1794380	46161080.00
2017/06/20	25.80	25.80	24.76	24.89	2240259	56624476.00
2017/06/21	24.73	25.39	24.73	25.16	1525843	38264072.00
2017/06/22	25.16	25.19	24.00	24.03	1898314	46527472.00
2017/06/23	23.85	24.39	23.37	24.15	1322073	31604164.00
2017/06/26	24.14	24.41	23.66	24.40	999060	24101966.00
2017/06/27	24.49	24.68	24.13	24.18	1105500	26991674.00
2017/06/28	23.99	24.38	23.41	23.58	1187401	28157826.00
2017/06/29	23.36	23.85	23.36	23.55	964215	22737112.00
2017/06/30	23.40	23.77	23.23	23.62	1010200	23769334.00
2017/07/03	23.65	24.36	23.65	24.31	1453564	35001300.00
2017/07/04	24.11	24.40	23.92	24.17	800562	19322110.00
2017/07/05	24.16	24.68	24.08	24.65	1578090	38534448.00
2017/07/06	24.65	24.98	24.11	24.42	1726923	42392308.00
2017/07/07	24.33	25.18	24.32	25.10	2170523	53947364.00
2017/07/10	24.82	24.98	24.22	24.25	1538986	37654696.00
2017/07/11	24.25	24.47	23.66	23.68	893667	21379730.00
2017/07/12	23.68	23.86	22.61	23.40	1283481	29652602.00
2017/07/13	23.40	23.40	22.75	22.91	900598	20718370.00
2017/07/14	22.88	22.88	22.18	22.67	1012460	22879918.00
2017/07/17	22.15	22.60	20.40	20.40	1512172	32214556.00
2017/07/18	20.05	20.80	19.80	20.32	1181502	23943428.00
2017/07/19	20.32	20.33	19.91	20.23	987521	19862254.00
2017/07/20	20.29	20.73	19.97	19.98	930680	18975318.00
2017/07/21	19.80	20.26	19.80	19.87	763658	15278118.00
2017/07/24	19.79	20.28	19.56	20.14	882038	17593416.00
2017/07/25	20.24	20.65	20.07	20.63	1295790	26491780.00
2017/07/26	20.64	20.84	20.09	20.78	1079842	22093712.00
2017/07/27	20.68	21.95	20.52	21.88	1796345	38412452.00
2017/07/28	21.88	21.88	21.36	21.38	1138596	24493418.00
2017/07/31	21.38	21.65	21.12	21.37	567454	12143574.00
2017/08/01	21.50	21.70	20.81	21.27	1098121	23355672.00
2017/08/02	21.28	21.75	20.92	21.66	1734822	37314136.00
2017/08/03	21.60	22.79	21.33	22.35	2311959	51276708.00
2017/08/04	22.32	24.20	22.32	23.89	3977166	93317248.00
2017/08/07	23.90	26.28	23.70	26.28	4240580	109144888.00
2017/08/08	26.85	28.10	25.76	26.74	7731948	208156352.00
2017/08/09	26.70	28.88	25.88	28.69	7400685	202828144.00
2017/08/10	28.29	28.72	26.81	27.01	5753377	158989504.00
2017/08/11	26.37	26.78	25.64	26.10	4114465	107189288.00
2017/08/14	25.91	26.80	25.64	26.38	4107596	107491704.00
2017/08/15	26.27	27.32	25.82	27.32	4069241	107491480.00
2017/08/16	26.88	27.88	26.70	26.97	4362172	119619768.00
2017/08/17	26.50	26.81	25.61	26.06	4494996	117552248.00
2017/08/18	25.61	25.99	24.90	25.20	3838421	97339960.00
2017/08/21	25.25	25.84	25.21	25.43	2277398	58110200.00
2017/08/22	25.67	26.52	25.49	26.27	3845782	100540472.00
2017/08/23	26.14	26.56	25.50	25.89	2365360	61616188.00
2017/08/24	25.61	25.88	25.05	25.49	2232486	56589100.00
2017/08/25	25.50	25.98	25.22	25.95	2160941	55699352.00
2017/08/28	26.10	27.19	26.10	26.70	3462779	92168136.00
2017/08/29	26.46	26.75	25.99	26.39	2596597	68282944.00
2017/08/30	26.31	26.56	26.10	26.28	1404154	36887772.00
2017/08/31	26.17	26.93	26.06	26.91	2398264	63513400.00
2017/09/01	26.96	27.21	26.35	26.68	2491828	66414992.00
2017/09/04	26.70	26.70	26.10	26.35	1747184	46062040.00
2017/09/05	26.22	27.98	26.22	27.93	4970405	135396192.00
2017/09/06	27.95	30.72	27.95	30.72	8697612	252899792.00
2017/09/07	30.70	30.72	29.22	29.40	7503660	224186016.00
2017/09/08	29.38	31.88	29.10	31.40	7148050	218860656.00
2017/09/11	31.00	32.29	30.73	31.16	4584771	143998032.00
2017/09/12	30.94	31.34	29.50	29.97	4644963	140335936.00
2017/09/13	29.90	31.99	29.54	29.99	2458380	74407584.00
2017/09/14	29.92	30.78	29.65	30.40	2462099	74356896.00
2017/09/15	30.14	31.45	29.90	29.90	3369892	103723688.00
2017/09/18	29.26	29.88	28.68	29.80	2286672	66812368.00
2017/09/19	29.53	30.46	29.09	29.29	2069040	61353544.00
2017/09/20	29.80	30.45	29.30	30.02	3001727	90185296.00
2017/09/21	30.00	30.34	29.48	30.03	2910371	87360040.00
2017/09/22	29.83	30.99	29.62	30.37	3566633	108717456.00
2017/09/25	30.27	30.67	28.86	28.99	2484433	74354408.00
2017/09/26	28.90	29.20	26.50	27.41	3252781	89944512.00
2017/09/27	27.39	27.74	27.04	27.27	1598623	43748232.00
2017/09/28	27.25	27.48	27.00	27.03	1380637	37600072.00
2017/09/29	26.88	27.29	26.82	26.90	1453940	39332524.00
2017/10/09	27.52	27.80	26.95	27.23	1831858	49841484.00
2017/10/10	27.22	28.48	27.09	28.48	2473062	68710080.00
2017/10/11	28.47	29.86	27.73	29.28	4259165	123121752.00
2017/10/12	29.07	30.49	28.70	29.00	4348362	128963256.00
2017/10/13	28.78	28.79	27.81	28.60	2506982	71071800.00
2017/10/16	29.52	31.00	28.61	28.70	4234937	125565632.00
2017/10/17	28.00	29.85	25.83	29.79	4025050	115699256.00
2017/10/18	29.80	30.20	28.68	28.83	2997957	88528256.00
2017/10/19	28.55	29.65	28.26	29.06	2308664	67100520.00
2017/10/20	28.90	30.96	28.90	30.96	6117520	184567856.00
2017/10/23	31.13	31.80	30.08	30.96	5399271	165883152.00
2017/10/24	30.66	30.76	29.76	30.46	3943790	119496432.00
2017/10/25	30.90	31.48	30.20	31.00	4941592	152475488.00
2017/10/26	30.52	30.77	30.20	30.45	3133393	95386464.00
2017/10/27	30.25	30.64	29.01	29.06	3405340	101286288.00
2017/10/30	29.05	29.50	27.30	27.50	2609862	73632176.00
2017/10/31	27.98	28.27	27.55	28.03	1846700	51476920.00
2017/11/01	28.24	28.47	27.83	28.27	1666740	46960260.00
2017/11/02	27.99	28.11	27.00	27.00	2305152	63116220.00
2017/11/03	27.02	27.35	26.55	27.16	1316880	35605568.00
2017/11/06	27.38	27.95	27.01	27.90	1593943	43948464.00
2017/11/07	27.90	28.08	27.40	27.85	1431016	39698340.00
2017/11/08	27.90	28.98	27.60	28.70	2389312	67908576.00
2017/11/09	28.61	28.81	28.30	28.63	1455012	41462408.00
2017/11/10	28.65	28.95	28.11	28.14	1807414	51383288.00
2017/11/13	28.51	30.44	28.51	29.17	4146034	122238080.00
2017/11/14	28.85	29.03	27.91	27.91	2840247	80606752.00
2017/11/15	27.65	27.65	26.90	26.95	2239448	60661932.00
2017/11/16	27.20	27.20	26.55	27.18	1160205	31350044.00
2017/11/17	26.95	27.30	25.00	25.04	2437236	63030896.00
2017/11/20	24.62	24.95	23.70	24.63	1743814	42262460.00
2017/11/21	24.63	24.79	23.91	24.30	1466262	35656748.00
2017/11/22	24.49	24.71	23.91	24.02	1246921	30285078.00
2017/11/23	23.91	23.97	22.51	22.51	2003340	46583432.00
2017/11/24	22.38	22.83	22.13	22.64	1093638	24774646.00
2017/11/27	22.48	23.03	22.32	22.40	759174	17281320.00
2017/11/28	22.39	23.21	22.31	23.20	1184869	27245498.00
2017/11/29	23.20	23.30	22.51	23.07	815012	18676660.00
2017/11/30	23.06	23.34	22.76	23.03	759873	17584936.00
2017/12/01	23.05	23.55	23.03	23.49	844788	19772886.00
2017/12/04	23.55	23.58	22.16	22.49	988608	22880408.00
2017/12/05	22.50	22.80	21.00	21.80	1573012	34355708.00
2017/12/06	21.52	22.36	21.52	22.33	1103751	24304476.00
2017/12/07	22.39	22.67	22.08	22.47	894543	20110938.00
2017/12/08	22.56	23.34	22.56	22.97	869449	20050454.00
2017/12/11	22.94	23.52	22.82	23.46	818513	19161592.00
2017/12/12	23.59	23.60	22.91	22.95	655991	15227104.00
2017/12/13	23.00	23.95	22.98	23.70	1132060	26677540.00
2017/12/14	23.54	23.68	23.16	23.21	1539760	35942360.00
2017/12/15	23.20	23.74	23.17	23.60	1123086	26356556.00
2017/12/18	23.69	23.79	22.75	23.50	1084493	25163956.00
2017/12/19	23.38	23.54	22.97	23.38	890320	20779726.00
2017/12/20	23.18	23.57	22.90	22.93	678260	15671276.00
2017/12/21	22.92	22.97	22.45	22.87	761320	17317252.00
2017/12/22	22.66	22.98	22.63	22.76	462052	10545807.00
2017/12/25	22.98	22.98	21.81	22.13	770222	17092918.00
2017/12/26	22.09	22.87	22.09	22.75	673752	15197584.00
2017/12/27	22.89	23.10	22.51	22.60	696022	15918246.00
2017/12/28	22.61	23.37	22.51	22.96	991666	22817358.00
2017/12/29	23.29	23.29	22.81	23.19	921340	21332202.00
2018/01/02	23.12	23.77	23.11	23.57	979782	22834576.00
2018/01/03	23.48	23.76	23.35	23.72	1089425	25676398.00
2018/01/04	23.77	24.29	23.74	23.78	1571945	37640368.00
2018/01/05	24.30	25.42	24.02	24.90	3619943	89787736.00
2018/01/08	24.70	24.70	24.10	24.45	2013613	49003888.00
2018/01/09	24.43	24.43	24.01	24.15	1145501	27719486.00
2018/01/10	24.30	24.60	23.79	23.98	1270141	30640436.00
2018/01/11	23.85	24.56	23.48	24.32	1601849	38510664.00
2018/01/12	24.35	24.35	23.86	23.90	880632	21114344.00
2018/01/15	23.89	23.90	22.79	23.05	1694810	39267292.00
2018/01/16	22.79	23.45	22.79	23.44	909824	21031234.00
2018/01/17	23.30	24.57	23.12	24.14	1525540	36450404.00
2018/01/18	24.00	24.18	23.58	24.12	1012291	24220392.00
2018/01/19	23.99	24.29	23.72	23.72	857940	20561630.00
2018/01/22	23.63	24.47	22.96	24.03	1555363	36980176.00
2018/01/23	24.16	24.16	23.70	23.85	785440	18776440.00
2018/01/24	23.75	24.47	23.65	24.36	1636783	39633240.00
2018/01/25	24.49	24.78	24.13	24.15	1631518	39916484.00
2018/01/26	24.10	24.23	23.80	23.89	936851	22446336.00
2018/01/29	24.00	24.00	23.03	23.03	1196800	28130270.00
2018/01/30	23.02	23.58	22.93	23.50	1259470	29108108.00
2018/01/31	23.50	23.50	22.85	23.15	1017047	23430166.00
2018/02/01	22.05	23.15	20.84	21.80	2207063	48937276.00
2018/02/02	22.28	22.28	21.16	21.40	1367789	29545052.00
2018/02/05	21.37	22.80	20.84	22.80	1799460	38933160.00
2018/02/06	22.04	22.76	22.02	22.19	1020469	22716784.00
2018/02/07	22.29	23.30	22.10	22.50	1128120	25485862.00
2018/02/08	22.41	22.90	22.32	22.46	508811	11505391.00
2018/02/09	21.81	22.22	21.51	21.99	635808	13952338.00
2018/02/12	22.30	22.88	22.11	22.78	957297	21543566.00
2018/02/13	22.88	23.28	22.45	22.70	1919261	43479508.00
2018/02/14	22.98	22.98	22.25	22.62	782340	17705026.00
2018/02/22	22.88	23.18	22.72	23.01	531340	12184454.00
2018/02/23	23.03	23.15	22.75	23.05	371540	8509994.00
2018/02/26	23.33	24.21	23.16	23.99	1552467	36913880.00
2018/02/27	24.12	24.44	23.87	24.00	1407118	33994652.00
2018/02/28	24.35	25.00	24.07	24.78	2380526	58645208.00
2018/03/01	24.31	25.45	24.13	25.42	4304559	107598136.00
2018/03/02	26.02	26.98	25.20	25.33	4619815	120446288.00
2018/03/05	25.30	25.79	24.91	25.65	3237870	81909216.00
2018/03/06	26.00	26.26	25.04	25.13	3135299	80200168.00
2018/03/07	24.92	25.66	24.80	25.08	1979213	49680868.00
2018/03/08	24.87	25.25	24.78	25.10	1748601	43700900.00
2018/03/09	25.46	26.53	25.13	26.21	4508413	116621208.00
2018/03/12	26.95	28.75	26.46	27.43	7184782	196509328.00
2018/03/13	27.30	29.00	26.80	28.09	7645305	214054736.00
2018/03/14	27.80	27.80	27.00	27.20	4282184	117346168.00
2018/03/15	26.81	27.52	26.08	27.18	3843010	102826608.00
2018/03/16	26.98	27.52	26.80	26.86	2004080	54419196.00
2018/03/19	26.90	27.88	26.50	27.50	2736707	74941768.00
2018/03/20	27.20	27.48	26.59	27.38	1960767	53093968.00
2018/03/21	27.66	27.75	26.00	26.20	2220153	59850896.00
2018/03/22	26.46	28.55	26.46	28.04	7475470	208275200.00
2018/03/23	27.05	28.80	26.70	27.94	7482766	208407040.00
2018/03/26	27.00	29.72	26.60	29.72	7588277	216295520.00
2018/03/27	31.20	31.72	29.78	30.40	13384048	409538816.00
2018/03/28	29.97	31.72	29.95	30.33	8633730	267407600.00
2018/03/29	30.38	31.08	29.08	30.50	6693934	201819344.00
2018/03/30	30.72	32.98	30.37	31.60	7593822	240645472.00
2018/04/02	32.73	32.98	31.33	31.65	7078375	227488704.00
2018/04/03	30.57	31.26	29.85	30.71	5761462	175002320.00
2018/04/04	30.90	31.70	30.00	30.03	4118002	127327376.00
2018/04/09	29.80	30.77	28.84	30.21	3376778	101044416.00
2018/04/10	30.30	30.32	29.11	30.00	3396619	100826408.00
2018/04/11	30.00	32.73	30.00	31.71	6346656	199846992.00
2018/04/12	31.50	32.27	31.23	31.41	3426392	108337472.00
2018/04/13	31.31	31.69	29.91	30.11	4775359	145631296.00
2018/04/16	29.97	31.35	29.60	30.98	3987491	122578408.00
2018/04/17	30.95	31.29	29.30	29.34	3098816	93172904.00
2018/04/18	30.00	31.98	29.60	31.71	5054666	155012528.00
2018/04/19	31.60	32.20	31.13	32.05	4888200	154939296.00
2018/04/20	31.60	32.17	30.89	31.20	3171318	100027520.00
2018/04/23	31.30	31.99	29.85	30.65	2672597	82207128.00
2018/04/24	30.36	33.72	30.36	33.72	6147561	201026576.00
2018/04/25	34.00	36.20	33.76	35.15	10124517	353881600.00
2018/04/26	35.10	35.49	34.14	34.65	5131749	179072832.00
2018/04/27	35.34	36.17	34.35	35.09	5661277	199610272.00
2018/05/02	35.08	36.58	34.93	36.09	4561178	163444560.00
2018/05/03	35.81	36.35	34.21	35.95	3871086	137007136.00
2018/05/04	36.00	36.00	34.45	35.19	3749478	131308632.00
2018/05/07	35.20	37.25	34.67	36.82	5079393	184309536.00
2018/05/08	36.60	36.82	35.87	36.30	2919483	105710456.00
2018/05/09	36.20	36.24	35.22	35.62	2193068	78275904.00
2018/05/10	19.88	20.20	18.76	19.81	7970674	155251952.00
2018/05/11	19.49	19.92	18.79	18.85	5502751	105819096.00
2018/05/14	18.69	19.19	18.03	18.39	5986034	110514280.00
2018/05/15	18.44	18.94	18.24	18.89	4866505	90917952.00
2018/05/16	18.78	19.25	18.12	18.15	4937438	92257608.00
2018/05/17	18.20	18.48	17.81	18.38	3760656	68412984.00
2018/05/18	18.32	18.32	17.38	17.77	4833640	85933656.00
2018/05/21	17.77	18.18	17.70	17.84	4241382	76105896.00
2018/05/22	17.83	18.48	17.76	18.38	4994075	90770680.00
2018/05/23	18.25	19.00	18.10	18.60	7009205	130459456.00
2018/05/24	18.40	18.93	18.38	18.45	3924551	72947784.00
2018/05/25	18.38	18.50	17.30	17.80	5044624	89729792.00
2018/05/28	17.78	17.78	16.33	16.60	7472927	126028856.00
2018/05/29	16.48	16.94	16.36	16.56	2885600	48259724.00
2018/05/30	16.15	16.43	15.60	15.90	4639428	74030000.00
2018/05/31	16.01	16.56	15.94	16.28	3586010	58299128.00
2018/06/01	16.11	16.70	15.86	16.10	3024111	49109680.00
2018/06/04	16.38	16.38	15.30	15.77	3793068	59476492.00
2018/06/05	15.76	17.10	15.73	16.93	4819742	79536984.00
2018/06/06	16.93	17.69	16.81	17.33	5876431	101919808.00
2018/06/07	17.30	17.33	16.91	17.17	1863807	31882994.00
2018/06/08	17.30	17.64	16.95	17.46	2801167	48470592.00
2018/06/11	17.24	17.56	16.78	17.49	2925920	50139976.00
2018/06/12	17.40	17.42	16.90	17.08	2765800	47262668.00
2018/06/13	16.81	16.92	15.91	16.28	4566640	74331408.00
2018/06/14	16.20	16.46	16.00	16.24	1651610	26897586.00
2018/06/15	16.22	16.36	15.80	15.86	1854978	29708974.00
2018/06/19	15.70	15.95	14.31	14.75	3149416	47408956.00
2018/06/20	14.75	15.47	14.54	15.45	2996304	45328328.00
2018/06/21	15.49	15.49	14.76	15.01	2428626	36667728.00
2018/06/22	15.00	15.73	14.61	15.49	2773199	42776380.00
2018/06/25	15.79	15.80	15.25	15.33	1643636	25493318.00
2018/06/26	15.21	16.12	14.52	15.94	2757066	43523368.00
2018/06/27	15.94	16.88	15.75	16.59	3750650	61497036.00
2018/06/28	16.60	16.61	16.22	16.61	2697553	44352296.00
2018/06/29	16.57	17.88	16.30	17.47	6228365	107627640.00
2018/07/02	17.60	17.80	17.12	17.42	2440220	42525492.00
2018/07/03	17.35	17.59	16.42	17.37	4720255	80197800.00
2018/07/04	17.24	17.24	16.15	16.65	4758506	78840984.00
2018/07/05	16.41	16.57	15.73	15.98	3490968	56250120.00
2018/07/06	16.03	16.53	15.55	16.33	4394091	70783752.00
2018/07/09	16.30	17.10	16.18	17.09	4835734	80020824.00
2018/07/10	16.98	17.43	16.70	17.30	3990643	68059256.00
2018/07/11	16.90	17.50	16.27	16.79	3753809	63272464.00
2018/07/12	16.81	17.56	16.66	16.88	8004092	137176624.00
2018/07/13	16.60	16.86	16.00	16.47	6625876	108404184.00
2018/07/16	16.25	16.40	15.90	16.19	3872264	62359176.00
2018/07/17	16.15	16.46	16.01	16.38	2999331	48897040.00
2018/07/18	16.45	16.55	15.89	15.94	2861933	46152600.00
2018/07/19	15.94	16.06	15.03	15.36	3902430	60344584.00
2018/07/20	15.15	15.83	15.15	15.76	2755381	43116096.00
2018/07/23	15.76	16.88	15.58	16.84	6345351	104447672.00
2018/07/24	16.85	17.19	16.71	16.89	5262779	89172656.00
2018/07/25	16.95	17.30	16.89	16.95	3689664	63088696.00
2018/07/26	16.98	17.20	16.66	17.09	2675649	45193364.00
2018/07/27	17.00	17.00	16.29	16.40	3836806	63396320.00
2018/07/30	16.27	16.58	15.46	15.80	3391294	53995104.00
2018/07/31	15.67	15.98	15.60	15.90	1454652	23011896.00
2018/08/01	15.91	16.25	15.63	15.69	1789178	28577434.00
2018/08/02	15.75	15.76	14.83	15.08	3083109	46508240.00
2018/08/03	15.06	15.18	14.50	14.50	1705620	25440832.00
2018/08/06	14.60	14.85	13.88	13.98	2738567	39127136.00
2018/08/07	14.06	14.61	13.89	14.58	2343631	33643408.00
2018/08/08	14.42	14.73	14.09	14.20	1526884	22004300.00
2018/08/09	14.00	15.09	14.00	14.82	2589600	38225228.00
2018/08/10	14.80	15.05	14.80	14.93	1471705	21921558.00
2018/08/13	14.62	15.49	14.60	15.38	2750913	41791680.00
2018/08/14	15.38	15.47	14.97	15.06	1752536	26525372.00
2018/08/15	15.06	15.18	14.56	14.80	1447409	21472196.00
2018/08/16	14.67	14.87	14.36	14.48	1605900	23470314.00
2018/08/17	14.65	14.89	14.30	14.48	1611930	23563956.00
2018/08/20	14.52	14.56	13.61	14.28	2392784	33622296.00
2018/08/21	14.28	14.59	14.17	14.47	1383696	19931302.00
2018/08/22	14.47	14.64	14.13	14.17	1208780	17395912.00
2018/08/23	14.00	14.58	14.00	14.51	1774047	25554118.00
2018/08/24	14.38	14.58	14.23	14.25	1408411	20292944.00
2018/08/27	14.40	14.89	14.25	14.84	2803936	41030148.00
2018/08/28	14.75	15.20	14.65	14.92	2623191	39253240.00
2018/08/29	14.92	15.07	14.55	14.61	1645244	24178512.00
2018/08/30	14.66	14.82	14.48	14.67	1428578	20943552.00
2018/08/31	14.56	14.64	13.50	13.64	4434060	62037816.00
2018/09/03	13.64	13.64	12.28	12.82	4985044	63191296.00
2018/09/04	12.72	13.05	12.50	12.79	2706386	34665956.00
2018/09/05	12.81	13.24	12.45	12.50	3435922	44359012.00
2018/09/06	12.60	12.76	12.34	12.64	3070476	38597112.00
2018/09/07	12.59	12.91	12.31	12.41	2752077	34586756.00
2018/09/10	12.45	12.58	11.90	12.02	2239392	27281768.00
2018/09/11	12.03	12.36	11.93	12.25	1559365	19018422.00
2018/09/12	12.35	12.39	12.08	12.20	1358296	16624007.00
2018/09/13	12.38	12.42	12.10	12.39	1546536	18996484.00
2018/09/14	12.31	12.40	11.91	11.92	2419054	29216618.00
2018/09/17	11.90	11.90	11.17	11.30	3038041	34701116.00
2018/09/18	11.31	11.74	11.21	11.68	3394110	38936392.00
2018/09/19	11.63	11.96	11.55	11.79	2534081	29851894.00
2018/09/20	11.86	11.93	11.68	11.75	1828038	21536230.00
2018/09/21	11.87	11.95	11.68	11.85	1731342	20499940.00
2018/09/25	11.85	11.96	11.71	11.83	1562845	18488540.00
2018/09/26	11.83	12.15	11.62	12.06	3485706	41574752.00
2018/09/27	11.98	11.98	11.28	11.31	3897572	45402212.00
2018/09/28	11.34	12.44	11.34	12.16	4878367	58563048.00
2018/10/08	12.02	12.07	11.29	11.40	4060956	47420444.00
2018/10/09	11.55	11.67	11.30	11.42	2673488	30754154.00
2018/10/10	11.47	11.98	11.42	11.68	2861994	33474678.00
2018/10/11	11.20	11.36	10.51	10.51	4223412	45556248.00
2018/10/12	10.34	10.58	9.90	10.36	3104957	31779058.00
2018/10/15	9.40	9.75	9.32	9.32	4869978	46273140.00
2018/10/16	9.04	9.44	8.80	9.10	3818016	34861880.00
2018/10/17	9.32	9.40	8.95	9.07	2952143	27036992.00
2018/10/18	9.09	9.19	8.67	8.90	3480289	31230962.00
2018/10/19	8.66	9.38	8.66	9.20	4324992	39391656.00
2018/10/22	9.38	10.12	9.23	10.12	5557905	54341820.00
2018/10/23	10.37	10.37	9.56	9.75	5395175	53566432.00
2018/10/24	10.32	10.73	9.88	9.91	5367809	54912744.00
2018/10/25	9.49	9.74	9.40	9.62	3610660	34507576.00
2018/10/26	9.72	9.74	9.27	9.30	3577536	34062852.00
2018/10/29	9.16	10.23	9.11	10.23	6109481	61404500.00
2018/10/30	10.25	10.37	9.65	10.02	10235782	101750256.00
2018/10/31	9.85	10.06	9.82	10.01	6112022	60759012.00
2018/11/01	10.09	10.30	9.95	9.98	7252814	73373432.00
2018/11/02	10.09	10.39	10.04	10.35	6882620	70090232.00
2018/11/05	10.28	10.52	9.98	10.27	5771528	59039064.00
2018/11/06	10.28	10.46	10.03	10.18	4590269	46752616.00
2018/11/07	10.14	10.33	10.10	10.10	3181742	32438160.00
2018/11/08	10.14	10.23	9.83	9.90	3681856	36802080.00
2018/11/09	9.93	10.08	9.76	9.78	2869244	28418124.00
2018/11/12	9.80	10.20	9.80	10.19	3711096	37315440.00
2018/11/13	10.08	10.38	10.02	10.27	4843065	49586596.00
2018/11/14	10.32	10.71	10.25	10.70	7930652	83210376.00
2018/11/15	10.48	11.48	10.45	11.36	9261473	102071256.00
2018/11/16	11.25	11.54	11.09	11.39	6048387	68245152.00
2018/11/19	11.40	11.40	11.00	11.10	3376659	37537660.00
2018/11/20	11.02	11.60	11.02	11.11	5423827	61336580.00
2018/11/21	10.95	12.09	10.80	11.63	7134385	81993632.00
2018/11/22	11.65	11.90	11.11	11.11	5180225	59021528.00
2018/11/23	11.11	11.27	10.33	10.41	5166432	55413788.00
2018/11/26	10.27	10.60	10.02	10.13	2729552	27984764.00
2018/11/27	10.19	10.39	10.10	10.22	1755839	17966178.00
2018/11/28	10.26	10.46	10.01	10.41	1851860	19043938.00
2018/11/29	10.57	10.57	10.03	10.05	2180522	22375430.00
2018/11/30	10.06	10.20	9.80	10.19	2095171	21022908.00
2018/12/03	10.30	10.65	10.30	10.48	2515842	26467904.00
2018/12/04	10.49	10.63	10.42	10.60	1893868	19922250.00
2018/12/05	10.40	10.54	10.31	10.47	1801380	18779792.00
2018/12/06	10.32	10.42	10.08	10.17	2166097	22139838.00
2018/12/07	10.17	10.88	10.17	10.76	4362126	46032468.00
2018/12/10	10.59	10.80	10.49	10.58	2130534	22610674.00
2018/12/11	10.65	10.79	10.54	10.67	1862520	19868586.00
2018/12/12	10.63	10.71	10.57	10.67	1460564	15556867.00
2018/12/13	10.66	11.11	10.66	10.69	8341075	90931952.00
2018/12/14	10.73	10.96	10.39	10.56	4990750	53056416.00
2018/12/17	10.40	10.49	10.11	10.42	1923720	19835866.00
2018/12/18	10.37	10.48	10.31	10.41	1513600	15716667.00
2018/12/19	10.49	10.49	10.10	10.14	1066800	10927453.00
2018/12/20	10.14	10.26	10.11	10.17	872232	8874872.00
2018/12/21	10.19	10.25	10.12	10.20	1086256	11066363.00
2018/12/24	10.20	10.37	10.15	10.35	1206224	12401698.00
2018/12/25	10.17	10.47	10.06	10.41	1904582	19582742.00
2018/12/26	10.45	10.55	10.30	10.41	1380400	14393422.00
2018/12/27	10.59	10.60	10.13	10.18	1486704	15392446.00
2018/12/28	10.22	10.24	10.02	10.04	1389740	14033377.00
2019/01/02	10.05	10.18	10.00	10.00	753574	7574177.00
2019/01/03	10.09	10.09	9.91	10.00	1108520	11085961.00
2019/01/04	9.83	10.46	9.82	10.41	3379233	34239052.00
2019/01/07	10.42	10.74	10.31	10.64	3828262	40235296.00
2019/01/08	10.57	10.73	10.54	10.58	2208446	23490800.00
2019/01/09	10.57	10.83	10.43	10.47	1980636	21077492.00
2019/01/10	10.44	10.64	10.40	10.59	1739476	18299536.00
2019/01/11	10.60	10.70	10.40	10.66	1346084	14236331.00
2019/01/14	10.63	10.73	10.38	10.42	1266421	13292592.00
2019/01/15	10.28	11.16	10.28	10.92	5912816	64469780.00
2019/01/16	10.85	11.00	10.79	10.87	3180434	34664008.00
2019/01/17	10.72	10.86	10.44	10.46	2765856	29278614.00
2019/01/18	10.43	10.60	10.35	10.57	1471928	15448975.00
2019/01/21	10.59	10.64	10.44	10.47	1660480	17485596.00
2019/01/22	10.49	10.55	10.15	10.23	2103500	21626784.00
2019/01/23	10.23	10.34	10.14	10.30	1023508	10487519.00
2019/01/24	10.22	10.45	10.22	10.32	1168741	12079016.00
2019/01/25	10.34	10.37	10.11	10.34	1285024	13212513.00
2019/01/28	10.42	10.42	10.22	10.31	1430728	14747578.00
2019/01/29	10.39	10.98	10.19	10.64	3900349	41467028.00
2019/01/30	10.47	10.80	10.47	10.55	2872204	30576140.00
2019/01/31	10.50	10.97	10.49	10.96	4327563	46538272.00
2019/02/01	11.02	11.09	10.83	11.05	3060719	33542092.00
2019/02/11	11.05	11.32	10.90	11.26	3700133	41144852.00
2019/02/12	11.19	11.49	11.17	11.36	2999372	33970312.00
2019/02/13	11.40	11.44	11.29	11.38	3034413	34482320.00
2019/02/14	11.38	11.90	11.27	11.77	4905681	57301776.00
2019/02/15	11.89	11.89	11.63	11.63	2613339	30680800.00
2019/02/18	11.69	12.51	11.62	12.38	5120808	61563840.00
2019/02/19	12.20	12.41	11.82	12.05	4262615	51564148.00
2019/02/20	12.10	12.10	11.72	11.80	2712254	32087466.00
2019/02/21	11.80	12.24	11.72	11.77	3260042	38963836.00
2019/02/22	11.68	12.07	11.54	12.07	4508112	53120000.00
2019/02/25	12.25	13.28	12.16	13.28	6997891	89692896.00
2019/02/26	14.00	14.61	13.73	14.61	9169869	131848520.00
2019/02/27	15.30	15.30	13.91	14.23	13660349	196562800.00
2019/02/28	14.11	14.23	13.65	14.20	4284428	59216288.00
2019/03/01	14.14	14.17	13.49	13.70	5284121	72063688.00
2019/03/04	13.78	14.15	13.33	14.04	8623365	120194184.00
2019/03/05	13.91	14.52	13.74	14.39	9044747	126706880.00
2019/03/06	14.45	14.49	14.14	14.44	6118442	87443152.00
2019/03/07	14.72	15.33	14.23	14.45	13436573	199057664.00
2019/03/08	14.15	14.53	13.72	14.27	10733663	151843088.00
2019/03/11	14.11	14.89	14.00	14.89	10233027	148010352.00
2019/03/12	14.93	15.77	14.60	15.56	15152712	231963584.00
2019/03/13	15.40	15.40	14.79	15.00	8093685	121473560.00
2019/03/14	14.99	15.09	14.32	15.08	6641164	98668128.00
2019/03/15	15.28	15.30	14.69	14.77	5030589	75185080.00
2019/03/18	14.70	14.84	14.28	14.69	4966333	72886520.00
2019/03/19	14.88	14.88	14.50	14.70	2373704	34766288.00
2019/03/20	14.75	15.40	14.31	15.08	3149314	46239388.00
2019/03/21	15.09	15.09	14.78	14.90	3681824	54953572.00
2019/03/22	14.77	15.17	14.72	14.92	1885603	28094114.00
2019/03/25	14.66	14.97	14.38	14.41	2443050	35946900.00
2019/03/26	14.41	15.10	14.26	14.26	4516712	66247496.00
2019/03/27	14.17	14.79	13.96	14.15	2475504	35030904.00
2019/03/28	14.10	14.48	13.87	13.87	1865772	26376784.00
2019/03/29	13.87	14.43	13.80	14.33	2408906	34191776.00
2019/04/01	14.33	15.21	14.33	15.02	4578291	68255120.00
2019/04/02	15.11	15.11	14.47	14.68	6711860	98747320.00
2019/04/03	14.52	15.09	14.42	14.94	8239362	121809280.00
2019/04/04	15.09	15.62	14.77	15.55	13913823	211457680.00
2019/04/08	15.42	16.36	15.42	15.69	13634956	215717184.00
2019/04/09	15.53	15.95	15.32	15.49	7963350	124626040.00
2019/04/10	15.26	15.78	15.04	15.51	6943828	106648320.00
2019/04/11	15.55	15.61	14.98	15.08	3055574	46340300.00
2019/04/12	15.08	15.24	14.76	15.08	3841287	57551720.00
2019/04/15	15.14	15.27	14.70	14.70	2125468	31808390.00
2019/04/16	14.60	15.15	14.40	14.86	2721393	40090744.00
2019/04/17	14.76	15.08	14.73	14.88	2847496	42311836.00
2019/04/18	14.85	14.88	14.61	14.70	1554175	22886294.00
2019/04/19	14.68	15.47	14.68	15.44	5847008	88816416.00
2019/04/22	15.35	15.65	15.16	15.22	3326877	51001160.00
2019/04/23	15.22	16.74	15.22	16.00	11898857	191612240.00
2019/04/24	16.26	16.48	15.48	16.02	12628540	201260336.00
2019/04/25	15.94	16.21	15.36	15.50	9623740	153520112.00
2019/04/26	15.45	15.81	14.90	15.20	5438573	83283448.00
2019/04/29	15.18	15.60	14.50	15.28	6345740	95549024.00
2019/04/30	15.28	16.20	15.00	15.60	6756024	105018416.00
2019/05/06	14.76	14.80	14.04	14.46	5700962	82133624.00
2019/05/07	14.44	14.89	14.31	14.69	6041232	88333288.00
2019/05/08	14.38	14.90	14.00	14.43	3021813	44183072.00
2019/05/09	14.35	14.55	14.13	14.28	2968736	42579380.00
2019/05/10	14.44	14.80	13.90	14.50	6617658	95208936.00
2019/05/13	14.40	14.67	14.20	14.39	3752727	54296624.00
2019/05/14	14.10	14.66	14.05	14.37	6082776	87878184.00
2019/05/15	14.49	14.80	14.45	14.71	5577682	81322728.00
2019/05/16	14.64	15.10	14.60	15.10	6051369	90190552.00
2019/05/17	15.03	15.27	14.37	14.48	5406152	80255768.00
2019/05/20	14.40	15.08	14.14	14.86	5101528	74684632.00
2019/05/21	14.88	15.85	14.60	15.60	10554613	162852016.00
2019/05/22	15.56	15.90	15.32	15.82	9480049	148629936.00
2019/05/23	15.85	15.92	15.40	15.56	6990660	109227976.00
2019/05/24	15.35	15.66	15.08	15.40	4876381	74929144.00
2019/05/27	15.43	15.98	15.21	15.93	9927161	155758272.00
2019/05/28	16.00	16.00	15.25	15.39	10179655	159189376.00
2019/05/29	15.08	15.77	15.01	15.70	8107026	124983976.00
2019/05/30	15.59	15.69	14.70	15.15	8433456	127773120.00
2019/05/31	15.20	15.40	15.07	15.11	3684000	56142452.00
2019/06/03	15.19	15.50	14.70	14.75	3908644	58998436.00
2019/06/04	14.69	14.89	14.26	14.50	3976340	57989536.00
2019/06/05	14.57	14.70	14.28	14.40	2532562	36667672.00
2019/06/06	14.50	14.58	14.25	14.57	3919748	56637972.00
2019/06/10	14.70	15.45	14.57	15.30	4932928	74663928.00
2019/06/11	15.25	15.65	15.00	15.53	6813125	105053376.00
2019/06/12	15.62	15.90	15.42	15.52	4906160	76650560.00
2019/06/13	15.47	16.06	15.38	15.88	7084368	111708504.00
2019/06/14	15.83	15.98	15.25	15.38	5468351	85149624.00
2019/06/17	15.56	16.17	15.31	16.15	8710044	138276496.00
2019/06/18	16.10	16.12	15.50	15.76	5741635	90919600.00
2019/06/19	15.99	16.73	15.70	15.77	8478876	137229328.00
2019/06/20	15.76	16.96	15.38	16.70	11417410	185754064.00
2019/06/21	16.85	17.33	16.54	16.75	10905056	184633456.00
2019/06/24	16.79	16.92	16.35	16.49	5005111	82868224.00
2019/06/25	16.49	16.63	15.60	15.95	6696672	106888416.00
2019/06/26	15.80	15.87	15.41	15.81	3903872	61268624.00
2019/06/27	15.81	16.03	15.53	15.56	4285284	67330200.00
2019/06/28	15.50	15.56	14.88	15.20	5301800	80073768.00
2019/07/01	15.50	16.19	15.47	15.95	7049784	111822272.00
2019/07/02	15.90	16.67	15.76	16.52	6408195	104170712.00
2019/07/03	16.70	16.91	15.78	16.46	7330024	118396040.00
2019/07/04	16.47	17.13	16.33	16.88	11187047	188775792.00
2019/07/05	17.28	18.30	16.88	17.80	12734075	224769728.00
2019/07/08	17.89	18.38	17.20	17.90	11411737	202618560.00
2019/07/09	17.88	18.16	16.55	17.90	15220452	260213248.00
2019/07/10	17.63	19.66	16.89	17.52	12410738	223219632.00
2019/07/11	17.30	17.32	16.03	16.27	13861602	228946512.00
2019/07/12	16.15	16.15	15.19	15.64	15892016	246048256.00
2019/07/15	15.59	16.46	15.38	16.20	8679738	138530256.00
2019/07/16	16.26	16.95	16.18	16.80	8275738	137739904.00
2019/07/17	16.85	17.22	16.27	16.88	10759324	179688112.00
2019/07/18	16.95	17.86	16.38	17.11	12326942	210003024.00
2019/07/19	17.48	17.66	16.96	17.08	9425568	163024176.00
2019/07/22	17.00	17.20	16.39	16.70	8638504	145482944.00
2019/07/23	16.80	17.10	16.22	16.22	10468889	174163088.00
2019/07/24	16.48	16.48	15.40	15.75	23984008	377495296.00
2019/07/25	15.70	15.70	14.83	14.93	19504751	294878624.00
2019/07/26	14.85	15.06	14.40	15.00	10248088	151610416.00
2019/07/29	15.18	15.20	14.89	14.90	7483234	112352112.00
2019/07/30	14.86	15.10	14.28	14.45	13072738	191702112.00
2019/07/31	14.48	14.50	13.80	14.09	11997729	168996912.00
2019/08/01	13.95	14.35	13.83	13.99	9334164	131122936.00
2019/08/02	13.83	14.28	13.43	14.08	10697520	147433072.00
2019/08/05	13.97	14.29	13.88	14.09	9921616	139850880.00
2019/08/06	13.88	14.18	13.67	14.08	9072264	126598800.00
2019/08/07	14.35	14.79	14.10	14.40	16948380	244716800.00
2019/08/08	14.50	14.52	13.75	13.83	14963551	210105424.00
2019/08/09	13.93	14.00	13.15	13.64	14059519	189661840.00
2019/08/12	13.49	13.99	13.36	13.70	15065953	206612608.00
2019/08/13	13.65	13.67	12.66	12.83	15185509	199748416.00
2019/08/14	12.94	13.00	12.36	12.38	13183964	166887680.00
2019/08/15	11.99	12.04	11.60	11.99	11802112	139500720.00
2019/08/16	12.04	12.09	11.80	11.80	8212017	97942856.00
2019/08/19	12.06	12.98	12.01	12.98	15659901	197048288.00
2019/08/20	13.03	13.45	12.90	12.91	18086508	237134336.00
2019/08/21	12.80	12.98	12.68	12.84	9076313	116315376.00
2019/08/22	12.84	13.24	12.75	12.98	10829804	140478384.00
2019/08/23	12.98	13.05	12.61	12.70	7046020	90261264.00
2019/08/26	12.20	12.56	12.12	12.44	6839232	84544800.00
2019/08/27	12.63	12.96	12.52	12.82	7880151	100711896.00
2019/08/28	12.76	12.87	12.65	12.76	5594440	71155400.00
2019/08/29	12.84	13.03	12.63	12.65	7725080	99196568.00
2019/08/30	12.79	12.83	12.03	12.24	8746884	108889960.00
2019/09/02	12.22	12.66	12.20	12.65	7272768	90802824.00
2019/09/03	12.69	12.73	12.51	12.65	5280424	66674260.00
2019/09/04	12.68	12.74	12.45	12.71	6738133	84972880.00
2019/09/05	12.94	13.09	12.74	12.80	10640904	137315648.00
2019/09/06	12.90	13.53	12.83	13.51	16029452	212210544.00
2019/09/09	13.70	13.95	13.37	13.95	15369744	209984864.00
2019/09/10	13.79	13.80	13.51	13.58	10205237	139151296.00
2019/09/11	13.61	13.70	13.49	13.56	6157100	83713168.00
2019/09/12	13.64	13.68	13.42	13.60	5039752	68272896.00
2019/09/16	13.65	13.83	13.50	13.68	7078069	96654024.00
2019/09/17	13.85	14.15	13.50	13.64	12715760	175913008.00
2019/09/18	13.52	13.75	13.13	13.16	11699004	156202720.00
2019/09/19	13.12	13.49	13.10	13.44	7030380	93574544.00
2019/09/20	13.48	13.48	13.21	13.23	6868057	91551344.00
2019/09/23	13.10	13.16	12.65	12.96	6975028	89696520.00
2019/09/24	13.10	13.20	12.90	13.00	7453576	97283208.00
2019/09/25	13.00	13.00	12.55	12.59	7022581	89299184.00
2019/09/26	12.65	12.76	12.06	12.13	5711320	70721456.00
2019/09/27	12.16	12.32	12.05	12.20	3983972	48638776.00
2019/09/30	12.28	12.28	12.03	12.03	3008560	36490760.00
2019/10/08	12.05	12.13	11.85	11.89	2861600	34375624.00
2019/10/09	11.84	11.97	11.68	11.96	4184399	49531616.00
2019/10/10	12.00	12.31	12.00	12.26	4639337	56609712.00
2019/10/11	12.29	12.44	11.98	12.34	5400001	65991476.00
2019/10/14	12.55	12.74	12.38	12.67	6148243	77252928.00
2019/10/15	12.42	12.42	12.18	12.22	5252492	64403332.00
2019/10/16	12.33	12.33	12.14	12.19	3945978	48277744.00
2019/10/17	12.21	12.46	12.19	12.43	4333140	53575904.00
2019/10/18	12.43	12.43	12.00	12.03	4780156	58329848.00
2019/10/21	12.09	12.09	11.68	11.81	3330387	39302276.00
2019/10/22	11.78	12.28	11.78	12.23	5249213	63566152.00
2019/10/23	12.23	12.31	12.09	12.19	3240440	39550368.00
2019/10/24	12.19	12.19	11.84	12.00	3318708	39719192.00
2019/10/25	11.91	12.01	11.78	11.99	2754664	32796244.00
2019/10/28	12.52	13.19	12.15	13.19	15238941	195076864.00
2019/10/29	13.03	14.20	12.63	13.36	34704398	470421472.00
2019/10/30	13.00	13.29	12.63	12.63	13825265	178149680.00
2019/10/31	12.55	12.57	11.85	11.97	11583610	141041376.00
2019/11/01	11.81	12.09	11.81	12.08	5416895	65063720.00
2019/11/04	12.13	12.19	11.90	11.97	5697442	68602392.00
2019/11/05	11.98	11.98	11.60	11.84	5277795	62308660.00
2019/11/06	11.86	11.92	11.67	11.70	3771724	44385072.00
2019/11/07	11.65	11.95	11.65	11.90	4154120	49172888.00
2019/11/08	11.90	12.20	11.86	12.01	6429753	77649984.00
2019/11/11	12.06	12.06	11.61	11.71	4088140	48054824.00
2019/11/12	11.74	11.75	11.29	11.49	4228199	48518760.00
2019/11/13	11.48	11.48	11.22	11.24	3211488	36240896.00
2019/11/14	11.20	11.30	11.11	11.26	2436504	27420614.00
2019/11/15	11.30	11.30	10.88	10.88	4712272	51997928.00
2019/11/18	10.79	10.83	10.62	10.75	3117292	33469638.00
2019/11/19	10.81	10.97	10.72	10.96	3611012	39310808.00
2019/11/20	11.00	11.20	10.84	10.86	3306360	36399828.00
2019/11/21	11.12	11.12	10.80	10.83	2651080	28859712.00
2019/11/22	10.89	10.99	10.50	10.53	5027416	53788652.00
2019/11/25	10.52	10.52	9.97	10.16	5014640	50810928.00
2019/11/26	10.16	10.19	10.06	10.06	2503604	25307036.00
2019/11/27	10.06	10.14	9.99	10.00	2380536	23918822.00
2019/11/28	10.00	10.06	9.93	10.05	2310561	23075054.00
2019/11/29	10.01	10.08	9.98	10.06	1780969	17872768.00
2019/12/02	10.07	10.16	10.05	10.13	2095865	21185380.00
2019/12/03	10.08	10.25	9.97	10.23	2399337	24262536.00
2019/12/04	10.15	10.22	10.12	10.18	1925240	19568964.00
2019/12/05	10.18	10.42	10.18	10.36	3011304	30986472.00
2019/12/06	10.39	10.44	10.26	10.36	2424632	25012168.00
2019/12/09	10.36	10.45	10.33	10.39	2233877	23210132.00
2019/12/10	10.35	10.49	10.28	10.48	3085452	32112622.00
2019/12/11	10.47	10.55	10.40	10.41	2411896	25222624.00
2019/12/12	10.40	10.50	10.38	10.40	2522976	26331446.00
2019/12/13	10.50	10.58	10.43	10.56	3372196	35457444.00
2019/12/16	10.56	10.86	10.55	10.85	4122064	44242768.00
2019/12/17	10.88	10.96	10.78	10.92	5247868	57000756.00
2019/12/18	10.90	11.07	10.85	10.98	4200800	46095828.00
2019/12/19	11.25	11.38	10.98	11.04	5532278	61482768.00
2019/12/20	11.05	11.11	10.75	10.75	4500923	49052136.00
2019/12/23	10.66	10.80	10.49	10.50	3151879	33515488.00
2019/12/24	10.40	10.71	10.40	10.69	3063524	32393936.00
2019/12/25	10.69	10.92	10.64	10.77	3799792	41080696.00
2019/12/26	10.71	10.90	10.71	10.87	2678005	28949774.00
2019/12/27	10.85	10.91	10.61	10.62	3349602	36131520.00
2019/12/30	10.50	10.62	10.18	10.61	4082800	42569852.00
2019/12/31	10.57	10.71	10.55	10.64	2040152	21705594.00
2020/01/02	10.72	11.00	10.70	10.93	4464307	48617780.00
2020/01/03	10.96	11.07	10.90	11.03	4068506	44718496.00
2020/01/06	10.97	11.17	10.86	11.09	4831936	53424316.00
2020/01/07	11.09	11.22	11.06	11.22	3992662	44524404.00
2020/01/08	11.16	11.21	10.90	10.96	5018976	55477956.00
2020/01/09	11.08	11.63	11.08	11.58	11674856	133077416.00
2020/01/10	11.79	11.79	11.27	11.31	8114049	92854384.00
2020/01/13	11.20	11.41	11.16	11.40	3717932	41980948.00
2020/01/14	11.45	11.50	11.23	11.25	4069608	46018856.00
2020/01/15	11.24	11.44	11.19	11.39	4307343	48838988.00
2020/01/16	11.44	11.48	11.22	11.30	2920608	33089334.00
2020/01/17	11.30	11.44	11.26	11.29	3145042	35677720.00
2020/01/20	11.60	12.31	11.40	12.06	16016683	190411488.00
2020/01/21	11.93	11.93	11.66	11.68	8484840	99729608.00
2020/01/22	11.67	11.94	11.20	11.80	7280465	84188088.00
2020/01/23	11.65	12.05	11.40	11.72	7986616	93855280.00
2020/02/03	10.55	10.55	10.55	10.55	800900	8449495.00
2020/02/04	9.50	10.28	9.50	10.10	7544026	75726312.00
2020/02/05	10.14	10.49	10.12	10.19	5769122	59417668.00
2020/02/06	10.21	10.65	10.08	10.50	9839232	102727112.00
2020/02/07	10.69	11.34	10.53	11.22	10016624	109422872.00
2020/02/10	11.12	11.57	11.06	11.39	8565772	97318744.00
2020/02/11	11.39	11.48	10.96	11.00	9280746	103432848.00
2020/02/12	10.98	11.21	10.90	11.14	6282222	69837432.00
2020/02/13	11.16	11.24	10.80	10.85	7228236	79246256.00
2020/02/14	10.81	11.08	10.73	10.94	6492220	70775008.00
2020/02/17	10.95	11.70	10.94	11.63	11252627	128490560.00
2020/02/18	11.64	12.23	11.63	12.14	14784509	176787040.00
2020/02/19	12.03	12.35	11.87	12.09	12629678	153426704.00
2020/02/20	12.13	12.32	11.87	12.23	10973718	132996720.00
2020/02/21	12.29	12.63	12.15	12.50	15000220	186363184.00
2020/02/24	12.70	13.07	12.41	13.05	15958596	203649184.00
2020/02/25	12.50	12.94	12.05	12.83	15244914	192405776.00
2020/02/26	12.51	12.62	12.01	12.13	11842512	145731600.00
2020/02/27	12.20	12.54	11.98	12.27	8276014	101673736.00
2020/02/28	11.80	12.03	11.51	11.54	9126683	107336832.00
2020/03/02	11.68	12.05	11.62	12.00	8941555	106040968.00
2020/03/03	12.35	12.65	11.96	12.10	12588984	154864752.00
2020/03/04	11.97	12.40	11.92	12.38	10091589	122807456.00
2020/03/05	12.70	12.70	12.24	12.35	9547120	118520720.00
2020/03/06	12.13	12.47	12.04	12.37	7978252	97751568.00
2020/03/09	12.30	12.49	11.81	11.82	9988672	121259648.00
2020/03/10	11.66	12.22	11.35	12.22	10830440	128462040.00
2020/03/11	12.28	12.46	11.86	11.89	9675876	117878840.00
2020/03/12	11.72	12.05	11.65	11.87	7739532	91741912.00
2020/03/13	11.25	11.75	11.20	11.63	8308308	95121824.00
2020/03/16	11.73	11.82	10.82	10.83	7416336	83997640.00
2020/03/17	11.01	11.09	10.33	10.93	6361149	68342256.00
2020/03/18	10.99	11.15	10.50	10.54	5730598	62380096.00
2020/03/19	10.55	10.78	10.40	10.74	4858252	51461136.00
2020/03/20	10.89	11.03	10.71	11.03	4269216	46335856.00
2020/03/23	10.65	11.00	10.63	10.65	3508680	37886840.00
2020/03/24	10.87	11.08	10.55	10.99	4628948	50250268.00
2020/03/25	11.17	11.20	11.01	11.07	4398180	48861104.00
2020/03/26	11.02	11.15	10.80	10.83	4194568	46054032.00
2020/03/27	10.91	11.07	10.66	10.67	3517656	38241624.00
2020/03/30	10.59	10.59	10.13	10.25	5332481	54874264.00
2020/03/31	10.23	10.32	9.63	9.74	9933831	98086504.00
2020/04/01	9.76	9.76	9.35	9.36	7919963	75517672.00
2020/04/02	9.35	9.75	9.17	9.74	6402275	60947876.00
2020/04/03	9.69	9.74	9.46	9.57	3919746	37555296.00
2020/04/07	9.70	9.89	9.68	9.88	5177188	50784952.00
2020/04/08	9.87	10.15	9.82	10.05	6093544	61148004.00
2020/04/09	10.10	10.20	9.96	10.07	3481086	34984376.00
2020/04/10	10.12	10.12	9.71	9.86	4025596	39662016.00
2020/04/13	9.86	9.86	9.56	9.62	2858248	27612278.00
2020/04/14	9.77	9.83	9.66	9.80	2313824	22540274.00
2020/04/15	9.78	9.90	9.64	9.70	2527900	24650344.00
2020/04/16	9.62	9.88	9.57	9.82	3227504	31431580.00
2020/04/17	9.88	9.94	9.66	9.68	3628200	35594308.00
2020/04/20	9.69	9.85	9.59	9.84	3242960	31631762.00
2020/04/21	9.83	9.83	9.63	9.82	3958644	38498344.00
2020/04/22	9.70	9.83	9.65	9.77	2840626	27666376.00
2020/04/23	9.80	9.84	9.54	9.57	4272195	41155760.00
2020/04/24	9.50	9.59	9.27	9.36	3763296	35352256.00
2020/04/27	9.40	9.44	9.22	9.26	2412842	22513150.00
2020/04/28	9.26	9.26	8.59	8.80	5992385	53058540.00
2020/04/29	8.74	8.81	8.43	8.44	5164205	44389288.00
2020/04/30	8.55	8.91	8.48	8.85	4955353	43362200.00
2020/05/06	8.76	9.06	8.76	9.06	3696385	33010558.00
2020/05/07	9.10	9.11	8.86	8.90	2990162	26804190.00
2020/05/08	8.93	9.09	8.93	8.98	2515498	22652572.00
2020/05/11	9.02	9.30	9.02	9.15	4035918	36942308.00
2020/05/12	9.15	9.15	8.77	9.00	2669786	23900100.00
2020/05/13	8.93	8.97	8.86	8.93	1728526	15392290.00
2020/05/14	8.87	8.96	8.80	8.82	2083245	18478302.00
2020/05/15	8.85	8.92	8.78	8.87	1799344	15937676.00
2020/05/18	8.84	8.91	8.63	8.69	2661018	23216736.00
2020/05/19	8.77	8.77	8.67	8.75	1970363	17185424.00
2020/05/20	8.75	8.75	8.56	8.62	2588332	22317392.00
2020/05/21	8.62	8.68	8.52	8.55	1840219	15827010.00
2020/05/22	8.55	8.57	8.38	8.43	1935768	16375020.00
2020/05/25	8.40	8.42	8.17	8.20	2406471	19902876.00
2020/05/26	8.27	8.52	8.21	8.49	2236374	18830688.00
2020/05/27	8.48	8.61	8.46	8.54	2463244	21043724.00
2020/05/28	8.54	8.57	8.33	8.47	1824724	15421534.00
2020/05/29	8.55	8.67	8.47	8.57	2407100	20699028.00
2020/06/01	8.59	8.84	8.59	8.80	3387228	29682744.00
2020/06/02	9.12	9.17	8.89	9.06	7273117	65545656.00
2020/06/03	9.06	9.14	8.97	9.02	4461963	40263028.00
2020/06/04	8.87	8.90	8.73	8.84	4223718	37203480.00
2020/06/05	8.80	8.84	8.72	8.80	2377406	20878964.00
2020/06/08	8.89	8.92	8.78	8.84	2134467	18894306.00
2020/06/09	8.80	8.82	8.74	8.79	1894528	16607064.00
2020/06/10	8.79	8.79	8.59	8.62	2273216	19686596.00
2020/06/11	8.62	8.78	8.58	8.61	2272569	19683142.00
2020/06/12	8.47	8.64	8.41	8.61	2210916	18819958.00
2020/06/15	8.61	8.77	8.57	8.65	2465945	21474052.00
2020/06/16	8.74	8.79	8.69	8.77	2141188	18713470.00
2020/06/17	8.77	8.80	8.67	8.77	1967252	17176630.00
2020/06/18	8.79	9.24	8.75	8.95	5692052	51096136.00
2020/06/19	9.04	9.05	8.90	8.94	3199639	28703646.00
2020/06/22	8.89	8.98	8.87	8.92	2040684	18206172.00
2020/06/23	8.88	8.97	8.86	8.86	2124340	18899512.00
2020/06/24	8.90	8.91	8.80	8.88	1884496	16672761.00
2020/06/29	8.83	8.93	8.69	8.73	1997932	17485280.00
2020/06/30	8.76	8.96	8.76	8.95	3138707	27819184.00
2020/07/01	9.07	9.79	9.07	9.30	9341327	87554144.00
2020/07/02	9.28	9.58	9.21	9.49	6857106	64911460.00
2020/07/03	9.52	9.68	9.43	9.46	4524236	43008080.00
2020/07/06	9.50	9.93	9.45	9.79	6836049	66255620.00
2020/07/07	9.79	9.98	9.64	9.79	6414526	63006644.00
2020/07/08	9.81	9.94	9.67	9.91	4820741	47396092.00
2020/07/09	9.84	10.12	9.84	10.06	7287889	72666208.00
2020/07/10	10.05	10.19	9.86	9.88	5408206	54254460.00
2020/07/13	9.90	10.87	9.88	10.76	11256726	117799832.00
2020/07/14	10.75	11.10	10.59	10.99	12115266	131136496.00
2020/07/15	10.93	11.00	10.53	10.59	7049981	75596856.00
2020/07/16	10.59	10.70	10.00	10.01	6112957	63228996.00
2020/07/17	10.04	10.39	10.02	10.13	4256164	43334272.00
2020/07/20	10.27	10.65	10.25	10.64	4866181	50887004.00
2020/07/21	10.71	11.09	10.65	10.78	8300102	89896984.00
2020/07/22	10.74	11.16	10.72	10.94	8258411	90944024.00
2020/07/23	10.82	10.95	10.55	10.83	6420992	69107432.00
2020/07/24	10.91	10.99	10.21	10.45	7013084	74131864.00
2020/07/27	10.57	10.60	10.26	10.38	3313184	34479732.00
2020/07/28	10.50	10.54	10.32	10.44	2433200	25372210.00
2020/07/29	10.41	10.66	10.25	10.62	4468158	46943708.00
2020/07/30	10.64	10.72	10.47	10.49	3676108	38778072.00
2020/07/31	10.53	10.62	10.32	10.56	2880820	30279488.00
2020/08/03	10.66	10.95	10.62	10.92	5108642	55504256.00
2020/08/04	10.95	11.00	10.70	10.76	3445904	37171972.00
2020/08/05	10.78	11.02	10.66	10.91	5536193	60212144.00
2020/08/06	10.85	12.00	10.85	11.65	16818208	195656608.00
2020/08/07	11.55	11.59	10.91	11.09	10257444	115344000.00
2020/08/10	11.06	11.65	11.06	11.38	8254770	94550632.00
2020/08/11	11.34	11.44	10.94	10.94	5437596	60769908.00
2020/08/12	10.95	11.08	10.33	10.57	6539599	69063624.00
2020/08/13	10.57	10.68	10.45	10.51	3169439	33426404.00
2020/08/14	10.53	10.65	10.37	10.62	2771203	29140186.00
2020/08/17	10.65	10.84	10.61	10.83	3313568	35674132.00
2020/08/18	10.85	11.00	10.80	10.97	3078192	33654516.00
2020/08/19	10.96	11.04	10.53	10.58	4009024	42900816.00
2020/08/20	10.50	10.68	10.40	10.47	2870886	30122394.00
2020/08/21	10.49	10.64	10.42	10.48	2737452	28825258.00
2020/08/24	10.57	11.25	10.33	10.97	6249516	67930760.00
2020/08/25	10.99	11.48	10.95	11.28	10390032	117527104.00
2020/08/26	11.39	11.57	11.18	11.22	7450992	84800536.00
2020/08/27	11.29	11.72	11.02	11.53	10106634	115829072.00
2020/08/28	11.57	11.68	11.35	11.56	6762087	77913600.00
2020/08/31	11.56	11.78	11.41	11.47	6141999	70964312.00
2020/09/01	11.41	11.67	11.40	11.57	4605436	53078068.00
2020/09/02	11.57	12.88	11.53	12.38	21489915	264872432.00
2020/09/03	12.35	12.95	12.08	12.65	20199192	253311296.00
2020/09/04	12.57	12.87	12.15	12.65	14616573	183606992.00
2020/09/07	12.93	13.31	12.51	12.59	16463377	212938768.00
2020/09/08	12.70	13.19	12.41	13.02	12764180	163804256.00
2020/09/09	13.01	13.33	12.56	12.56	13257582	171617232.00
2020/09/10	12.74	13.00	12.16	12.40	14046070	176413312.00
2020/09/11	12.04	12.47	11.50	12.42	11034497	132210600.00
2020/09/14	12.26	13.08	12.23	12.92	12480963	159699536.00
2020/09/15	12.80	12.99	12.34	12.77	9789952	123766560.00
2020/09/16	12.76	12.76	12.00	12.20	8863614	108895120.00
2020/09/17	12.19	12.98	12.13	12.31	11190150	140240192.00
2020/09/18	12.24	12.59	12.00	12.29	7563615	92532304.00
2020/09/21	12.26	12.38	11.97	12.08	6878100	83141576.00
2020/09/22	11.98	12.16	11.71	11.71	4869828	58052360.00
2020/09/23	11.83	12.24	11.72	12.00	5609805	66958760.00
2020/09/24	11.89	12.05	11.61	11.69	4708661	55431676.00
2020/09/25	11.82	11.95	11.57	11.70	3205432	37567816.00
2020/09/28	11.68	11.81	11.40	11.42	2977000	34440784.00
2020/09/29	11.51	11.60	11.35	11.38	3161784	36272788.00
2020/09/30	11.51	11.54	11.16	11.21	3406200	38640652.00
2020/10/09	11.44	11.86	11.43	11.68	4931536	57454692.00
2020/10/12	11.88	12.55	11.80	12.46	9621980	118161032.00
2020/10/13	12.55	12.84	12.33	12.77	9080285	114737016.00
2020/10/14	12.67	13.55	12.63	13.27	13853752	182647600.00
2020/10/15	13.32	13.63	13.20	13.28	9478938	126736936.00
2020/10/16	13.43	13.45	12.97	13.06	7899501	103704200.00
2020/10/19	13.24	13.69	12.98	13.00	11964707	158992288.00
2020/10/20	12.83	13.31	12.73	13.20	9223100	120483272.00
2020/10/21	13.18	13.44	12.82	12.85	5463052	71121144.00
2020/10/22	12.90	13.07	12.66	12.86	4236608	54634844.00
2020/10/23	13.01	13.25	12.74	12.80	5509582	71410872.00
2020/10/26	12.71	13.20	12.60	13.20	6249851	81399536.00
2020/10/27	13.00	13.00	12.40	12.63	11839368	149741552.00
2020/10/28	12.60	12.70	12.01	12.35	7062572	87225648.00
2020/10/29	12.17	12.31	12.10	12.15	4643112	56666704.00
2020/10/30	12.23	12.31	11.67	11.67	5104433	61003412.00
2020/11/02	11.75	11.75	11.44	11.65	3901041	45271168.00
2020/11/03	11.73	12.28	11.54	12.24	6425676	77213152.00
2020/11/04	12.42	12.64	12.23	12.26	7027280	87265848.00
2020/11/05	12.40	12.54	12.03	12.47	6583028	81029424.00
2020/11/06	12.85	12.96	12.19	12.33	7113844	88922040.00
2020/11/09	12.33	12.60	12.20	12.50	5741624	71599256.00
2020/11/10	12.59	12.59	12.26	12.39	4380124	54139132.00
2020/11/11	12.56	13.66	11.75	11.84	13934306	174668352.00
2020/11/12	11.76	11.96	11.33	11.90	9387740	108965152.00
2020/11/13	11.99	13.16	11.88	12.26	16280469	201639680.00
2020/11/16	11.88	12.08	11.40	11.56	13594644	158680896.00
2020/11/17	11.41	11.50	10.92	11.05	8165392	90873288.00
2020/11/18	11.09	11.22	10.92	11.00	4088215	45110796.00
2020/11/19	11.02	11.06	10.83	10.96	3936992	43182152.00
2020/11/20	10.95	11.27	10.91	11.10	4424816	48968256.00
2020/11/23	11.09	11.23	10.81	10.85	5213515	57039588.00
2020/11/24	10.84	10.99	10.70	10.80	5087977	55127784.00
2020/11/25	10.85	10.92	10.70	10.70	3509196	37872180.00
2020/11/26	10.67	10.75	10.52	10.68	3282771	34929308.00
2020/11/27	10.80	10.80	10.31	10.38	4589080	47960168.00
2020/11/30	10.49	10.58	10.31	10.38	3054316	31953016.00
2020/12/01	10.36	10.54	10.33	10.52	2692800	28216028.00
2020/12/02	10.58	11.30	10.42	11.10	11315900	123454464.00
2020/12/03	11.10	11.10	10.77	10.84	5304520	57722568.00
2020/12/04	10.80	10.95	10.77	10.81	2826156	30653980.00
2020/12/07	10.78	11.05	10.69	10.90	3385773	36831872.00
2020/12/08	10.90	11.07	10.78	10.78	3170216	34588480.00
2020/12/09	10.90	10.90	10.40	10.44	3356420	35610404.00
2020/12/10	10.44	10.72	10.23	10.63	3010608	31863446.00
2020/12/11	10.60	10.80	10.42	10.58	2916704	30860072.00
2020/12/14	10.53	10.71	10.41	10.57	2008330	21213776.00
2020/12/15	10.48	10.67	10.25	10.29	3665194	38200360.00
2020/12/16	10.19	10.29	9.95	10.29	3744571	37783528.00
2020/12/17	10.13	10.17	9.85	10.13	3295350	33037038.00
2020/12/18	10.10	10.17	9.93	9.99	2480368	24882542.00
2020/12/21	9.99	10.15	9.88	10.12	2143372	21525550.00
2020/12/22	10.12	10.12	9.70	9.85	2849142	28318650.00
2020/12/23	9.95	10.55	9.95	10.24	5496930	56284524.00
2020/12/24	10.23	10.23	9.60	9.68	4541172	44745504.00
2020/12/25	9.68	9.89	9.59	9.75	2494216	24326802.00
2020/12/28	9.75	9.77	9.41	9.44	2551140	24411488.00
2020/12/29	9.74	10.08	9.57	9.68	4024845	39508460.00
2020/12/30	9.59	9.93	9.41	9.64	3823786	36996508.00
2020/12/31	9.64	9.89	9.64	9.88	2993464	29295552.00
2021/01/04	9.88	10.07	9.83	10.01	2825532	28165088.00
2021/01/05	10.00	10.37	9.97	10.07	3348798	33907956.00
2021/01/06	9.99	10.01	9.62	9.62	3363697	32815158.00
2021/01/07	9.68	9.68	8.93	9.03	5732522	52600104.00
2021/01/08	9.01	9.22	8.80	9.00	2804309	25310444.00
2021/01/11	9.00	9.14	8.74	8.80	2751065	24476244.00
2021/01/12	8.83	9.00	8.51	8.66	4595962	39982608.00
2021/01/13	8.69	8.71	8.36	8.54	3746596	31866078.00
2021/01/14	8.42	8.70	8.36	8.64	2701144	23095944.00
2021/01/15	8.66	8.95	8.59	8.89	2867396	25327142.00
2021/01/18	8.89	9.18	8.75	9.12	2601401	23552234.00
2021/01/19	9.02	9.24	9.02	9.17	2210452	20229134.00
2021/01/20	9.17	9.90	9.11	9.53	7299713	69568120.00
2021/01/21	9.45	9.62	9.36	9.43	3811130	36093048.00
2021/01/22	9.34	9.45	9.17	9.26	2566360	23862342.00
2021/01/25	9.28	9.60	9.23	9.36	3162112	29806842.00
2021/01/26	9.29	9.50	9.10	9.34	2154944	20101802.00
2021/01/27	9.35	9.38	8.92	8.96	3863930	35131728.00
2021/01/28	9.06	9.15	8.78	8.99	2017609	18181476.00
2021/01/29	9.14	9.14	8.66	8.77	1893176	16712916.00
2021/02/01	8.77	9.05	8.70	8.92	1570025	13856896.00
2021/02/02	8.96	9.01	8.75	8.85	1454444	12951521.00
2021/02/03	8.86	8.86	8.54	8.57	2348048	20265754.00
2021/02/04	8.56	8.57	8.28	8.40	2538465	21280282.00
2021/02/05	8.31	8.55	8.22	8.22	1770441	14784159.00
2021/02/08	8.20	8.30	8.12	8.19	1303922	10721786.00
2021/02/09	8.19	8.40	8.19	8.37	1423266	11827594.00
2021/02/10	8.33	8.48	8.25	8.31	1620345	13492849.00
2021/02/18	8.41	8.78	8.40	8.75	2500213	21522074.00
2021/02/19	8.60	8.94	8.60	8.93	1667245	14745027.00
2021/02/22	8.94	9.16	8.94	9.10	2274946	20704344.00
2021/02/23	9.04	9.09	8.88	8.90	1696584	15217456.00
2021/02/24	8.91	9.13	8.85	9.01	1626595	14664231.00
2021/02/25	9.12	9.12	8.84	8.87	1648627	14728112.00
2021/02/26	8.81	9.08	8.81	8.95	2127855	19092000.00
2021/03/01	8.96	9.26	8.96	9.20	2034083	18586752.00
2021/03/02	9.25	9.26	9.12	9.16	1268016	11635170.00
2021/03/03	9.19	9.26	9.06	9.19	1435888	13147585.00
2021/03/04	9.20	9.34	9.12	9.14	1689100	15578160.00
2021/03/05	9.18	9.27	9.11	9.26	1598954	14730673.00
2021/03/08	9.24	9.37	9.04	9.05	1645476	15137611.00
2021/03/09	9.05	9.14	8.69	8.77	2065860	18363408.00
2021/03/10	8.90	8.99	8.55	8.59	1958557	17013326.00
2021/03/11	8.69	8.74	8.50	8.73	1224475	10581798.00
2021/03/12	8.72	8.72	8.54	8.66	1502200	12940184.00
2021/03/15	8.67	8.76	8.55	8.64	1463600	12681571.00
2021/03/16	8.60	8.83	8.60	8.80	1470310	12869057.00
2021/03/17	8.80	8.92	8.74	8.87	1377840	12166878.00
2021/03/18	8.95	8.95	8.77	8.78	1606534	14182916.00
2021/03/19	8.75	8.88	8.67	8.78	1212364	10659773.00
2021/03/22	8.83	8.90	8.78	8.88	1525120	13504338.00
2021/03/23	9.20	9.36	8.91	8.98	5820423	53111864.00
2021/03/24	8.88	9.09	8.83	8.86	3291499	29490524.00
2021/03/25	8.81	9.12	8.78	8.95	3538812	31694044.00
2021/03/26	8.94	9.11	8.88	9.11	2657025	23959978.00
2021/03/29	9.09	9.24	9.05	9.07	2428213	22132752.00
2021/03/30	9.12	9.12	8.65	8.67	4277833	37516632.00
2021/03/31	8.60	8.75	8.58	8.65	1752773	15145440.00
2021/04/01	8.66	8.70	8.59	8.65	1265073	10924667.00
2021/04/02	8.67	8.69	8.60	8.66	1322076	11433147.00
2021/04/06	8.67	8.81	8.67	8.80	1422500	12447141.00
2021/04/07	8.80	8.93	8.71	8.93	1673400	14755475.00
2021/04/08	8.86	8.96	8.77	8.77	1487792	13138210.00
2021/04/09	8.78	8.82	8.67	8.79	1056440	9244543.00
2021/04/12	8.83	8.83	8.60	8.61	1433517	12416630.00
2021/04/13	8.63	8.68	8.55	8.66	1454000	12538428.00
2021/04/14	8.64	8.76	8.60	8.75	1247436	10831023.00
2021/04/15	8.70	8.88	8.70	8.84	2743736	24158460.00
2021/04/16	8.86	9.01	8.79	8.95	2124846	18969746.00
2021/04/19	9.01	9.02	8.93	9.00	2352522	21121042.00
2021/04/20	9.00	9.07	8.91	8.93	1799644	16190796.00
2021/04/21	8.94	9.02	8.87	8.90	1227096	10940176.00
2021/04/22	8.96	9.00	8.88	8.92	1317700	11756182.00
2021/04/23	8.91	9.02	8.69	8.72	2028524	17826898.00
2021/04/26	8.73	8.82	8.64	8.67	1368645	11951180.00
2021/04/27	8.20	8.28	7.60	7.64	8020593	62479856.00
2021/04/28	7.60	7.67	7.53	7.64	2505281	19029804.00
2021/04/29	7.63	7.70	7.56	7.60	1786800	13646353.00
2021/04/30	7.60	7.62	7.35	7.40	2842210	21074222.00
2021/05/06	7.42	7.79	7.41	7.69	2943923	22541040.00
2021/05/07	7.65	7.84	7.61	7.72	1562272	12087271.00
2021/05/10	7.75	7.75	7.40	7.63	1516000	11542355.00
2021/05/11	7.53	7.75	7.53	7.73	1564128	11980846.00
2021/05/12	7.61	7.74	7.59	7.72	970456	7456896.50
2021/05/13	7.68	7.80	7.63	7.69	779862	6016187.00
2021/05/14	7.74	7.85	7.69	7.84	1554562	12115220.00
2021/05/17	7.80	7.90	7.75	7.75	1339740	10477976.00
2021/05/18	7.71	8.31	7.59	8.04	4890269	39157100.00
2021/05/19	7.95	8.09	7.93	7.97	1621780	12932515.00
2021/05/20	8.85	9.55	8.85	8.94	15460598	140412592.00
2021/05/21	9.26	9.89	9.04	9.46	18486798	176643040.00
2021/05/24	9.18	9.18	8.80	9.02	11626762	104140888.00
2021/05/25	8.90	8.97	8.70	8.84	7589088	66783432.00
2021/05/26	8.80	8.91	8.69	8.83	5931224	52017720.00
2021/05/27	8.80	8.87	8.71	8.73	4491472	39441628.00
2021/05/28	8.69	8.80	8.62	8.70	3643537	31721538.00
2021/05/31	8.77	9.17	8.74	9.17	8342062	75438808.00
2021/06/01	9.05	9.30	8.99	9.02	5970413	54195236.00
2021/06/02	9.00	9.03	8.74	8.80	4333821	38447864.00
2021/06/03	8.77	8.96	8.75	8.77	3220796	28464164.00
2021/06/04	8.77	8.79	8.63	8.71	2726632	23741694.00
2021/06/07	8.71	8.86	8.65	8.85	2061980	18089690.00
2021/06/08	8.85	8.85	8.71	8.73	1983216	17361610.00
2021/06/09	8.74	8.82	8.67	8.76	2633304	23029166.00
2021/06/10	8.74	8.96	8.70	8.95	4057308	35995032.00
2021/06/11	8.95	9.05	8.75	8.78	4018292	35620420.00
2021/06/15	8.74	8.95	8.73	8.93	2830232	25077578.00
2021/06/16	8.93	9.10	8.86	9.06	5231660	47239512.00
2021/06/17	9.06	9.08	8.77	8.84	3668880	32558722.00
2021/06/18	8.86	8.96	8.65	8.92	3199698	28129898.00
2021/06/21	8.81	8.97	8.76	8.91	2549612	22726486.00
2021/06/22	8.94	8.98	8.76	8.77	2830104	25029908.00
2021/06/23	8.76	8.87	8.68	8.79	2406320	21138432.00
2021/06/24	8.79	8.82	8.60	8.60	3119464	27135734.00
2021/06/25	8.64	8.69	8.41	8.57	2462549	21047342.00
2021/06/28	8.57	8.61	8.51	8.60	1200144	10272589.00
2021/06/29	8.58	8.77	8.48	8.49	1905105	16425077.00
2021/06/30	8.50	9.35	8.46	9.14	8802285	79323952.00
2021/07/01	9.58	9.88	8.98	9.09	12127710	114411480.00
2021/07/02	8.60	8.84	8.60	8.73	6589613	57444764.00
2021/07/05	8.76	9.04	8.75	9.00	4585272	40833764.00
2021/07/06	8.90	9.04	8.72	8.80	3651266	32320676.00
2021/07/07	8.73	8.84	8.72	8.78	2082612	18314772.00
2021/07/08	8.75	8.82	8.63	8.68	3051874	26566492.00
2021/07/09	8.64	9.00	8.64	8.84	3206620	28298972.00
2021/07/12	8.79	9.09	8.77	9.09	4934568	44228764.00
2021/07/13	9.09	9.26	8.99	9.24	4853440	44355664.00
2021/07/14	9.20	9.20	8.98	9.01	3218404	29234364.00
2021/07/15	9.00	9.00	8.66	8.84	3197880	28100338.00
2021/07/16	8.84	8.88	8.74	8.74	1728758	15173182.00
2021/07/19	8.70	8.85	8.58	8.85	2114276	18399806.00
2021/07/20	8.81	8.89	8.69	8.78	1622414	14204462.00
2021/07/21	8.78	9.28	8.70	9.12	5604642	50737104.00
2021/07/22	9.09	9.26	9.02	9.26	4613060	42099352.00
2021/07/23	9.26	9.26	8.96	9.00	3151320	28523204.00
2021/07/26	9.09	9.30	8.82	9.25	6013159	54951964.00
2021/07/27	9.25	9.43	9.15	9.32	6286871	58506076.00
2021/07/28	9.28	9.80	8.74	9.52	11394039	106820904.00
2021/07/29	9.51	10.30	9.49	10.20	14097382	141073088.00
2021/07/30	10.00	10.09	9.80	10.07	10139702	100935512.00
2021/08/02	9.96	10.85	9.86	10.69	13631087	142954256.00
2021/08/03	10.84	10.99	10.20	10.29	10230969	107794792.00
2021/08/04	10.06	10.44	10.03	10.28	6658542	68160344.00
2021/08/05	10.24	10.25	9.92	9.97	5869637	59103980.00
2021/08/06	10.00	10.32	9.90	10.21	4604675	46429668.00
2021/08/09	10.19	10.23	10.00	10.05	3082572	31111906.00
2021/08/10	10.12	10.27	10.02	10.07	3356513	33991468.00
2021/08/11	10.19	10.67	10.12	10.47	7280564	76086392.00
2021/08/12	10.35	10.40	10.04	10.13	5669687	57757908.00
2021/08/13	10.69	12.16	10.69	12.16	14479490	171535184.00
2021/08/16	12.40	13.38	12.04	12.24	36216280	463694688.00
2021/08/17	12.13	12.43	11.10	11.20	23191872	268639136.00
2021/08/18	11.17	11.35	10.80	10.85	13333332	146489328.00
2021/08/19	10.81	11.77	10.72	11.64	18137369	206322976.00
2021/08/20	11.32	11.38	10.99	11.19	10751722	120155248.00
2021/08/23	11.40	11.62	11.22	11.60	11125133	127335696.00
2021/08/24	11.45	12.04	11.24	11.41	10502336	121046064.00
2021/08/25	11.41	11.79	11.13	11.78	10940747	126302736.00
2021/08/26	11.78	11.78	11.13	11.17	9074551	103039464.00
2021/08/27	11.33	11.39	10.89	11.27	7609518	84508488.00
2021/08/30	11.20	12.18	11.16	11.60	10402588	122129616.00
2021/08/31	11.83	11.83	11.17	11.29	8123968	92958216.00
2021/09/01	11.37	11.37	10.67	10.86	8154280	89529928.00
2021/09/02	10.84	11.00	10.79	10.93	5401728	58833028.00
2021/09/03	10.88	11.83	10.88	11.55	10367169	118964048.00
2021/09/06	11.56	11.80	11.33	11.68	7976518	92429936.00
2021/09/07	11.70	11.82	11.43	11.63	5921758	68505704.00
2021/09/08	11.62	11.78	11.35	11.44	5145916	59080700.00
2021/09/09	11.36	11.70	11.05	11.33	6877848	77793872.00
2021/09/10	11.33	11.39	10.96	11.35	4938356	54984220.00
2021/09/13	11.23	11.25	10.92	11.00	4177909	45888528.00
2021/09/14	11.08	11.48	10.92	11.32	6995907	79073440.00
2021/09/15	11.68	12.36	11.36	11.67	13032332	153629936.00
2021/09/16	11.49	11.49	10.61	10.64	11805920	130681504.00
2021/09/17	10.50	10.58	10.00	10.15	9829675	100366416.00
2021/09/22	9.90	10.18	9.86	9.91	5546846	55326944.00
2021/09/23	9.91	10.17	9.91	10.06	4735511	47540252.00
2021/09/24	10.00	10.15	9.80	9.88	4867994	48529032.00
2021/09/27	9.97	10.14	9.52	9.58	4759974	46394052.00
2021/09/28	9.69	9.69	9.41	9.44	2624210	24906614.00
2021/09/29	9.39	9.42	9.05	9.06	3864331	35618796.00
2021/09/30	9.31	9.55	9.21	9.48	5424007	50996056.00
2021/10/08	9.53	9.73	9.49	9.62	4169246	40106544.00
2021/10/11	9.60	9.69	9.41	9.47	3693891	35141972.00
2021/10/12	9.75	10.75	9.72	9.89	14628728	146488256.00
2021/10/13	9.45	9.58	9.09	9.34	10830871	100657976.00
2021/10/14	9.30	9.56	9.15	9.28	9137297	85362776.00
2021/10/15	9.28	9.45	9.18	9.28	6264019	58241928.00
2021/10/18	9.12	9.33	9.01	9.31	4137783	38080860.00
2021/10/19	9.31	9.66	9.28	9.60	6260281	59494432.00
2021/10/20	9.58	9.68	9.45	9.58	4166026	39887508.00
2021/10/21	9.60	9.62	9.34	9.46	3649113	34592672.00
2021/10/22	9.40	9.49	9.18	9.21	3309987	30852794.00
2021/10/25	9.23	9.44	9.06	9.35	3258590	30272686.00
2021/10/26	9.42	9.48	9.28	9.33	2941037	27602556.00
2021/10/27	9.36	9.41	9.10	9.20	3244212	29916552.00
2021/10/28	9.24	9.28	8.91	8.96	3839277	34751428.00
2021/10/29	9.17	9.43	9.05	9.43	5384987	50027964.00
2021/11/01	9.39	9.60	9.25	9.48	6179219	58238076.00
2021/11/02	9.50	9.59	9.35	9.42	4561301	43180456.00
2021/11/03	9.44	9.72	9.38	9.68	5727107	55047416.00
2021/11/04	9.60	9.83	9.60	9.80	4998469	48713004.00
2021/11/05	10.43	10.93	9.99	9.99	14973396	154915696.00
2021/11/08	10.00	10.45	10.00	10.34	11894613	122124760.00
2021/11/09	10.35	10.75	10.28	10.68	13615742	143369424.00
2021/11/10	10.49	10.95	10.45	10.86	10695924	114930192.00
2021/11/11	10.82	11.03	10.65	10.88	10296468	111981376.00
2021/11/12	10.81	11.36	10.81	11.13	10138697	113204656.00
2021/11/15	11.22	11.30	10.98	11.09	8479392	93984304.00
2021/11/16	11.10	11.29	10.85	10.89	8463279	93131032.00
2021/11/17	10.86	11.20	10.82	11.09	6260525	69353696.00
2021/11/18	11.10	11.20	10.78	10.82	5735854	62770564.00
2021/11/19	10.82	11.10	10.76	10.94	5513278	60555344.00
2021/11/22	11.12	11.12	10.81	10.95	4841435	52875592.00
2021/11/23	11.01	11.08	10.80	10.94	4016960	43745112.00
2021/11/24	10.91	10.91	10.64	10.69	4887553	52471156.00
2021/11/25	10.79	11.21	10.59	10.97	7955554	87140232.00
2021/11/26	11.00	11.06	10.56	10.73	7355236	78735088.00
2021/11/29	10.58	10.92	10.51	10.70	5114602	54965368.00
2021/11/30	10.68	10.91	10.64	10.74	5482055	59005416.00
2021/12/01	10.73	11.39	10.73	11.20	11572861	129391224.00
2021/12/02	11.19	11.32	10.75	10.79	7978350	87561480.00
2021/12/03	10.83	12.18	10.83	11.13	18373336	209301264.00
2021/12/06	10.98	10.98	10.15	10.23	15782242	164371888.00
2021/12/07	10.21	10.35	9.93	10.16	7563090	76221552.00
2021/12/08	10.16	10.23	10.05	10.18	4077730	41358500.00
2021/12/09	10.18	10.18	9.97	9.97	5683905	56929608.00
2021/12/10	9.95	10.02	9.88	9.91	5147785	51128604.00
2021/12/13	10.00	10.04	9.89	9.95	4247638	42278536.00
2021/12/14	9.95	10.18	9.88	10.18	6727457	67733688.00
2021/12/15	10.13	10.65	10.13	10.34	8544899	88950912.00
2021/12/16	10.27	11.58	10.27	11.23	22897046	253158352.00
2021/12/17	11.24	11.78	11.08	11.36	22898491	261741296.00
2021/12/20	11.26	11.50	11.08	11.09	12730665	142562928.00
2021/12/21	11.16	11.33	11.07	11.11	8926307	99429304.00
2021/12/22	11.07	11.21	10.78	11.12	10734563	118432144.00
2021/12/23	11.12	11.16	10.83	10.94	7046286	77294120.00
2021/12/24	11.10	11.15	10.28	10.30	10977567	115737904.00
2021/12/27	10.30	10.40	10.18	10.25	4689920	48223456.00
2021/12/28	10.30	10.59	10.20	10.47	5978962	62221096.00
2021/12/29	10.60	11.27	10.47	10.89	11703751	127660416.00
2021/12/30	11.18	11.21	10.84	11.05	8225068	90413488.00
2021/12/31	11.08	11.45	11.03	11.12	7581983	84808320.00
2022/01/04	11.20	11.41	11.16	11.40	7678899	86989872.00
2022/01/05	11.35	11.75	11.08	11.20	9365319	105953408.00
2022/01/06	11.18	11.32	11.01	11.20	5160176	57526580.00
2022/01/07	11.26	11.28	10.82	10.87	5971303	65682272.00
2022/01/10	10.92	11.18	10.56	11.10	6013729	65827696.00
2022/01/11	11.18	11.28	10.94	11.06	5406714	59934660.00
2022/01/12	11.10	11.48	11.07	11.23	8348772	93605176.00
2022/01/13	11.34	11.66	11.13	11.48	15077166	172593328.00
2022/01/14	11.33	11.91	11.30	11.38	10390125	119797704.00
2022/01/17	11.60	12.00	11.32	11.87	19298270	225966288.00
2022/01/18	11.92	12.38	11.75	11.86	22474422	269918400.00
2022/01/19	11.62	12.08	11.57	11.98	15908844	188425008.00
2022/01/20	11.97	12.28	11.63	11.72	13884404	164734160.00
2022/01/21	11.65	12.48	11.56	12.03	20674318	247458656.00
2022/01/24	11.83	12.09	11.60	11.82	14881532	175649552.00
2022/01/25	11.75	11.77	10.90	10.90	16673273	186271392.00
2022/01/26	11.00	11.45	10.86	11.22	14447952	160896160.00
2022/01/27	11.33	11.33	10.10	10.21	14114439	147122336.00
2022/01/28	10.27	10.66	10.12	10.28	9223905	95787624.00
2022/02/07	10.50	10.60	9.93	10.00	9773597	98462800.00
2022/02/08	10.00	10.23	9.80	10.22	6601001	66325200.00
2022/02/09	10.20	10.81	10.12	10.77	12179214	129160296.00
2022/02/10	10.74	10.89	10.43	10.55	7958728	84087536.00
2022/02/11	10.52	10.52	10.03	10.07	10151968	103564072.00
2022/02/14	9.96	10.15	9.95	10.01	5534714	55587124.00
2022/02/15	10.05	10.13	9.76	9.89	6986405	69135888.00
2022/02/16	10.15	10.29	9.97	10.04	6830894	68868792.00
2022/02/17	9.98	10.38	9.88	9.98	8496596	85745608.00
2022/02/18	9.87	10.20	9.82	10.20	6885774	69381224.00
2022/02/21	10.21	10.53	10.16	10.52	7753068	80771376.00
2022/02/22	10.45	10.60	10.30	10.36	6652627	69296144.00
2022/02/23	10.32	10.55	10.28	10.51	5634986	58877984.00
2022/02/24	10.45	10.59	10.00	10.12	9224881	95023912.00
2022/02/25	10.19	10.32	10.06	10.15	4705665	47949996.00
2022/02/28	10.10	10.18	9.90	10.06	4309627	43107412.00
2022/03/01	10.07	10.25	10.05	10.22	4176440	42378916.00
2022/03/02	10.15	10.47	10.11	10.30	6165328	63550600.00
2022/03/03	10.35	10.38	10.10	10.16	4773910	48767164.00
2022/03/04	10.13	10.17	9.92	10.00	5487397	54992344.00
2022/03/07	9.95	10.04	9.78	9.86	4373093	43313816.00
2022/03/08	9.87	9.90	9.43	9.50	5405685	52180660.00
2022/03/09	9.48	9.61	8.85	9.21	6754697	62095984.00
2022/03/10	9.38	9.57	9.35	9.38	4826429	45712528.00
2022/03/11	9.26	9.44	9.08	9.41	3506269	32424960.00
2022/03/14	9.41	9.41	9.08	9.08	4158191	38260572.00
2022/03/15	9.09	9.13	8.61	8.62	4975802	44270468.00
2022/03/16	8.88	9.05	8.58	8.98	5918959	52311448.00
2022/03/17	9.01	9.25	9.01	9.12	4807276	44064848.00
2022/03/18	9.04	9.22	9.04	9.18	2724023	24980298.00
2022/03/21	9.18	9.28	9.11	9.22	3053132	28103540.00
2022/03/22	9.55	9.67	9.32	9.38	6741300	63732656.00
2022/03/23	9.43	9.63	9.39	9.53	5103297	48597428.00
2022/03/24	9.45	9.51	9.25	9.34	4156762	38900540.00
2022/03/25	9.31	9.54	9.31	9.39	3469699	32806726.00
2022/03/28	9.30	9.54	9.25	9.46	3244163	30664654.00
2022/03/29	9.46	10.10	9.46	9.55	7851178	76346624.00
2022/03/30	9.58	9.68	9.42	9.51	5512823	52432716.00
2022/03/31	9.46	9.63	9.33	9.57	4222652	40179136.00
2022/04/01	9.52	9.64	9.41	9.41	3074300	29156478.00
2022/04/06	9.41	10.07	9.37	10.02	10439240	102934552.00
2022/04/07	10.31	10.34	9.41	9.43	9181100	88582696.00
2022/04/08	9.41	9.53	9.10	9.52	6435466	59787544.00
2022/04/11	10.05	10.32	9.54	9.78	14627430	144767248.00
2022/04/12	9.60	9.89	9.35	9.89	10577191	101041616.00
2022/04/13	10.01	11.87	9.88	11.87	40216661	444811328.00
2022/04/14	11.70	13.20	11.06	11.33	61459789	736848960.00
2022/04/15	10.50	10.84	10.16	10.65	39951800	417936352.00
2022/04/18	10.30	11.26	10.08	11.20	33868972	363891968.00
2022/04/19	11.63	12.17	10.79	10.88	34222474	390857056.00
2022/04/20	11.09	11.54	10.90	11.22	29013543	324410112.00
2022/04/21	11.01	13.00	10.91	11.96	44574405	538287808.00
2022/04/22	11.78	12.80	11.48	11.55	39917709	486799936.00
2022/04/25	11.25	12.34	10.93	11.58	35655624	414721664.00
2022/04/26	11.61	13.90	11.60	13.23	69029971	916522240.00
2022/04/27	12.37	12.88	11.60	12.88	55091663	669768896.00
2022/04/28	13.11	13.48	11.65	12.12	46277378	569702336.00
2022/04/29	11.77	12.90	11.61	12.48	40454094	499631520.00
2022/05/05	12.22	14.49	12.20	13.68	46747393	613944384.00
2022/05/06	13.10	13.78	12.81	13.06	40332536	530716736.00
2022/05/09	13.06	13.54	12.92	13.18	27572921	363117216.00
2022/05/10	12.80	13.46	12.64	13.45	28039850	367785856.00
2022/05/11	13.42	13.42	12.65	12.70	31527259	412345504.00
2022/05/12	12.55	12.95	12.15	12.39	29848089	372368224.00
2022/05/13	12.47	12.55	11.66	11.72	29634754	354363488.00
2022/05/16	11.93	12.36	11.82	12.00	21829183	263485808.00
2022/05/17	11.87	12.21	11.61	12.08	17590982	210497760.00
2022/05/18	12.16	12.55	12.07	12.28	20867076	257045216.00
2022/05/19	12.00	12.96	11.88	12.75	26258705	331052320.00
2022/05/20	12.75	13.24	12.58	12.60	26417719	341228800.00
2022/05/23	12.67	13.47	12.48	13.12	23327021	305376256.00
2022/05/24	12.85	12.90	11.90	11.90	23727173	292418016.00
2022/05/25	12.08	12.29	11.91	12.06	11759914	142186320.00
2022/05/26	12.00	12.06	11.52	11.92	12925338	152837728.00
2022/05/27	11.97	12.53	11.95	12.13	14552145	178101872.00
2022/05/30	12.12	12.78	12.03	12.70	17009032	212347088.00
2022/05/31	12.58	12.85	12.35	12.65	13014008	162839664.00
2022/06/01	12.90	12.93	12.33	12.75	18487398	233851232.00
2022/06/02	12.61	12.77	12.44	12.62	11840427	149155152.00
2022/06/06	12.53	13.25	12.49	13.11	18322948	239271184.00
2022/06/07	13.20	13.29	12.83	13.04	14122193	184000928.00
2022/06/08	13.00	13.61	12.91	13.27	19144324	254298928.00
2022/06/09	13.08	13.09	12.57	12.65	14790110	188827888.00
2022/06/10	12.59	13.10	12.55	12.92	12418051	160875008.00
2022/06/13	12.82	13.96	12.75	13.69	23387884	316347200.00
2022/06/14	13.66	13.79	13.17	13.62	15846035	212980320.00
2022/06/15	13.53	14.30	13.26	14.20	19852011	271310528.00
2022/06/16	14.20	14.20	13.76	13.88	16468600	229585072.00
2022/06/17	13.70	14.86	13.70	14.40	21518419	311809760.00
2022/06/20	14.40	14.70	14.14	14.40	14867272	213770864.00
2022/06/21	14.35	14.45	13.72	13.90	13435696	187704272.00
2022/06/22	13.99	14.08	13.40	13.51	11967809	164085296.00
2022/06/23	13.54	13.77	13.27	13.68	9818000	132840520.00
2022/06/24	13.67	13.81	13.21	13.30	12972894	174718784.00
2022/06/27	13.34	13.44	13.14	13.34	11539603	153265424.00
2022/06/28	13.25	13.42	12.69	13.40	14000484	183050992.00
2022/06/29	13.35	13.72	12.92	12.94	12168534	161803824.00
2022/06/30	12.98	13.28	12.81	12.84	9536730	123898384.00
2022/07/01	12.84	13.44	12.75	13.25	12372556	163514656.00
2022/07/04	13.66	15.55	13.36	14.96	33118476	479291808.00
2022/07/05	14.89	15.46	14.70	15.00	22763432	343276832.00
2022/07/06	15.06	15.17	14.50	14.78	14208420	210709424.00
2022/07/07	14.88	14.96	14.19	14.64	12819197	185671120.00
2022/07/08	14.58	15.55	14.51	14.94	17662129	268109760.00
2022/07/11	14.74	15.08	14.40	14.56	11975066	175216368.00
2022/07/12	14.61	14.70	13.72	13.99	13290941	186781984.00
2022/07/13	14.23	14.35	13.75	13.87	11835896	165586944.00
2022/07/14	13.88	14.44	13.73	14.27	11598940	164188144.00
2022/07/15	14.28	14.28	13.60	13.62	10099938	139935120.00
2022/07/18	13.76	14.11	13.71	13.84	8196038	113521152.00
2022/07/19	13.95	14.50	13.75	14.47	14467320	206994384.00
2022/07/20	14.47	14.61	14.25	14.50	9151297	131788504.00
2022/07/21	14.52	14.52	13.96	13.99	9661600	136605120.00
2022/07/22	13.98	14.26	13.63	13.77	8922824	124369200.00
2022/07/25	13.70	14.38	13.70	14.24	10402036	147168576.00
2022/07/26	14.07	14.12	13.42	14.00	10093875	138971936.00
2022/07/27	14.27	14.88	14.20	14.57	15848764	231383760.00
2022/07/28	14.60	14.69	14.37	14.56	9702718	140850032.00
2022/07/29	14.53	14.87	14.37	14.42	10768366	157291792.00
2022/08/01	14.35	14.65	14.20	14.61	8334680	120675096.00
2022/08/02	14.36	14.36	13.59	13.83	13324919	185323264.00
2022/08/03	13.74	14.19	13.40	13.46	10545800	146401584.00
2022/08/04	13.59	13.83	13.37	13.69	7963015	108166520.00
2022/08/05	13.78	13.94	13.61	13.86	6775871	93481880.00
2022/08/08	13.85	13.99	13.72	13.93	7132531	98711840.00
2022/08/09	13.84	14.54	13.72	14.47	10826681	153308848.00
2022/08/10	14.40	14.86	14.28	14.80	11016679	161604240.00
2022/08/11	14.78	15.21	14.70	14.97	13304352	199918528.00
2022/08/12	15.18	15.18	14.70	14.72	8862228	131414360.00
2022/08/15	14.66	15.33	14.43	15.17	11271170	167764416.00
2022/08/16	15.68	15.85	14.74	15.00	18746017	283780128.00
2022/08/17	15.15	15.42	14.90	14.99	12717255	192370160.00
2022/08/18	15.01	16.24	14.90	15.86	20037702	314785120.00
2022/08/19	16.07	17.25	15.81	16.60	25894082	430523392.00
2022/08/22	16.52	16.68	16.03	16.24	14598013	238164368.00
2022/08/23	16.35	16.79	16.21	16.52	12127706	200394976.00
2022/08/24	16.66	16.71	15.25	15.44	17990349	285819808.00
2022/08/25	15.66	15.74	14.62	15.01	15073256	225556560.00
2022/08/26	15.03	15.35	14.70	14.80	9385502	140962832.00
2022/08/29	14.66	15.10	14.51	15.01	7193204	106992656.00
2022/08/30	15.02	15.34	14.78	15.10	8745777	131748120.00
2022/08/31	14.96	15.13	14.36	14.44	9348826	136760224.00
2022/09/01	14.51	14.92	14.41	14.55	5960835	87027088.00
2022/09/02	14.63	15.09	14.43	14.93	6555771	97046056.00
2022/09/05	14.94	15.32	14.78	15.06	6649467	99921216.00
2022/09/06	15.06	15.17	14.76	15.13	7205900	107970096.00
2022/09/07	14.98	15.64	14.95	15.42	9398152	145034272.00
2022/09/08	15.38	15.57	15.03	15.12	5834280	89196216.00
2022/09/09	15.15	15.20	14.65	14.91	5731165	85349000.00
2022/09/13	15.01	15.58	14.94	15.06	7870351	120055008.00
2022/09/14	14.82	14.90	14.32	14.45	9241989	134532976.00
2022/09/15	14.54	14.60	13.53	13.86	10547275	146339696.00
2022/09/16	13.78	14.00	13.56	13.57	4893096	67247752.00
2022/09/19	13.57	13.75	13.09	13.22	6189694	82552624.00
2022/09/20	13.22	13.65	13.20	13.43	5081279	68368112.00
2022/09/21	13.41	13.41	12.93	13.27	6031820	79191360.00
2022/09/22	13.15	13.50	13.08	13.17	4501448	59744688.00
2022/09/23	13.17	13.30	12.48	12.63	7624930	97604008.00
2022/09/26	12.51	12.89	12.34	12.66	6071719	76898584.00
2022/09/27	12.61	13.20	12.61	13.19	6367105	82598176.00
2022/09/28	13.20	13.21	12.63	12.64	4914314	63192536.00
2022/09/29	12.84	12.93	12.65	12.80	4539287	58146868.00
2022/09/30	12.80	12.90	12.40	12.40	4009573	50397368.00
2022/10/10	12.40	12.58	12.26	12.35	4275075	53009476.00
2022/10/11	12.45	12.77	12.23	12.65	5171795	65042076.00
2022/10/12	12.68	13.16	12.46	13.16	5477572	70320512.00
2022/10/13	13.09	13.53	13.00	13.39	6342868	84477656.00
2022/10/14	13.45	13.61	13.36	13.60	5512994	74434728.00
2022/10/17	13.45	14.05	13.38	13.99	6184788	85446752.00
2022/10/18	14.00	14.48	13.83	14.31	8919377	127007848.00
2022/10/19	14.11	14.48	14.05	14.39	7500880	106979944.00
2022/10/20	14.30	14.51	14.00	14.03	7311733	104091784.00
2022/10/21	14.11	14.54	13.93	14.39	6938754	98768944.00
2022/10/24	14.55	14.70	14.25	14.41	7739252	111965768.00
2022/10/25	15.16	16.96	15.15	16.80	38828514	623953344.00
2022/10/26	16.89	18.45	16.89	18.08	37558543	666206464.00
2022/10/27	18.18	18.78	17.80	17.89	29059956	531792864.00
2022/10/28	18.00	18.18	17.04	17.20	22291182	391668192.00
2022/10/31	17.44	17.80	17.12	17.50	18202529	317114880.00
2022/11/01	17.59	18.03	17.31	17.92	16396984	289141504.00
2022/11/02	17.90	18.23	17.52	18.06	11176360	199990624.00
2022/11/03	17.90	19.32	17.78	19.14	15276099	288573856.00
2022/11/04	19.00	19.23	18.36	19.06	13162406	247699728.00
2022/11/07	18.80	19.50	18.80	19.16	8816480	169027136.00
2022/11/08	19.10	19.35	18.67	19.13	7973302	150855696.00
2022/11/09	18.90	19.60	18.70	19.35	7088373	136349904.00
2022/11/10	19.16	19.65	18.79	18.79	8235260	157727040.00
2022/11/11	19.22	19.50	18.50	18.50	9179796	173649072.00
2022/11/14	18.32	19.23	18.32	18.68	8056978	151148816.00
2022/11/15	18.69	19.72	18.57	19.64	9364471	181452784.00
2022/11/16	19.64	20.24	18.73	18.78	11238998	217785568.00
2022/11/17	18.89	19.09	18.55	19.01	8011194	150966688.00
2022/11/18	19.09	19.65	18.95	18.95	7788192	150065312.00
2022/11/21	19.11	19.53	18.57	19.12	9098482	173147520.00
2022/11/22	19.12	19.50	18.78	18.87	6831192	130218424.00
2022/11/23	19.06	19.31	17.94	18.50	9763232	179823728.00
2022/11/24	18.40	18.74	18.23	18.51	5620908	103969448.00
2022/11/25	18.60	18.86	17.95	18.03	6648348	121362368.00
2022/11/28	14.42	14.79	14.42	14.42	13309617	192304096.00
2022/11/29	14.31	14.70	14.06	14.42	37678096	540785408.00
2022/11/30	14.57	15.53	14.50	15.09	27671718	416506368.00
2022/12/01	15.29	16.09	15.10	15.91	21009067	326704128.00
2022/12/02	15.78	16.14	15.60	16.00	14284258	227298656.00
2022/12/05	16.06	16.25	15.60	16.08	11644232	185356752.00
2022/12/06	16.13	16.33	15.71	15.98	6829268	108939960.00
2022/12/07	15.83	15.95	15.60	15.77	6030780	95255184.00
2022/12/08	15.81	16.08	15.43	15.81	6508140	102924416.00
2022/12/09	15.61	15.91	15.55	15.90	6242596	98350904.00
2022/12/12	15.80	16.18	15.65	15.95	6314080	100518488.00
2022/12/13	15.91	15.98	15.46	15.53	5333740	83470560.00
2022/12/14	15.60	15.84	15.41	15.48	4128028	64368740.00
2022/12/15	15.40	16.13	15.32	15.95	7458368	117572944.00
2022/12/16	15.72	15.80	15.05	15.32	7294829	112001304.00
2022/12/19	15.25	15.33	14.95	15.10	3623824	54842940.00
2022/12/20	15.00	15.13	14.72	14.87	3254100	48403104.00
2022/12/21	14.78	14.99	14.54	14.68	3436200	50461556.00
2022/12/22	14.69	15.00	14.51	14.65	3749200	55213460.00
2022/12/23	14.48	14.62	14.20	14.37	4360772	62801388.00
2022/12/26	14.42	14.90	14.39	14.84	4406900	64978144.00
2022/12/27	14.84	14.95	14.26	14.58	6021100	87342128.00
2022/12/28	14.56	14.90	14.22	14.28	6160580	88651664.00
2022/12/29	14.07	14.85	14.07	14.51	5382080	78481088.00
2022/12/30	14.79	14.79	14.31	14.48	3734700	54024008.00
2023/01/03	14.52	15.43	14.49	15.28	7723127	116091384.00
2023/01/04	15.29	15.58	15.19	15.35	5651496	86712368.00
2023/01/05	15.41	15.75	15.25	15.55	4812548	74609528.00
2023/01/06	15.59	15.71	15.33	15.53	4261200	66389924.00
2023/01/09	15.59	16.36	15.53	16.16	7728661	124265680.00
2023/01/10	16.35	16.37	15.82	16.30	6838742	110513504.00
2023/01/11	16.31	16.48	16.03	16.12	4404025	71457424.00
2023/01/12	16.17	16.28	15.98	16.15	3446668	55611620.00
2023/01/13	16.17	16.66	16.05	16.21	5116924	83642176.00
2023/01/16	16.37	17.08	16.29	16.80	7996260	134057792.00
2023/01/17	16.63	16.81	16.35	16.50	5967964	98435168.00
2023/01/18	16.70	17.39	16.36	17.25	8896379	150434320.00
2023/01/19	17.35	17.57	17.00	17.23	7170502	123735544.00
2023/01/20	17.61	18.02	16.80	16.88	15653689	270251648.00
2023/01/30	16.99	17.97	16.94	17.57	14747106	257467280.00
2023/01/31	17.58	17.77	17.35	17.45	6334576	110688560.00
2023/02/01	17.46	17.57	17.24	17.40	8543427	148376624.00
2023/02/02	17.43	18.25	17.43	17.76	11054051	197937472.00
2023/02/03	17.58	18.00	17.51	17.86	7517452	133533832.00
2023/02/06	17.86	17.93	17.51	17.67	6971450	123470728.00
2023/02/07	17.73	18.11	17.55	18.07	7098052	126808240.00
2023/02/08	17.89	18.08	17.62	17.64	4981980	88471184.00
2023/02/09	17.61	18.26	17.48	18.18	7170056	128284968.00
2023/02/10	18.10	18.18	17.72	17.95	4325892	77688064.00
2023/02/13	17.85	18.20	17.83	18.02	4519784	81468520.00
2023/02/14	18.02	18.22	17.77	17.80	4497330	80486000.00
2023/02/15	17.67	18.18	17.67	18.04	5634707	101671352.00
2023/02/16	18.06	18.19	17.30	17.40	5966714	106227232.00
2023/02/17	17.53	17.92	17.17	17.18	6789560	118550968.00
2023/02/20	17.19	17.67	16.89	17.61	5762785	100113944.00
2023/02/21	17.75	17.96	17.44	17.63	5042332	89241144.00
2023/02/22	17.50	17.67	17.28	17.60	3530572	61801900.00
2023/02/23	17.46	17.73	17.33	17.50	4488257	78659960.00
2023/02/24	17.41	17.60	17.30	17.55	3862100	67450640.00
2023/02/27	17.56	17.86	17.34	17.41	5885079	103305256.00
2023/02/28	17.38	17.78	17.38	17.66	4791012	84339416.00
2023/03/01	17.75	17.97	17.60	17.93	5875472	104741536.00
2023/03/02	18.01	18.18	17.58	17.70	5342064	95067600.00
2023/03/03	17.70	17.70	17.15	17.35	6534740	113414608.00
2023/03/06	17.26	17.52	17.00	17.22	4739580	81796640.00
2023/03/07	17.19	17.28	16.23	16.26	7045640	117376576.00
2023/03/08	16.20	16.66	16.18	16.61	4662960	77105248.00
2023/03/09	16.67	16.73	16.37	16.66	3291107	54544884.00
2023/03/10	16.52	16.77	16.30	16.53	3129100	51868364.00
2023/03/13	16.40	17.32	16.40	17.28	6876900	117041048.00
2023/03/14	17.11	17.23	16.60	16.65	5672421	95546240.00
2023/03/15	16.78	16.89	16.46	16.49	3142384	52295540.00
2023/03/16	16.51	16.51	15.94	16.02	4014200	64917348.00
2023/03/17	16.14	16.57	16.11	16.41	3628896	59288176.00
2023/03/20	16.30	16.77	16.18	16.45	4983701	81958016.00
2023/03/21	16.47	17.26	16.20	16.88	5231796	88151160.00
2023/03/22	17.00	17.41	16.88	17.20	5213393	89787896.00
2023/03/23	17.38	17.60	17.08	17.37	5315700	92473376.00
2023/03/24	17.39	17.76	17.31	17.74	4656181	82157648.00
2023/03/27	17.61	18.14	17.60	17.84	5935373	105927816.00
2023/03/28	17.77	18.57	17.70	18.16	7572047	137461360.00
2023/03/29	18.07	18.38	17.91	18.10	5452372	98998440.00
2023/03/30	18.09	18.31	17.87	17.92	5627816	101719808.00
2023/03/31	18.05	18.46	17.87	18.39	5254520	95511744.00
2023/04/03	18.44	18.50	18.04	18.41	6250682	114107472.00
2023/04/04	18.40	18.48	17.84	18.13	5744611	103952800.00
2023/04/06	18.01	18.11	17.59	17.67	5000070	88657480.00
2023/04/07	17.68	18.15	17.51	18.02	4430798	79404288.00
2023/04/10	18.02	18.16	17.46	17.64	4846958	86384872.00
2023/04/11	17.57	18.09	17.48	17.89	5172673	92280168.00
2023/04/12	18.02	18.23	17.68	18.19	5159220	93155616.00
2023/04/13	18.20	18.45	17.83	17.95	5957500	107808768.00
2023/04/14	18.18	18.18	17.37	17.69	4763560	84166648.00
2023/04/17	17.55	17.68	17.15	17.38	5297600	92144552.00
2023/04/18	17.50	17.66	16.99	17.52	3958788	68740768.00
2023/04/19	17.49	18.34	17.33	17.86	5533282	98901232.00
2023/04/20	17.75	18.00	17.45	17.90	5394100	95743536.00
2023/04/21	17.89	18.00	16.09	16.17	9209200	154427344.00
2023/04/24	16.30	16.59	15.86	16.41	9576975	155765552.00
2023/04/25	17.96	19.39	17.80	19.10	29267200	548592256.00
2023/04/26	19.37	19.68	18.59	18.88	23831643	453400576.00
2023/04/27	18.63	20.79	18.60	19.24	26526835	523665440.00
2023/04/28	19.60	20.21	19.40	19.68	18712936	370309216.00
2023/05/05	19.28	19.28	19.28	19.28	0	0.00
数据来源:通达信
